0.0 0.0 0.0 807051.3750
14.1421 14.1421 0.0 908275.0000
28.2843 28.2843 0.0 574577.5938
42.4264 42.4264 0.0 374207.6250
56.5685 56.5685 0.0 270272.0312
70.7107 70.7107 0.0 215634.2109
84.8528 84.8528 0.0 184466.5156
98.9949 98.9949 0.0 165062.3555
113.137 113.137 0.0 152080.2266
127.279 127.279 0.0 142897.8594
141.421 141.421 0.0 136117.5391
155.563 155.563 0.0 130938.4062
169.706 169.706 0.0 126873.0957
183.848 183.848 0.0 123610.9824
197.99 197.99 0.0 120944.7402
212.132 212.132 0.0 118731.9102
226.274 226.274 0.0 116871.5215
240.416 240.416 0.0 115290.1680
254.558 254.558 0.0 113933.3105
268.701 268.701 0.0 112759.5127
282.843 282.843 0.0 111737.0166
296.985 296.985 0.0 110840.7451
311.127 311.127 0.0 110050.7930
325.269 325.269 0.0 109351.1660
339.411 339.411 0.0 108728.8184
353.553 353.553 0.0 108173.0342
367.696 367.696 0.0 107674.8828
381.838 381.838 0.0 107226.9927
395.98 395.98 0.0 106823.0391
410.122 410.122 0.0 106457.6973
424.264 424.264 0.0 106126.4219
438.406 438.406 0.0 105825.3096
452.548 452.548 0.0 105550.9927
466.69 466.69 0.0 105300.5498
480.833 480.833 0.0 105071.4348
494.975 494.975 0.0 104861.4531
509.117 509.117 0.0 104668.6470
523.259 523.259 0.0 104491.3054
537.401 537.401 0.0 104327.9216
551.543 551.543 0.0 104177.1619
565.685 565.685 0.0 104037.8389
579.828 579.828 0.0 103908.8936
593.97 593.97 0.0 103789.4026
608.112 608.112 0.0 103678.5266
622.254 622.254 0.0 103575.5017
636.396 636.396 0.0 103479.6611
650.538 650.538 0.0 103390.4014
664.68 664.68 0.0 103307.1718
678.823 678.823 0.0 103229.4775
692.965 692.965 0.0 103156.8826
707.107 707.107 0.0 103088.9799
721.249 721.249 0.0 103025.4010
735.391 735.391 0.0 102965.8164
749.533 749.533 0.0 102909.9246
763.675 763.675 0.0 102857.4487
777.817 777.817 0.0 102808.1421
791.96 791.96 0.0 102761.7668
806.102 806.102 0.0 102718.1230
820.244 820.244 0.0 102677.0145
834.386 834.386 0.0 102638.2650
848.528 848.528 0.0 102601.7136
862.67 862.67 0.0 102567.2115
876.812 876.812 0.0 102534.6235
890.955 890.955 0.0 102503.8215
905.097 905.097 0.0 102474.6898
919.239 919.239 0.0 102447.1230
933.381 933.381 0.0 102421.0222
947.523 947.523 0.0 102396.2931
961.665 961.665 0.0 102372.8525
975.807 975.807 0.0 102350.6240
989.949 989.949 0.0 102329.5309
1004.09 1004.09 0.0 102309.5089
1018.23 1018.23 0.0 102290.4943
1032.38 1032.38 0.0 102272.4151
1046.52 1046.52 0.0 102255.2422
1060.66 1060.66 0.0 102238.9103
1074.8 1074.8 0.0 102223.3744
1088.94 1088.94 0.0 102208.5893
1103.09 1103.09 0.0 102194.5039
1117.23 1117.23 0.0 102181.0974
1131.37 1131.37 0.0 102168.3263
1145.51 1145.51 0.0 102156.1548
1159.66 1159.66 0.0 102144.5459
1173.8 1173.8 0.0 102133.4824
1187.94 1187.94 0.0 102122.9297
1202.08 1202.08 0.0 102112.8618
1216.22 1216.22 0.0 102103.2531
1230.37 1230.37 0.0 102094.0742
1244.51 1244.51 0.0 102085.3154
1258.65 1258.65 0.0 102076.9510
1272.79 1272.79 0.0 102068.9594
1286.93 1286.93 0.0 102061.3224
1301.08 1301.08 0.0 102054.0193
1315.22 1315.22 0.0 102047.0417
1329.36 1329.36 0.0 102040.3696
1343.5 1343.5 0.0 102033.9879
1357.65 1357.65 0.0 102027.8779
1371.79 1371.79 0.0 102022.0361
1385.93 1385.93 0.0 102016.4442
1400.07 1400.07 0.0 102011.0900
1414.21 1414.21 0.0 102005.9617
1428.36 1428.36 0.0 102001.0465
1442.5 1442.5 0.0 101996.3394
1456.64 1456.64 0.0 101991.8262
1470.78 1470.78 0.0 101987.4991
1484.92 1484.92 0.0 101983.3488
1499.07 1499.07 0.0 101979.3618
1513.21 1513.21 0.0 101975.5367
1527.35 1527.35 0.0 101971.8625
1541.49 1541.49 0.0 101968.3311
1555.63 1555.63 0.0 101964.9368
1569.78 1569.78 0.0 101961.6670
1583.92 1583.92 0.0 101958.5219
1598.06 1598.06 0.0 101955.4921
1612.2 1612.2 0.0 101952.5703
1626.35 1626.35 0.0 101949.7488
1640.49 1640.49 0.0 101947.0262
1654.63 1654.63 0.0 101944.3946
1668.77 1668.77 0.0 101941.8470
1682.91 1682.91 0.0 101939.3799
1697.06 1697.06 0.0 101936.9860
1711.2 1711.2 0.0 101934.6636
1725.34 1725.34 0.0 101932.4050
1739.48 1739.48 0.0 101930.2069
1753.62 1753.62 0.0 101928.0646
1767.77 1767.77 0.0 101925.9720
1781.91 1781.91 0.0 101923.9277
1796.05 1796.05 0.0 101921.9257
1810.19 1810.19 0.0 101919.9621
1824.34 1824.34 0.0 101918.0318
1838.48 1838.48 0.0 101916.1343
1852.62 1852.62 0.0 101914.2631
1866.76 1866.76 0.0 101912.4160
1880.9 1880.9 0.0 101910.5894
1895.05 1895.05 0.0 101908.7775
1909.19 1909.19 0.0 101906.9811
1923.33 1923.33 0.0 101905.1956
1937.47 1937.47 0.0 101903.4166
1951.61 1951.61 0.0 101901.6417
1965.76 1965.76 0.0 101899.8684
1979.9 1979.9 0.0 101898.0948
1994.04 1994.04 0.0 101896.3180
2008.18 2008.18 0.0 101894.5355
2022.33 2022.33 0.0 101892.7424
2036.47 2036.47 0.0 101890.9409
2050.61 2050.61 0.0 101889.1247
2064.75 2064.75 0.0 101887.2947
2078.89 2078.89 0.0 101885.4470
2093.04 2093.04 0.0 101883.5795
2107.18 2107.18 0.0 101881.6926
2121.32 2121.32 0.0 101879.7831
2135.46 2135.46 0.0 101877.8505
2149.6 2149.6 0.0 101875.8917
2163.75 2163.75 0.0 101873.9054
2177.89 2177.89 0.0 101871.8917
2192.03 2192.03 0.0 101869.8492
2206.17 2206.17 0.0 101867.7764
2220.32 2220.32 0.0 101865.6708
2234.46 2234.46 0.0 101863.5353
2248.6 2248.6 0.0 101861.3668
2262.74 2262.74 0.0 101859.1652
2276.88 2276.88 0.0 101856.9296
2291.03 2291.03 0.0 101854.6586
2305.17 2305.17 0.0 101852.3538
2319.31 2319.31 0.0 101850.0142
2333.45 2333.45 0.0 101847.6400
2347.59 2347.59 0.0 101845.2315
2361.74 2361.74 0.0 101842.7853
2375.88 2375.88 0.0 101840.3062
2390.02 2390.02 0.0 101837.7933
2404.16 2404.16 0.0 101835.2453
2418.31 2418.31 0.0 101832.6619
2432.45 2432.45 0.0 101830.0464
2446.59 2446.59 0.0 101827.3994
2460.73 2460.73 0.0 101824.7194
2474.87 2474.87 0.0 101822.0081
2489.02 2489.02 0.0 101819.2645
2503.16 2503.16 0.0 101816.4924
2517.3 2517.3 0.0 101813.6920
2531.44 2531.44 0.0 101810.8631
2545.58 2545.58 0.0 101808.0073
2559.73 2559.73 0.0 101805.1234
2573.87 2573.87 0.0 101802.2174
2588.01 2588.01 0.0 101799.2871
2602.15 2602.15 0.0 101796.3337
2616.3 2616.3 0.0 101793.3574
2630.44 2630.44 0.0 101790.3628
2644.58 2644.58 0.0 101787.3501
2658.72 2658.72 0.0 101784.3195
2672.86 2672.86 0.0 101781.2723
2687.01 2687.01 0.0 101778.2085
2701.15 2701.15 0.0 101775.1328
2715.29 2715.29 0.0 101772.0449
2729.43 2729.43 0.0 101768.9459
2743.57 2743.57 0.0 101765.8376
2757.72 2757.72 0.0 101762.7194
2771.86 2771.86 0.0 101759.5955
2786.0 2786.0 0.0 101756.4662
2800.14 2800.14 0.0 101753.3328
2814.28 2814.28 0.0 101750.1964
2828.43 2828.43 0.0 101747.0558
2842.57 2842.57 0.0 101743.9171
2856.71 2856.71 0.0 101740.7789
2870.85 2870.85 0.0 101737.6429
2885.0 2885.0 0.0 101734.5075
2899.14 2899.14 0.0 101731.3787
2913.28 2913.28 0.0 101728.2555
2927.42 2927.42 0.0 101725.1387
2941.56 2941.56 0.0 101722.0298
2955.71 2955.71 0.0 101718.9270
2969.85 2969.85 0.0 101715.8363
2983.99 2983.99 0.0 101712.7562
2998.13 2998.13 0.0 101709.6870
3012.27 3012.27 0.0 101706.6309
3026.42 3026.42 0.0 101703.5852
3040.56 3040.56 0.0 101700.5562
3054.7 3054.7 0.0 101697.5421
3068.84 3068.84 0.0 101694.5436
3082.99 3082.99 0.0 101691.5591
3097.13 3097.13 0.0 101688.5940
3111.27 3111.27 0.0 101685.6466
3125.41 3125.41 0.0 101682.7169
3139.55 3139.55 0.0 101679.8062
3153.7 3153.7 0.0 101676.9127
3167.84 3167.84 0.0 101674.0417
3181.98 3181.98 0.0 101671.1903
3196.12 3196.12 0.0 101668.3597
3210.26 3210.26 0.0 101665.5496
3224.41 3224.41 0.0 101662.7596
3238.55 3238.55 0.0 101659.9931
3252.69 3252.69 0.0 101657.2491
3266.83 3266.83 0.0 101654.5272
3280.98 3280.98 0.0 101651.8258
3295.12 3295.12 0.0 101649.1490
3309.26 3309.26 0.0 101646.4947
3323.4 3323.4 0.0 101643.8642
3337.54 3337.54 0.0 101641.2568
3351.69 3351.69 0.0 101638.6707
3365.83 3365.83 0.0 101636.1099
3379.97 3379.97 0.0 101633.5727
3394.11 3394.11 0.0 101631.0582
3408.25 3408.25 0.0 101628.5685
3422.4 3422.4 0.0 101626.0994
3436.54 3436.54 0.0 101623.6562
3450.68 3450.68 0.0 101621.2356
3464.82 3464.82 0.0 101618.8395
3478.97 3478.97 0.0 101616.4645
3493.11 3493.11 0.0 101614.1142
3507.25 3507.25 0.0 101611.7869
3521.39 3521.39 0.0 101609.4836
3535.53 3535.53 0.0 101607.2025
3549.68 3549.68 0.0 101604.9420
3563.82 3563.82 0.0 101602.7068
3577.96 3577.96 0.0 101600.4930
3592.1 3592.1 0.0 101598.3025
3606.24 3606.24 0.0 101596.1332
3620.39 3620.39 0.0 101593.9848
3634.53 3634.53 0.0 101591.8589
3648.67 3648.67 0.0 101589.7555
3662.81 3662.81 0.0 101587.6724
3676.96 3676.96 0.0 101585.6097
3691.1 3691.1 0.0 101583.5690
3705.24 3705.24 0.0 101581.5490
3719.38 3719.38 0.0 101579.5491
3733.52 3733.52 0.0 101577.5694
3747.67 3747.67 0.0 101575.6080
3761.81 3761.81 0.0 101573.6682
3775.95 3775.95 0.0 101571.7481
3790.09 3790.09 0.0 101569.8468
3804.23 3804.23 0.0 101567.9646
3818.38 3818.38 0.0 101566.0995
3832.52 3832.52 0.0 101564.2545
3846.66 3846.66 0.0 101562.4277
3860.8 3860.8 0.0 101560.6189
3874.95 3874.95 0.0 101558.8268
3889.09 3889.09 0.0 101557.0531
3903.23 3903.23 0.0 101555.2967
3917.37 3917.37 0.0 101553.5570
3931.51 3931.51 0.0 101551.8350
3945.66 3945.66 0.0 101550.1277
3959.8 3959.8 0.0 101548.4377
3973.94 3973.94 0.0 101546.7642
3988.08 3988.08 0.0 101545.1062
4002.22 4002.22 0.0 101543.4639
4016.37 4016.37 0.0 101541.8357
4030.51 4030.51 0.0 101540.2238
4044.65 4044.65 0.0 101538.6267
4058.79 4058.79 0.0 101537.0448
4072.94 4072.94 0.0 101535.4755
4087.08 4087.08 0.0 101533.9220
4101.22 4101.22 0.0 101532.3822
4115.36 4115.36 0.0 101530.8564
4129.5 4129.5 0.0 101529.3440
4143.65 4143.65 0.0 101527.8439
4157.79 4157.79 0.0 101526.3584
4171.93 4171.93 0.0 101524.8853
4186.07 4186.07 0.0 101523.4253
4200.21 4200.21 0.0 101521.9778
4214.36 4214.36 0.0 101520.5413
4228.5 4228.5 0.0 101519.1181
4242.64 4242.64 0.0 101517.7072
