0.0 0.0 0.0 1044262.9375
14.1421 14.1421 0.0 2086056.0000
28.2843 28.2843 0.0 1604946.1250
42.4264 42.4264 0.0 1175067.8750
56.5685 56.5685 0.0 842813.6250
70.7107 70.7107 0.0 609701.9688
84.8528 84.8528 0.0 456154.8750
98.9949 98.9949 0.0 357552.8438
113.137 113.137 0.0 293795.9844
127.279 127.279 0.0 251419.7031
141.421 141.421 0.0 222202.6328
155.563 155.563 0.0 201282.0625
169.706 169.706 0.0 185769.6406
183.848 183.848 0.0 173913.4609
197.99 197.99 0.0 164612.9453
212.132 212.132 0.0 157155.7148
226.274 226.274 0.0 151064.8555
240.416 240.416 0.0 146011.2812
254.558 254.558 0.0 141761.6250
268.701 268.701 0.0 138146.0977
282.843 282.843 0.0 135039.3398
296.985 296.985 0.0 132345.7676
311.127 311.127 0.0 129992.0430
325.269 325.269 0.0 127920.8730
339.411 339.411 0.0 126086.8477
353.553 353.553 0.0 124453.6152
367.696 367.696 0.0 122991.6523
381.838 381.838 0.0 121677.0273
395.98 395.98 0.0 120489.7578
410.122 410.122 0.0 119413.3242
424.264 424.264 0.0 118433.8574
438.406 438.406 0.0 117539.6729
452.548 452.548 0.0 116720.8379
466.69 466.69 0.0 115968.8848
480.833 480.833 0.0 115276.4736
494.975 494.975 0.0 114637.4219
509.117 509.117 0.0 114046.2305
523.259 523.259 0.0 113498.1416
537.401 537.401 0.0 112989.0010
551.543 551.543 0.0 112515.1504
565.685 565.685 0.0 112073.3691
579.828 579.828 0.0 111660.7705
593.97 593.97 0.0 111274.8818
608.112 608.112 0.0 110913.4102
622.254 622.254 0.0 110574.3389
636.396 636.396 0.0 110255.8564
650.538 650.538 0.0 109956.3389
664.68 664.68 0.0 109674.3066
678.823 678.823 0.0 109408.4170
692.965 692.965 0.0 109157.5181
707.107 707.107 0.0 108920.5010
721.249 721.249 0.0 108696.3535
735.391 735.391 0.0 108484.1968
749.533 749.533 0.0 108283.1919
763.675 763.675 0.0 108092.5854
777.817 777.817 0.0 107911.6899
791.96 791.96 0.0 107739.8628
806.102 806.102 0.0 107576.5356
820.244 820.244 0.0 107421.1553
834.386 834.386 0.0 107273.2417
848.528 848.528 0.0 107132.3262
862.67 862.67 0.0 106997.9888
876.812 876.812 0.0 106869.8394
890.955 890.955 0.0 106747.5059
905.097 905.097 0.0 106630.6675
919.239 919.239 0.0 106519.0015
933.381 933.381 0.0 106412.2246
947.523 947.523 0.0 106310.0557
961.665 961.665 0.0 106212.2529
975.807 975.807 0.0 106118.5669
989.949 989.949 0.0 106028.7905
1004.09 1004.09 0.0 105942.7192
1018.23 1018.23 0.0 105860.1592
1032.38 1032.38 0.0 105780.8662
1046.52 1046.52 0.0 105704.7910
1060.66 1060.66 0.0 105631.7139
1074.8 1074.8 0.0 105561.4878
1088.94 1088.94 0.0 105493.9697
1103.09 1103.09 0.0 105428.9844
1117.23 1117.23 0.0 105366.4976
1131.37 1131.37 0.0 105306.3472
1145.51 1145.51 0.0 105248.4287
1159.66 1159.66 0.0 105192.5920
1173.8 1173.8 0.0 105138.8240
1187.94 1187.94 0.0 105086.9941
1202.08 1202.08 0.0 105037.0068
1216.22 1216.22 0.0 104988.7810
1230.37 1230.37 0.0 104942.2085
1244.51 1244.51 0.0 104897.2827
1258.65 1258.65 0.0 104853.8943
1272.79 1272.79 0.0 104811.9849
1286.93 1286.93 0.0 104771.4841
1301.08 1301.08 0.0 104732.3064
1315.22 1315.22 0.0 104694.4507
1329.36 1329.36 0.0 104657.8347
1343.5 1343.5 0.0 104622.4084
1357.65 1357.65 0.0 104588.0928
1371.79 1371.79 0.0 104554.8965
1385.93 1385.93 0.0 104522.7483
1400.07 1400.07 0.0 104491.6008
1414.21 1414.21 0.0 104461.4207
1428.36 1428.36 0.0 104432.1431
1442.5 1442.5 0.0 104403.7771
1456.64 1456.64 0.0 104376.2627
1470.78 1470.78 0.0 104349.5684
1484.92 1484.92 0.0 104323.6597
1499.07 1499.07 0.0 104298.4875
1513.21 1513.21 0.0 104274.0630
1527.35 1527.35 0.0 104250.3362
1541.49 1541.49 0.0 104227.2764
1555.63 1555.63 0.0 104204.8628
1569.78 1569.78 0.0 104183.0552
1583.92 1583.92 0.0 104161.8582
1598.06 1598.06 0.0 104141.2295
1612.2 1612.2 0.0 104121.1555
1626.35 1626.35 0.0 104101.5989
1640.49 1640.49 0.0 104082.5591
1654.63 1654.63 0.0 104064.0125
1668.77 1668.77 0.0 104045.9365
1682.91 1682.91 0.0 104028.3103
1697.06 1697.06 0.0 104011.1089
1711.2 1711.2 0.0 103994.3359
1725.34 1725.34 0.0 103977.9656
1739.48 1739.48 0.0 103961.9819
1753.62 1753.62 0.0 103946.3691
1767.77 1767.77 0.0 103931.1042
1781.91 1781.91 0.0 103916.1921
1796.05 1796.05 0.0 103901.6069
1810.19 1810.19 0.0 103887.3428
1824.34 1824.34 0.0 103873.3687
1838.48 1838.48 0.0 103859.7012
1852.62 1852.62 0.0 103846.3125
1866.76 1866.76 0.0 103833.1938
1880.9 1880.9 0.0 103820.3333
1895.05 1895.05 0.0 103807.7126
1909.19 1909.19 0.0 103795.3416
1923.33 1923.33 0.0 103783.1973
1937.47 1937.47 0.0 103771.2751
1951.61 1951.61 0.0 103759.5642
1965.76 1965.76 0.0 103748.0481
1979.9 1979.9 0.0 103736.7317
1994.04 1994.04 0.0 103725.6030
2008.18 2008.18 0.0 103714.6533
2022.33 2022.33 0.0 103703.8669
2036.47 2036.47 0.0 103693.2542
2050.61 2050.61 0.0 103682.7976
2064.75 2064.75 0.0 103672.4915
2078.89 2078.89 0.0 103662.3333
2093.04 2093.04 0.0 103652.3035
2107.18 2107.18 0.0 103642.4150
2121.32 2121.32 0.0 103632.6565
2135.46 2135.46 0.0 103623.0166
2149.6 2149.6 0.0 103613.4966
2163.75 2163.75 0.0 103604.0818
2177.89 2177.89 0.0 103594.7820
2192.03 2192.03 0.0 103585.5833
2206.17 2206.17 0.0 103576.4861
2220.32 2220.32 0.0 103567.4758
2234.46 2234.46 0.0 103558.5654
2248.6 2248.6 0.0 103549.7400
2262.74 2262.74 0.0 103541.0000
2276.88 2276.88 0.0 103532.3406
2291.03 2291.03 0.0 103523.7559
2305.17 2305.17 0.0 103515.2507
2319.31 2319.31 0.0 103506.8157
2333.45 2333.45 0.0 103498.4512
2347.59 2347.59 0.0 103490.1550
2361.74 2361.74 0.0 103481.9160
2375.88 2375.88 0.0 103473.7454
2390.02 2390.02 0.0 103465.6343
2404.16 2404.16 0.0 103457.5840
2418.31 2418.31 0.0 103449.5842
2432.45 2432.45 0.0 103441.6448
2446.59 2446.59 0.0 103433.7578
2460.73 2460.73 0.0 103425.9236
2474.87 2474.87 0.0 103418.1392
2489.02 2489.02 0.0 103410.4004
2503.16 2503.16 0.0 103402.7141
2517.3 2517.3 0.0 103395.0776
2531.44 2531.44 0.0 103387.4863
2545.58 2545.58 0.0 103379.9409
2559.73 2559.73 0.0 103372.4360
2573.87 2573.87 0.0 103364.9797
2588.01 2588.01 0.0 103357.5682
2602.15 2602.15 0.0 103350.1998
2616.3 2616.3 0.0 103342.8696
2630.44 2630.44 0.0 103335.5853
2644.58 2644.58 0.0 103328.3455
2658.72 2658.72 0.0 103321.1472
2672.86 2672.86 0.0 103313.9916
2687.01 2687.01 0.0 103306.8707
2701.15 2701.15 0.0 103299.7981
2715.29 2715.29 0.0 103292.7689
2729.43 2729.43 0.0 103285.7800
2743.57 2743.57 0.0 103278.8337
2757.72 2757.72 0.0 103271.9241
2771.86 2771.86 0.0 103265.0627
2786.0 2786.0 0.0 103258.2432
2800.14 2800.14 0.0 103251.4657
2814.28 2814.28 0.0 103244.7312
2828.43 2828.43 0.0 103238.0359
2842.57 2842.57 0.0 103231.3900
2856.71 2856.71 0.0 103224.7883
2870.85 2870.85 0.0 103218.2291
2885.0 2885.0 0.0 103211.7114
2899.14 2899.14 0.0 103205.2429
2913.28 2913.28 0.0 103198.8182
2927.42 2927.42 0.0 103192.4420
2941.56 2941.56 0.0 103186.1113
2955.71 2955.71 0.0 103179.8218
2969.85 2969.85 0.0 103173.5841
2983.99 2983.99 0.0 103167.3928
2998.13 2998.13 0.0 103161.2502
3012.27 3012.27 0.0 103155.1553
3026.42 3026.42 0.0 103149.1056
3040.56 3040.56 0.0 103143.1090
3054.7 3054.7 0.0 103137.1622
3068.84 3068.84 0.0 103131.2657
3082.99 3082.99 0.0 103125.4135
3097.13 3097.13 0.0 103119.6160
3111.27 3111.27 0.0 103113.8695
3125.41 3125.41 0.0 103108.1737
3139.55 3139.55 0.0 103102.5292
3153.7 3153.7 0.0 103096.9343
3167.84 3167.84 0.0 103091.3943
3181.98 3181.98 0.0 103085.9059
3196.12 3196.12 0.0 103080.4713
3210.26 3210.26 0.0 103075.0878
3224.41 3224.41 0.0 103069.7529
3238.55 3238.55 0.0 103064.4784
3252.69 3252.69 0.0 103059.2579
3266.83 3266.83 0.0 103054.0859
3280.98 3280.98 0.0 103048.9670
3295.12 3295.12 0.0 103043.9060
3309.26 3309.26 0.0 103038.8973
3323.4 3323.4 0.0 103033.9447
3337.54 3337.54 0.0 103029.0454
3351.69 3351.69 0.0 103024.1967
3365.83 3365.83 0.0 103019.4059
3379.97 3379.97 0.0 103014.6699
3394.11 3394.11 0.0 103009.9856
3408.25 3408.25 0.0 103005.3582
3422.4 3422.4 0.0 103000.7811
3436.54 3436.54 0.0 102996.2610
3450.68 3450.68 0.0 102991.7969
3464.82 3464.82 0.0 102987.3850
3478.97 3478.97 0.0 102983.0250
3493.11 3493.11 0.0 102978.7214
3507.25 3507.25 0.0 102974.4722
3521.39 3521.39 0.0 102970.2754
3535.53 3535.53 0.0 102966.1324
3549.68 3549.68 0.0 102962.0403
3563.82 3563.82 0.0 102958.0033
3577.96 3577.96 0.0 102954.0201
3592.1 3592.1 0.0 102950.0898
3606.24 3606.24 0.0 102946.2106
3620.39 3620.39 0.0 102942.3809
3634.53 3634.53 0.0 102938.6071
3648.67 3648.67 0.0 102934.8849
3662.81 3662.81 0.0 102931.2134
3676.96 3676.96 0.0 102927.5900
3691.1 3691.1 0.0 102924.0176
3705.24 3705.24 0.0 102920.5009
3719.38 3719.38 0.0 102917.0305
3733.52 3733.52 0.0 102913.6110
3747.67 3747.67 0.0 102910.2372
3761.81 3761.81 0.0 102906.9181
3775.95 3775.95 0.0 102903.6451
3790.09 3790.09 0.0 102900.4180
3804.23 3804.23 0.0 102897.2422
3818.38 3818.38 0.0 102894.1110
3832.52 3832.52 0.0 102891.0286
3846.66 3846.66 0.0 102887.9939
3860.8 3860.8 0.0 102885.0031
3874.95 3874.95 0.0 102882.0558
3889.09 3889.09 0.0 102879.1584
3903.23 3903.23 0.0 102876.3048
3917.37 3917.37 0.0 102873.4965
3931.51 3931.51 0.0 102870.7306
3945.66 3945.66 0.0 102868.0081
3959.8 3959.8 0.0 102865.3282
3973.94 3973.94 0.0 102862.6942
3988.08 3988.08 0.0 102860.1001
4002.22 4002.22 0.0 102857.5479
4016.37 4016.37 0.0 102855.0366
4030.51 4030.51 0.0 102852.5642
4044.65 4044.65 0.0 102850.1375
4058.79 4058.79 0.0 102847.7485
4072.94 4072.94 0.0 102845.3943
4087.08 4087.08 0.0 102843.0839
4101.22 4101.22 0.0 102840.8107
4115.36 4115.36 0.0 102838.5747
4129.5 4129.5 0.0 102836.3774
4143.65 4143.65 0.0 102834.2142
4157.79 4157.79 0.0 102832.0916
4171.93 4171.93 0.0 102830.0011
4186.07 4186.07 0.0 102827.9496
4200.21 4200.21 0.0 102825.9314
4214.36 4214.36 0.0 102823.9467
4228.5 4228.5 0.0 102821.9974
4242.64 4242.64 0.0 102820.0813
