0.0 0.0 0.0 1044796.9375
14.1421 14.1421 0.0 1955996.0000
28.2843 28.2843 0.0 1365482.2500
42.4264 42.4264 0.0 902786.5000
56.5685 56.5685 0.0 598802.7500
70.7107 70.7107 0.0 419290.1875
84.8528 84.8528 0.0 316711.9219
98.9949 98.9949 0.0 256558.2812
113.137 113.137 0.0 219292.7422
127.279 127.279 0.0 194770.4453
141.421 141.421 0.0 177731.3438
155.563 155.563 0.0 165342.1914
169.706 169.706 0.0 155995.3320
183.848 183.848 0.0 148731.0977
197.99 197.99 0.0 142945.8164
212.132 212.132 0.0 138244.8711
226.274 226.274 0.0 134360.2461
240.416 240.416 0.0 131104.2051
254.558 254.558 0.0 128341.5391
268.701 268.701 0.0 125972.4980
282.843 282.843 0.0 123922.5176
296.985 296.985 0.0 122134.0859
311.127 311.127 0.0 120562.5938
325.269 325.269 0.0 119172.8789
339.411 339.411 0.0 117936.8652
353.553 353.553 0.0 116831.9004
367.696 367.696 0.0 115839.3936
381.838 381.838 0.0 114944.2783
395.98 395.98 0.0 114133.8193
410.122 410.122 0.0 113397.4209
424.264 424.264 0.0 112726.1602
438.406 438.406 0.0 112112.4492
452.548 452.548 0.0 111549.8018
466.69 466.69 0.0 111032.6670
480.833 480.833 0.0 110556.1973
494.975 494.975 0.0 110116.2842
509.117 509.117 0.0 109709.2441
523.259 523.259 0.0 109331.8857
537.401 537.401 0.0 108981.4199
551.543 551.543 0.0 108655.3540
565.685 565.685 0.0 108351.4902
579.828 579.828 0.0 108067.8726
593.97 593.97 0.0 107802.7900
608.112 608.112 0.0 107554.6758
622.254 622.254 0.0 107322.1265
636.396 636.396 0.0 107103.8867
650.538 650.538 0.0 106898.8311
664.68 664.68 0.0 106705.9429
678.823 678.823 0.0 106524.2832
692.965 692.965 0.0 106353.0386
707.107 707.107 0.0 106191.4307
721.249 721.249 0.0 106038.7725
735.391 735.391 0.0 105894.4341
749.533 749.533 0.0 105757.8291
763.675 763.675 0.0 105628.4346
777.817 777.817 0.0 105505.7661
791.96 791.96 0.0 105389.3718
806.102 806.102 0.0 105278.8579
820.244 820.244 0.0 105173.8389
834.386 834.386 0.0 105073.9678
848.528 848.528 0.0 104978.9246
862.67 862.67 0.0 104888.4175
876.812 876.812 0.0 104802.1675
890.955 890.955 0.0 104719.9160
905.097 905.097 0.0 104641.4412
919.239 919.239 0.0 104566.5205
933.381 933.381 0.0 104494.9524
947.523 947.523 0.0 104426.5415
961.665 961.665 0.0 104361.1162
975.807 975.807 0.0 104298.5117
989.949 989.949 0.0 104238.5801
1004.09 1004.09 0.0 104181.1738
1018.23 1018.23 0.0 104126.1636
1032.38 1032.38 0.0 104073.3867
1046.52 1046.52 0.0 104022.7971
1060.66 1060.66 0.0 103974.2478
1074.8 1074.8 0.0 103927.6362
1088.94 1088.94 0.0 103882.8684
1103.09 1103.09 0.0 103839.8176
1117.23 1117.23 0.0 103798.4661
1131.37 1131.37 0.0 103758.6995
1145.51 1145.51 0.0 103720.4434
1159.66 1159.66 0.0 103683.5984
1173.8 1173.8 0.0 103648.1562
1187.94 1187.94 0.0 103614.0195
1202.08 1202.08 0.0 103581.1321
1216.22 1216.22 0.0 103549.4333
1230.37 1230.37 0.0 103518.8552
1244.51 1244.51 0.0 103489.3879
1258.65 1258.65 0.0 103460.9570
1272.79 1272.79 0.0 103433.5239
1286.93 1286.93 0.0 103407.0396
1301.08 1301.08 0.0 103381.4519
1315.22 1315.22 0.0 103356.7512
1329.36 1329.36 0.0 103332.8879
1343.5 1343.5 0.0 103309.8221
1357.65 1357.65 0.0 103287.5081
1371.79 1371.79 0.0 103265.9464
1385.93 1385.93 0.0 103245.0879
1400.07 1400.07 0.0 103224.9067
1414.21 1414.21 0.0 103205.3737
1428.36 1428.36 0.0 103186.4502
1442.5 1442.5 0.0 103168.1346
1456.64 1456.64 0.0 103150.3940
1470.78 1470.78 0.0 103133.2048
1484.92 1484.92 0.0 103116.5458
1499.07 1499.07 0.0 103100.3810
1513.21 1513.21 0.0 103084.7157
1527.35 1527.35 0.0 103069.5203
1541.49 1541.49 0.0 103054.7739
1555.63 1555.63 0.0 103040.4611
1569.78 1569.78 0.0 103026.5532
1583.92 1583.92 0.0 103013.0565
1598.06 1598.06 0.0 102999.9438
1612.2 1612.2 0.0 102987.2020
1626.35 1626.35 0.0 102974.8047
1640.49 1640.49 0.0 102962.7596
1654.63 1654.63 0.0 102951.0424
1668.77 1668.77 0.0 102939.6399
1682.91 1682.91 0.0 102928.5402
1697.06 1697.06 0.0 102917.7255
1711.2 1711.2 0.0 102907.1985
1725.34 1725.34 0.0 102896.9396
1739.48 1739.48 0.0 102886.9413
1753.62 1753.62 0.0 102877.1898
1767.77 1767.77 0.0 102867.6705
1781.91 1781.91 0.0 102858.3900
1796.05 1796.05 0.0 102849.3281
1810.19 1810.19 0.0 102840.4785
1824.34 1824.34 0.0 102831.8251
1838.48 1838.48 0.0 102823.3732
1852.62 1852.62 0.0 102815.1102
1866.76 1866.76 0.0 102807.0245
1880.9 1880.9 0.0 102799.1147
1895.05 1895.05 0.0 102791.3625
1909.19 1909.19 0.0 102783.7748
1923.33 1923.33 0.0 102776.3381
1937.47 1937.47 0.0 102769.0481
1951.61 1951.61 0.0 102761.8989
1965.76 1965.76 0.0 102754.8770
1979.9 1979.9 0.0 102747.9897
1994.04 1994.04 0.0 102741.2253
2008.18 2008.18 0.0 102734.5763
2022.33 2022.33 0.0 102728.0381
2036.47 2036.47 0.0 102721.6101
2050.61 2050.61 0.0 102715.2861
2064.75 2064.75 0.0 102709.0603
2078.89 2078.89 0.0 102702.9312
2093.04 2093.04 0.0 102696.8834
2107.18 2107.18 0.0 102690.9299
2121.32 2121.32 0.0 102685.0566
2135.46 2135.46 0.0 102679.2634
2149.6 2149.6 0.0 102673.5438
2163.75 2163.75 0.0 102667.8943
2177.89 2177.89 0.0 102662.3156
2192.03 2192.03 0.0 102656.8040
2206.17 2206.17 0.0 102651.3541
2220.32 2220.32 0.0 102645.9619
2234.46 2234.46 0.0 102640.6292
2248.6 2248.6 0.0 102635.3508
2262.74 2262.74 0.0 102630.1288
2276.88 2276.88 0.0 102624.9540
2291.03 2291.03 0.0 102619.8245
2305.17 2305.17 0.0 102614.7452
2319.31 2319.31 0.0 102609.7103
2333.45 2333.45 0.0 102604.7166
2347.59 2347.59 0.0 102599.7660
2361.74 2361.74 0.0 102594.8500
2375.88 2375.88 0.0 102589.9741
2390.02 2390.02 0.0 102585.1370
2404.16 2404.16 0.0 102580.3342
2418.31 2418.31 0.0 102575.5630
2432.45 2432.45 0.0 102570.8284
2446.59 2446.59 0.0 102566.1233
2460.73 2460.73 0.0 102561.4520
2474.87 2474.87 0.0 102556.8113
2489.02 2489.02 0.0 102552.1965
2503.16 2503.16 0.0 102547.6132
2517.3 2517.3 0.0 102543.0603
2531.44 2531.44 0.0 102538.5347
2545.58 2545.58 0.0 102534.0374
2559.73 2559.73 0.0 102529.5632
2573.87 2573.87 0.0 102525.1193
2588.01 2588.01 0.0 102520.7029
2602.15 2602.15 0.0 102516.3126
2616.3 2616.3 0.0 102511.9458
2630.44 2630.44 0.0 102507.6084
2644.58 2644.58 0.0 102503.2982
2658.72 2658.72 0.0 102499.0132
2672.86 2672.86 0.0 102494.7560
2687.01 2687.01 0.0 102490.5212
2701.15 2701.15 0.0 102486.3176
2715.29 2715.29 0.0 102482.1400
2729.43 2729.43 0.0 102477.9895
2743.57 2743.57 0.0 102473.8660
2757.72 2757.72 0.0 102469.7692
2771.86 2771.86 0.0 102465.7012
2786.0 2786.0 0.0 102461.6616
2800.14 2800.14 0.0 102457.6515
2814.28 2814.28 0.0 102453.6707
2828.43 2828.43 0.0 102449.7155
2842.57 2842.57 0.0 102445.7935
2856.71 2856.71 0.0 102441.9009
2870.85 2870.85 0.0 102438.0405
2885.0 2885.0 0.0 102434.2073
2899.14 2899.14 0.0 102430.4089
2913.28 2913.28 0.0 102426.6422
2927.42 2927.42 0.0 102422.9073
2941.56 2941.56 0.0 102419.2050
2955.71 2955.71 0.0 102415.5336
2969.85 2969.85 0.0 102411.8984
2983.99 2983.99 0.0 102408.2961
2998.13 2998.13 0.0 102404.7305
3012.27 3012.27 0.0 102401.1981
3026.42 3026.42 0.0 102397.6996
3040.56 3040.56 0.0 102394.2374
3054.7 3054.7 0.0 102390.8135
3068.84 3068.84 0.0 102387.4253
3082.99 3082.99 0.0 102384.0717
3097.13 3097.13 0.0 102380.7577
3111.27 3111.27 0.0 102377.4802
3125.41 3125.41 0.0 102374.2417
3139.55 3139.55 0.0 102371.0414
3153.7 3153.7 0.0 102367.8770
3167.84 3167.84 0.0 102364.7528
3181.98 3181.98 0.0 102361.6698
3196.12 3196.12 0.0 102358.6255
3210.26 3210.26 0.0 102355.6199
3224.41 3224.41 0.0 102352.6526
3238.55 3238.55 0.0 102349.7277
3252.69 3252.69 0.0 102346.8436
3266.83 3266.83 0.0 102343.9996
3280.98 3280.98 0.0 102341.1939
3295.12 3295.12 0.0 102338.4312
3309.26 3309.26 0.0 102335.7099
3323.4 3323.4 0.0 102333.0290
3337.54 3337.54 0.0 102330.3892
3351.69 3351.69 0.0 102327.7897
3365.83 3365.83 0.0 102325.2328
3379.97 3379.97 0.0 102322.7183
3394.11 3394.11 0.0 102320.2434
3408.25 3408.25 0.0 102317.8118
3422.4 3422.4 0.0 102315.4189
3436.54 3436.54 0.0 102313.0701
3450.68 3450.68 0.0 102310.7620
3464.82 3464.82 0.0 102308.4943
3478.97 3478.97 0.0 102306.2676
3493.11 3493.11 0.0 102304.0850
3507.25 3507.25 0.0 102301.9427
3521.39 3521.39 0.0 102299.8405
3535.53 3535.53 0.0 102297.7807
3549.68 3549.68 0.0 102295.7599
3563.82 3563.82 0.0 102293.7812
3577.96 3577.96 0.0 102291.8426
3592.1 3592.1 0.0 102289.9464
3606.24 3606.24 0.0 102288.0893
3620.39 3620.39 0.0 102286.2705
3634.53 3634.53 0.0 102284.4937
3648.67 3648.67 0.0 102282.7574
3662.81 3662.81 0.0 102281.0586
3676.96 3676.96 0.0 102279.4014
3691.1 3691.1 0.0 102277.7812
3705.24 3705.24 0.0 102276.2013
3719.38 3719.38 0.0 102274.6606
3733.52 3733.52 0.0 102273.1578
3747.67 3747.67 0.0 102271.6912
3761.81 3761.81 0.0 102270.2655
3775.95 3775.95 0.0 102268.8762
3790.09 3790.09 0.0 102267.5240
3804.23 3804.23 0.0 102266.2092
3818.38 3818.38 0.0 102264.9302
3832.52 3832.52 0.0 102263.6901
3846.66 3846.66 0.0 102262.4838
3860.8 3860.8 0.0 102261.3148
3874.95 3874.95 0.0 102260.1797
3889.09 3889.09 0.0 102259.0817
3903.23 3903.23 0.0 102258.0173
3917.37 3917.37 0.0 102256.9885
3931.51 3931.51 0.0 102255.9944
3945.66 3945.66 0.0 102255.0334
3959.8 3959.8 0.0 102254.1057
3973.94 3973.94 0.0 102253.2137
3988.08 3988.08 0.0 102252.3515
4002.22 4002.22 0.0 102251.5227
4016.37 4016.37 0.0 102250.7264
4030.51 4030.51 0.0 102249.9630
4044.65 4044.65 0.0 102249.2301
4058.79 4058.79 0.0 102248.5295
4072.94 4072.94 0.0 102247.8589
4087.08 4087.08 0.0 102247.2175
4101.22 4101.22 0.0 102246.6089
4115.36 4115.36 0.0 102246.0297
4129.5 4129.5 0.0 102245.4794
4143.65 4143.65 0.0 102244.9584
4157.79 4157.79 0.0 102244.4647
4171.93 4171.93 0.0 102244.0008
4186.07 4186.07 0.0 102243.5641
4200.21 4200.21 0.0 102243.1562
4214.36 4214.36 0.0 102242.7751
4228.5 4228.5 0.0 102242.4214
4242.64 4242.64 0.0 102242.0935
