0.0 0.0 0.0 805486.1875
14.1421 14.1421 0.0 1077839.5000
28.2843 28.2843 0.0 853050.1875
42.4264 42.4264 0.0 651921.3125
56.5685 56.5685 0.0 498326.0625
70.7107 70.7107 0.0 390011.8750
84.8528 84.8528 0.0 316332.6406
98.9949 98.9949 0.0 266388.6875
113.137 113.137 0.0 231931.9062
127.279 127.279 0.0 207482.3438
141.421 141.421 0.0 189589.2656
155.563 155.563 0.0 176103.9531
169.706 169.706 0.0 165670.5078
183.848 183.848 0.0 157414.9922
197.99 197.99 0.0 150754.6719
212.132 212.132 0.0 145291.7188
226.274 226.274 0.0 140746.6719
240.416 240.416 0.0 136918.2812
254.558 254.558 0.0 133658.5117
268.701 268.701 0.0 130856.1543
282.843 282.843 0.0 128426.8906
296.985 296.985 0.0 126304.8516
311.127 311.127 0.0 124438.4980
325.269 325.269 0.0 122786.9102
339.411 339.411 0.0 121317.1543
353.553 353.553 0.0 120002.5508
367.696 367.696 0.0 118821.1445
381.838 381.838 0.0 117755.0703
395.98 395.98 0.0 116789.2344
410.122 410.122 0.0 115911.0625
424.264 424.264 0.0 115109.9365
438.406 438.406 0.0 114376.8535
452.548 452.548 0.0 113704.1318
466.69 466.69 0.0 113085.1768
480.833 480.833 0.0 112514.2471
494.975 494.975 0.0 111986.5029
509.117 509.117 0.0 111497.5811
523.259 523.259 0.0 111043.7383
537.401 537.401 0.0 110621.6699
551.543 551.543 0.0 110228.4600
565.685 565.685 0.0 109861.5166
579.828 579.828 0.0 109518.5479
593.97 593.97 0.0 109197.5488
608.112 608.112 0.0 108896.6709
622.254 622.254 0.0 108614.2832
636.396 636.396 0.0 108348.9165
650.538 650.538 0.0 108099.2461
664.68 664.68 0.0 107864.0791
678.823 678.823 0.0 107642.3145
692.965 692.965 0.0 107433.0000
707.107 707.107 0.0 107235.2314
721.249 721.249 0.0 107048.1924
735.391 735.391 0.0 106871.1426
749.533 749.533 0.0 106703.3975
763.675 763.675 0.0 106544.3389
777.817 777.817 0.0 106393.3936
791.96 791.96 0.0 106250.0308
806.102 806.102 0.0 106113.7808
820.244 820.244 0.0 105984.1958
834.386 834.386 0.0 105860.8560
848.528 848.528 0.0 105743.3901
862.67 862.67 0.0 105631.4414
876.812 876.812 0.0 105524.6880
890.955 890.955 0.0 105422.8193
905.097 905.097 0.0 105325.5674
919.239 919.239 0.0 105232.6624
933.381 933.381 0.0 105143.8713
947.523 947.523 0.0 105058.9543
961.665 961.665 0.0 104977.7107
975.807 975.807 0.0 104899.9395
989.949 989.949 0.0 104825.4573
1004.09 1004.09 0.0 104754.0923
1018.23 1018.23 0.0 104685.6914
1032.38 1032.38 0.0 104620.0466
1046.52 1046.52 0.0 104557.1116
1060.66 1060.66 0.0 104496.7080
1074.8 1074.8 0.0 104438.7092
1088.94 1088.94 0.0 104382.9966
1103.09 1103.09 0.0 104329.4214
1117.23 1117.23 0.0 104277.9636
1131.37 1131.37 0.0 104228.4761
1145.51 1145.51 0.0 104180.8733
1159.66 1159.66 0.0 104135.0342
1173.8 1173.8 0.0 104090.9443
1187.94 1187.94 0.0 104048.4888
1202.08 1202.08 0.0 104007.5947
1216.22 1216.22 0.0 103968.1963
1230.37 1230.37 0.0 103930.2007
1244.51 1244.51 0.0 103893.5945
1258.65 1258.65 0.0 103858.2969
1272.79 1272.79 0.0 103824.2485
1286.93 1286.93 0.0 103791.3965
1301.08 1301.08 0.0 103759.6689
1315.22 1315.22 0.0 103729.0667
1329.36 1329.36 0.0 103699.5134
1343.5 1343.5 0.0 103670.9734
1357.65 1357.65 0.0 103643.3811
1371.79 1371.79 0.0 103616.7405
1385.93 1385.93 0.0 103590.9880
1400.07 1400.07 0.0 103566.0928
1414.21 1414.21 0.0 103542.0188
1428.36 1428.36 0.0 103518.7212
1442.5 1442.5 0.0 103496.1965
1456.64 1456.64 0.0 103474.4016
1470.78 1470.78 0.0 103453.3057
1484.92 1484.92 0.0 103432.8843
1499.07 1499.07 0.0 103413.0962
1513.21 1513.21 0.0 103393.9441
1527.35 1527.35 0.0 103375.3914
1541.49 1541.49 0.0 103357.4132
1555.63 1555.63 0.0 103339.9900
1569.78 1569.78 0.0 103323.0881
1583.92 1583.92 0.0 103306.7091
1598.06 1598.06 0.0 103290.8241
1612.2 1612.2 0.0 103275.4153
1626.35 1626.35 0.0 103260.4491
1640.49 1640.49 0.0 103245.9360
1654.63 1654.63 0.0 103231.8442
1668.77 1668.77 0.0 103218.1605
1682.91 1682.91 0.0 103204.8669
1697.06 1697.06 0.0 103191.9421
1711.2 1711.2 0.0 103179.3889
1725.34 1725.34 0.0 103167.1865
1739.48 1739.48 0.0 103155.3175
1753.62 1753.62 0.0 103143.7717
1767.77 1767.77 0.0 103132.5277
1781.91 1781.91 0.0 103121.5922
1796.05 1796.05 0.0 103110.9429
1810.19 1810.19 0.0 103100.5688
1824.34 1824.34 0.0 103090.4545
1838.48 1838.48 0.0 103080.6011
1852.62 1852.62 0.0 103070.9937
1866.76 1866.76 0.0 103061.6224
1880.9 1880.9 0.0 103052.4745
1895.05 1895.05 0.0 103043.5399
1909.19 1909.19 0.0 103034.8195
1923.33 1923.33 0.0 103026.2987
1937.47 1937.47 0.0 103017.9713
1951.61 1951.61 0.0 103009.8282
1965.76 1965.76 0.0 103001.8536
1979.9 1979.9 0.0 102994.0544
1994.04 1994.04 0.0 102986.4189
2008.18 2008.18 0.0 102978.9365
2022.33 2022.33 0.0 102971.5991
2036.47 2036.47 0.0 102964.4091
2050.61 2050.61 0.0 102957.3539
2064.75 2064.75 0.0 102950.4304
2078.89 2078.89 0.0 102943.6320
2093.04 2093.04 0.0 102936.9457
2107.18 2107.18 0.0 102930.3795
2121.32 2121.32 0.0 102923.9216
2135.46 2135.46 0.0 102917.5669
2149.6 2149.6 0.0 102911.3102
2163.75 2163.75 0.0 102905.1448
2177.89 2177.89 0.0 102899.0740
2192.03 2192.03 0.0 102893.0885
2206.17 2206.17 0.0 102887.1846
2220.32 2220.32 0.0 102881.3533
2234.46 2234.46 0.0 102875.6035
2248.6 2248.6 0.0 102869.9222
2262.74 2262.74 0.0 102864.3093
2276.88 2276.88 0.0 102858.7583
2291.03 2291.03 0.0 102853.2661
2305.17 2305.17 0.0 102847.8378
2319.31 2319.31 0.0 102842.4625
2333.45 2333.45 0.0 102837.1403
2347.59 2347.59 0.0 102831.8690
2361.74 2361.74 0.0 102826.6417
2375.88 2375.88 0.0 102821.4640
2390.02 2390.02 0.0 102816.3304
2404.16 2404.16 0.0 102811.2384
2418.31 2418.31 0.0 102806.1823
2432.45 2432.45 0.0 102801.1678
2446.59 2446.59 0.0 102796.1901
2460.73 2460.73 0.0 102791.2479
2474.87 2474.87 0.0 102786.3391
2489.02 2489.02 0.0 102781.4578
2503.16 2503.16 0.0 102776.6134
2517.3 2517.3 0.0 102771.7991
2531.44 2531.44 0.0 102767.0129
2545.58 2545.58 0.0 102762.2577
2559.73 2559.73 0.0 102757.5236
2573.87 2573.87 0.0 102752.8215
2588.01 2588.01 0.0 102748.1449
2602.15 2602.15 0.0 102743.4958
2616.3 2616.3 0.0 102738.8680
2630.44 2630.44 0.0 102734.2687
2644.58 2644.58 0.0 102729.6923
2658.72 2658.72 0.0 102725.1429
2672.86 2672.86 0.0 102720.6176
2687.01 2687.01 0.0 102716.1133
2701.15 2701.15 0.0 102711.6362
2715.29 2715.29 0.0 102707.1826
2729.43 2729.43 0.0 102702.7546
2743.57 2743.57 0.0 102698.3500
2757.72 2757.72 0.0 102693.9663
2771.86 2771.86 0.0 102689.6130
2786.0 2786.0 0.0 102685.2834
2800.14 2800.14 0.0 102680.9772
2814.28 2814.28 0.0 102676.6982
2828.43 2828.43 0.0 102672.4429
2842.57 2842.57 0.0 102668.2162
2856.71 2856.71 0.0 102664.0170
2870.85 2870.85 0.0 102659.8441
2885.0 2885.0 0.0 102655.6957
2899.14 2899.14 0.0 102651.5785
2913.28 2913.28 0.0 102647.4899
2927.42 2927.42 0.0 102643.4301
2941.56 2941.56 0.0 102639.3997
2955.71 2955.71 0.0 102635.3965
2969.85 2969.85 0.0 102631.4268
2983.99 2983.99 0.0 102627.4877
2998.13 2998.13 0.0 102623.5808
3012.27 3012.27 0.0 102619.7047
3026.42 3026.42 0.0 102615.8588
3040.56 3040.56 0.0 102612.0505
3054.7 3054.7 0.0 102608.2738
3068.84 3068.84 0.0 102604.5294
3082.99 3082.99 0.0 102600.8190
3097.13 3097.13 0.0 102597.1473
3111.27 3111.27 0.0 102593.5104
3125.41 3125.41 0.0 102589.9078
3139.55 3139.55 0.0 102586.3433
3153.7 3153.7 0.0 102582.8121
3167.84 3167.84 0.0 102579.3207
3181.98 3181.98 0.0 102575.8671
3196.12 3196.12 0.0 102572.4502
3210.26 3210.26 0.0 102569.0735
3224.41 3224.41 0.0 102565.7330
3238.55 3238.55 0.0 102562.4335
3252.69 3252.69 0.0 102559.1743
3266.83 3266.83 0.0 102555.9526
3280.98 3280.98 0.0 102552.7704
3295.12 3295.12 0.0 102549.6301
3309.26 3309.26 0.0 102546.5306
3323.4 3323.4 0.0 102543.4725
3337.54 3337.54 0.0 102540.4532
3351.69 3351.69 0.0 102537.4750
3365.83 3365.83 0.0 102534.5388
3379.97 3379.97 0.0 102531.6447
3394.11 3394.11 0.0 102528.7914
3408.25 3408.25 0.0 102525.9814
3422.4 3422.4 0.0 102523.2100
3436.54 3436.54 0.0 102520.4818
3450.68 3450.68 0.0 102517.7959
3464.82 3464.82 0.0 102515.1516
3478.97 3478.97 0.0 102512.5472
3493.11 3493.11 0.0 102509.9874
3507.25 3507.25 0.0 102507.4686
3521.39 3521.39 0.0 102504.9929
3535.53 3535.53 0.0 102502.5583
3549.68 3549.68 0.0 102500.1628
3563.82 3563.82 0.0 102497.8114
3577.96 3577.96 0.0 102495.5009
3592.1 3592.1 0.0 102493.2328
3606.24 3606.24 0.0 102491.0057
3620.39 3620.39 0.0 102488.8174
3634.53 3634.53 0.0 102486.6708
3648.67 3648.67 0.0 102484.5679
3662.81 3662.81 0.0 102482.5017
3676.96 3676.96 0.0 102480.4763
3691.1 3691.1 0.0 102478.4918
3705.24 3705.24 0.0 102476.5470
3719.38 3719.38 0.0 102474.6426
3733.52 3733.52 0.0 102472.7770
3747.67 3747.67 0.0 102470.9493
3761.81 3761.81 0.0 102469.1616
3775.95 3775.95 0.0 102467.4131
3790.09 3790.09 0.0 102465.7006
3804.23 3804.23 0.0 102464.0280
3818.38 3818.38 0.0 102462.3910
3832.52 3832.52 0.0 102460.7919
3846.66 3846.66 0.0 102459.2288
3860.8 3860.8 0.0 102457.7037
3874.95 3874.95 0.0 102456.2133
3889.09 3889.09 0.0 102454.7593
3903.23 3903.23 0.0 102453.3403
3917.37 3917.37 0.0 102451.9576
3931.51 3931.51 0.0 102450.6093
3945.66 3945.66 0.0 102449.2931
3959.8 3959.8 0.0 102448.0132
3973.94 3973.94 0.0 102446.7654
3988.08 3988.08 0.0 102445.5509
4002.22 4002.22 0.0 102444.3691
4016.37 4016.37 0.0 102443.2191
4030.51 4030.51 0.0 102442.1017
4044.65 4044.65 0.0 102441.0156
4058.79 4058.79 0.0 102439.9603
4072.94 4072.94 0.0 102438.9337
4087.08 4087.08 0.0 102437.9392
4101.22 4101.22 0.0 102436.9758
4115.36 4115.36 0.0 102436.0410
4129.5 4129.5 0.0 102435.1349
4143.65 4143.65 0.0 102434.2549
4157.79 4157.79 0.0 102433.4031
4171.93 4171.93 0.0 102432.5826
4186.07 4186.07 0.0 102431.7858
4200.21 4200.21 0.0 102431.0159
4214.36 4214.36 0.0 102430.2739
4228.5 4228.5 0.0 102429.5568
4242.64 4242.64 0.0 102428.8654
