0.0 0.0 0.0 1104646.8750
14.1421 14.1421 0.0 2832708.2500
28.2843 28.2843 0.0 2019024.6250
42.4264 42.4264 0.0 1356913.8750
56.5685 56.5685 0.0 887815.3750
70.7107 70.7107 0.0 593559.9062
84.8528 84.8528 0.0 422025.3750
98.9949 98.9949 0.0 323101.0000
113.137 113.137 0.0 264021.0938
127.279 127.279 0.0 226732.6953
141.421 141.421 0.0 201806.6016
155.563 155.563 0.0 184268.4922
169.706 169.706 0.0 171387.7109
183.848 183.848 0.0 161591.8555
197.99 197.99 0.0 153926.0625
212.132 212.132 0.0 147785.4336
226.274 226.274 0.0 142770.3047
240.416 240.416 0.0 138607.2617
254.558 254.558 0.0 135103.5195
268.701 268.701 0.0 132119.2148
282.843 282.843 0.0 129551.3613
296.985 296.985 0.0 127321.6602
311.127 311.127 0.0 125370.0762
325.269 325.269 0.0 123649.8418
339.411 339.411 0.0 122123.9043
353.553 353.553 0.0 120762.6465
367.696 367.696 0.0 119542.0254
381.838 381.838 0.0 118442.6055
395.98 395.98 0.0 117448.1494
410.122 410.122 0.0 116545.2129
424.264 424.264 0.0 115722.5273
438.406 438.406 0.0 114970.5625
452.548 452.548 0.0 114281.2520
466.69 466.69 0.0 113647.6670
480.833 480.833 0.0 113063.8223
494.975 494.975 0.0 112524.6406
509.117 509.117 0.0 112025.5977
523.259 523.259 0.0 111562.7910
537.401 537.401 0.0 111132.7812
551.543 551.543 0.0 110732.5459
565.685 565.685 0.0 110359.3955
579.828 579.828 0.0 110010.9570
593.97 593.97 0.0 109685.1445
608.112 608.112 0.0 109380.0386
622.254 622.254 0.0 109093.9512
636.396 636.396 0.0 108825.3589
650.538 650.538 0.0 108572.8989
664.68 664.68 0.0 108335.3193
678.823 678.823 0.0 108111.4810
692.965 692.965 0.0 107900.4082
707.107 707.107 0.0 107701.1533
721.249 721.249 0.0 107512.8755
735.391 735.391 0.0 107334.8013
749.533 749.533 0.0 107166.2285
763.675 763.675 0.0 107006.5190
777.817 777.817 0.0 106855.0752
791.96 791.96 0.0 106711.3530
806.102 806.102 0.0 106574.8652
820.244 820.244 0.0 106445.1431
834.386 834.386 0.0 106321.7681
848.528 848.528 0.0 106204.3438
862.67 862.67 0.0 106092.5146
876.812 876.812 0.0 105985.9336
890.955 890.955 0.0 105884.2935
905.097 905.097 0.0 105787.3101
919.239 919.239 0.0 105694.7207
933.381 933.381 0.0 105606.2666
947.523 947.523 0.0 105521.7192
961.665 961.665 0.0 105440.8672
975.807 975.807 0.0 105363.4963
989.949 989.949 0.0 105289.4297
1004.09 1004.09 0.0 105218.4949
1018.23 1018.23 0.0 105150.5217
1032.38 1032.38 0.0 105085.3098
1046.52 1046.52 0.0 105022.8049
1060.66 1060.66 0.0 104962.8240
1074.8 1074.8 0.0 104905.2456
1088.94 1088.94 0.0 104849.9458
1103.09 1103.09 0.0 104796.7759
1117.23 1117.23 0.0 104745.7056
1131.37 1131.37 0.0 104696.5989
1145.51 1145.51 0.0 104649.3604
1159.66 1159.66 0.0 104603.8718
1173.8 1173.8 0.0 104560.1133
1187.94 1187.94 0.0 104517.9746
1202.08 1202.08 0.0 104477.3801
1216.22 1216.22 0.0 104438.2571
1230.37 1230.37 0.0 104400.5203
1244.51 1244.51 0.0 104364.1580
1258.65 1258.65 0.0 104329.0769
1272.79 1272.79 0.0 104295.2275
1286.93 1286.93 0.0 104262.5518
1301.08 1301.08 0.0 104230.9795
1315.22 1315.22 0.0 104200.5083
1329.36 1329.36 0.0 104171.0637
1343.5 1343.5 0.0 104142.6111
1357.65 1357.65 0.0 104115.0830
1371.79 1371.79 0.0 104088.4797
1385.93 1385.93 0.0 104062.7424
1400.07 1400.07 0.0 104037.8413
1414.21 1414.21 0.0 104013.7361
1428.36 1428.36 0.0 103990.3816
1442.5 1442.5 0.0 103967.7747
1456.64 1456.64 0.0 103945.8748
1470.78 1470.78 0.0 103924.6509
1484.92 1484.92 0.0 103904.0754
1499.07 1499.07 0.0 103884.1099
1513.21 1513.21 0.0 103864.7559
1527.35 1527.35 0.0 103845.9741
1541.49 1541.49 0.0 103827.7446
1555.63 1555.63 0.0 103810.0442
1569.78 1569.78 0.0 103792.8406
1583.92 1583.92 0.0 103776.1360
1598.06 1598.06 0.0 103759.9006
1612.2 1612.2 0.0 103744.1138
1626.35 1626.35 0.0 103728.7529
1640.49 1640.49 0.0 103713.8137
1654.63 1654.63 0.0 103699.2761
1668.77 1668.77 0.0 103685.1179
1682.91 1682.91 0.0 103671.3320
1697.06 1697.06 0.0 103657.8892
1711.2 1711.2 0.0 103644.7927
1725.34 1725.34 0.0 103632.0234
1739.48 1739.48 0.0 103619.5649
1753.62 1753.62 0.0 103607.4080
1767.77 1767.77 0.0 103595.5303
1781.91 1781.91 0.0 103583.9385
1796.05 1796.05 0.0 103572.6128
1810.19 1810.19 0.0 103561.5408
1824.34 1824.34 0.0 103550.7043
1838.48 1838.48 0.0 103540.1104
1852.62 1852.62 0.0 103529.7454
1866.76 1866.76 0.0 103519.5918
1880.9 1880.9 0.0 103509.6431
1895.05 1895.05 0.0 103499.8877
1909.19 1909.19 0.0 103490.3293
1923.33 1923.33 0.0 103480.9526
1937.47 1937.47 0.0 103471.7483
1951.61 1951.61 0.0 103462.7139
1965.76 1965.76 0.0 103453.8308
1979.9 1979.9 0.0 103445.1079
1994.04 1994.04 0.0 103436.5332
2008.18 2008.18 0.0 103428.0942
2022.33 2022.33 0.0 103419.7869
2036.47 2036.47 0.0 103411.6125
2050.61 2050.61 0.0 103403.5605
2064.75 2064.75 0.0 103395.6270
2078.89 2078.89 0.0 103387.8054
2093.04 2093.04 0.0 103380.0867
2107.18 2107.18 0.0 103372.4768
2121.32 2121.32 0.0 103364.9644
2135.46 2135.46 0.0 103357.5439
2149.6 2149.6 0.0 103350.2152
2163.75 2163.75 0.0 103342.9688
2177.89 2177.89 0.0 103335.8083
2192.03 2192.03 0.0 103328.7279
2206.17 2206.17 0.0 103321.7209
2220.32 2220.32 0.0 103314.7819
2234.46 2234.46 0.0 103307.9180
2248.6 2248.6 0.0 103301.1189
2262.74 2262.74 0.0 103294.3850
2276.88 2276.88 0.0 103287.7108
2291.03 2291.03 0.0 103281.0894
2305.17 2305.17 0.0 103274.5320
2319.31 2319.31 0.0 103268.0269
2333.45 2333.45 0.0 103261.5724
2347.59 2347.59 0.0 103255.1714
2361.74 2361.74 0.0 103248.8135
2375.88 2375.88 0.0 103242.5048
2390.02 2390.02 0.0 103236.2404
2404.16 2404.16 0.0 103230.0228
2418.31 2418.31 0.0 103223.8435
2432.45 2432.45 0.0 103217.7078
2446.59 2446.59 0.0 103211.6125
2460.73 2460.73 0.0 103205.5555
2474.87 2474.87 0.0 103199.5360
2489.02 2489.02 0.0 103193.5526
2503.16 2503.16 0.0 103187.6086
2517.3 2517.3 0.0 103181.6996
2531.44 2531.44 0.0 103175.8285
2545.58 2545.58 0.0 103169.9901
2559.73 2559.73 0.0 103164.1824
2573.87 2573.87 0.0 103158.4121
2588.01 2588.01 0.0 103152.6782
2602.15 2602.15 0.0 103146.9744
2616.3 2616.3 0.0 103141.3031
2630.44 2630.44 0.0 103135.6658
2644.58 2644.58 0.0 103130.0632
2658.72 2658.72 0.0 103124.4933
2672.86 2672.86 0.0 103118.9576
2687.01 2687.01 0.0 103113.4493
2701.15 2701.15 0.0 103107.9783
2715.29 2715.29 0.0 103102.5417
2729.43 2729.43 0.0 103097.1378
2743.57 2743.57 0.0 103091.7688
2757.72 2757.72 0.0 103086.4302
2771.86 2771.86 0.0 103081.1296
2786.0 2786.0 0.0 103075.8616
2800.14 2800.14 0.0 103070.6310
2814.28 2814.28 0.0 103065.4343
2828.43 2828.43 0.0 103060.2678
2842.57 2842.57 0.0 103055.1431
2856.71 2856.71 0.0 103050.0558
2870.85 2870.85 0.0 103045.0045
2885.0 2885.0 0.0 103039.9845
2899.14 2899.14 0.0 103035.0084
2913.28 2913.28 0.0 103030.0686
2927.42 2927.42 0.0 103025.1667
2941.56 2941.56 0.0 103020.3064
2955.71 2955.71 0.0 103015.4791
2969.85 2969.85 0.0 103010.6946
2983.99 2983.99 0.0 103005.9524
2998.13 2998.13 0.0 103001.2490
3012.27 3012.27 0.0 102996.5868
3026.42 3026.42 0.0 102991.9606
3040.56 3040.56 0.0 102987.3818
3054.7 3054.7 0.0 102982.8457
3068.84 3068.84 0.0 102978.3488
3082.99 3082.99 0.0 102973.8947
3097.13 3097.13 0.0 102969.4855
3111.27 3111.27 0.0 102965.1193
3125.41 3125.41 0.0 102960.7975
3139.55 3139.55 0.0 102956.5188
3153.7 3153.7 0.0 102952.2825
3167.84 3167.84 0.0 102948.0942
3181.98 3181.98 0.0 102943.9490
3196.12 3196.12 0.0 102939.8514
3210.26 3210.26 0.0 102935.7980
3224.41 3224.41 0.0 102931.7867
3238.55 3238.55 0.0 102927.8252
3252.69 3252.69 0.0 102923.9093
3266.83 3266.83 0.0 102920.0387
3280.98 3280.98 0.0 102916.2139
3295.12 3295.12 0.0 102912.4352
3309.26 3309.26 0.0 102908.7069
3323.4 3323.4 0.0 102905.0228
3337.54 3337.54 0.0 102901.3856
3351.69 3351.69 0.0 102897.7936
3365.83 3365.83 0.0 102894.2509
3379.97 3379.97 0.0 102890.7570
3394.11 3394.11 0.0 102887.3074
3408.25 3408.25 0.0 102883.9070
3422.4 3422.4 0.0 102880.5490
3436.54 3436.54 0.0 102877.2423
3450.68 3450.68 0.0 102873.9819
3464.82 3464.82 0.0 102870.7682
3478.97 3478.97 0.0 102867.6000
3493.11 3493.11 0.0 102864.4788
3507.25 3507.25 0.0 102861.4061
3521.39 3521.39 0.0 102858.3784
3535.53 3535.53 0.0 102855.3998
3549.68 3549.68 0.0 102852.4631
3563.82 3563.82 0.0 102849.5743
3577.96 3577.96 0.0 102846.7323
3592.1 3592.1 0.0 102843.9362
3606.24 3606.24 0.0 102841.1863
3620.39 3620.39 0.0 102838.4781
3634.53 3634.53 0.0 102835.8179
3648.67 3648.67 0.0 102833.2028
3662.81 3662.81 0.0 102830.6316
3676.96 3676.96 0.0 102828.1034
3691.1 3691.1 0.0 102825.6210
3705.24 3705.24 0.0 102823.1820
3719.38 3719.38 0.0 102820.7867
3733.52 3733.52 0.0 102818.4366
3747.67 3747.67 0.0 102816.1257
3761.81 3761.81 0.0 102813.8583
3775.95 3775.95 0.0 102811.6350
3790.09 3790.09 0.0 102809.4529
3804.23 3804.23 0.0 102807.3132
3818.38 3818.38 0.0 102805.2129
3832.52 3832.52 0.0 102803.1541
3846.66 3846.66 0.0 102801.1362
3860.8 3860.8 0.0 102799.1605
3874.95 3874.95 0.0 102797.2223
3889.09 3889.09 0.0 102795.3246
3903.23 3903.23 0.0 102793.4657
3917.37 3917.37 0.0 102791.6434
3931.51 3931.51 0.0 102789.8624
3945.66 3945.66 0.0 102788.1178
3959.8 3959.8 0.0 102786.4128
3973.94 3973.94 0.0 102784.7434
3988.08 3988.08 0.0 102783.1096
4002.22 4002.22 0.0 102781.5139
4016.37 4016.37 0.0 102779.9526
4030.51 4030.51 0.0 102778.4268
4044.65 4044.65 0.0 102776.9379
4058.79 4058.79 0.0 102775.4829
4072.94 4072.94 0.0 102774.0620
4087.08 4087.08 0.0 102772.6748
4101.22 4101.22 0.0 102771.3207
4115.36 4115.36 0.0 102769.9995
4129.5 4129.5 0.0 102768.7109
4143.65 4143.65 0.0 102767.4541
4157.79 4157.79 0.0 102766.2300
4171.93 4171.93 0.0 102765.0369
4186.07 4186.07 0.0 102763.8749
4200.21 4200.21 0.0 102762.7421
4214.36 4214.36 0.0 102761.6388
4228.5 4228.5 0.0 102760.5652
4242.64 4242.64 0.0 102759.5225
