0.0 0.0 0.0 238538.9219
14.1421 14.1421 0.0 208388.8438
28.2843 28.2843 0.0 204431.1172
42.4264 42.4264 0.0 202572.8203
56.5685 56.5685 0.0 201506.0391
70.7107 70.7107 0.0 200830.4219
84.8528 84.8528 0.0 200375.5156
98.9949 98.9949 0.0 200055.0156
113.137 113.137 0.0 199820.3750
127.279 127.279 0.0 199642.1797
141.421 141.421 0.0 199501.6172
155.563 155.563 0.0 199386.2031
169.706 169.706 0.0 199287.2578
183.848 183.848 0.0 199198.8125
197.99 197.99 0.0 199116.5625
212.132 212.132 0.0 199037.2969
226.274 226.274 0.0 198958.7734
240.416 240.416 0.0 198879.2578
254.558 254.558 0.0 198797.5625
268.701 268.701 0.0 198712.6797
282.843 282.843 0.0 198623.9609
296.985 296.985 0.0 198530.8672
311.127 311.127 0.0 198433.1406
325.269 325.269 0.0 198330.4688
339.411 339.411 0.0 198222.6797
353.553 353.553 0.0 198109.6953
367.696 367.696 0.0 197991.5078
381.838 381.838 0.0 197868.0391
395.98 395.98 0.0 197739.3203
410.122 410.122 0.0 197605.4453
424.264 424.264 0.0 197466.5078
438.406 438.406 0.0 197322.5078
452.548 452.548 0.0 197173.5156
466.69 466.69 0.0 197019.7266
480.833 480.833 0.0 196861.1484
494.975 494.975 0.0 196697.9688
509.117 509.117 0.0 196530.2422
523.259 523.259 0.0 196358.0391
537.401 537.401 0.0 196181.6562
551.543 551.543 0.0 196000.9453
565.685 565.685 0.0 195816.1875
579.828 579.828 0.0 195627.4219
593.97 593.97 0.0 195434.7891
608.112 608.112 0.0 195238.4219
622.254 622.254 0.0 195038.3359
636.396 636.396 0.0 194834.6406
650.538 650.538 0.0 194627.5469
664.68 664.68 0.0 194417.0156
678.823 678.823 0.0 194203.2188
692.965 692.965 0.0 193986.2500
707.107 707.107 0.0 193766.1484
721.249 721.249 0.0 193543.0703
735.391 735.391 0.0 193317.0703
749.533 749.533 0.0 193088.2344
763.675 763.675 0.0 192856.6406
777.817 777.817 0.0 192622.4453
791.96 791.96 0.0 192385.5391
806.102 806.102 0.0 192146.1719
820.244 820.244 0.0 191904.3750
834.386 834.386 0.0 191660.2812
848.528 848.528 0.0 191413.8516
862.67 862.67 0.0 191165.2969
876.812 876.812 0.0 190914.6250
890.955 890.955 0.0 190661.8672
905.097 905.097 0.0 190407.1797
919.239 919.239 0.0 190150.6484
933.381 933.381 0.0 189892.3906
947.523 947.523 0.0 189632.3203
961.665 961.665 0.0 189370.5859
975.807 975.807 0.0 189107.3906
989.949 989.949 0.0 188842.6875
1004.09 1004.09 0.0 188576.6172
1018.23 1018.23 0.0 188309.2891
1032.38 1032.38 0.0 188040.4453
1046.52 1046.52 0.0 187770.7656
1060.66 1060.66 0.0 187500.0312
1074.8 1074.8 0.0 187228.3359
1088.94 1088.94 0.0 186955.7734
1103.09 1103.09 0.0 186682.2578
1117.23 1117.23 0.0 186408.2344
1131.37 1131.37 0.0 186133.6484
1145.51 1145.51 0.0 185858.5547
1159.66 1159.66 0.0 185582.8984
1173.8 1173.8 0.0 185307.1875
1187.94 1187.94 0.0 185031.2344
1202.08 1202.08 0.0 184755.2734
1216.22 1216.22 0.0 184479.3047
1230.37 1230.37 0.0 184203.2656
1244.51 1244.51 0.0 183927.7109
1258.65 1258.65 0.0 183652.5312
1272.79 1272.79 0.0 183377.7812
1286.93 1286.93 0.0 183103.6641
1301.08 1301.08 0.0 182830.0234
1315.22 1315.22 0.0 182557.4844
1329.36 1329.36 0.0 182285.7812
1343.5 1343.5 0.0 182015.1641
1357.65 1357.65 0.0 181745.5234
1371.79 1371.79 0.0 181477.3438
1385.93 1385.93 0.0 181210.5859
1400.07 1400.07 0.0 180945.3672
1414.21 1414.21 0.0 180681.7344
1428.36 1428.36 0.0 180419.7266
1442.5 1442.5 0.0 180159.7500
1456.64 1456.64 0.0 179901.7969
1470.78 1470.78 0.0 179645.9219
1484.92 1484.92 0.0 179392.2266
1499.07 1499.07 0.0 179140.6562
1513.21 1513.21 0.0 178891.6875
1527.35 1527.35 0.0 178645.2344
1541.49 1541.49 0.0 178401.3203
1555.63 1555.63 0.0 178160.1562
1569.78 1569.78 0.0 177921.6484
1583.92 1583.92 0.0 177686.1562
1598.06 1598.06 0.0 177453.5859
1612.2 1612.2 0.0 177224.0391
1626.35 1626.35 0.0 176997.4297
1640.49 1640.49 0.0 176774.1406
1654.63 1654.63 0.0 176554.0391
1668.77 1668.77 0.0 176337.2188
1682.91 1682.91 0.0 176123.6562
1697.06 1697.06 0.0 175913.3203
1711.2 1711.2 0.0 175706.4844
1725.34 1725.34 0.0 175502.9844
1739.48 1739.48 0.0 175302.9219
1753.62 1753.62 0.0 175106.2422
1767.77 1767.77 0.0 174912.8125
1781.91 1781.91 0.0 174722.8984
1796.05 1796.05 0.0 174536.3906
1810.19 1810.19 0.0 174353.1719
1824.34 1824.34 0.0 174173.1719
1838.48 1838.48 0.0 173996.5703
1852.62 1852.62 0.0 173823.1719
1866.76 1866.76 0.0 173652.9297
1880.9 1880.9 0.0 173485.7656
1895.05 1895.05 0.0 173321.5234
1909.19 1909.19 0.0 173160.3516
1923.33 1923.33 0.0 173002.0312
1937.47 1937.47 0.0 172846.4453
1951.61 1951.61 0.0 172693.5312
1965.76 1965.76 0.0 172543.1016
1979.9 1979.9 0.0 172395.2109
1994.04 1994.04 0.0 172249.6484
2008.18 2008.18 0.0 172106.2578
2022.33 2022.33 0.0 171964.8906
2036.47 2036.47 0.0 171825.5781
2050.61 2050.61 0.0 171688.0078
2064.75 2064.75 0.0 171552.1641
2078.89 2078.89 0.0 171417.7891
2093.04 2093.04 0.0 171284.7969
2107.18 2107.18 0.0 171153.0781
2121.32 2121.32 0.0 171022.3984
2135.46 2135.46 0.0 170892.7188
2149.6 2149.6 0.0 170763.7812
2163.75 2163.75 0.0 170635.3828
2177.89 2177.89 0.0 170507.5156
2192.03 2192.03 0.0 170379.9766
2206.17 2206.17 0.0 170252.6016
2220.32 2220.32 0.0 170125.0781
2234.46 2234.46 0.0 169997.5156
2248.6 2248.6 0.0 169869.6016
2262.74 2262.74 0.0 169741.2656
2276.88 2276.88 0.0 169612.2734
2291.03 2291.03 0.0 169482.4531
2305.17 2305.17 0.0 169351.7812
2319.31 2319.31 0.0 169220.0703
2333.45 2333.45 0.0 169087.1016
2347.59 2347.59 0.0 168952.8359
2361.74 2361.74 0.0 168817.0000
2375.88 2375.88 0.0 168679.6328
2390.02 2390.02 0.0 168540.5469
2404.16 2404.16 0.0 168399.5156
2418.31 2418.31 0.0 168256.4375
2432.45 2432.45 0.0 168111.3516
2446.59 2446.59 0.0 167964.0547
2460.73 2460.73 0.0 167814.3828
2474.87 2474.87 0.0 167662.3281
2489.02 2489.02 0.0 167507.5781
2503.16 2503.16 0.0 167350.2891
2517.3 2517.3 0.0 167190.2969
2531.44 2531.44 0.0 167027.4531
2545.58 2545.58 0.0 166861.7500
2559.73 2559.73 0.0 166692.9219
2573.87 2573.87 0.0 166521.1406
2588.01 2588.01 0.0 166346.2539
2602.15 2602.15 0.0 166168.1172
2616.3 2616.3 0.0 165986.6289
2630.44 2630.44 0.0 165801.9609
2644.58 2644.58 0.0 165613.8984
2658.72 2658.72 0.0 165422.4180
2672.86 2672.86 0.0 165227.5039
2687.01 2687.01 0.0 165028.9453
2701.15 2701.15 0.0 164826.9922
2715.29 2715.29 0.0 164621.4688
2729.43 2729.43 0.0 164412.3359
2743.57 2743.57 0.0 164199.6094
2757.72 2757.72 0.0 163983.1328
2771.86 2771.86 0.0 163763.0938
2786.0 2786.0 0.0 163539.4492
2800.14 2800.14 0.0 163312.1484
2814.28 2814.28 0.0 163081.1914
2828.43 2828.43 0.0 162846.4023
2842.57 2842.57 0.0 162608.1172
2856.71 2856.71 0.0 162366.2148
2870.85 2870.85 0.0 162120.6875
2885.0 2885.0 0.0 161871.3711
2899.14 2899.14 0.0 161618.6914
2913.28 2913.28 0.0 161362.4219
2927.42 2927.42 0.0 161102.6172
2941.56 2941.56 0.0 160839.3320
2955.71 2955.71 0.0 160572.3867
2969.85 2969.85 0.0 160302.2305
2983.99 2983.99 0.0 160028.7188
2998.13 2998.13 0.0 159751.8320
3012.27 3012.27 0.0 159471.6953
3026.42 3026.42 0.0 159188.1172
3040.56 3040.56 0.0 158901.5820
3054.7 3054.7 0.0 158611.9453
3068.84 3068.84 0.0 158319.2305
3082.99 3082.99 0.0 158023.3164
3097.13 3097.13 0.0 157724.6992
3111.27 3111.27 0.0 157423.2383
3125.41 3125.41 0.0 157119.0117
3139.55 3139.55 0.0 156812.0625
3153.7 3153.7 0.0 156502.2695
3167.84 3167.84 0.0 156190.1328
3181.98 3181.98 0.0 155875.5273
3196.12 3196.12 0.0 155558.5430
3210.26 3210.26 0.0 155239.2539
3224.41 3224.41 0.0 154917.5117
3238.55 3238.55 0.0 154593.8984
3252.69 3252.69 0.0 154268.2266
3266.83 3266.83 0.0 153940.5977
3280.98 3280.98 0.0 153610.9336
3295.12 3295.12 0.0 153279.6758
3309.26 3309.26 0.0 152946.7969
3323.4 3323.4 0.0 152612.3477
3337.54 3337.54 0.0 152276.4219
3351.69 3351.69 0.0 151938.8984
3365.83 3365.83 0.0 151600.3086
3379.97 3379.97 0.0 151260.5586
3394.11 3394.11 0.0 150919.7578
3408.25 3408.25 0.0 150577.9609
3422.4 3422.4 0.0 150235.0469
3436.54 3436.54 0.0 149891.6289
3450.68 3450.68 0.0 149547.5312
3464.82 3464.82 0.0 149202.8516
3478.97 3478.97 0.0 148857.4531
3493.11 3493.11 0.0 148511.9766
3507.25 3507.25 0.0 148166.1992
3521.39 3521.39 0.0 147820.2422
3535.53 3535.53 0.0 147474.2734
3549.68 3549.68 0.0 147128.0430
3563.82 3563.82 0.0 146782.1992
3577.96 3577.96 0.0 146436.5859
3592.1 3592.1 0.0 146091.2578
3606.24 3606.24 0.0 145746.3672
3620.39 3620.39 0.0 145401.7500
3634.53 3634.53 0.0 145057.9727
3648.67 3648.67 0.0 144714.8711
3662.81 3662.81 0.0 144372.5625
3676.96 3676.96 0.0 144030.8828
3691.1 3691.1 0.0 143690.4102
3705.24 3705.24 0.0 143350.9375
3719.38 3719.38 0.0 143012.6289
3733.52 3733.52 0.0 142675.4883
3747.67 3747.67 0.0 142339.4141
3761.81 3761.81 0.0 142004.9375
3775.95 3775.95 0.0 141671.8672
3790.09 3790.09 0.0 141340.3438
3804.23 3804.23 0.0 141010.3672
3818.38 3818.38 0.0 140681.8125
3832.52 3832.52 0.0 140355.2031
3846.66 3846.66 0.0 140030.4180
3860.8 3860.8 0.0 139707.4219
3874.95 3874.95 0.0 139386.1172
3889.09 3889.09 0.0 139067.0273
3903.23 3903.23 0.0 138749.9336
3917.37 3917.37 0.0 138434.9336
3931.51 3931.51 0.0 138122.0391
3945.66 3945.66 0.0 137811.1133
3959.8 3959.8 0.0 137502.6250
3973.94 3973.94 0.0 137196.4219
3988.08 3988.08 0.0 136892.5195
4002.22 4002.22 0.0 136590.9688
4016.37 4016.37 0.0 136291.6016
4030.51 4030.51 0.0 135994.8828
4044.65 4044.65 0.0 135700.6289
4058.79 4058.79 0.0 135408.8438
4072.94 4072.94 0.0 135119.4180
4087.08 4087.08 0.0 134832.7188
4101.22 4101.22 0.0 134548.6250
4115.36 4115.36 0.0 134267.1328
4129.5 4129.5 0.0 133988.2715
4143.65 4143.65 0.0 133711.8496
4157.79 4157.79 0.0 133438.2832
4171.93 4171.93 0.0 133167.4297
4186.07 4186.07 0.0 132899.2500
4200.21 4200.21 0.0 132633.7891
4214.36 4214.36 0.0 132370.8555
4228.5 4228.5 0.0 132110.8594
4242.64 4242.64 0.0 131853.5898
4256.78 4256.78 0.0 131599.0742
4270.92 4270.92 0.0 131347.2812
4285.07 4285.07 0.0 131098.1035
4299.21 4299.21 0.0 130851.8457
4313.35 4313.35 0.0 130608.3379
4327.49 4327.49 0.0 130367.5938
4341.64 4341.64 0.0 130129.4375
4355.78 4355.78 0.0 129894.1875
4369.92 4369.92 0.0 129661.6855
4384.06 4384.06 0.0 129431.9062
4398.2 4398.2 0.0 129204.8672
4412.35 4412.35 0.0 128980.3906
4426.49 4426.49 0.0 128758.7969
4440.63 4440.63 0.0 128539.9141
4454.77 4454.77 0.0 128323.7070
4468.91 4468.91 0.0 128110.1699
4483.06 4483.06 0.0 127899.1621
4497.2 4497.2 0.0 127690.9590
4511.34 4511.34 0.0 127485.3711
4525.48 4525.48 0.0 127282.4219
4539.63 4539.63 0.0 127081.9277
4553.77 4553.77 0.0 126884.1543
4567.91 4567.91 0.0 126688.9473
4582.05 4582.05 0.0 126496.3125
4596.19 4596.19 0.0 126306.2051
4610.34 4610.34 0.0 126118.4746
4624.48 4624.48 0.0 125933.3613
4638.62 4638.62 0.0 125750.7266
4652.76 4652.76 0.0 125570.5234
4666.9 4666.9 0.0 125392.7695
4681.05 4681.05 0.0 125217.2852
4695.19 4695.19 0.0 125044.3242
4709.33 4709.33 0.0 124873.7168
4723.47 4723.47 0.0 124705.4570
4737.62 4737.62 0.0 124539.3906
4751.76 4751.76 0.0 124375.7402
4765.9 4765.9 0.0 124214.3516
4780.04 4780.04 0.0 124055.2207
4794.18 4794.18 0.0 123898.3008
4808.33 4808.33 0.0 123743.4805
4822.47 4822.47 0.0 123590.9551
4836.61 4836.61 0.0 123440.5547
4850.75 4850.75 0.0 123292.3027
4864.89 4864.89 0.0 123146.1406
4879.04 4879.04 0.0 123001.9551
4893.18 4893.18 0.0 122859.9414
4907.32 4907.32 0.0 122719.9395
4921.46 4921.46 0.0 122581.9434
4935.61 4935.61 0.0 122445.8418
4949.75 4949.75 0.0 122311.7871
4963.89 4963.89 0.0 122179.6758
4978.03 4978.03 0.0 122049.4512
4992.17 4992.17 0.0 121921.1250
5006.32 5006.32 0.0 121794.5703
5020.46 5020.46 0.0 121669.9277
5034.6 5034.6 0.0 121547.1133
5048.74 5048.74 0.0 121426.0820
5062.88 5062.88 0.0 121306.8125
5077.03 5077.03 0.0 121189.1992
5091.17 5091.17 0.0 121073.4004
5105.31 5105.31 0.0 120959.2891
5119.45 5119.45 0.0 120846.8477
5133.6 5133.6 0.0 120735.9863
5147.74 5147.74 0.0 120626.8223
5161.88 5161.88 0.0 120519.2539
5176.02 5176.02 0.0 120413.2832
5190.16 5190.16 0.0 120308.8730
5204.31 5204.31 0.0 120205.9199
5218.45 5218.45 0.0 120104.5566
5232.59 5232.59 0.0 120004.6973
5246.73 5246.73 0.0 119906.2852
5260.87 5260.87 0.0 119809.3613
5275.02 5275.02 0.0 119713.7871
5289.16 5289.16 0.0 119619.6914
5303.3 5303.3 0.0 119526.9785
5317.44 5317.44 0.0 119435.6543
5331.59 5331.59 0.0 119345.6172
5345.73 5345.73 0.0 119256.9707
5359.87 5359.87 0.0 119169.6230
5374.01 5374.01 0.0 119083.5801
5388.15 5388.15 0.0 118998.8145
5402.3 5402.3 0.0 118915.2266
5416.44 5416.44 0.0 118832.9570
5430.58 5430.58 0.0 118751.8906
5444.72 5444.72 0.0 118672.0508
5458.86 5458.86 0.0 118593.3750
5473.01 5473.01 0.0 118515.8145
5487.15 5487.15 0.0 118439.4492
5501.29 5501.29 0.0 118364.2090
5515.43 5515.43 0.0 118290.0781
5529.58 5529.58 0.0 118217.0137
5543.72 5543.72 0.0 118145.0742
5557.86 5557.86 0.0 118074.2012
5572.0 5572.0 0.0 118004.3633
5586.14 5586.14 0.0 117935.5781
5600.29 5600.29 0.0 117867.7520
5614.43 5614.43 0.0 117800.9570
5628.57 5628.57 0.0 117735.1680
5642.71 5642.71 0.0 117670.3496
5656.85 5656.85 0.0 117606.4932
5671.0 5671.0 0.0 117543.5303
5685.14 5685.14 0.0 117481.5410
5699.28 5699.28 0.0 117420.4580
5713.42 5713.42 0.0 117360.2881
5727.56 5727.56 0.0 117300.9971
5741.71 5741.71 0.0 117242.5342
5755.85 5755.85 0.0 117184.9873
5769.99 5769.99 0.0 117128.2734
5784.13 5784.13 0.0 117072.3906
5798.28 5798.28 0.0 117017.3105
5812.42 5812.42 0.0 116963.0664
5826.56 5826.56 0.0 116909.6191
5840.7 5840.7 0.0 116856.9639
5854.84 5854.84 0.0 116805.0771
5868.99 5868.99 0.0 116753.9180
5883.13 5883.13 0.0 116703.5371
5897.27 5897.27 0.0 116653.9082
5911.41 5911.41 0.0 116605.0020
5925.55 5925.55 0.0 116556.8057
5939.7 5939.7 0.0 116509.2773
5953.84 5953.84 0.0 116462.4980
5967.98 5967.98 0.0 116416.3906
5982.12 5982.12 0.0 116370.9629
5996.27 5996.27 0.0 116326.1543
6010.41 6010.41 0.0 116282.0518
6024.55 6024.55 0.0 116238.5850
6038.69 6038.69 0.0 116195.7520
6052.83 6052.83 0.0 116153.5586
6066.98 6066.98 0.0 116111.9404
6081.12 6081.12 0.0 116070.9688
6095.26 6095.26 0.0 116030.5820
6109.4 6109.4 0.0 115990.7842
6123.54 6123.54 0.0 115951.5791
6137.69 6137.69 0.0 115912.9062
6151.83 6151.83 0.0 115874.8301
6165.97 6165.97 0.0 115837.3047
6180.11 6180.11 0.0 115800.3438
6194.26 6194.26 0.0 115763.8916
6208.4 6208.4 0.0 115727.9883
6222.54 6222.54 0.0 115692.6084
6236.68 6236.68 0.0 115657.7354
6250.82 6250.82 0.0 115623.3936
6264.97 6264.97 0.0 115589.5186
6279.11 6279.11 0.0 115556.1533
6293.25 6293.25 0.0 115523.2832
6307.39 6307.39 0.0 115490.8916
6321.53 6321.53 0.0 115458.9736
6335.68 6335.68 0.0 115427.4951
6349.82 6349.82 0.0 115396.5059
6363.96 6363.96 0.0 115365.9639
6378.1 6378.1 0.0 115335.8711
6392.25 6392.25 0.0 115306.2012
6406.39 6406.39 0.0 115276.9688
6420.53 6420.53 0.0 115248.1807
6434.67 6434.67 0.0 115219.8057
6448.81 6448.81 0.0 115191.8447
6462.96 6462.96 0.0 115164.2715
6477.1 6477.1 0.0 115137.1328
6491.24 6491.24 0.0 115110.3877
6505.38 6505.38 0.0 115084.0322
6519.52 6519.52 0.0 115058.0713
6533.67 6533.67 0.0 115032.4629
6547.81 6547.81 0.0 115007.2471
6561.95 6561.95 0.0 114982.4199
6576.09 6576.09 0.0 114957.9404
6590.24 6590.24 0.0 114933.8135
6604.38 6604.38 0.0 114910.0518
6618.52 6618.52 0.0 114886.6641
6632.66 6632.66 0.0 114863.5869
6646.8 6646.8 0.0 114840.8809
6660.95 6660.95 0.0 114818.4814
6675.09 6675.09 0.0 114796.4307
6689.23 6689.23 0.0 114774.7100
6703.37 6703.37 0.0 114753.3154
6717.51 6717.51 0.0 114732.2285
6731.66 6731.66 0.0 114711.4590
6745.8 6745.8 0.0 114690.9941
6759.94 6759.94 0.0 114670.8525
6774.08 6774.08 0.0 114651.0039
6788.23 6788.23 0.0 114631.4521
6802.37 6802.37 0.0 114612.1914
6816.51 6816.51 0.0 114593.2217
6830.65 6830.65 0.0 114574.5557
6844.79 6844.79 0.0 114556.1543
6858.94 6858.94 0.0 114538.0215
6873.08 6873.08 0.0 114520.1826
6887.22 6887.22 0.0 114502.6182
6901.36 6901.36 0.0 114485.3125
6915.5 6915.5 0.0 114468.2783
6929.65 6929.65 0.0 114451.4863
6943.79 6943.79 0.0 114434.9678
6957.93 6957.93 0.0 114418.7061
6972.07 6972.07 0.0 114402.6943
6986.21 6986.21 0.0 114386.9297
7000.36 7000.36 0.0 114371.3955
7014.5 7014.5 0.0 114356.1191
7028.64 7028.64 0.0 114341.0771
7042.78 7042.78 0.0 114326.2627
7056.93 7056.93 0.0 114311.6904
7071.07 7071.07 0.0 114297.3506
7085.21 7085.21 0.0 114283.2354
7099.35 7099.35 0.0 114269.3320
7113.49 7113.49 0.0 114255.6699
7127.64 7127.64 0.0 114242.2061
7141.78 7141.78 0.0 114228.9629
7155.92 7155.92 0.0 114215.9346
7170.06 7170.06 0.0 114203.1221
7184.2 7184.2 0.0 114190.5039
7198.35 7198.35 0.0 114178.0947
7212.49 7212.49 0.0 114165.8955
7226.63 7226.63 0.0 114153.8867
7240.77 7240.77 0.0 114142.0869
7254.92 7254.92 0.0 114130.4814
7269.06 7269.06 0.0 114119.0557
7283.2 7283.2 0.0 114107.8223
7297.34 7297.34 0.0 114096.7793
7311.48 7311.48 0.0 114085.9219
7325.63 7325.63 0.0 114075.2432
7339.77 7339.77 0.0 114064.7725
7353.91 7353.91 0.0 114054.4482
7368.05 7368.05 0.0 114044.3262
7382.19 7382.19 0.0 114034.3555
7396.34 7396.34 0.0 114024.5664
7410.48 7410.48 0.0 114014.9551
7424.62 7424.62 0.0 114005.5010
7438.76 7438.76 0.0 113996.2148
7452.91 7452.91 0.0 113987.0986
7467.05 7467.05 0.0 113978.1377
7481.19 7481.19 0.0 113969.3447
7495.33 7495.33 0.0 113960.7090
7509.47 7509.47 0.0 113952.2334
7523.62 7523.62 0.0 113943.8896
7537.76 7537.76 0.0 113935.7246
7551.9 7551.9 0.0 113927.7021
7566.04 7566.04 0.0 113919.8340
7580.18 7580.18 0.0 113912.0957
7594.33 7594.33 0.0 113904.5293
7608.47 7608.47 0.0 113897.0859
7622.61 7622.61 0.0 113889.7900
7636.75 7636.75 0.0 113882.6484
7650.9 7650.9 0.0 113875.6279
7665.04 7665.04 0.0 113868.7490
7679.18 7679.18 0.0 113862.0049
7693.32 7693.32 0.0 113855.4004
7707.46 7707.46 0.0 113848.9297
7721.61 7721.61 0.0 113842.5869
7735.75 7735.75 0.0 113836.3672
7749.89 7749.89 0.0 113830.2793
7764.03 7764.03 0.0 113824.3184
7778.17 7778.17 0.0 113818.4863
