0.0 0.0 0.0 219358.7266
14.1421 14.1421 0.0 190065.3438
28.2843 28.2843 0.0 185112.6016
42.4264 42.4264 0.0 181052.4375
56.5685 56.5685 0.0 177383.8906
70.7107 70.7107 0.0 173932.1094
84.8528 84.8528 0.0 170624.2969
98.9949 98.9949 0.0 167429.7500
113.137 113.137 0.0 164336.8477
127.279 127.279 0.0 161343.1992
141.421 141.421 0.0 158450.1680
155.563 155.563 0.0 155660.6719
169.706 169.706 0.0 152977.6328
183.848 183.848 0.0 150403.8438
197.99 197.99 0.0 147940.7344
212.132 212.132 0.0 145589.0977
226.274 226.274 0.0 143348.5547
240.416 240.416 0.0 141217.9805
254.558 254.558 0.0 139195.4375
268.701 268.701 0.0 137278.2578
282.843 282.843 0.0 135463.5664
296.985 296.985 0.0 133747.7773
311.127 311.127 0.0 132127.0527
325.269 325.269 0.0 130597.3457
339.411 339.411 0.0 129154.5488
353.553 353.553 0.0 127794.4277
367.696 367.696 0.0 126512.7188
381.838 381.838 0.0 125305.4082
395.98 395.98 0.0 124168.3184
410.122 410.122 0.0 123097.5137
424.264 424.264 0.0 122089.1680
438.406 438.406 0.0 121139.5547
452.548 452.548 0.0 120245.1797
466.69 466.69 0.0 119402.6914
480.833 480.833 0.0 118608.8516
494.975 494.975 0.0 117860.7656
509.117 509.117 0.0 117155.5107
523.259 523.259 0.0 116490.4404
537.401 537.401 0.0 115862.9951
551.543 551.543 0.0 115270.8525
565.685 565.685 0.0 114711.7764
579.828 579.828 0.0 114183.6436
593.97 593.97 0.0 113684.6074
608.112 608.112 0.0 113212.7822
622.254 622.254 0.0 112766.4980
636.396 636.396 0.0 112344.1455
650.538 650.538 0.0 111944.2559
664.68 664.68 0.0 111565.4385
678.823 678.823 0.0 111206.3809
692.965 692.965 0.0 110865.9316
707.107 707.107 0.0 110542.9268
721.249 721.249 0.0 110236.3291
735.391 735.391 0.0 109945.1504
749.533 749.533 0.0 109668.4717
763.675 763.675 0.0 109405.4536
777.817 777.817 0.0 109155.2866
791.96 791.96 0.0 108917.2109
806.102 806.102 0.0 108690.5635
820.244 820.244 0.0 108474.6685
834.386 834.386 0.0 108268.9224
848.528 848.528 0.0 108072.7578
862.67 862.67 0.0 107885.6367
876.812 876.812 0.0 107707.0630
890.955 890.955 0.0 107536.5581
905.097 905.097 0.0 107373.7026
919.239 919.239 0.0 107218.0762
933.381 933.381 0.0 107069.2852
947.523 947.523 0.0 106926.9810
961.665 961.665 0.0 106790.8135
975.807 975.807 0.0 106660.4741
989.949 989.949 0.0 106535.6577
1004.09 1004.09 0.0 106416.0830
1018.23 1018.23 0.0 106301.4985
1032.38 1032.38 0.0 106191.5601
1046.52 1046.52 0.0 106086.1982
1060.66 1060.66 0.0 105985.0889
1074.8 1074.8 0.0 105888.0566
1088.94 1088.94 0.0 105794.8853
1103.09 1103.09 0.0 105705.3286
1117.23 1117.23 0.0 105619.3442
1131.37 1131.37 0.0 105536.6997
1145.51 1145.51 0.0 105457.2339
1159.66 1159.66 0.0 105380.7566
1173.8 1173.8 0.0 105307.2300
1187.94 1187.94 0.0 105236.4766
1202.08 1202.08 0.0 105168.3528
1216.22 1216.22 0.0 105102.7585
1230.37 1230.37 0.0 105039.5288
1244.51 1244.51 0.0 104978.6514
1258.65 1258.65 0.0 104919.9775
1272.79 1272.79 0.0 104863.4146
1286.93 1286.93 0.0 104808.8708
1301.08 1301.08 0.0 104756.2197
1315.22 1315.22 0.0 104705.4587
1329.36 1329.36 0.0 104656.4749
1343.5 1343.5 0.0 104609.1909
1357.65 1357.65 0.0 104563.5034
1371.79 1371.79 0.0 104519.4099
1385.93 1385.93 0.0 104476.8191
1400.07 1400.07 0.0 104435.6658
1414.21 1414.21 0.0 104395.8955
1428.36 1428.36 0.0 104357.4238
1442.5 1442.5 0.0 104320.2522
1456.64 1456.64 0.0 104284.3044
1470.78 1470.78 0.0 104249.5352
1484.92 1484.92 0.0 104215.8979
1499.07 1499.07 0.0 104183.3193
1513.21 1513.21 0.0 104151.8137
1527.35 1527.35 0.0 104121.3113
1541.49 1541.49 0.0 104091.7793
1555.63 1555.63 0.0 104063.1741
1569.78 1569.78 0.0 104035.4475
1583.92 1583.92 0.0 104008.6018
1598.06 1598.06 0.0 103982.5859
1612.2 1612.2 0.0 103957.3723
1626.35 1626.35 0.0 103932.9092
1640.49 1640.49 0.0 103909.2061
1654.63 1654.63 0.0 103886.2168
1668.77 1668.77 0.0 103863.9165
1682.91 1682.91 0.0 103842.2812
1697.06 1697.06 0.0 103821.2666
1711.2 1711.2 0.0 103800.8867
1725.34 1725.34 0.0 103781.0979
1739.48 1739.48 0.0 103761.8855
1753.62 1753.62 0.0 103743.2222
1767.77 1767.77 0.0 103725.0786
1781.91 1781.91 0.0 103707.4600
1796.05 1796.05 0.0 103690.3369
1810.19 1810.19 0.0 103673.6890
1824.34 1824.34 0.0 103657.4934
1838.48 1838.48 0.0 103641.7473
1852.62 1852.62 0.0 103626.4316
1866.76 1866.76 0.0 103611.5244
1880.9 1880.9 0.0 103597.0164
1895.05 1895.05 0.0 103582.8789
1909.19 1909.19 0.0 103569.1221
1923.33 1923.33 0.0 103555.7180
1937.47 1937.47 0.0 103542.6580
1951.61 1951.61 0.0 103529.9260
1965.76 1965.76 0.0 103517.5042
1979.9 1979.9 0.0 103505.3962
1994.04 1994.04 0.0 103493.5828
2008.18 2008.18 0.0 103482.0540
2022.33 2022.33 0.0 103470.7896
2036.47 2036.47 0.0 103459.7954
2050.61 2050.61 0.0 103449.0542
2064.75 2064.75 0.0 103438.5576
2078.89 2078.89 0.0 103428.2935
2093.04 2093.04 0.0 103418.2468
2107.18 2107.18 0.0 103408.4246
2121.32 2121.32 0.0 103398.8064
2135.46 2135.46 0.0 103389.3921
2149.6 2149.6 0.0 103380.1689
2163.75 2163.75 0.0 103371.1217
2177.89 2177.89 0.0 103362.2579
2192.03 2192.03 0.0 103353.5657
2206.17 2206.17 0.0 103345.0317
2220.32 2220.32 0.0 103336.6516
2234.46 2234.46 0.0 103328.4255
2248.6 2248.6 0.0 103320.3420
2262.74 2262.74 0.0 103312.3947
2276.88 2276.88 0.0 103304.5806
2291.03 2291.03 0.0 103296.8856
2305.17 2305.17 0.0 103289.3158
2319.31 2319.31 0.0 103281.8610
2333.45 2333.45 0.0 103274.5143
2347.59 2347.59 0.0 103267.2755
2361.74 2361.74 0.0 103260.1300
2375.88 2375.88 0.0 103253.0844
2390.02 2390.02 0.0 103246.1300
2404.16 2404.16 0.0 103239.2656
2418.31 2418.31 0.0 103232.4766
2432.45 2432.45 0.0 103225.7732
2446.59 2446.59 0.0 103219.1403
2460.73 2460.73 0.0 103212.5807
2474.87 2474.87 0.0 103206.0923
2489.02 2489.02 0.0 103199.6636
2503.16 2503.16 0.0 103193.2988
2517.3 2517.3 0.0 103186.9938
2531.44 2531.44 0.0 103180.7454
2545.58 2545.58 0.0 103174.5505
2559.73 2559.73 0.0 103168.3998
2573.87 2573.87 0.0 103162.3022
2588.01 2588.01 0.0 103156.2499
2602.15 2602.15 0.0 103150.2437
2616.3 2616.3 0.0 103144.2717
2630.44 2630.44 0.0 103138.3428
2644.58 2644.58 0.0 103132.4519
2658.72 2658.72 0.0 103126.5975
2672.86 2672.86 0.0 103120.7756
2687.01 2687.01 0.0 103114.9846
2701.15 2701.15 0.0 103109.2274
2715.29 2715.29 0.0 103103.4990
2729.43 2729.43 0.0 103097.7981
2743.57 2743.57 0.0 103092.1240
2757.72 2757.72 0.0 103086.4722
2771.86 2771.86 0.0 103080.8477
2786.0 2786.0 0.0 103075.2478
2800.14 2800.14 0.0 103069.6732
2814.28 2814.28 0.0 103064.1180
2828.43 2828.43 0.0 103058.5822
2842.57 2842.57 0.0 103053.0696
2856.71 2856.71 0.0 103047.5779
2870.85 2870.85 0.0 103042.1069
2885.0 2885.0 0.0 103036.6500
2899.14 2899.14 0.0 103031.2162
2913.28 2913.28 0.0 103025.8011
2927.42 2927.42 0.0 103020.4050
2941.56 2941.56 0.0 103015.0242
2955.71 2955.71 0.0 103009.6605
2969.85 2969.85 0.0 103004.3170
2983.99 2983.99 0.0 102998.9929
2998.13 2998.13 0.0 102993.6832
3012.27 3012.27 0.0 102988.3912
3026.42 3026.42 0.0 102983.1167
3040.56 3040.56 0.0 102977.8606
3054.7 3054.7 0.0 102972.6216
3068.84 3068.84 0.0 102967.4027
3082.99 3082.99 0.0 102962.1962
3097.13 3097.13 0.0 102957.0140
3111.27 3111.27 0.0 102951.8461
3125.41 3125.41 0.0 102946.7012
3139.55 3139.55 0.0 102941.5735
3153.7 3153.7 0.0 102936.4612
3167.84 3167.84 0.0 102931.3704
3181.98 3181.98 0.0 102926.2986
3196.12 3196.12 0.0 102921.2484
3210.26 3210.26 0.0 102916.2168
3224.41 3224.41 0.0 102911.2051
3238.55 3238.55 0.0 102906.2135
3252.69 3252.69 0.0 102901.2445
3266.83 3266.83 0.0 102896.2986
3280.98 3280.98 0.0 102891.3682
3295.12 3295.12 0.0 102886.4628
3309.26 3309.26 0.0 102881.5802
3323.4 3323.4 0.0 102876.7218
3337.54 3337.54 0.0 102871.8851
3351.69 3351.69 0.0 102867.0658
3365.83 3365.83 0.0 102862.2767
3379.97 3379.97 0.0 102857.5085
3394.11 3394.11 0.0 102852.7645
3408.25 3408.25 0.0 102848.0453
3422.4 3422.4 0.0 102843.3470
3436.54 3436.54 0.0 102838.6771
3450.68 3450.68 0.0 102834.0316
3464.82 3464.82 0.0 102829.4111
3478.97 3478.97 0.0 102824.8126
3493.11 3493.11 0.0 102820.2423
3507.25 3507.25 0.0 102815.6981
3521.39 3521.39 0.0 102811.1798
3535.53 3535.53 0.0 102806.6870
3549.68 3549.68 0.0 102802.2169
3563.82 3563.82 0.0 102797.7780
3577.96 3577.96 0.0 102793.3635
3592.1 3592.1 0.0 102788.9734
3606.24 3606.24 0.0 102784.6154
3620.39 3620.39 0.0 102780.2771
3634.53 3634.53 0.0 102775.9688
3648.67 3648.67 0.0 102771.6887
3662.81 3662.81 0.0 102767.4349
3676.96 3676.96 0.0 102763.2045
3691.1 3691.1 0.0 102759.0057
3705.24 3705.24 0.0 102754.8313
3719.38 3719.38 0.0 102750.6854
3733.52 3733.52 0.0 102746.5658
3747.67 3747.67 0.0 102742.4716
3761.81 3761.81 0.0 102738.4053
3775.95 3775.95 0.0 102734.3655
3790.09 3790.09 0.0 102730.3545
3804.23 3804.23 0.0 102726.3683
3818.38 3818.38 0.0 102722.4054
3832.52 3832.52 0.0 102718.4730
3846.66 3846.66 0.0 102714.5669
3860.8 3860.8 0.0 102710.6869
3874.95 3874.95 0.0 102706.8302
3889.09 3889.09 0.0 102703.0016
3903.23 3903.23 0.0 102699.1990
3917.37 3917.37 0.0 102695.4211
3931.51 3931.51 0.0 102691.6707
3945.66 3945.66 0.0 102687.9412
3959.8 3959.8 0.0 102684.2416
3973.94 3973.94 0.0 102680.5651
3988.08 3988.08 0.0 102676.9133
4002.22 4002.22 0.0 102673.2875
4016.37 4016.37 0.0 102669.6815
4030.51 4030.51 0.0 102666.1031
4044.65 4044.65 0.0 102662.5490
4058.79 4058.79 0.0 102659.0175
4072.94 4072.94 0.0 102655.5082
4087.08 4087.08 0.0 102652.0237
4101.22 4101.22 0.0 102648.5623
4115.36 4115.36 0.0 102645.1243
4129.5 4129.5 0.0 102641.7090
4143.65 4143.65 0.0 102638.3121
4157.79 4157.79 0.0 102634.9402
4171.93 4171.93 0.0 102631.5898
4186.07 4186.07 0.0 102628.2605
4200.21 4200.21 0.0 102624.9528
4214.36 4214.36 0.0 102621.6646
4228.5 4228.5 0.0 102618.3987
4242.64 4242.64 0.0 102615.1522
