0.0 0.0 0.0 1103550.7500
14.1421 14.1421 0.0 3283058.7500
28.2843 28.2843 0.0 2907289.5000
42.4264 42.4264 0.0 2511086.2500
56.5685 56.5685 0.0 2135328.0000
70.7107 70.7107 0.0 1792469.1250
84.8528 84.8528 0.0 1488866.8750
98.9949 98.9949 0.0 1227715.8750
113.137 113.137 0.0 1009369.8125
127.279 127.279 0.0 831494.8125
141.421 141.421 0.0 689678.3125
155.563 155.563 0.0 578365.0000
169.706 169.706 0.0 491786.9062
183.848 183.848 0.0 424660.3438
197.99 197.99 0.0 372493.9062
212.132 212.132 0.0 331694.5625
226.274 226.274 0.0 299488.9062
240.416 240.416 0.0 273783.5625
254.558 254.558 0.0 253019.2969
268.701 268.701 0.0 236039.0156
282.843 282.843 0.0 221987.7969
296.985 296.985 0.0 210225.8125
311.127 311.127 0.0 200274.1797
325.269 325.269 0.0 191770.6562
339.411 339.411 0.0 184438.4062
353.553 353.553 0.0 178063.8047
367.696 367.696 0.0 172479.6875
381.838 381.838 0.0 167555.6562
395.98 395.98 0.0 163186.4375
410.122 410.122 0.0 159288.0156
424.264 424.264 0.0 155792.0000
438.406 438.406 0.0 152642.3945
452.548 452.548 0.0 149792.9219
466.69 466.69 0.0 147205.1016
480.833 480.833 0.0 144846.3438
494.975 494.975 0.0 142689.6953
509.117 509.117 0.0 140711.7109
523.259 523.259 0.0 138892.5078
537.401 537.401 0.0 137214.8828
551.543 551.543 0.0 135664.1406
565.685 565.685 0.0 134227.2891
579.828 579.828 0.0 132893.0469
593.97 593.97 0.0 131651.6895
608.112 608.112 0.0 130494.4922
622.254 622.254 0.0 129413.7383
636.396 636.396 0.0 128402.6738
650.538 650.538 0.0 127455.1973
664.68 664.68 0.0 126565.9766
678.823 678.823 0.0 125730.0879
692.965 692.965 0.0 124943.3516
707.107 707.107 0.0 124201.8066
721.249 721.249 0.0 123501.9707
735.391 735.391 0.0 122840.6641
749.533 749.533 0.0 122215.0449
763.675 763.675 0.0 121622.4863
777.817 777.817 0.0 121060.6641
791.96 791.96 0.0 120527.3789
806.102 806.102 0.0 120020.7559
820.244 820.244 0.0 119538.9551
834.386 834.386 0.0 119080.3652
848.528 848.528 0.0 118643.4473
862.67 862.67 0.0 118226.8496
876.812 876.812 0.0 117829.2910
890.955 890.955 0.0 117449.5986
905.097 905.097 0.0 117086.7314
919.239 919.239 0.0 116739.6660
933.381 933.381 0.0 116407.4805
947.523 947.523 0.0 116089.3232
961.665 961.665 0.0 115784.4062
975.807 975.807 0.0 115491.9844
989.949 989.949 0.0 115211.3926
1004.09 1004.09 0.0 114941.9893
1018.23 1018.23 0.0 114683.1973
1032.38 1032.38 0.0 114434.2598
1046.52 1046.52 0.0 114195.0146
1060.66 1060.66 0.0 113964.7988
1074.8 1074.8 0.0 113743.1582
1088.94 1088.94 0.0 113529.6719
1103.09 1103.09 0.0 113323.7900
1117.23 1117.23 0.0 113125.4346
1131.37 1131.37 0.0 112934.1064
1145.51 1145.51 0.0 112749.4658
1159.66 1159.66 0.0 112571.0869
1173.8 1173.8 0.0 112398.9238
1187.94 1187.94 0.0 112232.5771
1202.08 1202.08 0.0 112071.7734
1216.22 1216.22 0.0 111916.2725
1230.37 1230.37 0.0 111765.7324
1244.51 1244.51 0.0 111620.1592
1258.65 1258.65 0.0 111479.2148
1272.79 1272.79 0.0 111342.7148
1286.93 1286.93 0.0 111210.4551
1301.08 1301.08 0.0 111082.1895
1315.22 1315.22 0.0 110957.9141
1329.36 1329.36 0.0 110837.3867
1343.5 1343.5 0.0 110720.4434
1357.65 1357.65 0.0 110606.8770
1371.79 1371.79 0.0 110496.6836
1385.93 1385.93 0.0 110389.6719
1400.07 1400.07 0.0 110285.7061
1414.21 1414.21 0.0 110184.6689
1428.36 1428.36 0.0 110086.3799
1442.5 1442.5 0.0 109990.8730
1456.64 1456.64 0.0 109897.9580
1470.78 1470.78 0.0 109807.5527
1484.92 1484.92 0.0 109719.5537
1499.07 1499.07 0.0 109633.8105
1513.21 1513.21 0.0 109550.3633
1527.35 1527.35 0.0 109469.0713
1541.49 1541.49 0.0 109389.8379
1555.63 1555.63 0.0 109312.5952
1569.78 1569.78 0.0 109237.2383
1583.92 1583.92 0.0 109163.7783
1598.06 1598.06 0.0 109092.0991
1612.2 1612.2 0.0 109022.1455
1626.35 1626.35 0.0 108953.8037
1640.49 1640.49 0.0 108887.1162
1654.63 1654.63 0.0 108821.9604
1668.77 1668.77 0.0 108758.3096
1682.91 1682.91 0.0 108696.0947
1697.06 1697.06 0.0 108635.2241
1711.2 1711.2 0.0 108575.7437
1725.34 1725.34 0.0 108517.5586
1739.48 1739.48 0.0 108460.6187
1753.62 1753.62 0.0 108404.8945
1767.77 1767.77 0.0 108350.2915
1781.91 1781.91 0.0 108296.8643
1796.05 1796.05 0.0 108244.5249
1810.19 1810.19 0.0 108193.2466
1824.34 1824.34 0.0 108142.9468
1838.48 1838.48 0.0 108093.6792
1852.62 1852.62 0.0 108045.3574
1866.76 1866.76 0.0 107997.9629
1880.9 1880.9 0.0 107951.4663
1895.05 1895.05 0.0 107905.7949
1909.19 1909.19 0.0 107860.9995
1923.33 1923.33 0.0 107817.0083
1937.47 1937.47 0.0 107773.8091
1951.61 1951.61 0.0 107731.3677
1965.76 1965.76 0.0 107689.6406
1979.9 1979.9 0.0 107648.6475
1994.04 1994.04 0.0 107608.3564
2008.18 2008.18 0.0 107568.7314
2022.33 2022.33 0.0 107529.7266
2036.47 2036.47 0.0 107491.3838
2050.61 2050.61 0.0 107453.6528
2064.75 2064.75 0.0 107416.5176
2078.89 2078.89 0.0 107379.9575
2093.04 2093.04 0.0 107343.9277
2107.18 2107.18 0.0 107308.4707
2121.32 2121.32 0.0 107273.5386
2135.46 2135.46 0.0 107239.1191
2149.6 2149.6 0.0 107205.1997
2163.75 2163.75 0.0 107171.7354
2177.89 2177.89 0.0 107138.7744
2192.03 2192.03 0.0 107106.2617
2206.17 2206.17 0.0 107074.1953
2220.32 2220.32 0.0 107042.5400
2234.46 2234.46 0.0 107011.3291
2248.6 2248.6 0.0 106980.5308
2262.74 2262.74 0.0 106950.1284
2276.88 2276.88 0.0 106920.1172
2291.03 2291.03 0.0 106890.4653
2305.17 2305.17 0.0 106861.2012
2319.31 2319.31 0.0 106832.2969
2333.45 2333.45 0.0 106803.7466
2347.59 2347.59 0.0 106775.5391
2361.74 2361.74 0.0 106747.6450
2375.88 2375.88 0.0 106720.0972
2390.02 2390.02 0.0 106692.8726
2404.16 2404.16 0.0 106665.9526
2418.31 2418.31 0.0 106639.3242
2432.45 2432.45 0.0 106613.0137
2446.59 2446.59 0.0 106586.9883
2460.73 2460.73 0.0 106561.2554
2474.87 2474.87 0.0 106535.8018
2489.02 2489.02 0.0 106510.5972
2503.16 2503.16 0.0 106485.6807
2517.3 2517.3 0.0 106461.0278
2531.44 2531.44 0.0 106436.6367
2545.58 2545.58 0.0 106412.4912
2559.73 2559.73 0.0 106388.5815
2573.87 2573.87 0.0 106364.9268
2588.01 2588.01 0.0 106341.5151
2602.15 2602.15 0.0 106318.3354
2616.3 2616.3 0.0 106295.3691
2630.44 2630.44 0.0 106272.6445
2644.58 2644.58 0.0 106250.1431
2658.72 2658.72 0.0 106227.8623
2672.86 2672.86 0.0 106205.7969
2687.01 2687.01 0.0 106183.9224
2701.15 2701.15 0.0 106162.2725
2715.29 2715.29 0.0 106140.8320
2729.43 2729.43 0.0 106119.5928
2743.57 2743.57 0.0 106098.5513
2757.72 2757.72 0.0 106077.6899
2771.86 2771.86 0.0 106057.0410
2786.0 2786.0 0.0 106036.5776
2800.14 2800.14 0.0 106016.3057
2814.28 2814.28 0.0 105996.2139
2828.43 2828.43 0.0 105976.2959
2842.57 2842.57 0.0 105956.5693
2856.71 2856.71 0.0 105937.0249
2870.85 2870.85 0.0 105917.6538
2885.0 2885.0 0.0 105898.4448
2899.14 2899.14 0.0 105879.4219
2913.28 2913.28 0.0 105860.5664
2927.42 2927.42 0.0 105841.8838
2941.56 2941.56 0.0 105823.3618
2955.71 2955.71 0.0 105804.9932
2969.85 2969.85 0.0 105786.7983
2983.99 2983.99 0.0 105768.7651
2998.13 2998.13 0.0 105750.8892
3012.27 3012.27 0.0 105733.1685
3026.42 3026.42 0.0 105715.5947
3040.56 3040.56 0.0 105698.1899
3054.7 3054.7 0.0 105680.9287
3068.84 3068.84 0.0 105663.8223
3082.99 3082.99 0.0 105646.8530
3097.13 3097.13 0.0 105630.0420
3111.27 3111.27 0.0 105613.3779
3125.41 3125.41 0.0 105596.8574
3139.55 3139.55 0.0 105580.4775
3153.7 3153.7 0.0 105564.2344
3167.84 3167.84 0.0 105548.1338
3181.98 3181.98 0.0 105532.1748
3196.12 3196.12 0.0 105516.3555
3210.26 3210.26 0.0 105500.6724
3224.41 3224.41 0.0 105485.1094
3238.55 3238.55 0.0 105469.6958
3252.69 3252.69 0.0 105454.4111
3266.83 3266.83 0.0 105439.2578
3280.98 3280.98 0.0 105424.2236
3295.12 3295.12 0.0 105409.3245
3309.26 3309.26 0.0 105394.5583
3323.4 3323.4 0.0 105379.9128
3337.54 3337.54 0.0 105365.3958
3351.69 3351.69 0.0 105350.9856
3365.83 3365.83 0.0 105336.7124
3379.97 3379.97 0.0 105322.5569
3394.11 3394.11 0.0 105308.5227
3408.25 3408.25 0.0 105294.6079
3422.4 3422.4 0.0 105280.7964
3436.54 3436.54 0.0 105267.1133
3450.68 3450.68 0.0 105253.5427
3464.82 3464.82 0.0 105240.0879
3478.97 3478.97 0.0 105226.7366
3493.11 3493.11 0.0 105213.5027
3507.25 3507.25 0.0 105200.3782
3521.39 3521.39 0.0 105187.3660
3535.53 3535.53 0.0 105174.4597
3549.68 3549.68 0.0 105161.6531
3563.82 3563.82 0.0 105148.9565
3577.96 3577.96 0.0 105136.3672
3592.1 3592.1 0.0 105123.8784
3606.24 3606.24 0.0 105111.4922
3620.39 3620.39 0.0 105099.2000
3634.53 3634.53 0.0 105087.0156
3648.67 3648.67 0.0 105074.9277
3662.81 3662.81 0.0 105062.9390
3676.96 3676.96 0.0 105051.0366
3691.1 3691.1 0.0 105039.2424
3705.24 3705.24 0.0 105027.5369
3719.38 3719.38 0.0 105015.9243
3733.52 3733.52 0.0 105004.4060
3747.67 3747.67 0.0 104992.9685
3761.81 3761.81 0.0 104981.6279
3775.95 3775.95 0.0 104970.3777
3790.09 3790.09 0.0 104959.2139
3804.23 3804.23 0.0 104948.1396
3818.38 3818.38 0.0 104937.1399
3832.52 3832.52 0.0 104926.2336
3846.66 3846.66 0.0 104915.4082
3860.8 3860.8 0.0 104904.6680
3874.95 3874.95 0.0 104893.9988
3889.09 3889.09 0.0 104883.4192
3903.23 3903.23 0.0 104872.9165
3917.37 3917.37 0.0 104862.4934
3931.51 3931.51 0.0 104852.1497
3945.66 3945.66 0.0 104841.8694
3959.8 3959.8 0.0 104831.6743
3973.94 3973.94 0.0 104821.5505
3988.08 3988.08 0.0 104811.5037
4002.22 4002.22 0.0 104801.5254
4016.37 4016.37 0.0 104791.6138
4030.51 4030.51 0.0 104781.7795
4044.65 4044.65 0.0 104772.0095
4058.79 4058.79 0.0 104762.3110
4072.94 4072.94 0.0 104752.6738
4087.08 4087.08 0.0 104743.1079
4101.22 4101.22 0.0 104733.6060
4115.36 4115.36 0.0 104724.1724
4129.5 4129.5 0.0 104714.8003
4143.65 4143.65 0.0 104705.4829
4157.79 4157.79 0.0 104696.2361
4171.93 4171.93 0.0 104687.0466
4186.07 4186.07 0.0 104677.9204
4200.21 4200.21 0.0 104668.8506
4214.36 4214.36 0.0 104659.8311
4228.5 4228.5 0.0 104650.8782
4242.64 4242.64 0.0 104641.9841
4256.78 4256.78 0.0 104633.1392
4270.92 4270.92 0.0 104624.3523
4285.07 4285.07 0.0 104615.6121
4299.21 4299.21 0.0 104606.9294
4313.35 4313.35 0.0 104598.3025
4327.49 4327.49 0.0 104589.7258
4341.64 4341.64 0.0 104581.1921
4355.78 4355.78 0.0 104572.7163
4369.92 4369.92 0.0 104564.2898
4384.06 4384.06 0.0 104555.9087
4398.2 4398.2 0.0 104547.5764
4412.35 4412.35 0.0 104539.2842
4426.49 4426.49 0.0 104531.0452
4440.63 4440.63 0.0 104522.8518
4454.77 4454.77 0.0 104514.7021
4468.91 4468.91 0.0 104506.5972
4483.06 4483.06 0.0 104498.5281
4497.2 4497.2 0.0 104490.5081
4511.34 4511.34 0.0 104482.5293
4525.48 4525.48 0.0 104474.5945
4539.63 4539.63 0.0 104466.6917
4553.77 4553.77 0.0 104458.8372
4567.91 4567.91 0.0 104451.0183
4582.05 4582.05 0.0 104443.2395
4596.19 4596.19 0.0 104435.4985
4610.34 4610.34 0.0 104427.7881
4624.48 4624.48 0.0 104420.1216
4638.62 4638.62 0.0 104412.4922
4652.76 4652.76 0.0 104404.8989
4666.9 4666.9 0.0 104397.3362
4681.05 4681.05 0.0 104389.8062
4695.19 4695.19 0.0 104382.3137
4709.33 4709.33 0.0 104374.8540
4723.47 4723.47 0.0 104367.4314
4737.62 4737.62 0.0 104360.0325
4751.76 4751.76 0.0 104352.6716
4765.9 4765.9 0.0 104345.3403
4780.04 4780.04 0.0 104338.0410
4794.18 4794.18 0.0 104330.7725
4808.33 4808.33 0.0 104323.5266
4822.47 4822.47 0.0 104316.3171
4836.61 4836.61 0.0 104309.1362
4850.75 4850.75 0.0 104301.9839
4864.89 4864.89 0.0 104294.8569
4879.04 4879.04 0.0 104287.7559
4893.18 4893.18 0.0 104280.6853
4907.32 4907.32 0.0 104273.6445
4921.46 4921.46 0.0 104266.6262
4935.61 4935.61 0.0 104259.6313
4949.75 4949.75 0.0 104252.6646
4963.89 4963.89 0.0 104245.7266
4978.03 4978.03 0.0 104238.8105
4992.17 4992.17 0.0 104231.9207
5006.32 5006.32 0.0 104225.0496
5020.46 5020.46 0.0 104218.2061
5034.6 5034.6 0.0 104211.3865
5048.74 5048.74 0.0 104204.5916
5062.88 5062.88 0.0 104197.8181
5077.03 5077.03 0.0 104191.0630
5091.17 5091.17 0.0 104184.3335
5105.31 5105.31 0.0 104177.6274
5119.45 5119.45 0.0 104170.9419
5133.6 5133.6 0.0 104164.2744
5147.74 5147.74 0.0 104157.6318
5161.88 5161.88 0.0 104151.0090
5176.02 5176.02 0.0 104144.4094
5190.16 5190.16 0.0 104137.8311
5204.31 5204.31 0.0 104131.2664
5218.45 5218.45 0.0 104124.7249
5232.59 5232.59 0.0 104118.2041
5246.73 5246.73 0.0 104111.7039
5260.87 5260.87 0.0 104105.2224
5275.02 5275.02 0.0 104098.7537
5289.16 5289.16 0.0 104092.3115
5303.3 5303.3 0.0 104085.8860
5317.44 5317.44 0.0 104079.4792
5331.59 5331.59 0.0 104073.0881
5345.73 5345.73 0.0 104066.7178
5359.87 5359.87 0.0 104060.3655
5374.01 5374.01 0.0 104054.0347
5388.15 5388.15 0.0 104047.7161
5402.3 5402.3 0.0 104041.4143
5416.44 5416.44 0.0 104035.1353
5430.58 5430.58 0.0 104028.8716
5444.72 5444.72 0.0 104022.6250
5458.86 5458.86 0.0 104016.3979
5473.01 5473.01 0.0 104010.1829
5487.15 5487.15 0.0 104003.9885
5501.29 5501.29 0.0 103997.8108
5515.43 5515.43 0.0 103991.6514
5529.58 5529.58 0.0 103985.5034
5543.72 5543.72 0.0 103979.3784
5557.86 5557.86 0.0 103973.2651
5572.0 5572.0 0.0 103967.1733
5586.14 5586.14 0.0 103961.0955
5600.29 5600.29 0.0 103955.0320
5614.43 5614.43 0.0 103948.9880
5628.57 5628.57 0.0 103942.9607
5642.71 5642.71 0.0 103936.9487
5656.85 5656.85 0.0 103930.9578
5671.0 5671.0 0.0 103924.9729
5685.14 5685.14 0.0 103919.0117
5699.28 5699.28 0.0 103913.0632
5713.42 5713.42 0.0 103907.1355
5727.56 5727.56 0.0 103901.2227
5741.71 5741.71 0.0 103895.3232
5755.85 5755.85 0.0 103889.4448
5769.99 5769.99 0.0 103883.5774
5784.13 5784.13 0.0 103877.7317
5798.28 5798.28 0.0 103871.8970
5812.42 5812.42 0.0 103866.0806
5826.56 5826.56 0.0 103860.2820
5840.7 5840.7 0.0 103854.5029
5854.84 5854.84 0.0 103848.7368
5868.99 5868.99 0.0 103842.9851
5883.13 5883.13 0.0 103837.2537
5897.27 5897.27 0.0 103831.5376
5911.41 5911.41 0.0 103825.8381
5925.55 5925.55 0.0 103820.1562
5939.7 5939.7 0.0 103814.4888
5953.84 5953.84 0.0 103808.8384
5967.98 5967.98 0.0 103803.2085
5982.12 5982.12 0.0 103797.5945
5996.27 5996.27 0.0 103791.9946
6010.41 6010.41 0.0 103786.4153
6024.55 6024.55 0.0 103780.8496
6038.69 6038.69 0.0 103775.3062
6052.83 6052.83 0.0 103769.7764
6066.98 6066.98 0.0 103764.2627
6081.12 6081.12 0.0 103758.7693
6095.26 6095.26 0.0 103753.2952
6109.4 6109.4 0.0 103747.8369
6123.54 6123.54 0.0 103742.3962
6137.69 6137.69 0.0 103736.9717
6151.83 6151.83 0.0 103731.5674
6165.97 6165.97 0.0 103726.1816
6180.11 6180.11 0.0 103720.8152
6194.26 6194.26 0.0 103715.4617
6208.4 6208.4 0.0 103710.1304
6222.54 6222.54 0.0 103704.8164
6236.68 6236.68 0.0 103699.5247
6250.82 6250.82 0.0 103694.2493
6264.97 6264.97 0.0 103688.9897
6279.11 6279.11 0.0 103683.7537
6293.25 6293.25 0.0 103678.5352
6307.39 6307.39 0.0 103673.3379
6321.53 6321.53 0.0 103668.1582
6335.68 6335.68 0.0 103662.9924
6349.82 6349.82 0.0 103657.8547
6363.96 6363.96 0.0 103652.7324
6378.1 6378.1 0.0 103647.6340
6392.25 6392.25 0.0 103642.5488
6406.39 6406.39 0.0 103637.4866
6420.53 6420.53 0.0 103632.4475
6434.67 6434.67 0.0 103627.4250
6448.81 6448.81 0.0 103622.4255
6462.96 6462.96 0.0 103617.4446
6477.1 6477.1 0.0 103612.4851
6491.24 6491.24 0.0 103607.5486
6505.38 6505.38 0.0 103602.6287
6519.52 6519.52 0.0 103597.7339
6533.67 6533.67 0.0 103592.8562
6547.81 6547.81 0.0 103588.0024
6561.95 6561.95 0.0 103583.1748
6576.09 6576.09 0.0 103578.3613
6590.24 6590.24 0.0 103573.5688
6604.38 6604.38 0.0 103568.8015
6618.52 6618.52 0.0 103564.0591
6632.66 6632.66 0.0 103559.3345
6646.8 6646.8 0.0 103554.6353
6660.95 6660.95 0.0 103549.9539
6675.09 6675.09 0.0 103545.2959
6689.23 6689.23 0.0 103540.6643
6703.37 6703.37 0.0 103536.0520
6717.51 6717.51 0.0 103531.4641
6731.66 6731.66 0.0 103526.8970
6745.8 6745.8 0.0 103522.3564
6759.94 6759.94 0.0 103517.8374
6774.08 6774.08 0.0 103513.3416
6788.23 6788.23 0.0 103508.8672
6802.37 6802.37 0.0 103504.4194
6816.51 6816.51 0.0 103499.9932
6830.65 6830.65 0.0 103495.5928
6844.79 6844.79 0.0 103491.2178
6858.94 6858.94 0.0 103486.8604
6873.08 6873.08 0.0 103482.5315
6887.22 6887.22 0.0 103478.2278
6901.36 6901.36 0.0 103473.9460
6915.5 6915.5 0.0 103469.6919
6929.65 6929.65 0.0 103465.4565
6943.79 6943.79 0.0 103461.2500
6957.93 6957.93 0.0 103457.0679
6972.07 6972.07 0.0 103452.9111
6986.21 6986.21 0.0 103448.7798
7000.36 7000.36 0.0 103444.6707
7014.5 7014.5 0.0 103440.5884
7028.64 7028.64 0.0 103436.5310
7042.78 7042.78 0.0 103432.5005
7056.93 7056.93 0.0 103428.4919
7071.07 7071.07 0.0 103424.5120
7085.21 7085.21 0.0 103420.5554
7099.35 7099.35 0.0 103416.6279
7113.49 7113.49 0.0 103412.7261
7127.64 7127.64 0.0 103408.8455
7141.78 7141.78 0.0 103404.9946
7155.92 7155.92 0.0 103401.1697
7170.06 7170.06 0.0 103397.3728
7184.2 7184.2 0.0 103393.5972
7198.35 7198.35 0.0 103389.8494
7212.49 7212.49 0.0 103386.1299
7226.63 7226.63 0.0 103382.4346
7240.77 7240.77 0.0 103378.7676
7254.92 7254.92 0.0 103375.1257
7269.06 7269.06 0.0 103371.5109
7283.2 7283.2 0.0 103367.9233
7297.34 7297.34 0.0 103364.3650
7311.48 7311.48 0.0 103360.8297
7325.63 7325.63 0.0 103357.3202
7339.77 7339.77 0.0 103353.8383
7353.91 7353.91 0.0 103350.3861
7368.05 7368.05 0.0 103346.9600
7382.19 7382.19 0.0 103343.5609
7396.34 7396.34 0.0 103340.1876
7410.48 7410.48 0.0 103336.8412
7424.62 7424.62 0.0 103333.5243
7438.76 7438.76 0.0 103330.2328
7452.91 7452.91 0.0 103326.9666
7467.05 7467.05 0.0 103323.7307
7481.19 7481.19 0.0 103320.5209
7495.33 7495.33 0.0 103317.3397
7509.47 7509.47 0.0 103314.1847
7523.62 7523.62 0.0 103311.0547
7537.76 7537.76 0.0 103307.9548
7551.9 7551.9 0.0 103304.8815
7566.04 7566.04 0.0 103301.8374
7580.18 7580.18 0.0 103298.8187
7594.33 7594.33 0.0 103295.8262
7608.47 7608.47 0.0 103292.8618
7622.61 7622.61 0.0 103289.9260
7636.75 7636.75 0.0 103287.0154
7650.9 7650.9 0.0 103284.1323
7665.04 7665.04 0.0 103281.2776
7679.18 7679.18 0.0 103278.4503
7693.32 7693.32 0.0 103275.6494
7707.46 7707.46 0.0 103272.8776
7721.61 7721.61 0.0 103270.1301
7735.75 7735.75 0.0 103267.4116
7749.89 7749.89 0.0 103264.7197
7764.03 7764.03 0.0 103262.0549
7778.17 7778.17 0.0 103259.4167
