0.0 0.0 0.0 338492.4688
14.1421 14.1421 0.0 314402.9219
28.2843 28.2843 0.0 311148.4844
42.4264 42.4264 0.0 306413.6406
56.5685 56.5685 0.0 300548.5938
70.7107 70.7107 0.0 293986.7812
84.8528 84.8528 0.0 287045.5625
98.9949 98.9949 0.0 279944.3125
113.137 113.137 0.0 272834.5938
127.279 127.279 0.0 265820.2500
141.421 141.421 0.0 258972.1875
155.563 155.563 0.0 252337.8594
169.706 169.706 0.0 245946.8281
183.848 183.848 0.0 239818.0625
197.99 197.99 0.0 233959.7812
212.132 212.132 0.0 228374.2812
226.274 226.274 0.0 223058.7734
240.416 240.416 0.0 218007.3125
254.558 254.558 0.0 213211.5000
268.701 268.701 0.0 208660.8125
282.843 282.843 0.0 204345.0391
296.985 296.985 0.0 200252.1094
311.127 311.127 0.0 196370.2578
325.269 325.269 0.0 192687.7891
339.411 339.411 0.0 189193.2656
353.553 353.553 0.0 185875.5547
367.696 367.696 0.0 182723.6641
381.838 381.838 0.0 179728.0781
395.98 395.98 0.0 176878.9453
410.122 410.122 0.0 174167.2188
424.264 424.264 0.0 171584.5312
438.406 438.406 0.0 169122.9688
452.548 452.548 0.0 166775.1758
466.69 466.69 0.0 164534.3398
480.833 480.833 0.0 162393.9766
494.975 494.975 0.0 160348.4531
509.117 509.117 0.0 158392.2109
523.259 523.259 0.0 156520.1914
537.401 537.401 0.0 154727.6641
551.543 551.543 0.0 153010.3359
565.685 565.685 0.0 151364.0859
579.828 579.828 0.0 149785.1172
593.97 593.97 0.0 148270.1797
608.112 608.112 0.0 146815.9062
622.254 622.254 0.0 145419.2734
636.396 636.396 0.0 144077.4453
650.538 650.538 0.0 142787.7891
664.68 664.68 0.0 141547.9336
678.823 678.823 0.0 140355.4023
692.965 692.965 0.0 139208.2422
707.107 707.107 0.0 138104.3203
721.249 721.249 0.0 137041.7500
735.391 735.391 0.0 136018.7031
749.533 749.533 0.0 135033.4648
763.675 763.675 0.0 134084.4648
777.817 777.817 0.0 133170.1445
791.96 791.96 0.0 132289.0156
806.102 806.102 0.0 131439.8242
820.244 820.244 0.0 130621.2148
834.386 834.386 0.0 129831.9277
848.528 848.528 0.0 129070.8027
862.67 862.67 0.0 128336.6777
876.812 876.812 0.0 127628.5234
890.955 890.955 0.0 126945.2305
905.097 905.097 0.0 126285.9316
919.239 919.239 0.0 125649.6289
933.381 933.381 0.0 125035.4297
947.523 947.523 0.0 124442.4746
961.665 961.665 0.0 123869.9395
975.807 975.807 0.0 123317.0312
989.949 989.949 0.0 122783.0020
1004.09 1004.09 0.0 122267.1543
1018.23 1018.23 0.0 121768.8047
1032.38 1032.38 0.0 121286.9023
1046.52 1046.52 0.0 120821.4902
1060.66 1060.66 0.0 120371.6055
1074.8 1074.8 0.0 119936.6582
1088.94 1088.94 0.0 119516.1035
1103.09 1103.09 0.0 119109.0879
1117.23 1117.23 0.0 118715.6836
1131.37 1131.37 0.0 118335.0898
1145.51 1145.51 0.0 117966.8359
1159.66 1159.66 0.0 117610.1992
1173.8 1173.8 0.0 117265.2598
1187.94 1187.94 0.0 116931.3271
1202.08 1202.08 0.0 116607.9883
1216.22 1216.22 0.0 116294.8486
1230.37 1230.37 0.0 115991.3340
1244.51 1244.51 0.0 115697.5059
1258.65 1258.65 0.0 115412.7861
1272.79 1272.79 0.0 115136.8652
1286.93 1286.93 0.0 114869.4092
1301.08 1301.08 0.0 114609.9248
1315.22 1315.22 0.0 114358.5029
1329.36 1329.36 0.0 114114.6562
1343.5 1343.5 0.0 113878.1035
1357.65 1357.65 0.0 113648.4434
1371.79 1371.79 0.0 113425.7480
1385.93 1385.93 0.0 113209.5938
1400.07 1400.07 0.0 112999.7568
1414.21 1414.21 0.0 112796.0225
1428.36 1428.36 0.0 112598.0273
1442.5 1442.5 0.0 112405.8369
1456.64 1456.64 0.0 112219.1250
1470.78 1470.78 0.0 112037.6982
1484.92 1484.92 0.0 111861.3750
1499.07 1499.07 0.0 111689.8516
1513.21 1513.21 0.0 111523.2061
1527.35 1527.35 0.0 111361.1504
1541.49 1541.49 0.0 111203.5195
1555.63 1555.63 0.0 111050.1875
1569.78 1569.78 0.0 110900.8779
1583.92 1583.92 0.0 110755.6787
1598.06 1598.06 0.0 110614.3389
1612.2 1612.2 0.0 110476.7314
1626.35 1626.35 0.0 110342.6514
1640.49 1640.49 0.0 110212.1426
1654.63 1654.63 0.0 110085.0166
1668.77 1668.77 0.0 109961.1426
1682.91 1682.91 0.0 109840.4336
1697.06 1697.06 0.0 109722.6992
1711.2 1711.2 0.0 109608.0020
1725.34 1725.34 0.0 109496.1655
1739.48 1739.48 0.0 109387.0889
1753.62 1753.62 0.0 109280.6909
1767.77 1767.77 0.0 109176.8169
1781.91 1781.91 0.0 109075.5151
1796.05 1796.05 0.0 108976.6572
1810.19 1810.19 0.0 108880.1504
1824.34 1824.34 0.0 108785.8555
1838.48 1838.48 0.0 108693.8398
1852.62 1852.62 0.0 108603.9673
1866.76 1866.76 0.0 108516.1641
1880.9 1880.9 0.0 108430.3721
1895.05 1895.05 0.0 108346.4736
1909.19 1909.19 0.0 108264.5259
1923.33 1923.33 0.0 108184.4038
1937.47 1937.47 0.0 108106.0684
1951.61 1951.61 0.0 108029.4526
1965.76 1965.76 0.0 107954.4556
1979.9 1979.9 0.0 107881.1323
1994.04 1994.04 0.0 107809.3945
2008.18 2008.18 0.0 107739.1743
2022.33 2022.33 0.0 107670.3994
2036.47 2036.47 0.0 107603.1050
2050.61 2050.61 0.0 107537.2202
2064.75 2064.75 0.0 107472.6870
2078.89 2078.89 0.0 107409.4678
2093.04 2093.04 0.0 107347.4946
2107.18 2107.18 0.0 107286.8086
2121.32 2121.32 0.0 107227.3320
2135.46 2135.46 0.0 107169.0371
2149.6 2149.6 0.0 107111.8823
2163.75 2163.75 0.0 107055.8008
2177.89 2177.89 0.0 107000.8408
2192.03 2192.03 0.0 106946.9351
2206.17 2206.17 0.0 106894.0469
2220.32 2220.32 0.0 106842.1216
2234.46 2234.46 0.0 106791.2036
2248.6 2248.6 0.0 106741.2227
2262.74 2262.74 0.0 106692.1655
2276.88 2276.88 0.0 106644.0015
2291.03 2291.03 0.0 106596.6694
2305.17 2305.17 0.0 106550.2202
2319.31 2319.31 0.0 106504.6001
2333.45 2333.45 0.0 106459.7778
2347.59 2347.59 0.0 106415.7412
2361.74 2361.74 0.0 106372.4399
2375.88 2375.88 0.0 106329.9131
2390.02 2390.02 0.0 106288.1138
2404.16 2404.16 0.0 106247.0210
2418.31 2418.31 0.0 106206.5884
2432.45 2432.45 0.0 106166.8628
2446.59 2446.59 0.0 106127.7925
2460.73 2460.73 0.0 106089.3608
2474.87 2474.87 0.0 106051.5601
2489.02 2489.02 0.0 106014.3398
2503.16 2503.16 0.0 105977.7437
2517.3 2517.3 0.0 105941.7334
2531.44 2531.44 0.0 105906.2910
2545.58 2545.58 0.0 105871.4033
2559.73 2559.73 0.0 105837.0405
2573.87 2573.87 0.0 105803.2266
2588.01 2588.01 0.0 105769.9365
2602.15 2602.15 0.0 105737.1577
2616.3 2616.3 0.0 105704.8491
2630.44 2630.44 0.0 105673.0522
2644.58 2644.58 0.0 105641.7319
2658.72 2658.72 0.0 105610.8730
2672.86 2672.86 0.0 105580.4731
2687.01 2687.01 0.0 105550.4976
2701.15 2701.15 0.0 105520.9844
2715.29 2715.29 0.0 105491.8955
2729.43 2729.43 0.0 105463.2280
2743.57 2743.57 0.0 105434.9702
2757.72 2757.72 0.0 105407.0972
2771.86 2771.86 0.0 105379.6353
2786.0 2786.0 0.0 105352.5664
2800.14 2800.14 0.0 105325.8743
2814.28 2814.28 0.0 105299.5552
2828.43 2828.43 0.0 105273.5813
2842.57 2842.57 0.0 105247.9900
2856.71 2856.71 0.0 105222.7441
2870.85 2870.85 0.0 105197.8503
2885.0 2885.0 0.0 105173.2747
2899.14 2899.14 0.0 105149.0530
2913.28 2913.28 0.0 105125.1550
2927.42 2927.42 0.0 105101.5808
2941.56 2941.56 0.0 105078.3203
2955.71 2955.71 0.0 105055.3572
2969.85 2969.85 0.0 105032.7146
2983.99 2983.99 0.0 105010.3701
2998.13 2998.13 0.0 104988.3242
3012.27 3012.27 0.0 104966.5696
3026.42 3026.42 0.0 104945.0813
3040.56 3040.56 0.0 104923.8894
3054.7 3054.7 0.0 104902.9746
3068.84 3068.84 0.0 104882.3354
3082.99 3082.99 0.0 104861.9478
3097.13 3097.13 0.0 104841.8359
3111.27 3111.27 0.0 104821.9846
3125.41 3125.41 0.0 104802.3877
3139.55 3139.55 0.0 104783.0471
3153.7 3153.7 0.0 104763.9360
3167.84 3167.84 0.0 104745.0837
3181.98 3181.98 0.0 104726.4722
3196.12 3196.12 0.0 104708.0974
3210.26 3210.26 0.0 104689.9575
3224.41 3224.41 0.0 104672.0327
3238.55 3238.55 0.0 104654.3491
3252.69 3252.69 0.0 104636.8911
3266.83 3266.83 0.0 104619.6499
3280.98 3280.98 0.0 104602.6155
3295.12 3295.12 0.0 104585.8101
3309.26 3309.26 0.0 104569.2112
3323.4 3323.4 0.0 104552.8245
3337.54 3337.54 0.0 104536.6409
3351.69 3351.69 0.0 104520.6511
3365.83 3365.83 0.0 104504.8711
3379.97 3379.97 0.0 104489.2874
3394.11 3394.11 0.0 104473.9004
3408.25 3408.25 0.0 104458.7070
3422.4 3422.4 0.0 104443.6895
3436.54 3436.54 0.0 104428.8694
3450.68 3450.68 0.0 104414.2361
3464.82 3464.82 0.0 104399.7825
3478.97 3478.97 0.0 104385.5017
3493.11 3493.11 0.0 104371.4058
3507.25 3507.25 0.0 104357.4873
3521.39 3521.39 0.0 104343.7417
3535.53 3535.53 0.0 104330.1643
3549.68 3549.68 0.0 104316.7473
3563.82 3563.82 0.0 104303.5051
3577.96 3577.96 0.0 104290.4287
3592.1 3592.1 0.0 104277.5134
3606.24 3606.24 0.0 104264.7583
3620.39 3620.39 0.0 104252.1516
3634.53 3634.53 0.0 104239.7080
3648.67 3648.67 0.0 104227.4231
3662.81 3662.81 0.0 104215.2896
3676.96 3676.96 0.0 104203.2905
3691.1 3691.1 0.0 104191.4558
3705.24 3705.24 0.0 104179.7612
3719.38 3719.38 0.0 104168.2141
3733.52 3733.52 0.0 104156.8105
3747.67 3747.67 0.0 104145.5374
3761.81 3761.81 0.0 104134.4136
3775.95 3775.95 0.0 104123.4253
3790.09 3790.09 0.0 104112.5715
3804.23 3804.23 0.0 104101.8501
3818.38 3818.38 0.0 104091.2551
3832.52 3832.52 0.0 104080.7961
3846.66 3846.66 0.0 104070.4709
3860.8 3860.8 0.0 104060.2666
3874.95 3874.95 0.0 104050.1831
3889.09 3889.09 0.0 104040.2297
3903.23 3903.23 0.0 104030.3953
3917.37 3917.37 0.0 104020.6836
3931.51 3931.51 0.0 104011.0911
3945.66 3945.66 0.0 104001.6104
3959.8 3959.8 0.0 103992.2498
3973.94 3973.94 0.0 103983.0051
3988.08 3988.08 0.0 103973.8704
4002.22 4002.22 0.0 103964.8489
4016.37 4016.37 0.0 103955.9312
4030.51 4030.51 0.0 103947.1270
4044.65 4044.65 0.0 103938.4280
4058.79 4058.79 0.0 103929.8372
4072.94 4072.94 0.0 103921.3428
4087.08 4087.08 0.0 103912.9561
4101.22 4101.22 0.0 103904.6702
4115.36 4115.36 0.0 103896.4863
4129.5 4129.5 0.0 103888.3997
4143.65 4143.65 0.0 103880.4041
4157.79 4157.79 0.0 103872.5083
4171.93 4171.93 0.0 103864.7085
4186.07 4186.07 0.0 103857.0037
4200.21 4200.21 0.0 103849.3884
4214.36 4214.36 0.0 103841.8569
4228.5 4228.5 0.0 103834.4221
4242.64 4242.64 0.0 103827.0762
4256.78 4256.78 0.0 103819.8132
4270.92 4270.92 0.0 103812.6375
4285.07 4285.07 0.0 103805.5427
4299.21 4299.21 0.0 103798.5320
4313.35 4313.35 0.0 103791.6055
4327.49 4327.49 0.0 103784.7617
4341.64 4341.64 0.0 103777.9885
4355.78 4355.78 0.0 103771.2998
4369.92 4369.92 0.0 103764.6865
4384.06 4384.06 0.0 103758.1514
4398.2 4398.2 0.0 103751.6929
4412.35 4412.35 0.0 103745.3005
4426.49 4426.49 0.0 103738.9854
4440.63 4440.63 0.0 103732.7427
4454.77 4454.77 0.0 103726.5693
4468.91 4468.91 0.0 103720.4661
4483.06 4483.06 0.0 103714.4248
4497.2 4497.2 0.0 103708.4590
4511.34 4511.34 0.0 103702.5552
4525.48 4525.48 0.0 103696.7195
4539.63 4539.63 0.0 103690.9431
4553.77 4553.77 0.0 103685.2324
4567.91 4567.91 0.0 103679.5837
4582.05 4582.05 0.0 103673.9956
4596.19 4596.19 0.0 103668.4707
4610.34 4610.34 0.0 103662.9993
4624.48 4624.48 0.0 103657.5894
4638.62 4638.62 0.0 103652.2383
4652.76 4652.76 0.0 103646.9392
4666.9 4666.9 0.0 103641.7009
4681.05 4681.05 0.0 103636.5098
4695.19 4695.19 0.0 103631.3740
4709.33 4709.33 0.0 103626.2957
4723.47 4723.47 0.0 103621.2681
4737.62 4737.62 0.0 103616.2832
4751.76 4751.76 0.0 103611.3569
4765.9 4765.9 0.0 103606.4768
4780.04 4780.04 0.0 103601.6453
4794.18 4794.18 0.0 103596.8606
4808.33 4808.33 0.0 103592.1206
4822.47 4822.47 0.0 103587.4285
4836.61 4836.61 0.0 103582.7810
4850.75 4850.75 0.0 103578.1787
4864.89 4864.89 0.0 103573.6182
4879.04 4879.04 0.0 103569.0964
4893.18 4893.18 0.0 103564.6204
4907.32 4907.32 0.0 103560.1829
4921.46 4921.46 0.0 103555.7878
4935.61 4935.61 0.0 103551.4285
4949.75 4949.75 0.0 103547.1133
4963.89 4963.89 0.0 103542.8308
4978.03 4978.03 0.0 103538.5884
4992.17 4992.17 0.0 103534.3826
5006.32 5006.32 0.0 103530.2073
5020.46 5020.46 0.0 103526.0706
5034.6 5034.6 0.0 103521.9690
5048.74 5048.74 0.0 103517.9001
5062.88 5062.88 0.0 103513.8638
5077.03 5077.03 0.0 103509.8574
5091.17 5091.17 0.0 103505.8835
5105.31 5105.31 0.0 103501.9419
5119.45 5119.45 0.0 103498.0298
5133.6 5133.6 0.0 103494.1458
5147.74 5147.74 0.0 103490.2910
5161.88 5161.88 0.0 103486.4661
5176.02 5176.02 0.0 103482.6663
5190.16 5190.16 0.0 103478.8955
5204.31 5204.31 0.0 103475.1482
5218.45 5218.45 0.0 103471.4285
5232.59 5232.59 0.0 103467.7334
5246.73 5246.73 0.0 103464.0645
5260.87 5260.87 0.0 103460.4167
5275.02 5275.02 0.0 103456.7917
5289.16 5289.16 0.0 103453.1912
5303.3 5303.3 0.0 103449.6104
5317.44 5317.44 0.0 103446.0542
5331.59 5331.59 0.0 103442.5178
5345.73 5345.73 0.0 103439.0027
5359.87 5359.87 0.0 103435.5054
5374.01 5374.01 0.0 103432.0310
5388.15 5388.15 0.0 103428.5723
5402.3 5402.3 0.0 103425.1321
5416.44 5416.44 0.0 103421.7107
5430.58 5430.58 0.0 103418.3076
5444.72 5444.72 0.0 103414.9211
5458.86 5458.86 0.0 103411.5513
5473.01 5473.01 0.0 103408.1934
5487.15 5487.15 0.0 103404.8528
5501.29 5501.29 0.0 103401.5291
5515.43 5515.43 0.0 103398.2197
5529.58 5529.58 0.0 103394.9202
5543.72 5543.72 0.0 103391.6375
5557.86 5557.86 0.0 103388.3677
5572.0 5572.0 0.0 103385.1130
5586.14 5586.14 0.0 103381.8652
5600.29 5600.29 0.0 103378.6316
5614.43 5614.43 0.0 103375.4099
5628.57 5628.57 0.0 103372.1991
5642.71 5642.71 0.0 103368.9980
5656.85 5656.85 0.0 103365.8090
5671.0 5671.0 0.0 103362.6249
5685.14 5685.14 0.0 103359.4532
5699.28 5699.28 0.0 103356.2925
5713.42 5713.42 0.0 103353.1367
5727.56 5727.56 0.0 103349.9896
5741.71 5741.71 0.0 103346.8501
5755.85 5755.85 0.0 103343.7197
5769.99 5769.99 0.0 103340.5948
5784.13 5784.13 0.0 103337.4768
5798.28 5798.28 0.0 103334.3636
5812.42 5812.42 0.0 103331.2588
5826.56 5826.56 0.0 103328.1592
5840.7 5840.7 0.0 103325.0660
5854.84 5854.84 0.0 103321.9738
5868.99 5868.99 0.0 103318.8885
5883.13 5883.13 0.0 103315.8068
5897.27 5897.27 0.0 103312.7300
5911.41 5911.41 0.0 103309.6567
5925.55 5925.55 0.0 103306.5864
5939.7 5939.7 0.0 103303.5173
5953.84 5953.84 0.0 103300.4528
5967.98 5967.98 0.0 103297.3910
5982.12 5982.12 0.0 103294.3324
5996.27 5996.27 0.0 103291.2709
6010.41 6010.41 0.0 103288.2140
6024.55 6024.55 0.0 103285.1600
6038.69 6038.69 0.0 103282.1062
6052.83 6052.83 0.0 103279.0536
6066.98 6066.98 0.0 103275.9971
6081.12 6081.12 0.0 103272.9453
6095.26 6095.26 0.0 103269.8929
6109.4 6109.4 0.0 103266.8398
6123.54 6123.54 0.0 103263.7867
6137.69 6137.69 0.0 103260.7312
6151.83 6151.83 0.0 103257.6768
6165.97 6165.97 0.0 103254.6198
6180.11 6180.11 0.0 103251.5629
6194.26 6194.26 0.0 103248.5018
6208.4 6208.4 0.0 103245.4401
6222.54 6222.54 0.0 103242.3778
6236.68 6236.68 0.0 103239.3131
6250.82 6250.82 0.0 103236.2441
6264.97 6264.97 0.0 103233.1719
6279.11 6279.11 0.0 103230.0983
6293.25 6293.25 0.0 103227.0231
6307.39 6307.39 0.0 103223.9414
6321.53 6321.53 0.0 103220.8590
6335.68 6335.68 0.0 103217.7700
6349.82 6349.82 0.0 103214.6807
6363.96 6363.96 0.0 103211.5864
6378.1 6378.1 0.0 103208.4884
6392.25 6392.25 0.0 103205.3827
6406.39 6406.39 0.0 103202.2750
6420.53 6420.53 0.0 103199.1637
6434.67 6434.67 0.0 103196.0503
6448.81 6448.81 0.0 103192.9279
6462.96 6462.96 0.0 103189.7999
6477.1 6477.1 0.0 103186.6683
6491.24 6491.24 0.0 103183.5314
6505.38 6505.38 0.0 103180.3910
6519.52 6519.52 0.0 103177.2451
6533.67 6533.67 0.0 103174.0896
6547.81 6547.81 0.0 103170.9308
6561.95 6561.95 0.0 103167.7660
6576.09 6576.09 0.0 103164.5968
6590.24 6590.24 0.0 103161.4192
6604.38 6604.38 0.0 103158.2340
6618.52 6618.52 0.0 103155.0472
6632.66 6632.66 0.0 103151.8521
6646.8 6646.8 0.0 103148.6497
6660.95 6660.95 0.0 103145.4406
6675.09 6675.09 0.0 103142.2257
6689.23 6689.23 0.0 103139.0037
6703.37 6703.37 0.0 103135.7771
6717.51 6717.51 0.0 103132.5416
6731.66 6731.66 0.0 103129.2980
6745.8 6745.8 0.0 103126.0500
6759.94 6759.94 0.0 103122.7942
6774.08 6774.08 0.0 103119.5312
6788.23 6788.23 0.0 103116.2590
6802.37 6802.37 0.0 103112.9808
6816.51 6816.51 0.0 103109.6967
6830.65 6830.65 0.0 103106.4042
6844.79 6844.79 0.0 103103.1050
6858.94 6858.94 0.0 103099.7976
6873.08 6873.08 0.0 103096.4828
6887.22 6887.22 0.0 103093.1615
6901.36 6901.36 0.0 103089.8340
6915.5 6915.5 0.0 103086.4973
6929.65 6929.65 0.0 103083.1504
6943.79 6943.79 0.0 103079.7991
6957.93 6957.93 0.0 103076.4398
6972.07 6972.07 0.0 103073.0728
6986.21 6986.21 0.0 103069.6998
7000.36 7000.36 0.0 103066.3158
7014.5 7014.5 0.0 103062.9261
7028.64 7028.64 0.0 103059.5273
7042.78 7042.78 0.0 103056.1243
7056.93 7056.93 0.0 103052.7107
7071.07 7071.07 0.0 103049.2891
7085.21 7085.21 0.0 103045.8619
7099.35 7099.35 0.0 103042.4268
7113.49 7113.49 0.0 103038.9855
7127.64 7127.64 0.0 103035.5308
7141.78 7141.78 0.0 103032.0715
7155.92 7155.92 0.0 103028.6072
7170.06 7170.06 0.0 103025.1327
7184.2 7184.2 0.0 103021.6517
7198.35 7198.35 0.0 103018.1616
7212.49 7212.49 0.0 103014.6659
7226.63 7226.63 0.0 103011.1637
7240.77 7240.77 0.0 103007.6534
7254.92 7254.92 0.0 103004.1331
7269.06 7269.06 0.0 103000.6085
7283.2 7283.2 0.0 102997.0774
7297.34 7297.34 0.0 102993.5369
7311.48 7311.48 0.0 102989.9911
7325.63 7325.63 0.0 102986.4341
7339.77 7339.77 0.0 102982.8734
7353.91 7353.91 0.0 102979.3054
7368.05 7368.05 0.0 102975.7301
7382.19 7382.19 0.0 102972.1492
7396.34 7396.34 0.0 102968.5580
7410.48 7410.48 0.0 102964.9630
7424.62 7424.62 0.0 102961.3610
7438.76 7438.76 0.0 102957.7515
7452.91 7452.91 0.0 102954.1350
7467.05 7467.05 0.0 102950.5126
7481.19 7481.19 0.0 102946.8828
7495.33 7495.33 0.0 102943.2488
7509.47 7509.47 0.0 102939.6083
7523.62 7523.62 0.0 102935.9591
7537.76 7537.76 0.0 102932.3051
7551.9 7551.9 0.0 102928.6465
7566.04 7566.04 0.0 102924.9807
7580.18 7580.18 0.0 102921.3099
7594.33 7594.33 0.0 102917.6276
7608.47 7608.47 0.0 102913.9479
7622.61 7622.61 0.0 102910.2584
7636.75 7636.75 0.0 102906.5638
7650.9 7650.9 0.0 102902.8615
7665.04 7665.04 0.0 102899.1581
7679.18 7679.18 0.0 102895.4469
7693.32 7693.32 0.0 102891.7332
7707.46 7707.46 0.0 102888.0109
7721.61 7721.61 0.0 102884.2822
7735.75 7735.75 0.0 102880.5533
7749.89 7749.89 0.0 102876.8170
7764.03 7764.03 0.0 102873.0774
7778.17 7778.17 0.0 102869.3341
