0.0 0.0 0.0 1045650.6250
14.1421 14.1421 0.0 1518901.2500
28.2843 28.2843 0.0 750501.9375
42.4264 42.4264 0.0 398465.5000
56.5685 56.5685 0.0 261987.4844
70.7107 70.7107 0.0 203289.1016
84.8528 84.8528 0.0 173284.3281
98.9949 98.9949 0.0 155651.5195
113.137 113.137 0.0 144215.7539
127.279 127.279 0.0 136263.3438
141.421 141.421 0.0 130444.9590
155.563 155.563 0.0 126022.4023
169.706 169.706 0.0 122560.3242
183.848 183.848 0.0 119786.9941
197.99 197.99 0.0 117523.4824
212.132 212.132 0.0 115647.7705
226.274 226.274 0.0 114073.6543
240.416 240.416 0.0 112738.5615
254.558 254.558 0.0 111595.8945
268.701 268.701 0.0 110610.1729
282.843 282.843 0.0 109754.1357
296.985 296.985 0.0 109006.1729
311.127 311.127 0.0 108349.1138
325.269 325.269 0.0 107769.1147
339.411 339.411 0.0 107254.8916
353.553 353.553 0.0 106797.1489
367.696 367.696 0.0 106388.1626
381.838 381.838 0.0 106021.5483
395.98 395.98 0.0 105691.8486
410.122 410.122 0.0 105394.4768
424.264 424.264 0.0 105125.5222
438.406 438.406 0.0 104881.6377
452.548 452.548 0.0 104659.9578
466.69 466.69 0.0 104457.9880
480.833 480.833 0.0 104273.5718
494.975 494.975 0.0 104104.8530
509.117 509.117 0.0 103950.1917
523.259 523.259 0.0 103808.1455
537.401 537.401 0.0 103677.4573
551.543 551.543 0.0 103557.0210
565.685 565.685 0.0 103445.8472
579.828 579.828 0.0 103343.0619
593.97 593.97 0.0 103247.9082
608.112 608.112 0.0 103159.6852
622.254 622.254 0.0 103077.7803
636.396 636.396 0.0 103001.6421
650.538 650.538 0.0 102930.7780
664.68 664.68 0.0 102864.7457
678.823 678.823 0.0 102803.1379
692.965 692.965 0.0 102745.6069
707.107 707.107 0.0 102691.8225
721.249 721.249 0.0 102641.4895
735.391 735.391 0.0 102594.3412
749.533 749.533 0.0 102550.1345
763.675 763.675 0.0 102508.6498
777.817 777.817 0.0 102469.6863
791.96 791.96 0.0 102433.0587
806.102 806.102 0.0 102398.6039
820.244 820.244 0.0 102366.1667
834.386 834.386 0.0 102335.6064
848.528 848.528 0.0 102306.7953
862.67 862.67 0.0 102279.6139
876.812 876.812 0.0 102253.9547
890.955 890.955 0.0 102229.7159
905.097 905.097 0.0 102206.8105
919.239 919.239 0.0 102185.1486
933.381 933.381 0.0 102164.6547
947.523 947.523 0.0 102145.2535
961.665 961.665 0.0 102126.8805
975.807 975.807 0.0 102109.4720
989.949 989.949 0.0 102092.9694
1004.09 1004.09 0.0 102077.3217
1018.23 1018.23 0.0 102062.4784
1032.38 1032.38 0.0 102048.3821
1046.52 1046.52 0.0 102035.0093
1060.66 1060.66 0.0 102022.3119
1074.8 1074.8 0.0 102010.2487
1088.94 1088.94 0.0 101998.7884
1103.09 1103.09 0.0 101987.8865
1117.23 1117.23 0.0 101977.5319
1131.37 1131.37 0.0 101967.6855
1145.51 1145.51 0.0 101958.3217
1159.66 1159.66 0.0 101949.4081
1173.8 1173.8 0.0 101940.9344
1187.94 1187.94 0.0 101932.8733
1202.08 1202.08 0.0 101925.2001
1216.22 1216.22 0.0 101917.8981
1230.37 1230.37 0.0 101910.9435
1244.51 1244.51 0.0 101904.3282
1258.65 1258.65 0.0 101898.0317
1272.79 1272.79 0.0 101892.0364
1286.93 1286.93 0.0 101886.3287
1301.08 1301.08 0.0 101880.8923
1315.22 1315.22 0.0 101875.7194
1329.36 1329.36 0.0 101870.7944
1343.5 1343.5 0.0 101866.1053
1357.65 1357.65 0.0 101861.6384
1371.79 1371.79 0.0 101857.3890
1385.93 1385.93 0.0 101853.3442
1400.07 1400.07 0.0 101849.4927
1414.21 1414.21 0.0 101845.8256
1428.36 1428.36 0.0 101842.3336
1442.5 1442.5 0.0 101839.0114
1456.64 1456.64 0.0 101835.8487
1470.78 1470.78 0.0 101832.8376
1484.92 1484.92 0.0 101829.9718
1499.07 1499.07 0.0 101827.2417
1513.21 1513.21 0.0 101824.6434
1527.35 1527.35 0.0 101822.1710
1541.49 1541.49 0.0 101819.8145
1555.63 1555.63 0.0 101817.5714
1569.78 1569.78 0.0 101815.4326
1583.92 1583.92 0.0 101813.3960
1598.06 1598.06 0.0 101811.4541
1612.2 1612.2 0.0 101809.6020
1626.35 1626.35 0.0 101807.8342
1640.49 1640.49 0.0 101806.1476
1654.63 1654.63 0.0 101804.5356
1668.77 1668.77 0.0 101802.9956
1682.91 1682.91 0.0 101801.5211
1697.06 1697.06 0.0 101800.1077
1711.2 1711.2 0.0 101798.7543
1725.34 1725.34 0.0 101797.4540
1739.48 1739.48 0.0 101796.2034
1753.62 1753.62 0.0 101794.9998
1767.77 1767.77 0.0 101793.8372
1781.91 1781.91 0.0 101792.7141
1796.05 1796.05 0.0 101791.6275
1810.19 1810.19 0.0 101790.5730
1824.34 1824.34 0.0 101789.5460
1838.48 1838.48 0.0 101788.5456
1852.62 1852.62 0.0 101787.5679
1866.76 1866.76 0.0 101786.6086
1880.9 1880.9 0.0 101785.6674
1895.05 1895.05 0.0 101784.7390
1909.19 1909.19 0.0 101783.8209
1923.33 1923.33 0.0 101782.9123
1937.47 1937.47 0.0 101782.0092
1951.61 1951.61 0.0 101781.1096
1965.76 1965.76 0.0 101780.2104
1979.9 1979.9 0.0 101779.3096
1994.04 1994.04 0.0 101778.4052
2008.18 2008.18 0.0 101777.4952
2022.33 2022.33 0.0 101776.5763
2036.47 2036.47 0.0 101775.6479
2050.61 2050.61 0.0 101774.7072
2064.75 2064.75 0.0 101773.7536
2078.89 2078.89 0.0 101772.7838
2093.04 2093.04 0.0 101771.7959
2107.18 2107.18 0.0 101770.7906
2121.32 2121.32 0.0 101769.7649
2135.46 2135.46 0.0 101768.7167
2149.6 2149.6 0.0 101767.6458
2163.75 2163.75 0.0 101766.5500
2177.89 2177.89 0.0 101765.4289
2192.03 2192.03 0.0 101764.2814
2206.17 2206.17 0.0 101763.1069
2220.32 2220.32 0.0 101761.9026
2234.46 2234.46 0.0 101760.6696
2248.6 2248.6 0.0 101759.4070
2262.74 2262.74 0.0 101758.1137
2276.88 2276.88 0.0 101756.7887
2291.03 2291.03 0.0 101755.4318
2305.17 2305.17 0.0 101754.0434
2319.31 2319.31 0.0 101752.6222
2333.45 2333.45 0.0 101751.1682
2347.59 2347.59 0.0 101749.6822
2361.74 2361.74 0.0 101748.1616
2375.88 2375.88 0.0 101746.6097
2390.02 2390.02 0.0 101745.0244
2404.16 2404.16 0.0 101743.4068
2418.31 2418.31 0.0 101741.7547
2432.45 2432.45 0.0 101740.0726
2446.59 2446.59 0.0 101738.3582
2460.73 2460.73 0.0 101736.6124
2474.87 2474.87 0.0 101734.8352
2489.02 2489.02 0.0 101733.0260
2503.16 2503.16 0.0 101731.1890
2517.3 2517.3 0.0 101729.3221
2531.44 2531.44 0.0 101727.4268
2545.58 2545.58 0.0 101725.5040
2559.73 2559.73 0.0 101723.5522
2573.87 2573.87 0.0 101721.5758
2588.01 2588.01 0.0 101719.5737
2602.15 2602.15 0.0 101717.5475
2616.3 2616.3 0.0 101715.4955
2630.44 2630.44 0.0 101713.4226
2644.58 2644.58 0.0 101711.3280
2658.72 2658.72 0.0 101709.2121
2672.86 2672.86 0.0 101707.0775
2687.01 2687.01 0.0 101704.9214
2701.15 2701.15 0.0 101702.7496
2715.29 2715.29 0.0 101700.5616
2729.43 2729.43 0.0 101698.3571
2743.57 2743.57 0.0 101696.1392
2757.72 2757.72 0.0 101693.9052
2771.86 2771.86 0.0 101691.6613
2786.0 2786.0 0.0 101689.4064
2800.14 2800.14 0.0 101687.1394
2814.28 2814.28 0.0 101684.8643
2828.43 2828.43 0.0 101682.5791
2842.57 2842.57 0.0 101680.2888
2856.71 2856.71 0.0 101677.9919
2870.85 2870.85 0.0 101675.6904
2885.0 2885.0 0.0 101673.3827
2899.14 2899.14 0.0 101671.0731
2913.28 2913.28 0.0 101668.7621
2927.42 2927.42 0.0 101666.4489
2941.56 2941.56 0.0 101664.1358
2955.71 2955.71 0.0 101661.8210
2969.85 2969.85 0.0 101659.5095
2983.99 2983.99 0.0 101657.1997
2998.13 2998.13 0.0 101654.8929
3012.27 3012.27 0.0 101652.5905
3026.42 3026.42 0.0 101650.2906
3040.56 3040.56 0.0 101647.9972
3054.7 3054.7 0.0 101645.7099
3068.84 3068.84 0.0 101643.4294
3082.99 3082.99 0.0 101641.1540
3097.13 3097.13 0.0 101638.8879
3111.27 3111.27 0.0 101636.6313
3125.41 3125.41 0.0 101634.3826
3139.55 3139.55 0.0 101632.1440
3153.7 3153.7 0.0 101629.9137
3167.84 3167.84 0.0 101627.6953
3181.98 3181.98 0.0 101625.4882
3196.12 3196.12 0.0 101623.2925
3210.26 3210.26 0.0 101621.1085
3224.41 3224.41 0.0 101618.9354
3238.55 3238.55 0.0 101616.7756
3252.69 3252.69 0.0 101614.6299
3266.83 3266.83 0.0 101612.4966
3280.98 3280.98 0.0 101610.3752
3295.12 3295.12 0.0 101608.2695
3309.26 3309.26 0.0 101606.1772
3323.4 3323.4 0.0 101604.0995
3337.54 3337.54 0.0 101602.0364
3351.69 3351.69 0.0 101599.9859
3365.83 3365.83 0.0 101597.9519
3379.97 3379.97 0.0 101595.9326
3394.11 3394.11 0.0 101593.9291
3408.25 3408.25 0.0 101591.9397
3422.4 3422.4 0.0 101589.9647
3436.54 3436.54 0.0 101588.0063
3450.68 3450.68 0.0 101586.0628
3464.82 3464.82 0.0 101584.1355
3478.97 3478.97 0.0 101582.2219
3493.11 3493.11 0.0 101580.3246
3507.25 3507.25 0.0 101578.4437
3521.39 3521.39 0.0 101576.5777
3535.53 3535.53 0.0 101574.7278
3549.68 3549.68 0.0 101572.8914
3563.82 3563.82 0.0 101571.0721
3577.96 3577.96 0.0 101569.2678
3592.1 3592.1 0.0 101567.4787
3606.24 3606.24 0.0 101565.7051
3620.39 3620.39 0.0 101563.9454
3634.53 3634.53 0.0 101562.2023
3648.67 3648.67 0.0 101560.4740
3662.81 3662.81 0.0 101558.7605
3676.96 3676.96 0.0 101557.0606
3691.1 3691.1 0.0 101555.3773
3705.24 3705.24 0.0 101553.7076
3719.38 3719.38 0.0 101552.0533
3733.52 3733.52 0.0 101550.4132
3747.67 3747.67 0.0 101548.7861
3761.81 3761.81 0.0 101547.1746
3775.95 3775.95 0.0 101545.5768
3790.09 3790.09 0.0 101543.9933
3804.23 3804.23 0.0 101542.4235
3818.38 3818.38 0.0 101540.8659
3832.52 3832.52 0.0 101539.3233
3846.66 3846.66 0.0 101537.7937
3860.8 3860.8 0.0 101536.2777
3874.95 3874.95 0.0 101534.7737
3889.09 3889.09 0.0 101533.2839
3903.23 3903.23 0.0 101531.8067
3917.37 3917.37 0.0 101530.3423
3931.51 3931.51 0.0 101528.8903
3945.66 3945.66 0.0 101527.4499
3959.8 3959.8 0.0 101526.0226
3973.94 3973.94 0.0 101524.6076
3988.08 3988.08 0.0 101523.2044
4002.22 4002.22 0.0 101521.8132
4016.37 4016.37 0.0 101520.4326
4030.51 4030.51 0.0 101519.0645
4044.65 4044.65 0.0 101517.7081
4058.79 4058.79 0.0 101516.3631
4072.94 4072.94 0.0 101515.0280
4087.08 4087.08 0.0 101513.7048
4101.22 4101.22 0.0 101512.3923
4115.36 4115.36 0.0 101511.0910
4129.5 4129.5 0.0 101509.7995
4143.65 4143.65 0.0 101508.5184
4157.79 4157.79 0.0 101507.2480
4171.93 4171.93 0.0 101505.9880
4186.07 4186.07 0.0 101504.7383
4200.21 4200.21 0.0 101503.4983
4214.36 4214.36 0.0 101502.2670
4228.5 4228.5 0.0 101501.0465
4242.64 4242.64 0.0 101499.8354
