0.0 0.0 0.0 1042465.8125
14.1421 14.1421 0.0 2281363.2500
28.2843 28.2843 0.0 2027982.7500
42.4264 42.4264 0.0 1741832.0000
56.5685 56.5685 0.0 1467681.6250
70.7107 70.7107 0.0 1220839.3750
84.8528 84.8528 0.0 1007888.1250
98.9949 98.9949 0.0 830530.1875
113.137 113.137 0.0 687043.6250
127.279 127.279 0.0 573501.8750
141.421 141.421 0.0 484960.0000
155.563 155.563 0.0 416413.5312
169.706 169.706 0.0 363382.5156
183.848 183.848 0.0 322174.8281
197.99 197.99 0.0 289882.6562
212.132 212.132 0.0 264300.6406
226.274 226.274 0.0 243785.3281
240.416 240.416 0.0 227122.9609
254.558 254.558 0.0 213419.1562
268.701 268.701 0.0 202011.7500
282.843 282.843 0.0 192410.0781
296.985 296.985 0.0 184243.7734
311.127 311.127 0.0 177232.3281
325.269 325.269 0.0 171160.7188
339.411 339.411 0.0 165862.0703
353.553 353.553 0.0 161205.6055
367.696 367.696 0.0 157087.2734
381.838 381.838 0.0 153424.5039
395.98 395.98 0.0 150149.7227
410.122 410.122 0.0 147207.9766
424.264 424.264 0.0 144553.9883
438.406 438.406 0.0 142150.1680
452.548 452.548 0.0 139964.9609
466.69 466.69 0.0 137971.8555
480.833 480.833 0.0 136148.1445
494.975 494.975 0.0 134474.8984
509.117 509.117 0.0 132935.3809
523.259 523.259 0.0 131515.3867
537.401 537.401 0.0 130202.5195
551.543 551.543 0.0 128985.9922
565.685 565.685 0.0 127856.3691
579.828 579.828 0.0 126805.2988
593.97 593.97 0.0 125825.6094
608.112 608.112 0.0 124910.8066
622.254 622.254 0.0 124055.1172
636.396 636.396 0.0 123253.4707
650.538 650.538 0.0 122501.2871
664.68 664.68 0.0 121794.5020
678.823 678.823 0.0 121129.4258
692.965 692.965 0.0 120502.8594
707.107 707.107 0.0 119911.7969
721.249 721.249 0.0 119353.5527
735.391 735.391 0.0 118825.7012
749.533 749.533 0.0 118326.0586
763.675 763.675 0.0 117852.6035
777.817 777.817 0.0 117403.5205
791.96 791.96 0.0 116977.1299
806.102 806.102 0.0 116571.9648
820.244 820.244 0.0 116186.5967
834.386 834.386 0.0 115819.7559
848.528 848.528 0.0 115470.2754
862.67 862.67 0.0 115137.0537
876.812 876.812 0.0 114819.1201
890.955 890.955 0.0 114515.5146
905.097 905.097 0.0 114225.4414
919.239 919.239 0.0 113948.0947
933.381 933.381 0.0 113682.7441
947.523 947.523 0.0 113428.7080
961.665 961.665 0.0 113185.3662
975.807 975.807 0.0 112952.1279
989.949 989.949 0.0 112728.4521
1004.09 1004.09 0.0 112513.8398
1018.23 1018.23 0.0 112307.8096
1032.38 1032.38 0.0 112109.7832
1046.52 1046.52 0.0 111919.6143
1060.66 1060.66 0.0 111736.7705
1074.8 1074.8 0.0 111560.8916
1088.94 1088.94 0.0 111391.6318
1103.09 1103.09 0.0 111228.5635
1117.23 1117.23 0.0 111071.6055
1131.37 1131.37 0.0 110920.3701
1145.51 1145.51 0.0 110774.5723
1159.66 1159.66 0.0 110633.8828
1173.8 1173.8 0.0 110498.2471
1187.94 1187.94 0.0 110367.3379
1202.08 1202.08 0.0 110240.9629
1216.22 1216.22 0.0 110118.8965
1230.37 1230.37 0.0 110000.8838
1244.51 1244.51 0.0 109886.9062
1258.65 1258.65 0.0 109776.7080
1272.79 1272.79 0.0 109670.1279
1286.93 1286.93 0.0 109567.0088
1301.08 1301.08 0.0 109467.1538
1315.22 1315.22 0.0 109370.5469
1329.36 1329.36 0.0 109276.9917
1343.5 1343.5 0.0 109186.3618
1357.65 1357.65 0.0 109098.4810
1371.79 1371.79 0.0 109013.3604
1385.93 1385.93 0.0 108930.8306
1400.07 1400.07 0.0 108850.7773
1414.21 1414.21 0.0 108773.1177
1428.36 1428.36 0.0 108697.6982
1442.5 1442.5 0.0 108624.5420
1456.64 1456.64 0.0 108553.5024
1470.78 1470.78 0.0 108484.5029
1484.92 1484.92 0.0 108417.4673
1499.07 1499.07 0.0 108352.2744
1513.21 1513.21 0.0 108288.9438
1527.35 1527.35 0.0 108227.3628
1541.49 1541.49 0.0 108167.4653
1555.63 1555.63 0.0 108109.1885
1569.78 1569.78 0.0 108052.4390
1583.92 1583.92 0.0 107997.2305
1598.06 1598.06 0.0 107943.4746
1612.2 1612.2 0.0 107891.1201
1626.35 1626.35 0.0 107840.0742
1640.49 1640.49 0.0 107790.3604
1654.63 1654.63 0.0 107741.9092
1668.77 1668.77 0.0 107694.6587
1682.91 1682.91 0.0 107648.5757
1697.06 1697.06 0.0 107603.5854
1711.2 1711.2 0.0 107559.7183
1725.34 1725.34 0.0 107516.8916
1739.48 1739.48 0.0 107475.0781
1753.62 1753.62 0.0 107434.2397
1767.77 1767.77 0.0 107394.3149
1781.91 1781.91 0.0 107355.3301
1796.05 1796.05 0.0 107317.2271
1810.19 1810.19 0.0 107279.9673
1824.34 1824.34 0.0 107243.5039
1838.48 1838.48 0.0 107207.8560
1852.62 1852.62 0.0 107172.9702
1866.76 1866.76 0.0 107138.8315
1880.9 1880.9 0.0 107105.4038
1895.05 1895.05 0.0 107072.6348
1909.19 1909.19 0.0 107040.5669
1923.33 1923.33 0.0 107009.1431
1937.47 1937.47 0.0 106978.3394
1951.61 1951.61 0.0 106948.1440
1965.76 1965.76 0.0 106918.5059
1979.9 1979.9 0.0 106889.4570
1994.04 1994.04 0.0 106860.9531
2008.18 2008.18 0.0 106832.9775
2022.33 2022.33 0.0 106805.4927
2036.47 2036.47 0.0 106778.5229
2050.61 2050.61 0.0 106752.0308
2064.75 2064.75 0.0 106726.0020
2078.89 2078.89 0.0 106700.4263
2093.04 2093.04 0.0 106675.2720
2107.18 2107.18 0.0 106650.5420
2121.32 2121.32 0.0 106626.2305
2135.46 2135.46 0.0 106602.3159
2149.6 2149.6 0.0 106578.7817
2163.75 2163.75 0.0 106555.6006
2177.89 2177.89 0.0 106532.8037
2192.03 2192.03 0.0 106510.3477
2206.17 2206.17 0.0 106488.2388
2220.32 2220.32 0.0 106466.4395
2234.46 2234.46 0.0 106444.9800
2248.6 2248.6 0.0 106423.8276
2262.74 2262.74 0.0 106402.9756
2276.88 2276.88 0.0 106382.4155
2291.03 2291.03 0.0 106362.1294
2305.17 2305.17 0.0 106342.1353
2319.31 2319.31 0.0 106322.4102
2333.45 2333.45 0.0 106302.9453
2347.59 2347.59 0.0 106283.7393
2361.74 2361.74 0.0 106264.7646
2375.88 2375.88 0.0 106246.0449
2390.02 2390.02 0.0 106227.5688
2404.16 2404.16 0.0 106209.3154
2418.31 2418.31 0.0 106191.2778
2432.45 2432.45 0.0 106173.4653
2446.59 2446.59 0.0 106155.8745
2460.73 2460.73 0.0 106138.4897
2474.87 2474.87 0.0 106121.3081
2489.02 2489.02 0.0 106104.3159
2503.16 2503.16 0.0 106087.5298
2517.3 2517.3 0.0 106070.9321
2531.44 2531.44 0.0 106054.5249
2545.58 2545.58 0.0 106038.3018
2559.73 2559.73 0.0 106022.2437
2573.87 2573.87 0.0 106006.3735
2588.01 2588.01 0.0 105990.6748
2602.15 2602.15 0.0 105975.1499
2616.3 2616.3 0.0 105959.7783
2630.44 2630.44 0.0 105944.5767
2644.58 2644.58 0.0 105929.5420
2658.72 2658.72 0.0 105914.6641
2672.86 2672.86 0.0 105899.9380
2687.01 2687.01 0.0 105885.3589
2701.15 2701.15 0.0 105870.9341
2715.29 2715.29 0.0 105856.6694
2729.43 2729.43 0.0 105842.5396
2743.57 2743.57 0.0 105828.5566
2757.72 2757.72 0.0 105814.7104
2771.86 2771.86 0.0 105801.0117
2786.0 2786.0 0.0 105787.4517
2800.14 2800.14 0.0 105774.0244
2814.28 2814.28 0.0 105760.7402
2828.43 2828.43 0.0 105747.5757
2842.57 2842.57 0.0 105734.5552
2856.71 2856.71 0.0 105721.6650
2870.85 2870.85 0.0 105708.9019
2885.0 2885.0 0.0 105696.2593
2899.14 2899.14 0.0 105683.7549
2913.28 2913.28 0.0 105671.3750
2927.42 2927.42 0.0 105659.1182
2941.56 2941.56 0.0 105646.9824
2955.71 2955.71 0.0 105634.9629
2969.85 2969.85 0.0 105623.0752
2983.99 2983.99 0.0 105611.3013
2998.13 2998.13 0.0 105599.6509
3012.27 3012.27 0.0 105588.1177
3026.42 3026.42 0.0 105576.6904
3040.56 3040.56 0.0 105565.3901
3054.7 3054.7 0.0 105554.2026
3068.84 3068.84 0.0 105543.1333
3082.99 3082.99 0.0 105532.1646
3097.13 3097.13 0.0 105521.3223
3111.27 3111.27 0.0 105510.5874
3125.41 3125.41 0.0 105499.9629
3139.55 3139.55 0.0 105489.4512
3153.7 3153.7 0.0 105479.0347
3167.84 3167.84 0.0 105468.7412
3181.98 3181.98 0.0 105458.5532
3196.12 3196.12 0.0 105448.4692
3210.26 3210.26 0.0 105438.4976
3224.41 3224.41 0.0 105428.6147
3238.55 3238.55 0.0 105418.8472
3252.69 3252.69 0.0 105409.1843
3266.83 3266.83 0.0 105399.6274
3280.98 3280.98 0.0 105390.1587
3295.12 3295.12 0.0 105380.8013
3309.26 3309.26 0.0 105371.5435
3323.4 3323.4 0.0 105362.3801
3337.54 3337.54 0.0 105353.3259
3351.69 3351.69 0.0 105344.3545
3365.83 3365.83 0.0 105335.4910
3379.97 3379.97 0.0 105326.7195
3394.11 3394.11 0.0 105318.0469
3408.25 3408.25 0.0 105309.4690
3422.4 3422.4 0.0 105300.9790
3436.54 3436.54 0.0 105292.5850
3450.68 3450.68 0.0 105284.2842
3464.82 3464.82 0.0 105276.0759
3478.97 3478.97 0.0 105267.9502
3493.11 3493.11 0.0 105259.9211
3507.25 3507.25 0.0 105251.9761
3521.39 3521.39 0.0 105244.1218
3535.53 3535.53 0.0 105236.3540
3549.68 3549.68 0.0 105228.6699
3563.82 3563.82 0.0 105221.0696
3577.96 3577.96 0.0 105213.5581
3592.1 3592.1 0.0 105206.1294
3606.24 3606.24 0.0 105198.7815
3620.39 3620.39 0.0 105191.5078
3634.53 3634.53 0.0 105184.3213
3648.67 3648.67 0.0 105177.2126
3662.81 3662.81 0.0 105170.1809
3676.96 3676.96 0.0 105163.2239
3691.1 3691.1 0.0 105156.3469
3705.24 3705.24 0.0 105149.5459
3719.38 3719.38 0.0 105142.8193
3733.52 3733.52 0.0 105136.1638
3747.67 3747.67 0.0 105129.5818
3761.81 3761.81 0.0 105123.0688
3775.95 3775.95 0.0 105116.6282
3790.09 3790.09 0.0 105110.2561
3804.23 3804.23 0.0 105103.9521
3818.38 3818.38 0.0 105097.7112
3832.52 3832.52 0.0 105091.5430
3846.66 3846.66 0.0 105085.4368
3860.8 3860.8 0.0 105079.3958
3874.95 3874.95 0.0 105073.4111
3889.09 3889.09 0.0 105067.4963
3903.23 3903.23 0.0 105061.6387
3917.37 3917.37 0.0 105055.8457
3931.51 3931.51 0.0 105050.1057
3945.66 3945.66 0.0 105044.4187
3959.8 3959.8 0.0 105038.7971
3973.94 3973.94 0.0 105033.2263
3988.08 3988.08 0.0 105027.7114
4002.22 4002.22 0.0 105022.2485
4016.37 4016.37 0.0 105016.8379
4030.51 4030.51 0.0 105011.4790
4044.65 4044.65 0.0 105006.1716
4058.79 4058.79 0.0 105000.9121
4072.94 4072.94 0.0 104995.6965
4087.08 4087.08 0.0 104990.5291
4101.22 4101.22 0.0 104985.4102
4115.36 4115.36 0.0 104980.3367
4129.5 4129.5 0.0 104975.3054
4143.65 4143.65 0.0 104970.3118
4157.79 4157.79 0.0 104965.3633
4171.93 4171.93 0.0 104960.4561
4186.07 4186.07 0.0 104955.5864
4200.21 4200.21 0.0 104950.7563
4214.36 4214.36 0.0 104945.9570
4228.5 4228.5 0.0 104941.1997
4242.64 4242.64 0.0 104936.4761
4256.78 4256.78 0.0 104931.7883
4270.92 4270.92 0.0 104927.1335
4285.07 4285.07 0.0 104922.5039
4299.21 4299.21 0.0 104917.9109
4313.35 4313.35 0.0 104913.3459
4327.49 4327.49 0.0 104908.8088
4341.64 4341.64 0.0 104904.2983
4355.78 4355.78 0.0 104899.8169
4369.92 4369.92 0.0 104895.3599
4384.06 4384.06 0.0 104890.9270
4398.2 4398.2 0.0 104886.5168
4412.35 4412.35 0.0 104882.1270
4426.49 4426.49 0.0 104877.7629
4440.63 4440.63 0.0 104873.4180
4454.77 4454.77 0.0 104869.0916
4468.91 4468.91 0.0 104864.7842
4483.06 4483.06 0.0 104860.4951
4497.2 4497.2 0.0 104856.2163
4511.34 4511.34 0.0 104851.9597
4525.48 4525.48 0.0 104847.7166
4539.63 4539.63 0.0 104843.4854
4553.77 4553.77 0.0 104839.2673
4567.91 4567.91 0.0 104835.0610
4582.05 4582.05 0.0 104830.8682
4596.19 4596.19 0.0 104826.6802
4610.34 4610.34 0.0 104822.5042
4624.48 4624.48 0.0 104818.3330
4638.62 4638.62 0.0 104814.1748
4652.76 4652.76 0.0 104810.0154
4666.9 4666.9 0.0 104805.8689
4681.05 4681.05 0.0 104801.7207
4695.19 4695.19 0.0 104797.5776
4709.33 4709.33 0.0 104793.4375
4723.47 4723.47 0.0 104789.3008
4737.62 4737.62 0.0 104785.1626
4751.76 4751.76 0.0 104781.0261
4765.9 4765.9 0.0 104776.8894
4780.04 4780.04 0.0 104772.7512
4794.18 4794.18 0.0 104768.6096
4808.33 4808.33 0.0 104764.4631
4822.47 4822.47 0.0 104760.3137
4836.61 4836.61 0.0 104756.1626
4850.75 4850.75 0.0 104752.0049
4864.89 4864.89 0.0 104747.8413
4879.04 4879.04 0.0 104743.6677
4893.18 4893.18 0.0 104739.4883
4907.32 4907.32 0.0 104735.3003
4921.46 4921.46 0.0 104731.1050
4935.61 4935.61 0.0 104726.8950
4949.75 4949.75 0.0 104722.6792
4963.89 4963.89 0.0 104718.4524
4978.03 4978.03 0.0 104714.2097
4992.17 4992.17 0.0 104709.9578
5006.32 5006.32 0.0 104705.6875
5020.46 5020.46 0.0 104701.4111
5034.6 5034.6 0.0 104697.1191
5048.74 5048.74 0.0 104692.8069
5062.88 5062.88 0.0 104688.4807
5077.03 5077.03 0.0 104684.1382
5091.17 5091.17 0.0 104679.7788
5105.31 5105.31 0.0 104675.4026
5119.45 5119.45 0.0 104671.0083
5133.6 5133.6 0.0 104666.5942
5147.74 5147.74 0.0 104662.1592
5161.88 5161.88 0.0 104657.7075
5176.02 5176.02 0.0 104653.2334
5190.16 5190.16 0.0 104648.7397
5204.31 5204.31 0.0 104644.2239
5218.45 5218.45 0.0 104639.6890
5232.59 5232.59 0.0 104635.1304
5246.73 5246.73 0.0 104630.5464
5260.87 5260.87 0.0 104625.9421
5275.02 5275.02 0.0 104621.3098
5289.16 5289.16 0.0 104616.6555
5303.3 5303.3 0.0 104611.9768
5317.44 5317.44 0.0 104607.2761
5331.59 5331.59 0.0 104602.5437
5345.73 5345.73 0.0 104597.7898
5359.87 5359.87 0.0 104593.0100
5374.01 5374.01 0.0 104588.2019
5388.15 5388.15 0.0 104583.3660
5402.3 5402.3 0.0 104578.5022
5416.44 5416.44 0.0 104573.6099
5430.58 5430.58 0.0 104568.6941
5444.72 5444.72 0.0 104563.7488
5458.86 5458.86 0.0 104558.7705
5473.01 5473.01 0.0 104553.7651
5487.15 5487.15 0.0 104548.7302
5501.29 5501.29 0.0 104543.6697
5515.43 5515.43 0.0 104538.5742
5529.58 5529.58 0.0 104533.4487
5543.72 5543.72 0.0 104528.2944
5557.86 5557.86 0.0 104523.1106
5572.0 5572.0 0.0 104517.8940
5586.14 5586.14 0.0 104512.6479
5600.29 5600.29 0.0 104507.3682
5614.43 5614.43 0.0 104502.0593
5628.57 5628.57 0.0 104496.7153
5642.71 5642.71 0.0 104491.3445
5656.85 5656.85 0.0 104485.9404
5671.0 5671.0 0.0 104480.5005
5685.14 5685.14 0.0 104475.0293
5699.28 5699.28 0.0 104469.5288
5713.42 5713.42 0.0 104463.9946
5727.56 5727.56 0.0 104458.4268
5741.71 5741.71 0.0 104452.8210
5755.85 5755.85 0.0 104447.1882
5769.99 5769.99 0.0 104441.5181
5784.13 5784.13 0.0 104435.8228
5798.28 5798.28 0.0 104430.0845
5812.42 5812.42 0.0 104424.3198
5826.56 5826.56 0.0 104418.5220
5840.7 5840.7 0.0 104412.6890
5854.84 5854.84 0.0 104406.8218
5868.99 5868.99 0.0 104400.9202
5883.13 5883.13 0.0 104394.9878
5897.27 5897.27 0.0 104389.0210
5911.41 5911.41 0.0 104383.0195
5925.55 5925.55 0.0 104376.9910
5939.7 5939.7 0.0 104370.9199
5953.84 5953.84 0.0 104364.8191
5967.98 5967.98 0.0 104358.6860
5982.12 5982.12 0.0 104352.5203
5996.27 5996.27 0.0 104346.3154
6010.41 6010.41 0.0 104340.0830
6024.55 6024.55 0.0 104333.8191
6038.69 6038.69 0.0 104327.5210
6052.83 6052.83 0.0 104321.1904
6066.98 6066.98 0.0 104314.8218
6081.12 6081.12 0.0 104308.4275
6095.26 6095.26 0.0 104301.9980
6109.4 6109.4 0.0 104295.5386
6123.54 6123.54 0.0 104289.0452
6137.69 6137.69 0.0 104282.5127
6151.83 6151.83 0.0 104275.9592
6165.97 6165.97 0.0 104269.3687
6180.11 6180.11 0.0 104262.7490
6194.26 6194.26 0.0 104256.0942
6208.4 6208.4 0.0 104249.4126
6222.54 6222.54 0.0 104242.6980
6236.68 6236.68 0.0 104235.9551
6250.82 6250.82 0.0 104229.1785
6264.97 6264.97 0.0 104222.3721
6279.11 6279.11 0.0 104215.5320
6293.25 6293.25 0.0 104208.6692
6307.39 6307.39 0.0 104201.7739
6321.53 6321.53 0.0 104194.8481
6335.68 6335.68 0.0 104187.8904
6349.82 6349.82 0.0 104180.9087
6363.96 6363.96 0.0 104173.8989
6378.1 6378.1 0.0 104166.8606
6392.25 6392.25 0.0 104159.7881
6406.39 6406.39 0.0 104152.6931
6420.53 6420.53 0.0 104145.5710
6434.67 6434.67 0.0 104138.4202
6448.81 6448.81 0.0 104131.2451
6462.96 6462.96 0.0 104124.0347
6477.1 6477.1 0.0 104116.8069
6491.24 6491.24 0.0 104109.5483
6505.38 6505.38 0.0 104102.2681
6519.52 6519.52 0.0 104094.9629
6533.67 6533.67 0.0 104087.6243
6547.81 6547.81 0.0 104080.2698
6561.95 6561.95 0.0 104072.8882
6576.09 6576.09 0.0 104065.4841
6590.24 6590.24 0.0 104058.0508
6604.38 6604.38 0.0 104050.5984
6618.52 6618.52 0.0 104043.1250
6632.66 6632.66 0.0 104035.6282
6646.8 6646.8 0.0 104028.1082
6660.95 6660.95 0.0 104020.5613
6675.09 6675.09 0.0 104013.0002
6689.23 6689.23 0.0 104005.4150
6703.37 6703.37 0.0 103997.8123
6717.51 6717.51 0.0 103990.1863
6731.66 6731.66 0.0 103982.5378
6745.8 6745.8 0.0 103974.8748
6759.94 6759.94 0.0 103967.1885
6774.08 6774.08 0.0 103959.4878
6788.23 6788.23 0.0 103951.7625
6802.37 6802.37 0.0 103944.0259
6816.51 6816.51 0.0 103936.2683
6830.65 6830.65 0.0 103928.4966
6844.79 6844.79 0.0 103920.7073
6858.94 6858.94 0.0 103912.8943
6873.08 6873.08 0.0 103905.0730
6887.22 6887.22 0.0 103897.2385
6901.36 6901.36 0.0 103889.3838
6915.5 6915.5 0.0 103881.5166
6929.65 6929.65 0.0 103873.6321
6943.79 6943.79 0.0 103865.7358
6957.93 6957.93 0.0 103857.8301
6972.07 6972.07 0.0 103849.9099
6986.21 6986.21 0.0 103841.9756
7000.36 7000.36 0.0 103834.0254
7014.5 7014.5 0.0 103826.0681
7028.64 7028.64 0.0 103818.0991
7042.78 7042.78 0.0 103810.1201
7056.93 7056.93 0.0 103802.1287
7071.07 7071.07 0.0 103794.1255
7085.21 7085.21 0.0 103786.1187
7099.35 7099.35 0.0 103778.1028
7113.49 7113.49 0.0 103770.0757
7127.64 7127.64 0.0 103762.0376
7141.78 7141.78 0.0 103753.9961
7155.92 7155.92 0.0 103745.9475
7170.06 7170.06 0.0 103737.8911
7184.2 7184.2 0.0 103729.8281
7198.35 7198.35 0.0 103721.7556
7212.49 7212.49 0.0 103713.6794
7226.63 7226.63 0.0 103705.6011
7240.77 7240.77 0.0 103697.5193
7254.92 7254.92 0.0 103689.4246
7269.06 7269.06 0.0 103681.3359
7283.2 7283.2 0.0 103673.2393
7297.34 7297.34 0.0 103665.1426
7311.48 7311.48 0.0 103657.0439
7325.63 7325.63 0.0 103648.9373
7339.77 7339.77 0.0 103640.8318
7353.91 7353.91 0.0 103632.7280
7368.05 7368.05 0.0 103624.6216
7382.19 7382.19 0.0 103616.5154
7396.34 7396.34 0.0 103608.4031
7410.48 7410.48 0.0 103600.2988
7424.62 7424.62 0.0 103592.1951
7438.76 7438.76 0.0 103584.0933
7452.91 7452.91 0.0 103575.9873
7467.05 7467.05 0.0 103567.8870
7481.19 7481.19 0.0 103559.7920
7495.33 7495.33 0.0 103551.6956
7509.47 7509.47 0.0 103543.6064
7523.62 7523.62 0.0 103535.5161
7537.76 7537.76 0.0 103527.4343
7551.9 7551.9 0.0 103519.3567
7566.04 7566.04 0.0 103511.2837
7580.18 7580.18 0.0 103503.2178
7594.33 7594.33 0.0 103495.1501
7608.47 7608.47 0.0 103487.0964
7622.61 7622.61 0.0 103479.0498
7636.75 7636.75 0.0 103471.0061
7650.9 7650.9 0.0 103462.9663
7665.04 7665.04 0.0 103454.9424
7679.18 7679.18 0.0 103446.9241
7693.32 7693.32 0.0 103438.9148
7707.46 7707.46 0.0 103430.9121
7721.61 7721.61 0.0 103422.9165
7735.75 7735.75 0.0 103414.9351
7749.89 7749.89 0.0 103406.9641
7764.03 7764.03 0.0 103399.0020
7778.17 7778.17 0.0 103391.0515
