0.0000 0.0000 0.0000 269001.0000
14.1421 14.1421 0.0000 259766.0000
28.2843 28.2843 0.0000 237164.0000
42.4264 42.4264 0.0000 216578.0000
56.5685 56.5685 0.0000 192184.0000
70.7107 70.7107 0.0000 177634.0000
84.8528 84.8528 0.0000 162451.0000
98.9949 98.9949 0.0000 153718.0000
113.1370 113.1370 0.0000 144664.0000
127.2790 127.2790 0.0000 139321.0000
141.4210 141.4210 0.0000 133628.0000
155.5630 155.5630 0.0000 130168.0000
169.7060 169.7060 0.0000 126270.0000
183.8480 183.8480 0.0000 123600.0000
197.9900 197.9900 0.0000 120370.0000
212.1320 212.1320 0.0000 117702.0000
226.2740 226.2740 0.0000 116109.0000
240.4160 240.4160 0.0000 114300.0000
254.5580 254.5580 0.0000 113110.0000
268.7010 268.7010 0.0000 110996.0000
282.8430 282.8430 0.0000 109910.0000
296.9850 296.9850 0.0000 109170.0000
311.1270 311.1270 0.0000 108840.0000
325.2690 325.2690 0.0000 108247.0000
339.4110 339.4110 0.0000 107730.0000
353.5530 353.5530 0.0000 107276.0000
367.6960 367.6960 0.0000 107068.0000
381.8380 381.8380 0.0000 106688.0000
395.9800 395.9800 0.0000 106347.0000
410.1220 410.1220 0.0000 106038.0000
424.2640 424.2640 0.0000 105758.0000
438.4060 438.4060 0.0000 105629.0000
452.5480 452.5480 0.0000 105388.0000
466.6900 466.6900 0.0000 105172.0000
480.8330 480.8330 0.0000 104978.0000
494.9750 494.9750 0.0000 104889.0000
509.1170 509.1170 0.0000 104725.0000
523.2590 523.2590 0.0000 104580.0000
537.4010 537.4010 0.0000 104452.0000
551.5430 551.5430 0.0000 104393.0000
565.6850 565.6850 0.0000 104286.0000
579.8280 579.8280 0.0000 104192.0000
593.9700 593.9700 0.0000 104073.7732
608.1120 608.1120 0.0000 103976.3456
622.2540 622.2540 0.0000 103885.4861
636.3960 636.3960 0.0000 103720.1875
650.5380 650.5380 0.0000 103645.7484
664.6800 664.6800 0.0000 103577.8774
678.8230 678.8230 0.0000 103456.3666
692.9650 692.9650 0.0000 103401.6319
707.1070 707.1070 0.0000 103349.0867
721.2490 721.2490 0.0000 103249.4696
735.3910 735.3910 0.0000 103202.3979
749.5330 749.5330 0.0000 103156.4208
763.6750 763.6750 0.0000 103065.5613
777.8170 777.8170 0.0000 103020.6789
791.9600 791.9600 0.0000 102935.2929
806.1020 806.1020 0.0000 102892.5998
820.2440 820.2440 0.0000 102852.0962
834.3860 834.3860 0.0000 102773.2784
848.5280 848.5280 0.0000 102734.9641
862.6700 862.6700 0.0000 102698.8393
876.8120 876.8120 0.0000 102627.6842
890.9550 890.9550 0.0000 102594.8435
905.0970 905.0970 0.0000 102562.0027
919.2390 919.2390 0.0000 102499.6052
933.3810 933.3810 0.0000 102470.0485
947.5230 947.5230 0.0000 102441.5865
961.6650 961.6650 0.0000 102414.2192
975.8070 975.8070 0.0000 102362.7686
989.9490 989.9490 0.0000 102338.6854
1004.0900 1004.0900 0.0000 102315.6968
1018.2300 1018.2300 0.0000 102270.8144
1032.3800 1032.3800 0.0000 102250.0153
1046.5200 1046.5200 0.0000 102230.3108
1060.6600 1060.6600 0.0000 102193.0913
1074.8000 1074.8000 0.0000 102176.6709
1088.9400 1088.9400 0.0000 102159.1558
1103.0900 1103.0900 0.0000 102128.5044
1117.2300 1117.2300 0.0000 102114.2734
1131.3700 1131.3700 0.0000 102086.9061
1145.5100 1145.5100 0.0000 102073.7698
1159.6600 1159.6600 0.0000 102061.7281
1173.8000 1173.8000 0.0000 102038.7396
1187.9400 1187.9400 0.0000 102027.7927
1202.0800 1202.0800 0.0000 102017.9404
1216.2200 1216.2200 0.0000 101998.2360
1230.3700 1230.3700 0.0000 101989.4784
1244.5100 1244.5100 0.0000 101980.7209
1258.6500 1258.6500 0.0000 101964.3005
1272.7900 1272.7900 0.0000 101956.6376
1286.9300 1286.9300 0.0000 101948.9748
1301.0800 1301.0800 0.0000 101941.3120
1315.2200 1315.2200 0.0000 101927.0809
1329.3600 1329.3600 0.0000 101920.5128
1343.5000 1343.5000 0.0000 101913.9446
1357.6500 1357.6500 0.0000 101901.9030
1371.7900 1371.7900 0.0000 101896.4296
1385.9300 1385.9300 0.0000 101890.9561
1400.0700 1400.0700 0.0000 101880.0092
1414.2100 1414.2100 0.0000 101873.4410
1428.3600 1428.3600 0.0000 101824.1798
1442.5000 1442.5000 0.0000 101869.0622
1456.6400 1456.6400 0.0000 101865.7782
1470.7800 1470.7800 0.0000 101861.3994
1484.9200 1484.9200 0.0000 101861.3994
1499.0700 1499.0700 0.0000 101858.1153
1513.2100 1513.2100 0.0000 101853.7365
1527.3500 1527.3500 0.0000 101853.7365
1541.4900 1541.4900 0.0000 101849.3578
1555.6300 1555.6300 0.0000 101846.0737
1569.7800 1569.7800 0.0000 101846.0737
1583.9200 1583.9200 0.0000 101841.6949
1598.0600 1598.0600 0.0000 101837.3162
1612.2000 1612.2000 0.0000 101837.3162
1626.3500 1626.3500 0.0000 101834.0321
1640.4900 1640.4900 0.0000 101829.6533
1654.6300 1654.6300 0.0000 101829.6533
1668.7700 1668.7700 0.0000 101825.2745
1682.9100 1682.9100 0.0000 101821.9905
1697.0600 1697.0600 0.0000 101821.9905
1711.2000 1711.2000 0.0000 101817.6117
1725.3400 1725.3400 0.0000 101814.3276
1739.4800 1739.4800 0.0000 101814.3276
1753.6200 1753.6200 0.0000 101809.9488
1767.7700 1767.7700 0.0000 101806.6648
1781.9100 1781.9100 0.0000 101806.6648
1796.0500 1796.0500 0.0000 101803.3807
1810.1900 1810.1900 0.0000 101800.0966
1824.3400 1824.3400 0.0000 101800.0966
1838.4800 1838.4800 0.0000 101795.7178
1852.6200 1852.6200 0.0000 101792.4338
1866.7600 1866.7600 0.0000 101792.4338
1880.9000 1880.9000 0.0000 101789.1497
1895.0500 1895.0500 0.0000 101785.8656
1909.1900 1909.1900 0.0000 101785.8656
1923.3300 1923.3300 0.0000 101782.5815
1937.4700 1937.4700 0.0000 101779.2974
1951.6100 1951.6100 0.0000 101779.2974
1965.7600 1965.7600 0.0000 101776.0134
1979.9000 1979.9000 0.0000 101773.8240
1994.0400 1994.0400 0.0000 101773.8240
2008.1800 2008.1800 0.0000 101770.5399
2022.3300 2022.3300 0.0000 101767.2558
2036.4700 2036.4700 0.0000 101767.2558
2050.6100 2050.6100 0.0000 101765.0664
2064.7500 2064.7500 0.0000 101761.7824
2078.8900 2078.8900 0.0000 101761.7824
2093.0400 2093.0400 0.0000 101758.4983
2107.1800 2107.1800 0.0000 101756.3089
2121.3200 2121.3200 0.0000 101753.0248
2135.4600 2135.4600 0.0000 101753.0248
2149.6000 2149.6000 0.0000 101750.8354
2163.7500 2163.7500 0.0000 101748.6460
2177.8900 2177.8900 0.0000 101748.6460
2192.0300 2192.0300 0.0000 101745.3620
2206.1700 2206.1700 0.0000 101743.1726
2220.3200 2220.3200 0.0000 101743.1726
2234.4600 2234.4600 0.0000 101740.9832
2248.6000 2248.6000 0.0000 101738.7938
2262.7400 2262.7400 0.0000 101738.7938
2276.8800 2276.8800 0.0000 101736.6044
2291.0300 2291.0300 0.0000 101733.3204
2305.1700 2305.1700 0.0000 101733.3204
2319.3100 2319.3100 0.0000 101731.1310
2333.4500 2333.4500 0.0000 101728.9416
2347.5900 2347.5900 0.0000 101728.9416
2361.7400 2361.7400 0.0000 101726.7522
2375.8800 2375.8800 0.0000 101724.5628
2390.0200 2390.0200 0.0000 101724.5628
2404.1600 2404.1600 0.0000 101722.3734
2418.3100 2418.3100 0.0000 101720.1840
2432.4500 2432.4500 0.0000 101720.1840
2446.5900 2446.5900 0.0000 101717.9947
2460.7300 2460.7300 0.0000 101715.8053
2474.8700 2474.8700 0.0000 101715.8053
2489.0200 2489.0200 0.0000 101713.6159
2503.1600 2503.1600 0.0000 101712.5212
2517.3000 2517.3000 0.0000 101712.5212
2531.4400 2531.4400 0.0000 101710.3318
2545.5800 2545.5800 0.0000 101708.1424
2559.7300 2559.7300 0.0000 101708.1424
2573.8700 2573.8700 0.0000 101705.9530
2588.0100 2588.0100 0.0000 101703.7637
2602.1500 2602.1500 0.0000 101703.7637
2616.3000 2616.3000 0.0000 101702.6690
2630.4400 2630.4400 0.0000 101700.4796
2644.5800 2644.5800 0.0000 101700.4796
2658.7200 2658.7200 0.0000 101698.2902
2672.8600 2672.8600 0.0000 101697.1955
2687.0100 2687.0100 0.0000 101697.1955
2701.1500 2701.1500 0.0000 101695.0061
2715.2900 2715.2900 0.0000 101692.8167
2729.4300 2729.4300 0.0000 101692.8167
2743.5700 2743.5700 0.0000 101691.7220
2757.7200 2757.7200 0.0000 101689.5326
2771.8600 2771.8600 0.0000 101689.5326
2786.0000 2786.0000 0.0000 101688.4380
2800.1400 2800.1400 0.0000 101686.2486
2814.2800 2814.2800 0.0000 101686.2486
2828.4300 2828.4300 0.0000 101685.1539
2842.5700 2842.5700 0.0000 101682.9645
2856.7100 2856.7100 0.0000 101682.9645
2870.8500 2870.8500 0.0000 101681.8698
2885.0000 2885.0000 0.0000 101679.6804
2899.1400 2899.1400 0.0000 101679.6804
2913.2800 2913.2800 0.0000 101678.5857
2927.4200 2927.4200 0.0000 101676.3963
2941.5600 2941.5600 0.0000 101676.3963
2955.7100 2955.7100 0.0000 101675.3016
2969.8500 2969.8500 0.0000 101673.1123
2983.9900 2983.9900 0.0000 101673.1123
2998.1300 2998.1300 0.0000 101672.0176
3012.2700 3012.2700 0.0000 101669.8282
3026.4200 3026.4200 0.0000 101669.8282
3040.5600 3040.5600 0.0000 101667.6388
3054.7000 3054.7000 0.0000 101664.3547
3068.8400 3068.8400 0.0000 101664.3547
3082.9900 3082.9900 0.0000 101662.1653
3097.1300 3097.1300 0.0000 101657.7866
3111.2700 3111.2700 0.0000 101657.7866
