0.0000 0.0000 0.0000 7257570.0000
14.1421 14.1421 0.0000 4928600.0000
28.2843 28.2843 0.0000 2121620.0000
42.4264 42.4264 0.0000 977343.0000
56.5685 56.5685 0.0000 511224.0000
70.7107 70.7107 0.0000 371725.0000
84.8528 84.8528 0.0000 274291.0000
98.9949 98.9949 0.0000 232030.0000
113.1370 113.1370 0.0000 196822.0000
127.2790 127.2790 0.0000 179489.0000
141.4210 141.4210 0.0000 163331.0000
155.5630 155.5630 0.0000 154583.0000
169.7060 169.7060 0.0000 145836.0000
183.8480 183.8480 0.0000 140798.0000
197.9900 197.9900 0.0000 135424.0000
212.1320 212.1320 0.0000 130863.0000
226.2740 226.2740 0.0000 127833.0000
240.4160 240.4160 0.0000 124602.0000
254.5580 254.5580 0.0000 122680.0000
268.7010 268.7010 0.0000 120474.0000
282.8430 282.8430 0.0000 119127.0000
296.9850 296.9850 0.0000 117635.0000
311.1270 311.1270 0.0000 116730.0000
325.2690 325.2690 0.0000 115601.0000
339.4110 339.4110 0.0000 114711.0000
353.5530 353.5530 0.0000 113771.0000
367.6960 367.6960 0.0000 113191.0000
381.8380 381.8380 0.0000 112333.0000
395.9800 395.9800 0.0000 111314.0000
410.1220 410.1220 0.0000 110629.0000
424.2640 424.2640 0.0000 110039.0000
438.4060 438.4060 0.0000 109763.0000
452.5480 452.5480 0.0000 109264.0000
466.6900 466.6900 0.0000 108819.0000
480.8330 480.8330 0.0000 108422.0000
494.9750 494.9750 0.0000 108238.0000
509.1170 509.1170 0.0000 107895.0000
523.2590 523.2590 0.0000 107581.0000
537.4010 537.4010 0.0000 107292.0000
551.5430 551.5430 0.0000 107155.0000
565.6850 565.6850 0.0000 106897.0000
579.8280 579.8280 0.0000 106656.0000
593.9700 593.9700 0.0000 106429.0000
608.1120 608.1120 0.0000 106216.0000
622.2540 622.2540 0.0000 106115.0000
636.3960 636.3960 0.0000 105924.0000
650.5380 650.5380 0.0000 105773.3237
664.6800 664.6800 0.0000 105653.0076
678.8230 678.8230 0.0000 105485.4645
692.9650 692.9650 0.0000 105424.7443
707.1070 707.1070 0.0000 105364.0240
721.2490 721.2490 0.0000 105240.3345
735.3910 735.3910 0.0000 105172.8675
749.5330 749.5330 0.0000 105104.2760
763.6750 763.6750 0.0000 104967.0932
777.8170 777.8170 0.0000 104895.1284
791.9600 791.9600 0.0000 104752.3232
806.1020 806.1020 0.0000 104681.4829
820.2440 820.2440 0.0000 104611.7670
834.3860 834.3860 0.0000 104477.9575
848.5280 848.5280 0.0000 104414.9883
862.6700 862.6700 0.0000 104354.2680
876.8120 876.8120 0.0000 104240.6985
890.9550 890.9550 0.0000 104186.7249
905.0970 905.0970 0.0000 104136.1247
919.2390 919.2390 0.0000 104040.5465
933.3810 933.3810 0.0000 103995.5685
947.5230 947.5230 0.0000 103951.7149
961.6650 961.6650 0.0000 103911.2347
975.8070 975.8070 0.0000 103833.6477
989.9490 989.9490 0.0000 103796.5408
1004.0900 1004.0900 0.0000 103760.5584
1018.2300 1018.2300 0.0000 103694.2159
1032.3800 1032.3800 0.0000 103662.7313
1046.5200 1046.5200 0.0000 103631.2467
1060.6600 1060.6600 0.0000 103572.7753
1074.8000 1074.8000 0.0000 103544.6641
1088.9400 1088.9400 0.0000 103516.5528
1103.0900 1103.0900 0.0000 103464.8281
1117.2300 1117.2300 0.0000 103438.9658
1131.3700 1131.3700 0.0000 103390.6144
1145.5100 1145.5100 0.0000 103367.0010
1159.6600 1159.6600 0.0000 103344.5120
1173.8000 1173.8000 0.0000 103299.5340
1187.9400 1187.9400 0.0000 103278.1694
1202.0800 1202.0800 0.0000 103212.9513
1216.2200 1216.2200 0.0000 103120.7465
1230.3700 1230.3700 0.0000 103120.7465
1244.5100 1244.5100 0.0000 103031.9149
1258.6500 1258.6500 0.0000 102958.8257
1272.7900 1272.7900 0.0000 102958.8257
1286.9300 1286.9300 0.0000 102893.6076
1301.0800 1301.0800 0.0000 102837.3851
1315.2200 1315.2200 0.0000 102837.3851
1329.3600 1329.3600 0.0000 102786.7848
1343.5000 1343.5000 0.0000 102741.8068
1357.6500 1357.6500 0.0000 102741.8068
1371.7900 1371.7900 0.0000 102702.4511
1385.9300 1385.9300 0.0000 102666.4687
1400.0700 1400.0700 0.0000 102666.4687
1414.2100 1414.2100 0.0000 102633.8597
1428.3600 1428.3600 0.0000 102603.4995
1442.5000 1442.5000 0.0000 102603.4995
1456.6400 1456.6400 0.0000 102576.5127
1470.7800 1470.7800 0.0000 102550.6504
1484.9200 1484.9200 0.0000 102550.6504
1499.0700 1499.0700 0.0000 102525.9125
1513.2100 1513.2100 0.0000 102503.4235
1527.3500 1527.3500 0.0000 102503.4235
1541.4900 1541.4900 0.0000 102482.0589
1555.6300 1555.6300 0.0000 102462.9433
1569.7800 1569.7800 0.0000 102462.9433
1583.9200 1583.9200 0.0000 102443.8276
1598.0600 1598.0600 0.0000 102425.8364
1612.2000 1612.2000 0.0000 102425.8364
1626.3500 1626.3500 0.0000 102408.9697
1640.4900 1640.4900 0.0000 102393.2274
1654.6300 1654.6300 0.0000 102393.2274
1668.7700 1668.7700 0.0000 102377.4851
1682.9100 1682.9100 0.0000 102362.8672
1697.0600 1697.0600 0.0000 102362.8672
1711.2000 1711.2000 0.0000 102349.3738
1725.3400 1725.3400 0.0000 102335.8804
1739.4800 1739.4800 0.0000 102335.8804
1753.6200 1753.6200 0.0000 102323.5115
1767.7700 1767.7700 0.0000 102311.1425
1781.9100 1781.9100 0.0000 102311.1425
1796.0500 1796.0500 0.0000 102299.8980
1810.1900 1810.1900 0.0000 102288.6535
1824.3400 1824.3400 0.0000 102288.6535
1838.4800 1838.4800 0.0000 102277.4090
1852.6200 1852.6200 0.0000 102267.2890
1866.7600 1866.7600 0.0000 102267.2890
1880.9000 1880.9000 0.0000 102257.1689
1895.0500 1895.0500 0.0000 102247.0489
1909.1900 1909.1900 0.0000 102247.0489
1923.3300 1923.3300 0.0000 102238.0533
1937.4700 1937.4700 0.0000 102229.0577
1951.6100 1951.6100 0.0000 102229.0577
1965.7600 1965.7600 0.0000 102220.0621
1979.9000 1979.9000 0.0000 102211.0665
1994.0400 1994.0400 0.0000 102211.0665
2008.1800 2008.1800 0.0000 102203.1954
2022.3300 2022.3300 0.0000 102194.1998
2036.4700 2036.4700 0.0000 102194.1998
2050.6100 2050.6100 0.0000 102186.3286
2064.7500 2064.7500 0.0000 102178.4575
2078.8900 2078.8900 0.0000 102178.4575
2093.0400 2093.0400 0.0000 102171.7108
2107.1800 2107.1800 0.0000 102163.8396
2121.3200 2121.3200 0.0000 102157.0929
2135.4600 2135.4600 0.0000 102157.0929
2149.6000 2149.6000 0.0000 102150.3462
2163.7500 2163.7500 0.0000 102142.4751
2177.8900 2177.8900 0.0000 102142.4751
2192.0300 2192.0300 0.0000 102136.8528
2206.1700 2206.1700 0.0000 102130.1061
2220.3200 2220.3200 0.0000 102130.1061
2234.4600 2234.4600 0.0000 102123.3594
2248.6000 2248.6000 0.0000 102117.7372
2262.7400 2262.7400 0.0000 102117.7372
2276.8800 2276.8800 0.0000 102110.9905
2291.0300 2291.0300 0.0000 102105.3682
2305.1700 2305.1700 0.0000 102105.3682
2319.3100 2319.3100 0.0000 102099.7460
2333.4500 2333.4500 0.0000 102094.1237
2347.5900 2347.5900 0.0000 102094.1237
2361.7400 2361.7400 0.0000 102088.5015
2375.8800 2375.8800 0.0000 102082.8792
2390.0200 2390.0200 0.0000 102082.8792
2404.1600 2404.1600 0.0000 102077.2570
2418.3100 2418.3100 0.0000 102071.6347
2432.4500 2432.4500 0.0000 102071.6347
2446.5900 2446.5900 0.0000 102067.1369
2460.7300 2460.7300 0.0000 102061.5147
2474.8700 2474.8700 0.0000 102061.5147
2489.0200 2489.0200 0.0000 102057.0169
2503.1600 2503.1600 0.0000 102051.3946
2517.3000 2517.3000 0.0000 102051.3946
2531.4400 2531.4400 0.0000 102046.8968
2545.5800 2545.5800 0.0000 102042.3990
2559.7300 2559.7300 0.0000 102042.3990
2573.8700 2573.8700 0.0000 102037.9012
2588.0100 2588.0100 0.0000 102033.4034
2602.1500 2602.1500 0.0000 102033.4034
2616.3000 2616.3000 0.0000 102028.9056
2630.4400 2630.4400 0.0000 102024.4078
2644.5800 2644.5800 0.0000 102024.4078
2658.7200 2658.7200 0.0000 102019.9100
2672.8600 2672.8600 0.0000 102015.4122
2687.0100 2687.0100 0.0000 102015.4122
2701.1500 2701.1500 0.0000 102012.0389
2715.2900 2715.2900 0.0000 102007.5411
2729.4300 2729.4300 0.0000 102007.5411
2743.5700 2743.5700 0.0000 102004.1677
2757.7200 2757.7200 0.0000 101999.6699
2771.8600 2771.8600 0.0000 101999.6699
2786.0000 2786.0000 0.0000 101996.2966
2800.1400 2800.1400 0.0000 101991.7988
2814.2800 2814.2800 0.0000 101991.7988
2828.4300 2828.4300 0.0000 101988.4254
2842.5700 2842.5700 0.0000 101983.9276
2856.7100 2856.7100 0.0000 101983.9276
2870.8500 2870.8500 0.0000 101980.5543
2885.0000 2885.0000 0.0000 101977.1809
2899.1400 2899.1400 0.0000 101977.1809
2913.2800 2913.2800 0.0000 101973.8076
2927.4200 2927.4200 0.0000 101970.4342
2941.5600 2941.5600 0.0000 101970.4342
2955.7100 2955.7100 0.0000 101967.0609
2969.8500 2969.8500 0.0000 101963.6875
2983.9900 2983.9900 0.0000 101963.6875
2998.1300 2998.1300 0.0000 101960.3142
3012.2700 3012.2700 0.0000 101955.8164
3026.4200 3026.4200 0.0000 101955.8164
3040.5600 3040.5600 0.0000 101952.4430
3054.7000 3054.7000 0.0000 101946.8208
3068.8400 3068.8400 0.0000 101946.8208
3082.9900 3082.9900 0.0000 101941.1985
3097.1300 3097.1300 0.0000 101932.2029
3111.2700 3111.2700 0.0000 101932.2029
