0.0000 0.0000 0.0000 313531.0000
14.1421 14.1421 0.0000 311687.0000
28.2843 28.2843 0.0000 307155.0000
42.4264 42.4264 0.0000 302700.0000
56.5685 56.5685 0.0000 297047.0000
70.7107 70.7107 0.0000 290724.0000
84.8528 84.8528 0.0000 282201.0000
98.9949 98.9949 0.0000 273318.0000
113.1370 113.1370 0.0000 264650.0000
127.2790 127.2790 0.0000 260105.0000
141.4210 141.4210 0.0000 251142.0000
155.5630 155.5630 0.0000 243102.0000
169.7060 169.7060 0.0000 235443.0000
183.8480 183.8480 0.0000 227961.0000
197.9900 197.9900 0.0000 220768.0000
212.1320 212.1320 0.0000 214001.0000
226.2740 226.2740 0.0000 207750.0000
240.4160 240.4160 0.0000 202026.0000
254.5580 254.5580 0.0000 199363.0000
268.7010 268.7010 0.0000 194321.0000
282.8430 282.8430 0.0000 189493.0000
296.9850 296.9850 0.0000 184887.0000
311.1270 311.1270 0.0000 180588.0000
325.2690 325.2690 0.0000 176577.0000
339.4110 339.4110 0.0000 172890.0000
353.5530 353.5530 0.0000 169422.0000
367.6960 367.6960 0.0000 166137.0000
381.8380 381.8380 0.0000 164571.0000
395.9800 395.9800 0.0000 161569.0000
410.1220 410.1220 0.0000 158726.0000
424.2640 424.2640 0.0000 156063.0000
438.4060 438.4060 0.0000 153593.0000
452.5480 452.5480 0.0000 151317.0000
466.6900 466.6900 0.0000 149197.0000
480.8330 480.8330 0.0000 147215.0000
494.9750 494.9750 0.0000 145333.0000
509.1170 509.1170 0.0000 144427.0000
523.2590 523.2590 0.0000 142682.0000
537.4010 537.4010 0.0000 141011.0000
551.5430 551.5430 0.0000 139406.0000
565.6850 565.6850 0.0000 137844.0000
579.8280 579.8280 0.0000 136257.0000
593.9700 593.9700 0.0000 134541.0000
608.1120 608.1120 0.0000 132895.0000
622.2540 622.2540 0.0000 131523.0000
636.3960 636.3960 0.0000 130926.0000
650.5380 650.5380 0.0000 129909.0000
664.6800 664.6800 0.0000 129009.0000
678.8230 678.8230 0.0000 128141.0000
692.9650 692.9650 0.0000 127320.0000
707.1070 707.1070 0.0000 126506.0000
721.2490 721.2490 0.0000 125742.0000
735.3910 735.3910 0.0000 125015.0000
749.5330 749.5330 0.0000 124303.0000
763.6750 763.6750 0.0000 124001.0000
777.8170 777.8170 0.0000 123345.0000
791.9600 791.9600 0.0000 122751.0000
806.1020 806.1020 0.0000 122206.0000
820.2440 820.2440 0.0000 121714.0000
834.3860 834.3860 0.0000 121236.0000
848.5280 848.5280 0.0000 120762.0000
862.6700 862.6700 0.0000 120280.0000
876.8120 876.8120 0.0000 119790.0000
890.9550 890.9550 0.0000 119520.0000
905.0970 905.0970 0.0000 119084.0000
919.2390 919.2390 0.0000 118630.0000
933.3810 933.3810 0.0000 118210.0000
947.5230 947.5230 0.0000 117793.0000
961.6650 961.6650 0.0000 117388.0000
975.8070 975.8070 0.0000 117002.0000
989.9490 989.9490 0.0000 116629.0000
1004.0900 1004.0900 0.0000 116270.0000
1018.2300 1018.2300 0.0000 116023.0000
1032.3800 1032.3800 0.0000 115678.0000
1046.5200 1046.5200 0.0000 115352.0000
1060.6600 1060.6600 0.0000 115019.0000
1074.8000 1074.8000 0.0000 114676.0000
1088.9400 1088.9400 0.0000 114307.0000
1103.0900 1103.0900 0.0000 113945.0000
1117.2300 1117.2300 0.0000 113544.0000
1131.3700 1131.3700 0.0000 113044.0000
1145.5100 1145.5100 0.0000 112834.0000
1159.6600 1159.6600 0.0000 112349.0000
1173.8000 1173.8000 0.0000 112151.0000
1187.9400 1187.9400 0.0000 111705.8364
1202.0800 1202.0800 0.0000 111673.2121
1216.2200 1216.2200 0.0000 111270.1444
1230.3700 1230.3700 0.0000 110952.3207
1244.5100 1244.5100 0.0000 110611.3443
1258.6500 1258.6500 0.0000 110611.3443
1272.7900 1272.7900 0.0000 110335.6165
1286.9300 1286.9300 0.0000 110080.9366
1301.0800 1301.0800 0.0000 110080.9366
1315.2200 1315.2200 0.0000 109800.9992
1329.3600 1329.3600 0.0000 109536.8478
1343.5000 1343.5000 0.0000 109536.8478
1357.6500 1357.6500 0.0000 109290.5871
1371.7900 1371.7900 0.0000 109071.6886
1385.9300 1385.9300 0.0000 109071.6886
1400.0700 1400.0700 0.0000 108882.2573
1414.2100 1414.2100 0.0000 108882.2573
1428.3600 1428.3600 0.0000 108712.8215
1442.5000 1442.5000 0.0000 108553.9097
1456.6400 1456.6400 0.0000 108553.9097
1470.7800 1470.7800 0.0000 108405.5218
1484.9200 1484.9200 0.0000 108262.3959
1499.0700 1499.0700 0.0000 108262.3959
1513.2100 1513.2100 0.0000 108125.5844
1527.3500 1527.3500 0.0000 107994.0349
1541.4900 1541.4900 0.0000 107868.7997
1555.6300 1555.6300 0.0000 107868.7997
1569.7800 1569.7800 0.0000 107746.7218
1583.9200 1583.9200 0.0000 107628.8534
1598.0600 1598.0600 0.0000 107628.8534
1612.2000 1612.2000 0.0000 107515.1946
1626.3500 1626.3500 0.0000 107404.6930
1640.4900 1640.4900 0.0000 107404.6930
1654.6300 1654.6300 0.0000 107298.4010
1668.7700 1668.7700 0.0000 107195.2662
1682.9100 1682.9100 0.0000 107195.2662
1697.0600 1697.0600 0.0000 107094.2361
1711.2000 1711.2000 0.0000 107094.2361
1725.3400 1725.3400 0.0000 106996.3633
1739.4800 1739.4800 0.0000 106902.7000
1753.6200 1753.6200 0.0000 106902.7000
1767.7700 1767.7700 0.0000 106812.1939
1781.9100 1781.9100 0.0000 106722.7403
1796.0500 1796.0500 0.0000 106722.7403
1810.1900 1810.1900 0.0000 106637.4962
1824.3400 1824.3400 0.0000 106554.3569
1838.4800 1838.4800 0.0000 106554.3569
1852.6200 1852.6200 0.0000 106473.3223
1866.7600 1866.7600 0.0000 106395.4450
1880.9000 1880.9000 0.0000 106319.6725
1895.0500 1895.0500 0.0000 106319.6725
1909.1900 1909.1900 0.0000 106246.0048
1923.3300 1923.3300 0.0000 106175.4942
1937.4700 1937.4700 0.0000 106175.4942
1951.6100 1951.6100 0.0000 106107.0885
1965.7600 1965.7600 0.0000 106040.7875
1979.9000 1979.9000 0.0000 106040.7875
1994.0400 1994.0400 0.0000 105976.5913
2008.1800 2008.1800 0.0000 105914.5000
2022.3300 2022.3300 0.0000 105914.5000
2036.4700 2036.4700 0.0000 105854.5134
2050.6100 2050.6100 0.0000 105854.5134
2064.7500 2064.7500 0.0000 105796.6316
2078.8900 2078.8900 0.0000 105739.8022
2093.0400 2093.0400 0.0000 105739.8022
2107.1800 2107.1800 0.0000 105686.1300
2121.3200 2121.3200 0.0000 105633.5102
2135.4600 2135.4600 0.0000 105633.5102
2149.6000 2149.6000 0.0000 105582.9951
2163.7500 2163.7500 0.0000 105533.5325
2177.8900 2177.8900 0.0000 105533.5325
2192.0300 2192.0300 0.0000 105486.1747
2206.1700 2206.1700 0.0000 105440.9216
2220.3200 2220.3200 0.0000 105395.6686
2234.4600 2234.4600 0.0000 105395.6686
2248.6000 2248.6000 0.0000 105352.5204
2262.7400 2262.7400 0.0000 105311.4769
2276.8800 2276.8800 0.0000 105311.4769
2291.0300 2291.0300 0.0000 105270.4335
2305.1700 2305.1700 0.0000 105230.4424
2319.3100 2319.3100 0.0000 105230.4424
2333.4500 2333.4500 0.0000 105192.5561
2347.5900 2347.5900 0.0000 105154.6699
2361.7400 2361.7400 0.0000 105154.6699
2375.8800 2375.8800 0.0000 105118.8884
2390.0200 2390.0200 0.0000 105118.8884
2404.1600 2404.1600 0.0000 105083.1069
2418.3100 2418.3100 0.0000 105049.4303
2432.4500 2432.4500 0.0000 105049.4303
2446.5900 2446.5900 0.0000 105015.7536
2460.7300 2460.7300 0.0000 104982.0769
2474.8700 2474.8700 0.0000 104982.0769
2489.0200 2489.0200 0.0000 104950.5050
2503.1600 2503.1600 0.0000 104918.9331
2517.3000 2517.3000 0.0000 104918.9331
2531.4400 2531.4400 0.0000 104888.4136
2545.5800 2545.5800 0.0000 104858.9465
2559.7300 2559.7300 0.0000 104829.4794
2573.8700 2573.8700 0.0000 104829.4794
2588.0100 2588.0100 0.0000 104801.0647
2602.1500 2602.1500 0.0000 104773.7024
2616.3000 2616.3000 0.0000 104773.7024
2630.4400 2630.4400 0.0000 104746.3401
2644.5800 2644.5800 0.0000 104718.9778
2658.7200 2658.7200 0.0000 104718.9778
2672.8600 2672.8600 0.0000 104693.7203
2687.0100 2687.0100 0.0000 104667.4104
2701.1500 2701.1500 0.0000 104667.4104
2715.2900 2715.2900 0.0000 104642.1529
2729.4300 2729.4300 0.0000 104642.1529
2743.5700 2743.5700 0.0000 104617.9478
2757.7200 2757.7200 0.0000 104593.7427
2771.8600 2771.8600 0.0000 104593.7427
2786.0000 2786.0000 0.0000 104569.5376
2800.1400 2800.1400 0.0000 104546.3849
2814.2800 2814.2800 0.0000 104546.3849
2828.4300 2828.4300 0.0000 104523.2321
2842.5700 2842.5700 0.0000 104501.1318
2856.7100 2856.7100 0.0000 104479.0315
2870.8500 2870.8500 0.0000 104479.0315
2885.0000 2885.0000 0.0000 104457.9836
2899.1400 2899.1400 0.0000 104435.8833
2913.2800 2913.2800 0.0000 104435.8833
2927.4200 2927.4200 0.0000 104414.8353
2941.5600 2941.5600 0.0000 104394.8398
2955.7100 2955.7100 0.0000 104394.8398
2969.8500 2969.8500 0.0000 104367.4775
2983.9900 2983.9900 0.0000 104294.8622
2998.1300 2998.1300 0.0000 104294.8622
3012.2700 3012.2700 0.0000 104148.5791
3026.4200 3026.4200 0.0000 104148.5791
3040.5600 3040.5600 0.0000 103912.8423
3054.7000 3054.7000 0.0000 103913.8947
3068.8400 3068.8400 0.0000 103913.8947
3082.9900 3082.9900 0.0000 103881.2704
3097.1300 3097.1300 0.0000 103881.2704
3111.2700 3111.2700 0.0000 103849.6986
3125.4100 3125.4100 0.0000 103849.6986
3139.5500 3139.5500 0.0000 103849.6986
3153.7000 3153.7000 0.0000 103819.1791
3167.8400 3167.8400 0.0000 103819.1791
3181.9800 3181.9800 0.0000 103789.7120
3196.1200 3196.1200 0.0000 103789.7120
3210.2600 3210.2600 0.0000 103789.7120
3224.4100 3224.4100 0.0000 103762.3497
3238.5500 3238.5500 0.0000 103762.3497
3252.6900 3252.6900 0.0000 103734.9874
3266.8300 3266.8300 0.0000 103734.9874
3280.9800 3280.9800 0.0000 103734.9874
3295.1200 3295.1200 0.0000 103707.6251
3309.2600 3309.2600 0.0000 103707.6251
3323.4000 3323.4000 0.0000 103682.3676
3337.5400 3337.5400 0.0000 103682.3676
3351.6900 3351.6900 0.0000 103682.3676
3365.8300 3365.8300 0.0000 103657.1100
3379.9700 3379.9700 0.0000 103657.1100
3394.1100 3394.1100 0.0000 103632.9049
3408.2500 3408.2500 0.0000 103632.9049
3422.4000 3422.4000 0.0000 103632.9049
3436.5400 3436.5400 0.0000 103609.7522
3450.6800 3450.6800 0.0000 103609.7522
3464.8200 3464.8200 0.0000 103586.5995
3478.9700 3478.9700 0.0000 103586.5995
3493.1100 3493.1100 0.0000 103586.5995
3507.2500 3507.2500 0.0000 103564.4992
3521.3900 3521.3900 0.0000 103564.4992
3535.5300 3535.5300 0.0000 103542.3989
3549.6800 3549.6800 0.0000 103542.3989
3563.8200 3563.8200 0.0000 103542.3989
3577.9600 3577.9600 0.0000 103521.3509
3592.1000 3592.1000 0.0000 103521.3509
3606.2400 3606.2400 0.0000 103501.3554
3620.3900 3620.3900 0.0000 103501.3554
3634.5300 3634.5300 0.0000 103501.3554
3648.6700 3648.6700 0.0000 103481.3599
3662.8100 3662.8100 0.0000 103481.3599
3676.9600 3676.9600 0.0000 103462.4167
3691.1000 3691.1000 0.0000 103462.4167
3705.2400 3705.2400 0.0000 103462.4167
3719.3800 3719.3800 0.0000 103443.4736
3733.5200 3733.5200 0.0000 103443.4736
3747.6700 3747.6700 0.0000 103424.5305
3761.8100 3761.8100 0.0000 103424.5305
3775.9500 3775.9500 0.0000 103424.5305
3790.0900 3790.0900 0.0000 103406.6397
3804.2300 3804.2300 0.0000 103406.6397
3818.3800 3818.3800 0.0000 103388.7490
3832.5200 3832.5200 0.0000 103388.7490
3846.6600 3846.6600 0.0000 103388.7490
3860.8000 3860.8000 0.0000 103371.9107
3874.9500 3874.9500 0.0000 103371.9107
3889.0900 3889.0900 0.0000 103355.0723
3903.2300 3903.2300 0.0000 103355.0723
3917.3700 3917.3700 0.0000 103355.0723
3931.5100 3931.5100 0.0000 103338.2340
3945.6600 3945.6600 0.0000 103338.2340
3959.8000 3959.8000 0.0000 103322.4480
3973.9400 3973.9400 0.0000 103322.4480
3988.0800 3988.0800 0.0000 103322.4480
4002.2200 4002.2200 0.0000 103306.6621
4016.3700 4016.3700 0.0000 103306.6621
4030.5100 4030.5100 0.0000 103291.9286
4044.6500 4044.6500 0.0000 103291.9286
4058.7900 4058.7900 0.0000 103291.9286
4072.9400 4072.9400 0.0000 103276.1426
4087.0800 4087.0800 0.0000 103276.1426
4101.2200 4101.2200 0.0000 103261.4091
4115.3600 4115.3600 0.0000 103261.4091
4129.5000 4129.5000 0.0000 103261.4091
4143.6500 4143.6500 0.0000 103247.7279
4157.7900 4157.7900 0.0000 103247.7279
4171.9300 4171.9300 0.0000 103232.9944
4186.0700 4186.0700 0.0000 103232.9944
4200.2100 4200.2100 0.0000 103232.9944
4214.3600 4214.3600 0.0000 103219.3132
4228.5000 4228.5000 0.0000 103219.3132
4242.6400 4242.6400 0.0000 103205.6321
4256.7800 4256.7800 0.0000 103205.6321
4270.9200 4270.9200 0.0000 103205.6321
4285.0700 4285.0700 0.0000 103193.0033
4299.2100 4299.2100 0.0000 103193.0033
4313.3500 4313.3500 0.0000 103180.3746
4327.4900 4327.4900 0.0000 103180.3746
4341.6400 4341.6400 0.0000 103180.3746
4355.7800 4355.7800 0.0000 103167.7458
4369.9200 4369.9200 0.0000 103167.7458
4384.0600 4384.0600 0.0000 103155.1170
4398.2000 4398.2000 0.0000 103155.1170
4412.3500 4412.3500 0.0000 103155.1170
4426.4900 4426.4900 0.0000 103142.4883
4440.6300 4440.6300 0.0000 103142.4883
4454.7700 4454.7700 0.0000 103130.9119
4468.9100 4468.9100 0.0000 103130.9119
4483.0600 4483.0600 0.0000 103130.9119
4497.2000 4497.2000 0.0000 103118.2832
4511.3400 4511.3400 0.0000 103118.2832
4525.4800 4525.4800 0.0000 103106.7068
4539.6300 4539.6300 0.0000 103106.7068
4553.7700 4553.7700 0.0000 103106.7068
4567.9100 4567.9100 0.0000 103096.1829
4582.0500 4582.0500 0.0000 103096.1829
4596.1900 4596.1900 0.0000 103084.6065
4610.3400 4610.3400 0.0000 103084.6065
4624.4800 4624.4800 0.0000 103084.6065
4638.6200 4638.6200 0.0000 103074.0825
4652.7600 4652.7600 0.0000 103074.0825
4666.9000 4666.9000 0.0000 103062.5062
4681.0500 4681.0500 0.0000 103062.5062
4695.1900 4695.1900 0.0000 103062.5062
4709.3300 4709.3300 0.0000 103051.9822
4723.4700 4723.4700 0.0000 103051.9822
4737.6200 4737.6200 0.0000 103041.4582
4751.7600 4751.7600 0.0000 103041.4582
4765.9000 4765.9000 0.0000 103041.4582
4780.0400 4780.0400 0.0000 103031.9867
4794.1800 4794.1800 0.0000 103031.9867
4808.3300 4808.3300 0.0000 103021.4627
4822.4700 4822.4700 0.0000 103021.4627
4836.6100 4836.6100 0.0000 103021.4627
4850.7500 4850.7500 0.0000 103011.9912
4864.8900 4864.8900 0.0000 103011.9912
4879.0400 4879.0400 0.0000 103001.4672
4893.1800 4893.1800 0.0000 103001.4672
4907.3200 4907.3200 0.0000 103001.4672
4921.4600 4921.4600 0.0000 102991.9956
4935.6100 4935.6100 0.0000 102991.9956
4949.7500 4949.7500 0.0000 102982.5241
4963.8900 4963.8900 0.0000 102982.5241
4978.0300 4978.0300 0.0000 102982.5241
4992.1700 4992.1700 0.0000 102973.0525
5006.3200 5006.3200 0.0000 102973.0525
5020.4600 5020.4600 0.0000 102964.6333
5034.6000 5034.6000 0.0000 102964.6333
5048.7400 5048.7400 0.0000 102964.6333
5062.8800 5062.8800 0.0000 102955.1618
5077.0300 5077.0300 0.0000 102955.1618
5091.1700 5091.1700 0.0000 102946.7426
5105.3100 5105.3100 0.0000 102946.7426
5119.4500 5119.4500 0.0000 102946.7426
5133.6000 5133.6000 0.0000 102937.2710
5147.7400 5147.7400 0.0000 102937.2710
5161.8800 5161.8800 0.0000 102928.8519
5176.0200 5176.0200 0.0000 102928.8519
5190.1600 5190.1600 0.0000 102928.8519
5204.3100 5204.3100 0.0000 102920.4327
5218.4500 5218.4500 0.0000 102920.4327
5232.5900 5232.5900 0.0000 102912.0135
5246.7300 5246.7300 0.0000 102912.0135
5260.8700 5260.8700 0.0000 102912.0135
5275.0200 5275.0200 0.0000 102903.5943
5289.1600 5289.1600 0.0000 102903.5943
5303.3000 5303.3000 0.0000 102896.2276
5317.4400 5317.4400 0.0000 102896.2276
5331.5900 5331.5900 0.0000 102896.2276
5345.7300 5345.7300 0.0000 102887.8084
5359.8700 5359.8700 0.0000 102887.8084
5374.0100 5374.0100 0.0000 102879.3892
5388.1500 5388.1500 0.0000 102879.3892
5402.3000 5402.3000 0.0000 102879.3892
5416.4400 5416.4400 0.0000 102872.0225
5430.5800 5430.5800 0.0000 102872.0225
5444.7200 5444.7200 0.0000 102864.6557
5458.8600 5458.8600 0.0000 102864.6557
5473.0100 5473.0100 0.0000 102864.6557
5487.1500 5487.1500 0.0000 102857.2889
5501.2900 5501.2900 0.0000 102857.2889
5515.4300 5515.4300 0.0000 102848.8697
5529.5800 5529.5800 0.0000 102848.8697
5543.7200 5543.7200 0.0000 102848.8697
5557.8600 5557.8600 0.0000 102841.5030
5572.0000 5572.0000 0.0000 102841.5030
5586.1400 5586.1400 0.0000 102834.1362
5600.2900 5600.2900 0.0000 102834.1362
5614.4300 5614.4300 0.0000 102834.1362
5628.5700 5628.5700 0.0000 102827.8218
5642.7100 5642.7100 0.0000 102827.8218
5656.8500 5656.8500 0.0000 102820.4550
5671.0000 5671.0000 0.0000 102820.4550
5685.1400 5685.1400 0.0000 102820.4550
5699.2800 5699.2800 0.0000 102813.0883
5713.4200 5713.4200 0.0000 102813.0883
5727.5600 5727.5600 0.0000 102806.7739
5741.7100 5741.7100 0.0000 102806.7739
5755.8500 5755.8500 0.0000 102806.7739
5769.9900 5769.9900 0.0000 102799.4071
5784.1300 5784.1300 0.0000 102799.4071
5798.2800 5798.2800 0.0000 102793.0927
5812.4200 5812.4200 0.0000 102793.0927
5826.5600 5826.5600 0.0000 102793.0927
5840.7000 5840.7000 0.0000 102785.7260
5854.8400 5854.8400 0.0000 102785.7260
5868.9900 5868.9900 0.0000 102779.4116
5883.1300 5883.1300 0.0000 102779.4116
5897.2700 5897.2700 0.0000 102779.4116
5911.4100 5911.4100 0.0000 102773.0972
5925.5500 5925.5500 0.0000 102773.0972
5939.7000 5939.7000 0.0000 102766.7828
5953.8400 5953.8400 0.0000 102766.7828
5967.9800 5967.9800 0.0000 102766.7828
5982.1200 5982.1200 0.0000 102760.4685
5996.2700 5996.2700 0.0000 102760.4685
6010.4100 6010.4100 0.0000 102754.1541
6024.5500 6024.5500 0.0000 102754.1541
6038.6900 6038.6900 0.0000 102754.1541
6052.8300 6052.8300 0.0000 102747.8397
6066.9800 6066.9800 0.0000 102747.8397
6081.1200 6081.1200 0.0000 102741.5253
6095.2600 6095.2600 0.0000 102741.5253
6109.4000 6109.4000 0.0000 102741.5253
6123.5400 6123.5400 0.0000 102735.2109
6137.6900 6137.6900 0.0000 102735.2109
6151.8300 6151.8300 0.0000 102728.8966
6165.9700 6165.9700 0.0000 102728.8966
6180.1100 6180.1100 0.0000 102728.8966
6194.2600 6194.2600 0.0000 102723.6346
6208.4000 6208.4000 0.0000 102723.6346
6222.5400 6222.5400 0.0000 102717.3202
6236.6800 6236.6800 0.0000 102717.3202
6250.8200 6250.8200 0.0000 102717.3202
6264.9700 6264.9700 0.0000 102712.0582
6279.1100 6279.1100 0.0000 102712.0582
6293.2500 6293.2500 0.0000 102705.7439
6307.3900 6307.3900 0.0000 102705.7439
6321.5300 6321.5300 0.0000 102705.7439
6335.6800 6335.6800 0.0000 102700.4819
6349.8200 6349.8200 0.0000 102700.4819
6363.9600 6363.9600 0.0000 102695.2199
6378.1000 6378.1000 0.0000 102695.2199
6392.2500 6392.2500 0.0000 102695.2199
6406.3900 6406.3900 0.0000 102688.9055
6420.5300 6420.5300 0.0000 102688.9055
6434.6700 6434.6700 0.0000 102683.6435
6448.8100 6448.8100 0.0000 102683.6435
6462.9600 6462.9600 0.0000 102683.6435
6477.1000 6477.1000 0.0000 102678.3815
6491.2400 6491.2400 0.0000 102678.3815
6505.3800 6505.3800 0.0000 102673.1196
6519.5200 6519.5200 0.0000 102673.1196
6533.6700 6533.6700 0.0000 102673.1196
6547.8100 6547.8100 0.0000 102667.8576
6561.9500 6561.9500 0.0000 102667.8576
6576.0900 6576.0900 0.0000 102662.5956
6590.2400 6590.2400 0.0000 102662.5956
6604.3800 6604.3800 0.0000 102662.5956
6618.5200 6618.5200 0.0000 102657.3336
6632.6600 6632.6600 0.0000 102657.3336
6646.8000 6646.8000 0.0000 102652.0716
6660.9500 6660.9500 0.0000 102652.0716
6675.0900 6675.0900 0.0000 102652.0716
6689.2300 6689.2300 0.0000 102646.8097
6703.3700 6703.3700 0.0000 102646.8097
6717.5100 6717.5100 0.0000 102641.5477
6731.6600 6731.6600 0.0000 102641.5477
6745.8000 6745.8000 0.0000 102641.5477
6759.9400 6759.9400 0.0000 102636.2857
6774.0800 6774.0800 0.0000 102636.2857
6788.2300 6788.2300 0.0000 102632.0761
6802.3700 6802.3700 0.0000 102632.0761
6816.5100 6816.5100 0.0000 102632.0761
6830.6500 6830.6500 0.0000 102625.7617
6844.7900 6844.7900 0.0000 102625.7617
6858.9400 6858.9400 0.0000 102618.3950
6873.0800 6873.0800 0.0000 102618.3950
6887.2200 6887.2200 0.0000 102618.3950
6901.3600 6901.3600 0.0000 102611.0282
6915.5000 6915.5000 0.0000 102611.0282
6929.6500 6929.6500 0.0000 102601.5566
6943.7900 6943.7900 0.0000 102601.5566
6957.9300 6957.9300 0.0000 102601.5566
6972.0700 6972.0700 0.0000 102588.9279
6986.2100 6986.2100 0.0000 102588.9279
