0.0 0.0 0.0 251562.3438
14.1421 14.1421 0.0 198264.7188
28.2843 28.2843 0.0 200421.1953
42.4264 42.4264 0.0 201634.7969
56.5685 56.5685 0.0 202449.1953
70.7107 70.7107 0.0 203039.4141
84.8528 84.8528 0.0 203484.9062
98.9949 98.9949 0.0 203828.6797
113.137 113.137 0.0 204096.8359
127.279 127.279 0.0 204306.2812
141.421 141.421 0.0 204468.7344
155.563 155.563 0.0 204592.6953
169.706 169.706 0.0 204684.3828
183.848 183.848 0.0 204748.6719
197.99 197.99 0.0 204789.2969
212.132 212.132 0.0 204809.3359
226.274 226.274 0.0 204811.0938
240.416 240.416 0.0 204796.7266
254.558 254.558 0.0 204767.8750
268.701 268.701 0.0 204725.9453
282.843 282.843 0.0 204672.1172
296.985 296.985 0.0 204607.5000
311.127 311.127 0.0 204532.9375
325.269 325.269 0.0 204449.2969
339.411 339.411 0.0 204357.1094
353.553 353.553 0.0 204257.1094
367.696 367.696 0.0 204149.7969
381.838 381.838 0.0 204035.7031
395.98 395.98 0.0 203915.2188
410.122 410.122 0.0 203788.6719
424.264 424.264 0.0 203656.5078
438.406 438.406 0.0 203518.9922
452.548 452.548 0.0 203376.4609
466.69 466.69 0.0 203229.1250
480.833 480.833 0.0 203077.2344
494.975 494.975 0.0 202921.1484
509.117 509.117 0.0 202760.8672
523.259 523.259 0.0 202596.6719
537.401 537.401 0.0 202428.7656
551.543 551.543 0.0 202257.2812
565.685 565.685 0.0 202082.3359
579.828 579.828 0.0 201904.1484
593.97 593.97 0.0 201722.8438
608.112 608.112 0.0 201538.5234
622.254 622.254 0.0 201351.2812
636.396 636.396 0.0 201161.2734
650.538 650.538 0.0 200968.6250
664.68 664.68 0.0 200773.3047
678.823 678.823 0.0 200575.5156
692.965 692.965 0.0 200375.3594
707.107 707.107 0.0 200172.8672
721.249 721.249 0.0 199968.1719
735.391 735.391 0.0 199761.2578
749.533 749.533 0.0 199552.3125
763.675 763.675 0.0 199341.3359
777.817 777.817 0.0 199128.3906
791.96 791.96 0.0 198913.5469
806.102 806.102 0.0 198696.9297
820.244 820.244 0.0 198478.4922
834.386 834.386 0.0 198258.4219
848.528 848.528 0.0 198036.6328
862.67 862.67 0.0 197813.2578
876.812 876.812 0.0 197588.3594
890.955 890.955 0.0 197361.9453
905.097 905.097 0.0 197134.0625
919.239 919.239 0.0 196904.7812
933.381 933.381 0.0 196674.1328
947.523 947.523 0.0 196442.1797
961.665 961.665 0.0 196208.9922
975.807 975.807 0.0 195974.4844
989.949 989.949 0.0 195738.8359
1004.09 1004.09 0.0 195502.0078
1018.23 1018.23 0.0 195264.1562
1032.38 1032.38 0.0 195024.9844
1046.52 1046.52 0.0 194784.9844
1060.66 1060.66 0.0 194543.9609
1074.8 1074.8 0.0 194301.9688
1088.94 1088.94 0.0 194059.0469
1103.09 1103.09 0.0 193815.0000
1117.23 1117.23 0.0 193570.2969
1131.37 1131.37 0.0 193324.7656
1145.51 1145.51 0.0 193078.4062
1159.66 1159.66 0.0 192831.0781
1173.8 1173.8 0.0 192583.1797
1187.94 1187.94 0.0 192334.5938
1202.08 1202.08 0.0 192085.2891
1216.22 1216.22 0.0 191835.3359
1230.37 1230.37 0.0 191584.6016
1244.51 1244.51 0.0 191333.4453
1258.65 1258.65 0.0 191081.6875
1272.79 1272.79 0.0 190829.3828
1286.93 1286.93 0.0 190576.6172
1301.08 1301.08 0.0 190323.1172
1315.22 1315.22 0.0 190069.3672
1329.36 1329.36 0.0 189815.1719
1343.5 1343.5 0.0 189560.5312
1357.65 1357.65 0.0 189305.3672
1371.79 1371.79 0.0 189049.9766
1385.93 1385.93 0.0 188794.2734
1400.07 1400.07 0.0 188538.2812
1414.21 1414.21 0.0 188281.9688
1428.36 1428.36 0.0 188025.2031
1442.5 1442.5 0.0 187768.3750
1456.64 1456.64 0.0 187511.3828
1470.78 1470.78 0.0 187254.1328
1484.92 1484.92 0.0 186996.7812
1499.07 1499.07 0.0 186739.0078
1513.21 1513.21 0.0 186481.3828
1527.35 1527.35 0.0 186223.5938
1541.49 1541.49 0.0 185965.7266
1555.63 1555.63 0.0 185707.8125
1569.78 1569.78 0.0 185449.7031
1583.92 1583.92 0.0 185191.7188
1598.06 1598.06 0.0 184933.7500
1612.2 1612.2 0.0 184675.8125
1626.35 1626.35 0.0 184417.7031
1640.49 1640.49 0.0 184159.8750
1654.63 1654.63 0.0 183902.1562
1668.77 1668.77 0.0 183644.5078
1682.91 1682.91 0.0 183387.0078
1697.06 1697.06 0.0 183129.4453
1711.2 1711.2 0.0 182872.2422
1725.34 1725.34 0.0 182615.2344
1739.48 1739.48 0.0 182358.4141
1753.62 1753.62 0.0 182101.8281
1767.77 1767.77 0.0 181845.2969
1781.91 1781.91 0.0 181589.2344
1796.05 1796.05 0.0 181333.4375
1810.19 1810.19 0.0 181077.8672
1824.34 1824.34 0.0 180822.5312
1838.48 1838.48 0.0 180567.6484
1852.62 1852.62 0.0 180313.1250
1866.76 1866.76 0.0 180058.9609
1880.9 1880.9 0.0 179805.1953
1895.05 1895.05 0.0 179551.6641
1909.19 1909.19 0.0 179298.7109
1923.33 1923.33 0.0 179046.1953
1937.47 1937.47 0.0 178794.0781
1951.61 1951.61 0.0 178542.4922
1965.76 1965.76 0.0 178291.1719
1979.9 1979.9 0.0 178040.5625
1994.04 1994.04 0.0 177790.4141
2008.18 2008.18 0.0 177540.8281
2022.33 2022.33 0.0 177291.6016
2036.47 2036.47 0.0 177043.1406
2050.61 2050.61 0.0 176795.1953
2064.75 2064.75 0.0 176547.8594
2078.89 2078.89 0.0 176301.1172
2093.04 2093.04 0.0 176054.8203
2107.18 2107.18 0.0 175809.3203
2121.32 2121.32 0.0 175564.4766
2135.46 2135.46 0.0 175320.2578
2149.6 2149.6 0.0 175076.7266
2163.75 2163.75 0.0 174833.6875
2177.89 2177.89 0.0 174591.5547
2192.03 2192.03 0.0 174350.0859
2206.17 2206.17 0.0 174109.3594
2220.32 2220.32 0.0 173869.1953
2234.46 2234.46 0.0 173629.9141
2248.6 2248.6 0.0 173391.3750
2262.74 2262.74 0.0 173153.6719
2276.88 2276.88 0.0 172916.6875
2291.03 2291.03 0.0 172680.3281
2305.17 2305.17 0.0 172444.9531
2319.31 2319.31 0.0 172210.3906
2333.45 2333.45 0.0 171976.6250
2347.59 2347.59 0.0 171743.7266
2361.74 2361.74 0.0 171511.4922
2375.88 2375.88 0.0 171280.2500
2390.02 2390.02 0.0 171049.8828
2404.16 2404.16 0.0 170820.3984
2418.31 2418.31 0.0 170591.6172
2432.45 2432.45 0.0 170363.8828
2446.59 2446.59 0.0 170137.0703
2460.73 2460.73 0.0 169911.1406
2474.87 2474.87 0.0 169686.1484
2489.02 2489.02 0.0 169461.8984
2503.16 2503.16 0.0 169238.7266
2517.3 2517.3 0.0 169016.5469
2531.44 2531.44 0.0 168795.2656
2545.58 2545.58 0.0 168574.9609
2559.73 2559.73 0.0 168355.4766
2573.87 2573.87 0.0 168137.0938
2588.01 2588.01 0.0 167919.6953
2602.15 2602.15 0.0 167703.2891
2616.3 2616.3 0.0 167487.7266
2630.44 2630.44 0.0 167273.3125
2644.58 2644.58 0.0 167059.8984
2658.72 2658.72 0.0 166847.4922
2672.86 2672.86 0.0 166636.1250
2687.01 2687.01 0.0 166425.6406
2701.15 2701.15 0.0 166216.2930
2715.29 2715.29 0.0 166008.0039
2729.43 2729.43 0.0 165800.7656
2743.57 2743.57 0.0 165594.5508
2757.72 2757.72 0.0 165389.2773
2771.86 2771.86 0.0 165185.1914
2786.0 2786.0 0.0 164982.1367
2800.14 2800.14 0.0 164780.1953
2814.28 2814.28 0.0 164579.2812
2828.43 2828.43 0.0 164379.3320
2842.57 2842.57 0.0 164180.6094
2856.71 2856.71 0.0 163982.9375
2870.85 2870.85 0.0 163786.3711
2885.0 2885.0 0.0 163590.7539
2899.14 2899.14 0.0 163396.3945
2913.28 2913.28 0.0 163203.1016
2927.42 2927.42 0.0 163010.9375
2941.56 2941.56 0.0 162819.8633
2955.71 2955.71 0.0 162629.7891
2969.85 2969.85 0.0 162440.9336
2983.99 2983.99 0.0 162253.2148
2998.13 2998.13 0.0 162066.6289
3012.27 3012.27 0.0 161881.1484
3026.42 3026.42 0.0 161696.6367
3040.56 3040.56 0.0 161513.4258
3054.7 3054.7 0.0 161331.3438
3068.84 3068.84 0.0 161150.3438
3082.99 3082.99 0.0 160970.3906
3097.13 3097.13 0.0 160791.7031
3111.27 3111.27 0.0 160614.1367
3125.41 3125.41 0.0 160437.7266
3139.55 3139.55 0.0 160262.4258
3153.7 3153.7 0.0 160088.1719
3167.84 3167.84 0.0 159915.2109
3181.98 3181.98 0.0 159743.3477
3196.12 3196.12 0.0 159572.6562
3210.26 3210.26 0.0 159403.1133
3224.41 3224.41 0.0 159234.6055
3238.55 3238.55 0.0 159067.3594
3252.69 3252.69 0.0 158901.3047
3266.83 3266.83 0.0 158736.3516
3280.98 3280.98 0.0 158572.4531
3295.12 3295.12 0.0 158409.8594
3309.26 3309.26 0.0 158248.3945
3323.4 3323.4 0.0 158088.0703
3337.54 3337.54 0.0 157928.9258
3351.69 3351.69 0.0 157770.8281
3365.83 3365.83 0.0 157613.9688
3379.97 3379.97 0.0 157458.3125
3394.11 3394.11 0.0 157303.8047
3408.25 3408.25 0.0 157150.4336
3422.4 3422.4 0.0 156998.1445
3436.54 3436.54 0.0 156847.1055
3450.68 3450.68 0.0 156697.2344
3464.82 3464.82 0.0 156548.5078
3478.97 3478.97 0.0 156400.8516
3493.11 3493.11 0.0 156254.4492
3507.25 3507.25 0.0 156109.1992
3521.39 3521.39 0.0 155965.1367
3535.53 3535.53 0.0 155822.1992
3549.68 3549.68 0.0 155680.3359
3563.82 3563.82 0.0 155539.7070
3577.96 3577.96 0.0 155400.2539
3592.1 3592.1 0.0 155261.9336
3606.24 3606.24 0.0 155124.7930
3620.39 3620.39 0.0 154988.6953
3634.53 3634.53 0.0 154853.8594
3648.67 3648.67 0.0 154720.1484
3662.81 3662.81 0.0 154587.6328
3676.96 3676.96 0.0 154456.1328
3691.1 3691.1 0.0 154325.8945
3705.24 3705.24 0.0 154196.7812
3719.38 3719.38 0.0 154068.8320
3733.52 3733.52 0.0 153942.0391
3747.67 3747.67 0.0 153816.2695
3761.81 3761.81 0.0 153691.7734
3775.95 3775.95 0.0 153568.3750
3790.09 3790.09 0.0 153446.1250
3804.23 3804.23 0.0 153325.0234
3818.38 3818.38 0.0 153204.9648
3832.52 3832.52 0.0 153086.1172
3846.66 3846.66 0.0 152968.4258
3860.8 3860.8 0.0 152851.8281
3874.95 3874.95 0.0 152736.3164
3889.09 3889.09 0.0 152622.0156
3903.23 3903.23 0.0 152508.7812
3917.37 3917.37 0.0 152396.7148
3931.51 3931.51 0.0 152285.7695
3945.66 3945.66 0.0 152175.8477
3959.8 3959.8 0.0 152067.1289
3973.94 3973.94 0.0 151959.5312
3988.08 3988.08 0.0 151853.0508
4002.22 4002.22 0.0 151747.6406
4016.37 4016.37 0.0 151643.2852
4030.51 4030.51 0.0 151540.1250
4044.65 4044.65 0.0 151438.0430
4058.79 4058.79 0.0 151337.0742
4072.94 4072.94 0.0 151237.1367
4087.08 4087.08 0.0 151138.3320
4101.22 4101.22 0.0 151040.6484
4115.36 4115.36 0.0 150944.0391
4129.5 4129.5 0.0 150848.5156
4143.65 4143.65 0.0 150754.0078
4157.79 4157.79 0.0 150660.6523
4171.93 4171.93 0.0 150568.3594
4186.07 4186.07 0.0 150477.1406
4200.21 4200.21 0.0 150386.9922
4214.36 4214.36 0.0 150297.8750
4228.5 4228.5 0.0 150209.8594
4242.64 4242.64 0.0 150122.8711
