0.0 0.0 0.0 830637.7500
14.1421 14.1421 0.0 1309601.8750
28.2843 28.2843 0.0 1460122.6250
42.4264 42.4264 0.0 1545269.0000
56.5685 56.5685 0.0 1600562.0000
70.7107 70.7107 0.0 1638378.0000
84.8528 84.8528 0.0 1664619.5000
98.9949 98.9949 0.0 1682603.6250
113.137 113.137 0.0 1694396.1250
127.279 127.279 0.0 1701375.7500
141.421 141.421 0.0 1704515.1250
155.563 155.563 0.0 1704527.6250
169.706 169.706 0.0 1701948.3750
183.848 183.848 0.0 1697198.7500
197.99 197.99 0.0 1690610.1250
212.132 212.132 0.0 1682451.6250
226.274 226.274 0.0 1672940.8750
240.416 240.416 0.0 1662264.8750
254.558 254.558 0.0 1650574.8750
268.701 268.701 0.0 1638003.3750
282.843 282.843 0.0 1624665.3750
296.985 296.985 0.0 1610656.0000
311.127 311.127 0.0 1596059.3750
325.269 325.269 0.0 1580953.6250
339.411 339.411 0.0 1565403.0000
353.553 353.553 0.0 1549467.0000
367.696 367.696 0.0 1533196.5000
381.838 381.838 0.0 1516640.3750
395.98 395.98 0.0 1499841.0000
410.122 410.122 0.0 1482836.6250
424.264 424.264 0.0 1465660.7500
438.406 438.406 0.0 1448346.3750
452.548 452.548 0.0 1430922.0000
466.69 466.69 0.0 1413413.5000
480.833 480.833 0.0 1395843.8750
494.975 494.975 0.0 1378238.8750
509.117 509.117 0.0 1360616.3750
523.259 523.259 0.0 1342995.8750
537.401 537.401 0.0 1325395.2500
551.543 551.543 0.0 1307829.8750
565.685 565.685 0.0 1290314.6250
579.828 579.828 0.0 1272861.6250
593.97 593.97 0.0 1255487.2500
608.112 608.112 0.0 1238201.6250
622.254 622.254 0.0 1221014.1250
636.396 636.396 0.0 1203936.8750
650.538 650.538 0.0 1186978.1250
664.68 664.68 0.0 1170146.6250
678.823 678.823 0.0 1153449.2500
692.965 692.965 0.0 1136895.8750
707.107 707.107 0.0 1120491.2500
721.249 721.249 0.0 1104242.4375
735.391 735.391 0.0 1088154.9375
749.533 749.533 0.0 1072233.3750
763.675 763.675 0.0 1056483.1250
777.817 777.817 0.0 1040908.1250
791.96 791.96 0.0 1025511.4375
806.102 806.102 0.0 1010298.2500
820.244 820.244 0.0 995271.4375
834.386 834.386 0.0 980432.8125
848.528 848.528 0.0 965785.4375
862.67 862.67 0.0 951331.2500
876.812 876.812 0.0 937071.6875
890.955 890.955 0.0 923008.0625
905.097 905.097 0.0 909143.3750
919.239 919.239 0.0 895477.1250
933.381 933.381 0.0 882010.1875
947.523 947.523 0.0 868743.9375
961.665 961.665 0.0 855677.6875
975.807 975.807 0.0 842812.0000
989.949 989.949 0.0 830146.7500
1004.09 1004.09 0.0 817682.5000
1018.23 1018.23 0.0 805418.6875
1032.38 1032.38 0.0 793345.5000
1046.52 1046.52 0.0 781478.8750
1060.66 1060.66 0.0 769809.3750
1074.8 1074.8 0.0 758336.4375
1088.94 1088.94 0.0 747058.0000
1103.09 1103.09 0.0 735965.6875
1117.23 1117.23 0.0 725073.4375
1131.37 1131.37 0.0 714371.9375
1145.51 1145.51 0.0 703859.0000
1159.66 1159.66 0.0 693526.5000
1173.8 1173.8 0.0 683386.7500
1187.94 1187.94 0.0 673430.5000
1202.08 1202.08 0.0 663655.8125
1216.22 1216.22 0.0 654060.4375
1230.37 1230.37 0.0 644636.1250
1244.51 1244.51 0.0 635393.6250
1258.65 1258.65 0.0 626324.2500
1272.79 1272.79 0.0 617425.6562
1286.93 1286.93 0.0 608695.6562
1301.08 1301.08 0.0 600125.7812
1315.22 1315.22 0.0 591725.8438
1329.36 1329.36 0.0 583487.4375
1343.5 1343.5 0.0 575408.1562
1357.65 1357.65 0.0 567479.9688
1371.79 1371.79 0.0 559711.5000
1385.93 1385.93 0.0 552095.1250
1400.07 1400.07 0.0 544627.8750
1414.21 1414.21 0.0 537307.6562
1428.36 1428.36 0.0 530126.7188
1442.5 1442.5 0.0 523092.9688
1456.64 1456.64 0.0 516198.9375
1470.78 1470.78 0.0 509441.8125
1484.92 1484.92 0.0 502819.7188
1499.07 1499.07 0.0 496325.2188
1513.21 1513.21 0.0 489965.1250
1527.35 1527.35 0.0 483732.7812
1541.49 1541.49 0.0 477625.4688
1555.63 1555.63 0.0 471641.1250
1569.78 1569.78 0.0 465772.9688
1583.92 1583.92 0.0 460027.4062
1598.06 1598.06 0.0 454397.8125
1612.2 1612.2 0.0 448881.6875
1626.35 1626.35 0.0 443473.4688
1640.49 1640.49 0.0 438178.3125
1654.63 1654.63 0.0 432990.1562
1668.77 1668.77 0.0 427907.0625
1682.91 1682.91 0.0 422926.7812
1697.06 1697.06 0.0 418043.8438
1711.2 1711.2 0.0 413263.0938
1725.34 1725.34 0.0 408579.1250
1739.48 1739.48 0.0 403989.5938
1753.62 1753.62 0.0 399493.0625
1767.77 1767.77 0.0 395084.0938
1781.91 1781.91 0.0 390767.2500
1796.05 1796.05 0.0 386537.4375
1810.19 1810.19 0.0 382392.8438
1824.34 1824.34 0.0 378328.8125
1838.48 1838.48 0.0 374349.4375
1852.62 1852.62 0.0 370449.8750
1866.76 1866.76 0.0 366628.5938
1880.9 1880.9 0.0 362883.6875
1895.05 1895.05 0.0 359211.2031
1909.19 1909.19 0.0 355614.6875
1923.33 1923.33 0.0 352089.7500
1937.47 1937.47 0.0 348635.0938
1951.61 1951.61 0.0 345249.0625
1965.76 1965.76 0.0 341927.8125
1979.9 1979.9 0.0 338674.6562
1994.04 1994.04 0.0 335485.7812
2008.18 2008.18 0.0 332359.7031
2022.33 2022.33 0.0 329293.0469
2036.47 2036.47 0.0 326288.7656
2050.61 2050.61 0.0 323343.2969
2064.75 2064.75 0.0 320455.4375
2078.89 2078.89 0.0 317623.8281
2093.04 2093.04 0.0 314845.3125
2107.18 2107.18 0.0 312122.7344
2121.32 2121.32 0.0 309452.8281
2135.46 2135.46 0.0 306834.5312
2149.6 2149.6 0.0 304266.5156
2163.75 2163.75 0.0 301746.0938
2177.89 2177.89 0.0 299275.7656
2192.03 2192.03 0.0 296852.5312
2206.17 2206.17 0.0 294475.5312
2220.32 2220.32 0.0 292141.9844
2234.46 2234.46 0.0 289854.2812
2248.6 2248.6 0.0 287609.7344
2262.74 2262.74 0.0 285407.4062
2276.88 2276.88 0.0 283246.4062
2291.03 2291.03 0.0 281124.4531
2305.17 2305.17 0.0 279043.4375
2319.31 2319.31 0.0 277001.1719
2333.45 2333.45 0.0 274996.7031
2347.59 2347.59 0.0 273029.2812
2361.74 2361.74 0.0 271096.7812
2375.88 2375.88 0.0 269201.0156
2390.02 2390.02 0.0 267339.9844
2404.16 2404.16 0.0 265512.7812
2418.31 2418.31 0.0 263717.5938
2432.45 2432.45 0.0 261956.1562
2446.59 2446.59 0.0 260226.4062
2460.73 2460.73 0.0 258527.8281
2474.87 2474.87 0.0 256859.6406
2489.02 2489.02 0.0 255220.0938
2503.16 2503.16 0.0 253610.8906
2517.3 2517.3 0.0 252030.0938
2531.44 2531.44 0.0 250477.2812
2545.58 2545.58 0.0 248951.7188
2559.73 2559.73 0.0 247451.8594
2573.87 2573.87 0.0 245979.2344
2588.01 2588.01 0.0 244532.2344
2602.15 2602.15 0.0 243110.2188
2616.3 2616.3 0.0 241711.8125
2630.44 2630.44 0.0 240338.3594
2644.58 2644.58 0.0 238988.4844
2658.72 2658.72 0.0 237661.5781
2672.86 2672.86 0.0 236357.2344
2687.01 2687.01 0.0 235074.0156
2701.15 2701.15 0.0 233813.2812
2715.29 2715.29 0.0 232573.7188
2729.43 2729.43 0.0 231354.8750
2743.57 2743.57 0.0 230156.2656
2757.72 2757.72 0.0 228976.7031
2771.86 2771.86 0.0 227817.3828
2786.0 2786.0 0.0 226677.0703
2800.14 2800.14 0.0 225555.4609
2814.28 2814.28 0.0 224452.0547
2828.43 2828.43 0.0 223365.7422
2842.57 2842.57 0.0 222297.7266
2856.71 2856.71 0.0 221246.8516
2870.85 2870.85 0.0 220212.7891
2885.0 2885.0 0.0 219194.4453
2899.14 2899.14 0.0 218192.9375
2913.28 2913.28 0.0 217207.1953
2927.42 2927.42 0.0 216236.9297
2941.56 2941.56 0.0 215281.7812
2955.71 2955.71 0.0 214340.8047
2969.85 2969.85 0.0 213415.0469
2983.99 2983.99 0.0 212503.5156
2998.13 2998.13 0.0 211605.9219
3012.27 3012.27 0.0 210721.9766
3026.42 3026.42 0.0 209850.8281
3040.56 3040.56 0.0 208993.4453
3054.7 3054.7 0.0 208148.8906
3068.84 3068.84 0.0 207316.8906
3082.99 3082.99 0.0 206496.6797
3097.13 3097.13 0.0 205689.1250
3111.27 3111.27 0.0 204893.4609
3125.41 3125.41 0.0 204109.3672
3139.55 3139.55 0.0 203336.6719
3153.7 3153.7 0.0 202574.6016
3167.84 3167.84 0.0 201823.9688
3181.98 3181.98 0.0 201084.0312
3196.12 3196.12 0.0 200354.6328
3210.26 3210.26 0.0 199635.5000
3224.41 3224.41 0.0 198925.9609
3238.55 3238.55 0.0 198226.7969
3252.69 3252.69 0.0 197537.3281
3266.83 3266.83 0.0 196857.3281
3280.98 3280.98 0.0 196186.2109
3295.12 3295.12 0.0 195524.6562
3309.26 3309.26 0.0 194872.0547
3323.4 3323.4 0.0 194228.2031
3337.54 3337.54 0.0 193592.9688
3351.69 3351.69 0.0 192965.7344
3365.83 3365.83 0.0 192347.1875
3379.97 3379.97 0.0 191736.7266
3394.11 3394.11 0.0 191134.2500
3408.25 3408.25 0.0 190539.4922
3422.4 3422.4 0.0 189952.0078
3436.54 3436.54 0.0 189372.4141
3450.68 3450.68 0.0 188800.1875
3464.82 3464.82 0.0 188235.1562
3478.97 3478.97 0.0 187676.7656
3493.11 3493.11 0.0 187125.7109
3507.25 3507.25 0.0 186581.4531
3521.39 3521.39 0.0 186043.8594
3535.53 3535.53 0.0 185512.7969
3549.68 3549.68 0.0 184987.7891
3563.82 3563.82 0.0 184469.4141
3577.96 3577.96 0.0 183957.1953
3592.1 3592.1 0.0 183451.0625
3606.24 3606.24 0.0 182950.8828
3620.39 3620.39 0.0 182456.1484
3634.53 3634.53 0.0 181967.5000
3648.67 3648.67 0.0 181484.4453
3662.81 3662.81 0.0 181006.9062
3676.96 3676.96 0.0 180534.4688
3691.1 3691.1 0.0 180067.6328
3705.24 3705.24 0.0 179606.0234
3719.38 3719.38 0.0 179149.4844
3733.52 3733.52 0.0 178698.0391
3747.67 3747.67 0.0 178251.1641
3761.81 3761.81 0.0 177809.4219
3775.95 3775.95 0.0 177372.4688
3790.09 3790.09 0.0 176940.1484
3804.23 3804.23 0.0 176512.4219
3818.38 3818.38 0.0 176088.9219
3832.52 3832.52 0.0 175670.1094
3846.66 3846.66 0.0 175255.6250
3860.8 3860.8 0.0 174845.4922
3874.95 3874.95 0.0 174439.2266
3889.09 3889.09 0.0 174037.3516
3903.23 3903.23 0.0 173639.5234
3917.37 3917.37 0.0 173245.6875
3931.51 3931.51 0.0 172855.7969
3945.66 3945.66 0.0 172469.4609
3959.8 3959.8 0.0 172087.1953
3973.94 3973.94 0.0 171708.6484
3988.08 3988.08 0.0 171333.7500
4002.22 4002.22 0.0 170962.4844
4016.37 4016.37 0.0 170594.4531
4030.51 4030.51 0.0 170230.2344
4044.65 4044.65 0.0 169869.4297
4058.79 4058.79 0.0 169511.9844
4072.94 4072.94 0.0 169157.6250
4087.08 4087.08 0.0 168806.8047
4101.22 4101.22 0.0 168459.1797
4115.36 4115.36 0.0 168114.7500
4129.5 4129.5 0.0 167773.4688
4143.65 4143.65 0.0 167435.0312
4157.79 4157.79 0.0 167099.8438
4171.93 4171.93 0.0 166767.6602
4186.07 4186.07 0.0 166438.4180
4200.21 4200.21 0.0 166112.0742
4214.36 4214.36 0.0 165788.3984
4228.5 4228.5 0.0 165467.7578
4242.64 4242.64 0.0 165149.9062
