0.0 0.0 0.0 1642664.8750
70.7107 70.7107 0.0 186885.7188
141.421 141.421 0.0 124277.4785
212.132 212.132 0.0 111901.9395
282.843 282.843 0.0 107407.9321
353.553 353.553 0.0 105285.5032
424.264 424.264 0.0 104121.4568
494.975 494.975 0.0 103417.6606
565.685 565.685 0.0 102961.7789
636.396 636.396 0.0 102650.9169
707.107 707.107 0.0 102430.3756
777.817 777.817 0.0 102268.9275
848.528 848.528 0.0 102147.7050
919.239 919.239 0.0 102054.7814
989.949 989.949 0.0 101982.3159
1060.66 1060.66 0.0 101924.9787
1131.37 1131.37 0.0 101879.0497
1202.08 1202.08 0.0 101841.8566
1272.79 1272.79 0.0 101811.4416
1343.5 1343.5 0.0 101786.3406
1414.21 1414.21 0.0 101765.4398
1484.92 1484.92 0.0 101747.8799
1555.63 1555.63 0.0 101732.9902
1626.35 1626.35 0.0 101720.2432
1697.06 1697.06 0.0 101709.2261
1767.77 1767.77 0.0 101699.6077
1838.48 1838.48 0.0 101691.1263
1909.19 1909.19 0.0 101683.5742
1979.9 1979.9 0.0 101676.7840
2050.61 2050.61 0.0 101670.6192
2121.32 2121.32 0.0 101664.9671
2192.03 2192.03 0.0 101659.7329
2262.74 2262.74 0.0 101654.8306
2333.45 2333.45 0.0 101650.1873
2404.16 2404.16 0.0 101645.7338
2474.87 2474.87 0.0 101641.4085
2545.58 2545.58 0.0 101637.1562
2616.3 2616.3 0.0 101632.9255
2687.01 2687.01 0.0 101628.6730
2757.72 2757.72 0.0 101624.3631
2828.43 2828.43 0.0 101619.9641
2899.14 2899.14 0.0 101615.4527
2969.85 2969.85 0.0 101610.8120
3040.56 3040.56 0.0 101606.0300
3111.27 3111.27 0.0 101601.1002
3181.98 3181.98 0.0 101596.0187
3252.69 3252.69 0.0 101590.7868
3323.4 3323.4 0.0 101585.4067
3394.11 3394.11 0.0 101579.8838
3464.82 3464.82 0.0 101574.2239
3535.53 3535.53 0.0 101568.4339
3606.24 3606.24 0.0 101562.5233
3676.96 3676.96 0.0 101556.4990
3747.67 3747.67 0.0 101550.3734
3818.38 3818.38 0.0 101544.1564
3889.09 3889.09 0.0 101537.8589
3959.8 3959.8 0.0 101531.4940
4030.51 4030.51 0.0 101525.0739
4101.22 4101.22 0.0 101518.6129
4171.93 4171.93 0.0 101512.1255
4242.64 4242.64 0.0 101505.6256
4313.35 4313.35 0.0 101499.1295
4384.06 4384.06 0.0 101492.6519
4454.77 4454.77 0.0 101486.2087
4525.48 4525.48 0.0 101479.8149
4596.19 4596.19 0.0 101473.4855
4666.9 4666.9 0.0 101467.2352
4737.62 4737.62 0.0 101461.0765
4808.33 4808.33 0.0 101455.0247
4879.04 4879.04 0.0 101449.0903
4949.75 4949.75 0.0 101443.2852
5020.46 5020.46 0.0 101437.6191
5091.17 5091.17 0.0 101432.1009
5161.88 5161.88 0.0 101426.7383
5232.59 5232.59 0.0 101421.5378
5303.3 5303.3 0.0 101416.5051
5374.01 5374.01 0.0 101411.6442
5444.72 5444.72 0.0 101406.9583
5515.43 5515.43 0.0 101402.4494
5586.14 5586.14 0.0 101398.1188
5656.85 5656.85 0.0 101393.9666
5727.56 5727.56 0.0 101389.9918
5798.28 5798.28 0.0 101386.1927
5868.99 5868.99 0.0 101382.5679
5939.7 5939.7 0.0 101379.1144
6010.41 6010.41 0.0 101375.8284
6081.12 6081.12 0.0 101372.7062
6151.83 6151.83 0.0 101369.7434
6222.54 6222.54 0.0 101366.9355
6293.25 6293.25 0.0 101364.2776
6363.96 6363.96 0.0 101361.7645
6434.67 6434.67 0.0 101359.3909
6505.38 6505.38 0.0 101357.1515
6576.09 6576.09 0.0 101355.0407
6646.8 6646.8 0.0 101353.0533
6717.51 6717.51 0.0 101351.1834
6788.23 6788.23 0.0 101349.4256
6858.94 6858.94 0.0 101347.7750
6929.65 6929.65 0.0 101346.2261
7000.36 7000.36 0.0 101344.7736
7071.07 7071.07 0.0 101343.4127
7141.78 7141.78 0.0 101342.1383
7212.49 7212.49 0.0 101340.9458
7283.2 7283.2 0.0 101339.8307
7353.91 7353.91 0.0 101338.7885
7424.62 7424.62 0.0 101337.8151
7495.33 7495.33 0.0 101336.9064
7566.04 7566.04 0.0 101336.0585
7636.75 7636.75 0.0 101335.2678
7707.46 7707.46 0.0 101334.5308
7778.17 7778.17 0.0 101333.8441
