0.0 0.0 0.0 1647186.5000
14.1421 14.1421 0.0 2784471.5000
28.2843 28.2843 0.0 2053369.5000
42.4264 42.4264 0.0 1524899.2500
56.5685 56.5685 0.0 1153093.1250
70.7107 70.7107 0.0 892235.8750
84.8528 84.8528 0.0 708117.3750
98.9949 98.9949 0.0 576553.2500
113.137 113.137 0.0 480997.8438
127.279 127.279 0.0 410318.7188
141.421 141.421 0.0 357054.7656
155.563 155.563 0.0 316179.7344
169.706 169.706 0.0 284268.1875
183.848 183.848 0.0 258959.7500
197.99 197.99 0.0 238592.1875
212.132 212.132 0.0 221982.0234
226.274 226.274 0.0 208271.9609
240.416 240.416 0.0 196830.9141
254.558 254.558 0.0 187188.0312
268.701 268.701 0.0 178986.3281
282.843 282.843 0.0 171953.6719
296.985 296.985 0.0 165877.4922
311.127 311.127 0.0 160591.4648
325.269 325.269 0.0 155963.7422
339.411 339.411 0.0 151888.8203
353.553 353.553 0.0 148281.4883
367.696 367.696 0.0 145072.0742
381.838 381.838 0.0 142204.0508
395.98 395.98 0.0 139630.0898
410.122 410.122 0.0 137310.9336
424.264 424.264 0.0 135213.6836
438.406 438.406 0.0 133310.6582
452.548 452.548 0.0 131578.3418
466.69 466.69 0.0 129996.7188
480.833 480.833 0.0 128548.5176
494.975 494.975 0.0 127219.1641
509.117 509.117 0.0 125995.8145
523.259 523.259 0.0 124867.3691
537.401 537.401 0.0 123824.1816
551.543 551.543 0.0 122857.7773
565.685 565.685 0.0 121960.7559
579.828 579.828 0.0 121126.5176
593.97 593.97 0.0 120349.3965
608.112 608.112 0.0 119624.2070
622.254 622.254 0.0 118946.3906
636.396 636.396 0.0 118311.9004
650.538 650.538 0.0 117717.0879
664.68 664.68 0.0 117158.6875
678.823 678.823 0.0 116633.7637
692.965 692.965 0.0 116139.7461
707.107 707.107 0.0 115674.2070
721.249 721.249 0.0 115235.0137
735.391 735.391 0.0 114820.1885
749.533 749.533 0.0 114427.9766
763.675 763.675 0.0 114056.7705
777.817 777.817 0.0 113705.0820
791.96 791.96 0.0 113371.5674
806.102 806.102 0.0 113055.0273
820.244 820.244 0.0 112754.3311
834.386 834.386 0.0 112468.4258
848.528 848.528 0.0 112196.3750
862.67 862.67 0.0 111937.3125
876.812 876.812 0.0 111690.4082
890.955 890.955 0.0 111454.9209
905.097 905.097 0.0 111230.1953
919.239 919.239 0.0 111015.5645
933.381 933.381 0.0 110810.4639
947.523 947.523 0.0 110614.3213
961.665 961.665 0.0 110426.6465
975.807 975.807 0.0 110246.9580
989.949 989.949 0.0 110074.8203
1004.09 1004.09 0.0 109909.8369
1018.23 1018.23 0.0 109751.6152
1032.38 1032.38 0.0 109599.6885
1046.52 1046.52 0.0 109453.9316
1060.66 1060.66 0.0 109313.9380
1074.8 1074.8 0.0 109179.3936
1088.94 1088.94 0.0 109050.0410
1103.09 1103.09 0.0 108925.5288
1117.23 1117.23 0.0 108805.7944
1131.37 1131.37 0.0 108690.5068
1145.51 1145.51 0.0 108579.4790
1159.66 1159.66 0.0 108472.4199
1173.8 1173.8 0.0 108369.2881
1187.94 1187.94 0.0 108269.8306
1202.08 1202.08 0.0 108173.8838
1216.22 1216.22 0.0 108081.2871
1230.37 1230.37 0.0 107991.8232
1244.51 1244.51 0.0 107905.4790
1258.65 1258.65 0.0 107822.0552
1272.79 1272.79 0.0 107741.4248
1286.93 1286.93 0.0 107663.4629
1301.08 1301.08 0.0 107588.0078
1315.22 1315.22 0.0 107515.0527
1329.36 1329.36 0.0 107444.4448
1343.5 1343.5 0.0 107376.0786
1357.65 1357.65 0.0 107309.8223
1371.79 1371.79 0.0 107245.6768
1385.93 1385.93 0.0 107183.5088
1400.07 1400.07 0.0 107123.2407
1414.21 1414.21 0.0 107064.7969
1428.36 1428.36 0.0 107008.0591
1442.5 1442.5 0.0 106953.0391
1456.64 1456.64 0.0 106899.6372
1470.78 1470.78 0.0 106847.7827
1484.92 1484.92 0.0 106797.4170
1499.07 1499.07 0.0 106748.4395
1513.21 1513.21 0.0 106700.8789
1527.35 1527.35 0.0 106654.6387
1541.49 1541.49 0.0 106609.6699
1555.63 1555.63 0.0 106565.9219
1569.78 1569.78 0.0 106523.3213
1583.92 1583.92 0.0 106481.8828
1598.06 1598.06 0.0 106441.5303
1612.2 1612.2 0.0 106402.2246
1626.35 1626.35 0.0 106363.9028
1640.49 1640.49 0.0 106326.5791
1654.63 1654.63 0.0 106290.1895
1668.77 1668.77 0.0 106254.6973
1682.91 1682.91 0.0 106220.0723
1697.06 1697.06 0.0 106186.2593
1711.2 1711.2 0.0 106153.2759
1725.34 1725.34 0.0 106121.0664
1739.48 1739.48 0.0 106089.6016
1753.62 1753.62 0.0 106058.8599
1767.77 1767.77 0.0 106028.7842
1781.91 1781.91 0.0 105999.4033
1796.05 1796.05 0.0 105970.6655
1810.19 1810.19 0.0 105942.5464
1824.34 1824.34 0.0 105915.0063
1838.48 1838.48 0.0 105888.0649
1852.62 1852.62 0.0 105861.6782
1866.76 1866.76 0.0 105835.8276
1880.9 1880.9 0.0 105810.4980
1895.05 1895.05 0.0 105785.6523
1909.19 1909.19 0.0 105761.3062
1923.33 1923.33 0.0 105737.4199
1937.47 1937.47 0.0 105713.9902
1951.61 1951.61 0.0 105690.9927
1965.76 1965.76 0.0 105668.3975
1979.9 1979.9 0.0 105646.2261
1994.04 1994.04 0.0 105624.4434
2008.18 2008.18 0.0 105603.0371
2022.33 2022.33 0.0 105581.9878
2036.47 2036.47 0.0 105561.3022
2050.61 2050.61 0.0 105540.9624
2064.75 2064.75 0.0 105520.9507
2078.89 2078.89 0.0 105501.2607
2093.04 2093.04 0.0 105481.8667
2107.18 2107.18 0.0 105462.7905
2121.32 2121.32 0.0 105444.0039
2135.46 2135.46 0.0 105425.5015
2149.6 2149.6 0.0 105407.2705
2163.75 2163.75 0.0 105389.2939
2177.89 2177.89 0.0 105371.5896
2192.03 2192.03 0.0 105354.1348
2206.17 2206.17 0.0 105336.9282
2220.32 2220.32 0.0 105319.9458
2234.46 2234.46 0.0 105303.2048
2248.6 2248.6 0.0 105286.6931
2262.74 2262.74 0.0 105270.3977
2276.88 2276.88 0.0 105254.3167
2291.03 2291.03 0.0 105238.4333
2305.17 2305.17 0.0 105222.7629
2319.31 2319.31 0.0 105207.2971
2333.45 2333.45 0.0 105192.0212
2347.59 2347.59 0.0 105176.9375
2361.74 2361.74 0.0 105162.0332
2375.88 2375.88 0.0 105147.3191
2390.02 2390.02 0.0 105132.7861
2404.16 2404.16 0.0 105118.4294
2418.31 2418.31 0.0 105104.2312
2432.45 2432.45 0.0 105090.2166
2446.59 2446.59 0.0 105076.3701
2460.73 2460.73 0.0 105062.6882
2474.87 2474.87 0.0 105049.1663
2489.02 2489.02 0.0 105035.7935
2503.16 2503.16 0.0 105022.5884
2517.3 2517.3 0.0 105009.5405
2531.44 2531.44 0.0 104996.6436
2545.58 2545.58 0.0 104983.8962
2559.73 2559.73 0.0 104971.2939
2573.87 2573.87 0.0 104958.8469
2588.01 2588.01 0.0 104946.5479
2602.15 2602.15 0.0 104934.3933
2616.3 2616.3 0.0 104922.3704
2630.44 2630.44 0.0 104910.5000
2644.58 2644.58 0.0 104898.7722
2658.72 2658.72 0.0 104887.1812
2672.86 2672.86 0.0 104875.7292
2687.01 2687.01 0.0 104864.4067
2701.15 2701.15 0.0 104853.2327
2715.29 2715.29 0.0 104842.1858
2729.43 2729.43 0.0 104831.2837
2743.57 2743.57 0.0 104820.5085
2757.72 2757.72 0.0 104809.8594
2771.86 2771.86 0.0 104799.3516
2786.0 2786.0 0.0 104788.9712
2800.14 2800.14 0.0 104778.7236
2814.28 2814.28 0.0 104768.6047
2828.43 2828.43 0.0 104758.6069
2842.57 2842.57 0.0 104748.7422
2856.71 2856.71 0.0 104739.0068
2870.85 2870.85 0.0 104729.3997
2885.0 2885.0 0.0 104719.9031
2899.14 2899.14 0.0 104710.5444
2913.28 2913.28 0.0 104701.3110
2927.42 2927.42 0.0 104692.1943
2941.56 2941.56 0.0 104683.2046
2955.71 2955.71 0.0 104674.3279
2969.85 2969.85 0.0 104665.5767
2983.99 2983.99 0.0 104656.9492
2998.13 2998.13 0.0 104648.4363
3012.27 3012.27 0.0 104640.0427
3026.42 3026.42 0.0 104631.7615
3040.56 3040.56 0.0 104623.6016
3054.7 3054.7 0.0 104615.5557
3068.84 3068.84 0.0 104607.6216
3082.99 3082.99 0.0 104599.8005
3097.13 3097.13 0.0 104592.0923
3111.27 3111.27 0.0 104584.4988
3125.41 3125.41 0.0 104577.0125
3139.55 3139.55 0.0 104569.6362
3153.7 3153.7 0.0 104562.3660
3167.84 3167.84 0.0 104555.2041
3181.98 3181.98 0.0 104548.1501
3196.12 3196.12 0.0 104541.1975
3210.26 3210.26 0.0 104534.3484
3224.41 3224.41 0.0 104527.5979
3238.55 3238.55 0.0 104520.9524
3252.69 3252.69 0.0 104514.4089
3266.83 3266.83 0.0 104507.9622
3280.98 3280.98 0.0 104501.6055
3295.12 3295.12 0.0 104495.3525
3309.26 3309.26 0.0 104489.1941
3323.4 3323.4 0.0 104483.1260
3337.54 3337.54 0.0 104477.1489
3351.69 3351.69 0.0 104471.2615
3365.83 3365.83 0.0 104465.4639
3379.97 3379.97 0.0 104459.7561
3394.11 3394.11 0.0 104454.1301
3408.25 3408.25 0.0 104448.5918
3422.4 3422.4 0.0 104443.1316
3436.54 3436.54 0.0 104437.7561
3450.68 3450.68 0.0 104432.4626
3464.82 3464.82 0.0 104427.2473
3478.97 3478.97 0.0 104422.1030
3493.11 3493.11 0.0 104417.0376
3507.25 3507.25 0.0 104412.0454
3521.39 3521.39 0.0 104407.1272
3535.53 3535.53 0.0 104402.2781
3549.68 3549.68 0.0 104397.4939
3563.82 3563.82 0.0 104392.7815
3577.96 3577.96 0.0 104388.1343
3592.1 3592.1 0.0 104383.5496
3606.24 3606.24 0.0 104379.0300
3620.39 3620.39 0.0 104374.5664
3634.53 3634.53 0.0 104370.1646
3648.67 3648.67 0.0 104365.8181
3662.81 3662.81 0.0 104361.5327
3676.96 3676.96 0.0 104357.2939
3691.1 3691.1 0.0 104353.1130
3705.24 3705.24 0.0 104348.9822
3719.38 3719.38 0.0 104344.8975
3733.52 3733.52 0.0 104340.8655
3747.67 3747.67 0.0 104336.8706
3761.81 3761.81 0.0 104332.9270
3775.95 3775.95 0.0 104329.0239
3790.09 3790.09 0.0 104325.1619
3804.23 3804.23 0.0 104321.3403
3818.38 3818.38 0.0 104317.5535
3832.52 3832.52 0.0 104313.8015
3846.66 3846.66 0.0 104310.0881
3860.8 3860.8 0.0 104306.4065
3874.95 3874.95 0.0 104302.7534
3889.09 3889.09 0.0 104299.1318
3903.23 3903.23 0.0 104295.5386
3917.37 3917.37 0.0 104291.9695
3931.51 3931.51 0.0 104288.4272
3945.66 3945.66 0.0 104284.9045
3959.8 3959.8 0.0 104281.4062
3973.94 3973.94 0.0 104277.9285
3988.08 3988.08 0.0 104274.4688
4002.22 4002.22 0.0 104271.0247
4016.37 4016.37 0.0 104267.5984
4030.51 4030.51 0.0 104264.1831
4044.65 4044.65 0.0 104260.7844
4058.79 4058.79 0.0 104257.3967
4072.94 4072.94 0.0 104254.0142
4087.08 4087.08 0.0 104250.6411
4101.22 4101.22 0.0 104247.2773
4115.36 4115.36 0.0 104243.9192
4129.5 4129.5 0.0 104240.5620
4143.65 4143.65 0.0 104237.2100
4157.79 4157.79 0.0 104233.8562
4171.93 4171.93 0.0 104230.5063
4186.07 4186.07 0.0 104227.1521
4200.21 4200.21 0.0 104223.7988
4214.36 4214.36 0.0 104220.4385
4228.5 4228.5 0.0 104217.0708
4242.64 4242.64 0.0 104213.7007
