0.0 0.0 0.0 1151849.5000
14.1421 14.1421 0.0 2193758.7500
28.2843 28.2843 0.0 1903199.0000
42.4264 42.4264 0.0 1608963.5000
56.5685 56.5685 0.0 1353687.6250
70.7107 70.7107 0.0 1141489.1250
84.8528 84.8528 0.0 968168.7500
98.9949 98.9949 0.0 827669.1250
113.137 113.137 0.0 714021.0625
127.279 127.279 0.0 621976.0312
141.421 141.421 0.0 547159.2812
155.563 155.563 0.0 486032.8750
169.706 169.706 0.0 435782.4062
183.848 183.848 0.0 394201.3125
197.99 197.99 0.0 359551.1875
212.132 212.132 0.0 330473.2656
226.274 226.274 0.0 305902.1406
240.416 240.416 0.0 284998.8125
254.558 254.558 0.0 267100.0312
268.701 268.701 0.0 251677.5156
282.843 282.843 0.0 238311.9531
296.985 296.985 0.0 226663.1094
311.127 311.127 0.0 216456.7344
325.269 325.269 0.0 207469.4453
339.411 339.411 0.0 199518.3281
353.553 353.553 0.0 192452.6797
367.696 367.696 0.0 186147.2344
381.838 381.838 0.0 180498.7578
395.98 395.98 0.0 175419.6719
410.122 410.122 0.0 170836.5703
424.264 424.264 0.0 166687.4102
438.406 438.406 0.0 162919.3047
452.548 452.548 0.0 159487.2070
466.69 466.69 0.0 156352.5039
480.833 480.833 0.0 153481.6055
494.975 494.975 0.0 150846.1562
509.117 509.117 0.0 148420.9102
523.259 523.259 0.0 146184.1133
537.401 537.401 0.0 144116.7461
551.543 551.543 0.0 142202.0312
565.685 565.685 0.0 140425.3516
579.828 579.828 0.0 138773.5781
593.97 593.97 0.0 137235.4492
608.112 608.112 0.0 135800.6680
622.254 622.254 0.0 134460.1406
636.396 636.396 0.0 133205.7773
650.538 650.538 0.0 132030.3262
664.68 664.68 0.0 130927.2812
678.823 678.823 0.0 129890.7500
692.965 692.965 0.0 128915.5996
707.107 707.107 0.0 127997.0156
721.249 721.249 0.0 127130.6777
735.391 735.391 0.0 126312.6914
749.533 749.533 0.0 125539.5371
763.675 763.675 0.0 124807.9922
777.817 777.817 0.0 124115.1152
791.96 791.96 0.0 123458.1719
806.102 806.102 0.0 122834.8164
820.244 820.244 0.0 122242.7637
834.386 834.386 0.0 121679.9375
848.528 848.528 0.0 121144.4590
862.67 862.67 0.0 120634.5820
876.812 876.812 0.0 120148.7070
890.955 890.955 0.0 119685.3125
905.097 905.097 0.0 119243.1172
919.239 919.239 0.0 118820.8027
933.381 933.381 0.0 118417.1953
947.523 947.523 0.0 118031.2344
961.665 961.665 0.0 117661.8936
975.807 975.807 0.0 117308.2461
989.949 989.949 0.0 116969.4141
1004.09 1004.09 0.0 116644.6055
1018.23 1018.23 0.0 116333.0645
1032.38 1032.38 0.0 116033.8545
1046.52 1046.52 0.0 115746.7373
1060.66 1060.66 0.0 115470.8779
1074.8 1074.8 0.0 115205.7061
1088.94 1088.94 0.0 114950.6787
1103.09 1103.09 0.0 114705.1074
1117.23 1117.23 0.0 114468.8711
1131.37 1131.37 0.0 114241.3545
1145.51 1145.51 0.0 114022.1182
1159.66 1159.66 0.0 113810.6387
1173.8 1173.8 0.0 113606.8379
1187.94 1187.94 0.0 113410.1982
1202.08 1202.08 0.0 113220.4033
1216.22 1216.22 0.0 113037.1299
1230.37 1230.37 0.0 112859.9785
1244.51 1244.51 0.0 112688.9004
1258.65 1258.65 0.0 112523.5156
1272.79 1272.79 0.0 112363.5703
1286.93 1286.93 0.0 112208.8291
1301.08 1301.08 0.0 112058.9629
1315.22 1315.22 0.0 111913.9717
1329.36 1329.36 0.0 111773.5615
1343.5 1343.5 0.0 111637.5166
1357.65 1357.65 0.0 111505.5713
1371.79 1371.79 0.0 111377.7432
1385.93 1385.93 0.0 111253.7627
1400.07 1400.07 0.0 111133.4932
1414.21 1414.21 0.0 111016.7783
1428.36 1428.36 0.0 110903.3818
1442.5 1442.5 0.0 110793.3447
1456.64 1456.64 0.0 110686.4688
1470.78 1470.78 0.0 110582.6035
1484.92 1484.92 0.0 110481.6367
1499.07 1499.07 0.0 110383.4092
1513.21 1513.21 0.0 110287.9307
1527.35 1527.35 0.0 110195.0391
1541.49 1541.49 0.0 110104.6309
1555.63 1555.63 0.0 110016.6162
1569.78 1569.78 0.0 109930.8467
1583.92 1583.92 0.0 109847.3584
1598.06 1598.06 0.0 109766.0000
1612.2 1612.2 0.0 109686.7012
1626.35 1626.35 0.0 109609.3291
1640.49 1640.49 0.0 109533.9238
1654.63 1654.63 0.0 109460.3506
1668.77 1668.77 0.0 109388.5557
1682.91 1682.91 0.0 109318.4697
1697.06 1697.06 0.0 109249.9805
1711.2 1711.2 0.0 109183.1318
1725.34 1725.34 0.0 109117.8154
1739.48 1739.48 0.0 109053.9717
1753.62 1753.62 0.0 108991.5596
1767.77 1767.77 0.0 108930.4766
1781.91 1781.91 0.0 108870.7676
1796.05 1796.05 0.0 108812.3359
1810.19 1810.19 0.0 108755.1396
1824.34 1824.34 0.0 108699.1030
1838.48 1838.48 0.0 108644.2524
1852.62 1852.62 0.0 108590.5200
1866.76 1866.76 0.0 108537.8589
1880.9 1880.9 0.0 108486.2344
1895.05 1895.05 0.0 108435.5762
1909.19 1909.19 0.0 108385.9268
1923.33 1923.33 0.0 108337.2114
1937.47 1937.47 0.0 108289.3940
1951.61 1951.61 0.0 108242.4604
1965.76 1965.76 0.0 108196.3320
1979.9 1979.9 0.0 108151.0547
1994.04 1994.04 0.0 108106.5679
2008.18 2008.18 0.0 108062.8442
2022.33 2022.33 0.0 108019.8237
2036.47 2036.47 0.0 107977.5552
2050.61 2050.61 0.0 107935.9771
2064.75 2064.75 0.0 107895.0630
2078.89 2078.89 0.0 107854.8022
2093.04 2093.04 0.0 107815.1387
2107.18 2107.18 0.0 107776.1147
2121.32 2121.32 0.0 107737.6807
2135.46 2135.46 0.0 107699.8076
2149.6 2149.6 0.0 107662.4956
2163.75 2163.75 0.0 107625.6943
2177.89 2177.89 0.0 107589.4404
2192.03 2192.03 0.0 107553.6870
2206.17 2206.17 0.0 107518.4253
2220.32 2220.32 0.0 107483.6177
2234.46 2234.46 0.0 107449.2964
2248.6 2248.6 0.0 107415.4258
2262.74 2262.74 0.0 107381.9902
2276.88 2276.88 0.0 107348.9800
2291.03 2291.03 0.0 107316.3613
2305.17 2305.17 0.0 107284.1733
2319.31 2319.31 0.0 107252.3711
2333.45 2333.45 0.0 107220.9517
2347.59 2347.59 0.0 107189.9131
2361.74 2361.74 0.0 107159.2119
2375.88 2375.88 0.0 107128.8833
2390.02 2390.02 0.0 107098.9106
2404.16 2404.16 0.0 107069.2715
2418.31 2418.31 0.0 107039.9473
2432.45 2432.45 0.0 107010.9644
2446.59 2446.59 0.0 106982.3003
2460.73 2460.73 0.0 106953.9517
2474.87 2474.87 0.0 106925.9048
2489.02 2489.02 0.0 106898.1372
2503.16 2503.16 0.0 106870.6860
2517.3 2517.3 0.0 106843.5278
2531.44 2531.44 0.0 106816.6401
2545.58 2545.58 0.0 106790.0439
2559.73 2559.73 0.0 106763.6982
2573.87 2573.87 0.0 106737.6416
2588.01 2588.01 0.0 106711.8525
2602.15 2602.15 0.0 106686.3262
2616.3 2616.3 0.0 106661.0376
2630.44 2630.44 0.0 106636.0239
2644.58 2644.58 0.0 106611.2637
2658.72 2658.72 0.0 106586.7510
2672.86 2672.86 0.0 106562.4805
2687.01 2687.01 0.0 106538.4419
2701.15 2701.15 0.0 106514.6553
2715.29 2715.29 0.0 106491.1104
2729.43 2729.43 0.0 106467.7944
2743.57 2743.57 0.0 106444.7192
2757.72 2757.72 0.0 106421.8540
2771.86 2771.86 0.0 106399.2310
2786.0 2786.0 0.0 106376.8403
2800.14 2800.14 0.0 106354.6694
2814.28 2814.28 0.0 106332.7251
2828.43 2828.43 0.0 106310.9873
2842.57 2842.57 0.0 106289.4810
2856.71 2856.71 0.0 106268.1914
2870.85 2870.85 0.0 106247.1172
2885.0 2885.0 0.0 106226.2490
2899.14 2899.14 0.0 106205.6021
2913.28 2913.28 0.0 106185.1704
2927.42 2927.42 0.0 106164.9443
2941.56 2941.56 0.0 106144.9307
2955.71 2955.71 0.0 106125.1064
2969.85 2969.85 0.0 106105.5024
2983.99 2983.99 0.0 106086.1055
2998.13 2998.13 0.0 106066.9062
3012.27 3012.27 0.0 106047.9102
3026.42 3026.42 0.0 106029.1040
3040.56 3040.56 0.0 106010.5063
3054.7 3054.7 0.0 105992.1064
3068.84 3068.84 0.0 105973.9072
3082.99 3082.99 0.0 105955.8843
3097.13 3097.13 0.0 105938.0688
3111.27 3111.27 0.0 105920.4429
3125.41 3125.41 0.0 105903.0161
3139.55 3139.55 0.0 105885.7690
3153.7 3153.7 0.0 105868.7007
3167.84 3167.84 0.0 105851.8271
3181.98 3181.98 0.0 105835.1392
3196.12 3196.12 0.0 105818.6343
3210.26 3210.26 0.0 105802.3169
3224.41 3224.41 0.0 105786.1597
3238.55 3238.55 0.0 105770.1948
3252.69 3252.69 0.0 105754.4092
3266.83 3266.83 0.0 105738.7974
3280.98 3280.98 0.0 105723.3472
3295.12 3295.12 0.0 105708.0806
3309.26 3309.26 0.0 105692.9849
3323.4 3323.4 0.0 105678.0527
3337.54 3337.54 0.0 105663.2944
3351.69 3351.69 0.0 105648.6875
3365.83 3365.83 0.0 105634.2573
3379.97 3379.97 0.0 105619.9819
3394.11 3394.11 0.0 105605.8735
3408.25 3408.25 0.0 105591.9209
3422.4 3422.4 0.0 105578.1069
3436.54 3436.54 0.0 105564.4624
3450.68 3450.68 0.0 105550.9722
3464.82 3464.82 0.0 105537.6333
3478.97 3478.97 0.0 105524.4287
3493.11 3493.11 0.0 105511.3804
3507.25 3507.25 0.0 105498.4756
3521.39 3521.39 0.0 105485.7178
3535.53 3535.53 0.0 105473.0972
3549.68 3549.68 0.0 105460.6055
3563.82 3563.82 0.0 105448.2617
3577.96 3577.96 0.0 105436.0479
3592.1 3592.1 0.0 105423.9702
3606.24 3606.24 0.0 105412.0229
3620.39 3620.39 0.0 105400.1938
3634.53 3634.53 0.0 105388.4954
3648.67 3648.67 0.0 105376.9270
3662.81 3662.81 0.0 105365.4783
3676.96 3676.96 0.0 105354.1399
3691.1 3691.1 0.0 105342.9282
3705.24 3705.24 0.0 105331.8318
3719.38 3719.38 0.0 105320.8489
3733.52 3733.52 0.0 105309.9790
3747.67 3747.67 0.0 105299.2085
3761.81 3761.81 0.0 105288.5500
3775.95 3775.95 0.0 105278.0015
3790.09 3790.09 0.0 105267.5520
3804.23 3804.23 0.0 105257.2068
3818.38 3818.38 0.0 105246.9485
3832.52 3832.52 0.0 105236.7969
3846.66 3846.66 0.0 105226.7385
3860.8 3860.8 0.0 105216.7703
3874.95 3874.95 0.0 105206.8906
3889.09 3889.09 0.0 105197.1023
3903.23 3903.23 0.0 105187.3992
3917.37 3917.37 0.0 105177.7771
3931.51 3931.51 0.0 105168.2471
3945.66 3945.66 0.0 105158.7837
3959.8 3959.8 0.0 105149.4023
3973.94 3973.94 0.0 105140.0984
3988.08 3988.08 0.0 105130.8711
4002.22 4002.22 0.0 105121.7114
4016.37 4016.37 0.0 105112.6167
4030.51 4030.51 0.0 105103.5962
4044.65 4044.65 0.0 105094.6418
4058.79 4058.79 0.0 105085.7515
4072.94 4072.94 0.0 105076.9148
4087.08 4087.08 0.0 105068.1465
4101.22 4101.22 0.0 105059.4375
4115.36 4115.36 0.0 105050.7830
4129.5 4129.5 0.0 105042.1816
4143.65 4143.65 0.0 105033.6321
4157.79 4157.79 0.0 105025.1304
4171.93 4171.93 0.0 105016.6833
4186.07 4186.07 0.0 105008.2852
4200.21 4200.21 0.0 104999.9290
4214.36 4214.36 0.0 104991.6106
4228.5 4228.5 0.0 104983.3408
4242.64 4242.64 0.0 104975.1123
