0.0 0.0 0.0 1149746.2500
14.1421 14.1421 0.0 2119468.8750
28.2843 28.2843 0.0 1737778.1250
42.4264 42.4264 0.0 1398079.8750
56.5685 56.5685 0.0 1127460.3125
70.7107 70.7107 0.0 918239.3750
84.8528 84.8528 0.0 757999.6250
98.9949 98.9949 0.0 635280.4375
113.137 113.137 0.0 540801.4688
127.279 127.279 0.0 467450.4375
141.421 141.421 0.0 409920.5938
155.563 155.563 0.0 364301.4375
169.706 169.706 0.0 327718.2031
183.848 183.848 0.0 298061.0156
197.99 197.99 0.0 273761.3125
212.132 212.132 0.0 253650.5781
226.274 226.274 0.0 236849.2969
240.416 240.416 0.0 222688.7812
254.558 254.558 0.0 210655.9375
268.701 268.701 0.0 200352.2266
282.843 282.843 0.0 191468.0312
296.985 296.985 0.0 183756.9375
311.127 311.127 0.0 177023.2266
325.269 325.269 0.0 171109.8281
339.411 339.411 0.0 165889.5273
353.553 353.553 0.0 161258.6211
367.696 367.696 0.0 157131.5352
381.838 381.838 0.0 153438.3984
395.98 395.98 0.0 150120.2617
410.122 410.122 0.0 147127.9805
424.264 424.264 0.0 144420.2031
438.406 438.406 0.0 141961.8984
452.548 452.548 0.0 139723.2500
466.69 466.69 0.0 137678.7812
480.833 480.833 0.0 135806.4844
494.975 494.975 0.0 134087.6719
509.117 509.117 0.0 132505.8750
523.259 523.259 0.0 131046.8848
537.401 537.401 0.0 129698.2090
551.543 551.543 0.0 128448.9707
565.685 565.685 0.0 127289.6016
579.828 579.828 0.0 126211.5645
593.97 593.97 0.0 125207.5723
608.112 608.112 0.0 124270.8965
622.254 622.254 0.0 123395.5957
636.396 636.396 0.0 122576.4727
650.538 650.538 0.0 121808.7578
664.68 664.68 0.0 121088.2617
678.823 678.823 0.0 120411.1426
692.965 692.965 0.0 119774.0469
707.107 707.107 0.0 119173.8574
721.249 721.249 0.0 118607.7891
735.391 735.391 0.0 118073.2812
749.533 749.533 0.0 117568.0596
763.675 763.675 0.0 117090.0117
777.817 777.817 0.0 116637.2490
791.96 791.96 0.0 116207.9756
806.102 806.102 0.0 115800.6729
820.244 820.244 0.0 115413.8389
834.386 834.386 0.0 115046.1475
848.528 848.528 0.0 114696.3525
862.67 862.67 0.0 114363.3252
876.812 876.812 0.0 114046.0137
890.955 890.955 0.0 113743.4521
905.097 905.097 0.0 113454.7686
919.239 919.239 0.0 113179.1387
933.381 933.381 0.0 112915.7715
947.523 947.523 0.0 112663.9805
961.665 961.665 0.0 112423.1006
975.807 975.807 0.0 112192.5195
989.949 989.949 0.0 111971.6650
1004.09 1004.09 0.0 111760.0283
1018.23 1018.23 0.0 111557.1045
1032.38 1032.38 0.0 111362.2920
1046.52 1046.52 0.0 111175.4277
1060.66 1060.66 0.0 110995.9580
1074.8 1074.8 0.0 110823.5273
1088.94 1088.94 0.0 110657.7588
1103.09 1103.09 0.0 110498.2246
1117.23 1117.23 0.0 110344.8262
1131.37 1131.37 0.0 110197.1611
1145.51 1145.51 0.0 110054.9688
1159.66 1159.66 0.0 109917.8701
1173.8 1173.8 0.0 109785.8223
1187.94 1187.94 0.0 109658.5059
1202.08 1202.08 0.0 109535.6934
1216.22 1216.22 0.0 109417.1782
1230.37 1230.37 0.0 109302.6973
1244.51 1244.51 0.0 109192.2144
1258.65 1258.65 0.0 109085.4946
1272.79 1272.79 0.0 108982.3516
1286.93 1286.93 0.0 108882.6382
1301.08 1301.08 0.0 108786.1460
1315.22 1315.22 0.0 108692.8628
1329.36 1329.36 0.0 108602.5942
1343.5 1343.5 0.0 108515.2075
1357.65 1357.65 0.0 108430.5273
1371.79 1371.79 0.0 108348.5527
1385.93 1385.93 0.0 108269.1274
1400.07 1400.07 0.0 108192.1338
1414.21 1414.21 0.0 108117.4854
1428.36 1428.36 0.0 108045.0288
1442.5 1442.5 0.0 107974.7827
1456.64 1456.64 0.0 107906.6108
1470.78 1470.78 0.0 107840.4243
1484.92 1484.92 0.0 107776.1455
1499.07 1499.07 0.0 107713.6704
1513.21 1513.21 0.0 107652.9990
1527.35 1527.35 0.0 107594.0278
1541.49 1541.49 0.0 107536.6914
1555.63 1555.63 0.0 107480.9248
1569.78 1569.78 0.0 107426.6294
1583.92 1583.92 0.0 107373.8267
1598.06 1598.06 0.0 107322.4282
1612.2 1612.2 0.0 107272.3706
1626.35 1626.35 0.0 107223.5786
1640.49 1640.49 0.0 107176.0679
1654.63 1654.63 0.0 107129.7583
1668.77 1668.77 0.0 107084.6060
1682.91 1682.91 0.0 107040.5669
1697.06 1697.06 0.0 106997.5757
1711.2 1711.2 0.0 106955.6411
1725.34 1725.34 0.0 106914.7065
1739.48 1739.48 0.0 106874.7280
1753.62 1753.62 0.0 106835.6709
1767.77 1767.77 0.0 106797.4819
1781.91 1781.91 0.0 106760.1743
1796.05 1796.05 0.0 106723.6924
1810.19 1810.19 0.0 106688.0117
1824.34 1824.34 0.0 106653.0698
1838.48 1838.48 0.0 106618.8916
1852.62 1852.62 0.0 106585.4297
1866.76 1866.76 0.0 106552.6533
1880.9 1880.9 0.0 106520.5386
1895.05 1895.05 0.0 106489.0347
1909.19 1909.19 0.0 106458.1758
1923.33 1923.33 0.0 106427.9038
1937.47 1937.47 0.0 106398.2104
1951.61 1951.61 0.0 106369.0630
1965.76 1965.76 0.0 106340.4316
1979.9 1979.9 0.0 106312.3325
1994.04 1994.04 0.0 106284.7246
2008.18 2008.18 0.0 106257.5962
2022.33 2022.33 0.0 106230.9053
2036.47 2036.47 0.0 106204.6846
2050.61 2050.61 0.0 106178.8862
2064.75 2064.75 0.0 106153.5083
2078.89 2078.89 0.0 106128.5234
2093.04 2093.04 0.0 106103.9087
2107.18 2107.18 0.0 106079.6860
2121.32 2121.32 0.0 106055.8208
2135.46 2135.46 0.0 106032.3052
2149.6 2149.6 0.0 106009.1221
2163.75 2163.75 0.0 105986.2534
2177.89 2177.89 0.0 105963.7095
2192.03 2192.03 0.0 105941.4722
2206.17 2206.17 0.0 105919.5332
2220.32 2220.32 0.0 105897.8555
2234.46 2234.46 0.0 105876.4785
2248.6 2248.6 0.0 105855.3691
2262.74 2262.74 0.0 105834.5127
2276.88 2276.88 0.0 105813.9116
2291.03 2291.03 0.0 105793.5435
2305.17 2305.17 0.0 105773.4253
2319.31 2319.31 0.0 105753.5415
2333.45 2333.45 0.0 105733.8818
2347.59 2347.59 0.0 105714.4375
2361.74 2361.74 0.0 105695.1992
2375.88 2375.88 0.0 105676.1772
2390.02 2390.02 0.0 105657.3569
2404.16 2404.16 0.0 105638.7402
2418.31 2418.31 0.0 105620.2988
2432.45 2432.45 0.0 105602.0684
2446.59 2446.59 0.0 105584.0161
2460.73 2460.73 0.0 105566.1450
2474.87 2474.87 0.0 105548.4556
2489.02 2489.02 0.0 105530.9272
2503.16 2503.16 0.0 105513.5801
2517.3 2517.3 0.0 105496.4062
2531.44 2531.44 0.0 105479.3984
2545.58 2545.58 0.0 105462.5503
2559.73 2559.73 0.0 105445.8530
2573.87 2573.87 0.0 105429.3242
2588.01 2588.01 0.0 105412.9507
2602.15 2602.15 0.0 105396.7317
2616.3 2616.3 0.0 105380.6560
2630.44 2630.44 0.0 105364.7434
2644.58 2644.58 0.0 105348.9761
2658.72 2658.72 0.0 105333.3599
2672.86 2672.86 0.0 105317.8872
2687.01 2687.01 0.0 105302.5503
2701.15 2701.15 0.0 105287.3682
2715.29 2715.29 0.0 105272.3284
2729.43 2729.43 0.0 105257.4294
2743.57 2743.57 0.0 105242.6694
2757.72 2757.72 0.0 105228.0417
2771.86 2771.86 0.0 105213.5637
2786.0 2786.0 0.0 105199.2219
2800.14 2800.14 0.0 105185.0178
2814.28 2814.28 0.0 105170.9475
2828.43 2828.43 0.0 105157.0071
2842.57 2842.57 0.0 105143.2080
2856.71 2856.71 0.0 105129.5437
2870.85 2870.85 0.0 105116.0166
2885.0 2885.0 0.0 105102.6128
2899.14 2899.14 0.0 105089.3477
2913.28 2913.28 0.0 105076.2129
2927.42 2927.42 0.0 105063.2148
2941.56 2941.56 0.0 105050.3484
2955.71 2955.71 0.0 105037.6042
2969.85 2969.85 0.0 105024.9915
2983.99 2983.99 0.0 105012.5127
2998.13 2998.13 0.0 105000.1633
3012.27 3012.27 0.0 104987.9409
3026.42 3026.42 0.0 104975.8369
3040.56 3040.56 0.0 104963.8682
3054.7 3054.7 0.0 104952.0269
3068.84 3068.84 0.0 104940.3101
3082.99 3082.99 0.0 104928.7100
3097.13 3097.13 0.0 104917.2441
3111.27 3111.27 0.0 104905.8948
3125.41 3125.41 0.0 104894.6736
3139.55 3139.55 0.0 104883.5732
3153.7 3153.7 0.0 104872.5889
3167.84 3167.84 0.0 104861.7307
3181.98 3181.98 0.0 104850.9895
3196.12 3196.12 0.0 104840.3682
3210.26 3210.26 0.0 104829.8638
3224.41 3224.41 0.0 104819.4705
3238.55 3238.55 0.0 104809.1992
3252.69 3252.69 0.0 104799.0442
3266.83 3266.83 0.0 104789.0007
3280.98 3280.98 0.0 104779.0625
3295.12 3295.12 0.0 104769.2424
3309.26 3309.26 0.0 104759.5354
3323.4 3323.4 0.0 104749.9358
3337.54 3337.54 0.0 104740.4407
3351.69 3351.69 0.0 104731.0498
3365.83 3365.83 0.0 104721.7717
3379.97 3379.97 0.0 104712.5935
3394.11 3394.11 0.0 104703.5234
3408.25 3408.25 0.0 104694.5513
3422.4 3422.4 0.0 104685.6753
3436.54 3436.54 0.0 104676.9053
3450.68 3450.68 0.0 104668.2300
3464.82 3464.82 0.0 104659.6533
3478.97 3478.97 0.0 104651.1616
3493.11 3493.11 0.0 104642.7708
3507.25 3507.25 0.0 104634.4731
3521.39 3521.39 0.0 104626.2659
3535.53 3535.53 0.0 104618.1475
3549.68 3549.68 0.0 104610.1104
3563.82 3563.82 0.0 104602.1628
3577.96 3577.96 0.0 104594.3047
3592.1 3592.1 0.0 104586.5227
3606.24 3606.24 0.0 104578.8242
3620.39 3620.39 0.0 104571.2012
3634.53 3634.53 0.0 104563.6606
3648.67 3648.67 0.0 104556.1978
3662.81 3662.81 0.0 104548.8069
3676.96 3676.96 0.0 104541.4856
3691.1 3691.1 0.0 104534.2415
3705.24 3705.24 0.0 104527.0657
3719.38 3719.38 0.0 104519.9575
3733.52 3733.52 0.0 104512.9182
3747.67 3747.67 0.0 104505.9338
3761.81 3761.81 0.0 104499.0234
3775.95 3775.95 0.0 104492.1738
3790.09 3790.09 0.0 104485.3806
3804.23 3804.23 0.0 104478.6472
3818.38 3818.38 0.0 104471.9670
3832.52 3832.52 0.0 104465.3428
3846.66 3846.66 0.0 104458.7742
3860.8 3860.8 0.0 104452.2566
3874.95 3874.95 0.0 104445.7869
3889.09 3889.09 0.0 104439.3704
3903.23 3903.23 0.0 104432.9968
3917.37 3917.37 0.0 104426.6670
3931.51 3931.51 0.0 104420.3843
3945.66 3945.66 0.0 104414.1389
3959.8 3959.8 0.0 104407.9385
3973.94 3973.94 0.0 104401.7756
3988.08 3988.08 0.0 104395.6482
4002.22 4002.22 0.0 104389.5610
4016.37 4016.37 0.0 104383.4971
4030.51 4030.51 0.0 104377.4744
4044.65 4044.65 0.0 104371.4812
4058.79 4058.79 0.0 104365.5171
4072.94 4072.94 0.0 104359.5789
4087.08 4087.08 0.0 104353.6721
4101.22 4101.22 0.0 104347.7891
4115.36 4115.36 0.0 104341.9285
4129.5 4129.5 0.0 104336.0906
4143.65 4143.65 0.0 104330.2656
4157.79 4157.79 0.0 104324.4692
4171.93 4171.93 0.0 104318.6880
4186.07 4186.07 0.0 104312.9253
4200.21 4200.21 0.0 104307.1760
4214.36 4214.36 0.0 104301.4365
4228.5 4228.5 0.0 104295.7114
4242.64 4242.64 0.0 104290.0012
