0.0 0.0 0.0 218805.0547
14.1421 14.1421 0.0 198436.8047
28.2843 28.2843 0.0 198288.1406
42.4264 42.4264 0.0 196966.6953
56.5685 56.5685 0.0 195230.5625
70.7107 70.7107 0.0 193310.2422
84.8528 84.8528 0.0 191304.2656
98.9949 98.9949 0.0 189262.5469
113.137 113.137 0.0 187213.2422
127.279 127.279 0.0 185173.3438
141.421 141.421 0.0 183153.6328
155.563 155.563 0.0 181161.2188
169.706 169.706 0.0 179200.6641
183.848 183.848 0.0 177275.3672
197.99 197.99 0.0 175387.4531
212.132 212.132 0.0 173538.2344
226.274 226.274 0.0 171728.6484
240.416 240.416 0.0 169959.1562
254.558 254.558 0.0 168230.0156
268.701 268.701 0.0 166541.0352
282.843 282.843 0.0 164892.3867
296.985 296.985 0.0 163283.5195
311.127 311.127 0.0 161714.1719
325.269 325.269 0.0 160183.7930
339.411 339.411 0.0 158691.8711
353.553 353.553 0.0 157237.8398
367.696 367.696 0.0 155820.9336
381.838 381.838 0.0 154440.7305
395.98 395.98 0.0 153096.4414
410.122 410.122 0.0 151787.3984
424.264 424.264 0.0 150512.8867
438.406 438.406 0.0 149272.1523
452.548 452.548 0.0 148064.5391
466.69 466.69 0.0 146889.2695
480.833 480.833 0.0 145745.5703
494.975 494.975 0.0 144632.8906
509.117 509.117 0.0 143550.3828
523.259 523.259 0.0 142497.3906
537.401 537.401 0.0 141473.1445
551.543 551.543 0.0 140477.0039
565.685 565.685 0.0 139508.2383
579.828 579.828 0.0 138566.0820
593.97 593.97 0.0 137650.0547
608.112 608.112 0.0 136759.3555
622.254 622.254 0.0 135893.3398
636.396 636.396 0.0 135051.3906
650.538 650.538 0.0 134232.8516
664.68 664.68 0.0 133437.1074
678.823 678.823 0.0 132663.4863
692.965 692.965 0.0 131911.5156
707.107 707.107 0.0 131180.5273
721.249 721.249 0.0 130469.9863
735.391 735.391 0.0 129779.2930
749.533 749.533 0.0 129107.9043
763.675 763.675 0.0 128455.2949
777.817 777.817 0.0 127820.9297
791.96 791.96 0.0 127204.2695
806.102 806.102 0.0 126604.8867
820.244 820.244 0.0 126022.2578
834.386 834.386 0.0 125455.9141
848.528 848.528 0.0 124905.3613
862.67 862.67 0.0 124370.1680
876.812 876.812 0.0 123849.8848
890.955 890.955 0.0 123344.0781
905.097 905.097 0.0 122852.3574
919.239 919.239 0.0 122374.3008
933.381 933.381 0.0 121909.5156
947.523 947.523 0.0 121457.6113
961.665 961.665 0.0 121018.2305
975.807 975.807 0.0 120590.9688
989.949 989.949 0.0 120175.5137
1004.09 1004.09 0.0 119771.5332
1018.23 1018.23 0.0 119378.6797
1032.38 1032.38 0.0 118996.3594
1046.52 1046.52 0.0 118624.7656
1060.66 1060.66 0.0 118263.3477
1074.8 1074.8 0.0 117911.7988
1088.94 1088.94 0.0 117569.8105
1103.09 1103.09 0.0 117236.8936
1117.23 1117.23 0.0 116913.2402
1131.37 1131.37 0.0 116598.3359
1145.51 1145.51 0.0 116291.9580
1159.66 1159.66 0.0 115993.6113
1173.8 1173.8 0.0 115703.5020
1187.94 1187.94 0.0 115421.1738
1202.08 1202.08 0.0 115146.3916
1216.22 1216.22 0.0 114878.9336
1230.37 1230.37 0.0 114618.4297
1244.51 1244.51 0.0 114365.0117
1258.65 1258.65 0.0 114118.3047
1272.79 1272.79 0.0 113878.1084
1286.93 1286.93 0.0 113644.2510
1301.08 1301.08 0.0 113416.3691
1315.22 1315.22 0.0 113194.6230
1329.36 1329.36 0.0 112978.6611
1343.5 1343.5 0.0 112768.3252
1357.65 1357.65 0.0 112563.3203
1371.79 1371.79 0.0 112363.7588
1385.93 1385.93 0.0 112169.3564
1400.07 1400.07 0.0 111979.9512
1414.21 1414.21 0.0 111795.4209
1428.36 1428.36 0.0 111615.4854
1442.5 1442.5 0.0 111440.2686
1456.64 1456.64 0.0 111269.5107
1470.78 1470.78 0.0 111103.0791
1484.92 1484.92 0.0 110940.8691
1499.07 1499.07 0.0 110782.6299
1513.21 1513.21 0.0 110628.4854
1527.35 1527.35 0.0 110478.2002
1541.49 1541.49 0.0 110331.6748
1555.63 1555.63 0.0 110188.8008
1569.78 1569.78 0.0 110049.3770
1583.92 1583.92 0.0 109913.4980
1598.06 1598.06 0.0 109780.9707
1612.2 1612.2 0.0 109651.7061
1626.35 1626.35 0.0 109525.5312
1640.49 1640.49 0.0 109402.5190
1654.63 1654.63 0.0 109282.5151
1668.77 1668.77 0.0 109165.4126
1682.91 1682.91 0.0 109051.1523
1697.06 1697.06 0.0 108939.5679
1711.2 1711.2 0.0 108830.7480
1725.34 1725.34 0.0 108724.5352
1739.48 1739.48 0.0 108620.8735
1753.62 1753.62 0.0 108519.6641
1767.77 1767.77 0.0 108420.7974
1781.91 1781.91 0.0 108324.3418
1796.05 1796.05 0.0 108230.1582
1810.19 1810.19 0.0 108138.1885
1824.34 1824.34 0.0 108048.3159
1838.48 1838.48 0.0 107960.6021
1852.62 1852.62 0.0 107874.9253
1866.76 1866.76 0.0 107791.2422
1880.9 1880.9 0.0 107709.4932
1895.05 1895.05 0.0 107629.5708
1909.19 1909.19 0.0 107551.5410
1923.33 1923.33 0.0 107475.2939
1937.47 1937.47 0.0 107400.7876
1951.61 1951.61 0.0 107327.9766
1965.76 1965.76 0.0 107256.7607
1979.9 1979.9 0.0 107187.2007
1994.04 1994.04 0.0 107119.2061
2008.18 2008.18 0.0 107052.7437
2022.33 2022.33 0.0 106987.7129
2036.47 2036.47 0.0 106924.1685
2050.61 2050.61 0.0 106862.0430
2064.75 2064.75 0.0 106801.2876
2078.89 2078.89 0.0 106741.8667
2093.04 2093.04 0.0 106683.7085
2107.18 2107.18 0.0 106626.8613
2121.32 2121.32 0.0 106571.2441
2135.46 2135.46 0.0 106516.8354
2149.6 2149.6 0.0 106463.6035
2163.75 2163.75 0.0 106411.4746
2177.89 2177.89 0.0 106360.5059
2192.03 2192.03 0.0 106310.6128
2206.17 2206.17 0.0 106261.7837
2220.32 2220.32 0.0 106213.9551
2234.46 2234.46 0.0 106167.1621
2248.6 2248.6 0.0 106121.3496
2262.74 2262.74 0.0 106076.4937
2276.88 2276.88 0.0 106032.5718
2291.03 2291.03 0.0 105989.5186
2305.17 2305.17 0.0 105947.3906
2319.31 2319.31 0.0 105906.1187
2333.45 2333.45 0.0 105865.6904
2347.59 2347.59 0.0 105826.0806
2361.74 2361.74 0.0 105787.2354
2375.88 2375.88 0.0 105749.2007
2390.02 2390.02 0.0 105711.9272
2404.16 2404.16 0.0 105675.3901
2418.31 2418.31 0.0 105639.5488
2432.45 2432.45 0.0 105604.4336
2446.59 2446.59 0.0 105570.0015
2460.73 2460.73 0.0 105536.2363
2474.87 2474.87 0.0 105503.1230
2489.02 2489.02 0.0 105470.6187
2503.16 2503.16 0.0 105438.7544
2517.3 2517.3 0.0 105407.4922
2531.44 2531.44 0.0 105376.8152
2545.58 2545.58 0.0 105346.7097
2559.73 2559.73 0.0 105317.1426
2573.87 2573.87 0.0 105288.1338
2588.01 2588.01 0.0 105259.6536
2602.15 2602.15 0.0 105231.6846
2616.3 2616.3 0.0 105204.2017
2630.44 2630.44 0.0 105177.2236
2644.58 2644.58 0.0 105150.7222
2658.72 2658.72 0.0 105124.6814
2672.86 2672.86 0.0 105099.0886
2687.01 2687.01 0.0 105073.9214
2701.15 2701.15 0.0 105049.1943
2715.29 2715.29 0.0 105024.8872
2729.43 2729.43 0.0 105000.9836
2743.57 2743.57 0.0 104977.4739
2757.72 2757.72 0.0 104954.3289
2771.86 2771.86 0.0 104931.5735
2786.0 2786.0 0.0 104909.1794
2800.14 2800.14 0.0 104887.1423
2814.28 2814.28 0.0 104865.4497
2828.43 2828.43 0.0 104844.0698
2842.57 2842.57 0.0 104823.0317
2856.71 2856.71 0.0 104802.3132
2870.85 2870.85 0.0 104781.8965
2885.0 2885.0 0.0 104761.7693
2899.14 2899.14 0.0 104741.9431
2913.28 2913.28 0.0 104722.4026
2927.42 2927.42 0.0 104703.1343
2941.56 2941.56 0.0 104684.1318
2955.71 2955.71 0.0 104665.3774
2969.85 2969.85 0.0 104646.8860
2983.99 2983.99 0.0 104628.6428
2998.13 2998.13 0.0 104610.6313
3012.27 3012.27 0.0 104592.8562
3026.42 3026.42 0.0 104575.2883
3040.56 3040.56 0.0 104557.9517
3054.7 3054.7 0.0 104540.8240
3068.84 3068.84 0.0 104523.9053
3082.99 3082.99 0.0 104507.1729
3097.13 3097.13 0.0 104490.6453
3111.27 3111.27 0.0 104474.3052
3125.41 3125.41 0.0 104458.1492
3139.55 3139.55 0.0 104442.1667
3153.7 3153.7 0.0 104426.3464
3167.84 3167.84 0.0 104410.7080
3181.98 3181.98 0.0 104395.2244
3196.12 3196.12 0.0 104379.9055
3210.26 3210.26 0.0 104364.7324
3224.41 3224.41 0.0 104349.6978
3238.55 3238.55 0.0 104334.8179
3252.69 3252.69 0.0 104320.0779
3266.83 3266.83 0.0 104305.4724
3280.98 3280.98 0.0 104290.9907
3295.12 3295.12 0.0 104276.6462
3309.26 3309.26 0.0 104262.4216
3323.4 3323.4 0.0 104248.3213
3337.54 3337.54 0.0 104234.3354
3351.69 3351.69 0.0 104220.4565
3365.83 3365.83 0.0 104206.6970
3379.97 3379.97 0.0 104193.0425
3394.11 3394.11 0.0 104179.4973
3408.25 3408.25 0.0 104166.0515
3422.4 3422.4 0.0 104152.6956
3436.54 3436.54 0.0 104139.4453
3450.68 3450.68 0.0 104126.2888
3464.82 3464.82 0.0 104113.2249
3478.97 3478.97 0.0 104100.2439
3493.11 3493.11 0.0 104087.3547
3507.25 3507.25 0.0 104074.5530
3521.39 3521.39 0.0 104061.8328
3535.53 3535.53 0.0 104049.1970
3549.68 3549.68 0.0 104036.6326
3563.82 3563.82 0.0 104024.1516
3577.96 3577.96 0.0 104011.7458
3592.1 3592.1 0.0 103999.4189
3606.24 3606.24 0.0 103987.1663
3620.39 3620.39 0.0 103974.9731
3634.53 3634.53 0.0 103962.8635
3648.67 3648.67 0.0 103950.8215
3662.81 3662.81 0.0 103938.8474
3676.96 3676.96 0.0 103926.9348
3691.1 3691.1 0.0 103915.0964
3705.24 3705.24 0.0 103903.3240
3719.38 3719.38 0.0 103891.6157
3733.52 3733.52 0.0 103879.9734
3747.67 3747.67 0.0 103868.3857
3761.81 3761.81 0.0 103856.8699
3775.95 3775.95 0.0 103845.4148
3790.09 3790.09 0.0 103834.0229
3804.23 3804.23 0.0 103822.6924
3818.38 3818.38 0.0 103811.4153
3832.52 3832.52 0.0 103800.2053
3846.66 3846.66 0.0 103789.0576
3860.8 3860.8 0.0 103777.9695
3874.95 3874.95 0.0 103766.9314
3889.09 3889.09 0.0 103755.9622
3903.23 3903.23 0.0 103745.0518
3917.37 3917.37 0.0 103734.2002
3931.51 3931.51 0.0 103723.4092
3945.66 3945.66 0.0 103712.6697
3959.8 3959.8 0.0 103701.9961
3973.94 3973.94 0.0 103691.3813
3988.08 3988.08 0.0 103680.8267
4002.22 4002.22 0.0 103670.3286
4016.37 4016.37 0.0 103659.8833
4030.51 4030.51 0.0 103649.5017
4044.65 4044.65 0.0 103639.1843
4058.79 4058.79 0.0 103628.9224
4072.94 4072.94 0.0 103618.7146
4087.08 4087.08 0.0 103608.5693
4101.22 4101.22 0.0 103598.4866
4115.36 4115.36 0.0 103588.4629
4129.5 4129.5 0.0 103578.4966
4143.65 4143.65 0.0 103568.5845
4157.79 4157.79 0.0 103558.7397
4171.93 4171.93 0.0 103548.9512
4186.07 4186.07 0.0 103539.2261
4200.21 4200.21 0.0 103529.5605
4214.36 4214.36 0.0 103519.9441
4228.5 4228.5 0.0 103510.3967
4242.64 4242.64 0.0 103500.9114
