0.0 0.0 0.0 324688.9219
14.1421 14.1421 0.0 287217.0781
28.2843 28.2843 0.0 295359.2188
42.4264 42.4264 0.0 299548.5781
56.5685 56.5685 0.0 301976.4219
70.7107 70.7107 0.0 303385.2812
84.8528 84.8528 0.0 304124.3125
98.9949 98.9949 0.0 304387.0312
113.137 113.137 0.0 304293.2188
127.279 127.279 0.0 303922.5156
141.421 141.421 0.0 303330.7656
155.563 155.563 0.0 302558.4375
169.706 169.706 0.0 301636.4844
183.848 183.848 0.0 300588.8750
197.99 197.99 0.0 299434.4688
212.132 212.132 0.0 298188.5312
226.274 226.274 0.0 296863.7344
240.416 240.416 0.0 295470.3750
254.558 254.558 0.0 294017.4062
268.701 268.701 0.0 292512.2031
282.843 282.843 0.0 290961.4375
296.985 296.985 0.0 289370.6094
311.127 311.127 0.0 287744.6094
325.269 325.269 0.0 286087.8438
339.411 339.411 0.0 284404.0312
353.553 353.553 0.0 282696.7188
367.696 367.696 0.0 280968.8125
381.838 381.838 0.0 279223.1719
395.98 395.98 0.0 277462.3594
410.122 410.122 0.0 275688.6406
424.264 424.264 0.0 273903.9688
438.406 438.406 0.0 272110.3281
452.548 452.548 0.0 270309.4688
466.69 466.69 0.0 268502.9688
480.833 480.833 0.0 266692.1094
494.975 494.975 0.0 264878.6406
509.117 509.117 0.0 263063.6875
523.259 523.259 0.0 261248.4062
537.401 537.401 0.0 259433.8906
551.543 551.543 0.0 257621.2656
565.685 565.685 0.0 255811.4531
579.828 579.828 0.0 254005.1875
593.97 593.97 0.0 252203.5625
608.112 608.112 0.0 250407.3438
622.254 622.254 0.0 248617.2500
636.396 636.396 0.0 246833.9375
650.538 650.538 0.0 245058.1562
664.68 664.68 0.0 243290.4531
678.823 678.823 0.0 241531.3594
692.965 692.965 0.0 239781.6094
707.107 707.107 0.0 238041.7188
721.249 721.249 0.0 236312.0938
735.391 735.391 0.0 234593.2188
749.533 749.533 0.0 232885.5625
763.675 763.675 0.0 231189.4688
777.817 777.817 0.0 229505.3984
791.96 791.96 0.0 227833.6094
806.102 806.102 0.0 226174.6953
820.244 820.244 0.0 224528.8359
834.386 834.386 0.0 222896.2812
848.528 848.528 0.0 221277.4141
862.67 862.67 0.0 219672.4297
876.812 876.812 0.0 218081.6406
890.955 890.955 0.0 216505.0938
905.097 905.097 0.0 214943.3203
919.239 919.239 0.0 213396.3594
933.381 933.381 0.0 211864.3672
947.523 947.523 0.0 210347.5938
961.665 961.665 0.0 208846.1328
975.807 975.807 0.0 207360.1094
989.949 989.949 0.0 205889.7266
1004.09 1004.09 0.0 204435.1406
1018.23 1018.23 0.0 202996.4844
1032.38 1032.38 0.0 201572.7891
1046.52 1046.52 0.0 200166.0391
1060.66 1060.66 0.0 198775.3281
1074.8 1074.8 0.0 197400.7734
1088.94 1088.94 0.0 196042.3438
1103.09 1103.09 0.0 194699.2109
1117.23 1117.23 0.0 193373.2422
1131.37 1131.37 0.0 192063.5078
1145.51 1145.51 0.0 190770.0156
1159.66 1159.66 0.0 189491.8672
1173.8 1173.8 0.0 188230.8984
1187.94 1187.94 0.0 186986.1094
1202.08 1202.08 0.0 185757.5391
1216.22 1216.22 0.0 184545.0703
1230.37 1230.37 0.0 183347.9453
1244.51 1244.51 0.0 182167.6953
1258.65 1258.65 0.0 181003.4297
1272.79 1272.79 0.0 179855.1641
1286.93 1286.93 0.0 178722.7188
1301.08 1301.08 0.0 177605.3125
1315.22 1315.22 0.0 176504.4297
1329.36 1329.36 0.0 175419.1719
1343.5 1343.5 0.0 174349.4219
1357.65 1357.65 0.0 173294.4141
1371.79 1371.79 0.0 172255.4453
1385.93 1385.93 0.0 171231.7500
1400.07 1400.07 0.0 170223.1484
1414.21 1414.21 0.0 169229.5469
1428.36 1428.36 0.0 168250.1562
1442.5 1442.5 0.0 167286.2031
1456.64 1456.64 0.0 166336.8945
1470.78 1470.78 0.0 165402.0859
1484.92 1484.92 0.0 164481.6289
1499.07 1499.07 0.0 163574.7852
1513.21 1513.21 0.0 162682.6602
1527.35 1527.35 0.0 161804.5117
1541.49 1541.49 0.0 160940.1406
1555.63 1555.63 0.0 160089.4414
1569.78 1569.78 0.0 159251.6680
1583.92 1583.92 0.0 158427.8516
1598.06 1598.06 0.0 157617.2578
1612.2 1612.2 0.0 156819.7070
1626.35 1626.35 0.0 156034.5117
1640.49 1640.49 0.0 155262.6328
1654.63 1654.63 0.0 154503.3203
1668.77 1668.77 0.0 153756.4883
1682.91 1682.91 0.0 153021.9180
1697.06 1697.06 0.0 152298.9648
1711.2 1711.2 0.0 151588.4805
1725.34 1725.34 0.0 150889.8164
1739.48 1739.48 0.0 150202.7734
1753.62 1753.62 0.0 149527.2344
1767.77 1767.77 0.0 148862.5234
1781.91 1781.91 0.0 148209.4883
1796.05 1796.05 0.0 147567.4492
1810.19 1810.19 0.0 146936.2656
1824.34 1824.34 0.0 146315.3281
1838.48 1838.48 0.0 145705.3867
1852.62 1852.62 0.0 145105.8242
1866.76 1866.76 0.0 144516.4766
1880.9 1880.9 0.0 143937.1875
1895.05 1895.05 0.0 143367.4336
1909.19 1909.19 0.0 142807.8203
1923.33 1923.33 0.0 142257.8359
1937.47 1937.47 0.0 141717.2930
1951.61 1951.61 0.0 141186.0664
1965.76 1965.76 0.0 140663.6367
1979.9 1979.9 0.0 140150.5703
1994.04 1994.04 0.0 139646.3906
2008.18 2008.18 0.0 139150.9219
2022.33 2022.33 0.0 138663.6797
2036.47 2036.47 0.0 138185.2148
2050.61 2050.61 0.0 137715.0352
2064.75 2064.75 0.0 137253.0234
2078.89 2078.89 0.0 136799.0156
2093.04 2093.04 0.0 136352.5820
2107.18 2107.18 0.0 135914.1914
2121.32 2121.32 0.0 135483.4180
2135.46 2135.46 0.0 135060.1250
2149.6 2149.6 0.0 134644.1602
2163.75 2163.75 0.0 134235.1562
2177.89 2177.89 0.0 133833.5156
2192.03 2192.03 0.0 133438.8242
2206.17 2206.17 0.0 133050.9922
2220.32 2220.32 0.0 132669.6113
2234.46 2234.46 0.0 132295.0938
2248.6 2248.6 0.0 131927.0566
2262.74 2262.74 0.0 131565.3848
2276.88 2276.88 0.0 131209.9453
2291.03 2291.03 0.0 130860.4141
2305.17 2305.17 0.0 130517.1406
2319.31 2319.31 0.0 130179.7793
2333.45 2333.45 0.0 129848.2324
2347.59 2347.59 0.0 129522.3770
2361.74 2361.74 0.0 129201.8652
2375.88 2375.88 0.0 128887.0859
2390.02 2390.02 0.0 128577.6738
2404.16 2404.16 0.0 128273.5430
2418.31 2418.31 0.0 127974.4102
2432.45 2432.45 0.0 127680.5605
2446.59 2446.59 0.0 127391.6953
2460.73 2460.73 0.0 127107.7344
2474.87 2474.87 0.0 126828.5762
2489.02 2489.02 0.0 126553.9277
2503.16 2503.16 0.0 126284.1133
2517.3 2517.3 0.0 126018.8105
2531.44 2531.44 0.0 125757.9707
2545.58 2545.58 0.0 125501.4902
2559.73 2559.73 0.0 125249.1211
2573.87 2573.87 0.0 125001.1133
2588.01 2588.01 0.0 124757.2207
2602.15 2602.15 0.0 124517.3789
2616.3 2616.3 0.0 124281.3145
2630.44 2630.44 0.0 124049.3145
2644.58 2644.58 0.0 123821.1094
2658.72 2658.72 0.0 123596.6465
2672.86 2672.86 0.0 123375.8477
2687.01 2687.01 0.0 123158.4766
2701.15 2701.15 0.0 122944.7852
2715.29 2715.29 0.0 122734.5527
2729.43 2729.43 0.0 122527.7012
2743.57 2743.57 0.0 122324.1582
2757.72 2757.72 0.0 122123.7363
2771.86 2771.86 0.0 121926.6465
2786.0 2786.0 0.0 121732.6777
2800.14 2800.14 0.0 121541.7891
2814.28 2814.28 0.0 121353.9043
2828.43 2828.43 0.0 121168.8340
2842.57 2842.57 0.0 120986.7930
2856.71 2856.71 0.0 120807.5742
2870.85 2870.85 0.0 120631.1445
2885.0 2885.0 0.0 120457.3125
2899.14 2899.14 0.0 120286.2773
2913.28 2913.28 0.0 120117.8633
2927.42 2927.42 0.0 119952.0078
2941.56 2941.56 0.0 119788.6777
2955.71 2955.71 0.0 119627.6953
2969.85 2969.85 0.0 119469.2500
2983.99 2983.99 0.0 119313.1816
2998.13 2998.13 0.0 119159.4277
3012.27 3012.27 0.0 119007.9570
3026.42 3026.42 0.0 118858.6309
3040.56 3040.56 0.0 118711.5898
3054.7 3054.7 0.0 118566.6914
3068.84 3068.84 0.0 118423.9121
3082.99 3082.99 0.0 118283.1074
3097.13 3097.13 0.0 118144.4160
3111.27 3111.27 0.0 118007.7090
3125.41 3125.41 0.0 117872.9551
3139.55 3139.55 0.0 117740.1113
3153.7 3153.7 0.0 117609.0527
3167.84 3167.84 0.0 117479.9248
3181.98 3181.98 0.0 117352.5898
3196.12 3196.12 0.0 117227.0273
3210.26 3210.26 0.0 117103.1973
3224.41 3224.41 0.0 116980.9814
3238.55 3238.55 0.0 116860.5117
3252.69 3252.69 0.0 116741.6865
3266.83 3266.83 0.0 116624.4502
3280.98 3280.98 0.0 116508.7168
3295.12 3295.12 0.0 116394.6152
3309.26 3309.26 0.0 116282.0303
3323.4 3323.4 0.0 116170.9121
3337.54 3337.54 0.0 116061.2627
3351.69 3351.69 0.0 115952.9707
3365.83 3365.83 0.0 115846.1494
3379.97 3379.97 0.0 115740.7100
3394.11 3394.11 0.0 115636.6201
3408.25 3408.25 0.0 115533.8691
3422.4 3422.4 0.0 115432.3301
3436.54 3436.54 0.0 115332.1494
3450.68 3450.68 0.0 115233.2148
3464.82 3464.82 0.0 115135.5312
3478.97 3478.97 0.0 115038.9766
3493.11 3493.11 0.0 114943.6787
3507.25 3507.25 0.0 114849.5439
3521.39 3521.39 0.0 114756.5537
3535.53 3535.53 0.0 114664.6836
3549.68 3549.68 0.0 114573.8711
3563.82 3563.82 0.0 114484.1904
3577.96 3577.96 0.0 114395.5898
3592.1 3592.1 0.0 114308.0303
3606.24 3606.24 0.0 114221.5068
3620.39 3620.39 0.0 114135.9189
3634.53 3634.53 0.0 114051.3965
3648.67 3648.67 0.0 113967.8486
3662.81 3662.81 0.0 113885.2656
3676.96 3676.96 0.0 113803.5693
3691.1 3691.1 0.0 113722.8604
3705.24 3705.24 0.0 113643.0605
3719.38 3719.38 0.0 113564.1592
3733.52 3733.52 0.0 113486.1416
3747.67 3747.67 0.0 113408.9385
3761.81 3761.81 0.0 113332.6377
3775.95 3775.95 0.0 113257.1953
3790.09 3790.09 0.0 113182.5781
3804.23 3804.23 0.0 113108.7646
3818.38 3818.38 0.0 113035.7090
3832.52 3832.52 0.0 112963.4941
3846.66 3846.66 0.0 112892.0635
3860.8 3860.8 0.0 112821.3906
3874.95 3874.95 0.0 112751.4219
3889.09 3889.09 0.0 112682.2529
3903.23 3903.23 0.0 112613.8115
3917.37 3917.37 0.0 112546.0850
3931.51 3931.51 0.0 112479.0840
3945.66 3945.66 0.0 112412.7324
3959.8 3959.8 0.0 112347.1201
3973.94 3973.94 0.0 112282.1777
3988.08 3988.08 0.0 112217.9160
4002.22 4002.22 0.0 112154.3125
4016.37 4016.37 0.0 112091.3223
4030.51 4030.51 0.0 112029.0186
4044.65 4044.65 0.0 111967.3438
4058.79 4058.79 0.0 111906.2998
4072.94 4072.94 0.0 111845.8232
4087.08 4087.08 0.0 111786.0186
4101.22 4101.22 0.0 111726.7988
4115.36 4115.36 0.0 111668.1768
4129.5 4129.5 0.0 111610.1475
4143.65 4143.65 0.0 111552.6494
4157.79 4157.79 0.0 111495.7715
4171.93 4171.93 0.0 111439.4473
4186.07 4186.07 0.0 111383.6885
4200.21 4200.21 0.0 111328.4756
4214.36 4214.36 0.0 111273.7676
4228.5 4228.5 0.0 111219.6445
4242.64 4242.64 0.0 111166.0371
