0.0 0.0 0.0 700010.8750
14.1421 14.1421 0.0 1039751.5625
28.2843 28.2843 0.0 790395.3750
42.4264 42.4264 0.0 600007.8750
56.5685 56.5685 0.0 467995.6562
70.7107 70.7107 0.0 377418.5000
84.8528 84.8528 0.0 314429.2344
98.9949 98.9949 0.0 269669.7656
113.137 113.137 0.0 237105.8594
127.279 127.279 0.0 212864.3359
141.421 141.421 0.0 194428.5312
155.563 155.563 0.0 180133.1719
169.706 169.706 0.0 168852.5625
183.848 183.848 0.0 159812.1445
197.99 197.99 0.0 152464.5039
212.132 212.132 0.0 146417.5430
226.274 226.274 0.0 141384.9609
240.416 240.416 0.0 137154.0625
254.558 254.558 0.0 133564.6426
268.701 268.701 0.0 130494.0547
282.843 282.843 0.0 127847.9102
296.985 296.985 0.0 125551.7559
311.127 311.127 0.0 123546.8438
325.269 325.269 0.0 121786.1797
339.411 339.411 0.0 120231.8418
353.553 353.553 0.0 118852.9941
367.696 367.696 0.0 117624.2158
381.838 381.838 0.0 116524.7705
395.98 395.98 0.0 115537.1523
410.122 410.122 0.0 114646.7764
424.264 424.264 0.0 113841.3584
438.406 438.406 0.0 113110.5195
452.548 452.548 0.0 112445.3574
466.69 466.69 0.0 111838.3057
480.833 480.833 0.0 111282.8076
494.975 494.975 0.0 110773.2900
509.117 509.117 0.0 110304.8467
523.259 523.259 0.0 109873.1934
537.401 537.401 0.0 109474.6353
551.543 551.543 0.0 109105.9058
565.685 565.685 0.0 108764.1357
579.828 579.828 0.0 108446.7686
593.97 593.97 0.0 108151.6060
608.112 608.112 0.0 107876.6377
622.254 622.254 0.0 107620.0845
636.396 636.396 0.0 107380.3691
650.538 650.538 0.0 107156.0786
664.68 664.68 0.0 106945.9360
678.823 678.823 0.0 106748.7852
692.965 692.965 0.0 106563.6270
707.107 707.107 0.0 106389.5215
721.249 721.249 0.0 106225.6152
735.391 735.391 0.0 106071.1558
749.533 749.533 0.0 105925.4497
763.675 763.675 0.0 105787.8638
777.817 777.817 0.0 105657.8276
791.96 791.96 0.0 105534.8037
806.102 806.102 0.0 105418.3271
820.244 820.244 0.0 105307.9602
834.386 834.386 0.0 105203.2898
848.528 848.528 0.0 105103.9504
862.67 862.67 0.0 105009.5984
876.812 876.812 0.0 104919.9260
890.955 890.955 0.0 104834.6265
905.097 905.097 0.0 104753.4556
919.239 919.239 0.0 104676.1555
933.381 933.381 0.0 104602.4985
947.523 947.523 0.0 104532.2681
961.665 961.665 0.0 104465.2739
975.807 975.807 0.0 104401.3262
989.949 989.949 0.0 104340.2612
1004.09 1004.09 0.0 104281.9199
1018.23 1018.23 0.0 104226.1545
1032.38 1032.38 0.0 104172.7883
1046.52 1046.52 0.0 104121.7642
1060.66 1060.66 0.0 104072.9285
1074.8 1074.8 0.0 104026.1650
1088.94 1088.94 0.0 103981.3674
1103.09 1103.09 0.0 103938.4104
1117.23 1117.23 0.0 103897.2595
1131.37 1131.37 0.0 103857.7971
1145.51 1145.51 0.0 103819.9436
1159.66 1159.66 0.0 103783.5930
1173.8 1173.8 0.0 103748.7268
1187.94 1187.94 0.0 103715.2498
1202.08 1202.08 0.0 103683.0974
1216.22 1216.22 0.0 103652.2070
1230.37 1230.37 0.0 103622.5066
1244.51 1244.51 0.0 103593.9778
1258.65 1258.65 0.0 103566.5466
1272.79 1272.79 0.0 103540.1707
1286.93 1286.93 0.0 103514.7981
1301.08 1301.08 0.0 103490.3738
1315.22 1315.22 0.0 103466.8857
1329.36 1329.36 0.0 103444.2788
1343.5 1343.5 0.0 103422.5186
1357.65 1357.65 0.0 103401.5488
1371.79 1371.79 0.0 103381.3716
1385.93 1385.93 0.0 103361.9338
1400.07 1400.07 0.0 103343.2109
1414.21 1414.21 0.0 103325.1708
1428.36 1428.36 0.0 103307.7688
1442.5 1442.5 0.0 103291.0084
1456.64 1456.64 0.0 103274.8514
1470.78 1470.78 0.0 103259.2720
1484.92 1484.92 0.0 103244.2457
1499.07 1499.07 0.0 103229.7426
1513.21 1513.21 0.0 103215.7614
1527.35 1527.35 0.0 103202.2671
1541.49 1541.49 0.0 103189.2473
1555.63 1555.63 0.0 103176.6770
1569.78 1569.78 0.0 103164.5311
1583.92 1583.92 0.0 103152.8123
1598.06 1598.06 0.0 103141.4918
1612.2 1612.2 0.0 103130.5552
1626.35 1626.35 0.0 103119.9785
1640.49 1640.49 0.0 103109.7614
1654.63 1654.63 0.0 103099.8846
1668.77 1668.77 0.0 103090.3308
1682.91 1682.91 0.0 103081.0894
1697.06 1697.06 0.0 103072.1420
1711.2 1711.2 0.0 103063.4852
1725.34 1725.34 0.0 103055.1019
1739.48 1739.48 0.0 103046.9822
1753.62 1753.62 0.0 103039.1136
1767.77 1767.77 0.0 103031.4821
1781.91 1781.91 0.0 103024.0858
1796.05 1796.05 0.0 103016.9093
1810.19 1810.19 0.0 103009.9431
1824.34 1824.34 0.0 103003.1757
1838.48 1838.48 0.0 102996.6027
1852.62 1852.62 0.0 102990.2157
1866.76 1866.76 0.0 102984.0009
1880.9 1880.9 0.0 102977.9565
1895.05 1895.05 0.0 102972.0636
1909.19 1909.19 0.0 102966.3286
1923.33 1923.33 0.0 102960.7367
1937.47 1937.47 0.0 102955.2826
1951.61 1951.61 0.0 102949.9590
1965.76 1965.76 0.0 102944.7552
1979.9 1979.9 0.0 102939.6721
1994.04 1994.04 0.0 102934.7015
2008.18 2008.18 0.0 102929.8350
2022.33 2022.33 0.0 102925.0654
2036.47 2036.47 0.0 102920.3937
2050.61 2050.61 0.0 102915.8098
2064.75 2064.75 0.0 102911.3115
2078.89 2078.89 0.0 102906.8910
2093.04 2093.04 0.0 102902.5420
2107.18 2107.18 0.0 102898.2673
2121.32 2121.32 0.0 102894.0585
2135.46 2135.46 0.0 102889.9104
2149.6 2149.6 0.0 102885.8185
2163.75 2163.75 0.0 102881.7804
2177.89 2177.89 0.0 102877.7958
2192.03 2192.03 0.0 102873.8564
2206.17 2206.17 0.0 102869.9619
2220.32 2220.32 0.0 102866.1058
2234.46 2234.46 0.0 102862.2892
2248.6 2248.6 0.0 102858.5093
2262.74 2262.74 0.0 102854.7603
2276.88 2276.88 0.0 102851.0438
2291.03 2291.03 0.0 102847.3523
2305.17 2305.17 0.0 102843.6871
2319.31 2319.31 0.0 102840.0460
2333.45 2333.45 0.0 102836.4280
2347.59 2347.59 0.0 102832.8285
2361.74 2361.74 0.0 102829.2456
2375.88 2375.88 0.0 102825.6812
2390.02 2390.02 0.0 102822.1329
2404.16 2404.16 0.0 102818.5989
2418.31 2418.31 0.0 102815.0746
2432.45 2432.45 0.0 102811.5629
2446.59 2446.59 0.0 102808.0643
2460.73 2460.73 0.0 102804.5740
2474.87 2474.87 0.0 102801.0927
2489.02 2489.02 0.0 102797.6179
2503.16 2503.16 0.0 102794.1522
2517.3 2517.3 0.0 102790.6941
2531.44 2531.44 0.0 102787.2410
2545.58 2545.58 0.0 102783.7949
2559.73 2559.73 0.0 102780.3519
2573.87 2573.87 0.0 102776.9158
2588.01 2588.01 0.0 102773.4862
2602.15 2602.15 0.0 102770.0593
2616.3 2616.3 0.0 102766.6365
2630.44 2630.44 0.0 102763.2196
2644.58 2644.58 0.0 102759.8074
2658.72 2658.72 0.0 102756.3986
2672.86 2672.86 0.0 102752.9957
2687.01 2687.01 0.0 102749.5942
2701.15 2701.15 0.0 102746.2007
2715.29 2715.29 0.0 102742.8126
2729.43 2729.43 0.0 102739.4279
2743.57 2743.57 0.0 102736.0480
2757.72 2757.72 0.0 102732.6721
2771.86 2771.86 0.0 102729.3049
2786.0 2786.0 0.0 102725.9412
2800.14 2800.14 0.0 102722.5852
2814.28 2814.28 0.0 102719.2343
2828.43 2828.43 0.0 102715.8884
2842.57 2842.57 0.0 102712.5509
2856.71 2856.71 0.0 102709.2212
2870.85 2870.85 0.0 102705.8989
2885.0 2885.0 0.0 102702.5813
2899.14 2899.14 0.0 102699.2729
2913.28 2913.28 0.0 102695.9738
2927.42 2927.42 0.0 102692.6837
2941.56 2941.56 0.0 102689.4012
2955.71 2955.71 0.0 102686.1257
2969.85 2969.85 0.0 102682.8613
2983.99 2983.99 0.0 102679.6067
2998.13 2998.13 0.0 102676.3619
3012.27 3012.27 0.0 102673.1262
3026.42 3026.42 0.0 102669.8981
3040.56 3040.56 0.0 102666.6823
3054.7 3054.7 0.0 102663.4773
3068.84 3068.84 0.0 102660.2825
3082.99 3082.99 0.0 102657.0952
3097.13 3097.13 0.0 102653.9240
3111.27 3111.27 0.0 102650.7601
3125.41 3125.41 0.0 102647.6083
3139.55 3139.55 0.0 102644.4677
3153.7 3153.7 0.0 102641.3358
3167.84 3167.84 0.0 102638.2157
3181.98 3181.98 0.0 102635.1085
3196.12 3196.12 0.0 102632.0115
3210.26 3210.26 0.0 102628.9246
3224.41 3224.41 0.0 102625.8469
3238.55 3238.55 0.0 102622.7833
3252.69 3252.69 0.0 102619.7281
3266.83 3266.83 0.0 102616.6852
3280.98 3280.98 0.0 102613.6517
3295.12 3295.12 0.0 102610.6272
3309.26 3309.26 0.0 102607.6146
3323.4 3323.4 0.0 102604.6129
3337.54 3337.54 0.0 102601.6194
3351.69 3351.69 0.0 102598.6340
3365.83 3365.83 0.0 102595.6605
3379.97 3379.97 0.0 102592.6952
3394.11 3394.11 0.0 102589.7373
3408.25 3408.25 0.0 102586.7906
3422.4 3422.4 0.0 102583.8484
3436.54 3436.54 0.0 102580.9159
3450.68 3450.68 0.0 102577.9921
3464.82 3464.82 0.0 102575.0734
3478.97 3478.97 0.0 102572.1608
3493.11 3493.11 0.0 102569.2560
3507.25 3507.25 0.0 102566.3588
3521.39 3521.39 0.0 102563.4653
3535.53 3535.53 0.0 102560.5796
3549.68 3549.68 0.0 102557.6932
3563.82 3563.82 0.0 102554.8164
3577.96 3577.96 0.0 102551.9415
3592.1 3592.1 0.0 102549.0701
3606.24 3606.24 0.0 102546.2028
3620.39 3620.39 0.0 102543.3365
3634.53 3634.53 0.0 102540.4724
3648.67 3648.67 0.0 102537.6108
3662.81 3662.81 0.0 102534.7528
3676.96 3676.96 0.0 102531.8907
3691.1 3691.1 0.0 102529.0317
3705.24 3705.24 0.0 102526.1726
3719.38 3719.38 0.0 102523.3127
3733.52 3733.52 0.0 102520.4523
3747.67 3747.67 0.0 102517.5873
3761.81 3761.81 0.0 102514.7241
3775.95 3775.95 0.0 102511.8558
3790.09 3790.09 0.0 102508.9844
3804.23 3804.23 0.0 102506.1113
3818.38 3818.38 0.0 102503.2319
3832.52 3832.52 0.0 102500.3494
3846.66 3846.66 0.0 102497.4615
3860.8 3860.8 0.0 102494.5686
3874.95 3874.95 0.0 102491.6678
3889.09 3889.09 0.0 102488.7629
3903.23 3903.23 0.0 102485.8501
3917.37 3917.37 0.0 102482.9321
3931.51 3931.51 0.0 102480.0045
3945.66 3945.66 0.0 102477.0662
3959.8 3959.8 0.0 102474.1222
3973.94 3973.94 0.0 102471.1696
3988.08 3988.08 0.0 102468.2073
4002.22 4002.22 0.0 102465.2347
4016.37 4016.37 0.0 102462.2506
4030.51 4030.51 0.0 102459.2568
4044.65 4044.65 0.0 102456.2533
4058.79 4058.79 0.0 102453.2361
4072.94 4072.94 0.0 102450.2064
4087.08 4087.08 0.0 102447.1663
4101.22 4101.22 0.0 102444.1152
4115.36 4115.36 0.0 102441.0497
4129.5 4129.5 0.0 102437.9709
4143.65 4143.65 0.0 102434.8767
4157.79 4157.79 0.0 102431.7710
4171.93 4171.93 0.0 102428.6508
4186.07 4186.07 0.0 102425.5161
4200.21 4200.21 0.0 102422.3671
4214.36 4214.36 0.0 102419.2008
4228.5 4228.5 0.0 102416.0219
4242.64 4242.64 0.0 102412.8273
