0.0 0.0 0.0 700835.0000
14.1421 14.1421 0.0 1093353.8125
28.2843 28.2843 0.0 891810.9375
42.4264 42.4264 0.0 713522.4375
56.5685 56.5685 0.0 576135.4375
70.7107 70.7107 0.0 473747.6562
84.8528 84.8528 0.0 397791.8750
98.9949 98.9949 0.0 341040.0938
113.137 113.137 0.0 298113.1406
127.279 127.279 0.0 265176.2344
141.421 141.421 0.0 239529.0312
155.563 155.563 0.0 219269.5234
169.706 169.706 0.0 203045.6875
183.848 183.848 0.0 189890.0156
197.99 197.99 0.0 179096.0156
212.132 212.132 0.0 170144.0625
226.274 226.274 0.0 162646.4766
240.416 240.416 0.0 156310.1094
254.558 254.558 0.0 150910.7695
268.701 268.701 0.0 146274.7070
282.843 282.843 0.0 142266.7734
296.985 296.985 0.0 138779.4297
311.127 311.127 0.0 135727.1289
325.269 325.269 0.0 133041.0234
339.411 339.411 0.0 130665.2539
353.553 353.553 0.0 128554.1680
367.696 367.696 0.0 126669.9902
381.838 381.838 0.0 124981.7695
395.98 395.98 0.0 123463.2715
410.122 410.122 0.0 122092.6875
424.264 424.264 0.0 120851.4863
438.406 438.406 0.0 119723.9844
452.548 452.548 0.0 118696.7773
466.69 466.69 0.0 117758.4199
480.833 480.833 0.0 116898.9385
494.975 494.975 0.0 116109.8965
509.117 509.117 0.0 115383.8252
523.259 523.259 0.0 114714.2246
537.401 537.401 0.0 114095.4492
551.543 551.543 0.0 113522.5244
565.685 565.685 0.0 112991.0596
579.828 579.828 0.0 112497.1553
593.97 593.97 0.0 112037.4492
608.112 608.112 0.0 111608.8682
622.254 622.254 0.0 111208.6865
636.396 636.396 0.0 110834.4873
650.538 650.538 0.0 110484.0986
664.68 664.68 0.0 110155.5615
678.823 678.823 0.0 109847.1152
692.965 692.965 0.0 109557.2070
707.107 707.107 0.0 109284.3862
721.249 721.249 0.0 109027.3755
735.391 735.391 0.0 108784.9839
749.533 749.533 0.0 108556.1543
763.675 763.675 0.0 108339.9141
777.817 777.817 0.0 108135.3789
791.96 791.96 0.0 107941.7168
806.102 806.102 0.0 107758.2231
820.244 820.244 0.0 107584.2070
834.386 834.386 0.0 107419.0430
848.528 848.528 0.0 107262.1636
862.67 862.67 0.0 107113.0386
876.812 876.812 0.0 106971.1719
890.955 890.955 0.0 106836.1323
905.097 905.097 0.0 106707.4990
919.239 919.239 0.0 106584.8945
933.381 933.381 0.0 106467.9609
947.523 947.523 0.0 106356.3687
961.665 961.665 0.0 106249.8130
975.807 975.807 0.0 106148.0063
989.949 989.949 0.0 106050.6875
1004.09 1004.09 0.0 105957.6182
1018.23 1018.23 0.0 105868.5645
1032.38 1032.38 0.0 105783.2549
1046.52 1046.52 0.0 105701.6021
1060.66 1060.66 0.0 105623.3594
1074.8 1074.8 0.0 105548.3511
1088.94 1088.94 0.0 105476.4185
1103.09 1103.09 0.0 105407.3501
1117.23 1117.23 0.0 105341.1135
1131.37 1131.37 0.0 105277.5125
1145.51 1145.51 0.0 105216.4148
1159.66 1159.66 0.0 105157.6726
1173.8 1173.8 0.0 105101.2537
1187.94 1187.94 0.0 105047.0042
1202.08 1202.08 0.0 104994.8250
1216.22 1216.22 0.0 104944.6228
1230.37 1230.37 0.0 104896.2778
1244.51 1244.51 0.0 104849.7627
1258.65 1258.65 0.0 104804.9792
1272.79 1272.79 0.0 104761.8396
1286.93 1286.93 0.0 104720.2717
1301.08 1301.08 0.0 104680.1860
1315.22 1315.22 0.0 104641.5723
1329.36 1329.36 0.0 104604.3403
1343.5 1343.5 0.0 104568.4282
1357.65 1357.65 0.0 104533.7646
1371.79 1371.79 0.0 104500.3384
1385.93 1385.93 0.0 104468.0769
1400.07 1400.07 0.0 104436.9365
1414.21 1414.21 0.0 104406.8643
1428.36 1428.36 0.0 104377.8003
1442.5 1442.5 0.0 104349.7468
1456.64 1456.64 0.0 104322.6389
1470.78 1470.78 0.0 104296.4409
1484.92 1484.92 0.0 104271.1128
1499.07 1499.07 0.0 104246.6096
1513.21 1513.21 0.0 104222.9321
1527.35 1527.35 0.0 104200.0278
1541.49 1541.49 0.0 104177.8667
1555.63 1555.63 0.0 104156.4172
1569.78 1569.78 0.0 104135.6421
1583.92 1583.92 0.0 104115.5415
1598.06 1598.06 0.0 104096.0764
1612.2 1612.2 0.0 104077.2188
1626.35 1626.35 0.0 104058.9319
1640.49 1640.49 0.0 104041.2229
1654.63 1654.63 0.0 104024.0540
1668.77 1668.77 0.0 104007.4031
1682.91 1682.91 0.0 103991.2512
1697.06 1697.06 0.0 103975.5688
1711.2 1711.2 0.0 103960.3550
1725.34 1725.34 0.0 103945.5828
1739.48 1739.48 0.0 103931.2356
1753.62 1753.62 0.0 103917.2979
1767.77 1767.77 0.0 103903.7366
1781.91 1781.91 0.0 103890.5625
1796.05 1796.05 0.0 103877.7476
1810.19 1810.19 0.0 103865.2747
1824.34 1824.34 0.0 103853.1274
1838.48 1838.48 0.0 103841.3032
1852.62 1852.62 0.0 103829.7810
1866.76 1866.76 0.0 103818.5515
1880.9 1880.9 0.0 103807.5979
1895.05 1895.05 0.0 103796.9045
1909.19 1909.19 0.0 103786.4702
1923.33 1923.33 0.0 103776.2810
1937.47 1937.47 0.0 103766.3220
1951.61 1951.61 0.0 103756.5876
1965.76 1965.76 0.0 103747.0557
1979.9 1979.9 0.0 103737.7336
1994.04 1994.04 0.0 103728.6030
2008.18 2008.18 0.0 103719.6584
2022.33 2022.33 0.0 103710.8792
2036.47 2036.47 0.0 103702.2756
2050.61 2050.61 0.0 103693.8293
2064.75 2064.75 0.0 103685.5327
2078.89 2078.89 0.0 103677.3789
2093.04 2093.04 0.0 103669.3560
2107.18 2107.18 0.0 103661.4675
2121.32 2121.32 0.0 103653.7017
2135.46 2135.46 0.0 103646.0515
2149.6 2149.6 0.0 103638.5098
2163.75 2163.75 0.0 103631.0664
2177.89 2177.89 0.0 103623.7280
2192.03 2192.03 0.0 103616.4827
2206.17 2206.17 0.0 103609.3257
2220.32 2220.32 0.0 103602.2449
2234.46 2234.46 0.0 103595.2488
2248.6 2248.6 0.0 103588.3262
2262.74 2262.74 0.0 103581.4717
2276.88 2276.88 0.0 103574.6838
2291.03 2291.03 0.0 103567.9551
2305.17 2305.17 0.0 103561.2859
2319.31 2319.31 0.0 103554.6758
2333.45 2333.45 0.0 103548.1128
2347.59 2347.59 0.0 103541.6018
2361.74 2361.74 0.0 103535.1309
2375.88 2375.88 0.0 103528.7078
2390.02 2390.02 0.0 103522.3271
2404.16 2404.16 0.0 103515.9854
2418.31 2418.31 0.0 103509.6743
2432.45 2432.45 0.0 103503.4011
2446.59 2446.59 0.0 103497.1636
2460.73 2460.73 0.0 103490.9556
2474.87 2474.87 0.0 103484.7803
2489.02 2489.02 0.0 103478.6260
2503.16 2503.16 0.0 103472.5032
2517.3 2517.3 0.0 103466.4070
2531.44 2531.44 0.0 103460.3364
2545.58 2545.58 0.0 103454.2903
2559.73 2559.73 0.0 103448.2620
2573.87 2573.87 0.0 103442.2617
2588.01 2588.01 0.0 103436.2837
2602.15 2602.15 0.0 103430.3264
2616.3 2616.3 0.0 103424.3877
2630.44 2630.44 0.0 103418.4741
2644.58 2644.58 0.0 103412.5791
2658.72 2658.72 0.0 103406.7065
2672.86 2672.86 0.0 103400.8545
2687.01 2687.01 0.0 103395.0208
2701.15 2701.15 0.0 103389.2090
2715.29 2715.29 0.0 103383.4199
2729.43 2729.43 0.0 103377.6516
2743.57 2743.57 0.0 103371.9055
2757.72 2757.72 0.0 103366.1764
2771.86 2771.86 0.0 103360.4712
2786.0 2786.0 0.0 103354.7903
2800.14 2800.14 0.0 103349.1295
2814.28 2814.28 0.0 103343.4948
2828.43 2828.43 0.0 103337.8774
2842.57 2842.57 0.0 103332.2877
2856.71 2856.71 0.0 103326.7228
2870.85 2870.85 0.0 103321.1816
2885.0 2885.0 0.0 103315.6615
2899.14 2899.14 0.0 103310.1702
2913.28 2913.28 0.0 103304.7052
2927.42 2927.42 0.0 103299.2675
2941.56 2941.56 0.0 103293.8539
2955.71 2955.71 0.0 103288.4647
2969.85 2969.85 0.0 103283.1069
2983.99 2983.99 0.0 103277.7787
2998.13 2998.13 0.0 103272.4778
3012.27 3012.27 0.0 103267.2034
3026.42 3026.42 0.0 103261.9580
3040.56 3040.56 0.0 103256.7433
3054.7 3054.7 0.0 103251.5592
3068.84 3068.84 0.0 103246.4038
3082.99 3082.99 0.0 103241.2765
3097.13 3097.13 0.0 103236.1840
3111.27 3111.27 0.0 103231.1204
3125.41 3125.41 0.0 103226.0884
3139.55 3139.55 0.0 103221.0885
3153.7 3153.7 0.0 103216.1152
3167.84 3167.84 0.0 103211.1766
3181.98 3181.98 0.0 103206.2716
3196.12 3196.12 0.0 103201.3953
3210.26 3210.26 0.0 103196.5531
3224.41 3224.41 0.0 103191.7384
3238.55 3238.55 0.0 103186.9592
3252.69 3252.69 0.0 103182.2108
3266.83 3266.83 0.0 103177.4930
3280.98 3280.98 0.0 103172.8040
3295.12 3295.12 0.0 103168.1505
3309.26 3309.26 0.0 103163.5270
3323.4 3323.4 0.0 103158.9329
3337.54 3337.54 0.0 103154.3691
3351.69 3351.69 0.0 103149.8341
3365.83 3365.83 0.0 103145.3312
3379.97 3379.97 0.0 103140.8593
3394.11 3394.11 0.0 103136.4156
3408.25 3408.25 0.0 103132.0009
3422.4 3422.4 0.0 103127.6116
3436.54 3436.54 0.0 103123.2533
3450.68 3450.68 0.0 103118.9236
3464.82 3464.82 0.0 103114.6196
3478.97 3478.97 0.0 103110.3405
3493.11 3493.11 0.0 103106.0902
3507.25 3507.25 0.0 103101.8654
3521.39 3521.39 0.0 103097.6647
3535.53 3535.53 0.0 103093.4908
3549.68 3549.68 0.0 103089.3353
3563.82 3563.82 0.0 103085.2080
3577.96 3577.96 0.0 103081.1012
3592.1 3592.1 0.0 103077.0165
3606.24 3606.24 0.0 103072.9545
3620.39 3620.39 0.0 103068.9103
3634.53 3634.53 0.0 103064.8862
3648.67 3648.67 0.0 103060.8846
3662.81 3662.81 0.0 103056.8997
3676.96 3676.96 0.0 103052.9297
3691.1 3691.1 0.0 103048.9803
3705.24 3705.24 0.0 103045.0480
3719.38 3719.38 0.0 103041.1288
3733.52 3733.52 0.0 103037.2267
3747.67 3747.67 0.0 103033.3342
3761.81 3761.81 0.0 103029.4579
3775.95 3775.95 0.0 103025.5969
3790.09 3790.09 0.0 103021.7438
3804.23 3804.23 0.0 103017.9052
3818.38 3818.38 0.0 103014.0695
3832.52 3832.52 0.0 103010.2488
3846.66 3846.66 0.0 103006.4369
3860.8 3860.8 0.0 103002.6312
3874.95 3874.95 0.0 102998.8325
3889.09 3889.09 0.0 102995.0409
3903.23 3903.23 0.0 102991.2554
3917.37 3917.37 0.0 102987.4722
3931.51 3931.51 0.0 102983.6951
3945.66 3945.66 0.0 102979.9188
3959.8 3959.8 0.0 102976.1445
3973.94 3973.94 0.0 102972.3752
3988.08 3988.08 0.0 102968.6066
4002.22 4002.22 0.0 102964.8364
4016.37 4016.37 0.0 102961.0647
4030.51 4030.51 0.0 102957.2932
4044.65 4044.65 0.0 102953.5195
4058.79 4058.79 0.0 102949.7430
4072.94 4072.94 0.0 102945.9604
4087.08 4087.08 0.0 102942.1781
4101.22 4101.22 0.0 102938.3878
4115.36 4115.36 0.0 102934.5957
4129.5 4129.5 0.0 102930.7942
4143.65 4143.65 0.0 102926.9855
4157.79 4157.79 0.0 102923.1720
4171.93 4171.93 0.0 102919.3488
4186.07 4186.07 0.0 102915.5164
4200.21 4200.21 0.0 102911.6760
4214.36 4214.36 0.0 102907.8220
4228.5 4228.5 0.0 102903.9618
4242.64 4242.64 0.0 102900.0898
