0.0 0.0 0.0 217119.3047
14.1421 14.1421 0.0 196917.1484
28.2843 28.2843 0.0 192436.6641
42.4264 42.4264 0.0 187522.6797
56.5685 56.5685 0.0 182732.3281
70.7107 70.7107 0.0 178184.5547
84.8528 84.8528 0.0 173905.6172
98.9949 98.9949 0.0 169893.5312
113.137 113.137 0.0 166136.8711
127.279 127.279 0.0 162620.8984
141.421 141.421 0.0 159330.1523
155.563 155.563 0.0 156249.3867
169.706 169.706 0.0 153363.9961
183.848 183.848 0.0 150660.7695
197.99 197.99 0.0 148126.8086
212.132 212.132 0.0 145750.3359
226.274 226.274 0.0 143520.4414
240.416 240.416 0.0 141426.9883
254.558 254.558 0.0 139460.6172
268.701 268.701 0.0 137612.4766
282.843 282.843 0.0 135874.8203
296.985 296.985 0.0 134240.0547
311.127 311.127 0.0 132701.3027
325.269 325.269 0.0 131252.1094
339.411 339.411 0.0 129886.5859
353.553 353.553 0.0 128599.2129
367.696 367.696 0.0 127384.7949
381.838 381.838 0.0 126238.7676
395.98 395.98 0.0 125156.6484
410.122 410.122 0.0 124134.3145
424.264 424.264 0.0 123167.9941
438.406 438.406 0.0 122254.1523
452.548 452.548 0.0 121389.4824
466.69 466.69 0.0 120570.9473
480.833 480.833 0.0 119795.6211
494.975 494.975 0.0 119060.9824
509.117 509.117 0.0 118364.5000
523.259 523.259 0.0 117703.8594
537.401 537.401 0.0 117076.9053
551.543 551.543 0.0 116481.6660
565.685 565.685 0.0 115916.2549
579.828 579.828 0.0 115378.8867
593.97 593.97 0.0 114867.9990
608.112 608.112 0.0 114382.0547
622.254 622.254 0.0 113919.5889
636.396 636.396 0.0 113479.3076
650.538 650.538 0.0 113059.9492
664.68 664.68 0.0 112660.3301
678.823 678.823 0.0 112279.3467
692.965 692.965 0.0 111916.0312
707.107 707.107 0.0 111569.3877
721.249 721.249 0.0 111238.5127
735.391 735.391 0.0 110922.5605
749.533 749.533 0.0 110620.7422
763.675 763.675 0.0 110332.3164
777.817 777.817 0.0 110056.5654
791.96 791.96 0.0 109792.8320
806.102 806.102 0.0 109540.5234
820.244 820.244 0.0 109299.0371
834.386 834.386 0.0 109067.8281
848.528 848.528 0.0 108846.3818
862.67 862.67 0.0 108634.2031
876.812 876.812 0.0 108430.8413
890.955 890.955 0.0 108235.8433
905.097 905.097 0.0 108048.8398
919.239 919.239 0.0 107869.4204
933.381 933.381 0.0 107697.2300
947.523 947.523 0.0 107531.9209
961.665 961.665 0.0 107373.1680
975.807 975.807 0.0 107220.6685
989.949 989.949 0.0 107074.1270
1004.09 1004.09 0.0 106933.2866
1018.23 1018.23 0.0 106797.8770
1032.38 1032.38 0.0 106667.5581
1046.52 1046.52 0.0 106542.2788
1060.66 1060.66 0.0 106421.7231
1074.8 1074.8 0.0 106305.6943
1088.94 1088.94 0.0 106193.9819
1103.09 1103.09 0.0 106086.3223
1117.23 1117.23 0.0 105982.6953
1131.37 1131.37 0.0 105882.8535
1145.51 1145.51 0.0 105786.6328
1159.66 1159.66 0.0 105693.8184
1173.8 1173.8 0.0 105604.3926
1187.94 1187.94 0.0 105518.1582
1202.08 1202.08 0.0 105434.9766
1216.22 1216.22 0.0 105354.7249
1230.37 1230.37 0.0 105277.2302
1244.51 1244.51 0.0 105202.4890
1258.65 1258.65 0.0 105130.3423
1272.79 1272.79 0.0 105060.6804
1286.93 1286.93 0.0 104993.4102
1301.08 1301.08 0.0 104928.3889
1315.22 1315.22 0.0 104865.6248
1329.36 1329.36 0.0 104804.9858
1343.5 1343.5 0.0 104746.3848
1357.65 1357.65 0.0 104689.7139
1371.79 1371.79 0.0 104634.9712
1385.93 1385.93 0.0 104582.0479
1400.07 1400.07 0.0 104530.8789
1414.21 1414.21 0.0 104481.4019
1428.36 1428.36 0.0 104433.5178
1442.5 1442.5 0.0 104387.2332
1456.64 1456.64 0.0 104342.4629
1470.78 1470.78 0.0 104299.1501
1484.92 1484.92 0.0 104257.2458
1499.07 1499.07 0.0 104216.6719
1513.21 1513.21 0.0 104177.4321
1527.35 1527.35 0.0 104139.4612
1541.49 1541.49 0.0 104102.7095
1555.63 1555.63 0.0 104067.1367
1569.78 1569.78 0.0 104032.6814
1583.92 1583.92 0.0 103999.3525
1598.06 1598.06 0.0 103967.0864
1612.2 1612.2 0.0 103935.8518
1626.35 1626.35 0.0 103905.5903
1640.49 1640.49 0.0 103876.3113
1654.63 1654.63 0.0 103847.9651
1668.77 1668.77 0.0 103820.5212
1682.91 1682.91 0.0 103793.9465
1697.06 1697.06 0.0 103768.2017
1711.2 1711.2 0.0 103743.2913
1725.34 1725.34 0.0 103719.1729
1739.48 1739.48 0.0 103695.8218
1753.62 1753.62 0.0 103673.2146
1767.77 1767.77 0.0 103651.3093
1781.91 1781.91 0.0 103630.1199
1796.05 1796.05 0.0 103609.6062
1810.19 1810.19 0.0 103589.7473
1824.34 1824.34 0.0 103570.5100
1838.48 1838.48 0.0 103551.9045
1852.62 1852.62 0.0 103533.8950
1866.76 1866.76 0.0 103516.4675
1880.9 1880.9 0.0 103499.6016
1895.05 1895.05 0.0 103483.2686
1909.19 1909.19 0.0 103467.4753
1923.33 1923.33 0.0 103452.1978
1937.47 1937.47 0.0 103437.4175
1951.61 1951.61 0.0 103423.1184
1965.76 1965.76 0.0 103409.2800
1979.9 1979.9 0.0 103395.9072
1994.04 1994.04 0.0 103382.9768
2008.18 2008.18 0.0 103370.4727
2022.33 2022.33 0.0 103358.3759
2036.47 2036.47 0.0 103346.6913
2050.61 2050.61 0.0 103335.3967
2064.75 2064.75 0.0 103324.4811
2078.89 2078.89 0.0 103313.9346
2093.04 2093.04 0.0 103303.7386
2107.18 2107.18 0.0 103293.8953
2121.32 2121.32 0.0 103284.3870
2135.46 2135.46 0.0 103275.2035
2149.6 2149.6 0.0 103266.3357
2163.75 2163.75 0.0 103257.7678
2177.89 2177.89 0.0 103249.5017
2192.03 2192.03 0.0 103241.5212
2206.17 2206.17 0.0 103233.8182
2220.32 2220.32 0.0 103226.3782
2234.46 2234.46 0.0 103219.2024
2248.6 2248.6 0.0 103212.2767
2262.74 2262.74 0.0 103205.5968
2276.88 2276.88 0.0 103199.1467
2291.03 2291.03 0.0 103192.9233
2305.17 2305.17 0.0 103186.9203
2319.31 2319.31 0.0 103181.1292
2333.45 2333.45 0.0 103175.5393
2347.59 2347.59 0.0 103170.1449
2361.74 2361.74 0.0 103164.9360
2375.88 2375.88 0.0 103159.9133
2390.02 2390.02 0.0 103155.0630
2404.16 2404.16 0.0 103150.3792
2418.31 2418.31 0.0 103145.8533
2432.45 2432.45 0.0 103141.4840
2446.59 2446.59 0.0 103137.2625
2460.73 2460.73 0.0 103133.1805
2474.87 2474.87 0.0 103129.2325
2489.02 2489.02 0.0 103125.4119
2503.16 2503.16 0.0 103121.7153
2517.3 2517.3 0.0 103118.1350
2531.44 2531.44 0.0 103114.6622
2545.58 2545.58 0.0 103111.2942
2559.73 2559.73 0.0 103108.0258
2573.87 2573.87 0.0 103104.8501
2588.01 2588.01 0.0 103101.7628
2602.15 2602.15 0.0 103098.7595
2616.3 2616.3 0.0 103095.8289
2630.44 2630.44 0.0 103092.9736
2644.58 2644.58 0.0 103090.1854
2658.72 2658.72 0.0 103087.4594
2672.86 2672.86 0.0 103084.7904
2687.01 2687.01 0.0 103082.1742
2701.15 2701.15 0.0 103079.6060
2715.29 2715.29 0.0 103077.0824
2729.43 2729.43 0.0 103074.5991
2743.57 2743.57 0.0 103072.1494
2757.72 2757.72 0.0 103069.7322
2771.86 2771.86 0.0 103067.3424
2786.0 2786.0 0.0 103064.9774
2800.14 2800.14 0.0 103062.6321
2814.28 2814.28 0.0 103060.3033
2828.43 2828.43 0.0 103057.9851
2842.57 2842.57 0.0 103055.6805
2856.71 2856.71 0.0 103053.3816
2870.85 2870.85 0.0 103051.0865
2885.0 2885.0 0.0 103048.7896
2899.14 2899.14 0.0 103046.4957
2913.28 2913.28 0.0 103044.1951
2927.42 2927.42 0.0 103041.8867
2941.56 2941.56 0.0 103039.5703
2955.71 2955.71 0.0 103037.2405
2969.85 2969.85 0.0 103034.8976
2983.99 2983.99 0.0 103032.5416
2998.13 2998.13 0.0 103030.1670
3012.27 3012.27 0.0 103027.7729
3026.42 3026.42 0.0 103025.3562
3040.56 3040.56 0.0 103022.9205
3054.7 3054.7 0.0 103020.4614
3068.84 3068.84 0.0 103017.9769
3082.99 3082.99 0.0 103015.4662
3097.13 3097.13 0.0 103012.9303
3111.27 3111.27 0.0 103010.3668
3125.41 3125.41 0.0 103007.7770
3139.55 3139.55 0.0 103005.1572
3153.7 3153.7 0.0 103002.5074
3167.84 3167.84 0.0 102999.8306
3181.98 3181.98 0.0 102997.1228
3196.12 3196.12 0.0 102994.3878
3210.26 3210.26 0.0 102991.6215
3224.41 3224.41 0.0 102988.8256
3238.55 3238.55 0.0 102986.0004
3252.69 3252.69 0.0 102983.1476
3266.83 3266.83 0.0 102980.2640
3280.98 3280.98 0.0 102977.3518
3295.12 3295.12 0.0 102974.4132
3309.26 3309.26 0.0 102971.4502
3323.4 3323.4 0.0 102968.4578
3337.54 3337.54 0.0 102965.4414
3351.69 3351.69 0.0 102962.3976
3365.83 3365.83 0.0 102959.3314
3379.97 3379.97 0.0 102956.2429
3394.11 3394.11 0.0 102953.1309
3408.25 3408.25 0.0 102949.9976
3422.4 3422.4 0.0 102946.8457
3436.54 3436.54 0.0 102943.6730
3450.68 3450.68 0.0 102940.4832
3464.82 3464.82 0.0 102937.2767
3478.97 3478.97 0.0 102934.0536
3493.11 3493.11 0.0 102930.8171
3507.25 3507.25 0.0 102927.5671
3521.39 3521.39 0.0 102924.3064
3535.53 3535.53 0.0 102921.0331
3549.68 3549.68 0.0 102917.7491
3563.82 3563.82 0.0 102914.4589
3577.96 3577.96 0.0 102911.1620
3592.1 3592.1 0.0 102907.8597
3606.24 3606.24 0.0 102904.5524
3620.39 3620.39 0.0 102901.2400
3634.53 3634.53 0.0 102897.9255
3648.67 3648.67 0.0 102894.6105
3662.81 3662.81 0.0 102891.2980
3676.96 3676.96 0.0 102887.9827
3691.1 3691.1 0.0 102884.6716
3705.24 3705.24 0.0 102881.3658
3719.38 3719.38 0.0 102878.0605
3733.52 3733.52 0.0 102874.7644
3747.67 3747.67 0.0 102871.4733
3761.81 3761.81 0.0 102868.1919
3775.95 3775.95 0.0 102864.9175
3790.09 3790.09 0.0 102861.6521
3804.23 3804.23 0.0 102858.3982
3818.38 3818.38 0.0 102855.1541
3832.52 3832.52 0.0 102851.9231
3846.66 3846.66 0.0 102848.7058
3860.8 3860.8 0.0 102845.5016
3874.95 3874.95 0.0 102842.3079
3889.09 3889.09 0.0 102839.1322
3903.23 3903.23 0.0 102835.9728
3917.37 3917.37 0.0 102832.8285
3931.51 3931.51 0.0 102829.7008
3945.66 3945.66 0.0 102826.5880
3959.8 3959.8 0.0 102823.4954
3973.94 3973.94 0.0 102820.4198
3988.08 3988.08 0.0 102817.3633
4002.22 4002.22 0.0 102814.3258
4016.37 4016.37 0.0 102811.3022
4030.51 4030.51 0.0 102808.3011
4044.65 4044.65 0.0 102805.3208
4058.79 4058.79 0.0 102802.3606
4072.94 4072.94 0.0 102799.4146
4087.08 4087.08 0.0 102796.4916
4101.22 4101.22 0.0 102793.5895
4115.36 4115.36 0.0 102790.7059
4129.5 4129.5 0.0 102787.8425
4143.65 4143.65 0.0 102784.9966
4157.79 4157.79 0.0 102782.1727
4171.93 4171.93 0.0 102779.3676
4186.07 4186.07 0.0 102776.5815
4200.21 4200.21 0.0 102773.8154
4214.36 4214.36 0.0 102771.0664
4228.5 4228.5 0.0 102768.3376
4242.64 4242.64 0.0 102765.6263
