0.0 0.0 0.0 216814.2812
14.1421 14.1421 0.0 195543.6953
28.2843 28.2843 0.0 189343.9219
42.4264 42.4264 0.0 183124.1094
56.5685 56.5685 0.0 177315.0156
70.7107 70.7107 0.0 171967.3828
84.8528 84.8528 0.0 167062.6875
98.9949 98.9949 0.0 162566.7461
113.137 113.137 0.0 158443.4258
127.279 127.279 0.0 154658.3633
141.421 141.421 0.0 151180.0664
155.563 155.563 0.0 147980.0859
169.706 169.706 0.0 145032.6367
183.848 183.848 0.0 142315.1328
197.99 197.99 0.0 139806.7305
212.132 212.132 0.0 137488.8633
226.274 226.274 0.0 135344.7812
240.416 240.416 0.0 133359.4570
254.558 254.558 0.0 131519.2285
268.701 268.701 0.0 129811.7383
282.843 282.843 0.0 128226.0586
296.985 296.985 0.0 126752.0098
311.127 311.127 0.0 125380.4336
325.269 325.269 0.0 124103.0215
339.411 339.411 0.0 122912.2520
353.553 353.553 0.0 121801.2363
367.696 367.696 0.0 120763.6699
381.838 381.838 0.0 119793.9844
395.98 395.98 0.0 118886.9141
410.122 410.122 0.0 118037.7051
424.264 424.264 0.0 117242.0195
438.406 438.406 0.0 116495.8887
452.548 452.548 0.0 115795.6699
466.69 466.69 0.0 115138.0303
480.833 480.833 0.0 114519.8516
494.975 494.975 0.0 113938.4434
509.117 509.117 0.0 113391.1670
523.259 523.259 0.0 112875.6406
537.401 537.401 0.0 112389.6846
551.543 551.543 0.0 111931.2891
565.685 565.685 0.0 111498.6006
579.828 579.828 0.0 111089.8730
593.97 593.97 0.0 110703.5771
608.112 608.112 0.0 110338.2266
622.254 622.254 0.0 109992.4814
636.396 636.396 0.0 109665.0742
650.538 650.538 0.0 109354.8418
664.68 664.68 0.0 109060.7188
678.823 678.823 0.0 108781.6992
692.965 692.965 0.0 108516.8687
707.107 707.107 0.0 108265.3730
721.249 721.249 0.0 108026.3979
735.391 735.391 0.0 107799.2070
749.533 749.533 0.0 107583.1006
763.675 763.675 0.0 107377.4272
777.817 777.817 0.0 107181.6064
791.96 791.96 0.0 106995.0439
806.102 806.102 0.0 106817.2480
820.244 820.244 0.0 106647.7207
834.386 834.386 0.0 106485.9976
848.528 848.528 0.0 106331.6509
862.67 862.67 0.0 106184.2871
876.812 876.812 0.0 106043.5176
890.955 890.955 0.0 105908.9922
905.097 905.097 0.0 105780.4004
919.239 919.239 0.0 105657.4155
933.381 933.381 0.0 105539.7549
947.523 947.523 0.0 105427.1387
961.665 961.665 0.0 105319.3125
975.807 975.807 0.0 105216.0425
989.949 989.949 0.0 105117.0935
1004.09 1004.09 0.0 105022.2644
1018.23 1018.23 0.0 104931.3506
1032.38 1032.38 0.0 104844.0916
1046.52 1046.52 0.0 104760.4380
1060.66 1060.66 0.0 104680.1572
1074.8 1074.8 0.0 104603.0913
1088.94 1088.94 0.0 104529.0874
1103.09 1103.09 0.0 104457.9568
1117.23 1117.23 0.0 104389.6631
1131.37 1131.37 0.0 104324.0293
1145.51 1145.51 0.0 104260.9424
1159.66 1159.66 0.0 104200.2415
1173.8 1173.8 0.0 104141.9028
1187.94 1187.94 0.0 104085.7834
1202.08 1202.08 0.0 104031.7908
1216.22 1216.22 0.0 103979.8259
1230.37 1230.37 0.0 103929.7727
1244.51 1244.51 0.0 103881.6187
1258.65 1258.65 0.0 103835.2529
1272.79 1272.79 0.0 103790.5955
1286.93 1286.93 0.0 103747.5815
1301.08 1301.08 0.0 103706.1135
1315.22 1315.22 0.0 103666.1814
1329.36 1329.36 0.0 103627.7026
1343.5 1343.5 0.0 103590.6169
1357.65 1357.65 0.0 103554.8425
1371.79 1371.79 0.0 103520.3811
1385.93 1385.93 0.0 103487.1548
1400.07 1400.07 0.0 103455.1189
1414.21 1414.21 0.0 103424.2261
1428.36 1428.36 0.0 103394.4131
1442.5 1442.5 0.0 103365.6826
1456.64 1456.64 0.0 103337.9713
1470.78 1470.78 0.0 103311.2466
1484.92 1484.92 0.0 103285.4664
1499.07 1499.07 0.0 103260.5836
1513.21 1513.21 0.0 103236.5992
1527.35 1527.35 0.0 103213.4657
1541.49 1541.49 0.0 103191.1506
1555.63 1555.63 0.0 103169.6262
1569.78 1569.78 0.0 103148.8555
1583.92 1583.92 0.0 103128.8323
1598.06 1598.06 0.0 103109.5266
1612.2 1612.2 0.0 103090.9062
1626.35 1626.35 0.0 103072.9420
1640.49 1640.49 0.0 103055.6328
1654.63 1654.63 0.0 103038.9463
1668.77 1668.77 0.0 103022.8630
1682.91 1682.91 0.0 103007.3608
1697.06 1697.06 0.0 102992.4132
1711.2 1711.2 0.0 102978.0212
1725.34 1725.34 0.0 102964.1584
1739.48 1739.48 0.0 102950.8069
1753.62 1753.62 0.0 102937.9521
1767.77 1767.77 0.0 102925.5671
1781.91 1781.91 0.0 102913.6564
1796.05 1796.05 0.0 102902.1954
1810.19 1810.19 0.0 102891.1740
1824.34 1824.34 0.0 102880.5659
1838.48 1838.48 0.0 102870.3772
1852.62 1852.62 0.0 102860.5857
1866.76 1866.76 0.0 102851.1798
1880.9 1880.9 0.0 102842.1488
1895.05 1895.05 0.0 102833.4730
1909.19 1909.19 0.0 102825.1571
1923.33 1923.33 0.0 102817.1798
1937.47 1937.47 0.0 102809.5342
1951.61 1951.61 0.0 102802.2092
1965.76 1965.76 0.0 102795.1901
1979.9 1979.9 0.0 102788.4777
1994.04 1994.04 0.0 102782.0574
2008.18 2008.18 0.0 102775.9191
2022.33 2022.33 0.0 102770.0498
2036.47 2036.47 0.0 102764.4529
2050.61 2050.61 0.0 102759.1129
2064.75 2064.75 0.0 102754.0222
2078.89 2078.89 0.0 102749.1735
2093.04 2093.04 0.0 102744.5535
2107.18 2107.18 0.0 102740.1660
2121.32 2121.32 0.0 102735.9949
2135.46 2135.46 0.0 102732.0350
2149.6 2149.6 0.0 102728.2808
2163.75 2163.75 0.0 102724.7207
2177.89 2177.89 0.0 102721.3539
2192.03 2192.03 0.0 102718.1710
2206.17 2206.17 0.0 102715.1649
2220.32 2220.32 0.0 102712.3268
2234.46 2234.46 0.0 102709.6560
2248.6 2248.6 0.0 102707.1437
2262.74 2262.74 0.0 102704.7820
2276.88 2276.88 0.0 102702.5681
2291.03 2291.03 0.0 102700.4921
2305.17 2305.17 0.0 102698.5500
2319.31 2319.31 0.0 102696.7384
2333.45 2333.45 0.0 102695.0479
2347.59 2347.59 0.0 102693.4752
2361.74 2361.74 0.0 102692.0115
2375.88 2375.88 0.0 102690.6572
2390.02 2390.02 0.0 102689.4032
2404.16 2404.16 0.0 102688.2424
2418.31 2418.31 0.0 102687.1724
2432.45 2432.45 0.0 102686.1887
2446.59 2446.59 0.0 102685.2848
2460.73 2460.73 0.0 102684.4567
2474.87 2474.87 0.0 102683.6990
2489.02 2489.02 0.0 102683.0044
2503.16 2503.16 0.0 102682.3729
2517.3 2517.3 0.0 102681.7969
2531.44 2531.44 0.0 102681.2751
2545.58 2545.58 0.0 102680.7976
2559.73 2559.73 0.0 102680.3636
2573.87 2573.87 0.0 102679.9702
2588.01 2588.01 0.0 102679.6107
2602.15 2602.15 0.0 102679.2815
2616.3 2616.3 0.0 102678.9802
2630.44 2630.44 0.0 102678.7002
2644.58 2644.58 0.0 102678.4429
2658.72 2658.72 0.0 102678.1971
2672.86 2672.86 0.0 102677.9644
2687.01 2687.01 0.0 102677.7419
2701.15 2701.15 0.0 102677.5242
2715.29 2715.29 0.0 102677.3094
2729.43 2729.43 0.0 102677.0918
2743.57 2743.57 0.0 102676.8727
2757.72 2757.72 0.0 102676.6454
2771.86 2771.86 0.0 102676.4097
2786.0 2786.0 0.0 102676.1610
2800.14 2800.14 0.0 102675.8990
2814.28 2814.28 0.0 102675.6204
2828.43 2828.43 0.0 102675.3230
2842.57 2842.57 0.0 102675.0039
2856.71 2856.71 0.0 102674.6637
2870.85 2870.85 0.0 102674.2983
2885.0 2885.0 0.0 102673.9058
2899.14 2899.14 0.0 102673.4852
2913.28 2913.28 0.0 102673.0363
2927.42 2927.42 0.0 102672.5558
2941.56 2941.56 0.0 102672.0435
2955.71 2955.71 0.0 102671.4979
2969.85 2969.85 0.0 102670.9187
2983.99 2983.99 0.0 102670.3057
2998.13 2998.13 0.0 102669.6559
3012.27 3012.27 0.0 102668.9711
3026.42 3026.42 0.0 102668.2489
3040.56 3040.56 0.0 102667.4894
3054.7 3054.7 0.0 102666.6931
3068.84 3068.84 0.0 102665.8597
3082.99 3082.99 0.0 102664.9884
3097.13 3097.13 0.0 102664.0795
3111.27 3111.27 0.0 102663.1342
3125.41 3125.41 0.0 102662.1519
3139.55 3139.55 0.0 102661.1322
3153.7 3153.7 0.0 102660.0750
3167.84 3167.84 0.0 102658.9844
3181.98 3181.98 0.0 102657.8560
3196.12 3196.12 0.0 102656.6942
3210.26 3210.26 0.0 102655.4979
3224.41 3224.41 0.0 102654.2666
3238.55 3238.55 0.0 102653.0048
3252.69 3252.69 0.0 102651.7113
3266.83 3266.83 0.0 102650.3875
3280.98 3280.98 0.0 102649.0321
3295.12 3295.12 0.0 102647.6493
3309.26 3309.26 0.0 102646.2369
3323.4 3323.4 0.0 102644.7997
3337.54 3337.54 0.0 102643.3352
3351.69 3351.69 0.0 102641.8464
3365.83 3365.83 0.0 102640.3351
3379.97 3379.97 0.0 102638.8009
3394.11 3394.11 0.0 102637.2468
3408.25 3408.25 0.0 102635.6732
3422.4 3422.4 0.0 102634.0765
3436.54 3436.54 0.0 102632.4674
3450.68 3450.68 0.0 102630.8373
3464.82 3464.82 0.0 102629.1949
3478.97 3478.97 0.0 102627.5366
3493.11 3493.11 0.0 102625.8680
3507.25 3507.25 0.0 102624.1854
3521.39 3521.39 0.0 102622.4939
3535.53 3535.53 0.0 102620.7922
3549.68 3549.68 0.0 102619.0818
3563.82 3563.82 0.0 102617.3643
3577.96 3577.96 0.0 102615.6405
3592.1 3592.1 0.0 102613.9127
3606.24 3606.24 0.0 102612.1801
3620.39 3620.39 0.0 102610.4415
3634.53 3634.53 0.0 102608.7025
3648.67 3648.67 0.0 102606.9629
3662.81 3662.81 0.0 102605.2211
3676.96 3676.96 0.0 102603.4786
3691.1 3691.1 0.0 102601.7411
3705.24 3705.24 0.0 102600.0028
3719.38 3719.38 0.0 102598.2670
3733.52 3733.52 0.0 102596.5358
3747.67 3747.67 0.0 102594.8059
3761.81 3761.81 0.0 102593.0819
3775.95 3775.95 0.0 102591.3651
3790.09 3790.09 0.0 102589.6512
3804.23 3804.23 0.0 102587.9445
3818.38 3818.38 0.0 102586.2406
3832.52 3832.52 0.0 102584.5479
3846.66 3846.66 0.0 102582.8612
3860.8 3860.8 0.0 102581.1816
3874.95 3874.95 0.0 102579.5103
3889.09 3889.09 0.0 102577.8477
3903.23 3903.23 0.0 102576.1924
3917.37 3917.37 0.0 102574.5468
3931.51 3931.51 0.0 102572.9098
3945.66 3945.66 0.0 102571.2808
3959.8 3959.8 0.0 102569.6617
3973.94 3973.94 0.0 102568.0513
3988.08 3988.08 0.0 102566.4492
4002.22 4002.22 0.0 102564.8578
4016.37 4016.37 0.0 102563.2723
4030.51 4030.51 0.0 102561.6976
4044.65 4044.65 0.0 102560.1335
4058.79 4058.79 0.0 102558.5758
4072.94 4072.94 0.0 102557.0272
4087.08 4087.08 0.0 102555.4852
4101.22 4101.22 0.0 102553.9541
4115.36 4115.36 0.0 102552.4292
4129.5 4129.5 0.0 102550.9142
4143.65 4143.65 0.0 102549.4021
4157.79 4157.79 0.0 102547.8993
4171.93 4171.93 0.0 102546.4036
4186.07 4186.07 0.0 102544.9138
4200.21 4200.21 0.0 102543.4301
4214.36 4214.36 0.0 102541.9514
4228.5 4228.5 0.0 102540.4783
4242.64 4242.64 0.0 102539.0095
