0.0 0.0 0.0 222421.9609
14.1421 14.1421 0.0 196029.9766
28.2843 28.2843 0.0 198185.4766
42.4264 42.4264 0.0 199024.7109
56.5685 56.5685 0.0 199307.1953
70.7107 70.7107 0.0 199280.2344
84.8528 84.8528 0.0 199056.3125
98.9949 98.9949 0.0 198696.2891
113.137 113.137 0.0 198236.9219
127.279 127.279 0.0 197702.0312
141.421 141.421 0.0 197107.9922
155.563 155.563 0.0 196466.6250
169.706 169.706 0.0 195786.6641
183.848 183.848 0.0 195074.8984
197.99 197.99 0.0 194336.4766
212.132 212.132 0.0 193575.6562
226.274 226.274 0.0 192795.7734
240.416 240.416 0.0 191999.6875
254.558 254.558 0.0 191189.7812
268.701 268.701 0.0 190367.9531
282.843 282.843 0.0 189536.0469
296.985 296.985 0.0 188695.4844
311.127 311.127 0.0 187847.5781
325.269 325.269 0.0 186993.4844
339.411 339.411 0.0 186134.2031
353.553 353.553 0.0 185270.6172
367.696 367.696 0.0 184403.5469
381.838 381.838 0.0 183533.7891
395.98 395.98 0.0 182662.0156
410.122 410.122 0.0 181788.7891
424.264 424.264 0.0 180914.7188
438.406 438.406 0.0 180040.2969
452.548 452.548 0.0 179166.0625
466.69 466.69 0.0 178292.4141
480.833 480.833 0.0 177419.7578
494.975 494.975 0.0 176548.5703
509.117 509.117 0.0 175679.1797
523.259 523.259 0.0 174811.9297
537.401 537.401 0.0 173947.1875
551.543 551.543 0.0 173085.2109
565.685 565.685 0.0 172226.3125
579.828 579.828 0.0 171370.7188
593.97 593.97 0.0 170518.8203
608.112 608.112 0.0 169670.7891
622.254 622.254 0.0 168826.8516
636.396 636.396 0.0 167987.2656
650.538 650.538 0.0 167152.2578
664.68 664.68 0.0 166321.9570
678.823 678.823 0.0 165496.6133
692.965 692.965 0.0 164676.4141
707.107 707.107 0.0 163861.5898
721.249 721.249 0.0 163052.2422
735.391 735.391 0.0 162248.5234
749.533 749.533 0.0 161450.6211
763.675 763.675 0.0 160658.6758
777.817 777.817 0.0 159872.7578
791.96 791.96 0.0 159093.0195
806.102 806.102 0.0 158319.7031
820.244 820.244 0.0 157552.8008
834.386 834.386 0.0 156792.4570
848.528 848.528 0.0 156038.7656
862.67 862.67 0.0 155291.8594
876.812 876.812 0.0 154551.7812
890.955 890.955 0.0 153818.5820
905.097 905.097 0.0 153092.4375
919.239 919.239 0.0 152373.3945
933.381 933.381 0.0 151661.4727
947.523 947.523 0.0 150956.7891
961.665 961.665 0.0 150259.3633
975.807 975.807 0.0 149569.2461
989.949 989.949 0.0 148886.5039
1004.09 1004.09 0.0 148211.2383
1018.23 1018.23 0.0 147543.4414
1032.38 1032.38 0.0 146882.6445
1046.52 1046.52 0.0 146229.8320
1060.66 1060.66 0.0 145584.5469
1074.8 1074.8 0.0 144946.8164
1088.94 1088.94 0.0 144316.6172
1103.09 1103.09 0.0 143693.5547
1117.23 1117.23 0.0 143078.5078
1131.37 1131.37 0.0 142471.0352
1145.51 1145.51 0.0 141871.1445
1159.66 1159.66 0.0 141278.3867
1173.8 1173.8 0.0 140693.6289
1187.94 1187.94 0.0 140116.4219
1202.08 1202.08 0.0 139546.7461
1216.22 1216.22 0.0 138984.5586
1230.37 1230.37 0.0 138429.4961
1244.51 1244.51 0.0 137882.2695
1258.65 1258.65 0.0 137342.4844
1272.79 1272.79 0.0 136810.1055
1286.93 1286.93 0.0 136285.1133
1301.08 1301.08 0.0 135767.0703
1315.22 1315.22 0.0 135256.6953
1329.36 1329.36 0.0 134753.6016
1343.5 1343.5 0.0 134257.6758
1357.65 1357.65 0.0 133768.6094
1371.79 1371.79 0.0 133287.0156
1385.93 1385.93 0.0 132812.4609
1400.07 1400.07 0.0 132344.9375
1414.21 1414.21 0.0 131884.3594
1428.36 1428.36 0.0 131430.3770
1442.5 1442.5 0.0 130983.5527
1456.64 1456.64 0.0 130543.5547
1470.78 1470.78 0.0 130110.2598
1484.92 1484.92 0.0 129683.6426
1499.07 1499.07 0.0 129263.3359
1513.21 1513.21 0.0 128849.8652
1527.35 1527.35 0.0 128442.8809
1541.49 1541.49 0.0 128042.3145
1555.63 1555.63 0.0 127648.0859
1569.78 1569.78 0.0 127259.8555
1583.92 1583.92 0.0 126878.1172
1598.06 1598.06 0.0 126502.5098
1612.2 1612.2 0.0 126132.9961
1626.35 1626.35 0.0 125769.2129
1640.49 1640.49 0.0 125411.6230
1654.63 1654.63 0.0 125059.8770
1668.77 1668.77 0.0 124713.9258
1682.91 1682.91 0.0 124373.6934
1697.06 1697.06 0.0 124038.8613
1711.2 1711.2 0.0 123709.8379
1725.34 1725.34 0.0 123386.3066
1739.48 1739.48 0.0 123068.1934
1753.62 1753.62 0.0 122755.4395
1767.77 1767.77 0.0 122447.7441
1781.91 1781.91 0.0 122145.4844
1796.05 1796.05 0.0 121848.3477
1810.19 1810.19 0.0 121556.2715
1824.34 1824.34 0.0 121268.9922
1838.48 1838.48 0.0 120986.8223
1852.62 1852.62 0.0 120709.4980
1866.76 1866.76 0.0 120436.9551
1880.9 1880.9 0.0 120169.1211
1895.05 1895.05 0.0 119905.7129
1909.19 1909.19 0.0 119647.0664
1923.33 1923.33 0.0 119392.8965
1937.47 1937.47 0.0 119143.1699
1951.61 1951.61 0.0 118897.7930
1965.76 1965.76 0.0 118656.5352
1979.9 1979.9 0.0 118419.6523
1994.04 1994.04 0.0 118186.9160
2008.18 2008.18 0.0 117958.2773
2022.33 2022.33 0.0 117733.4922
2036.47 2036.47 0.0 117512.8223
2050.61 2050.61 0.0 117296.0400
2064.75 2064.75 0.0 117083.0918
2078.89 2078.89 0.0 116873.8887
2093.04 2093.04 0.0 116668.2412
2107.18 2107.18 0.0 116466.3672
2121.32 2121.32 0.0 116268.0771
2135.46 2135.46 0.0 116073.3008
2149.6 2149.6 0.0 115881.9668
2163.75 2163.75 0.0 115693.9072
2177.89 2177.89 0.0 115509.3086
2192.03 2192.03 0.0 115327.9922
2206.17 2206.17 0.0 115149.8809
2220.32 2220.32 0.0 114974.8281
2234.46 2234.46 0.0 114803.0107
2248.6 2248.6 0.0 114634.2373
2262.74 2262.74 0.0 114468.4600
2276.88 2276.88 0.0 114305.6318
2291.03 2291.03 0.0 114145.5918
2305.17 2305.17 0.0 113988.5020
2319.31 2319.31 0.0 113834.1973
2333.45 2333.45 0.0 113682.6328
2347.59 2347.59 0.0 113533.7734
2361.74 2361.74 0.0 113387.4395
2375.88 2375.88 0.0 113243.8096
2390.02 2390.02 0.0 113102.7227
2404.16 2404.16 0.0 112964.1338
2418.31 2418.31 0.0 112827.9053
2432.45 2432.45 0.0 112694.1758
2446.59 2446.59 0.0 112562.8311
2460.73 2460.73 0.0 112433.7939
2474.87 2474.87 0.0 112307.0342
2489.02 2489.02 0.0 112182.4219
2503.16 2503.16 0.0 112060.0986
2517.3 2517.3 0.0 111939.9150
2531.44 2531.44 0.0 111821.8477
2545.58 2545.58 0.0 111705.8535
2559.73 2559.73 0.0 111591.8184
2573.87 2573.87 0.0 111479.8604
2588.01 2588.01 0.0 111369.8564
2602.15 2602.15 0.0 111261.7764
2616.3 2616.3 0.0 111155.5088
2630.44 2630.44 0.0 111051.1611
2644.58 2644.58 0.0 110948.6201
2658.72 2658.72 0.0 110847.8691
2672.86 2672.86 0.0 110748.8652
2687.01 2687.01 0.0 110651.5020
2701.15 2701.15 0.0 110555.8838
2715.29 2715.29 0.0 110461.9170
2729.43 2729.43 0.0 110369.5654
2743.57 2743.57 0.0 110278.7969
2757.72 2757.72 0.0 110189.5244
2771.86 2771.86 0.0 110101.8467
2786.0 2786.0 0.0 110015.6514
2800.14 2800.14 0.0 109930.9268
2814.28 2814.28 0.0 109847.6494
2828.43 2828.43 0.0 109765.7148
2842.57 2842.57 0.0 109685.2275
2856.71 2856.71 0.0 109606.0986
2870.85 2870.85 0.0 109528.3008
2885.0 2885.0 0.0 109451.7476
2899.14 2899.14 0.0 109376.5361
2913.28 2913.28 0.0 109302.5752
2927.42 2927.42 0.0 109229.8462
2941.56 2941.56 0.0 109158.3252
2955.71 2955.71 0.0 109087.9351
2969.85 2969.85 0.0 109018.7603
2983.99 2983.99 0.0 108950.7173
2998.13 2998.13 0.0 108883.7910
3012.27 3012.27 0.0 108817.9551
3026.42 3026.42 0.0 108753.1523
3040.56 3040.56 0.0 108689.4434
3054.7 3054.7 0.0 108626.7720
3068.84 3068.84 0.0 108565.0996
3082.99 3082.99 0.0 108504.3794
3097.13 3097.13 0.0 108444.6807
3111.27 3111.27 0.0 108385.9268
3125.41 3125.41 0.0 108328.1113
3139.55 3139.55 0.0 108271.2031
3153.7 3153.7 0.0 108215.1626
3167.84 3167.84 0.0 108160.0327
3181.98 3181.98 0.0 108105.7656
3196.12 3196.12 0.0 108052.3457
3210.26 3210.26 0.0 107999.7554
3224.41 3224.41 0.0 107947.9429
3238.55 3238.55 0.0 107896.9526
3252.69 3252.69 0.0 107846.7441
3266.83 3266.83 0.0 107797.3057
3280.98 3280.98 0.0 107748.5771
3295.12 3295.12 0.0 107700.6196
3309.26 3309.26 0.0 107653.3809
3323.4 3323.4 0.0 107606.8491
3337.54 3337.54 0.0 107561.0073
3351.69 3351.69 0.0 107515.8062
3365.83 3365.83 0.0 107471.3047
3379.97 3379.97 0.0 107427.4531
3394.11 3394.11 0.0 107384.2310
3408.25 3408.25 0.0 107341.6396
3422.4 3422.4 0.0 107299.6304
3436.54 3436.54 0.0 107258.2471
3450.68 3450.68 0.0 107217.4512
3464.82 3464.82 0.0 107177.2310
3478.97 3478.97 0.0 107137.5439
3493.11 3493.11 0.0 107098.4380
3507.25 3507.25 0.0 107059.8730
3521.39 3521.39 0.0 107021.8354
3535.53 3535.53 0.0 106984.3179
3549.68 3549.68 0.0 106947.2773
3563.82 3563.82 0.0 106910.7656
3577.96 3577.96 0.0 106874.7383
3592.1 3592.1 0.0 106839.1885
3606.24 3606.24 0.0 106804.1089
3620.39 3620.39 0.0 106769.4561
3634.53 3634.53 0.0 106735.2817
3648.67 3648.67 0.0 106701.5435
3662.81 3662.81 0.0 106668.2314
3676.96 3676.96 0.0 106635.3218
3691.1 3691.1 0.0 106602.8481
3705.24 3705.24 0.0 106570.7720
3719.38 3719.38 0.0 106539.0938
3733.52 3733.52 0.0 106507.8037
3747.67 3747.67 0.0 106476.8667
3761.81 3761.81 0.0 106446.3242
3775.95 3775.95 0.0 106416.1460
3790.09 3790.09 0.0 106386.3208
3804.23 3804.23 0.0 106356.8472
3818.38 3818.38 0.0 106327.6875
3832.52 3832.52 0.0 106298.8882
3846.66 3846.66 0.0 106270.4116
3860.8 3860.8 0.0 106242.2549
3874.95 3874.95 0.0 106214.3921
3889.09 3889.09 0.0 106186.8535
3903.23 3903.23 0.0 106159.6191
3917.37 3917.37 0.0 106132.6748
3931.51 3931.51 0.0 106106.0210
3945.66 3945.66 0.0 106079.6274
3959.8 3959.8 0.0 106053.5303
3973.94 3973.94 0.0 106027.7056
3988.08 3988.08 0.0 106002.1460
4002.22 4002.22 0.0 105976.8384
4016.37 4016.37 0.0 105951.7729
4030.51 4030.51 0.0 105926.9688
4044.65 4044.65 0.0 105902.4150
4058.79 4058.79 0.0 105878.0942
4072.94 4072.94 0.0 105853.9941
4087.08 4087.08 0.0 105830.1377
4101.22 4101.22 0.0 105806.5093
4115.36 4115.36 0.0 105783.1016
4129.5 4129.5 0.0 105759.9048
4143.65 4143.65 0.0 105736.9077
4157.79 4157.79 0.0 105714.1382
4171.93 4171.93 0.0 105691.5635
4186.07 4186.07 0.0 105669.1973
4200.21 4200.21 0.0 105647.0220
4214.36 4214.36 0.0 105625.0269
4228.5 4228.5 0.0 105603.2344
4242.64 4242.64 0.0 105581.6279
