0.0 0.0 0.0 1144014.4375
14.1421 14.1421 0.0 1186674.7500
28.2843 28.2843 0.0 593438.5625
42.4264 42.4264 0.0 362822.0156
56.5685 56.5685 0.0 259875.6719
70.7107 70.7107 0.0 207010.2578
84.8528 84.8528 0.0 176690.0000
98.9949 98.9949 0.0 157782.3711
113.137 113.137 0.0 145215.8008
127.279 127.279 0.0 136440.6445
141.421 141.421 0.0 130068.5977
155.563 155.563 0.0 125293.2812
169.706 169.706 0.0 121620.4746
183.848 183.848 0.0 118734.4023
197.99 197.99 0.0 116424.6133
212.132 212.132 0.0 114546.9375
226.274 226.274 0.0 112999.7910
240.416 240.416 0.0 111709.8779
254.558 254.558 0.0 110623.1875
268.701 268.701 0.0 109699.1865
282.843 282.843 0.0 108907.1230
296.985 296.985 0.0 108223.0674
311.127 311.127 0.0 107628.3276
325.269 325.269 0.0 107108.0923
339.411 339.411 0.0 106650.4863
353.553 353.553 0.0 106245.9307
367.696 367.696 0.0 105886.5693
381.838 381.838 0.0 105566.0181
395.98 395.98 0.0 105278.9141
410.122 410.122 0.0 105020.8181
424.264 424.264 0.0 104787.9951
438.406 438.406 0.0 104577.2852
452.548 452.548 0.0 104386.0161
466.69 466.69 0.0 104211.9004
480.833 480.833 0.0 104052.9653
494.975 494.975 0.0 103907.5452
509.117 509.117 0.0 103774.1677
523.259 523.259 0.0 103651.5557
537.401 537.401 0.0 103538.6106
551.543 551.543 0.0 103434.3555
565.685 565.685 0.0 103337.9438
579.828 579.828 0.0 103248.6136
593.97 593.97 0.0 103165.7198
608.112 608.112 0.0 103088.6631
622.254 622.254 0.0 103016.9270
636.396 636.396 0.0 102950.0371
650.538 650.538 0.0 102887.5845
664.68 664.68 0.0 102829.1932
678.823 678.823 0.0 102774.5245
692.965 692.965 0.0 102723.2881
707.107 707.107 0.0 102675.2053
721.249 721.249 0.0 102630.0317
735.391 735.391 0.0 102587.5460
749.533 749.533 0.0 102547.5480
763.675 763.675 0.0 102509.8502
777.817 777.817 0.0 102474.2909
791.96 791.96 0.0 102440.7135
806.102 806.102 0.0 102408.9832
820.244 820.244 0.0 102378.9729
834.386 834.386 0.0 102350.5652
848.528 848.528 0.0 102323.6526
862.67 862.67 0.0 102298.1396
876.812 876.812 0.0 102273.9327
890.955 890.955 0.0 102250.9501
905.097 905.097 0.0 102229.1166
919.239 919.239 0.0 102208.3597
933.381 933.381 0.0 102188.6149
947.523 947.523 0.0 102169.8221
961.665 961.665 0.0 102151.9227
975.807 975.807 0.0 102134.8661
989.949 989.949 0.0 102118.6042
1004.09 1004.09 0.0 102103.0914
1018.23 1018.23 0.0 102088.2872
1032.38 1032.38 0.0 102074.1405
1046.52 1046.52 0.0 102060.6345
1060.66 1060.66 0.0 102047.7252
1074.8 1074.8 0.0 102035.3810
1088.94 1088.94 0.0 102023.5721
1103.09 1103.09 0.0 102012.2618
1117.23 1117.23 0.0 102001.4414
1131.37 1131.37 0.0 101991.0770
1145.51 1145.51 0.0 101981.1450
1159.66 1159.66 0.0 101971.6181
1173.8 1173.8 0.0 101962.4888
1187.94 1187.94 0.0 101953.7306
1202.08 1202.08 0.0 101945.3253
1216.22 1216.22 0.0 101937.2570
1230.37 1230.37 0.0 101929.5029
1244.51 1244.51 0.0 101922.0591
1258.65 1258.65 0.0 101914.9053
1272.79 1272.79 0.0 101908.0280
1286.93 1286.93 0.0 101901.4144
1301.08 1301.08 0.0 101895.0486
1315.22 1315.22 0.0 101888.9257
1329.36 1329.36 0.0 101883.0318
1343.5 1343.5 0.0 101877.3564
1357.65 1357.65 0.0 101871.8854
1371.79 1371.79 0.0 101866.6166
1385.93 1385.93 0.0 101861.5376
1400.07 1400.07 0.0 101856.6403
1414.21 1414.21 0.0 101851.9148
1428.36 1428.36 0.0 101847.3525
1442.5 1442.5 0.0 101842.9509
1456.64 1456.64 0.0 101838.7003
1470.78 1470.78 0.0 101834.5932
1484.92 1484.92 0.0 101830.6242
1499.07 1499.07 0.0 101826.7838
1513.21 1513.21 0.0 101823.0727
1527.35 1527.35 0.0 101819.4813
1541.49 1541.49 0.0 101816.0042
1555.63 1555.63 0.0 101812.6371
1569.78 1569.78 0.0 101809.3729
1583.92 1583.92 0.0 101806.2107
1598.06 1598.06 0.0 101803.1447
1612.2 1612.2 0.0 101800.1700
1626.35 1626.35 0.0 101797.2811
1640.49 1640.49 0.0 101794.4778
1654.63 1654.63 0.0 101791.7543
1668.77 1668.77 0.0 101789.1073
1682.91 1682.91 0.0 101786.5333
1697.06 1697.06 0.0 101784.0274
1711.2 1711.2 0.0 101781.5896
1725.34 1725.34 0.0 101779.2158
1739.48 1739.48 0.0 101776.9037
1753.62 1753.62 0.0 101774.6485
1767.77 1767.77 0.0 101772.4486
1781.91 1781.91 0.0 101770.3029
1796.05 1796.05 0.0 101768.2079
1810.19 1810.19 0.0 101766.1622
1824.34 1824.34 0.0 101764.1608
1838.48 1838.48 0.0 101762.2057
1852.62 1852.62 0.0 101760.2932
1866.76 1866.76 0.0 101758.4217
1880.9 1880.9 0.0 101756.5880
1895.05 1895.05 0.0 101754.7913
1909.19 1909.19 0.0 101753.0309
1923.33 1923.33 0.0 101751.3046
1937.47 1937.47 0.0 101749.6108
1951.61 1951.61 0.0 101747.9486
1965.76 1965.76 0.0 101746.3144
1979.9 1979.9 0.0 101744.7101
1994.04 1994.04 0.0 101743.1324
2008.18 2008.18 0.0 101741.5816
2022.33 2022.33 0.0 101740.0548
2036.47 2036.47 0.0 101738.5525
2050.61 2050.61 0.0 101737.0730
2064.75 2064.75 0.0 101735.6153
2078.89 2078.89 0.0 101734.1786
2093.04 2093.04 0.0 101732.7608
2107.18 2107.18 0.0 101731.3632
2121.32 2121.32 0.0 101729.9830
2135.46 2135.46 0.0 101728.6209
2149.6 2149.6 0.0 101727.2750
2163.75 2163.75 0.0 101725.9434
2177.89 2177.89 0.0 101724.6293
2192.03 2192.03 0.0 101723.3287
2206.17 2206.17 0.0 101722.0417
2220.32 2220.32 0.0 101720.7664
2234.46 2234.46 0.0 101719.5047
2248.6 2248.6 0.0 101718.2543
2262.74 2262.74 0.0 101717.0153
2276.88 2276.88 0.0 101715.7863
2291.03 2291.03 0.0 101714.5663
2305.17 2305.17 0.0 101713.3571
2319.31 2319.31 0.0 101712.1553
2333.45 2333.45 0.0 101710.9622
2347.59 2347.59 0.0 101709.7765
2361.74 2361.74 0.0 101708.5973
2375.88 2375.88 0.0 101707.4246
2390.02 2390.02 0.0 101706.2585
2404.16 2404.16 0.0 101705.0981
2418.31 2418.31 0.0 101703.9402
2432.45 2432.45 0.0 101702.7892
2446.59 2446.59 0.0 101701.6415
2460.73 2460.73 0.0 101700.4973
2474.87 2474.87 0.0 101699.3564
2489.02 2489.02 0.0 101698.2171
2503.16 2503.16 0.0 101697.0806
2517.3 2517.3 0.0 101695.9460
2531.44 2531.44 0.0 101694.8127
2545.58 2545.58 0.0 101693.6802
2559.73 2559.73 0.0 101692.5472
2573.87 2573.87 0.0 101691.4156
2588.01 2588.01 0.0 101690.2834
2602.15 2602.15 0.0 101689.1510
2616.3 2616.3 0.0 101688.0163
2630.44 2630.44 0.0 101686.8810
2644.58 2644.58 0.0 101685.7441
2658.72 2658.72 0.0 101684.6055
2672.86 2672.86 0.0 101683.4640
2687.01 2687.01 0.0 101682.3192
2701.15 2701.15 0.0 101681.1725
2715.29 2715.29 0.0 101680.0228
2729.43 2729.43 0.0 101678.8693
2743.57 2743.57 0.0 101677.7122
2757.72 2757.72 0.0 101676.5503
2771.86 2771.86 0.0 101675.3851
2786.0 2786.0 0.0 101674.2154
2800.14 2800.14 0.0 101673.0407
2814.28 2814.28 0.0 101671.8612
2828.43 2828.43 0.0 101670.6764
2842.57 2842.57 0.0 101669.4870
2856.71 2856.71 0.0 101668.2922
2870.85 2870.85 0.0 101667.0923
2885.0 2885.0 0.0 101665.8852
2899.14 2899.14 0.0 101664.6736
2913.28 2913.28 0.0 101663.4560
2927.42 2927.42 0.0 101662.2323
2941.56 2941.56 0.0 101661.0026
2955.71 2955.71 0.0 101659.7657
2969.85 2969.85 0.0 101658.5238
2983.99 2983.99 0.0 101657.2757
2998.13 2998.13 0.0 101656.0206
3012.27 3012.27 0.0 101654.7595
3026.42 3026.42 0.0 101653.4910
3040.56 3040.56 0.0 101652.2168
3054.7 3054.7 0.0 101650.9357
3068.84 3068.84 0.0 101649.6488
3082.99 3082.99 0.0 101648.3537
3097.13 3097.13 0.0 101647.0543
3111.27 3111.27 0.0 101645.7469
3125.41 3125.41 0.0 101644.4339
3139.55 3139.55 0.0 101643.1141
3153.7 3153.7 0.0 101641.7871
3167.84 3167.84 0.0 101640.4545
3181.98 3181.98 0.0 101639.1155
3196.12 3196.12 0.0 101637.7700
3210.26 3210.26 0.0 101636.4180
3224.41 3224.41 0.0 101635.0592
3238.55 3238.55 0.0 101633.6951
3252.69 3252.69 0.0 101632.3250
3266.83 3266.83 0.0 101630.9488
3280.98 3280.98 0.0 101629.5656
3295.12 3295.12 0.0 101628.1774
3309.26 3309.26 0.0 101626.7834
3323.4 3323.4 0.0 101625.3839
3337.54 3337.54 0.0 101623.9785
3351.69 3351.69 0.0 101622.5664
3365.83 3365.83 0.0 101621.1502
3379.97 3379.97 0.0 101619.7285
3394.11 3394.11 0.0 101618.3009
3408.25 3408.25 0.0 101616.8686
3422.4 3422.4 0.0 101615.4300
3436.54 3436.54 0.0 101613.9874
3450.68 3450.68 0.0 101612.5402
3464.82 3464.82 0.0 101611.0875
3478.97 3478.97 0.0 101609.6293
3493.11 3493.11 0.0 101608.1680
3507.25 3507.25 0.0 101606.7013
3521.39 3521.39 0.0 101605.2310
3535.53 3535.53 0.0 101603.7556
3549.68 3549.68 0.0 101602.2753
3563.82 3563.82 0.0 101600.7921
3577.96 3577.96 0.0 101599.3047
3592.1 3592.1 0.0 101597.8134
3606.24 3606.24 0.0 101596.3184
3620.39 3620.39 0.0 101594.8184
3634.53 3634.53 0.0 101593.3164
3648.67 3648.67 0.0 101591.8101
3662.81 3662.81 0.0 101590.3014
3676.96 3676.96 0.0 101588.7876
3691.1 3691.1 0.0 101587.2722
3705.24 3705.24 0.0 101585.7536
3719.38 3719.38 0.0 101584.2324
3733.52 3733.52 0.0 101582.7080
3747.67 3747.67 0.0 101581.1804
3761.81 3761.81 0.0 101579.6509
3775.95 3775.95 0.0 101578.1191
3790.09 3790.09 0.0 101576.5847
3804.23 3804.23 0.0 101575.0482
3818.38 3818.38 0.0 101573.5087
3832.52 3832.52 0.0 101571.9679
3846.66 3846.66 0.0 101570.4258
3860.8 3860.8 0.0 101568.8819
3874.95 3874.95 0.0 101567.3350
3889.09 3889.09 0.0 101565.7878
3903.23 3903.23 0.0 101564.2392
3917.37 3917.37 0.0 101562.6894
3931.51 3931.51 0.0 101561.1385
3945.66 3945.66 0.0 101559.5856
3959.8 3959.8 0.0 101558.0326
3973.94 3973.94 0.0 101556.4796
3988.08 3988.08 0.0 101554.9252
4002.22 4002.22 0.0 101553.3703
4016.37 4016.37 0.0 101551.8142
4030.51 4030.51 0.0 101550.2591
4044.65 4044.65 0.0 101548.7035
4058.79 4058.79 0.0 101547.1483
4072.94 4072.94 0.0 101545.5920
4087.08 4087.08 0.0 101544.0369
4101.22 4101.22 0.0 101542.4824
4115.36 4115.36 0.0 101540.9281
4129.5 4129.5 0.0 101539.3748
4143.65 4143.65 0.0 101537.8211
4157.79 4157.79 0.0 101536.2692
4171.93 4171.93 0.0 101534.7184
4186.07 4186.07 0.0 101533.1689
4200.21 4200.21 0.0 101531.6208
4214.36 4214.36 0.0 101530.0729
4228.5 4228.5 0.0 101528.5276
4242.64 4242.64 0.0 101526.9842
