0.0 0.0 0.0 716826.3750
14.1421 14.1421 0.0 1132532.9375
28.2843 28.2843 0.0 1175822.5000
42.4264 42.4264 0.0 1174074.3750
56.5685 56.5685 0.0 1153149.6250
70.7107 70.7107 0.0 1122212.5000
84.8528 84.8528 0.0 1085727.8125
98.9949 98.9949 0.0 1046236.3125
113.137 113.137 0.0 1005323.8125
127.279 127.279 0.0 964031.3750
141.421 141.421 0.0 923065.1875
155.563 155.563 0.0 882910.1875
169.706 169.706 0.0 843895.6875
183.848 183.848 0.0 806251.3125
197.99 197.99 0.0 770118.6875
212.132 212.132 0.0 735583.4375
226.274 226.274 0.0 702687.6875
240.416 240.416 0.0 671440.8750
254.558 254.558 0.0 641827.3750
268.701 268.701 0.0 613812.7188
282.843 282.843 0.0 587354.0000
296.985 296.985 0.0 562393.9062
311.127 311.127 0.0 538870.3750
325.269 325.269 0.0 516718.0000
339.411 339.411 0.0 495868.5938
353.553 353.553 0.0 476254.3438
367.696 367.696 0.0 457805.8750
381.838 381.838 0.0 440459.0938
395.98 395.98 0.0 424147.9688
410.122 410.122 0.0 408810.3750
424.264 424.264 0.0 394386.0625
438.406 438.406 0.0 380818.3438
452.548 452.548 0.0 368052.9375
466.69 466.69 0.0 356038.7812
480.833 480.833 0.0 344726.6875
494.975 494.975 0.0 334073.0781
509.117 509.117 0.0 324034.3906
523.259 523.259 0.0 314570.7344
537.401 537.401 0.0 305644.7969
551.543 551.543 0.0 297221.6406
565.685 565.685 0.0 289268.7031
579.828 579.828 0.0 281755.1719
593.97 593.97 0.0 274653.6875
608.112 608.112 0.0 267937.3438
622.254 622.254 0.0 261581.5312
636.396 636.396 0.0 255563.5000
650.538 650.538 0.0 249861.7969
664.68 664.68 0.0 244456.6719
678.823 678.823 0.0 239329.2344
692.965 692.965 0.0 234463.1562
707.107 707.107 0.0 229841.8984
721.249 721.249 0.0 225450.7031
735.391 735.391 0.0 221275.5156
749.533 749.533 0.0 217303.5234
763.675 763.675 0.0 213522.6328
777.817 777.817 0.0 209921.5156
791.96 791.96 0.0 206489.5625
806.102 806.102 0.0 203217.3359
820.244 820.244 0.0 200095.5625
834.386 834.386 0.0 197115.6328
848.528 848.528 0.0 194269.6250
862.67 862.67 0.0 191550.0000
876.812 876.812 0.0 188949.7969
890.955 890.955 0.0 186462.2891
905.097 905.097 0.0 184081.8281
919.239 919.239 0.0 181802.3828
933.381 933.381 0.0 179618.6328
947.523 947.523 0.0 177525.5547
961.665 961.665 0.0 175518.3672
975.807 975.807 0.0 173592.6719
989.949 989.949 0.0 171744.3047
1004.09 1004.09 0.0 169969.4453
1018.23 1018.23 0.0 168264.4609
1032.38 1032.38 0.0 166624.5547
1046.52 1046.52 0.0 165048.8164
1060.66 1060.66 0.0 163532.9805
1074.8 1074.8 0.0 162074.1875
1088.94 1088.94 0.0 160669.6484
1103.09 1103.09 0.0 159315.8828
1117.23 1117.23 0.0 158012.4062
1131.37 1131.37 0.0 156755.9219
1145.51 1145.51 0.0 155544.2734
1159.66 1159.66 0.0 154374.5898
1173.8 1173.8 0.0 153246.6133
1187.94 1187.94 0.0 152157.6641
1202.08 1202.08 0.0 151105.9727
1216.22 1216.22 0.0 150089.9609
1230.37 1230.37 0.0 149107.3594
1244.51 1244.51 0.0 148158.0391
1258.65 1258.65 0.0 147239.9883
1272.79 1272.79 0.0 146351.8164
1286.93 1286.93 0.0 145492.2656
1301.08 1301.08 0.0 144659.5820
1315.22 1315.22 0.0 143853.8203
1329.36 1329.36 0.0 143073.2539
1343.5 1343.5 0.0 142316.9141
1357.65 1357.65 0.0 141583.2617
1371.79 1371.79 0.0 140872.4375
1385.93 1385.93 0.0 140183.0352
1400.07 1400.07 0.0 139514.1758
1414.21 1414.21 0.0 138865.0859
1428.36 1428.36 0.0 138234.5703
1442.5 1442.5 0.0 137622.7422
1456.64 1456.64 0.0 137028.5039
1470.78 1470.78 0.0 136451.1602
1484.92 1484.92 0.0 135890.0859
1499.07 1499.07 0.0 135344.3047
1513.21 1513.21 0.0 134813.9805
1527.35 1527.35 0.0 134298.1875
1541.49 1541.49 0.0 133796.3965
1555.63 1555.63 0.0 133308.1191
1569.78 1569.78 0.0 132832.5039
1583.92 1583.92 0.0 132369.7734
1598.06 1598.06 0.0 131919.1387
1612.2 1612.2 0.0 131480.1719
1626.35 1626.35 0.0 131052.1914
1640.49 1640.49 0.0 130635.3848
1654.63 1654.63 0.0 130229.0801
1668.77 1668.77 0.0 129832.9160
1682.91 1682.91 0.0 129446.5566
1697.06 1697.06 0.0 129069.3984
1711.2 1711.2 0.0 128701.6602
1725.34 1725.34 0.0 128342.7656
1739.48 1739.48 0.0 127992.4219
1753.62 1753.62 0.0 127650.3398
1767.77 1767.77 0.0 127316.0371
1781.91 1781.91 0.0 126989.7070
1796.05 1796.05 0.0 126670.8613
1810.19 1810.19 0.0 126359.2773
1824.34 1824.34 0.0 126054.4883
1838.48 1838.48 0.0 125756.7246
1852.62 1852.62 0.0 125465.5234
1866.76 1866.76 0.0 125180.7031
1880.9 1880.9 0.0 124902.0605
1895.05 1895.05 0.0 124629.2090
1909.19 1909.19 0.0 124362.3594
1923.33 1923.33 0.0 124101.1367
1937.47 1937.47 0.0 123845.3535
1951.61 1951.61 0.0 123594.8555
1965.76 1965.76 0.0 123349.3242
1979.9 1979.9 0.0 123108.9473
1994.04 1994.04 0.0 122873.3848
2008.18 2008.18 0.0 122642.5059
2022.33 2022.33 0.0 122416.0273
2036.47 2036.47 0.0 122194.1016
2050.61 2050.61 0.0 121976.4805
2064.75 2064.75 0.0 121763.0215
2078.89 2078.89 0.0 121553.5938
2093.04 2093.04 0.0 121347.9453
2107.18 2107.18 0.0 121146.2676
2121.32 2121.32 0.0 120948.2930
2135.46 2135.46 0.0 120753.9180
2149.6 2149.6 0.0 120563.0488
2163.75 2163.75 0.0 120375.4551
2177.89 2177.89 0.0 120191.3027
2192.03 2192.03 0.0 120010.3770
2206.17 2206.17 0.0 119832.5840
2220.32 2220.32 0.0 119657.7109
2234.46 2234.46 0.0 119485.9395
2248.6 2248.6 0.0 119317.0430
2262.74 2262.74 0.0 119150.9766
2276.88 2276.88 0.0 118987.6426
2291.03 2291.03 0.0 118826.8496
2305.17 2305.17 0.0 118668.7793
2319.31 2319.31 0.0 118513.2383
2333.45 2333.45 0.0 118360.1582
2347.59 2347.59 0.0 118209.4824
2361.74 2361.74 0.0 118061.0586
2375.88 2375.88 0.0 117915.0078
2390.02 2390.02 0.0 117771.1953
2404.16 2404.16 0.0 117629.5508
2418.31 2418.31 0.0 117489.9287
2432.45 2432.45 0.0 117352.4766
2446.59 2446.59 0.0 117217.0420
2460.73 2460.73 0.0 117083.5850
2474.87 2474.87 0.0 116952.0527
2489.02 2489.02 0.0 116822.2988
2503.16 2503.16 0.0 116694.4883
2517.3 2517.3 0.0 116568.4736
2531.44 2531.44 0.0 116444.2139
2545.58 2545.58 0.0 116321.6533
2559.73 2559.73 0.0 116200.7002
2573.87 2573.87 0.0 116081.4844
2588.01 2588.01 0.0 115963.8535
2602.15 2602.15 0.0 115847.8135
2616.3 2616.3 0.0 115733.2188
2630.44 2630.44 0.0 115620.2188
2644.58 2644.58 0.0 115508.6836
2658.72 2658.72 0.0 115398.6045
2672.86 2672.86 0.0 115289.9375
2687.01 2687.01 0.0 115182.5869
2701.15 2701.15 0.0 115076.6641
2715.29 2715.29 0.0 114972.0869
2729.43 2729.43 0.0 114868.8066
2743.57 2743.57 0.0 114766.8135
2757.72 2757.72 0.0 114666.0234
2771.86 2771.86 0.0 114566.5303
2786.0 2786.0 0.0 114468.2490
2800.14 2800.14 0.0 114371.1670
2814.28 2814.28 0.0 114275.2637
2828.43 2828.43 0.0 114180.4258
2842.57 2842.57 0.0 114086.7988
2856.71 2856.71 0.0 113994.2812
2870.85 2870.85 0.0 113902.8652
2885.0 2885.0 0.0 113812.4609
2899.14 2899.14 0.0 113723.1709
2913.28 2913.28 0.0 113634.9248
2927.42 2927.42 0.0 113547.7080
2941.56 2941.56 0.0 113461.5029
2955.71 2955.71 0.0 113376.2275
2969.85 2969.85 0.0 113291.9961
2983.99 2983.99 0.0 113208.7197
2998.13 2998.13 0.0 113126.4072
3012.27 3012.27 0.0 113045.0166
3026.42 3026.42 0.0 112964.5049
3040.56 3040.56 0.0 112884.9590
3054.7 3054.7 0.0 112806.3135
3068.84 3068.84 0.0 112728.5508
3082.99 3082.99 0.0 112651.6064
3097.13 3097.13 0.0 112575.5791
3111.27 3111.27 0.0 112500.3975
3125.41 3125.41 0.0 112426.0586
3139.55 3139.55 0.0 112352.5459
3153.7 3153.7 0.0 112279.8027
3167.84 3167.84 0.0 112207.9209
3181.98 3181.98 0.0 112136.8379
3196.12 3196.12 0.0 112066.5352
3210.26 3210.26 0.0 111997.0215
3224.41 3224.41 0.0 111928.2158
3238.55 3238.55 0.0 111860.2256
3252.69 3252.69 0.0 111792.9824
3266.83 3266.83 0.0 111726.4922
3280.98 3280.98 0.0 111660.6611
3295.12 3295.12 0.0 111595.6260
3309.26 3309.26 0.0 111531.2988
3323.4 3323.4 0.0 111467.6797
3337.54 3337.54 0.0 111404.7598
3351.69 3351.69 0.0 111342.4824
3365.83 3365.83 0.0 111280.9365
3379.97 3379.97 0.0 111220.0713
3394.11 3394.11 0.0 111159.8662
3408.25 3408.25 0.0 111100.3232
3422.4 3422.4 0.0 111041.3955
3436.54 3436.54 0.0 110983.1523
3450.68 3450.68 0.0 110925.5400
3464.82 3464.82 0.0 110868.5674
3478.97 3478.97 0.0 110812.1699
3493.11 3493.11 0.0 110756.4355
3507.25 3507.25 0.0 110701.3125
3521.39 3521.39 0.0 110646.8018
3535.53 3535.53 0.0 110592.8701
3549.68 3549.68 0.0 110539.5029
3563.82 3563.82 0.0 110486.7402
3577.96 3577.96 0.0 110434.5703
3592.1 3592.1 0.0 110382.9609
3606.24 3606.24 0.0 110331.9180
3620.39 3620.39 0.0 110281.3984
3634.53 3634.53 0.0 110231.4609
3648.67 3648.67 0.0 110182.0625
3662.81 3662.81 0.0 110133.2148
3676.96 3676.96 0.0 110084.8623
3691.1 3691.1 0.0 110037.0586
3705.24 3705.24 0.0 109989.7773
3719.38 3719.38 0.0 109943.0146
3733.52 3733.52 0.0 109896.7578
3747.67 3747.67 0.0 109850.9688
3761.81 3761.81 0.0 109805.6963
3775.95 3775.95 0.0 109760.9277
3790.09 3790.09 0.0 109716.6289
3804.23 3804.23 0.0 109672.8154
3818.38 3818.38 0.0 109629.4443
3832.52 3832.52 0.0 109586.5635
3846.66 3846.66 0.0 109544.1367
3860.8 3860.8 0.0 109502.1753
3874.95 3874.95 0.0 109460.6250
3889.09 3889.09 0.0 109419.5493
3903.23 3903.23 0.0 109378.9072
3917.37 3917.37 0.0 109338.6953
3931.51 3931.51 0.0 109298.9160
3945.66 3945.66 0.0 109259.5249
3959.8 3959.8 0.0 109220.5737
3973.94 3973.94 0.0 109182.0352
3988.08 3988.08 0.0 109143.8955
4002.22 4002.22 0.0 109106.1572
4016.37 4016.37 0.0 109068.7773
4030.51 4030.51 0.0 109031.8145
4044.65 4044.65 0.0 108995.2388
4058.79 4058.79 0.0 108959.0386
4072.94 4072.94 0.0 108923.1860
4087.08 4087.08 0.0 108887.7202
4101.22 4101.22 0.0 108852.6118
4115.36 4115.36 0.0 108817.8691
4129.5 4129.5 0.0 108783.4668
4143.65 4143.65 0.0 108749.3950
4157.79 4157.79 0.0 108715.6821
4171.93 4171.93 0.0 108682.3135
4186.07 4186.07 0.0 108649.2651
4200.21 4200.21 0.0 108616.5488
4214.36 4214.36 0.0 108584.1265
4228.5 4228.5 0.0 108552.0537
4242.64 4242.64 0.0 108520.2793
