0.0000 0.0000 0.0000 1210050.0000
14.1421 14.1421 0.0000 946411.0000
28.2843 28.2843 0.0000 517503.0000
42.4264 42.4264 0.0000 321805.0000
56.5685 56.5685 0.0000 222070.0000
70.7107 70.7107 0.0000 187530.0000
84.8528 84.8528 0.0000 161022.0000
98.9949 98.9949 0.0000 148803.0000
113.1370 113.1370 0.0000 137895.0000
127.2790 127.2790 0.0000 132174.0000
141.4210 141.4210 0.0000 126570.0000
155.5630 155.5630 0.0000 123404.0000
169.7060 169.7060 0.0000 120015.0000
183.8480 183.8480 0.0000 117794.0000
197.9900 197.9900 0.0000 115233.0000
212.1320 212.1320 0.0000 113116.0000
226.2740 226.2740 0.0000 111966.0000
240.4160 240.4160 0.0000 109993.0000
254.5580 254.5580 0.0000 109427.0000
268.7010 268.7010 0.0000 108503.0000
282.8430 282.8430 0.0000 107758.0000
296.9850 296.9850 0.0000 107154.0000
311.1270 311.1270 0.0000 106894.0000
325.2690 325.2690 0.0000 106435.0000
339.4110 339.4110 0.0000 106036.0000
353.5530 353.5530 0.0000 105689.0000
367.6960 367.6960 0.0000 105531.0000
381.8380 381.8380 0.0000 105244.0000
395.9800 395.9800 0.0000 104988.0000
410.1220 410.1220 0.0000 104760.0000
424.2640 424.2640 0.0000 104555.0000
438.4060 438.4060 0.0000 104460.0000
452.5480 452.5480 0.0000 104284.0000
466.6900 466.6900 0.0000 104124.0000
480.8330 480.8330 0.0000 103978.0000
494.9750 494.9750 0.0000 103910.0000
509.1170 509.1170 0.0000 103781.0000
523.2590 523.2590 0.0000 103663.0000
537.4010 537.4010 0.0000 103553.0000
551.5430 551.5430 0.0000 103500.0000
565.6850 565.6850 0.0000 103401.0000
579.8280 579.8280 0.0000 103309.0000
593.9700 593.9700 0.0000 103205.4870
608.1120 608.1120 0.0000 103116.9258
622.2540 622.2540 0.0000 103036.4157
636.3960 636.3960 0.0000 102897.2481
650.5380 650.5380 0.0000 102838.5907
664.6800 664.6800 0.0000 102786.8342
678.8230 678.8230 0.0000 102700.5733
692.9650 692.9650 0.0000 102664.9188
707.1070 707.1070 0.0000 102632.7148
721.2490 721.2490 0.0000 102574.0574
735.3910 735.3910 0.0000 102546.4539
749.5330 749.5330 0.0000 102520.0006
763.6750 763.6750 0.0000 102469.3942
777.8170 777.8170 0.0000 102445.2412
791.9600 791.9600 0.0000 102399.2354
806.1020 806.1020 0.0000 102377.3826
820.2440 820.2440 0.0000 102356.6800
834.3860 834.3860 0.0000 102317.5751
848.5280 848.5280 0.0000 102300.3229
862.6700 862.6700 0.0000 102283.0707
876.8120 876.8120 0.0000 102252.0168
890.9550 890.9550 0.0000 102237.0649
905.0970 905.0970 0.0000 102223.2632
919.2390 919.2390 0.0000 102197.9600
933.3810 933.3810 0.0000 102186.4586
947.5230 947.5230 0.0000 102176.1072
961.6650 961.6650 0.0000 102164.6058
975.8070 975.8070 0.0000 102145.0533
989.9490 989.9490 0.0000 102134.7020
1004.0900 1004.0900 0.0000 102126.6510
1018.2300 1018.2300 0.0000 102108.2487
1032.3800 1032.3800 0.0000 102100.1977
1046.5200 1046.5200 0.0000 102092.1467
1060.6600 1060.6600 0.0000 102077.1948
1074.8000 1074.8000 0.0000 102070.2939
1088.9400 1088.9400 0.0000 102063.3930
1103.0900 1103.0900 0.0000 102048.4412
1117.2300 1117.2300 0.0000 102042.6904
1131.3700 1131.3700 0.0000 102028.8887
1145.5100 1145.5100 0.0000 102023.1380
1159.6600 1159.6600 0.0000 102013.9368
1173.8000 1173.8000 0.0000 102000.1351
1187.9400 1187.9400 0.0000 102000.1351
1202.0800 1202.0800 0.0000 101994.3843
1216.2200 1216.2200 0.0000 101986.3333
1230.3700 1230.3700 0.0000 101986.3333
1244.5100 1244.5100 0.0000 101979.4325
1258.6500 1258.6500 0.0000 101972.5316
1272.7900 1272.7900 0.0000 101972.5316
1286.9300 1286.9300 0.0000 101965.6307
1301.0800 1301.0800 0.0000 101958.7299
1315.2200 1315.2200 0.0000 101958.7299
1329.3600 1329.3600 0.0000 101951.8290
1343.5000 1343.5000 0.0000 101944.9281
1357.6500 1357.6500 0.0000 101944.9281
1371.7900 1371.7900 0.0000 101939.1774
1385.9300 1385.9300 0.0000 101932.2765
1400.0700 1400.0700 0.0000 101932.2765
1414.2100 1414.2100 0.0000 101926.5258
1428.3600 1428.3600 0.0000 101920.7751
1442.5000 1442.5000 0.0000 101920.7751
1456.6400 1456.6400 0.0000 101915.0243
1470.7800 1470.7800 0.0000 101909.2736
1484.9200 1484.9200 0.0000 101909.2736
1499.0700 1499.0700 0.0000 101904.6730
1513.2100 1513.2100 0.0000 101898.9223
1527.3500 1527.3500 0.0000 101898.9223
1541.4900 1541.4900 0.0000 101894.3217
1555.6300 1555.6300 0.0000 101889.7212
1569.7800 1569.7800 0.0000 101889.7212
1583.9200 1583.9200 0.0000 101883.9704
1598.0600 1598.0600 0.0000 101879.3699
1612.2000 1612.2000 0.0000 101879.3699
1626.3500 1626.3500 0.0000 101874.7693
1640.4900 1640.4900 0.0000 101871.3188
1654.6300 1654.6300 0.0000 101871.3188
1668.7700 1668.7700 0.0000 101866.7183
1682.9100 1682.9100 0.0000 101862.1177
1697.0600 1697.0600 0.0000 101862.1177
1711.2000 1711.2000 0.0000 101858.6672
1725.3400 1725.3400 0.0000 101854.0667
1739.4800 1739.4800 0.0000 101854.0667
1753.6200 1753.6200 0.0000 101850.6162
1767.7700 1767.7700 0.0000 101846.0157
1781.9100 1781.9100 0.0000 101846.0157
1796.0500 1796.0500 0.0000 101842.5652
1810.1900 1810.1900 0.0000 101839.1148
1824.3400 1824.3400 0.0000 101839.1148
1838.4800 1838.4800 0.0000 101834.5142
1852.6200 1852.6200 0.0000 101831.0638
1866.7600 1866.7600 0.0000 101831.0638
1880.9000 1880.9000 0.0000 101827.6133
1895.0500 1895.0500 0.0000 101824.1629
1909.1900 1909.1900 0.0000 101824.1629
1923.3300 1923.3300 0.0000 101820.7125
1937.4700 1937.4700 0.0000 101817.2620
1951.6100 1951.6100 0.0000 101817.2620
1965.7600 1965.7600 0.0000 101814.9617
1979.9000 1979.9000 0.0000 101811.5113
1994.0400 1994.0400 0.0000 101811.5113
2008.1800 2008.1800 0.0000 101808.0609
2022.3300 2022.3300 0.0000 101804.6104
2036.4700 2036.4700 0.0000 101804.6104
2050.6100 2050.6100 0.0000 101802.3101
2064.7500 2064.7500 0.0000 101798.8597
2078.8900 2078.8900 0.0000 101798.8597
2093.0400 2093.0400 0.0000 101795.4093
2107.1800 2107.1800 0.0000 101793.1090
2121.3200 2121.3200 0.0000 101789.6586
2135.4600 2135.4600 0.0000 101789.6586
2149.6000 2149.6000 0.0000 101787.3583
2163.7500 2163.7500 0.0000 101785.0580
2177.8900 2177.8900 0.0000 101785.0580
2192.0300 2192.0300 0.0000 101781.6075
2206.1700 2206.1700 0.0000 101779.3072
2220.3200 2220.3200 0.0000 101779.3072
2234.4600 2234.4600 0.0000 101777.0070
2248.6000 2248.6000 0.0000 101773.5565
2262.7400 2262.7400 0.0000 101773.5565
2276.8800 2276.8800 0.0000 101771.2562
2291.0300 2291.0300 0.0000 101768.9559
2305.1700 2305.1700 0.0000 101768.9559
2319.3100 2319.3100 0.0000 101766.6557
2333.4500 2333.4500 0.0000 101764.3554
2347.5900 2347.5900 0.0000 101764.3554
2361.7400 2361.7400 0.0000 101760.9049
2375.8800 2375.8800 0.0000 101758.6046
2390.0200 2390.0200 0.0000 101758.6046
2404.1600 2404.1600 0.0000 101756.3043
2418.3100 2418.3100 0.0000 101754.0041
2432.4500 2432.4500 0.0000 101754.0041
2446.5900 2446.5900 0.0000 101751.7038
2460.7300 2460.7300 0.0000 101749.4035
2474.8700 2474.8700 0.0000 101749.4035
2489.0200 2489.0200 0.0000 101748.2533
2503.1600 2503.1600 0.0000 101745.9530
2517.3000 2517.3000 0.0000 101745.9530
2531.4400 2531.4400 0.0000 101743.6528
2545.5800 2545.5800 0.0000 101741.3525
2559.7300 2559.7300 0.0000 101741.3525
2573.8700 2573.8700 0.0000 101739.0522
2588.0100 2588.0100 0.0000 101736.7519
2602.1500 2602.1500 0.0000 101736.7519
2616.3000 2616.3000 0.0000 101734.4516
2630.4400 2630.4400 0.0000 101733.3014
2644.5800 2644.5800 0.0000 101733.3014
2658.7200 2658.7200 0.0000 101731.0012
2672.8600 2672.8600 0.0000 101728.7009
2687.0100 2687.0100 0.0000 101728.7009
2701.1500 2701.1500 0.0000 101727.5507
2715.2900 2715.2900 0.0000 101725.2504
2729.4300 2729.4300 0.0000 101725.2504
2743.5700 2743.5700 0.0000 101722.9501
2757.7200 2757.7200 0.0000 101721.8000
2771.8600 2771.8600 0.0000 101721.8000
2786.0000 2786.0000 0.0000 101719.4997
2800.1400 2800.1400 0.0000 101718.3496
2814.2800 2814.2800 0.0000 101718.3496
2828.4300 2828.4300 0.0000 101716.0493
2842.5700 2842.5700 0.0000 101713.7490
2856.7100 2856.7100 0.0000 101713.7490
2870.8500 2870.8500 0.0000 101712.5988
2885.0000 2885.0000 0.0000 101710.2986
2899.1400 2899.1400 0.0000 101710.2986
2913.2800 2913.2800 0.0000 101709.1484
2927.4200 2927.4200 0.0000 101706.8481
2941.5600 2941.5600 0.0000 101706.8481
2955.7100 2955.7100 0.0000 101705.6980
2969.8500 2969.8500 0.0000 101703.3977
2983.9900 2983.9900 0.0000 101703.3977
2998.1300 2998.1300 0.0000 101702.2475
3012.2700 3012.2700 0.0000 101699.9472
3026.4200 3026.4200 0.0000 101699.9472
3040.5600 3040.5600 0.0000 101696.4968
3054.7000 3054.7000 0.0000 101694.1965
3068.8400 3068.8400 0.0000 101694.1965
3082.9900 3082.9900 0.0000 101690.7461
3097.1300 3097.1300 0.0000 101686.1455
3111.2700 3111.2700 0.0000 101686.1455
