0.0000 0.0000 0.0000 305675.0000
14.1421 14.1421 0.0000 305081.0000
28.2843 28.2843 0.0000 304727.0000
42.4264 42.4264 0.0000 301008.0000
56.5685 56.5685 0.0000 298380.0000
70.7107 70.7107 0.0000 292050.0000
84.8528 84.8528 0.0000 288091.0000
98.9949 98.9949 0.0000 283861.0000
113.1370 113.1370 0.0000 275338.0000
127.2790 127.2790 0.0000 271043.0000
141.4210 141.4210 0.0000 261955.0000
155.5630 155.5630 0.0000 257194.0000
169.7060 169.7060 0.0000 252531.0000
183.8480 183.8480 0.0000 243630.0000
197.9900 197.9900 0.0000 239496.0000
212.1320 212.1320 0.0000 231660.0000
226.2740 226.2740 0.0000 227831.0000
240.4160 240.4160 0.0000 220329.0000
254.5580 254.5580 0.0000 216709.0000
268.7010 268.7010 0.0000 213202.0000
282.8430 282.8430 0.0000 206602.0000
296.9850 296.9850 0.0000 203519.0000
311.1270 311.1270 0.0000 197765.0000
325.2690 325.2690 0.0000 195074.0000
339.4110 339.4110 0.0000 192472.0000
353.5530 353.5530 0.0000 187504.0000
367.6960 367.6960 0.0000 185145.0000
381.8380 381.8380 0.0000 180601.0000
395.9800 395.9800 0.0000 178436.0000
410.1220 410.1220 0.0000 174406.0000
424.2640 424.2640 0.0000 172505.0000
438.4060 438.4060 0.0000 170668.0000
452.5480 452.5480 0.0000 167122.0000
466.6900 466.6900 0.0000 165418.0000
480.8330 480.8330 0.0000 162199.0000
494.9750 494.9750 0.0000 160685.0000
509.1170 509.1170 0.0000 159222.0000
523.2590 523.2590 0.0000 156435.0000
537.4010 537.4010 0.0000 155118.0000
551.5430 551.5430 0.0000 152652.0000
565.6850 565.6850 0.0000 151483.0000
579.8280 579.8280 0.0000 150353.0000
593.9700 593.9700 0.0000 148191.0000
608.1120 608.1120 0.0000 147154.0000
622.2540 622.2540 0.0000 145162.0000
636.3960 636.3960 0.0000 144204.0000
650.5380 650.5380 0.0000 142350.0000
664.6800 664.6800 0.0000 141457.0000
678.8230 678.8230 0.0000 140591.0000
692.9650 692.9650 0.0000 138916.0000
707.1070 707.1070 0.0000 138101.0000
721.2490 721.2490 0.0000 136538.0000
735.3910 735.3910 0.0000 135775.0000
749.5330 749.5330 0.0000 134954.0000
763.6750 763.6750 0.0000 133355.0000
777.8170 777.8170 0.0000 132532.0000
791.9600 791.9600 0.0000 130948.0000
806.1020 806.1020 0.0000 130192.0000
820.2440 820.2440 0.0000 128921.0000
834.3860 834.3860 0.0000 128390.0000
848.5280 848.5280 0.0000 127912.0000
862.6700 862.6700 0.0000 127023.0000
876.8120 876.8120 0.0000 126593.0000
890.9550 890.9550 0.0000 125765.0000
905.0970 905.0970 0.0000 125387.0000
919.2390 919.2390 0.0000 124979.0000
933.3810 933.3810 0.0000 124225.0000
947.5230 947.5230 0.0000 123895.0000
961.6650 961.6650 0.0000 123207.0000
975.8070 975.8070 0.0000 122847.0000
989.9490 989.9490 0.0000 122565.0000
1004.0900 1004.0900 0.0000 121974.0000
1018.2300 1018.2300 0.0000 121647.0000
1032.3800 1032.3800 0.0000 121108.0000
1046.5200 1046.5200 0.0000 120888.0000
1060.6600 1060.6600 0.0000 120412.0000
1074.8000 1074.8000 0.0000 120148.0000
1088.9400 1088.9400 0.0000 119937.0000
1103.0900 1103.0900 0.0000 119452.0000
1117.2300 1117.2300 0.0000 119180.0000
1131.3700 1131.3700 0.0000 118708.0000
1145.5100 1145.5100 0.0000 118028.4327
1159.6600 1159.6600 0.0000 117462.1265
1173.8000 1173.8000 0.0000 116855.2958
1187.9400 1187.9400 0.0000 116588.2487
1202.0800 1202.0800 0.0000 116404.3291
1216.2200 1216.2200 0.0000 115900.3686
1230.3700 1230.3700 0.0000 115611.5005
1244.5100 1244.5100 0.0000 115398.4863
1258.6500 1258.6500 0.0000 114944.4023
1272.7900 1272.7900 0.0000 114723.0753
1286.9300 1286.9300 0.0000 114542.2730
1301.0800 1301.0800 0.0000 114163.0038
1315.2200 1315.2200 0.0000 113960.3805
1329.3600 1329.3600 0.0000 113799.3209
1343.5000 1343.5000 0.0000 113473.0455
1357.6500 1357.6500 0.0000 113298.4777
1371.7900 1371.7900 0.0000 113134.3009
1385.9300 1385.9300 0.0000 112743.6016
1400.0700 1400.0700 0.0000 112510.8446
1414.2100 1414.2100 0.0000 112351.8633
1428.3600 1428.3600 0.0000 111796.9872
1442.5000 1442.5000 0.0000 111644.2404
1456.6400 1456.6400 0.0000 111355.3723
1470.7800 1470.7800 0.0000 111089.3643
1484.9200 1484.9200 0.0000 110930.3830
1499.0700 1499.0700 0.0000 110659.1795
1513.2100 1513.2100 0.0000 110396.2888
1527.3500 1527.3500 0.0000 110396.2888
1541.4900 1541.4900 0.0000 110168.7272
1555.6300 1555.6300 0.0000 109948.4394
1569.7800 1569.7800 0.0000 109948.4394
1583.9200 1583.9200 0.0000 109761.4025
1598.0600 1598.0600 0.0000 109606.5775
1612.2000 1612.2000 0.0000 109606.5775
1626.3500 1626.3500 0.0000 109463.1826
1640.4900 1640.4900 0.0000 109323.9440
1654.6300 1654.6300 0.0000 109323.9440
1668.7700 1668.7700 0.0000 109188.8618
1682.9100 1682.9100 0.0000 109058.9751
1697.0600 1697.0600 0.0000 109058.9751
1711.2000 1711.2000 0.0000 108935.3229
1725.3400 1725.3400 0.0000 108816.8662
1739.4800 1739.4800 0.0000 108816.8662
1753.6200 1753.6200 0.0000 108702.5659
1767.7700 1767.7700 0.0000 108594.5001
1781.9100 1781.9100 0.0000 108594.5001
1796.0500 1796.0500 0.0000 108490.5908
1810.1900 1810.1900 0.0000 108390.8378
1824.3400 1824.3400 0.0000 108390.8378
1838.4800 1838.4800 0.0000 108295.2411
1852.6200 1852.6200 0.0000 108203.8009
1866.7600 1866.7600 0.0000 108203.8009
1880.9000 1880.9000 0.0000 108115.4779
1895.0500 1895.0500 0.0000 108030.2722
1909.1900 1909.1900 0.0000 108030.2722
1923.3300 1923.3300 0.0000 107947.1447
1937.4700 1937.4700 0.0000 107867.1345
1951.6100 1951.6100 0.0000 107867.1345
1965.7600 1965.7600 0.0000 107789.2025
1979.9000 1979.9000 0.0000 107713.3486
1994.0400 1994.0400 0.0000 107713.3486
2008.1800 2008.1800 0.0000 107639.5730
2022.3300 2022.3300 0.0000 107566.8364
2036.4700 2036.4700 0.0000 107496.1780
2050.6100 2050.6100 0.0000 107496.1780
2064.7500 2064.7500 0.0000 107427.5978
2078.8900 2078.8900 0.0000 107360.0567
2093.0400 2093.0400 0.0000 107360.0567
2107.1800 2107.1800 0.0000 107293.5547
2121.3200 2121.3200 0.0000 107229.1309
2135.4600 2135.4600 0.0000 107229.1309
2149.6000 2149.6000 0.0000 107164.7071
2163.7500 2163.7500 0.0000 107102.3615
2177.8900 2177.8900 0.0000 107102.3615
2192.0300 2192.0300 0.0000 107041.0549
2206.1700 2206.1700 0.0000 106980.7875
2220.3200 2220.3200 0.0000 106980.7875
2234.4600 2234.4600 0.0000 106920.5201
2248.6000 2248.6000 0.0000 106862.3308
2262.7400 2262.7400 0.0000 106862.3308
2276.8800 2276.8800 0.0000 106804.1416
2291.0300 2291.0300 0.0000 106748.0305
2305.1700 2305.1700 0.0000 106748.0305
2319.3100 2319.3100 0.0000 106691.9194
2333.4500 2333.4500 0.0000 106636.8475
2347.5900 2347.5900 0.0000 106636.8475
2361.7400 2361.7400 0.0000 106582.8146
2375.8800 2375.8800 0.0000 106529.8208
2390.0200 2390.0200 0.0000 106529.8208
2404.1600 2404.1600 0.0000 106477.8661
2418.3100 2418.3100 0.0000 106425.9114
2432.4500 2432.4500 0.0000 106425.9114
2446.5900 2446.5900 0.0000 106374.9958
2460.7300 2460.7300 0.0000 106325.1193
2474.8700 2474.8700 0.0000 106325.1193
2489.0200 2489.0200 0.0000 106276.2819
2503.1600 2503.1600 0.0000 106228.4836
2517.3000 2517.3000 0.0000 106228.4836
2531.4400 2531.4400 0.0000 106181.7244
2545.5800 2545.5800 0.0000 106134.9652
2559.7300 2559.7300 0.0000 106134.9652
2573.8700 2573.8700 0.0000 106090.2841
2588.0100 2588.0100 0.0000 106045.6031
2602.1500 2602.1500 0.0000 106045.6031
2616.3000 2616.3000 0.0000 106001.9611
2630.4400 2630.4400 0.0000 105958.3192
2644.5800 2644.5800 0.0000 105958.3192
2658.7200 2658.7200 0.0000 105916.7555
2672.8600 2672.8600 0.0000 105875.1917
2687.0100 2687.0100 0.0000 105875.1917
2701.1500 2701.1500 0.0000 105834.6670
2715.2900 2715.2900 0.0000 105795.1815
2729.4300 2729.4300 0.0000 105795.1815
2743.5700 2743.5700 0.0000 105755.6959
2757.7200 2757.7200 0.0000 105718.2885
2771.8600 2771.8600 0.0000 105718.2885
2786.0000 2786.0000 0.0000 105680.8812
2800.1400 2800.1400 0.0000 105643.4738
2814.2800 2814.2800 0.0000 105643.4738
2828.4300 2828.4300 0.0000 105608.1446
2842.5700 2842.5700 0.0000 105572.8154
2856.7100 2856.7100 0.0000 105572.8154
2870.8500 2870.8500 0.0000 105538.5253
2885.0000 2885.0000 0.0000 105505.2743
2899.1400 2899.1400 0.0000 105505.2743
2913.2800 2913.2800 0.0000 105472.0233
2927.4200 2927.4200 0.0000 105439.8114
2941.5600 2941.5600 0.0000 105439.8114
2955.7100 2955.7100 0.0000 105388.8958
2969.8500 2969.8500 0.0000 105257.9700
2983.9900 2983.9900 0.0000 105257.9700
2998.1300 2998.1300 0.0000 105010.6657
3012.2700 3012.2700 0.0000 104621.0055
3026.4200 3026.4200 0.0000 104811.1597
3040.5600 3040.5600 0.0000 104769.5959
3054.7000 3054.7000 0.0000 104769.5959
3068.8400 3068.8400 0.0000 104769.5959
3082.9900 3082.9900 0.0000 104730.1103
3097.1300 3097.1300 0.0000 104730.1103
3111.2700 3111.2700 0.0000 104692.7030
3125.4100 3125.4100 0.0000 104692.7030
3139.5500 3139.5500 0.0000 104692.7030
3153.7000 3153.7000 0.0000 104656.3347
3167.8400 3167.8400 0.0000 104656.3347
3181.9800 3181.9800 0.0000 104622.0446
3196.1200 3196.1200 0.0000 104622.0446
3210.2600 3210.2600 0.0000 104622.0446
3224.4100 3224.4100 0.0000 104588.7936
3238.5500 3238.5500 0.0000 104588.7936
3252.6900 3252.6900 0.0000 104557.6208
3266.8300 3266.8300 0.0000 104557.6208
3280.9800 3280.9800 0.0000 104557.6208
3295.1200 3295.1200 0.0000 104526.4480
3309.2600 3309.2600 0.0000 104526.4480
3323.4000 3323.4000 0.0000 104497.3533
3337.5400 3337.5400 0.0000 104497.3533
3351.6900 3351.6900 0.0000 104497.3533
3365.8300 3365.8300 0.0000 104469.2978
3379.9700 3379.9700 0.0000 104469.2978
3394.1100 3394.1100 0.0000 104442.2814
3408.2500 3408.2500 0.0000 104442.2814
3422.4000 3422.4000 0.0000 104442.2814
3436.5400 3436.5400 0.0000 104415.2649
3450.6800 3450.6800 0.0000 104415.2649
3464.8200 3464.8200 0.0000 104390.3267
3478.9700 3478.9700 0.0000 104390.3267
3493.1100 3493.1100 0.0000 104390.3267
3507.2500 3507.2500 0.0000 104365.3884
3521.3900 3521.3900 0.0000 104365.3884
3535.5300 3535.5300 0.0000 104341.4893
3549.6800 3549.6800 0.0000 104341.4893
3563.8200 3563.8200 0.0000 104341.4893
3577.9600 3577.9600 0.0000 104317.5901
3592.1000 3592.1000 0.0000 104317.5901
3606.2400 3606.2400 0.0000 104295.7691
3620.3900 3620.3900 0.0000 104295.7691
3634.5300 3634.5300 0.0000 104295.7691
3648.6700 3648.6700 0.0000 104272.9091
3662.8100 3662.8100 0.0000 104272.9091
3676.9600 3676.9600 0.0000 104252.1272
3691.1000 3691.1000 0.0000 104252.1272
3705.2400 3705.2400 0.0000 104252.1272
3719.3800 3719.3800 0.0000 104230.3062
3733.5200 3733.5200 0.0000 104230.3062
3747.6700 3747.6700 0.0000 104210.5635
3761.8100 3761.8100 0.0000 104210.5635
3775.9500 3775.9500 0.0000 104210.5635
3790.0900 3790.0900 0.0000 104189.7816
3804.2300 3804.2300 0.0000 104189.7816
3818.3800 3818.3800 0.0000 104170.0388
3832.5200 3832.5200 0.0000 104170.0388
3846.6600 3846.6600 0.0000 104170.0388
3860.8000 3860.8000 0.0000 104151.3351
3874.9500 3874.9500 0.0000 104151.3351
3889.0900 3889.0900 0.0000 104131.5923
3903.2300 3903.2300 0.0000 104131.5923
3917.3700 3917.3700 0.0000 104131.5923
3931.5100 3931.5100 0.0000 104113.9277
3945.6600 3945.6600 0.0000 104113.9277
3959.8000 3959.8000 0.0000 104095.2240
3973.9400 3973.9400 0.0000 104095.2240
3988.0800 3988.0800 0.0000 104095.2240
4002.2200 4002.2200 0.0000 104077.5594
4016.3700 4016.3700 0.0000 104077.5594
4030.5100 4030.5100 0.0000 104059.8949
4044.6500 4044.6500 0.0000 104059.8949
4058.7900 4058.7900 0.0000 104059.8949
4072.9400 4072.9400 0.0000 104042.2303
4087.0800 4087.0800 0.0000 104042.2303
4101.2200 4101.2200 0.0000 104025.6048
4115.3600 4115.3600 0.0000 104025.6048
4129.5000 4129.5000 0.0000 104025.6048
4143.6500 4143.6500 0.0000 104008.9793
4157.7900 4157.7900 0.0000 104008.9793
4171.9300 4171.9300 0.0000 103992.3538
4186.0700 4186.0700 0.0000 103992.3538
4200.2100 4200.2100 0.0000 103992.3538
4214.3600 4214.3600 0.0000 103976.7674
4228.5000 4228.5000 0.0000 103976.7674
4242.6400 4242.6400 0.0000 103961.1809
4256.7800 4256.7800 0.0000 103961.1809
4270.9200 4270.9200 0.0000 103961.1809
4285.0700 4285.0700 0.0000 103945.5945
4299.2100 4299.2100 0.0000 103945.5945
4313.3500 4313.3500 0.0000 103930.0081
4327.4900 4327.4900 0.0000 103930.0081
4341.6400 4341.6400 0.0000 103930.0081
4355.7800 4355.7800 0.0000 103914.4217
4369.9200 4369.9200 0.0000 103914.4217
4384.0600 4384.0600 0.0000 103899.8744
4398.2000 4398.2000 0.0000 103899.8744
4412.3500 4412.3500 0.0000 103899.8744
4426.4900 4426.4900 0.0000 103885.3271
4440.6300 4440.6300 0.0000 103885.3271
4454.7700 4454.7700 0.0000 103870.7798
4468.9100 4468.9100 0.0000 103870.7798
4483.0600 4483.0600 0.0000 103870.7798
4497.2000 4497.2000 0.0000 103857.2716
4511.3400 4511.3400 0.0000 103857.2716
4525.4800 4525.4800 0.0000 103842.7243
4539.6300 4539.6300 0.0000 103842.7243
4553.7700 4553.7700 0.0000 103842.7243
4567.9100 4567.9100 0.0000 103829.2160
4582.0500 4582.0500 0.0000 103829.2160
4596.1900 4596.1900 0.0000 103815.7078
4610.3400 4610.3400 0.0000 103815.7078
4624.4800 4624.4800 0.0000 103815.7078
4638.6200 4638.6200 0.0000 103802.1996
4652.7600 4652.7600 0.0000 103802.1996
4666.9000 4666.9000 0.0000 103788.6914
4681.0500 4681.0500 0.0000 103788.6914
4695.1900 4695.1900 0.0000 103788.6914
4709.3300 4709.3300 0.0000 103776.2222
4723.4700 4723.4700 0.0000 103776.2222
4737.6200 4737.6200 0.0000 103763.7531
4751.7600 4751.7600 0.0000 103763.7531
4765.9000 4765.9000 0.0000 103763.7531
4780.0400 4780.0400 0.0000 103750.2449
4794.1800 4794.1800 0.0000 103750.2449
4808.3300 4808.3300 0.0000 103738.8149
4822.4700 4822.4700 0.0000 103738.8149
4836.6100 4836.6100 0.0000 103738.8149
4850.7500 4850.7500 0.0000 103726.3457
4864.8900 4864.8900 0.0000 103726.3457
4879.0400 4879.0400 0.0000 103713.8766
4893.1800 4893.1800 0.0000 103713.8766
4907.3200 4907.3200 0.0000 103713.8766
4921.4600 4921.4600 0.0000 103702.4466
4935.6100 4935.6100 0.0000 103702.4466
4949.7500 4949.7500 0.0000 103691.0166
4963.8900 4963.8900 0.0000 103691.0166
4978.0300 4978.0300 0.0000 103691.0166
4992.1700 4992.1700 0.0000 103678.5474
5006.3200 5006.3200 0.0000 103678.5474
5020.4600 5020.4600 0.0000 103668.1565
5034.6000 5034.6000 0.0000 103668.1565
5048.7400 5048.7400 0.0000 103668.1565
5062.8800 5062.8800 0.0000 103656.7265
5077.0300 5077.0300 0.0000 103656.7265
5091.1700 5091.1700 0.0000 103645.2964
5105.3100 5105.3100 0.0000 103645.2964
5119.4500 5119.4500 0.0000 103645.2964
5133.6000 5133.6000 0.0000 103634.9055
5147.7400 5147.7400 0.0000 103634.9055
5161.8800 5161.8800 0.0000 103623.4755
5176.0200 5176.0200 0.0000 103623.4755
5190.1600 5190.1600 0.0000 103623.4755
5204.3100 5204.3100 0.0000 103613.0845
5218.4500 5218.4500 0.0000 103613.0845
5232.5900 5232.5900 0.0000 103602.6936
5246.7300 5246.7300 0.0000 103602.6936
5260.8700 5260.8700 0.0000 103602.6936
5275.0200 5275.0200 0.0000 103592.3026
5289.1600 5289.1600 0.0000 103592.3026
5303.3000 5303.3000 0.0000 103581.9117
5317.4400 5317.4400 0.0000 103581.9117
5331.5900 5331.5900 0.0000 103581.9117
5345.7300 5345.7300 0.0000 103572.5599
5359.8700 5359.8700 0.0000 103572.5599
5374.0100 5374.0100 0.0000 103562.1689
5388.1500 5388.1500 0.0000 103562.1689
5402.3000 5402.3000 0.0000 103562.1689
5416.4400 5416.4400 0.0000 103552.8171
5430.5800 5430.5800 0.0000 103552.8171
5444.7200 5444.7200 0.0000 103542.4261
5458.8600 5458.8600 0.0000 103542.4261
5473.0100 5473.0100 0.0000 103542.4261
5487.1500 5487.1500 0.0000 103533.0743
5501.2900 5501.2900 0.0000 103533.0743
5515.4300 5515.4300 0.0000 103523.7225
5529.5800 5529.5800 0.0000 103523.7225
5543.7200 5543.7200 0.0000 103523.7225
5557.8600 5557.8600 0.0000 103514.3706
5572.0000 5572.0000 0.0000 103514.3706
5586.1400 5586.1400 0.0000 103505.0188
5600.2900 5600.2900 0.0000 103505.0188
5614.4300 5614.4300 0.0000 103505.0188
5628.5700 5628.5700 0.0000 103496.7060
5642.7100 5642.7100 0.0000 103496.7060
5656.8500 5656.8500 0.0000 103487.3542
5671.0000 5671.0000 0.0000 103487.3542
5685.1400 5685.1400 0.0000 103487.3542
5699.2800 5699.2800 0.0000 103479.0414
5713.4200 5713.4200 0.0000 103479.0414
5727.5600 5727.5600 0.0000 103469.6896
5741.7100 5741.7100 0.0000 103469.6896
5755.8500 5755.8500 0.0000 103469.6896
5769.9900 5769.9900 0.0000 103461.3768
5784.1300 5784.1300 0.0000 103461.3768
5798.2800 5798.2800 0.0000 103453.0641
5812.4200 5812.4200 0.0000 103453.0641
5826.5600 5826.5600 0.0000 103453.0641
5840.7000 5840.7000 0.0000 103444.7513
5854.8400 5854.8400 0.0000 103444.7513
5868.9900 5868.9900 0.0000 103435.3995
5883.1300 5883.1300 0.0000 103435.3995
5897.2700 5897.2700 0.0000 103435.3995
5911.4100 5911.4100 0.0000 103428.1258
5925.5500 5925.5500 0.0000 103428.1258
5939.7000 5939.7000 0.0000 103419.8131
5953.8400 5953.8400 0.0000 103419.8131
5967.9800 5967.9800 0.0000 103419.8131
5982.1200 5982.1200 0.0000 103411.5003
5996.2700 5996.2700 0.0000 103411.5003
6010.4100 6010.4100 0.0000 103403.1876
6024.5500 6024.5500 0.0000 103403.1876
6038.6900 6038.6900 0.0000 103403.1876
6052.8300 6052.8300 0.0000 103395.9139
6066.9800 6066.9800 0.0000 103395.9139
6081.1200 6081.1200 0.0000 103387.6012
6095.2600 6095.2600 0.0000 103387.6012
6109.4000 6109.4000 0.0000 103387.6012
6123.5400 6123.5400 0.0000 103380.3275
6137.6900 6137.6900 0.0000 103380.3275
6151.8300 6151.8300 0.0000 103373.0539
6165.9700 6165.9700 0.0000 103373.0539
6180.1100 6180.1100 0.0000 103373.0539
6194.2600 6194.2600 0.0000 103364.7411
6208.4000 6208.4000 0.0000 103364.7411
6222.5400 6222.5400 0.0000 103357.4675
6236.6800 6236.6800 0.0000 103357.4675
6250.8200 6250.8200 0.0000 103357.4675
6264.9700 6264.9700 0.0000 103350.1938
6279.1100 6279.1100 0.0000 103350.1938
6293.2500 6293.2500 0.0000 103342.9201
6307.3900 6307.3900 0.0000 103342.9201
6321.5300 6321.5300 0.0000 103342.9201
6335.6800 6335.6800 0.0000 103335.6465
6349.8200 6349.8200 0.0000 103335.6465
6363.9600 6363.9600 0.0000 103328.3728
6378.1000 6378.1000 0.0000 103328.3728
6392.2500 6392.2500 0.0000 103328.3728
6406.3900 6406.3900 0.0000 103321.0992
6420.5300 6420.5300 0.0000 103321.0992
6434.6700 6434.6700 0.0000 103314.8646
6448.8100 6448.8100 0.0000 103314.8646
6462.9600 6462.9600 0.0000 103314.8646
6477.1000 6477.1000 0.0000 103307.5909
6491.2400 6491.2400 0.0000 103307.5909
6505.3800 6505.3800 0.0000 103300.3173
6519.5200 6519.5200 0.0000 103300.3173
6533.6700 6533.6700 0.0000 103300.3173
6547.8100 6547.8100 0.0000 103294.0827
6561.9500 6561.9500 0.0000 103294.0827
6576.0900 6576.0900 0.0000 103286.8091
6590.2400 6590.2400 0.0000 103286.8091
6604.3800 6604.3800 0.0000 103286.8091
6618.5200 6618.5200 0.0000 103280.5745
6632.6600 6632.6600 0.0000 103280.5745
6646.8000 6646.8000 0.0000 103274.3399
6660.9500 6660.9500 0.0000 103274.3399
6675.0900 6675.0900 0.0000 103274.3399
6689.2300 6689.2300 0.0000 103267.0663
6703.3700 6703.3700 0.0000 103267.0663
6717.5100 6717.5100 0.0000 103260.8317
6731.6600 6731.6600 0.0000 103260.8317
6745.8000 6745.8000 0.0000 103260.8317
6759.9400 6759.9400 0.0000 103254.5972
6774.0800 6774.0800 0.0000 103254.5972
6788.2300 6788.2300 0.0000 103247.3235
6802.3700 6802.3700 0.0000 103247.3235
6816.5100 6816.5100 0.0000 103247.3235
6830.6500 6830.6500 0.0000 103239.0108
6844.7900 6844.7900 0.0000 103239.0108
6858.9400 6858.9400 0.0000 103229.6589
6873.0800 6873.0800 0.0000 103229.6589
6887.2200 6887.2200 0.0000 103229.6589
6901.3600 6901.3600 0.0000 103219.2680
6915.5000 6915.5000 0.0000 103219.2680
6929.6500 6929.6500 0.0000 103206.7989
6943.7900 6943.7900 0.0000 103206.7989
6957.9300 6957.9300 0.0000 103206.7989
6972.0700 6972.0700 0.0000 103189.1343
6986.2100 6986.2100 0.0000 103189.1343
