0.0000 0.0000 0.0000 201177.0000
14.1421 14.1421 0.0000 201192.0000
28.2843 28.2843 0.0000 201768.0000
42.4264 42.4264 0.0000 202479.0000
56.5685 56.5685 0.0000 202479.0000
70.7107 70.7107 0.0000 202667.0000
84.8528 84.8528 0.0000 201756.0000
98.9949 98.9949 0.0000 201756.0000
113.1370 113.1370 0.0000 200688.0000
127.2790 127.2790 0.0000 200290.0000
141.4210 141.4210 0.0000 200215.0000
155.5630 155.5630 0.0000 200215.0000
169.7060 169.7060 0.0000 199939.0000
183.8480 183.8480 0.0000 199419.0000
197.9900 197.9900 0.0000 199419.0000
212.1320 212.1320 0.0000 198821.0000
226.2740 226.2740 0.0000 198173.0000
240.4160 240.4160 0.0000 197431.0000
254.5580 254.5580 0.0000 197431.0000
268.7010 268.7010 0.0000 196532.0000
282.8430 282.8430 0.0000 195588.0000
296.9850 296.9850 0.0000 195588.0000
311.1270 311.1270 0.0000 194630.0000
325.2690 325.2690 0.0000 193707.0000
339.4110 339.4110 0.0000 193707.0000
353.5530 353.5530 0.0000 192877.0000
367.6960 367.6960 0.0000 192113.0000
381.8380 381.8380 0.0000 191317.0000
395.9800 395.9800 0.0000 191317.0000
410.1220 410.1220 0.0000 190403.0000
424.2640 424.2640 0.0000 189355.0000
438.4060 438.4060 0.0000 189355.0000
452.5480 452.5480 0.0000 188322.0000
466.6900 466.6900 0.0000 187416.0000
480.8330 480.8330 0.0000 186563.0000
494.9750 494.9750 0.0000 186563.0000
509.1170 509.1170 0.0000 185685.0000
523.2590 523.2590 0.0000 184815.0000
537.4010 537.4010 0.0000 184815.0000
551.5430 551.5430 0.0000 183938.0000
565.6850 565.6850 0.0000 183057.0000
579.8280 579.8280 0.0000 183057.0000
593.9700 593.9700 0.0000 182181.0000
608.1120 608.1120 0.0000 181275.0000
622.2540 622.2540 0.0000 180338.0000
636.3960 636.3960 0.0000 180338.0000
650.5380 650.5380 0.0000 179382.0000
664.6800 664.6800 0.0000 178410.0000
678.8230 678.8230 0.0000 178410.0000
692.9650 692.9650 0.0000 177431.0000
707.1070 707.1070 0.0000 176498.0000
721.2490 721.2490 0.0000 175642.0000
735.3910 735.3910 0.0000 175642.0000
749.5330 749.5330 0.0000 174848.0000
763.6750 763.6750 0.0000 174090.0000
777.8170 777.8170 0.0000 174090.0000
791.9600 791.9600 0.0000 173341.0000
806.1020 806.1020 0.0000 172578.0000
820.2440 820.2440 0.0000 171782.0000
834.3860 834.3860 0.0000 171782.0000
848.5280 848.5280 0.0000 170980.0000
862.6700 862.6700 0.0000 170174.0000
876.8120 876.8120 0.0000 170174.0000
890.9550 890.9550 0.0000 169396.0000
905.0970 905.0970 0.0000 168620.0000
919.2390 919.2390 0.0000 168620.0000
933.3810 933.3810 0.0000 167846.0000
947.5230 947.5230 0.0000 167085.0000
961.6650 961.6650 0.0000 166330.0000
975.8070 975.8070 0.0000 166330.0000
989.9490 989.9490 0.0000 165599.0000
1004.0900 1004.0900 0.0000 164874.0000
1018.2300 1018.2300 0.0000 164874.0000
1032.3800 1032.3800 0.0000 164160.0000
1046.5200 1046.5200 0.0000 163442.0000
1060.6600 1060.6600 0.0000 162749.0000
1074.8000 1074.8000 0.0000 162749.0000
1088.9400 1088.9400 0.0000 162071.0000
1103.0900 1103.0900 0.0000 161390.0000
1117.2300 1117.2300 0.0000 161390.0000
1131.3700 1131.3700 0.0000 160729.0000
1145.5100 1145.5100 0.0000 160084.0000
1159.6600 1159.6600 0.0000 160084.0000
1173.8000 1173.8000 0.0000 159447.0000
1187.9400 1187.9400 0.0000 158824.0000
1202.0800 1202.0800 0.0000 158220.0000
1216.2200 1216.2200 0.0000 158220.0000
1230.3700 1230.3700 0.0000 157623.0000
1244.5100 1244.5100 0.0000 157020.0000
1258.6500 1258.6500 0.0000 157020.0000
1272.7900 1272.7900 0.0000 156423.0000
1286.9300 1286.9300 0.0000 155841.0000
1301.0800 1301.0800 0.0000 155279.0000
1315.2200 1315.2200 0.0000 155279.0000
1329.3600 1329.3600 0.0000 154727.0000
1343.5000 1343.5000 0.0000 154179.0000
1357.6500 1357.6500 0.0000 154179.0000
1371.7900 1371.7900 0.0000 153637.0000
1385.9300 1385.9300 0.0000 153103.0000
1400.0700 1400.0700 0.0000 152577.0000
1414.2100 1414.2100 0.0000 152577.0000
1428.3600 1428.3600 0.0000 152058.0000
1442.5000 1442.5000 0.0000 151549.0000
1456.6400 1456.6400 0.0000 151549.0000
1470.7800 1470.7800 0.0000 151047.0000
1484.9200 1484.9200 0.0000 150562.0000
1499.0700 1499.0700 0.0000 150562.0000
1513.2100 1513.2100 0.0000 146896.6839
1527.3500 1527.3500 0.0000 145988.5138
1541.4900 1541.4900 0.0000 145988.5138
1555.6300 1555.6300 0.0000 145333.5510
1569.7800 1569.7800 0.0000 144141.7887
1583.9200 1583.9200 0.0000 144141.7887
1598.0600 1598.0600 0.0000 142968.0323
1612.2000 1612.2000 0.0000 141884.3051
1626.3500 1626.3500 0.0000 141884.3051
1640.4900 1640.4900 0.0000 140773.5692
1654.6300 1654.6300 0.0000 139703.3464
1668.7700 1668.7700 0.0000 139703.3464
1682.9100 1682.9100 0.0000 138701.7709
1697.0600 1697.0600 0.0000 137731.7057
1711.2000 1711.2000 0.0000 137731.7057
1725.3400 1725.3400 0.0000 136820.1595
1739.4800 1739.4800 0.0000 135931.1206
1753.6200 1753.6200 0.0000 135931.1206
1767.7700 1767.7700 0.0000 135054.4607
1781.9100 1781.9100 0.0000 134297.0896
1796.0500 1796.0500 0.0000 134297.0896
1810.1900 1810.1900 0.0000 133537.4677
1824.3400 1824.3400 0.0000 132794.7264
1838.4800 1838.4800 0.0000 132794.7264
1852.6200 1852.6200 0.0000 132101.5011
1866.7600 1866.7600 0.0000 131479.1739
1880.9000 1880.9000 0.0000 131479.1739
1895.0500 1895.0500 0.0000 130850.0944
1909.1900 1909.1900 0.0000 130243.5223
1923.3300 1923.3300 0.0000 130243.5223
1937.4700 1937.4700 0.0000 129604.3146
1951.6100 1951.6100 0.0000 129046.1332
1965.7600 1965.7600 0.0000 129046.1332
1979.9000 1979.9000 0.0000 128484.5757
1994.0400 1994.0400 0.0000 127962.4061
2008.1800 2008.1800 0.0000 127962.4061
2022.3300 2022.3300 0.0000 127439.1110
2036.4700 2036.4700 0.0000 127002.4691
2050.6100 2050.6100 0.0000 127002.4691
2064.7500 2064.7500 0.0000 126534.3170
2078.8900 2078.8900 0.0000 126099.9258
2093.0400 2093.0400 0.0000 126099.9258
2107.1800 2107.1800 0.0000 125665.5347
2121.3200 2121.3200 0.0000 125255.9016
2135.4600 2135.4600 0.0000 125255.9016
2149.6000 2149.6000 0.0000 124909.2889
2163.7500 2163.7500 0.0000 124533.4168
2177.8900 2177.8900 0.0000 124533.4168
2192.0300 2192.0300 0.0000 124228.4427
2206.1700 2206.1700 0.0000 123884.0808
2220.3200 2220.3200 0.0000 123884.0808
2234.4600 2234.4600 0.0000 123600.4886
2248.6000 2248.6000 0.0000 123270.7565
2262.7400 2262.7400 0.0000 123270.7565
2276.8800 2276.8800 0.0000 123015.2985
2291.0300 2291.0300 0.0000 122700.1961
2305.1700 2305.1700 0.0000 122700.1961
2319.3100 2319.3100 0.0000 122452.6156
2333.4500 2333.4500 0.0000 122166.7727
2347.5900 2347.5900 0.0000 122166.7727
2361.7400 2361.7400 0.0000 121938.3235
2375.8800 2375.8800 0.0000 121660.3582
2390.0200 2390.0200 0.0000 121433.0343
2404.1600 2404.1600 0.0000 121433.0343
2418.3100 2418.3100 0.0000 121177.5763
2432.4500 2432.4500 0.0000 121026.7773
2446.5900 2446.5900 0.0000 121026.7773
2460.7300 2460.7300 0.0000 120729.6807
2474.8700 2474.8700 0.0000 120565.3773
2489.0200 2489.0200 0.0000 120565.3773
2503.1600 2503.1600 0.0000 120300.9164
2517.3000 2517.3000 0.0000 120189.5052
2531.4400 2531.4400 0.0000 120189.5052
2545.5800 2545.5800 0.0000 119901.4116
2559.7300 2559.7300 0.0000 119737.1082
2573.8700 2573.8700 0.0000 119737.1082
2588.0100 2588.0100 0.0000 119536.7931
2602.1500 2602.1500 0.0000 119371.3643
2616.3000 2616.3000 0.0000 119371.3643
2630.4400 2630.4400 0.0000 119177.8014
2644.5800 2644.5800 0.0000 119095.6497
2658.7200 2658.7200 0.0000 119095.6497
2672.8600 2672.8600 0.0000 118841.3171
2687.0100 2687.0100 0.0000 118715.2761
2701.1500 2701.1500 0.0000 118715.2761
2715.2900 2715.2900 0.0000 118520.5879
2729.4300 2729.4300 0.0000 118386.6693
2743.5700 2743.5700 0.0000 118386.6693
2757.7200 2757.7200 0.0000 118216.7391
2771.8600 2771.8600 0.0000 118081.6952
2786.0000 2786.0000 0.0000 118081.6952
2800.1400 2800.1400 0.0000 117923.0187
2814.2800 2814.2800 0.0000 117857.7475
2828.4300 2828.4300 0.0000 117857.7475
2842.5700 2842.5700 0.0000 117624.7968
2856.7100 2856.7100 0.0000 117568.5285
2870.8500 2870.8500 0.0000 117568.5285
2885.0000 2885.0000 0.0000 117359.2105
2899.1400 2899.1400 0.0000 117264.6797
2913.2800 2913.2800 0.0000 117264.6797
2927.4200 2927.4200 0.0000 117091.3734
2941.5600 2941.5600 0.0000 117028.3529
2955.7100 2955.7100 0.0000 117028.3529
2969.8500 2969.8500 0.0000 116834.7900
2983.9900 2983.9900 0.0000 116740.2593
2998.1300 2998.1300 0.0000 116740.2593
3012.2700 3012.2700 0.0000 116593.9618
3026.4200 3026.4200 0.0000 116500.5564
3040.5600 3040.5600 0.0000 116500.5564
3054.7000 3054.7000 0.0000 116356.5096
3068.8400 3068.8400 0.0000 116299.1160
3082.9900 3082.9900 0.0000 116299.1160
3097.1300 3097.1300 0.0000 116103.3023
3111.2700 3111.2700 0.0000 116057.1623
3125.4100 3125.4100 0.0000 116057.1623
3139.5500 3139.5500 0.0000 115868.1009
3153.7000 3153.7000 0.0000 115796.0775
3167.8400 3167.8400 0.0000 115796.0775
3181.9800 3181.9800 0.0000 115626.1473
3196.1200 3196.1200 0.0000 115546.2463
3210.2600 3210.2600 0.0000 115546.2463
3224.4100 3224.4100 0.0000 115379.6922
3238.5500 3238.5500 0.0000 115309.9195
3252.6900 3252.6900 0.0000 115309.9195
3266.8300 3266.8300 0.0000 115128.7356
3280.9800 3280.9800 0.0000 115049.9600
3295.1200 3295.1200 0.0000 115049.9600
3309.2600 3309.2600 0.0000 114872.1523
3323.4000 3323.4000 0.0000 114799.0035
3337.5400 3337.5400 0.0000 114799.0035
3351.6900 3351.6900 0.0000 114621.1957
3365.8300 3365.8300 0.0000 114540.1694
3379.9700 3379.9700 0.0000 114540.1694
3394.1100 3394.1100 0.0000 114372.4899
3408.2500 3408.2500 0.0000 114284.7114
3422.4000 3422.4000 0.0000 114284.7114
3436.5400 3436.5400 0.0000 114136.1631
3450.6800 3450.6800 0.0000 114052.8860
3464.8200 3464.8200 0.0000 114052.8860
3478.9700 3478.9700 0.0000 113916.7168
3493.1100 3493.1100 0.0000 113835.6905
3507.2500 3507.2500 0.0000 113835.6905
3521.3900 3521.3900 0.0000 113701.7719
3535.5300 3535.5300 0.0000 113606.1159
3549.6800 3549.6800 0.0000 113606.1159
3563.8200 3563.8200 0.0000 113520.5881
3577.9600 3577.9600 0.0000 113406.9261
3592.1000 3592.1000 0.0000 113406.9261
3606.2400 3606.2400 0.0000 113288.7627
3620.3900 3620.3900 0.0000 113171.7247
3634.5300 3634.5300 0.0000 113171.7247
3648.6700 3648.6700 0.0000 113059.1881
3662.8100 3662.8100 0.0000 112936.5233
3676.9600 3676.9600 0.0000 112936.5233
3691.1000 3691.1000 0.0000 112631.5492
3705.2400 3705.2400 0.0000 112479.6248
3719.3800 3719.3800 0.0000 112479.6248
3733.5200 3733.5200 0.0000 111667.1108
3747.6700 3747.6700 0.0000 111113.4308
3761.8100 3761.8100 0.0000 111222.5913
3775.9500 3775.9500 0.0000 111222.5913
3790.0900 3790.0900 0.0000 111017.7748
3804.2300 3804.2300 0.0000 111017.7748
3818.3800 3818.3800 0.0000 111017.7748
3832.5200 3832.5200 0.0000 111017.7748
3846.6600 3846.6600 0.0000 110820.8358
3860.8000 3860.8000 0.0000 110820.8358
3874.9500 3874.9500 0.0000 110820.8358
3889.0900 3889.0900 0.0000 110820.8358
3903.2300 3903.2300 0.0000 110629.5236
3917.3700 3917.3700 0.0000 110629.5236
3931.5100 3931.5100 0.0000 110629.5236
3945.6600 3945.6600 0.0000 110629.5236
3959.8000 3959.8000 0.0000 110444.9636
3973.9400 3973.9400 0.0000 110444.9636
3988.0800 3988.0800 0.0000 110444.9636
4002.2200 4002.2200 0.0000 110444.9636
4016.3700 4016.3700 0.0000 110266.0305
4030.5100 4030.5100 0.0000 110266.0305
4044.6500 4044.6500 0.0000 110266.0305
4058.7900 4058.7900 0.0000 110266.0305
4072.9400 4072.9400 0.0000 110093.8495
4087.0800 4087.0800 0.0000 110093.8495
4101.2200 4101.2200 0.0000 110093.8495
4115.3600 4115.3600 0.0000 110093.8495
4129.5000 4129.5000 0.0000 109927.2954
4143.6500 4143.6500 0.0000 109927.2954
4157.7900 4157.7900 0.0000 109927.2954
4171.9300 4171.9300 0.0000 109927.2954
4186.0700 4186.0700 0.0000 109767.4935
4200.2100 4200.2100 0.0000 109767.4935
4214.3600 4214.3600 0.0000 109767.4935
4228.5000 4228.5000 0.0000 109767.4935
4242.6400 4242.6400 0.0000 109612.1930
4256.7800 4256.7800 0.0000 109612.1930
4270.9200 4270.9200 0.0000 109612.1930
4285.0700 4285.0700 0.0000 109612.1930
4299.2100 4299.2100 0.0000 109462.5194
4313.3500 4313.3500 0.0000 109462.5194
4327.4900 4327.4900 0.0000 109462.5194
4341.6400 4341.6400 0.0000 109462.5194
4355.7800 4355.7800 0.0000 109318.4725
4369.9200 4369.9200 0.0000 109318.4725
4384.0600 4384.0600 0.0000 109318.4725
4398.2000 4398.2000 0.0000 109178.9272
4412.3500 4412.3500 0.0000 109178.9272
4426.4900 4426.4900 0.0000 109178.9272
4440.6300 4440.6300 0.0000 109178.9272
4454.7700 4454.7700 0.0000 109043.8833
4468.9100 4468.9100 0.0000 109043.8833
4483.0600 4483.0600 0.0000 109043.8833
4497.2000 4497.2000 0.0000 109043.8833
4511.3400 4511.3400 0.0000 108913.3409
4525.4800 4525.4800 0.0000 108913.3409
4539.6300 4539.6300 0.0000 108913.3409
4553.7700 4553.7700 0.0000 108913.3409
4567.9100 4567.9100 0.0000 108786.1746
4582.0500 4582.0500 0.0000 108786.1746
4596.1900 4596.1900 0.0000 108786.1746
4610.3400 4610.3400 0.0000 108786.1746
4624.4800 4624.4800 0.0000 108663.5097
4638.6200 4638.6200 0.0000 108663.5097
4652.7600 4652.7600 0.0000 108663.5097
4666.9000 4666.9000 0.0000 108663.5097
4681.0500 4681.0500 0.0000 108545.3463
4695.1900 4695.1900 0.0000 108545.3463
4709.3300 4709.3300 0.0000 108545.3463
4723.4700 4723.4700 0.0000 108545.3463
4737.6200 4737.6200 0.0000 108430.5590
4751.7600 4751.7600 0.0000 108430.5590
4765.9000 4765.9000 0.0000 108430.5590
4780.0400 4780.0400 0.0000 108430.5590
4794.1800 4794.1800 0.0000 108319.1478
4808.3300 4808.3300 0.0000 108319.1478
4822.4700 4822.4700 0.0000 108319.1478
4836.6100 4836.6100 0.0000 108319.1478
4850.7500 4850.7500 0.0000 108212.2381
4864.8900 4864.8900 0.0000 108212.2381
4879.0400 4879.0400 0.0000 108212.2381
4893.1800 4893.1800 0.0000 108212.2381
4907.3200 4907.3200 0.0000 108107.5791
4921.4600 4921.4600 0.0000 108107.5791
4935.6100 4935.6100 0.0000 108107.5791
4949.7500 4949.7500 0.0000 108107.5791
4963.8900 4963.8900 0.0000 108007.4215
4978.0300 4978.0300 0.0000 108007.4215
4992.1700 4992.1700 0.0000 108007.4215
5006.3200 5006.3200 0.0000 108007.4215
5020.4600 5020.4600 0.0000 107910.6401
5034.6000 5034.6000 0.0000 107910.6401
5048.7400 5048.7400 0.0000 107910.6401
5062.8800 5062.8800 0.0000 107910.6401
5077.0300 5077.0300 0.0000 107817.2347
5091.1700 5091.1700 0.0000 107817.2347
5105.3100 5105.3100 0.0000 107817.2347
5119.4500 5119.4500 0.0000 107817.2347
5133.6000 5133.6000 0.0000 107727.2055
5147.7400 5147.7400 0.0000 107727.2055
5161.8800 5161.8800 0.0000 107727.2055
5176.0200 5176.0200 0.0000 107727.2055
5190.1600 5190.1600 0.0000 107640.5523
5204.3100 5204.3100 0.0000 107640.5523
5218.4500 5218.4500 0.0000 107640.5523
5232.5900 5232.5900 0.0000 107640.5523
5246.7300 5246.7300 0.0000 107556.1499
5260.8700 5260.8700 0.0000 107556.1499
5275.0200 5275.0200 0.0000 107556.1499
5289.1600 5289.1600 0.0000 107556.1499
5303.3000 5303.3000 0.0000 107475.1235
5317.4400 5317.4400 0.0000 107475.1235
5331.5900 5331.5900 0.0000 107475.1235
5345.7300 5345.7300 0.0000 107475.1235
5359.8700 5359.8700 0.0000 107397.4733
5374.0100 5374.0100 0.0000 107397.4733
5388.1500 5388.1500 0.0000 107397.4733
5402.3000 5402.3000 0.0000 107397.4733
5416.4400 5416.4400 0.0000 107323.1992
5430.5800 5430.5800 0.0000 107323.1992
5444.7200 5444.7200 0.0000 107323.1992
5458.8600 5458.8600 0.0000 107323.1992
5473.0100 5473.0100 0.0000 107250.0504
5487.1500 5487.1500 0.0000 107250.0504
5501.2900 5501.2900 0.0000 107250.0504
5515.4300 5515.4300 0.0000 107250.0504
5529.5800 5529.5800 0.0000 107180.2777
5543.7200 5543.7200 0.0000 107180.2777
5557.8600 5557.8600 0.0000 107180.2777
5572.0000 5572.0000 0.0000 107180.2777
5586.1400 5586.1400 0.0000 107113.8811
5600.2900 5600.2900 0.0000 107113.8811
5614.4300 5614.4300 0.0000 107113.8811
5628.5700 5628.5700 0.0000 107113.8811
5642.7100 5642.7100 0.0000 107048.6099
5656.8500 5656.8500 0.0000 107048.6099
5671.0000 5671.0000 0.0000 107048.6099
5685.1400 5685.1400 0.0000 107048.6099
5699.2800 5699.2800 0.0000 106986.7148
5713.4200 5713.4200 0.0000 106986.7148
5727.5600 5727.5600 0.0000 106986.7148
5741.7100 5741.7100 0.0000 106986.7148
5755.8500 5755.8500 0.0000 106925.9451
5769.9900 5769.9900 0.0000 106925.9451
5784.1300 5784.1300 0.0000 106925.9451
5798.2800 5798.2800 0.0000 106925.9451
5812.4200 5812.4200 0.0000 106868.5514
5826.5600 5826.5600 0.0000 106868.5514
5840.7000 5840.7000 0.0000 106868.5514
5854.8400 5854.8400 0.0000 106868.5514
5868.9900 5868.9900 0.0000 106812.2831
5883.1300 5883.1300 0.0000 106812.2831
5897.2700 5897.2700 0.0000 106812.2831
5911.4100 5911.4100 0.0000 106812.2831
5925.5500 5925.5500 0.0000 106758.2656
5939.7000 5939.7000 0.0000 106758.2656
5953.8400 5953.8400 0.0000 106758.2656
5967.9800 5967.9800 0.0000 106758.2656
5982.1200 5982.1200 0.0000 106705.3734
5996.2700 5996.2700 0.0000 106705.3734
6010.4100 6010.4100 0.0000 106705.3734
6024.5500 6024.5500 0.0000 106705.3734
6038.6900 6038.6900 0.0000 106655.8573
6052.8300 6052.8300 0.0000 106655.8573
6066.9800 6066.9800 0.0000 106655.8573
6081.1200 6081.1200 0.0000 106655.8573
6095.2600 6095.2600 0.0000 106606.3412
6109.4000 6109.4000 0.0000 106606.3412
6123.5400 6123.5400 0.0000 106606.3412
6137.6900 6137.6900 0.0000 106606.3412
6151.8300 6151.8300 0.0000 106560.2012
6165.9700 6165.9700 0.0000 106560.2012
6180.1100 6180.1100 0.0000 106560.2012
6194.2600 6194.2600 0.0000 106560.2012
6208.4000 6208.4000 0.0000 106514.0612
6222.5400 6222.5400 0.0000 106514.0612
6236.6800 6236.6800 0.0000 106514.0612
6250.8200 6250.8200 0.0000 106514.0612
6264.9700 6264.9700 0.0000 106470.1720
6279.1100 6279.1100 0.0000 106470.1720
6293.2500 6293.2500 0.0000 106470.1720
6307.3900 6307.3900 0.0000 106470.1720
6321.5300 6321.5300 0.0000 106428.5334
6335.6800 6335.6800 0.0000 106428.5334
6349.8200 6349.8200 0.0000 106428.5334
6363.9600 6363.9600 0.0000 106428.5334
6378.1000 6378.1000 0.0000 106386.8949
6392.2500 6392.2500 0.0000 106386.8949
6406.3900 6406.3900 0.0000 106386.8949
6420.5300 6420.5300 0.0000 106386.8949
6434.6700 6434.6700 0.0000 106346.3817
6448.8100 6448.8100 0.0000 106346.3817
6462.9600 6462.9600 0.0000 106346.3817
6477.1000 6477.1000 0.0000 106308.1193
6491.2400 6491.2400 0.0000 106308.1193
6505.3800 6505.3800 0.0000 106308.1193
6519.5200 6519.5200 0.0000 106308.1193
6533.6700 6533.6700 0.0000 106269.8569
6547.8100 6547.8100 0.0000 106269.8569
6561.9500 6561.9500 0.0000 106269.8569
6576.0900 6576.0900 0.0000 106269.8569
6590.2400 6590.2400 0.0000 106232.7198
6604.3800 6604.3800 0.0000 106232.7198
6618.5200 6618.5200 0.0000 106232.7198
6632.6600 6632.6600 0.0000 106232.7198
6646.8000 6646.8000 0.0000 106197.8335
6660.9500 6660.9500 0.0000 106197.8335
6675.0900 6675.0900 0.0000 106197.8335
6689.2300 6689.2300 0.0000 106197.8335
6703.3700 6703.3700 0.0000 106161.8218
6717.5100 6717.5100 0.0000 106161.8218
6731.6600 6731.6600 0.0000 106161.8218
6745.8000 6745.8000 0.0000 106161.8218
6759.9400 6759.9400 0.0000 106128.0608
6774.0800 6774.0800 0.0000 106128.0608
6788.2300 6788.2300 0.0000 106128.0608
6802.3700 6802.3700 0.0000 106128.0608
6816.5100 6816.5100 0.0000 106094.2998
6830.6500 6830.6500 0.0000 106094.2998
6844.7900 6844.7900 0.0000 106094.2998
6858.9400 6858.9400 0.0000 106094.2998
6873.0800 6873.0800 0.0000 106061.6642
6887.2200 6887.2200 0.0000 106061.6642
6901.3600 6901.3600 0.0000 106061.6642
6915.5000 6915.5000 0.0000 106061.6642
6929.6500 6929.6500 0.0000 106030.1540
6943.7900 6943.7900 0.0000 106030.1540
6957.9300 6957.9300 0.0000 106030.1540
6972.0700 6972.0700 0.0000 106030.1540
6986.2100 6986.2100 0.0000 105998.6437
7000.3600 7000.3600 0.0000 105998.6437
7014.5000 7014.5000 0.0000 105998.6437
7028.6400 7028.6400 0.0000 105998.6437
7042.7800 7042.7800 0.0000 105967.1335
7056.9300 7056.9300 0.0000 105967.1335
7071.0700 7071.0700 0.0000 105967.1335
7085.2100 7085.2100 0.0000 105967.1335
7099.3500 7099.3500 0.0000 105936.7486
7113.4900 7113.4900 0.0000 105936.7486
7127.6400 7127.6400 0.0000 105936.7486
7141.7800 7141.7800 0.0000 105936.7486
7155.9200 7155.9200 0.0000 105906.3638
7170.0600 7170.0600 0.0000 105906.3638
7184.2000 7184.2000 0.0000 105906.3638
7198.3500 7198.3500 0.0000 105906.3638
7212.4900 7212.4900 0.0000 105877.1042
7226.6300 7226.6300 0.0000 105877.1042
7240.7700 7240.7700 0.0000 105877.1042
7254.9200 7254.9200 0.0000 105877.1042
7269.0600 7269.0600 0.0000 105847.8447
7283.2000 7283.2000 0.0000 105847.8447
7297.3400 7297.3400 0.0000 105847.8447
7311.4800 7311.4800 0.0000 105847.8447
7325.6300 7325.6300 0.0000 105818.5852
7339.7700 7339.7700 0.0000 105818.5852
7353.9100 7353.9100 0.0000 105818.5852
7368.0500 7368.0500 0.0000 105818.5852
7382.1900 7382.1900 0.0000 105790.4511
7396.3400 7396.3400 0.0000 105790.4511
7410.4800 7410.4800 0.0000 105790.4511
7424.6200 7424.6200 0.0000 105790.4511
7438.7600 7438.7600 0.0000 105762.3169
7452.9100 7452.9100 0.0000 105762.3169
7467.0500 7467.0500 0.0000 105762.3169
7481.1900 7481.1900 0.0000 105762.3169
7495.3300 7495.3300 0.0000 105735.3082
7509.4700 7509.4700 0.0000 105735.3082
7523.6200 7523.6200 0.0000 105735.3082
7537.7600 7537.7600 0.0000 105735.3082
7551.9000 7551.9000 0.0000 105708.2994
7566.0400 7566.0400 0.0000 105708.2994
7580.1800 7580.1800 0.0000 105708.2994
7594.3300 7594.3300 0.0000 105708.2994
7608.4700 7608.4700 0.0000 105681.2906
7622.6100 7622.6100 0.0000 105681.2906
7636.7500 7636.7500 0.0000 105681.2906
7650.9000 7650.9000 0.0000 105681.2906
7665.0400 7665.0400 0.0000 105654.2818
7679.1800 7679.1800 0.0000 105654.2818
7693.3200 7693.3200 0.0000 105654.2818
7707.4600 7707.4600 0.0000 105654.2818
7721.6100 7721.6100 0.0000 105627.2731
7735.7500 7735.7500 0.0000 105627.2731
7749.8900 7749.8900 0.0000 105627.2731
7764.0300 7764.0300 0.0000 105627.2731
7778.1700 7778.1700 0.0000 105601.3897
