0.0000 0.0000 0.0000 189951.0000
14.1421 14.1421 0.0000 187058.0000
28.2843 28.2843 0.0000 180957.0000
42.4264 42.4264 0.0000 174231.0000
56.5685 56.5685 0.0000 165222.0000
70.7107 70.7107 0.0000 158769.0000
84.8528 84.8528 0.0000 150250.0000
98.9949 98.9949 0.0000 144648.0000
113.1370 113.1370 0.0000 137973.0000
127.2790 127.2790 0.0000 133859.0000
141.4210 141.4210 0.0000 129362.0000
155.5630 155.5630 0.0000 126563.0000
169.7060 169.7060 0.0000 123176.0000
183.8480 183.8480 0.0000 120788.0000
197.9900 197.9900 0.0000 118305.0000
212.1320 212.1320 0.0000 116179.0000
226.2740 226.2740 0.0000 114062.0000
240.4160 240.4160 0.0000 112366.0000
254.5580 254.5580 0.0000 111860.0000
268.7010 268.7010 0.0000 110986.0000
282.8430 282.8430 0.0000 110183.0000
296.9850 296.9850 0.0000 109482.0000
311.1270 311.1270 0.0000 109167.0000
325.2690 325.2690 0.0000 108596.0000
339.4110 339.4110 0.0000 108099.0000
353.5530 353.5530 0.0000 107668.0000
367.6960 367.6960 0.0000 107475.0000
381.8380 381.8380 0.0000 107131.0000
395.9800 395.9800 0.0000 106836.0000
410.1220 410.1220 0.0000 106584.0000
424.2640 424.2640 0.0000 106366.0000
438.4060 438.4060 0.0000 106268.0000
452.5480 452.5480 0.0000 106089.0000
466.6900 466.6900 0.0000 105928.0000
480.8330 480.8330 0.0000 105781.0000
494.9750 494.9750 0.0000 105711.0000
509.1170 509.1170 0.0000 105580.0000
523.2590 523.2590 0.0000 105458.0000
537.4010 537.4010 0.0000 105342.0000
551.5430 551.5430 0.0000 105188.9611
565.6850 565.6850 0.0000 105051.1175
579.8280 579.8280 0.0000 104842.7241
593.9700 593.9700 0.0000 104756.9789
608.1120 608.1120 0.0000 104681.0022
622.2540 622.2540 0.0000 104612.6231
636.3960 636.3960 0.0000 104484.5480
650.5380 650.5380 0.0000 104421.5958
664.6800 664.6800 0.0000 104358.6436
678.8230 678.8230 0.0000 104227.3123
692.9650 692.9650 0.0000 104161.1040
707.1070 707.1070 0.0000 104091.6396
721.2490 721.2490 0.0000 103953.7960
735.3910 735.3910 0.0000 103885.4169
749.5330 749.5330 0.0000 103818.1232
763.6750 763.6750 0.0000 103687.8773
777.8170 777.8170 0.0000 103624.9252
791.9600 791.9600 0.0000 103506.6185
806.1020 806.1020 0.0000 103451.2640
820.2440 820.2440 0.0000 103398.0802
834.3860 834.3860 0.0000 103297.1397
848.5280 848.5280 0.0000 103249.3829
862.6700 862.6700 0.0000 103203.7968
876.8120 876.8120 0.0000 103118.0516
890.9550 890.9550 0.0000 103077.8925
905.0970 905.0970 0.0000 103038.8187
919.2390 919.2390 0.0000 102966.0981
933.3810 933.3810 0.0000 102931.3658
947.5230 947.5230 0.0000 102898.8044
961.6650 961.6650 0.0000 102866.2429
975.8070 975.8070 0.0000 102806.5469
989.9490 989.9490 0.0000 102778.3269
1004.0900 1004.0900 0.0000 102751.1924
1018.2300 1018.2300 0.0000 102700.1794
1032.3800 1032.3800 0.0000 102676.3010
1046.5200 1046.5200 0.0000 102653.5080
1060.6600 1060.6600 0.0000 102610.0927
1074.8000 1074.8000 0.0000 102590.5558
1088.9400 1088.9400 0.0000 102571.0189
1103.0900 1103.0900 0.0000 102535.2013
1117.2300 1117.2300 0.0000 102517.8352
1131.3700 1131.3700 0.0000 102487.4445
1145.5100 1145.5100 0.0000 102472.2491
1159.6600 1159.6600 0.0000 102459.2245
1173.8000 1173.8000 0.0000 102433.1754
1187.9400 1187.9400 0.0000 102422.3215
1202.0800 1202.0800 0.0000 102410.3823
1216.2200 1216.2200 0.0000 102390.8454
1230.3700 1230.3700 0.0000 102381.0770
1244.5100 1244.5100 0.0000 102372.3939
1258.6500 1258.6500 0.0000 102356.1132
1272.7900 1272.7900 0.0000 102349.6009
1286.9300 1286.9300 0.0000 102342.0032
1301.0800 1301.0800 0.0000 102336.5763
1315.2200 1315.2200 0.0000 102325.7225
1329.3600 1329.3600 0.0000 102321.3810
1343.5000 1343.5000 0.0000 102317.0394
1357.6500 1357.6500 0.0000 102309.4418
1371.7900 1371.7900 0.0000 102305.1002
1385.9300 1385.9300 0.0000 102301.8441
1400.0700 1400.0700 0.0000 102295.3318
1414.2100 1414.2100 0.0000 102290.9903
1428.3600 1428.3600 0.0000 102283.3926
1442.5000 1442.5000 0.0000 102276.8803
1456.6400 1456.6400 0.0000 102264.9411
1470.7800 1470.7800 0.0000 102222.6112
1484.9200 1484.9200 0.0000 102188.9643
1499.0700 1499.0700 0.0000 102144.4637
1513.2100 1513.2100 0.0000 102013.1324
1527.3500 1527.3500 0.0000 102115.1583
1541.4900 1541.4900 0.0000 102108.6460
1555.6300 1555.6300 0.0000 102101.0484
1569.7800 1569.7800 0.0000 102101.0484
1583.9200 1583.9200 0.0000 102094.5361
1598.0600 1598.0600 0.0000 102088.0238
1612.2000 1612.2000 0.0000 102088.0238
1626.3500 1626.3500 0.0000 102081.5115
1640.4900 1640.4900 0.0000 102074.9992
1654.6300 1654.6300 0.0000 102074.9992
1668.7700 1668.7700 0.0000 102069.5723
1682.9100 1682.9100 0.0000 102064.1454
1697.0600 1697.0600 0.0000 102064.1454
1711.2000 1711.2000 0.0000 102057.6331
1725.3400 1725.3400 0.0000 102052.2062
1739.4800 1739.4800 0.0000 102052.2062
1753.6200 1753.6200 0.0000 102046.7792
1767.7700 1767.7700 0.0000 102041.3523
1781.9100 1781.9100 0.0000 102041.3523
1796.0500 1796.0500 0.0000 102035.9254
1810.1900 1810.1900 0.0000 102031.5839
1824.3400 1824.3400 0.0000 102031.5839
1838.4800 1838.4800 0.0000 102026.1570
1852.6200 1852.6200 0.0000 102021.8155
1866.7600 1866.7600 0.0000 102021.8155
1880.9000 1880.9000 0.0000 102016.3885
1895.0500 1895.0500 0.0000 102012.0470
1909.1900 1909.1900 0.0000 102012.0470
1923.3300 1923.3300 0.0000 102006.6201
1937.4700 1937.4700 0.0000 102002.2786
1951.6100 1951.6100 0.0000 102002.2786
1965.7600 1965.7600 0.0000 101997.9370
1979.9000 1979.9000 0.0000 101993.5955
1994.0400 1994.0400 0.0000 101993.5955
2008.1800 2008.1800 0.0000 101989.2540
2022.3300 2022.3300 0.0000 101984.9125
2036.4700 2036.4700 0.0000 101984.9125
2050.6100 2050.6100 0.0000 101980.5709
2064.7500 2064.7500 0.0000 101976.2294
2078.8900 2078.8900 0.0000 101976.2294
2093.0400 2093.0400 0.0000 101972.9733
2107.1800 2107.1800 0.0000 101968.6317
2121.3200 2121.3200 0.0000 101964.2902
2135.4600 2135.4600 0.0000 101964.2902
2149.6000 2149.6000 0.0000 101961.0340
2163.7500 2163.7500 0.0000 101956.6925
2177.8900 2177.8900 0.0000 101956.6925
2192.0300 2192.0300 0.0000 101953.4364
2206.1700 2206.1700 0.0000 101949.0948
2220.3200 2220.3200 0.0000 101949.0948
2234.4600 2234.4600 0.0000 101945.8387
2248.6000 2248.6000 0.0000 101942.5825
2262.7400 2262.7400 0.0000 101942.5825
2276.8800 2276.8800 0.0000 101939.3264
2291.0300 2291.0300 0.0000 101934.9849
2305.1700 2305.1700 0.0000 101934.9849
2319.3100 2319.3100 0.0000 101931.7287
2333.4500 2333.4500 0.0000 101928.4726
2347.5900 2347.5900 0.0000 101928.4726
2361.7400 2361.7400 0.0000 101925.2164
2375.8800 2375.8800 0.0000 101921.9603
2390.0200 2390.0200 0.0000 101921.9603
2404.1600 2404.1600 0.0000 101918.7041
2418.3100 2418.3100 0.0000 101915.4480
2432.4500 2432.4500 0.0000 101915.4480
2446.5900 2446.5900 0.0000 101912.1918
2460.7300 2460.7300 0.0000 101910.0211
2474.8700 2474.8700 0.0000 101910.0211
2489.0200 2489.0200 0.0000 101906.7649
2503.1600 2503.1600 0.0000 101903.5088
2517.3000 2517.3000 0.0000 101903.5088
2531.4400 2531.4400 0.0000 101900.2526
2545.5800 2545.5800 0.0000 101898.0819
2559.7300 2559.7300 0.0000 101898.0819
2573.8700 2573.8700 0.0000 101894.8257
2588.0100 2588.0100 0.0000 101892.6550
2602.1500 2602.1500 0.0000 101892.6550
2616.3000 2616.3000 0.0000 101889.3988
2630.4400 2630.4400 0.0000 101887.2280
2644.5800 2644.5800 0.0000 101887.2280
2658.7200 2658.7200 0.0000 101883.9719
2672.8600 2672.8600 0.0000 101881.8011
2687.0100 2687.0100 0.0000 101881.8011
2701.1500 2701.1500 0.0000 101878.5450
2715.2900 2715.2900 0.0000 101876.3742
2729.4300 2729.4300 0.0000 101876.3742
2743.5700 2743.5700 0.0000 101874.2035
2757.7200 2757.7200 0.0000 101870.9473
2771.8600 2771.8600 0.0000 101870.9473
2786.0000 2786.0000 0.0000 101868.7765
2800.1400 2800.1400 0.0000 101866.6058
2814.2800 2814.2800 0.0000 101866.6058
2828.4300 2828.4300 0.0000 101864.4350
2842.5700 2842.5700 0.0000 101861.1789
2856.7100 2856.7100 0.0000 101861.1789
2870.8500 2870.8500 0.0000 101859.0081
2885.0000 2885.0000 0.0000 101856.8373
2899.1400 2899.1400 0.0000 101856.8373
2913.2800 2913.2800 0.0000 101854.6666
2927.4200 2927.4200 0.0000 101852.4958
2941.5600 2941.5600 0.0000 101852.4958
2955.7100 2955.7100 0.0000 101850.3250
2969.8500 2969.8500 0.0000 101848.1543
2983.9900 2983.9900 0.0000 101848.1543
2998.1300 2998.1300 0.0000 101844.8981
3012.2700 3012.2700 0.0000 101841.6420
3026.4200 3026.4200 0.0000 101841.6420
3040.5600 3040.5600 0.0000 101838.3858
3054.7000 3054.7000 0.0000 101834.0443
3068.8400 3068.8400 0.0000 101834.0443
3082.9900 3082.9900 0.0000 101829.7028
3097.1300 3097.1300 0.0000 101824.2759
3111.2700 3111.2700 0.0000 101824.2759
