0.0 0.0 0.0 128392.0
70.7107 70.7107 0.0 57742.9
141.421 141.421 0.0 27078.0
212.132 212.132 0.0 20605.0
282.843 282.843 0.0 16950.6
353.553 353.553 0.0 14213.2
424.264 424.264 0.0 12307.3
494.975 494.975 0.0 11693.5
565.685 565.685 0.0 11288.5
636.396 636.396 0.0 10893.7
707.107 707.107 0.0 10513.8
777.817 777.817 0.0 10063.5
848.528 848.528 0.0 9696.94
919.239 919.239 0.0 9345.02
989.949 989.949 0.0 9008.85
1060.66 1060.66 0.0 8703.86
1131.37 1131.37 0.0 8427.83
1202.08 1202.08 0.0 8178.89
1272.79 1272.79 0.0 7952.14
1343.5 1343.5 0.0 7750.59
1414.21 1414.21 0.0 7564.08
1484.92 1484.92 0.0 7386.51
1555.63 1555.63 0.0 7295.3
1626.35 1626.35 0.0 7121.66
1697.06 1697.06 0.0 6926.09
1767.77 1767.77 0.0 6745.82
1838.48 1838.48 0.0 6566.69
1909.19 1909.19 0.0 6392.99
1979.9 1979.9 0.0 6237.12
2050.61 2050.61 0.0 6078.5
2121.32 2121.32 0.0 5927.38
2192.03 2192.03 0.0 5753.91
2262.74 2262.74 0.0 5609.13
2333.45 2333.45 0.0 5486.55
2404.16 2404.16 0.0 5363.34
2474.87 2474.87 0.0 5247.4
2545.58 2545.58 0.0 5137.56
2616.3 2616.3 0.0 5032.15
2687.01 2687.01 0.0 4930.87
2757.72 2757.72 0.0 4833.37
2828.43 2828.43 0.0 4739.33
2899.14 2899.14 0.0 4648.54
2969.85 2969.85 0.0 4560.9
3040.56 3040.56 0.0 4476.13
3111.27 3111.27 0.0 4394.03
3181.98 3181.98 0.0 4314.65
3252.69 3252.69 0.0 4237.79
3323.4 3323.4 0.0 4163.22
3394.11 3394.11 0.0 4090.91
3464.82 3464.82 0.0 4020.85
3535.53 3535.53 0.0 3952.77
3606.24 3606.24 0.0 3886.62
3676.96 3676.96 0.0 3822.38
3747.67 3747.67 0.0 3759.92
3818.38 3818.38 0.0 3699.05
3889.09 3889.09 0.0 3582.08
3959.8 3959.8 0.0 3525.79
4030.51 4030.51 0.0 3470.89
4101.22 4101.22 0.0 3417.32
4171.93 4171.93 0.0 3365.02
4242.64 4242.64 0.0 3313.88
4313.35 4313.35 0.0 3263.9
4384.06 4384.06 0.0 3215.04
4454.77 4454.77 0.0 3167.2
4525.48 4525.48 0.0 3120.35
4596.19 4596.19 0.0 3074.51
4666.9 4666.9 0.0 3029.7
4737.62 4737.62 0.0 2985.6
4808.33 4808.33 0.0 2940.22
4879.04 4879.04 0.0 2894.96
4949.75 4949.75 0.0 2872.67
5020.46 5020.46 0.0 2918.01
5091.17 5091.17 0.0 3035.03
5161.88 5161.88 0.0 3201.65
5232.59 5232.59 0.0 3402.75
5303.3 5303.3 0.0 3599.72
5374.01 5374.01 0.0 3739.47
5444.72 5444.72 0.0 3719.93
5515.43 5515.43 0.0 0
5586.14 5586.14 0.0 0
5656.85 5656.85 0.0 0
5727.56 5727.56 0.0 0
5798.28 5798.28 0.0 0
5868.99 5868.99 0.0 0
5939.7 5939.7 0.0 0
6010.41 6010.41 0.0 0
6081.12 6081.12 0.0 0
6151.83 6151.83 0.0 0
6222.54 6222.54 0.0 0
6293.25 6293.25 0.0 0
6363.96 6363.96 0.0 0
6434.67 6434.67 0.0 0
6505.38 6505.38 0.0 0
6576.09 6576.09 0.0 0
6646.8 6646.8 0.0 0
6717.51 6717.51 0.0 0
6788.23 6788.23 0.0 0
6858.94 6858.94 0.0 0
6929.65 6929.65 0.0 0
7000.36 7000.36 0.0 0
7071.07 7071.07 0.0 0
7141.78 7141.78 0.0 0
7212.49 7212.49 0.0 0
7283.2 7283.2 0.0 0
7353.91 7353.91 0.0 0
7424.62 7424.62 0.0 0
7495.33 7495.33 0.0 0
7566.04 7566.04 0.0 0
7636.75 7636.75 0.0 0
7707.46 7707.46 0.0 0
7778.17 7778.17 0.0 0
