0.0 0.0 0.0 21799.8
70.7107 70.7107 0.0 21230.5
141.421 141.421 0.0 20389.2
212.132 212.132 0.0 18157.3
282.843 282.843 0.0 17194.4
353.553 353.553 0.0 15588.9
424.264 424.264 0.0 14162.3
494.975 494.975 0.0 12916.0
565.685 565.685 0.0 11827.1
636.396 636.396 0.0 10886.3
707.107 707.107 0.0 10050.7
777.817 777.817 0.0 9276.01
848.528 848.528 0.0 8547.15
919.239 919.239 0.0 7978.33
989.949 989.949 0.0 7512.83
1060.66 1060.66 0.0 7106.92
1131.37 1131.37 0.0 6757.9
1202.08 1202.08 0.0 6448.66
1272.79 1272.79 0.0 6176.61
1343.5 1343.5 0.0 5920.07
1414.21 1414.21 0.0 5747.88
1484.92 1484.92 0.0 5520.8
1555.63 1555.63 0.0 5294.86
1626.35 1626.35 0.0 5086.1
1697.06 1697.06 0.0 4900.5
1767.77 1767.77 0.0 4702.04
1838.48 1838.48 0.0 4542.74
1909.19 1909.19 0.0 4387.8
1979.9 1979.9 0.0 4237.24
2050.61 2050.61 0.0 4094.47
2121.32 2121.32 0.0 3957.82
2192.03 2192.03 0.0 3826.73
2262.74 2262.74 0.0 3701.07
2333.45 2333.45 0.0 3581.15
2404.16 2404.16 0.0 3467.23
2474.87 2474.87 0.0 3359.45
2545.58 2545.58 0.0 3257.94
2616.3 2616.3 0.0 3162.73
2687.01 2687.01 0.0 3073.71
2757.72 2757.72 0.0 2990.69
2828.43 2828.43 0.0 2913.48
2899.14 2899.14 0.0 2841.8
2969.85 2969.85 0.0 2775.2
3040.56 3040.56 0.0 2713.3
3111.27 3111.27 0.0 2655.67
3181.98 3181.98 0.0 2601.83
3252.69 3252.69 0.0 2551.29
3323.4 3323.4 0.0 2503.67
3394.11 3394.11 0.0 2458.65
3464.82 3464.82 0.0 2415.74
3535.53 3535.53 0.0 2374.71
3606.24 3606.24 0.0 2335.33
3676.96 3676.96 0.0 2297.35
3747.67 3747.67 0.0 2260.62
3818.38 3818.38 0.0 2224.98
3889.09 3889.09 0.0 2156.39
3959.8 3959.8 0.0 2123.18
4030.51 4030.51 0.0 2090.6
4101.22 4101.22 0.0 2058.52
4171.93 4171.93 0.0 2026.89
4242.64 4242.64 0.0 1995.69
4313.35 4313.35 0.0 1964.86
4384.06 4384.06 0.0 1934.37
4454.77 4454.77 0.0 1904.19
4525.48 4525.48 0.0 1874.33
4596.19 4596.19 0.0 1844.75
4666.9 4666.9 0.0 1815.5
4737.62 4737.62 0.0 1785.77
4808.33 4808.33 0.0 1754.79
4879.04 4879.04 0.0 1729.33
4949.75 4949.75 0.0 1731.65
5020.46 5020.46 0.0 1779.38
5091.17 5091.17 0.0 1861.66
5161.88 5161.88 0.0 1967.43
5232.59 5232.59 0.0 2087.74
5303.3 5303.3 0.0 2197.0
5374.01 5374.01 0.0 2270.25
5444.72 5444.72 0.0 2253.06
5515.43 5515.43 0.0 0
5586.14 5586.14 0.0 0
5656.85 5656.85 0.0 0
5727.56 5727.56 0.0 0
5798.28 5798.28 0.0 0
5868.99 5868.99 0.0 0
5939.7 5939.7 0.0 0
6010.41 6010.41 0.0 0
6081.12 6081.12 0.0 0
6151.83 6151.83 0.0 0
6222.54 6222.54 0.0 0
6293.25 6293.25 0.0 0
6363.96 6363.96 0.0 0
6434.67 6434.67 0.0 0
6505.38 6505.38 0.0 0
6576.09 6576.09 0.0 0
6646.8 6646.8 0.0 0
6717.51 6717.51 0.0 0
6788.23 6788.23 0.0 0
6858.94 6858.94 0.0 0
6929.65 6929.65 0.0 0
7000.36 7000.36 0.0 0
7071.07 7071.07 0.0 0
7141.78 7141.78 0.0 0
7212.49 7212.49 0.0 0
7283.2 7283.2 0.0 0
7353.91 7353.91 0.0 0
7424.62 7424.62 0.0 0
7495.33 7495.33 0.0 0
7566.04 7566.04 0.0 0
7636.75 7636.75 0.0 0
7707.46 7707.46 0.0 0
7778.17 7778.17 0.0 0
