0.0 0.0 0.0 133591.0
70.7107 70.7107 0.0 133591.0
141.421 141.421 0.0 135359.0
212.132 212.132 0.0 118010.0
282.843 282.843 0.0 122988.0
353.553 353.553 0.0 90378.9
424.264 424.264 0.0 77525.7
494.975 494.975 0.0 66011.6
565.685 565.685 0.0 58254.0
636.396 636.396 0.0 52564.9
707.107 707.107 0.0 48058.7
777.817 777.817 0.0 44318.6
848.528 848.528 0.0 41143.1
919.239 919.239 0.0 38336.6
989.949 989.949 0.0 35900.4
1060.66 1060.66 0.0 33684.8
1131.37 1131.37 0.0 31730.9
1202.08 1202.08 0.0 29928.5
1272.79 1272.79 0.0 29928.5
1343.5 1343.5 0.0 28349.1
1414.21 1414.21 0.0 26871.9
1484.92 1484.92 0.0 25575.8
1555.63 1555.63 0.0 24322.6
1626.35 1626.35 0.0 23246.6
1697.06 1697.06 0.0 22176.5
1767.77 1767.77 0.0 21252.6
1838.48 1838.48 0.0 20324.1
1909.19 1909.19 0.0 19556.7
1979.9 1979.9 0.0 18745.2
2050.61 2050.61 0.0 18310.7
2121.32 2121.32 0.0 17222.9
2192.03 2192.03 0.0 17338.4
2262.74 2262.74 0.0 15587.6
2333.45 2333.45 0.0 16656.3
2404.16 2404.16 0.0 14785.8
2474.87 2474.87 0.0 14785.8
2545.58 2545.58 0.0 14740.7
2616.3 2616.3 0.0 13986.7
2687.01 2687.01 0.0 14009.0
2757.72 2757.72 0.0 13080.6
2828.43 2828.43 0.0 13080.6
2899.14 2899.14 0.0 12146.6
2969.85 2969.85 0.0 12146.6
3040.56 3040.56 0.0 11545.1
3111.27 3111.27 0.0 11545.1
3181.98 3181.98 0.0 11264.0
3252.69 3252.69 0.0 11264.0
3323.4 3323.4 0.0 11048.1
3394.11 3394.11 0.0 11048.1
3464.82 3464.82 0.0 10828.3
3535.53 3535.53 0.0 10828.3
3606.24 3606.24 0.0 10594.4
3676.96 3676.96 0.0 10594.4
3747.67 3747.67 0.0 10594.4
3818.38 3818.38 0.0 10395.1
3889.09 3889.09 0.0 10395.1
3959.8 3959.8 0.0 10218.1
4030.51 4030.51 0.0 10218.1
4101.22 4101.22 0.0 10052.9
4171.93 4171.93 0.0 10052.9
4242.64 4242.64 0.0 9893.58
4313.35 4313.35 0.0 9893.58
4384.06 4384.06 0.0 9736.36
4454.77 4454.77 0.0 9736.36
4525.48 4525.48 0.0 9580.14
4596.19 4596.19 0.0 9580.14
4666.9 4666.9 0.0 9424.08
4737.62 4737.62 0.0 9424.08
4808.33 4808.33 0.0 9267.39
4879.04 4879.04 0.0 9267.39
4949.75 4949.75 0.0 9267.39
5020.46 5020.46 0.0 9110.09
5091.17 5091.17 0.0 9110.09
5161.88 5161.88 0.0 8952.06
5232.59 5232.59 0.0 8952.06
5303.3 5303.3 0.0 8794.17
5374.01 5374.01 0.0 8794.17
5444.72 5444.72 0.0 8636.82
5515.43 5515.43 0.0 8636.82
5586.14 5586.14 0.0 8480.41
5656.85 5656.85 0.0 8480.41
5727.56 5727.56 0.0 8325.14
5798.28 5798.28 0.0 8325.14
5868.99 5868.99 0.0 8171.16
5939.7 5939.7 0.0 8171.16
6010.41 6010.41 0.0 8019.65
6081.12 6081.12 0.0 8019.65
6151.83 6151.83 0.0 7865.6
6222.54 6222.54 0.0 7865.6
6293.25 6293.25 0.0 7865.6
6363.96 6363.96 0.0 7714.71
6434.67 6434.67 0.0 7714.71
6505.38 6505.38 0.0 7643.53
6576.09 6576.09 0.0 7643.53
6646.8 6646.8 0.0 7782.13
6717.51 6717.51 0.0 7782.13
6788.23 6788.23 0.0 8102.05
6858.94 6858.94 0.0 8102.05
6929.65 6929.65 0.0 8560.4
7000.36 7000.36 0.0 8560.4
7071.07 7071.07 0.0 9060.12
7141.78 7141.78 0.0 9060.12
7212.49 7212.49 0.0 9444.22
7283.2 7283.2 0.0 9444.22
7353.91 7353.91 0.0 9372.43
7424.62 7424.62 0.0 9372.43
7495.33 7495.33 0.0 9372.43
7566.04 7566.04 0.0 0
7636.75 7636.75 0.0 0
7707.46 7707.46 0.0 0
7778.17 7778.17 0.0 0
