0.0 0.0 0.0 107934.0
70.7107 70.7107 0.0 107934.0
141.421 141.421 0.0 106540.0
212.132 212.132 0.0 104506.0
282.843 282.843 0.0 101891.0
353.553 353.553 0.0 98153.0
424.264 424.264 0.0 93826.6
494.975 494.975 0.0 89219.0
565.685 565.685 0.0 84445.0
636.396 636.396 0.0 79769.0
707.107 707.107 0.0 75357.3
777.817 777.817 0.0 71302.2
848.528 848.528 0.0 67533.4
919.239 919.239 0.0 64033.0
989.949 989.949 0.0 60843.8
1060.66 1060.66 0.0 57888.4
1131.37 1131.37 0.0 55191.4
1202.08 1202.08 0.0 52693.6
1272.79 1272.79 0.0 52693.6
1343.5 1343.5 0.0 50423.9
1414.21 1414.21 0.0 48289.3
1484.92 1484.92 0.0 46345.3
1555.63 1555.63 0.0 44494.3
1626.35 1626.35 0.0 42816.3
1697.06 1697.06 0.0 41198.4
1767.77 1767.77 0.0 39730.9
1838.48 1838.48 0.0 38310.1
1909.19 1909.19 0.0 37059.4
1979.9 1979.9 0.0 35736.3
2050.61 2050.61 0.0 34597.9
2121.32 2121.32 0.0 33457.7
2192.03 2192.03 0.0 32376.8
2262.74 2262.74 0.0 31303.1
2333.45 2333.45 0.0 30645.0
2404.16 2404.16 0.0 29150.0
2474.87 2474.87 0.0 29150.0
2545.58 2545.58 0.0 28832.8
2616.3 2616.3 0.0 27060.8
2687.01 2687.01 0.0 27786.8
2757.72 2757.72 0.0 25488.9
2828.43 2828.43 0.0 26018.2
2899.14 2899.14 0.0 23995.6
2969.85 2969.85 0.0 24369.9
3040.56 3040.56 0.0 23000.4
3111.27 3111.27 0.0 23000.4
3181.98 3181.98 0.0 22037.7
3252.69 3252.69 0.0 22037.7
3323.4 3323.4 0.0 21200.5
3394.11 3394.11 0.0 21200.5
3464.82 3464.82 0.0 20402.7
3535.53 3535.53 0.0 20402.7
3606.24 3606.24 0.0 19879.7
3676.96 3676.96 0.0 19879.7
3747.67 3747.67 0.0 19879.7
3818.38 3818.38 0.0 19459.0
3889.09 3889.09 0.0 19459.0
3959.8 3959.8 0.0 19028.4
4030.51 4030.51 0.0 19028.4
4101.22 4101.22 0.0 18291.6
4171.93 4171.93 0.0 18291.6
4242.64 4242.64 0.0 17828.5
4313.35 4313.35 0.0 17828.5
4384.06 4384.06 0.0 17624.8
4454.77 4454.77 0.0 17624.8
4525.48 4525.48 0.0 17412.9
4596.19 4596.19 0.0 17412.9
4666.9 4666.9 0.0 17067.6
4737.62 4737.62 0.0 17067.6
4808.33 4808.33 0.0 16715.5
4879.04 4879.04 0.0 16715.5
4949.75 4949.75 0.0 16715.5
5020.46 5020.46 0.0 16367.4
5091.17 5091.17 0.0 16367.4
5161.88 5161.88 0.0 16028.5
5232.59 5232.59 0.0 16028.5
5303.3 5303.3 0.0 15699.0
5374.01 5374.01 0.0 15699.0
5444.72 5444.72 0.0 15379.0
5515.43 5515.43 0.0 15379.0
5586.14 5586.14 0.0 15069.0
5656.85 5656.85 0.0 15069.0
5727.56 5727.56 0.0 14768.8
5798.28 5798.28 0.0 14768.8
5868.99 5868.99 0.0 14478.7
5939.7 5939.7 0.0 14478.7
6010.41 6010.41 0.0 14195.8
6081.12 6081.12 0.0 14195.8
6151.83 6151.83 0.0 13908.0
6222.54 6222.54 0.0 13908.0
6293.25 6293.25 0.0 13908.0
6363.96 6363.96 0.0 13670.9
6434.67 6434.67 0.0 13670.9
6505.38 6505.38 0.0 13747.0
6576.09 6576.09 0.0 13747.0
6646.8 6646.8 0.0 14258.3
6717.51 6717.51 0.0 14258.3
6788.23 6788.23 0.0 14887.5
6858.94 6858.94 0.0 14887.5
6929.65 6929.65 0.0 15545.5
7000.36 7000.36 0.0 15545.5
7071.07 7071.07 0.0 16122.5
7141.78 7141.78 0.0 16122.5
7212.49 7212.49 0.0 16545.8
7283.2 7283.2 0.0 16545.8
7353.91 7353.91 0.0 16404.5
7424.62 7424.62 0.0 16404.5
7495.33 7495.33 0.0 16404.5
7566.04 7566.04 0.0 0
7636.75 7636.75 0.0 0
7707.46 7707.46 0.0 0
7778.17 7778.17 0.0 0
