0.0 0.0 0.0 1451370.0
70.7107 70.7107 0.0 1453550.0
141.421 141.421 0.0 1423940.0
212.132 212.132 0.0 1396270.0
282.843 282.843 0.0 1350760.0
353.553 353.553 0.0 1313480.0
424.264 424.264 0.0 1250230.0
494.975 494.975 0.0 1183450.0
565.685 565.685 0.0 1120080.0
636.396 636.396 0.0 1087810.0
707.107 707.107 0.0 1023910.0
777.817 777.817 0.0 958404.0
848.528 848.528 0.0 896548.0
919.239 919.239 0.0 833179.0
989.949 989.949 0.0 773297.0
1060.66 1060.66 0.0 718139.0
1131.37 1131.37 0.0 667188.0
1202.08 1202.08 0.0 619836.0
1272.79 1272.79 0.0 597323.0
1343.5 1343.5 0.0 554509.0
1414.21 1414.21 0.0 514794.0
1484.92 1484.92 0.0 480208.0
1555.63 1555.63 0.0 450489.0
1626.35 1626.35 0.0 422926.0
1697.06 1697.06 0.0 397590.0
1767.77 1767.77 0.0 374912.0
1838.48 1838.48 0.0 354300.0
1909.19 1909.19 0.0 344908.0
1979.9 1979.9 0.0 327950.0
2050.61 2050.61 0.0 313220.0
2121.32 2121.32 0.0 300125.0
2192.03 2192.03 0.0 288709.0
2262.74 2262.74 0.0 278168.0
2333.45 2333.45 0.0 268473.0
2404.16 2404.16 0.0 259764.0
2474.87 2474.87 0.0 255610.0
2545.58 2545.58 0.0 247811.0
2616.3 2616.3 0.0 240675.0
2687.01 2687.01 0.0 234005.0
2757.72 2757.72 0.0 227854.0
2828.43 2828.43 0.0 222122.0
2899.14 2899.14 0.0 216786.0
2969.85 2969.85 0.0 211810.0
3040.56 3040.56 0.0 207163.0
3111.27 3111.27 0.0 204953.0
3181.98 3181.98 0.0 200747.0
3252.69 3252.69 0.0 196806.0
3323.4 3323.4 0.0 193106.0
3394.11 3394.11 0.0 189629.0
3464.82 3464.82 0.0 186356.0
3535.53 3535.53 0.0 183272.0
3606.24 3606.24 0.0 180361.0
3676.96 3676.96 0.0 177610.0
3747.67 3747.67 0.0 176290.0
3818.38 3818.38 0.0 173756.0
3889.09 3889.09 0.0 171353.0
3959.8 3959.8 0.0 169071.0
4030.51 4030.51 0.0 166903.0
4101.22 4101.22 0.0 164843.0
4171.93 4171.93 0.0 162887.0
4242.64 4242.64 0.0 161032.0
4313.35 4313.35 0.0 159268.0
4384.06 4384.06 0.0 158418.0
4454.77 4454.77 0.0 156775.0
4525.48 4525.48 0.0 155206.0
4596.19 4596.19 0.0 153705.0
4666.9 4666.9 0.0 152266.0
4737.62 4737.62 0.0 150877.0
4808.33 4808.33 0.0 149530.0
4879.04 4879.04 0.0 148221.0
4949.75 4949.75 0.0 147586.0
5020.46 5020.46 0.0 146349.0
5091.17 5091.17 0.0 145168.0
5161.88 5161.88 0.0 144050.0
5232.59 5232.59 0.0 142994.0
5303.3 5303.3 0.0 141999.0
5374.01 5374.01 0.0 141061.0
5444.72 5444.72 0.0 140183.0
5515.43 5515.43 0.0 139379.0
5586.14 5586.14 0.0 139008.0
5656.85 5656.85 0.0 138325.0
5727.56 5727.56 0.0 137712.0
5798.28 5798.28 0.0 137151.0
5868.99 5868.99 0.0 136634.0
5939.7 5939.7 0.0 136164.0
6010.41 6010.41 0.0 135715.0
6081.12 6081.12 0.0 135306.0
6151.83 6151.83 0.0 134911.0
6222.54 6222.54 0.0 134708.0
6293.25 6293.25 0.0 134344.0
6363.96 6363.96 0.0 133983.0
6434.67 6434.67 0.0 133635.0
6505.38 6505.38 0.0 133303.0
6576.09 6576.09 0.0 132983.0
6646.8 6646.8 0.0 132659.0
6717.51 6717.51 0.0 132332.0
6788.23 6788.23 0.0 132022.0
6858.94 6858.94 0.0 131882.0
6929.65 6929.65 0.0 131574.0
7000.36 7000.36 0.0 131270.0
7071.07 7071.07 0.0 130971.0
7141.78 7141.78 0.0 130675.0
7212.49 7212.49 0.0 133355.0
7283.2 7283.2 0.0 135770.0
7353.91 7353.91 0.0 138417.0
7424.62 7424.62 0.0 138417.0
7495.33 7495.33 0.0 139044.0
7566.04 7566.04 0.0 0
7636.75 7636.75 0.0 0
7707.46 7707.46 0.0 0
7778.17 7778.17 0.0 0
