0.0 0.0 0.0 0
14.1421 14.1421 0.0 0
28.2843 28.2843 0.0 0
42.4264 42.4264 0.0 0
56.5685 56.5685 0.0 0
70.7107 70.7107 0.0 0
84.8528 84.8528 0.0 0
98.9949 98.9949 0.0 0
113.137 113.137 0.0 0
127.279 127.279 0.0 0
141.421 141.421 0.0 0
155.563 155.563 0.0 0
169.706 169.706 0.0 0
183.848 183.848 0.0 0
197.99 197.99 0.0 0
212.132 212.132 0.0 0
226.274 226.274 0.0 0
240.416 240.416 0.0 0
254.558 254.558 0.0 0
268.701 268.701 0.0 0
282.843 282.843 0.0 0
296.985 296.985 0.0 0
311.127 311.127 0.0 0
325.269 325.269 0.0 0
339.411 339.411 0.0 0
353.553 353.553 0.0 0
367.696 367.696 0.0 0
381.838 381.838 0.0 0
395.98 395.98 0.0 0
410.122 410.122 0.0 0
424.264 424.264 0.0 0
438.406 438.406 0.0 0
452.548 452.548 0.0 0
466.69 466.69 0.0 0
480.833 480.833 0.0 0
494.975 494.975 0.0 0
509.117 509.117 0.0 0
523.259 523.259 0.0 0
537.401 537.401 0.0 0
551.543 551.543 0.0 0
565.685 565.685 0.0 0
579.828 579.828 0.0 0
593.97 593.97 0.0 0
608.112 608.112 0.0 0
622.254 622.254 0.0 0
636.396 636.396 0.0 0
650.538 650.538 0.0 0
664.68 664.68 0.0 0
678.823 678.823 0.0 0
692.965 692.965 0.0 0
707.107 707.107 0.0 0
721.249 721.249 0.0 0
735.391 735.391 0.0 0
749.533 749.533 0.0 0
763.675 763.675 0.0 0
777.817 777.817 0.0 0
791.96 791.96 0.0 0
806.102 806.102 0.0 0
820.244 820.244 0.0 0
834.386 834.386 0.0 0
848.528 848.528 0.0 0
862.67 862.67 0.0 0
876.812 876.812 0.0 0
890.955 890.955 0.0 0
905.097 905.097 0.0 0
919.239 919.239 0.0 0
933.381 933.381 0.0 0
947.523 947.523 0.0 0
961.665 961.665 0.0 0
975.807 975.807 0.0 0
989.949 989.949 0.0 0
1004.09 1004.09 0.0 0
1018.23 1018.23 0.0 0
1032.38 1032.38 0.0 0
1046.52 1046.52 0.0 0
1060.66 1060.66 0.0 0
1074.8 1074.8 0.0 0
1088.94 1088.94 0.0 0
1103.09 1103.09 0.0 0
1117.23 1117.23 0.0 0
1131.37 1131.37 0.0 3061.18
1145.51 1145.51 0.0 3061.18
1159.66 1159.66 0.0 3120.02
1173.8 1173.8 0.0 3154.65
1187.94 1187.94 0.0 3154.65
1202.08 1202.08 0.0 3172.3
1216.22 1216.22 0.0 3169.42
1230.37 1230.37 0.0 3169.42
1244.51 1244.51 0.0 3149.2
1258.65 1258.65 0.0 3125.07
1272.79 1272.79 0.0 3125.07
1286.93 1286.93 0.0 3100.9
1301.08 1301.08 0.0 3077.02
1315.22 1315.22 0.0 3077.02
1329.36 1329.36 0.0 3053.49
1343.5 1343.5 0.0 3030.31
1357.65 1357.65 0.0 3030.31
1371.79 1371.79 0.0 3007.48
1385.93 1385.93 0.0 2984.9
1400.07 1400.07 0.0 2984.9
1414.21 1414.21 0.0 2962.39
1428.36 1428.36 0.0 2939.97
1442.5 1442.5 0.0 2939.97
1456.64 1456.64 0.0 2917.62
1470.78 1470.78 0.0 2895.34
1484.92 1484.92 0.0 2895.34
1499.07 1499.07 0.0 2873.13
1513.21 1513.21 0.0 2850.97
1527.35 1527.35 0.0 2850.97
1541.49 1541.49 0.0 2828.88
1555.63 1555.63 0.0 2806.83
1569.78 1569.78 0.0 2806.83
1583.92 1583.92 0.0 2784.84
1598.06 1598.06 0.0 2762.88
1612.2 1612.2 0.0 2762.88
1626.35 1626.35 0.0 2740.96
1640.49 1640.49 0.0 2719.07
1654.63 1654.63 0.0 2719.07
1668.77 1668.77 0.0 2697.2
1682.91 1682.91 0.0 2675.34
1697.06 1697.06 0.0 2675.34
1711.2 1711.2 0.0 2653.49
1725.34 1725.34 0.0 2631.66
1739.48 1739.48 0.0 2631.66
1753.62 1753.62 0.0 2609.84
1767.77 1767.77 0.0 2588.01
1781.91 1781.91 0.0 2588.01
1796.05 1796.05 0.0 2566.13
1810.19 1810.19 0.0 2544.23
1824.34 1824.34 0.0 2544.23
1838.48 1838.48 0.0 2522.31
1852.62 1852.62 0.0 2500.36
1866.76 1866.76 0.0 2500.36
1880.9 1880.9 0.0 2478.38
1895.05 1895.05 0.0 2456.36
1909.19 1909.19 0.0 2456.36
1923.33 1923.33 0.0 2434.31
1937.47 1937.47 0.0 2412.22
1951.61 1951.61 0.0 2412.22
1965.76 1965.76 0.0 2390.08
1979.9 1979.9 0.0 2367.89
1994.04 1994.04 0.0 2367.89
2008.18 2008.18 0.0 2345.65
2022.33 2022.33 0.0 2323.36
2036.47 2036.47 0.0 2323.36
2050.61 2050.61 0.0 2301.01
2064.75 2064.75 0.0 2278.6
2078.89 2078.89 0.0 2278.6
2093.04 2093.04 0.0 2256.13
2107.18 2107.18 0.0 2233.59
2121.32 2121.32 0.0 2210.98
2135.46 2135.46 0.0 2210.98
2149.6 2149.6 0.0 2188.28
2163.75 2163.75 0.0 2165.49
2177.89 2177.89 0.0 2165.49
2192.03 2192.03 0.0 2142.59
2206.17 2206.17 0.0 2119.58
2220.32 2220.32 0.0 2119.58
2234.46 2234.46 0.0 2096.44
2248.6 2248.6 0.0 2073.16
2262.74 2262.74 0.0 2073.16
2276.88 2276.88 0.0 2049.74
2291.03 2291.03 0.0 2026.16
2305.17 2305.17 0.0 2026.16
2319.31 2319.31 0.0 2002.43
2333.45 2333.45 0.0 1978.54
2347.59 2347.59 0.0 1978.54
2361.74 2361.74 0.0 1954.48
2375.88 2375.88 0.0 1930.25
2390.02 2390.02 0.0 1930.25
2404.16 2404.16 0.0 1905.84
2418.31 2418.31 0.0 1881.26
2432.45 2432.45 0.0 1881.26
2446.59 2446.59 0.0 1856.49
2460.73 2460.73 0.0 1831.54
2474.87 2474.87 0.0 1831.54
2489.02 2489.02 0.0 1806.4
2503.16 2503.16 0.0 1781.08
2517.3 2517.3 0.0 1781.08
2531.44 2531.44 0.0 1755.57
2545.58 2545.58 0.0 1729.86
2559.73 2559.73 0.0 1729.86
2573.87 2573.87 0.0 1703.96
2588.01 2588.01 0.0 1677.87
2602.15 2602.15 0.0 1677.87
2616.3 2616.3 0.0 1651.58
2630.44 2630.44 0.0 1625.1
2644.58 2644.58 0.0 1625.1
2658.72 2658.72 0.0 1598.43
2672.86 2672.86 0.0 1571.56
2687.01 2687.01 0.0 1571.56
2701.15 2701.15 0.0 1544.49
2715.29 2715.29 0.0 1517.23
2729.43 2729.43 0.0 1517.23
2743.57 2743.57 0.0 1489.77
2757.72 2757.72 0.0 1462.12
2771.86 2771.86 0.0 1462.12
2786.0 2786.0 0.0 1434.26
2800.14 2800.14 0.0 1406.21
2814.28 2814.28 0.0 1406.21
2828.43 2828.43 0.0 1377.95
2842.57 2842.57 0.0 1349.49
2856.71 2856.71 0.0 1349.49
2870.85 2870.85 0.0 1320.82
2885.0 2885.0 0.0 1291.95
2899.14 2899.14 0.0 1291.95
2913.28 2913.28 0.0 1262.87
2927.42 2927.42 0.0 1233.57
2941.56 2941.56 0.0 1233.57
2955.71 2955.71 0.0 1204.07
2969.85 2969.85 0.0 1174.37
2983.99 2983.99 0.0 1174.37
2998.13 2998.13 0.0 1144.45
3012.27 3012.27 0.0 1114.3
3026.42 3026.42 0.0 1114.3
3040.56 3040.56 0.0 1083.96
3054.7 3054.7 0.0 1053.5
3068.84 3068.84 0.0 1053.5
3082.99 3082.99 0.0 1021.64
3097.13 3097.13 0.0 978.064
3111.27 3111.27 0.0 978.064
3125.41 3125.41 0.0 0
3139.55 3139.55 0.0 0
3153.7 3153.7 0.0 0
3167.84 3167.84 0.0 0
3181.98 3181.98 0.0 0
3196.12 3196.12 0.0 0
3210.26 3210.26 0.0 0
3224.41 3224.41 0.0 0
3238.55 3238.55 0.0 0
3252.69 3252.69 0.0 0
3266.83 3266.83 0.0 0
3280.98 3280.98 0.0 0
3295.12 3295.12 0.0 0
3309.26 3309.26 0.0 0
3323.4 3323.4 0.0 0
3337.54 3337.54 0.0 0
3351.69 3351.69 0.0 0
3365.83 3365.83 0.0 0
3379.97 3379.97 0.0 0
3394.11 3394.11 0.0 0
3408.25 3408.25 0.0 0
3422.4 3422.4 0.0 0
3436.54 3436.54 0.0 0
3450.68 3450.68 0.0 0
3464.82 3464.82 0.0 0
3478.97 3478.97 0.0 0
3493.11 3493.11 0.0 0
3507.25 3507.25 0.0 0
3521.39 3521.39 0.0 0
3535.53 3535.53 0.0 0
3549.68 3549.68 0.0 0
3563.82 3563.82 0.0 0
3577.96 3577.96 0.0 0
3592.1 3592.1 0.0 0
3606.24 3606.24 0.0 0
3620.39 3620.39 0.0 0
3634.53 3634.53 0.0 0
3648.67 3648.67 0.0 0
3662.81 3662.81 0.0 0
3676.96 3676.96 0.0 0
3691.1 3691.1 0.0 0
3705.24 3705.24 0.0 0
3719.38 3719.38 0.0 0
3733.52 3733.52 0.0 0
3747.67 3747.67 0.0 0
3761.81 3761.81 0.0 0
3775.95 3775.95 0.0 0
3790.09 3790.09 0.0 0
3804.23 3804.23 0.0 0
3818.38 3818.38 0.0 0
3832.52 3832.52 0.0 0
3846.66 3846.66 0.0 0
3860.8 3860.8 0.0 0
3874.95 3874.95 0.0 0
3889.09 3889.09 0.0 0
3903.23 3903.23 0.0 0
3917.37 3917.37 0.0 0
3931.51 3931.51 0.0 0
3945.66 3945.66 0.0 0
3959.8 3959.8 0.0 0
3973.94 3973.94 0.0 0
3988.08 3988.08 0.0 0
4002.22 4002.22 0.0 0
4016.37 4016.37 0.0 0
4030.51 4030.51 0.0 0
4044.65 4044.65 0.0 0
4058.79 4058.79 0.0 0
4072.94 4072.94 0.0 0
4087.08 4087.08 0.0 0
4101.22 4101.22 0.0 0
4115.36 4115.36 0.0 0
4129.5 4129.5 0.0 0
4143.65 4143.65 0.0 0
4157.79 4157.79 0.0 0
4171.93 4171.93 0.0 0
4186.07 4186.07 0.0 0
4200.21 4200.21 0.0 0
4214.36 4214.36 0.0 0
4228.5 4228.5 0.0 0
4242.64 4242.64 0.0 0
