0.0 0.0 0.0 0
14.1421 14.1421 0.0 0
28.2843 28.2843 0.0 0
42.4264 42.4264 0.0 0
56.5685 56.5685 0.0 0
70.7107 70.7107 0.0 0
84.8528 84.8528 0.0 0
98.9949 98.9949 0.0 0
113.137 113.137 0.0 0
127.279 127.279 0.0 0
141.421 141.421 0.0 0
155.563 155.563 0.0 0
169.706 169.706 0.0 0
183.848 183.848 0.0 0
197.99 197.99 0.0 0
212.132 212.132 0.0 0
226.274 226.274 0.0 0
240.416 240.416 0.0 0
254.558 254.558 0.0 0
268.701 268.701 0.0 0
282.843 282.843 0.0 0
296.985 296.985 0.0 0
311.127 311.127 0.0 0
325.269 325.269 0.0 0
339.411 339.411 0.0 0
353.553 353.553 0.0 0
367.696 367.696 0.0 0
381.838 381.838 0.0 0
395.98 395.98 0.0 0
410.122 410.122 0.0 0
424.264 424.264 0.0 0
438.406 438.406 0.0 0
452.548 452.548 0.0 0
466.69 466.69 0.0 0
480.833 480.833 0.0 0
494.975 494.975 0.0 0
509.117 509.117 0.0 0
523.259 523.259 0.0 0
537.401 537.401 0.0 0
551.543 551.543 0.0 0
565.685 565.685 0.0 0
579.828 579.828 0.0 0
593.97 593.97 0.0 0
608.112 608.112 0.0 0
622.254 622.254 0.0 0
636.396 636.396 0.0 0
650.538 650.538 0.0 0
664.68 664.68 0.0 0
678.823 678.823 0.0 0
692.965 692.965 0.0 0
707.107 707.107 0.0 0
721.249 721.249 0.0 0
735.391 735.391 0.0 0
749.533 749.533 0.0 0
763.675 763.675 0.0 0
777.817 777.817 0.0 0
791.96 791.96 0.0 0
806.102 806.102 0.0 0
820.244 820.244 0.0 0
834.386 834.386 0.0 0
848.528 848.528 0.0 0
862.67 862.67 0.0 0
876.812 876.812 0.0 0
890.955 890.955 0.0 0
905.097 905.097 0.0 0
919.239 919.239 0.0 0
933.381 933.381 0.0 0
947.523 947.523 0.0 0
961.665 961.665 0.0 0
975.807 975.807 0.0 0
989.949 989.949 0.0 0
1004.09 1004.09 0.0 0
1018.23 1018.23 0.0 0
1032.38 1032.38 0.0 0
1046.52 1046.52 0.0 0
1060.66 1060.66 0.0 0
1074.8 1074.8 0.0 0
1088.94 1088.94 0.0 0
1103.09 1103.09 0.0 0
1117.23 1117.23 0.0 0
1131.37 1131.37 0.0 0
1145.51 1145.51 0.0 0
1159.66 1159.66 0.0 0
1173.8 1173.8 0.0 0
1187.94 1187.94 0.0 0
1202.08 1202.08 0.0 0
1216.22 1216.22 0.0 0
1230.37 1230.37 0.0 0
1244.51 1244.51 0.0 0
1258.65 1258.65 0.0 0
1272.79 1272.79 0.0 0
1286.93 1286.93 0.0 0
1301.08 1301.08 0.0 0
1315.22 1315.22 0.0 0
1329.36 1329.36 0.0 0
1343.5 1343.5 0.0 0
1357.65 1357.65 0.0 0
1371.79 1371.79 0.0 0
1385.93 1385.93 0.0 0
1400.07 1400.07 0.0 0
1414.21 1414.21 0.0 0
1428.36 1428.36 0.0 0
1442.5 1442.5 0.0 0
1456.64 1456.64 0.0 0
1470.78 1470.78 0.0 0
1484.92 1484.92 0.0 0
1499.07 1499.07 0.0 0
1513.21 1513.21 0.0 0
1527.35 1527.35 0.0 0
1541.49 1541.49 0.0 0
1555.63 1555.63 0.0 0
1569.78 1569.78 0.0 0
1583.92 1583.92 0.0 0
1598.06 1598.06 0.0 0
1612.2 1612.2 0.0 0
1626.35 1626.35 0.0 0
1640.49 1640.49 0.0 0
1654.63 1654.63 0.0 0
1668.77 1668.77 0.0 0
1682.91 1682.91 0.0 0
1697.06 1697.06 0.0 0
1711.2 1711.2 0.0 0
1725.34 1725.34 0.0 0
1739.48 1739.48 0.0 0
1753.62 1753.62 0.0 0
1767.77 1767.77 0.0 0
1781.91 1781.91 0.0 0
1796.05 1796.05 0.0 0
1810.19 1810.19 0.0 0
1824.34 1824.34 0.0 0
1838.48 1838.48 0.0 0
1852.62 1852.62 0.0 0
1866.76 1866.76 0.0 0
1880.9 1880.9 0.0 0
1895.05 1895.05 0.0 0
1909.19 1909.19 0.0 7997.55
1923.33 1923.33 0.0 7997.55
1937.47 1937.47 0.0 7997.55
1951.61 1951.61 0.0 7997.55
1965.76 1965.76 0.0 9002.09
1979.9 1979.9 0.0 9002.09
1994.04 1994.04 0.0 9002.09
2008.18 2008.18 0.0 9941.45
2022.33 2022.33 0.0 9941.45
2036.47 2036.47 0.0 9941.45
2050.61 2050.61 0.0 9941.45
2064.75 2064.75 0.0 11033.3
2078.89 2078.89 0.0 11033.3
2093.04 2093.04 0.0 11033.3
2107.18 2107.18 0.0 12372.0
2121.32 2121.32 0.0 12372.0
2135.46 2135.46 0.0 12372.0
2149.6 2149.6 0.0 12372.0
2163.75 2163.75 0.0 13902.2
2177.89 2177.89 0.0 13902.2
2192.03 2192.03 0.0 13902.2
2206.17 2206.17 0.0 15598.8
2220.32 2220.32 0.0 15598.8
2234.46 2234.46 0.0 15598.8
2248.6 2248.6 0.0 15598.8
2262.74 2262.74 0.0 17252.4
2276.88 2276.88 0.0 17252.4
2291.03 2291.03 0.0 17252.4
2305.17 2305.17 0.0 18471.5
2319.31 2319.31 0.0 18471.5
2333.45 2333.45 0.0 18471.5
2347.59 2347.59 0.0 18471.5
2361.74 2361.74 0.0 18774.9
2375.88 2375.88 0.0 18774.9
2390.02 2390.02 0.0 18774.9
2404.16 2404.16 0.0 18690.6
2418.31 2418.31 0.0 18690.6
2432.45 2432.45 0.0 18690.6
2446.59 2446.59 0.0 18690.6
2460.73 2460.73 0.0 18523.3
2474.87 2474.87 0.0 18523.3
2489.02 2489.02 0.0 18523.3
2503.16 2503.16 0.0 18309.1
2517.3 2517.3 0.0 18309.1
2531.44 2531.44 0.0 18309.1
2545.58 2545.58 0.0 18309.1
2559.73 2559.73 0.0 18045.5
2573.87 2573.87 0.0 18045.5
2588.01 2588.01 0.0 18045.5
2602.15 2602.15 0.0 17758.8
2616.3 2616.3 0.0 17758.8
2630.44 2630.44 0.0 17758.8
2644.58 2644.58 0.0 17758.8
2658.72 2658.72 0.0 17486.9
2672.86 2672.86 0.0 17486.9
2687.01 2687.01 0.0 17486.9
2701.15 2701.15 0.0 17225.4
2715.29 2715.29 0.0 17225.4
2729.43 2729.43 0.0 17225.4
2743.57 2743.57 0.0 17225.4
2757.72 2757.72 0.0 16972.9
2771.86 2771.86 0.0 16972.9
2786.0 2786.0 0.0 16972.9
2800.14 2800.14 0.0 16728.7
2814.28 2814.28 0.0 16728.7
2828.43 2828.43 0.0 16728.7
2842.57 2842.57 0.0 16728.7
2856.71 2856.71 0.0 16492.4
2870.85 2870.85 0.0 16492.4
2885.0 2885.0 0.0 16492.4
2899.14 2899.14 0.0 16263.7
2913.28 2913.28 0.0 16263.7
2927.42 2927.42 0.0 16263.7
2941.56 2941.56 0.0 16263.7
2955.71 2955.71 0.0 16042.0
2969.85 2969.85 0.0 16042.0
2983.99 2983.99 0.0 16042.0
2998.13 2998.13 0.0 15826.6
3012.27 3012.27 0.0 15826.6
3026.42 3026.42 0.0 15826.6
3040.56 3040.56 0.0 15826.6
3054.7 3054.7 0.0 15617.1
3068.84 3068.84 0.0 15617.1
3082.99 3082.99 0.0 15617.1
3097.13 3097.13 0.0 15413.6
3111.27 3111.27 0.0 15413.6
3125.41 3125.41 0.0 15413.6
3139.55 3139.55 0.0 15413.6
3153.7 3153.7 0.0 15215.5
3167.84 3167.84 0.0 15215.5
3181.98 3181.98 0.0 15215.5
3196.12 3196.12 0.0 15021.4
3210.26 3210.26 0.0 15021.4
3224.41 3224.41 0.0 15021.4
3238.55 3238.55 0.0 14831.1
3252.69 3252.69 0.0 14831.1
3266.83 3266.83 0.0 14831.1
3280.98 3280.98 0.0 14831.1
3295.12 3295.12 0.0 14645.3
3309.26 3309.26 0.0 14645.3
3323.4 3323.4 0.0 14645.3
3337.54 3337.54 0.0 14463.6
3351.69 3351.69 0.0 14463.6
3365.83 3365.83 0.0 14463.6
3379.97 3379.97 0.0 14463.6
3394.11 3394.11 0.0 14286.2
3408.25 3408.25 0.0 14286.2
3422.4 3422.4 0.0 14286.2
3436.54 3436.54 0.0 14112.9
3450.68 3450.68 0.0 14112.9
3464.82 3464.82 0.0 14112.9
3478.97 3478.97 0.0 14112.9
3493.11 3493.11 0.0 13943.6
3507.25 3507.25 0.0 13943.6
3521.39 3521.39 0.0 13943.6
3535.53 3535.53 0.0 13778.4
3549.68 3549.68 0.0 13778.4
3563.82 3563.82 0.0 13778.4
3577.96 3577.96 0.0 13778.4
3592.1 3592.1 0.0 13616.3
3606.24 3606.24 0.0 13616.3
3620.39 3620.39 0.0 13616.3
3634.53 3634.53 0.0 13457.7
3648.67 3648.67 0.0 13457.7
3662.81 3662.81 0.0 13457.7
3676.96 3676.96 0.0 13457.7
3691.1 3691.1 0.0 13302.0
3705.24 3705.24 0.0 13302.0
3719.38 3719.38 0.0 13302.0
3733.52 3733.52 0.0 13149.4
3747.67 3747.67 0.0 13149.4
3761.81 3761.81 0.0 13149.4
3775.95 3775.95 0.0 13149.4
3790.09 3790.09 0.0 13000.0
3804.23 3804.23 0.0 13000.0
3818.38 3818.38 0.0 13000.0
3832.52 3832.52 0.0 12853.8
3846.66 3846.66 0.0 12853.8
3860.8 3860.8 0.0 12853.8
3874.95 3874.95 0.0 12853.8
3889.09 3889.09 0.0 12710.5
3903.23 3903.23 0.0 12710.5
3917.37 3917.37 0.0 12710.5
3931.51 3931.51 0.0 12570.2
3945.66 3945.66 0.0 12570.2
3959.8 3959.8 0.0 12570.2
3973.94 3973.94 0.0 12570.2
3988.08 3988.08 0.0 12432.4
4002.22 4002.22 0.0 12432.4
4016.37 4016.37 0.0 12432.4
4030.51 4030.51 0.0 12295.2
4044.65 4044.65 0.0 12295.2
4058.79 4058.79 0.0 12295.2
4072.94 4072.94 0.0 12295.2
4087.08 4087.08 0.0 12158.3
4101.22 4101.22 0.0 12158.3
4115.36 4115.36 0.0 12158.3
4129.5 4129.5 0.0 12021.8
4143.65 4143.65 0.0 12021.8
4157.79 4157.79 0.0 12021.8
4171.93 4171.93 0.0 12021.8
4186.07 4186.07 0.0 11885.8
4200.21 4200.21 0.0 11885.8
4214.36 4214.36 0.0 11885.8
4228.5 4228.5 0.0 11750.5
4242.64 4242.64 0.0 11750.5
4256.78 4256.78 0.0 11750.5
4270.92 4270.92 0.0 11750.5
4285.07 4285.07 0.0 11616.0
4299.21 4299.21 0.0 11616.0
4313.35 4313.35 0.0 11616.0
4327.49 4327.49 0.0 11482.4
4341.64 4341.64 0.0 11482.4
4355.78 4355.78 0.0 11482.4
4369.92 4369.92 0.0 11482.4
4384.06 4384.06 0.0 11349.4
4398.2 4398.2 0.0 11349.4
4412.35 4412.35 0.0 11349.4
4426.49 4426.49 0.0 11217.3
4440.63 4440.63 0.0 11217.3
4454.77 4454.77 0.0 11217.3
4468.91 4468.91 0.0 11217.3
4483.06 4483.06 0.0 11085.8
4497.2 4497.2 0.0 11085.8
4511.34 4511.34 0.0 11085.8
4525.48 4525.48 0.0 10955.1
4539.63 4539.63 0.0 10955.1
4553.77 4553.77 0.0 10955.1
4567.91 4567.91 0.0 10825.2
4582.05 4582.05 0.0 10825.2
4596.19 4596.19 0.0 10825.2
4610.34 4610.34 0.0 10825.2
4624.48 4624.48 0.0 10696.1
4638.62 4638.62 0.0 10696.1
4652.76 4652.76 0.0 10696.1
4666.9 4666.9 0.0 10567.8
4681.05 4681.05 0.0 10567.8
4695.19 4695.19 0.0 10567.8
4709.33 4709.33 0.0 10567.8
4723.47 4723.47 0.0 10440.2
4737.62 4737.62 0.0 10440.2
4751.76 4751.76 0.0 10440.2
4765.9 4765.9 0.0 10313.4
4780.04 4780.04 0.0 10313.4
4794.18 4794.18 0.0 10313.4
4808.33 4808.33 0.0 10313.4
4822.47 4822.47 0.0 10187.2
4836.61 4836.61 0.0 10187.2
4850.75 4850.75 0.0 10187.2
4864.89 4864.89 0.0 10061.7
4879.04 4879.04 0.0 10061.7
4893.18 4893.18 0.0 10061.7
4907.32 4907.32 0.0 10061.7
4921.46 4921.46 0.0 9936.69
4935.61 4935.61 0.0 9936.69
4949.75 4949.75 0.0 9936.69
4963.89 4963.89 0.0 9812.25
4978.03 4978.03 0.0 9812.25
4992.17 4992.17 0.0 9812.25
5006.32 5006.32 0.0 9812.25
5020.46 5020.46 0.0 9688.27
5034.6 5034.6 0.0 9688.27
5048.74 5048.74 0.0 9688.27
5062.88 5062.88 0.0 9564.93
5077.03 5077.03 0.0 9564.93
5091.17 5091.17 0.0 9564.93
5105.31 5105.31 0.0 9564.93
5119.45 5119.45 0.0 9442.3
5133.6 5133.6 0.0 9442.3
5147.74 5147.74 0.0 9442.3
5161.88 5161.88 0.0 9320.43
5176.02 5176.02 0.0 9320.43
5190.16 5190.16 0.0 9320.43
5204.31 5204.31 0.0 9320.43
5218.45 5218.45 0.0 9199.37
5232.59 5232.59 0.0 9199.37
5246.73 5246.73 0.0 9199.37
5260.87 5260.87 0.0 9079.2
5275.02 5275.02 0.0 9079.2
5289.16 5289.16 0.0 9079.2
5303.3 5303.3 0.0 9079.2
5317.44 5317.44 0.0 8959.96
5331.59 5331.59 0.0 8959.96
5345.73 5345.73 0.0 8959.96
5359.87 5359.87 0.0 8841.66
5374.01 5374.01 0.0 8841.66
5388.15 5388.15 0.0 8841.66
5402.3 5402.3 0.0 8841.66
5416.44 5416.44 0.0 8724.32
5430.58 5430.58 0.0 8724.32
5444.72 5444.72 0.0 8724.32
5458.86 5458.86 0.0 8608.02
5473.01 5473.01 0.0 8608.02
5487.15 5487.15 0.0 8608.02
5501.29 5501.29 0.0 8608.02
5515.43 5515.43 0.0 8492.65
5529.58 5529.58 0.0 8492.65
5543.72 5543.72 0.0 8492.65
5557.86 5557.86 0.0 8378.07
5572.0 5572.0 0.0 8378.07
5586.14 5586.14 0.0 8378.07
5600.29 5600.29 0.0 8378.07
5614.43 5614.43 0.0 8264.25
5628.57 5628.57 0.0 8264.25
5642.71 5642.71 0.0 8264.25
5656.85 5656.85 0.0 8151.21
5671.0 5671.0 0.0 8151.21
5685.14 5685.14 0.0 8151.21
5699.28 5699.28 0.0 8151.21
5713.42 5713.42 0.0 8038.98
5727.56 5727.56 0.0 8038.98
5741.71 5741.71 0.0 8038.98
5755.85 5755.85 0.0 7927.67
5769.99 5769.99 0.0 7927.67
5784.13 5784.13 0.0 7927.67
5798.28 5798.28 0.0 7927.67
5812.42 5812.42 0.0 7817.39
5826.56 5826.56 0.0 7817.39
5840.7 5840.7 0.0 7817.39
5854.84 5854.84 0.0 7708.27
5868.99 5868.99 0.0 7708.27
5883.13 5883.13 0.0 7708.27
5897.27 5897.27 0.0 7600.49
5911.41 5911.41 0.0 7600.49
5925.55 5925.55 0.0 7600.49
5939.7 5939.7 0.0 7600.49
5953.84 5953.84 0.0 7494.16
5967.98 5967.98 0.0 7494.16
5982.12 5982.12 0.0 7494.16
5996.27 5996.27 0.0 7389.19
6010.41 6010.41 0.0 7389.19
6024.55 6024.55 0.0 7389.19
6038.69 6038.69 0.0 7389.19
6052.83 6052.83 0.0 7285.58
6066.98 6066.98 0.0 7285.58
6081.12 6081.12 0.0 7285.58
6095.26 6095.26 0.0 7183.33
6109.4 6109.4 0.0 7183.33
6123.54 6123.54 0.0 7183.33
6137.69 6137.69 0.0 7183.33
6151.83 6151.83 0.0 7082.4
6165.97 6165.97 0.0 7082.4
6180.11 6180.11 0.0 7082.4
6194.26 6194.26 0.0 6982.67
6208.4 6208.4 0.0 6982.67
6222.54 6222.54 0.0 6982.67
6236.68 6236.68 0.0 6982.67
6250.82 6250.82 0.0 6884.06
6264.97 6264.97 0.0 6884.06
6279.11 6279.11 0.0 6884.06
6293.25 6293.25 0.0 6786.5
6307.39 6307.39 0.0 6786.5
6321.53 6321.53 0.0 6786.5
6335.68 6335.68 0.0 6786.5
6349.82 6349.82 0.0 6689.87
6363.96 6363.96 0.0 6689.87
6378.1 6378.1 0.0 6689.87
6392.25 6392.25 0.0 6594.1
6406.39 6406.39 0.0 6594.1
6420.53 6420.53 0.0 6594.1
6434.67 6434.67 0.0 6594.1
6448.81 6448.81 0.0 6499.17
6462.96 6462.96 0.0 6499.17
6477.1 6477.1 0.0 6499.17
6491.24 6491.24 0.0 6405.15
6505.38 6505.38 0.0 6405.15
6519.52 6519.52 0.0 6405.15
6533.67 6533.67 0.0 6405.15
6547.81 6547.81 0.0 6312.13
6561.95 6561.95 0.0 6312.13
6576.09 6576.09 0.0 6312.13
6590.24 6590.24 0.0 6220.25
6604.38 6604.38 0.0 6220.25
6618.52 6618.52 0.0 6220.25
6632.66 6632.66 0.0 6220.25
6646.8 6646.8 0.0 6129.7
6660.95 6660.95 0.0 6129.7
6675.09 6675.09 0.0 6129.7
6689.23 6689.23 0.0 6040.72
6703.37 6703.37 0.0 6040.72
6717.51 6717.51 0.0 6040.72
6731.66 6731.66 0.0 6040.72
6745.8 6745.8 0.0 5953.64
6759.94 6759.94 0.0 5953.64
6774.08 6774.08 0.0 5953.64
6788.23 6788.23 0.0 5868.96
6802.37 6802.37 0.0 5868.96
6816.51 6816.51 0.0 5868.96
6830.65 6830.65 0.0 5868.96
6844.79 6844.79 0.0 5787.51
6858.94 6858.94 0.0 5787.51
6873.08 6873.08 0.0 5787.51
6887.22 6887.22 0.0 5710.13
6901.36 6901.36 0.0 5710.13
6915.5 6915.5 0.0 5710.13
6929.65 6929.65 0.0 5710.13
6943.79 6943.79 0.0 5637.85
6957.93 6957.93 0.0 5637.85
6972.07 6972.07 0.0 5637.85
6986.21 6986.21 0.0 5589.55
7000.36 7000.36 0.0 5589.55
7014.5 7014.5 0.0 5589.55
7028.64 7028.64 0.0 5589.55
7042.78 7042.78 0.0 5549.91
7056.93 7056.93 0.0 5549.91
7071.07 7071.07 0.0 5549.91
7085.21 7085.21 0.0 5510.78
7099.35 7099.35 0.0 5510.78
7113.49 7113.49 0.0 5510.78
7127.64 7127.64 0.0 5510.78
7141.78 7141.78 0.0 5472.12
7155.92 7155.92 0.0 5472.12
7170.06 7170.06 0.0 5472.12
7184.2 7184.2 0.0 5433.96
7198.35 7198.35 0.0 5433.96
7212.49 7212.49 0.0 5433.96
7226.63 7226.63 0.0 5396.27
7240.77 7240.77 0.0 5396.27
7254.92 7254.92 0.0 5396.27
7269.06 7269.06 0.0 5396.27
7283.2 7283.2 0.0 5359.06
7297.34 7297.34 0.0 5359.06
7311.48 7311.48 0.0 5359.06
7325.63 7325.63 0.0 5322.32
7339.77 7339.77 0.0 5322.32
7353.91 7353.91 0.0 5322.32
7368.05 7368.05 0.0 5322.32
7382.19 7382.19 0.0 5286.05
7396.34 7396.34 0.0 5286.05
7410.48 7410.48 0.0 5286.05
7424.62 7424.62 0.0 5250.25
7438.76 7438.76 0.0 5250.25
7452.91 7452.91 0.0 5250.25
7467.05 7467.05 0.0 5250.25
7481.19 7481.19 0.0 5213.2
7495.33 7495.33 0.0 5213.2
7509.47 7509.47 0.0 5213.2
7523.62 7523.62 0.0 5167.75
7537.76 7537.76 0.0 5167.75
7551.9 7551.9 0.0 5167.75
7566.04 7566.04 0.0 5167.75
7580.18 7580.18 0.0 5109.37
7594.33 7594.33 0.0 5109.37
7608.47 7608.47 0.0 5109.37
7622.61 7622.61 0.0 5033.0
7636.75 7636.75 0.0 5033.0
7650.9 7650.9 0.0 5033.0
7665.04 7665.04 0.0 5033.0
7679.18 7679.18 0.0 4932.93
7693.32 7693.32 0.0 4932.93
7707.46 7707.46 0.0 4932.93
7721.61 7721.61 0.0 4802.98
7735.75 7735.75 0.0 4802.98
7749.89 7749.89 0.0 4802.98
7764.03 7764.03 0.0 4802.98
7778.17 7778.17 0.0 4636.79
