0.0 0.0 0.0 67895.4
70.7107 70.7107 0.0 50443.7
141.421 141.421 0.0 26604.8
212.132 212.132 0.0 18077.2
282.843 282.843 0.0 14265.7
353.553 353.553 0.0 11668.6
424.264 424.264 0.0 10341.9
494.975 494.975 0.0 8900.9
565.685 565.685 0.0 8062.88
636.396 636.396 0.0 7705.4
707.107 707.107 0.0 7353.23
777.817 777.817 0.0 7612.67
848.528 848.528 0.0 7373.51
919.239 919.239 0.0 6635.63
989.949 989.949 0.0 6528.13
1060.66 1060.66 0.0 6146.07
1131.37 1131.37 0.0 5867.13
1202.08 1202.08 0.0 5582.58
1272.79 1272.79 0.0 5386.06
1343.5 1343.5 0.0 5217.52
1414.21 1414.21 0.0 5062.28
1484.92 1484.92 0.0 4955.45
1555.63 1555.63 0.0 4758.8
1626.35 1626.35 0.0 4667.59
1697.06 1697.06 0.0 4580.51
1767.77 1767.77 0.0 4417.21
1838.48 1838.48 0.0 4340.1
1909.19 1909.19 0.0 4193.43
1979.9 1979.9 0.0 4123.77
2050.61 2050.61 0.0 3990.85
2121.32 2121.32 0.0 3927.45
2192.03 2192.03 0.0 3865.99
2262.74 2262.74 0.0 3748.38
2333.45 2333.45 0.0 3692.03
2404.16 2404.16 0.0 3584.09
2474.87 2474.87 0.0 3532.33
2545.58 2545.58 0.0 3481.85
2616.3 2616.3 0.0 3384.92
2687.01 2687.01 0.0 3338.18
2757.72 2757.72 0.0 3247.97
2828.43 2828.43 0.0 3204.45
2899.14 2899.14 0.0 3161.94
2969.85 2969.85 0.0 3079.62
3040.56 3040.56 0.0 3039.76
3111.27 3111.27 0.0 2962.56
3181.98 3181.98 0.0 2925.17
3252.69 3252.69 0.0 2852.41
3323.4 3323.4 0.0 2817.12
3394.11 3394.11 0.0 2782.52
3464.82 3464.82 0.0 2715.14
3535.53 3535.53 0.0 2682.33
3606.24 3606.24 0.0 2618.53
3676.96 3676.96 0.0 2587.42
3747.67 3747.67 0.0 2556.77
3818.38 3818.38 0.0 2497.03
3889.09 3889.09 0.0 2467.88
3959.8 3959.8 0.0 2410.88
4030.51 4030.51 0.0 2382.98
4101.22 4101.22 0.0 2328.53
4171.93 4171.93 0.0 2301.94
4242.64 4242.64 0.0 2275.67
4313.35 4313.35 0.0 2224.3
4384.06 4384.06 0.0 2199.18
4454.77 4454.77 0.0 2149.86
4525.48 4525.48 0.0 2125.65
4596.19 4596.19 0.0 2101.76
4666.9 4666.9 0.0 2054.98
4737.62 4737.62 0.0 2031.99
4808.33 4808.33 0.0 1986.96
4879.04 4879.04 0.0 1964.77
4949.75 4949.75 0.0 1941.58
5020.46 5020.46 0.0 1901.67
5091.17 5091.17 0.0 1914.25
5161.88 5161.88 0.0 2050.99
5232.59 5232.59 0.0 2152.51
5303.3 5303.3 0.0 2391.65
5374.01 5374.01 0.0 2495.31
5444.72 5444.72 0.0 2561.22
5515.43 5515.43 0.0 0
5586.14 5586.14 0.0 0
5656.85 5656.85 0.0 0
5727.56 5727.56 0.0 0
5798.28 5798.28 0.0 0
5868.99 5868.99 0.0 0
5939.7 5939.7 0.0 0
6010.41 6010.41 0.0 0
6081.12 6081.12 0.0 0
6151.83 6151.83 0.0 0
6222.54 6222.54 0.0 0
6293.25 6293.25 0.0 0
6363.96 6363.96 0.0 0
6434.67 6434.67 0.0 0
6505.38 6505.38 0.0 0
6576.09 6576.09 0.0 0
6646.8 6646.8 0.0 0
6717.51 6717.51 0.0 0
6788.23 6788.23 0.0 0
6858.94 6858.94 0.0 0
6929.65 6929.65 0.0 0
7000.36 7000.36 0.0 0
7071.07 7071.07 0.0 0
7141.78 7141.78 0.0 0
7212.49 7212.49 0.0 0
7283.2 7283.2 0.0 0
7353.91 7353.91 0.0 0
7424.62 7424.62 0.0 0
7495.33 7495.33 0.0 0
7566.04 7566.04 0.0 0
7636.75 7636.75 0.0 0
7707.46 7707.46 0.0 0
7778.17 7778.17 0.0 0
