0.0 0.0 0.0 0
14.1421 14.1421 0.0 0
28.2843 28.2843 0.0 0
42.4264 42.4264 0.0 0
56.5685 56.5685 0.0 0
70.7107 70.7107 0.0 0
84.8528 84.8528 0.0 0
98.9949 98.9949 0.0 0
113.137 113.137 0.0 0
127.279 127.279 0.0 0
141.421 141.421 0.0 0
155.563 155.563 0.0 0
169.706 169.706 0.0 0
183.848 183.848 0.0 0
197.99 197.99 0.0 0
212.132 212.132 0.0 0
226.274 226.274 0.0 0
240.416 240.416 0.0 0
254.558 254.558 0.0 0
268.701 268.701 0.0 0
282.843 282.843 0.0 0
296.985 296.985 0.0 0
311.127 311.127 0.0 0
325.269 325.269 0.0 0
339.411 339.411 0.0 0
353.553 353.553 0.0 0
367.696 367.696 0.0 0
381.838 381.838 0.0 0
395.98 395.98 0.0 0
410.122 410.122 0.0 0
424.264 424.264 0.0 0
438.406 438.406 0.0 0
452.548 452.548 0.0 0
466.69 466.69 0.0 0
480.833 480.833 0.0 0
494.975 494.975 0.0 0
509.117 509.117 0.0 0
523.259 523.259 0.0 0
537.401 537.401 0.0 0
551.543 551.543 0.0 0
565.685 565.685 0.0 0
579.828 579.828 0.0 0
593.97 593.97 0.0 0
608.112 608.112 0.0 0
622.254 622.254 0.0 0
636.396 636.396 0.0 0
650.538 650.538 0.0 0
664.68 664.68 0.0 0
678.823 678.823 0.0 0
692.965 692.965 0.0 0
707.107 707.107 0.0 0
721.249 721.249 0.0 0
735.391 735.391 0.0 0
749.533 749.533 0.0 0
763.675 763.675 0.0 0
777.817 777.817 0.0 0
791.96 791.96 0.0 0
806.102 806.102 0.0 0
820.244 820.244 0.0 0
834.386 834.386 0.0 0
848.528 848.528 0.0 0
862.67 862.67 0.0 0
876.812 876.812 0.0 0
890.955 890.955 0.0 0
905.097 905.097 0.0 0
919.239 919.239 0.0 0
933.381 933.381 0.0 0
947.523 947.523 0.0 0
961.665 961.665 0.0 0
975.807 975.807 0.0 0
989.949 989.949 0.0 0
1004.09 1004.09 0.0 0
1018.23 1018.23 0.0 0
1032.38 1032.38 0.0 0
1046.52 1046.52 0.0 0
1060.66 1060.66 0.0 0
1074.8 1074.8 0.0 0
1088.94 1088.94 0.0 0
1103.09 1103.09 0.0 0
1117.23 1117.23 0.0 0
1131.37 1131.37 0.0 11171.4
1145.51 1145.51 0.0 11171.4
1159.66 1159.66 0.0 11478.5
1173.8 1173.8 0.0 11715.1
1187.94 1187.94 0.0 11715.1
1202.08 1202.08 0.0 11925.5
1216.22 1216.22 0.0 12081.7
1230.37 1230.37 0.0 12081.7
1244.51 1244.51 0.0 12143.2
1258.65 1258.65 0.0 12100.5
1272.79 1272.79 0.0 12100.5
1286.93 1286.93 0.0 12016.2
1301.08 1301.08 0.0 11928.9
1315.22 1315.22 0.0 11928.9
1329.36 1329.36 0.0 11842.2
1343.5 1343.5 0.0 11756.6
1357.65 1357.65 0.0 11756.6
1371.79 1371.79 0.0 11672.3
1385.93 1385.93 0.0 11589.4
1400.07 1400.07 0.0 11589.4
1414.21 1414.21 0.0 11507.7
1428.36 1428.36 0.0 11427.5
1442.5 1442.5 0.0 11427.5
1456.64 1456.64 0.0 11348.6
1470.78 1470.78 0.0 11271.1
1484.92 1484.92 0.0 11271.1
1499.07 1499.07 0.0 11194.9
1513.21 1513.21 0.0 11120.0
1527.35 1527.35 0.0 11120.0
1541.49 1541.49 0.0 11046.4
1555.63 1555.63 0.0 10974.0
1569.78 1569.78 0.0 10974.0
1583.92 1583.92 0.0 10902.9
1598.06 1598.06 0.0 10833.0
1612.2 1612.2 0.0 10833.0
1626.35 1626.35 0.0 10764.2
1640.49 1640.49 0.0 10696.6
1654.63 1654.63 0.0 10696.6
1668.77 1668.77 0.0 10630.2
1682.91 1682.91 0.0 10564.8
1697.06 1697.06 0.0 10564.8
1711.2 1711.2 0.0 10500.6
1725.34 1725.34 0.0 10437.3
1739.48 1739.48 0.0 10437.3
1753.62 1753.62 0.0 10375.2
1767.77 1767.77 0.0 10314.0
1781.91 1781.91 0.0 10314.0
1796.05 1796.05 0.0 10253.8
1810.19 1810.19 0.0 10194.6
1824.34 1824.34 0.0 10194.6
1838.48 1838.48 0.0 10136.2
1852.62 1852.62 0.0 10078.8
1866.76 1866.76 0.0 10078.8
1880.9 1880.9 0.0 10022.3
1895.05 1895.05 0.0 9966.64
1909.19 1909.19 0.0 9966.64
1923.33 1923.33 0.0 9911.88
1937.47 1937.47 0.0 9857.98
1951.61 1951.61 0.0 9857.98
1965.76 1965.76 0.0 9804.96
1979.9 1979.9 0.0 9752.61
1994.04 1994.04 0.0 9752.61
2008.18 2008.18 0.0 9700.97
2022.33 2022.33 0.0 9650.06
2036.47 2036.47 0.0 9650.06
2050.61 2050.61 0.0 9599.85
2064.75 2064.75 0.0 9550.34
2078.89 2078.89 0.0 9550.34
2093.04 2093.04 0.0 9501.53
2107.18 2107.18 0.0 9453.39
2121.32 2121.32 0.0 9453.39
2135.46 2135.46 0.0 9405.93
2149.6 2149.6 0.0 9359.12
2163.75 2163.75 0.0 9359.12
2177.89 2177.89 0.0 9312.94
2192.03 2192.03 0.0 9267.4
2206.17 2206.17 0.0 9267.4
2220.32 2220.32 0.0 9222.46
2234.46 2234.46 0.0 9178.09
2248.6 2248.6 0.0 9178.09
2262.74 2262.74 0.0 9133.85
2276.88 2276.88 0.0 9089.57
2291.03 2291.03 0.0 9089.57
2305.17 2305.17 0.0 9045.23
2319.31 2319.31 0.0 9000.82
2333.45 2333.45 0.0 9000.82
2347.59 2347.59 0.0 8956.33
2361.74 2361.74 0.0 8911.76
2375.88 2375.88 0.0 8911.76
2390.02 2390.02 0.0 8867.09
2404.16 2404.16 0.0 8822.32
2418.31 2418.31 0.0 8822.32
2432.45 2432.45 0.0 8777.43
2446.59 2446.59 0.0 8732.43
2460.73 2460.73 0.0 8732.43
2474.87 2474.87 0.0 8687.29
2489.02 2489.02 0.0 8642.02
2503.16 2503.16 0.0 8642.02
2517.3 2517.3 0.0 8596.6
2531.44 2531.44 0.0 8551.04
2545.58 2545.58 0.0 8551.04
2559.73 2559.73 0.0 8505.31
2573.87 2573.87 0.0 8459.42
2588.01 2588.01 0.0 8459.42
2602.15 2602.15 0.0 8413.34
2616.3 2616.3 0.0 8367.09
2630.44 2630.44 0.0 8367.09
2644.58 2644.58 0.0 8320.64
2658.72 2658.72 0.0 8273.97
2672.86 2672.86 0.0 8273.97
2687.01 2687.01 0.0 8227.09
2701.15 2701.15 0.0 8179.99
2715.29 2715.29 0.0 8179.99
2729.43 2729.43 0.0 8132.66
2743.57 2743.57 0.0 8085.08
2757.72 2757.72 0.0 8085.08
2771.86 2771.86 0.0 8037.25
2786.0 2786.0 0.0 7989.17
2800.14 2800.14 0.0 7989.17
2814.28 2814.28 0.0 7940.8
2828.43 2828.43 0.0 7892.17
2842.57 2842.57 0.0 7892.17
2856.71 2856.71 0.0 7843.26
2870.85 2870.85 0.0 7794.06
2885.0 2885.0 0.0 7794.06
2899.14 2899.14 0.0 7744.57
2913.28 2913.28 0.0 7694.77
2927.42 2927.42 0.0 7694.77
2941.56 2941.56 0.0 7644.65
2955.71 2955.71 0.0 7594.21
2969.85 2969.85 0.0 7594.21
2983.99 2983.99 0.0 7543.45
2998.13 2998.13 0.0 7492.34
3012.27 3012.27 0.0 7492.34
3026.42 3026.42 0.0 7440.89
3040.56 3040.56 0.0 7389.08
3054.7 3054.7 0.0 7389.08
3068.84 3068.84 0.0 7336.9
3082.99 3082.99 0.0 7284.35
3097.13 3097.13 0.0 7284.35
3111.27 3111.27 0.0 7231.42
3125.41 3125.41 0.0 7178.1
3139.55 3139.55 0.0 7178.1
3153.7 3153.7 0.0 7124.37
3167.84 3167.84 0.0 7070.24
3181.98 3181.98 0.0 7070.24
3196.12 3196.12 0.0 7015.68
3210.26 3210.26 0.0 6960.71
3224.41 3224.41 0.0 6960.71
3238.55 3238.55 0.0 6905.31
3252.69 3252.69 0.0 6849.48
3266.83 3266.83 0.0 6849.48
3280.98 3280.98 0.0 6793.22
3295.12 3295.12 0.0 6736.54
3309.26 3309.26 0.0 6736.54
3323.4 3323.4 0.0 6679.41
3337.54 3337.54 0.0 6621.85
3351.69 3351.69 0.0 6621.85
3365.83 3365.83 0.0 6563.84
3379.97 3379.97 0.0 6505.37
3394.11 3394.11 0.0 6505.37
3408.25 3408.25 0.0 6446.45
3422.4 3422.4 0.0 6387.07
3436.54 3436.54 0.0 6387.07
3450.68 3450.68 0.0 6327.21
3464.82 3464.82 0.0 6266.88
3478.97 3478.97 0.0 6266.88
3493.11 3493.11 0.0 6206.07
3507.25 3507.25 0.0 6144.76
3521.39 3521.39 0.0 6144.76
3535.53 3535.53 0.0 6082.95
3549.68 3549.68 0.0 6020.65
3563.82 3563.82 0.0 6020.65
3577.96 3577.96 0.0 5957.83
3592.1 3592.1 0.0 5894.5
3606.24 3606.24 0.0 5894.5
3620.39 3620.39 0.0 5830.65
3634.53 3634.53 0.0 5766.28
3648.67 3648.67 0.0 5766.28
3662.81 3662.81 0.0 5701.38
3676.96 3676.96 0.0 5635.94
3691.1 3691.1 0.0 5635.94
3705.24 3705.24 0.0 5569.96
3719.38 3719.38 0.0 5503.44
3733.52 3733.52 0.0 5503.44
3747.67 3747.67 0.0 5436.38
3761.81 3761.81 0.0 5368.76
3775.95 3775.95 0.0 5368.76
3790.09 3790.09 0.0 5300.58
3804.23 3804.23 0.0 5231.83
3818.38 3818.38 0.0 5231.83
3832.52 3832.52 0.0 5162.51
3846.66 3846.66 0.0 5092.62
3860.8 3860.8 0.0 5092.62
3874.95 3874.95 0.0 5022.14
3889.09 3889.09 0.0 4951.06
3903.23 3903.23 0.0 4951.06
3917.37 3917.37 0.0 4879.39
3931.51 3931.51 0.0 4807.11
3945.66 3945.66 0.0 4807.11
3959.8 3959.8 0.0 4734.22
3973.94 3973.94 0.0 4660.72
3988.08 3988.08 0.0 4660.72
4002.22 4002.22 0.0 4586.59
4016.37 4016.37 0.0 4511.82
4030.51 4030.51 0.0 4511.82
4044.65 4044.65 0.0 4436.42
4058.79 4058.79 0.0 4360.38
4072.94 4072.94 0.0 4360.38
4087.08 4087.08 0.0 4283.68
4101.22 4101.22 0.0 4206.33
4115.36 4115.36 0.0 4206.33
4129.5 4129.5 0.0 4128.29
4143.65 4143.65 0.0 4049.56
4157.79 4157.79 0.0 4049.56
4171.93 4171.93 0.0 3970.11
4186.07 4186.07 0.0 3889.91
4200.21 4200.21 0.0 3889.91
4214.36 4214.36 0.0 3808.94
4228.5 4228.5 0.0 3727.18
4242.64 4242.64 0.0 3727.18
