0.0 0.0 0.0 0
14.1421 14.1421 0.0 0
28.2843 28.2843 0.0 0
42.4264 42.4264 0.0 0
56.5685 56.5685 0.0 0
70.7107 70.7107 0.0 0
84.8528 84.8528 0.0 0
98.9949 98.9949 0.0 0
113.137 113.137 0.0 0
127.279 127.279 0.0 0
141.421 141.421 0.0 0
155.563 155.563 0.0 0
169.706 169.706 0.0 0
183.848 183.848 0.0 0
197.99 197.99 0.0 0
212.132 212.132 0.0 0
226.274 226.274 0.0 0
240.416 240.416 0.0 0
254.558 254.558 0.0 0
268.701 268.701 0.0 0
282.843 282.843 0.0 0
296.985 296.985 0.0 0
311.127 311.127 0.0 0
325.269 325.269 0.0 0
339.411 339.411 0.0 0
353.553 353.553 0.0 0
367.696 367.696 0.0 0
381.838 381.838 0.0 0
395.98 395.98 0.0 0
410.122 410.122 0.0 0
424.264 424.264 0.0 0
438.406 438.406 0.0 0
452.548 452.548 0.0 0
466.69 466.69 0.0 0
480.833 480.833 0.0 0
494.975 494.975 0.0 0
509.117 509.117 0.0 0
523.259 523.259 0.0 0
537.401 537.401 0.0 0
551.543 551.543 0.0 0
565.685 565.685 0.0 0
579.828 579.828 0.0 0
593.97 593.97 0.0 0
608.112 608.112 0.0 0
622.254 622.254 0.0 0
636.396 636.396 0.0 0
650.538 650.538 0.0 0
664.68 664.68 0.0 0
678.823 678.823 0.0 0
692.965 692.965 0.0 0
707.107 707.107 0.0 0
721.249 721.249 0.0 0
735.391 735.391 0.0 0
749.533 749.533 0.0 0
763.675 763.675 0.0 0
777.817 777.817 0.0 0
791.96 791.96 0.0 0
806.102 806.102 0.0 0
820.244 820.244 0.0 0
834.386 834.386 0.0 0
848.528 848.528 0.0 0
862.67 862.67 0.0 0
876.812 876.812 0.0 0
890.955 890.955 0.0 0
905.097 905.097 0.0 0
919.239 919.239 0.0 0
933.381 933.381 0.0 0
947.523 947.523 0.0 0
961.665 961.665 0.0 0
975.807 975.807 0.0 0
989.949 989.949 0.0 0
1004.09 1004.09 0.0 0
1018.23 1018.23 0.0 0
1032.38 1032.38 0.0 0
1046.52 1046.52 0.0 0
1060.66 1060.66 0.0 0
1074.8 1074.8 0.0 0
1088.94 1088.94 0.0 0
1103.09 1103.09 0.0 0
1117.23 1117.23 0.0 0
1131.37 1131.37 0.0 0
1145.51 1145.51 0.0 0
1159.66 1159.66 0.0 0
1173.8 1173.8 0.0 0
1187.94 1187.94 0.0 0
1202.08 1202.08 0.0 0
1216.22 1216.22 0.0 0
1230.37 1230.37 0.0 0
1244.51 1244.51 0.0 0
1258.65 1258.65 0.0 0
1272.79 1272.79 0.0 0
1286.93 1286.93 0.0 0
1301.08 1301.08 0.0 0
1315.22 1315.22 0.0 0
1329.36 1329.36 0.0 0
1343.5 1343.5 0.0 0
1357.65 1357.65 0.0 0
1371.79 1371.79 0.0 0
1385.93 1385.93 0.0 0
1400.07 1400.07 0.0 0
1414.21 1414.21 0.0 0
1428.36 1428.36 0.0 0
1442.5 1442.5 0.0 0
1456.64 1456.64 0.0 0
1470.78 1470.78 0.0 0
1484.92 1484.92 0.0 0
1499.07 1499.07 0.0 0
1513.21 1513.21 0.0 0
1527.35 1527.35 0.0 0
1541.49 1541.49 0.0 0
1555.63 1555.63 0.0 0
1569.78 1569.78 0.0 0
1583.92 1583.92 0.0 0
1598.06 1598.06 0.0 0
1612.2 1612.2 0.0 0
1626.35 1626.35 0.0 0
1640.49 1640.49 0.0 0
1654.63 1654.63 0.0 0
1668.77 1668.77 0.0 0
1682.91 1682.91 0.0 0
1697.06 1697.06 0.0 0
1711.2 1711.2 0.0 0
1725.34 1725.34 0.0 0
1739.48 1739.48 0.0 0
1753.62 1753.62 0.0 0
1767.77 1767.77 0.0 0
1781.91 1781.91 0.0 0
1796.05 1796.05 0.0 0
1810.19 1810.19 0.0 0
1824.34 1824.34 0.0 0
1838.48 1838.48 0.0 0
1852.62 1852.62 0.0 0
1866.76 1866.76 0.0 0
1880.9 1880.9 0.0 0
1895.05 1895.05 0.0 0
1909.19 1909.19 0.0 0
1923.33 1923.33 0.0 0
1937.47 1937.47 0.0 0
1951.61 1951.61 0.0 0
1965.76 1965.76 0.0 0
1979.9 1979.9 0.0 0
1994.04 1994.04 0.0 0
2008.18 2008.18 0.0 0
2022.33 2022.33 0.0 0
2036.47 2036.47 0.0 0
2050.61 2050.61 0.0 0
2064.75 2064.75 0.0 0
2078.89 2078.89 0.0 0
2093.04 2093.04 0.0 0
2107.18 2107.18 0.0 0
2121.32 2121.32 0.0 0
2135.46 2135.46 0.0 0
2149.6 2149.6 0.0 0
2163.75 2163.75 0.0 0
2177.89 2177.89 0.0 0
2192.03 2192.03 0.0 0
2206.17 2206.17 0.0 0
2220.32 2220.32 0.0 0
2234.46 2234.46 0.0 0
2248.6 2248.6 0.0 0
2262.74 2262.74 0.0 0
2276.88 2276.88 0.0 0
2291.03 2291.03 0.0 0
2305.17 2305.17 0.0 0
2319.31 2319.31 0.0 0
2333.45 2333.45 0.0 0
2347.59 2347.59 0.0 0
2361.74 2361.74 0.0 0
2375.88 2375.88 0.0 0
2390.02 2390.02 0.0 0
2404.16 2404.16 0.0 0
2418.31 2418.31 0.0 0
2432.45 2432.45 0.0 0
2446.59 2446.59 0.0 0
2460.73 2460.73 0.0 0
2474.87 2474.87 0.0 0
2489.02 2489.02 0.0 0
2503.16 2503.16 0.0 0
2517.3 2517.3 0.0 0
2531.44 2531.44 0.0 0
2545.58 2545.58 0.0 0
2559.73 2559.73 0.0 0
2573.87 2573.87 0.0 0
2588.01 2588.01 0.0 0
2602.15 2602.15 0.0 0
2616.3 2616.3 0.0 0
2630.44 2630.44 0.0 0
2644.58 2644.58 0.0 0
2658.72 2658.72 0.0 0
2672.86 2672.86 0.0 0
2687.01 2687.01 0.0 0
2701.15 2701.15 0.0 0
2715.29 2715.29 0.0 0
2729.43 2729.43 0.0 0
2743.57 2743.57 0.0 0
2757.72 2757.72 0.0 0
2771.86 2771.86 0.0 0
2786.0 2786.0 0.0 0
2800.14 2800.14 0.0 0
2814.28 2814.28 0.0 0
2828.43 2828.43 0.0 0
2842.57 2842.57 0.0 0
2856.71 2856.71 0.0 0
2870.85 2870.85 0.0 0
2885.0 2885.0 0.0 0
2899.14 2899.14 0.0 0
2913.28 2913.28 0.0 0
2927.42 2927.42 0.0 0
2941.56 2941.56 0.0 0
2955.71 2955.71 0.0 0
2969.85 2969.85 0.0 0
2983.99 2983.99 0.0 0
2998.13 2998.13 0.0 0
3012.27 3012.27 0.0 0
3026.42 3026.42 0.0 0
3040.56 3040.56 0.0 0
3054.7 3054.7 0.0 0
3068.84 3068.84 0.0 0
3082.99 3082.99 0.0 0
3097.13 3097.13 0.0 0
3111.27 3111.27 0.0 0
3125.41 3125.41 0.0 0
3139.55 3139.55 0.0 0
3153.7 3153.7 0.0 0
3167.84 3167.84 0.0 0
3181.98 3181.98 0.0 11853.2
3196.12 3196.12 0.0 11853.2
3210.26 3210.26 0.0 11853.2
3224.41 3224.41 0.0 11853.2
3238.55 3238.55 0.0 11853.2
3252.69 3252.69 0.0 11853.2
3266.83 3266.83 0.0 13308.2
3280.98 3280.98 0.0 13308.2
3295.12 3295.12 0.0 13308.2
3309.26 3309.26 0.0 13308.2
3323.4 3323.4 0.0 13308.2
3337.54 3337.54 0.0 13308.2
3351.69 3351.69 0.0 15103.3
3365.83 3365.83 0.0 15103.3
3379.97 3379.97 0.0 15103.3
3394.11 3394.11 0.0 15103.3
3408.25 3408.25 0.0 15103.3
3422.4 3422.4 0.0 15103.3
3436.54 3436.54 0.0 17414.1
3450.68 3450.68 0.0 17414.1
3464.82 3464.82 0.0 17414.1
3478.97 3478.97 0.0 17414.1
3493.11 3493.11 0.0 17414.1
3507.25 3507.25 0.0 17414.1
3521.39 3521.39 0.0 20454.7
3535.53 3535.53 0.0 20454.7
3549.68 3549.68 0.0 20454.7
3563.82 3563.82 0.0 20454.7
3577.96 3577.96 0.0 20454.7
3592.1 3592.1 0.0 20454.7
3606.24 3606.24 0.0 23971.9
3620.39 3620.39 0.0 23971.9
3634.53 3634.53 0.0 23971.9
3648.67 3648.67 0.0 23971.9
3662.81 3662.81 0.0 23971.9
3676.96 3676.96 0.0 23971.9
3691.1 3691.1 0.0 28149.3
3705.24 3705.24 0.0 28149.3
3719.38 3719.38 0.0 28149.3
3733.52 3733.52 0.0 28149.3
3747.67 3747.67 0.0 28149.3
3761.81 3761.81 0.0 28149.3
3775.95 3775.95 0.0 32710.3
3790.09 3790.09 0.0 32710.3
3804.23 3804.23 0.0 32710.3
3818.38 3818.38 0.0 32710.3
3832.52 3832.52 0.0 32710.3
3846.66 3846.66 0.0 32710.3
3860.8 3860.8 0.0 37465.7
3874.95 3874.95 0.0 37465.7
3889.09 3889.09 0.0 37465.7
3903.23 3903.23 0.0 37465.7
3917.37 3917.37 0.0 37465.7
3931.51 3931.51 0.0 37465.7
3945.66 3945.66 0.0 42017.3
3959.8 3959.8 0.0 42017.3
3973.94 3973.94 0.0 42017.3
3988.08 3988.08 0.0 42017.3
4002.22 4002.22 0.0 42017.3
4016.37 4016.37 0.0 42017.3
4030.51 4030.51 0.0 45399.3
4044.65 4044.65 0.0 45399.3
4058.79 4058.79 0.0 45399.3
4072.94 4072.94 0.0 45399.3
4087.08 4087.08 0.0 45399.3
4101.22 4101.22 0.0 45399.3
4115.36 4115.36 0.0 46393.1
4129.5 4129.5 0.0 46393.1
4143.65 4143.65 0.0 46393.1
4157.79 4157.79 0.0 46393.1
4171.93 4171.93 0.0 46393.1
4186.07 4186.07 0.0 46393.1
4200.21 4200.21 0.0 45801.2
4214.36 4214.36 0.0 45801.2
4228.5 4228.5 0.0 45801.2
4242.64 4242.64 0.0 45801.2
4256.78 4256.78 0.0 45801.2
4270.92 4270.92 0.0 45801.2
4285.07 4285.07 0.0 44878.9
4299.21 4299.21 0.0 44878.9
4313.35 4313.35 0.0 44878.9
4327.49 4327.49 0.0 44878.9
4341.64 4341.64 0.0 44878.9
4355.78 4355.78 0.0 44878.9
4369.92 4369.92 0.0 43992.3
4384.06 4384.06 0.0 43992.3
4398.2 4398.2 0.0 43992.3
4412.35 4412.35 0.0 43992.3
4426.49 4426.49 0.0 43992.3
4440.63 4440.63 0.0 43992.3
4454.77 4454.77 0.0 43109.0
4468.91 4468.91 0.0 43109.0
4483.06 4483.06 0.0 43109.0
4497.2 4497.2 0.0 43109.0
4511.34 4511.34 0.0 43109.0
4525.48 4525.48 0.0 42256.5
4539.63 4539.63 0.0 42256.5
4553.77 4553.77 0.0 42256.5
4567.91 4567.91 0.0 42256.5
4582.05 4582.05 0.0 42256.5
4596.19 4596.19 0.0 42256.5
4610.34 4610.34 0.0 41445.7
4624.48 4624.48 0.0 41445.7
4638.62 4638.62 0.0 41445.7
4652.76 4652.76 0.0 41445.7
4666.9 4666.9 0.0 41445.7
4681.05 4681.05 0.0 41445.7
4695.19 4695.19 0.0 40669.9
4709.33 4709.33 0.0 40669.9
4723.47 4723.47 0.0 40669.9
4737.62 4737.62 0.0 40669.9
4751.76 4751.76 0.0 40669.9
4765.9 4765.9 0.0 40669.9
4780.04 4780.04 0.0 39905.3
4794.18 4794.18 0.0 39905.3
4808.33 4808.33 0.0 39905.3
4822.47 4822.47 0.0 39905.3
4836.61 4836.61 0.0 39905.3
4850.75 4850.75 0.0 39905.3
4864.89 4864.89 0.0 39189.7
4879.04 4879.04 0.0 39189.7
4893.18 4893.18 0.0 39189.7
4907.32 4907.32 0.0 39189.7
4921.46 4921.46 0.0 39189.7
4935.61 4935.61 0.0 39189.7
4949.75 4949.75 0.0 38456.4
4963.89 4963.89 0.0 38456.4
4978.03 4978.03 0.0 38456.4
4992.17 4992.17 0.0 38456.4
5006.32 5006.32 0.0 38456.4
5020.46 5020.46 0.0 38456.4
5034.6 5034.6 0.0 37791.0
5048.74 5048.74 0.0 37791.0
5062.88 5062.88 0.0 37791.0
5077.03 5077.03 0.0 37791.0
5091.17 5091.17 0.0 37791.0
5105.31 5105.31 0.0 37791.0
5119.45 5119.45 0.0 37096.7
5133.6 5133.6 0.0 37096.7
5147.74 5147.74 0.0 37096.7
5161.88 5161.88 0.0 37096.7
5176.02 5176.02 0.0 37096.7
5190.16 5190.16 0.0 37096.7
5204.31 5204.31 0.0 36446.1
5218.45 5218.45 0.0 36446.1
5232.59 5232.59 0.0 36446.1
5246.73 5246.73 0.0 36446.1
5260.87 5260.87 0.0 36446.1
5275.02 5275.02 0.0 36446.1
5289.16 5289.16 0.0 35785.2
5303.3 5303.3 0.0 35785.2
5317.44 5317.44 0.0 35785.2
5331.59 5331.59 0.0 35785.2
5345.73 5345.73 0.0 35785.2
5359.87 5359.87 0.0 35785.2
5374.01 5374.01 0.0 35180.2
5388.15 5388.15 0.0 35180.2
5402.3 5402.3 0.0 35180.2
5416.44 5416.44 0.0 35180.2
5430.58 5430.58 0.0 35180.2
5444.72 5444.72 0.0 35180.2
5458.86 5458.86 0.0 34526.6
5473.01 5473.01 0.0 34526.6
5487.15 5487.15 0.0 34526.6
5501.29 5501.29 0.0 34526.6
5515.43 5515.43 0.0 34526.6
5529.58 5529.58 0.0 34526.6
5543.72 5543.72 0.0 33925.6
5557.86 5557.86 0.0 33925.6
5572.0 5572.0 0.0 33925.6
5586.14 5586.14 0.0 33925.6
5600.29 5600.29 0.0 33925.6
5614.43 5614.43 0.0 33925.6
5628.57 5628.57 0.0 33303.9
5642.71 5642.71 0.0 33303.9
5656.85 5656.85 0.0 33303.9
5671.0 5671.0 0.0 33303.9
5685.14 5685.14 0.0 33303.9
5699.28 5699.28 0.0 33303.9
5713.42 5713.42 0.0 32602.7
5727.56 5727.56 0.0 32602.7
5741.71 5741.71 0.0 32602.7
5755.85 5755.85 0.0 32602.7
5769.99 5769.99 0.0 32602.7
5784.13 5784.13 0.0 32602.7
5798.28 5798.28 0.0 32020.0
5812.42 5812.42 0.0 32020.0
5826.56 5826.56 0.0 32020.0
5840.7 5840.7 0.0 32020.0
5854.84 5854.84 0.0 32020.0
5868.99 5868.99 0.0 31600.7
5883.13 5883.13 0.0 31600.7
5897.27 5897.27 0.0 31600.7
5911.41 5911.41 0.0 31600.7
5925.55 5925.55 0.0 31600.7
5939.7 5939.7 0.0 31600.7
5953.84 5953.84 0.0 31243.5
5967.98 5967.98 0.0 31243.5
5982.12 5982.12 0.0 31243.5
5996.27 5996.27 0.0 31243.5
6010.41 6010.41 0.0 31243.5
6024.55 6024.55 0.0 31243.5
6038.69 6038.69 0.0 30843.7
6052.83 6052.83 0.0 30843.7
6066.98 6066.98 0.0 30843.7
6081.12 6081.12 0.0 30843.7
6095.26 6095.26 0.0 30843.7
6109.4 6109.4 0.0 30843.7
6123.54 6123.54 0.0 30438.9
6137.69 6137.69 0.0 30438.9
6151.83 6151.83 0.0 30438.9
6165.97 6165.97 0.0 30438.9
6180.11 6180.11 0.0 30438.9
6194.26 6194.26 0.0 30438.9
6208.4 6208.4 0.0 30123.0
6222.54 6222.54 0.0 30123.0
6236.68 6236.68 0.0 30123.0
6250.82 6250.82 0.0 30123.0
6264.97 6264.97 0.0 30123.0
6279.11 6279.11 0.0 30123.0
6293.25 6293.25 0.0 29762.2
6307.39 6307.39 0.0 29762.2
6321.53 6321.53 0.0 29762.2
6335.68 6335.68 0.0 29762.2
6349.82 6349.82 0.0 29762.2
6363.96 6363.96 0.0 29762.2
6378.1 6378.1 0.0 29343.7
6392.25 6392.25 0.0 29343.7
6406.39 6406.39 0.0 29343.7
6420.53 6420.53 0.0 29343.7
6434.67 6434.67 0.0 29343.7
6448.81 6448.81 0.0 29343.7
6462.96 6462.96 0.0 28945.2
6477.1 6477.1 0.0 28945.2
6491.24 6491.24 0.0 28945.2
6505.38 6505.38 0.0 28945.2
6519.52 6519.52 0.0 28945.2
6533.67 6533.67 0.0 28945.2
6547.81 6547.81 0.0 28559.9
6561.95 6561.95 0.0 28559.9
6576.09 6576.09 0.0 28559.9
6590.24 6590.24 0.0 28559.9
6604.38 6604.38 0.0 28559.9
6618.52 6618.52 0.0 28559.9
6632.66 6632.66 0.0 28190.5
6646.8 6646.8 0.0 28190.5
6660.95 6660.95 0.0 28190.5
6675.09 6675.09 0.0 28190.5
6689.23 6689.23 0.0 28190.5
6703.37 6703.37 0.0 28190.5
6717.51 6717.51 0.0 27837.1
6731.66 6731.66 0.0 27837.1
6745.8 6745.8 0.0 27837.1
6759.94 6759.94 0.0 27837.1
6774.08 6774.08 0.0 27837.1
6788.23 6788.23 0.0 27837.1
6802.37 6802.37 0.0 27497.8
6816.51 6816.51 0.0 27497.8
6830.65 6830.65 0.0 27497.8
6844.79 6844.79 0.0 27497.8
6858.94 6858.94 0.0 27497.8
6873.08 6873.08 0.0 27497.8
6887.22 6887.22 0.0 27170.8
6901.36 6901.36 0.0 27170.8
6915.5 6915.5 0.0 27170.8
6929.65 6929.65 0.0 27170.8
6943.79 6943.79 0.0 27170.8
6957.93 6957.93 0.0 27170.8
6972.07 6972.07 0.0 26855.1
6986.21 6986.21 0.0 26855.1
7000.36 7000.36 0.0 26855.1
7014.5 7014.5 0.0 26855.1
7028.64 7028.64 0.0 26855.1
7042.78 7042.78 0.0 26855.1
7056.93 7056.93 0.0 26549.4
7071.07 7071.07 0.0 26549.4
7085.21 7085.21 0.0 26549.4
7099.35 7099.35 0.0 26549.4
7113.49 7113.49 0.0 26549.4
7127.64 7127.64 0.0 26549.4
7141.78 7141.78 0.0 26252.9
7155.92 7155.92 0.0 26252.9
7170.06 7170.06 0.0 26252.9
7184.2 7184.2 0.0 26252.9
7198.35 7198.35 0.0 26252.9
7212.49 7212.49 0.0 25965.9
7226.63 7226.63 0.0 25965.9
7240.77 7240.77 0.0 25965.9
7254.92 7254.92 0.0 25965.9
7269.06 7269.06 0.0 25965.9
7283.2 7283.2 0.0 25965.9
7297.34 7297.34 0.0 25689.7
7311.48 7311.48 0.0 25689.7
7325.63 7325.63 0.0 25689.7
7339.77 7339.77 0.0 25689.7
7353.91 7353.91 0.0 25689.7
7368.05 7368.05 0.0 25689.7
7382.19 7382.19 0.0 25422.1
7396.34 7396.34 0.0 25422.1
7410.48 7410.48 0.0 25422.1
7424.62 7424.62 0.0 25422.1
7438.76 7438.76 0.0 25422.1
7452.91 7452.91 0.0 25422.1
7467.05 7467.05 0.0 25163.4
7481.19 7481.19 0.0 25163.4
7495.33 7495.33 0.0 25163.4
7509.47 7509.47 0.0 25163.4
7523.62 7523.62 0.0 25163.4
7537.76 7537.76 0.0 25163.4
7551.9 7551.9 0.0 24917.3
7566.04 7566.04 0.0 24917.3
7580.18 7580.18 0.0 24917.3
7594.33 7594.33 0.0 24917.3
7608.47 7608.47 0.0 24917.3
7622.61 7622.61 0.0 24917.3
7636.75 7636.75 0.0 24686.7
7650.9 7650.9 0.0 24686.7
7665.04 7665.04 0.0 24686.7
7679.18 7679.18 0.0 24686.7
7693.32 7693.32 0.0 24686.7
7707.46 7707.46 0.0 24686.7
7721.61 7721.61 0.0 24463.0
7735.75 7735.75 0.0 24463.0
7749.89 7749.89 0.0 24463.0
7764.03 7764.03 0.0 24463.0
7778.17 7778.17 0.0 24463.0
