0.0 0.0 0.0 910778.0
70.7107 70.7107 0.0 942825.0
141.421 141.421 0.0 377065.0
212.132 212.132 0.0 244064.0
282.843 282.843 0.0 189433.0
353.553 353.553 0.0 162143.0
424.264 424.264 0.0 146152.0
494.975 494.975 0.0 135982.0
565.685 565.685 0.0 129221.0
636.396 636.396 0.0 124602.0
707.107 707.107 0.0 121451.0
777.817 777.817 0.0 119370.0
848.528 848.528 0.0 117993.0
919.239 919.239 0.0 117015.0
989.949 989.949 0.0 116252.0
1060.66 1060.66 0.0 115577.0
1131.37 1131.37 0.0 114858.0
1202.08 1202.08 0.0 114150.0
1272.79 1272.79 0.0 113480.0
1343.5 1343.5 0.0 112743.0
1414.21 1414.21 0.0 112080.0
1484.92 1484.92 0.0 111427.0
1555.63 1555.63 0.0 110823.0
1626.35 1626.35 0.0 109995.0
1697.06 1697.06 0.0 109070.0
1767.77 1767.77 0.0 108458.0
1838.48 1838.48 0.0 108041.0
1909.19 1909.19 0.0 107689.0
1979.9 1979.9 0.0 107389.0
2050.61 2050.61 0.0 107125.0
2121.32 2121.32 0.0 106892.0
2192.03 2192.03 0.0 106681.0
2262.74 2262.74 0.0 106490.0
2333.45 2333.45 0.0 106315.0
2404.16 2404.16 0.0 106154.0
2474.87 2474.87 0.0 106003.0
2545.58 2545.58 0.0 105862.0
2616.3 2616.3 0.0 105729.0
2687.01 2687.01 0.0 105604.0
2757.72 2757.72 0.0 105486.0
2828.43 2828.43 0.0 105375.0
2899.14 2899.14 0.0 105269.0
2969.85 2969.85 0.0 105169.0
3040.56 3040.56 0.0 105074.0
3111.27 3111.27 0.0 104984.0
3181.98 3181.98 0.0 104899.0
3252.69 3252.69 0.0 104817.0
3323.4 3323.4 0.0 104739.0
3394.11 3394.11 0.0 104664.0
3464.82 3464.82 0.0 104593.0
3535.53 3535.53 0.0 104525.0
3606.24 3606.24 0.0 104459.0
3676.96 3676.96 0.0 104396.0
3747.67 3747.67 0.0 104336.0
3818.38 3818.38 0.0 104278.0
3889.09 3889.09 0.0 104168.0
3959.8 3959.8 0.0 104117.0
4030.51 4030.51 0.0 104067.0
4101.22 4101.22 0.0 104018.0
4171.93 4171.93 0.0 103972.0
4242.64 4242.64 0.0 103927.0
4313.35 4313.35 0.0 103883.0
4384.06 4384.06 0.0 103841.0
4454.77 4454.77 0.0 103800.0
4525.48 4525.48 0.0 103761.0
4596.19 4596.19 0.0 103722.0
4666.9 4666.9 0.0 103685.0
4737.62 4737.62 0.0 103649.0
4808.33 4808.33 0.0 103614.0
4879.04 4879.04 0.0 103580.0
4949.75 4949.75 0.0 103545.0
5020.46 5020.46 0.0 103505.0
5091.17 5091.17 0.0 103543.0
5161.88 5161.88 0.0 103710.0
5232.59 5232.59 0.0 103898.0
5303.3 5303.3 0.0 104045.0
5374.01 5374.01 0.0 104150.0
5444.72 5444.72 0.0 104097.0
5515.43 5515.43 0.0 0
5586.14 5586.14 0.0 0
5656.85 5656.85 0.0 0
5727.56 5727.56 0.0 0
5798.28 5798.28 0.0 0
5868.99 5868.99 0.0 0
5939.7 5939.7 0.0 0
6010.41 6010.41 0.0 0
6081.12 6081.12 0.0 0
6151.83 6151.83 0.0 0
6222.54 6222.54 0.0 0
6293.25 6293.25 0.0 0
6363.96 6363.96 0.0 0
6434.67 6434.67 0.0 0
6505.38 6505.38 0.0 0
6576.09 6576.09 0.0 0
6646.8 6646.8 0.0 0
6717.51 6717.51 0.0 0
6788.23 6788.23 0.0 0
6858.94 6858.94 0.0 0
6929.65 6929.65 0.0 0
7000.36 7000.36 0.0 0
7071.07 7071.07 0.0 0
7141.78 7141.78 0.0 0
7212.49 7212.49 0.0 0
7283.2 7283.2 0.0 0
7353.91 7353.91 0.0 0
7424.62 7424.62 0.0 0
7495.33 7495.33 0.0 0
7566.04 7566.04 0.0 0
7636.75 7636.75 0.0 0
7707.46 7707.46 0.0 0
7778.17 7778.17 0.0 0
