0.0 0.0 0.0 203109.0
70.7107 70.7107 0.0 203109.0
141.421 141.421 0.0 198671.0
212.132 212.132 0.0 185006.0
282.843 282.843 0.0 188646.0
353.553 353.553 0.0 160974.0
424.264 424.264 0.0 144389.0
494.975 494.975 0.0 127063.0
565.685 565.685 0.0 112046.0
636.396 636.396 0.0 100141.0
707.107 707.107 0.0 90735.2
777.817 777.817 0.0 83418.0
848.528 848.528 0.0 77422.6
919.239 919.239 0.0 72366.2
989.949 989.949 0.0 67997.6
1060.66 1060.66 0.0 64054.8
1131.37 1131.37 0.0 60541.6
1202.08 1202.08 0.0 57324.8
1272.79 1272.79 0.0 57324.8
1343.5 1343.5 0.0 54433.2
1414.21 1414.21 0.0 51752.2
1484.92 1484.92 0.0 49357.6
1555.63 1555.63 0.0 47117.0
1626.35 1626.35 0.0 45099.8
1697.06 1697.06 0.0 43175.9
1767.77 1767.77 0.0 41483.9
1838.48 1838.48 0.0 39832.4
1909.19 1909.19 0.0 38357.1
1979.9 1979.9 0.0 36904.8
2050.61 2050.61 0.0 35646.1
2121.32 2121.32 0.0 34317.7
2192.03 2192.03 0.0 33389.0
2262.74 2262.74 0.0 31972.6
2333.45 2333.45 0.0 31410.8
2404.16 2404.16 0.0 29827.6
2474.87 2474.87 0.0 29827.6
2545.58 2545.58 0.0 29572.5
2616.3 2616.3 0.0 27939.5
2687.01 2687.01 0.0 27964.6
2757.72 2757.72 0.0 26571.6
2828.43 2828.43 0.0 26576.6
2899.14 2899.14 0.0 25682.9
2969.85 2969.85 0.0 25682.9
3040.56 3040.56 0.0 25177.9
3111.27 3111.27 0.0 25177.9
3181.98 3181.98 0.0 24141.0
3252.69 3252.69 0.0 24141.0
3323.4 3323.4 0.0 23256.9
3394.11 3394.11 0.0 23256.9
3464.82 3464.82 0.0 22596.7
3535.53 3535.53 0.0 22596.7
3606.24 3606.24 0.0 22114.7
3676.96 3676.96 0.0 22114.7
3747.67 3747.67 0.0 22114.7
3818.38 3818.38 0.0 21692.1
3889.09 3889.09 0.0 21692.1
3959.8 3959.8 0.0 21257.1
4030.51 4030.51 0.0 21257.1
4101.22 4101.22 0.0 20553.1
4171.93 4171.93 0.0 20553.1
4242.64 4242.64 0.0 20040.8
4313.35 4313.35 0.0 20040.8
4384.06 4384.06 0.0 19915.9
4454.77 4454.77 0.0 19915.9
4525.48 4525.48 0.0 19749.1
4596.19 4596.19 0.0 19749.1
4666.9 4666.9 0.0 19486.8
4737.62 4737.62 0.0 19486.8
4808.33 4808.33 0.0 19233.0
4879.04 4879.04 0.0 19233.0
4949.75 4949.75 0.0 19233.0
5020.46 5020.46 0.0 18979.3
5091.17 5091.17 0.0 18979.3
5161.88 5161.88 0.0 18730.7
5232.59 5232.59 0.0 18730.7
5303.3 5303.3 0.0 18488.7
5374.01 5374.01 0.0 18488.7
5444.72 5444.72 0.0 18251.2
5515.43 5515.43 0.0 18251.2
5586.14 5586.14 0.0 18015.0
5656.85 5656.85 0.0 18015.0
5727.56 5727.56 0.0 17779.6
5798.28 5798.28 0.0 17779.6
5868.99 5868.99 0.0 17546.1
5939.7 5939.7 0.0 17546.1
6010.41 6010.41 0.0 17309.0
6081.12 6081.12 0.0 17309.0
6151.83 6151.83 0.0 17061.2
6222.54 6222.54 0.0 17061.2
6293.25 6293.25 0.0 17061.2
6363.96 6363.96 0.0 16893.8
6434.67 6434.67 0.0 16893.8
6505.38 6505.38 0.0 17084.3
6576.09 6576.09 0.0 17084.3
6646.8 6646.8 0.0 17720.1
6717.51 6717.51 0.0 17720.1
6788.23 6788.23 0.0 18531.3
6858.94 6858.94 0.0 18531.3
6929.65 6929.65 0.0 19436.1
7000.36 7000.36 0.0 19436.1
7071.07 7071.07 0.0 20264.4
7141.78 7141.78 0.0 20264.4
7212.49 7212.49 0.0 20892.9
7283.2 7283.2 0.0 20892.9
7353.91 7353.91 0.0 20828.3
7424.62 7424.62 0.0 20828.3
7495.33 7495.33 0.0 20828.3
7566.04 7566.04 0.0 0
7636.75 7636.75 0.0 0
7707.46 7707.46 0.0 0
7778.17 7778.17 0.0 0
