0.0 0.0 0.0 1939080.1250
14.1421 14.1421 0.0 1633647.8750
28.2843 28.2843 0.0 1633024.7500
42.4264 42.4264 0.0 1627303.2500
56.5685 56.5685 0.0 1618162.5000
70.7107 70.7107 0.0 1606706.0000
84.8528 84.8528 0.0 1593528.2500
98.9949 98.9949 0.0 1578956.5000
113.137 113.137 0.0 1563181.8750
127.279 127.279 0.0 1546325.8750
141.421 141.421 0.0 1528475.5000
155.563 155.563 0.0 1509698.7500
169.706 169.706 0.0 1490064.2500
183.848 183.848 0.0 1469635.3750
197.99 197.99 0.0 1448475.8750
212.132 212.132 0.0 1426655.0000
226.274 226.274 0.0 1404241.8750
240.416 240.416 0.0 1381307.2500
254.558 254.558 0.0 1357920.8750
268.701 268.701 0.0 1334152.5000
282.843 282.843 0.0 1310077.7500
296.985 296.985 0.0 1285761.6250
311.127 311.127 0.0 1261271.1250
325.269 325.269 0.0 1236669.8750
339.411 339.411 0.0 1212016.2500
353.553 353.553 0.0 1187367.7500
367.696 367.696 0.0 1162773.7500
381.838 381.838 0.0 1138287.5000
395.98 395.98 0.0 1113948.3125
410.122 410.122 0.0 1089797.1250
424.264 424.264 0.0 1065868.3750
438.406 438.406 0.0 1042193.3125
452.548 452.548 0.0 1018799.5625
466.69 466.69 0.0 995709.6875
480.833 480.833 0.0 972944.6250
494.975 494.975 0.0 950523.1250
509.117 509.117 0.0 928458.6875
523.259 523.259 0.0 906764.9375
537.401 537.401 0.0 885450.5000
551.543 551.543 0.0 864524.3125
565.685 565.685 0.0 843994.1250
579.828 579.828 0.0 823863.6875
593.97 593.97 0.0 804140.5625
608.112 608.112 0.0 784826.7500
622.254 622.254 0.0 765925.5000
636.396 636.396 0.0 747438.1875
650.538 650.538 0.0 729367.6875
664.68 664.68 0.0 711714.6875
678.823 678.823 0.0 694479.1875
692.965 692.965 0.0 677663.2500
707.107 707.107 0.0 661266.1875
721.249 721.249 0.0 645287.8750
735.391 735.391 0.0 629726.8750
749.533 749.533 0.0 614583.0312
763.675 763.675 0.0 599854.3438
777.817 777.817 0.0 585539.0938
791.96 791.96 0.0 571634.7188
806.102 806.102 0.0 558139.9375
820.244 820.244 0.0 545050.7812
834.386 834.386 0.0 532363.6250
848.528 848.528 0.0 520074.2812
862.67 862.67 0.0 508179.3438
876.812 876.812 0.0 496672.8125
890.955 890.955 0.0 485549.0938
905.097 905.097 0.0 474803.0625
919.239 919.239 0.0 464428.5625
933.381 933.381 0.0 454418.1250
947.523 947.523 0.0 444765.3438
961.665 961.665 0.0 435461.5312
975.807 975.807 0.0 426499.2188
989.949 989.949 0.0 417869.7500
1004.09 1004.09 0.0 409565.0625
1018.23 1018.23 0.0 401576.0000
1032.38 1032.38 0.0 393887.0625
1046.52 1046.52 0.0 386499.7188
1060.66 1060.66 0.0 379398.6562
1074.8 1074.8 0.0 372573.8750
1088.94 1088.94 0.0 366015.1875
1103.09 1103.09 0.0 359708.1562
1117.23 1117.23 0.0 353651.4219
1131.37 1131.37 0.0 347830.3438
1145.51 1145.51 0.0 342234.8438
1159.66 1159.66 0.0 336850.9531
1173.8 1173.8 0.0 331676.4219
1187.94 1187.94 0.0 326697.8438
1202.08 1202.08 0.0 321905.3438
1216.22 1216.22 0.0 317289.9062
1230.37 1230.37 0.0 312839.1094
1244.51 1244.51 0.0 308550.7969
1258.65 1258.65 0.0 304413.0781
1272.79 1272.79 0.0 300418.0156
1286.93 1286.93 0.0 296557.7500
1301.08 1301.08 0.0 292822.3125
1315.22 1315.22 0.0 289209.9062
1329.36 1329.36 0.0 285711.3281
1343.5 1343.5 0.0 282320.2812
1357.65 1357.65 0.0 279028.5000
1371.79 1371.79 0.0 275835.1094
1385.93 1385.93 0.0 272732.5781
1400.07 1400.07 0.0 269716.2188
1414.21 1414.21 0.0 266781.4219
1428.36 1428.36 0.0 263922.1719
1442.5 1442.5 0.0 261138.6406
1456.64 1456.64 0.0 258425.2031
1470.78 1470.78 0.0 255778.5781
1484.92 1484.92 0.0 253196.0000
1499.07 1499.07 0.0 250672.7031
1513.21 1513.21 0.0 248209.9531
1527.35 1527.35 0.0 245803.5156
1541.49 1541.49 0.0 243451.2344
1555.63 1555.63 0.0 241151.3281
1569.78 1569.78 0.0 238900.4062
1583.92 1583.92 0.0 236699.8125
1598.06 1598.06 0.0 234546.6406
1612.2 1612.2 0.0 232439.4375
1626.35 1626.35 0.0 230375.5547
1640.49 1640.49 0.0 228356.6094
1654.63 1654.63 0.0 226380.0000
1668.77 1668.77 0.0 224444.8438
1682.91 1682.91 0.0 222549.9688
1697.06 1697.06 0.0 220693.3594
1711.2 1711.2 0.0 218876.6094
1725.34 1725.34 0.0 217097.7266
1739.48 1739.48 0.0 215355.8047
1753.62 1753.62 0.0 213650.2266
1767.77 1767.77 0.0 211979.1562
1781.91 1781.91 0.0 210344.1719
1796.05 1796.05 0.0 208743.5469
1810.19 1810.19 0.0 207176.6875
1824.34 1824.34 0.0 205641.9297
1838.48 1838.48 0.0 204140.8281
1852.62 1852.62 0.0 202672.0000
1866.76 1866.76 0.0 201234.7031
1880.9 1880.9 0.0 199828.6250
1895.05 1895.05 0.0 198452.2969
1909.19 1909.19 0.0 197107.2969
1923.33 1923.33 0.0 195792.3047
1937.47 1937.47 0.0 194506.7734
1951.61 1951.61 0.0 193250.4609
1965.76 1965.76 0.0 192022.1172
1979.9 1979.9 0.0 190823.1328
1994.04 1994.04 0.0 189652.3594
2008.18 2008.18 0.0 188509.3750
2022.33 2022.33 0.0 187393.0312
2036.47 2036.47 0.0 186304.5703
2050.61 2050.61 0.0 185242.8281
2064.75 2064.75 0.0 184207.3438
2078.89 2078.89 0.0 183197.7031
2093.04 2093.04 0.0 182212.6094
2107.18 2107.18 0.0 181252.9297
2121.32 2121.32 0.0 180317.3516
2135.46 2135.46 0.0 179405.0781
2149.6 2149.6 0.0 178515.2656
2163.75 2163.75 0.0 177646.6016
2177.89 2177.89 0.0 176799.1641
2192.03 2192.03 0.0 175971.3125
2206.17 2206.17 0.0 175161.8594
2220.32 2220.32 0.0 174369.0703
2234.46 2234.46 0.0 173592.7578
2248.6 2248.6 0.0 172830.9766
2262.74 2262.74 0.0 172082.4219
2276.88 2276.88 0.0 171345.6797
2291.03 2291.03 0.0 170618.8906
2305.17 2305.17 0.0 169901.8359
2319.31 2319.31 0.0 169192.7656
2333.45 2333.45 0.0 168490.6016
2347.59 2347.59 0.0 167794.3750
2361.74 2361.74 0.0 167102.7891
2375.88 2375.88 0.0 166416.1992
2390.02 2390.02 0.0 165733.6758
2404.16 2404.16 0.0 165054.9922
2418.31 2418.31 0.0 164379.6211
2432.45 2432.45 0.0 163708.5977
2446.59 2446.59 0.0 163041.7383
2460.73 2460.73 0.0 162379.4453
2474.87 2474.87 0.0 161722.2383
2489.02 2489.02 0.0 161070.3789
2503.16 2503.16 0.0 160425.4336
2517.3 2517.3 0.0 159787.7148
2531.44 2531.44 0.0 159157.9336
2545.58 2545.58 0.0 158536.8828
2559.73 2559.73 0.0 157924.8867
2573.87 2573.87 0.0 157323.4062
2588.01 2588.01 0.0 156732.6953
2602.15 2602.15 0.0 156153.2695
2616.3 2616.3 0.0 155585.1719
2630.44 2630.44 0.0 155029.6562
2644.58 2644.58 0.0 154486.5547
2658.72 2658.72 0.0 153956.0977
2672.86 2672.86 0.0 153438.4102
2687.01 2687.01 0.0 152933.1719
2701.15 2701.15 0.0 152441.1055
2715.29 2715.29 0.0 151961.7070
2729.43 2729.43 0.0 151494.8789
2743.57 2743.57 0.0 151040.3320
2757.72 2757.72 0.0 150597.5234
2771.86 2771.86 0.0 150166.8125
2786.0 2786.0 0.0 149747.4688
2800.14 2800.14 0.0 149339.1562
2814.28 2814.28 0.0 148941.4727
2828.43 2828.43 0.0 148553.7305
2842.57 2842.57 0.0 148176.0430
2856.71 2856.71 0.0 147807.7031
2870.85 2870.85 0.0 147448.3008
2885.0 2885.0 0.0 147097.0938
2899.14 2899.14 0.0 146754.1953
2913.28 2913.28 0.0 146418.9375
2927.42 2927.42 0.0 146090.8867
2941.56 2941.56 0.0 145769.6797
2955.71 2955.71 0.0 145454.6836
2969.85 2969.85 0.0 145145.9766
2983.99 2983.99 0.0 144843.0430
2998.13 2998.13 0.0 144545.5117
3012.27 3012.27 0.0 144253.1133
3026.42 3026.42 0.0 143965.3438
3040.56 3040.56 0.0 143682.3203
3054.7 3054.7 0.0 143403.6133
3068.84 3068.84 0.0 143129.0078
3082.99 3082.99 0.0 142858.0586
3097.13 3097.13 0.0 142590.9961
3111.27 3111.27 0.0 142327.4258
3125.41 3125.41 0.0 142067.1523
3139.55 3139.55 0.0 141810.0078
3153.7 3153.7 0.0 141555.6719
3167.84 3167.84 0.0 141304.3164
3181.98 3181.98 0.0 141055.6172
3196.12 3196.12 0.0 140809.4219
3210.26 3210.26 0.0 140565.5508
3224.41 3224.41 0.0 140323.6562
3238.55 3238.55 0.0 140083.9492
3252.69 3252.69 0.0 139846.0469
3266.83 3266.83 0.0 139609.7383
3280.98 3280.98 0.0 139374.7109
3295.12 3295.12 0.0 139141.0977
3309.26 3309.26 0.0 138908.4766
3323.4 3323.4 0.0 138676.6797
3337.54 3337.54 0.0 138445.4805
3351.69 3351.69 0.0 138214.5039
3365.83 3365.83 0.0 137983.8750
3379.97 3379.97 0.0 137753.2188
3394.11 3394.11 0.0 137522.3516
3408.25 3408.25 0.0 137291.0703
3422.4 3422.4 0.0 137059.0586
3436.54 3436.54 0.0 136826.5000
3450.68 3450.68 0.0 136593.0664
3464.82 3464.82 0.0 136358.6641
3478.97 3478.97 0.0 136123.0547
3493.11 3493.11 0.0 135886.5000
3507.25 3507.25 0.0 135648.8086
3521.39 3521.39 0.0 135409.9531
3535.53 3535.53 0.0 135169.9766
3549.68 3549.68 0.0 134928.7461
3563.82 3563.82 0.0 134686.6914
3577.96 3577.96 0.0 134443.7422
3592.1 3592.1 0.0 134199.9922
3606.24 3606.24 0.0 133955.6230
3620.39 3620.39 0.0 133710.5996
3634.53 3634.53 0.0 133465.4258
3648.67 3648.67 0.0 133220.1523
3662.81 3662.81 0.0 132974.9316
3676.96 3676.96 0.0 132729.8535
3691.1 3691.1 0.0 132485.4336
3705.24 3705.24 0.0 132241.6934
3719.38 3719.38 0.0 131998.8926
3733.52 3733.52 0.0 131757.1953
3747.67 3747.67 0.0 131516.6465
3761.81 3761.81 0.0 131277.7832
3775.95 3775.95 0.0 131040.6016
3790.09 3790.09 0.0 130805.2949
3804.23 3804.23 0.0 130572.0117
3818.38 3818.38 0.0 130340.7637
3832.52 3832.52 0.0 130111.9980
3846.66 3846.66 0.0 129885.7012
3860.8 3860.8 0.0 129661.9902
3874.95 3874.95 0.0 129440.7871
3889.09 3889.09 0.0 129222.5332
3903.23 3903.23 0.0 129007.1328
3917.37 3917.37 0.0 128794.6660
3931.51 3931.51 0.0 128585.1953
3945.66 3945.66 0.0 128378.6387
3959.8 3959.8 0.0 128175.3027
3973.94 3973.94 0.0 127975.0859
3988.08 3988.08 0.0 127778.0527
4002.22 4002.22 0.0 127584.1641
4016.37 4016.37 0.0 127393.3418
4030.51 4030.51 0.0 127205.8418
4044.65 4044.65 0.0 127021.5098
4058.79 4058.79 0.0 126840.3809
4072.94 4072.94 0.0 126662.3027
4087.08 4087.08 0.0 126487.5156
4101.22 4101.22 0.0 126315.8633
4115.36 4115.36 0.0 126147.3535
4129.5 4129.5 0.0 125981.9375
4143.65 4143.65 0.0 125819.4844
4157.79 4157.79 0.0 125660.1855
4171.93 4171.93 0.0 125503.9043
4186.07 4186.07 0.0 125350.6113
4200.21 4200.21 0.0 125200.2598
4214.36 4214.36 0.0 125052.7266
4228.5 4228.5 0.0 124908.1602
4242.64 4242.64 0.0 124766.4375
