0.0 0.0 0.0 1563331.7500
14.1421 14.1421 0.0 1120141.9375
28.2843 28.2843 0.0 1074193.7500
42.4264 42.4264 0.0 1024676.8750
56.5685 56.5685 0.0 968424.0625
70.7107 70.7107 0.0 906282.3750
84.8528 84.8528 0.0 839456.8750
98.9949 98.9949 0.0 769820.1875
113.137 113.137 0.0 700050.8750
127.279 127.279 0.0 633002.0625
141.421 141.421 0.0 570932.4062
155.563 155.563 0.0 515159.7188
169.706 169.706 0.0 466127.0312
183.848 183.848 0.0 423667.8750
197.99 197.99 0.0 387243.2188
212.132 212.132 0.0 356151.8438
226.274 226.274 0.0 329654.8906
240.416 240.416 0.0 307047.4219
254.558 254.558 0.0 287696.6406
268.701 268.701 0.0 271053.2656
282.843 282.843 0.0 256657.6406
296.985 296.985 0.0 244126.2656
311.127 311.127 0.0 233146.4062
325.269 325.269 0.0 223464.5234
339.411 339.411 0.0 214875.4844
353.553 353.553 0.0 207213.4766
367.696 367.696 0.0 200343.1641
381.838 381.838 0.0 194155.1250
395.98 395.98 0.0 188557.8750
410.122 410.122 0.0 183475.3906
424.264 424.264 0.0 178843.7188
438.406 438.406 0.0 174608.6797
452.548 452.548 0.0 170723.5859
466.69 466.69 0.0 167148.6016
480.833 480.833 0.0 163848.7305
494.975 494.975 0.0 160794.5234
509.117 509.117 0.0 157959.6133
523.259 523.259 0.0 155321.2266
537.401 537.401 0.0 152859.7812
551.543 551.543 0.0 150558.0977
565.685 565.685 0.0 148401.3906
579.828 579.828 0.0 146376.7617
593.97 593.97 0.0 144473.5078
608.112 608.112 0.0 142682.0273
622.254 622.254 0.0 140994.2227
636.396 636.396 0.0 139403.2031
650.538 650.538 0.0 137903.1484
664.68 664.68 0.0 136489.0430
678.823 678.823 0.0 135156.4609
692.965 692.965 0.0 133901.8809
707.107 707.107 0.0 132721.8848
721.249 721.249 0.0 131613.3965
735.391 735.391 0.0 130573.4043
749.533 749.533 0.0 129598.8965
763.675 763.675 0.0 128686.7227
777.817 777.817 0.0 127833.3555
791.96 791.96 0.0 127035.0254
806.102 806.102 0.0 126287.6445
820.244 820.244 0.0 125586.7656
834.386 834.386 0.0 124927.8125
848.528 848.528 0.0 124306.2500
862.67 862.67 0.0 123717.7695
876.812 876.812 0.0 123158.5332
890.955 890.955 0.0 122625.2441
905.097 905.097 0.0 122115.4941
919.239 919.239 0.0 121627.4141
933.381 933.381 0.0 121159.8066
947.523 947.523 0.0 120711.9238
961.665 961.665 0.0 120283.3027
975.807 975.807 0.0 119873.5156
989.949 989.949 0.0 119482.0352
1004.09 1004.09 0.0 119108.1973
1018.23 1018.23 0.0 118751.0098
1032.38 1032.38 0.0 118408.9727
1046.52 1046.52 0.0 118081.1406
1060.66 1060.66 0.0 117765.6816
1074.8 1074.8 0.0 117460.9590
1088.94 1088.94 0.0 117165.3027
1103.09 1103.09 0.0 116876.9648
1117.23 1117.23 0.0 116594.9121
1131.37 1131.37 0.0 116317.6592
1145.51 1145.51 0.0 116044.1543
1159.66 1159.66 0.0 115773.3486
1173.8 1173.8 0.0 115504.9570
1187.94 1187.94 0.0 115238.4062
1202.08 1202.08 0.0 114973.4248
1216.22 1216.22 0.0 114709.9502
1230.37 1230.37 0.0 114447.8867
1244.51 1244.51 0.0 114187.8525
1258.65 1258.65 0.0 113929.9541
1272.79 1272.79 0.0 113674.6172
1286.93 1286.93 0.0 113422.3076
1301.08 1301.08 0.0 113173.3584
1315.22 1315.22 0.0 112928.6602
1329.36 1329.36 0.0 112688.5342
1343.5 1343.5 0.0 112453.5234
1357.65 1357.65 0.0 112223.9473
1371.79 1371.79 0.0 112000.5703
1385.93 1385.93 0.0 111783.6611
1400.07 1400.07 0.0 111573.5645
1414.21 1414.21 0.0 111370.6006
1428.36 1428.36 0.0 111174.8623
1442.5 1442.5 0.0 110986.8193
1456.64 1456.64 0.0 110806.4756
1470.78 1470.78 0.0 110633.8955
1484.92 1484.92 0.0 110469.1064
1499.07 1499.07 0.0 110311.9766
1513.21 1513.21 0.0 110162.6533
1527.35 1527.35 0.0 110020.8926
1541.49 1541.49 0.0 109886.5410
1555.63 1555.63 0.0 109759.4092
1569.78 1569.78 0.0 109639.1934
1583.92 1583.92 0.0 109525.8086
1598.06 1598.06 0.0 109418.9038
1612.2 1612.2 0.0 109318.1963
1626.35 1626.35 0.0 109223.3057
1640.49 1640.49 0.0 109134.0630
1654.63 1654.63 0.0 109050.0845
1668.77 1668.77 0.0 108971.0513
1682.91 1682.91 0.0 108896.6455
1697.06 1697.06 0.0 108826.4888
1711.2 1711.2 0.0 108760.3794
1725.34 1725.34 0.0 108697.9609
1739.48 1739.48 0.0 108638.9238
1753.62 1753.62 0.0 108582.9917
1767.77 1767.77 0.0 108529.8403
1781.91 1781.91 0.0 108479.2935
1796.05 1796.05 0.0 108431.0508
1810.19 1810.19 0.0 108384.8896
1824.34 1824.34 0.0 108340.5508
1838.48 1838.48 0.0 108297.8945
1852.62 1852.62 0.0 108256.7114
1866.76 1866.76 0.0 108216.8389
1880.9 1880.9 0.0 108178.1226
1895.05 1895.05 0.0 108140.4131
1909.19 1909.19 0.0 108103.6553
1923.33 1923.33 0.0 108067.7319
1937.47 1937.47 0.0 108032.5728
1951.61 1951.61 0.0 107998.1377
1965.76 1965.76 0.0 107964.3525
1979.9 1979.9 0.0 107931.2563
1994.04 1994.04 0.0 107898.8203
2008.18 2008.18 0.0 107867.0508
2022.33 2022.33 0.0 107835.9443
2036.47 2036.47 0.0 107805.5620
2050.61 2050.61 0.0 107775.9180
2064.75 2064.75 0.0 107747.0322
2078.89 2078.89 0.0 107718.9351
2093.04 2093.04 0.0 107691.6289
2107.18 2107.18 0.0 107665.1562
2121.32 2121.32 0.0 107639.5015
2135.46 2135.46 0.0 107614.6616
2149.6 2149.6 0.0 107590.5986
2163.75 2163.75 0.0 107567.2710
2177.89 2177.89 0.0 107544.6538
2192.03 2192.03 0.0 107522.6572
2206.17 2206.17 0.0 107501.1997
2220.32 2220.32 0.0 107480.1899
2234.46 2234.46 0.0 107459.5322
2248.6 2248.6 0.0 107439.1240
2262.74 2262.74 0.0 107418.8291
2276.88 2276.88 0.0 107398.5439
2291.03 2291.03 0.0 107378.1270
2305.17 2305.17 0.0 107357.4980
2319.31 2319.31 0.0 107336.5244
2333.45 2333.45 0.0 107315.1084
2347.59 2347.59 0.0 107293.1606
2361.74 2361.74 0.0 107270.5840
2375.88 2375.88 0.0 107247.3208
2390.02 2390.02 0.0 107223.3296
2404.16 2404.16 0.0 107198.5469
2418.31 2418.31 0.0 107172.9307
2432.45 2432.45 0.0 107146.5044
2446.59 2446.59 0.0 107119.2471
2460.73 2460.73 0.0 107091.1743
2474.87 2474.87 0.0 107062.3027
2489.02 2489.02 0.0 107032.6479
2503.16 2503.16 0.0 107002.2876
2517.3 2517.3 0.0 106971.2603
2531.44 2531.44 0.0 106939.6235
2545.58 2545.58 0.0 106907.4253
2559.73 2559.73 0.0 106874.7197
2573.87 2573.87 0.0 106841.6177
2588.01 2588.01 0.0 106808.1621
2602.15 2602.15 0.0 106774.4268
2616.3 2616.3 0.0 106740.4580
2630.44 2630.44 0.0 106706.3706
2644.58 2644.58 0.0 106672.2148
2658.72 2658.72 0.0 106638.0425
2672.86 2672.86 0.0 106603.9248
2687.01 2687.01 0.0 106569.8916
2701.15 2701.15 0.0 106536.0522
2715.29 2715.29 0.0 106502.4351
2729.43 2729.43 0.0 106469.0879
2743.57 2743.57 0.0 106436.0557
2757.72 2757.72 0.0 106403.3623
2771.86 2771.86 0.0 106371.0859
2786.0 2786.0 0.0 106339.2559
2800.14 2800.14 0.0 106307.8892
2814.28 2814.28 0.0 106277.0264
2828.43 2828.43 0.0 106246.6748
2842.57 2842.57 0.0 106216.8999
2856.71 2856.71 0.0 106187.6978
2870.85 2870.85 0.0 106159.1025
2885.0 2885.0 0.0 106131.0996
2899.14 2899.14 0.0 106103.7471
2913.28 2913.28 0.0 106077.0425
2927.42 2927.42 0.0 106050.9961
2941.56 2941.56 0.0 106025.6147
2955.71 2955.71 0.0 106000.8848
2969.85 2969.85 0.0 105976.8555
2983.99 2983.99 0.0 105953.5054
2998.13 2998.13 0.0 105930.8369
3012.27 3012.27 0.0 105908.8506
3026.42 3026.42 0.0 105887.5239
3040.56 3040.56 0.0 105866.8853
3054.7 3054.7 0.0 105846.9131
3068.84 3068.84 0.0 105827.5967
3082.99 3082.99 0.0 105808.9067
3097.13 3097.13 0.0 105790.8691
3111.27 3111.27 0.0 105773.4468
3125.41 3125.41 0.0 105756.6289
3139.55 3139.55 0.0 105740.3921
3153.7 3153.7 0.0 105724.7124
3167.84 3167.84 0.0 105709.5908
3181.98 3181.98 0.0 105694.9893
3196.12 3196.12 0.0 105680.8892
3210.26 3210.26 0.0 105667.2671
3224.41 3224.41 0.0 105654.0913
3238.55 3238.55 0.0 105641.3555
3252.69 3252.69 0.0 105629.0161
3266.83 3266.83 0.0 105617.0562
3280.98 3280.98 0.0 105605.4419
3295.12 3295.12 0.0 105594.1567
3309.26 3309.26 0.0 105583.1729
3323.4 3323.4 0.0 105572.4644
3337.54 3337.54 0.0 105562.0039
3351.69 3351.69 0.0 105551.7588
3365.83 3365.83 0.0 105541.7222
3379.97 3379.97 0.0 105531.8667
3394.11 3394.11 0.0 105522.1646
3408.25 3408.25 0.0 105512.5977
3422.4 3422.4 0.0 105503.1431
3436.54 3436.54 0.0 105493.7935
3450.68 3450.68 0.0 105484.5239
3464.82 3464.82 0.0 105475.3184
3478.97 3478.97 0.0 105466.1572
3493.11 3493.11 0.0 105457.0410
3507.25 3507.25 0.0 105447.9517
3521.39 3521.39 0.0 105438.8760
3535.53 3535.53 0.0 105429.8101
3549.68 3549.68 0.0 105420.7312
3563.82 3563.82 0.0 105411.6570
3577.96 3577.96 0.0 105402.5681
3592.1 3592.1 0.0 105393.4565
3606.24 3606.24 0.0 105384.3269
3620.39 3620.39 0.0 105375.1616
3634.53 3634.53 0.0 105365.9802
3648.67 3648.67 0.0 105356.7700
3662.81 3662.81 0.0 105347.5349
3676.96 3676.96 0.0 105338.2632
3691.1 3691.1 0.0 105328.9670
3705.24 3705.24 0.0 105319.6531
3719.38 3719.38 0.0 105310.3127
3733.52 3733.52 0.0 105300.9492
3747.67 3747.67 0.0 105291.5640
3761.81 3761.81 0.0 105282.1667
3775.95 3775.95 0.0 105272.7529
3790.09 3790.09 0.0 105263.3308
3804.23 3804.23 0.0 105253.8997
3818.38 3818.38 0.0 105244.4575
3832.52 3832.52 0.0 105235.0195
3846.66 3846.66 0.0 105225.5833
3860.8 3860.8 0.0 105216.1499
3874.95 3874.95 0.0 105206.7188
3889.09 3889.09 0.0 105197.3013
3903.23 3903.23 0.0 105187.8936
3917.37 3917.37 0.0 105178.5051
3931.51 3931.51 0.0 105169.1321
3945.66 3945.66 0.0 105159.7712
3959.8 3959.8 0.0 105150.4363
3973.94 3973.94 0.0 105141.1279
3988.08 3988.08 0.0 105131.8440
4002.22 4002.22 0.0 105122.5842
4016.37 4016.37 0.0 105113.3486
4030.51 4030.51 0.0 105104.1484
4044.65 4044.65 0.0 105094.9792
4058.79 4058.79 0.0 105085.8394
4072.94 4072.94 0.0 105076.7290
4087.08 4087.08 0.0 105067.6548
4101.22 4101.22 0.0 105058.6204
4115.36 4115.36 0.0 105049.6182
4129.5 4129.5 0.0 105040.6553
4143.65 4143.65 0.0 105031.7173
4157.79 4157.79 0.0 105022.8240
4171.93 4171.93 0.0 105013.9712
4186.07 4186.07 0.0 105005.1555
4200.21 4200.21 0.0 104996.3762
4214.36 4214.36 0.0 104987.6323
4228.5 4228.5 0.0 104978.9329
4242.64 4242.64 0.0 104970.2700
