0.0 0.0 0.0 2397405.0000
14.1421 14.1421 0.0 2719597.2500
28.2843 28.2843 0.0 2490389.5000
42.4264 42.4264 0.0 2089778.5000
56.5685 56.5685 0.0 1693967.7500
70.7107 70.7107 0.0 1360777.6250
84.8528 84.8528 0.0 1087549.6875
98.9949 98.9949 0.0 869607.6250
113.137 113.137 0.0 701609.8125
127.279 127.279 0.0 575141.3750
141.421 141.421 0.0 480804.0000
155.563 155.563 0.0 410314.4375
169.706 169.706 0.0 357232.3281
183.848 183.848 0.0 316833.5469
197.99 197.99 0.0 285693.8750
212.132 212.132 0.0 261345.0312
226.274 226.274 0.0 242005.2969
240.416 240.416 0.0 226390.5781
254.558 254.558 0.0 213576.6250
268.701 268.701 0.0 202895.3516
282.843 282.843 0.0 193863.3594
296.985 296.985 0.0 186123.9531
311.127 311.127 0.0 179412.5938
325.269 325.269 0.0 173530.2578
339.411 339.411 0.0 168325.5000
353.553 353.553 0.0 163681.9141
367.696 367.696 0.0 159508.7695
381.838 381.838 0.0 155735.9883
395.98 395.98 0.0 152307.2812
410.122 410.122 0.0 149177.9688
424.264 424.264 0.0 146311.9844
438.406 438.406 0.0 143679.7891
452.548 452.548 0.0 141256.9336
466.69 466.69 0.0 139022.8828
480.833 480.833 0.0 136960.1289
494.975 494.975 0.0 135053.8945
509.117 509.117 0.0 133291.1387
523.259 523.259 0.0 131660.4570
537.401 537.401 0.0 130151.7988
551.543 551.543 0.0 128756.2500
565.685 565.685 0.0 127465.7949
579.828 579.828 0.0 126273.0918
593.97 593.97 0.0 125171.6504
608.112 608.112 0.0 124155.3184
622.254 622.254 0.0 123218.3691
636.396 636.396 0.0 122355.4258
650.538 650.538 0.0 121561.3066
664.68 664.68 0.0 120831.0488
678.823 678.823 0.0 120159.7148
692.965 692.965 0.0 119542.5312
707.107 707.107 0.0 118974.6738
721.249 721.249 0.0 118451.3789
735.391 735.391 0.0 117967.9707
749.533 749.533 0.0 117519.9121
763.675 763.675 0.0 117102.9590
777.817 777.817 0.0 116713.2549
791.96 791.96 0.0 116347.4541
806.102 806.102 0.0 116002.9180
820.244 820.244 0.0 115677.6787
834.386 834.386 0.0 115370.4775
848.528 848.528 0.0 115080.7158
862.67 862.67 0.0 114808.2666
876.812 876.812 0.0 114553.3535
890.955 890.955 0.0 114316.2324
905.097 905.097 0.0 114097.1855
919.239 919.239 0.0 113896.1992
933.381 933.381 0.0 113712.9814
947.523 947.523 0.0 113546.8750
961.665 961.665 0.0 113396.9004
975.807 975.807 0.0 113261.7773
989.949 989.949 0.0 113139.9980
1004.09 1004.09 0.0 113029.9199
1018.23 1018.23 0.0 112929.7656
1032.38 1032.38 0.0 112837.7256
1046.52 1046.52 0.0 112752.1641
1060.66 1060.66 0.0 112671.3809
1074.8 1074.8 0.0 112593.7949
1088.94 1088.94 0.0 112518.0156
1103.09 1103.09 0.0 112442.7051
1117.23 1117.23 0.0 112366.8477
1131.37 1131.37 0.0 112289.4492
1145.51 1145.51 0.0 112209.7119
1159.66 1159.66 0.0 112126.9111
1173.8 1173.8 0.0 112040.6865
1187.94 1187.94 0.0 111950.6094
1202.08 1202.08 0.0 111856.4580
1216.22 1216.22 0.0 111758.1035
1230.37 1230.37 0.0 111655.4814
1244.51 1244.51 0.0 111548.8174
1258.65 1258.65 0.0 111438.1953
1272.79 1272.79 0.0 111323.8682
1286.93 1286.93 0.0 111206.1318
1301.08 1301.08 0.0 111085.2461
1315.22 1315.22 0.0 110961.7539
1329.36 1329.36 0.0 110835.9951
1343.5 1343.5 0.0 110708.3809
1357.65 1357.65 0.0 110579.2568
1371.79 1371.79 0.0 110449.2402
1385.93 1385.93 0.0 110318.6514
1400.07 1400.07 0.0 110187.9160
1414.21 1414.21 0.0 110057.4199
1428.36 1428.36 0.0 109927.4385
1442.5 1442.5 0.0 109798.5146
1456.64 1456.64 0.0 109670.8740
1470.78 1470.78 0.0 109544.8037
1484.92 1484.92 0.0 109420.5801
1499.07 1499.07 0.0 109298.3628
1513.21 1513.21 0.0 109178.5200
1527.35 1527.35 0.0 109061.1816
1541.49 1541.49 0.0 108946.4946
1555.63 1555.63 0.0 108834.6104
1569.78 1569.78 0.0 108725.5718
1583.92 1583.92 0.0 108619.6221
1598.06 1598.06 0.0 108516.7759
1612.2 1612.2 0.0 108417.0928
1626.35 1626.35 0.0 108320.5415
1640.49 1640.49 0.0 108227.3037
1654.63 1654.63 0.0 108137.2983
1668.77 1668.77 0.0 108050.5273
1682.91 1682.91 0.0 107966.9849
1697.06 1697.06 0.0 107886.5723
1711.2 1711.2 0.0 107809.3608
1725.34 1725.34 0.0 107735.2393
1739.48 1739.48 0.0 107664.1260
1753.62 1753.62 0.0 107595.9678
1767.77 1767.77 0.0 107530.6201
1781.91 1781.91 0.0 107468.0830
1796.05 1796.05 0.0 107408.2207
1810.19 1810.19 0.0 107350.9307
1824.34 1824.34 0.0 107296.0669
1838.48 1838.48 0.0 107243.5996
1852.62 1852.62 0.0 107193.3882
1866.76 1866.76 0.0 107145.3179
1880.9 1880.9 0.0 107099.2896
1895.05 1895.05 0.0 107055.1650
1909.19 1909.19 0.0 107012.9062
1923.33 1923.33 0.0 106972.3774
1937.47 1937.47 0.0 106933.4863
1951.61 1951.61 0.0 106896.1367
1965.76 1965.76 0.0 106860.2139
1979.9 1979.9 0.0 106825.6802
1994.04 1994.04 0.0 106792.4277
2008.18 2008.18 0.0 106760.3760
2022.33 2022.33 0.0 106729.4238
2036.47 2036.47 0.0 106699.5420
2050.61 2050.61 0.0 106670.6460
2064.75 2064.75 0.0 106642.6528
2078.89 2078.89 0.0 106615.5161
2093.04 2093.04 0.0 106589.1465
2107.18 2107.18 0.0 106563.5298
2121.32 2121.32 0.0 106538.5928
2135.46 2135.46 0.0 106514.2949
2149.6 2149.6 0.0 106490.5796
2163.75 2163.75 0.0 106467.3955
2177.89 2177.89 0.0 106444.7334
2192.03 2192.03 0.0 106422.5449
2206.17 2206.17 0.0 106400.7930
2220.32 2220.32 0.0 106379.4355
2234.46 2234.46 0.0 106358.4771
2248.6 2248.6 0.0 106337.8726
2262.74 2262.74 0.0 106317.5991
2276.88 2276.88 0.0 106297.6367
2291.03 2291.03 0.0 106277.9473
2305.17 2305.17 0.0 106258.5439
2319.31 2319.31 0.0 106239.3921
2333.45 2333.45 0.0 106220.4800
2347.59 2347.59 0.0 106201.7822
2361.74 2361.74 0.0 106183.2778
2375.88 2375.88 0.0 106164.9766
2390.02 2390.02 0.0 106146.8501
2404.16 2404.16 0.0 106128.8779
2418.31 2418.31 0.0 106111.0498
2432.45 2432.45 0.0 106093.3652
2446.59 2446.59 0.0 106075.8066
2460.73 2460.73 0.0 106058.3667
2474.87 2474.87 0.0 106041.0283
2489.02 2489.02 0.0 106023.7695
2503.16 2503.16 0.0 106006.6094
2517.3 2517.3 0.0 105989.5273
2531.44 2531.44 0.0 105972.5186
2545.58 2545.58 0.0 105955.5713
2559.73 2559.73 0.0 105938.6699
2573.87 2573.87 0.0 105921.8398
2588.01 2588.01 0.0 105905.0620
2602.15 2602.15 0.0 105888.3296
2616.3 2616.3 0.0 105871.6323
2630.44 2630.44 0.0 105854.9946
2644.58 2644.58 0.0 105838.3999
2658.72 2658.72 0.0 105821.8486
2672.86 2672.86 0.0 105805.3452
2687.01 2687.01 0.0 105788.8809
2701.15 2701.15 0.0 105772.4775
2715.29 2715.29 0.0 105756.1250
2729.43 2729.43 0.0 105739.8325
2743.57 2743.57 0.0 105723.5967
2757.72 2757.72 0.0 105707.4175
2771.86 2771.86 0.0 105691.3188
2786.0 2786.0 0.0 105675.2974
2800.14 2800.14 0.0 105659.3511
2814.28 2814.28 0.0 105643.4927
2828.43 2828.43 0.0 105627.7095
2842.57 2842.57 0.0 105612.0415
2856.71 2856.71 0.0 105596.4692
2870.85 2870.85 0.0 105581.0137
2885.0 2885.0 0.0 105565.6587
2899.14 2899.14 0.0 105550.4351
2913.28 2913.28 0.0 105535.3428
2927.42 2927.42 0.0 105520.3794
2941.56 2941.56 0.0 105505.5596
2955.71 2955.71 0.0 105490.8726
2969.85 2969.85 0.0 105476.3457
2983.99 2983.99 0.0 105461.9775
2998.13 2998.13 0.0 105447.7666
3012.27 3012.27 0.0 105433.7227
3026.42 3026.42 0.0 105419.8411
3040.56 3040.56 0.0 105406.1421
3054.7 3054.7 0.0 105392.6204
3068.84 3068.84 0.0 105379.2822
3082.99 3082.99 0.0 105366.1167
3097.13 3097.13 0.0 105353.1433
3111.27 3111.27 0.0 105340.3647
3125.41 3125.41 0.0 105327.7710
3139.55 3139.55 0.0 105315.3684
3153.7 3153.7 0.0 105303.1487
3167.84 3167.84 0.0 105291.1279
3181.98 3181.98 0.0 105279.2998
3196.12 3196.12 0.0 105267.6555
3210.26 3210.26 0.0 105256.2002
3224.41 3224.41 0.0 105244.9224
3238.55 3238.55 0.0 105233.8362
3252.69 3252.69 0.0 105222.9297
3266.83 3266.83 0.0 105212.2000
3280.98 3280.98 0.0 105201.6382
3295.12 3295.12 0.0 105191.2559
3309.26 3309.26 0.0 105181.0388
3323.4 3323.4 0.0 105170.9863
3337.54 3337.54 0.0 105161.0908
3351.69 3351.69 0.0 105151.3450
3365.83 3365.83 0.0 105141.7527
3379.97 3379.97 0.0 105132.3149
3394.11 3394.11 0.0 105123.0127
3408.25 3408.25 0.0 105113.8518
3422.4 3422.4 0.0 105104.8210
3436.54 3436.54 0.0 105095.9250
3450.68 3450.68 0.0 105087.1606
3464.82 3464.82 0.0 105078.5186
3478.97 3478.97 0.0 105069.9907
3493.11 3493.11 0.0 105061.5854
3507.25 3507.25 0.0 105053.2998
3521.39 3521.39 0.0 105045.1199
3535.53 3535.53 0.0 105037.0496
3549.68 3549.68 0.0 105029.0898
3563.82 3563.82 0.0 105021.2334
3577.96 3577.96 0.0 105013.4817
3592.1 3592.1 0.0 105005.8318
3606.24 3606.24 0.0 104998.2832
3620.39 3620.39 0.0 104990.8271
3634.53 3634.53 0.0 104983.4749
3648.67 3648.67 0.0 104976.2173
3662.81 3662.81 0.0 104969.0559
3676.96 3676.96 0.0 104961.9807
3691.1 3691.1 0.0 104955.0095
3705.24 3705.24 0.0 104948.1306
3719.38 3719.38 0.0 104941.3406
3733.52 3733.52 0.0 104934.6445
3747.67 3747.67 0.0 104928.0339
3761.81 3761.81 0.0 104921.5161
3775.95 3775.95 0.0 104915.0869
3790.09 3790.09 0.0 104908.7493
3804.23 3804.23 0.0 104902.4961
3818.38 3818.38 0.0 104896.3271
3832.52 3832.52 0.0 104890.2466
3846.66 3846.66 0.0 104884.2527
3860.8 3860.8 0.0 104878.3413
3874.95 3874.95 0.0 104872.5127
3889.09 3889.09 0.0 104866.7695
3903.23 3903.23 0.0 104861.1028
3917.37 3917.37 0.0 104855.5225
3931.51 3931.51 0.0 104850.0181
3945.66 3945.66 0.0 104844.5842
3959.8 3959.8 0.0 104839.2373
3973.94 3973.94 0.0 104833.9568
3988.08 3988.08 0.0 104828.7544
4002.22 4002.22 0.0 104823.6213
4016.37 4016.37 0.0 104818.5542
4030.51 4030.51 0.0 104813.5571
4044.65 4044.65 0.0 104808.6272
4058.79 4058.79 0.0 104803.7588
4072.94 4072.94 0.0 104798.9500
4087.08 4087.08 0.0 104794.2036
4101.22 4101.22 0.0 104789.5154
4115.36 4115.36 0.0 104784.8826
4129.5 4129.5 0.0 104780.3022
4143.65 4143.65 0.0 104775.7705
4157.79 4157.79 0.0 104771.2859
4171.93 4171.93 0.0 104766.8528
4186.07 4186.07 0.0 104762.4583
4200.21 4200.21 0.0 104758.1084
4214.36 4214.36 0.0 104753.7903
4228.5 4228.5 0.0 104749.5134
4242.64 4242.64 0.0 104745.2661
