0.0 0.0 0.0 215134.7812
14.1421 14.1421 0.0 200110.1406
28.2843 28.2843 0.0 198980.3359
42.4264 42.4264 0.0 197429.1875
56.5685 56.5685 0.0 195676.0781
70.7107 70.7107 0.0 193863.7969
84.8528 84.8528 0.0 192055.6953
98.9949 98.9949 0.0 190265.2188
113.137 113.137 0.0 188481.7578
127.279 127.279 0.0 186688.0000
141.421 141.421 0.0 184869.2109
155.563 155.563 0.0 183016.9766
169.706 169.706 0.0 181129.7188
183.848 183.848 0.0 179211.7266
197.99 197.99 0.0 177270.6406
212.132 212.132 0.0 175316.0703
226.274 226.274 0.0 173358.4766
240.416 240.416 0.0 171407.8672
254.558 254.558 0.0 169473.4141
268.701 268.701 0.0 167563.0156
282.843 282.843 0.0 165683.7695
296.985 296.985 0.0 163841.1016
311.127 311.127 0.0 162039.6133
325.269 325.269 0.0 160282.8398
339.411 339.411 0.0 158573.6953
353.553 353.553 0.0 156914.2188
367.696 367.696 0.0 155306.1133
381.838 381.838 0.0 153750.8516
395.98 395.98 0.0 152249.2500
410.122 410.122 0.0 150802.1445
424.264 424.264 0.0 149410.2148
438.406 438.406 0.0 148074.0742
452.548 452.548 0.0 146794.3672
466.69 466.69 0.0 145571.6367
480.833 480.833 0.0 144406.6133
494.975 494.975 0.0 143300.1289
509.117 509.117 0.0 142252.7734
523.259 523.259 0.0 141265.1133
537.401 537.401 0.0 140337.3633
551.543 551.543 0.0 139469.2852
565.685 565.685 0.0 138659.8047
579.828 579.828 0.0 137906.7422
593.97 593.97 0.0 137206.6016
608.112 608.112 0.0 136553.9922
622.254 622.254 0.0 135941.7969
636.396 636.396 0.0 135361.0703
650.538 650.538 0.0 134801.4844
664.68 664.68 0.0 134251.9180
678.823 678.823 0.0 133701.5020
692.965 692.965 0.0 133140.9023
707.107 707.107 0.0 132563.0996
721.249 721.249 0.0 131964.2832
735.391 735.391 0.0 131344.2500
749.533 749.533 0.0 130705.8164
763.675 763.675 0.0 130054.3398
777.817 777.817 0.0 129396.5879
791.96 791.96 0.0 128739.7656
806.102 806.102 0.0 128090.7988
820.244 820.244 0.0 127455.5098
834.386 834.386 0.0 126838.4473
848.528 848.528 0.0 126242.7500
862.67 862.67 0.0 125670.3223
876.812 876.812 0.0 125121.9082
890.955 890.955 0.0 124597.3066
905.097 905.097 0.0 124095.7949
919.239 919.239 0.0 123616.0449
933.381 933.381 0.0 123156.4785
947.523 947.523 0.0 122715.3652
961.665 961.665 0.0 122290.9141
975.807 975.807 0.0 121881.3262
989.949 989.949 0.0 121484.8965
1004.09 1004.09 0.0 121100.0586
1018.23 1018.23 0.0 120725.2734
1032.38 1032.38 0.0 120358.8984
1046.52 1046.52 0.0 120000.1816
1060.66 1060.66 0.0 119647.7344
1074.8 1074.8 0.0 119300.5449
1088.94 1088.94 0.0 118957.6719
1103.09 1103.09 0.0 118618.0762
1117.23 1117.23 0.0 118281.5352
1131.37 1131.37 0.0 117947.1523
1145.51 1145.51 0.0 117614.4219
1159.66 1159.66 0.0 117282.6816
1173.8 1173.8 0.0 116952.0225
1187.94 1187.94 0.0 116621.9961
1202.08 1202.08 0.0 116292.4258
1216.22 1216.22 0.0 115963.2705
1230.37 1230.37 0.0 115634.3564
1244.51 1244.51 0.0 115306.2998
1258.65 1258.65 0.0 114979.1533
1272.79 1272.79 0.0 114653.2520
1286.93 1286.93 0.0 114329.0898
1301.08 1301.08 0.0 114006.9541
1315.22 1315.22 0.0 113687.9512
1329.36 1329.36 0.0 113372.5088
1343.5 1343.5 0.0 113061.3457
1357.65 1357.65 0.0 112755.0186
1371.79 1371.79 0.0 112454.6797
1385.93 1385.93 0.0 112160.8730
1400.07 1400.07 0.0 111874.2812
1414.21 1414.21 0.0 111595.5732
1428.36 1428.36 0.0 111325.1445
1442.5 1442.5 0.0 111063.9131
1456.64 1456.64 0.0 110812.1074
1470.78 1470.78 0.0 110570.0674
1484.92 1484.92 0.0 110338.0684
1499.07 1499.07 0.0 110116.1133
1513.21 1513.21 0.0 109904.5840
1527.35 1527.35 0.0 109703.3027
1541.49 1541.49 0.0 109512.1963
1555.63 1555.63 0.0 109331.0840
1569.78 1569.78 0.0 109159.6235
1583.92 1583.92 0.0 108997.7822
1598.06 1598.06 0.0 108845.0986
1612.2 1612.2 0.0 108701.2124
1626.35 1626.35 0.0 108565.6294
1640.49 1640.49 0.0 108438.1274
1654.63 1654.63 0.0 108318.1748
1668.77 1668.77 0.0 108205.3433
1682.91 1682.91 0.0 108099.1919
1697.06 1697.06 0.0 107999.2158
1711.2 1711.2 0.0 107905.1318
1725.34 1725.34 0.0 107816.4590
1739.48 1739.48 0.0 107732.7964
1753.62 1753.62 0.0 107653.7563
1767.77 1767.77 0.0 107578.9287
1781.91 1781.91 0.0 107508.0796
1796.05 1796.05 0.0 107440.8184
1810.19 1810.19 0.0 107376.8584
1824.34 1824.34 0.0 107315.8574
1838.48 1838.48 0.0 107257.6543
1852.62 1852.62 0.0 107201.9546
1866.76 1866.76 0.0 107148.5483
1880.9 1880.9 0.0 107097.2114
1895.05 1895.05 0.0 107047.7407
1909.19 1909.19 0.0 107000.0366
1923.33 1923.33 0.0 106953.9038
1937.47 1937.47 0.0 106909.2070
1951.61 1951.61 0.0 106865.8252
1965.76 1965.76 0.0 106823.6274
1979.9 1979.9 0.0 106782.5566
1994.04 1994.04 0.0 106742.5210
2008.18 2008.18 0.0 106703.4263
2022.33 2022.33 0.0 106665.1782
2036.47 2036.47 0.0 106627.7812
2050.61 2050.61 0.0 106591.1489
2064.75 2064.75 0.0 106555.2397
2078.89 2078.89 0.0 106520.0117
2093.04 2093.04 0.0 106485.4028
2107.18 2107.18 0.0 106451.4346
2121.32 2121.32 0.0 106418.0474
2135.46 2135.46 0.0 106385.2212
2149.6 2149.6 0.0 106352.9307
2163.75 2163.75 0.0 106321.1289
2177.89 2177.89 0.0 106289.8403
2192.03 2192.03 0.0 106259.0181
2206.17 2206.17 0.0 106228.6445
2220.32 2220.32 0.0 106198.6768
2234.46 2234.46 0.0 106169.1362
2248.6 2248.6 0.0 106139.9780
2262.74 2262.74 0.0 106111.1841
2276.88 2276.88 0.0 106082.7246
2291.03 2291.03 0.0 106054.5605
2305.17 2305.17 0.0 106026.7061
2319.31 2319.31 0.0 105999.1099
2333.45 2333.45 0.0 105971.7554
2347.59 2347.59 0.0 105944.6069
2361.74 2361.74 0.0 105917.6211
2375.88 2375.88 0.0 105890.8032
2390.02 2390.02 0.0 105864.1133
2404.16 2404.16 0.0 105837.5195
2418.31 2418.31 0.0 105810.9722
2432.45 2432.45 0.0 105784.4824
2446.59 2446.59 0.0 105758.0078
2460.73 2460.73 0.0 105731.5205
2474.87 2474.87 0.0 105704.9893
2489.02 2489.02 0.0 105678.3804
2503.16 2503.16 0.0 105651.7026
2517.3 2517.3 0.0 105624.9180
2531.44 2531.44 0.0 105598.0059
2545.58 2545.58 0.0 105570.9570
2559.73 2559.73 0.0 105543.7354
2573.87 2573.87 0.0 105516.3613
2588.01 2588.01 0.0 105488.8169
2602.15 2602.15 0.0 105461.0898
2616.3 2616.3 0.0 105433.1616
2630.44 2630.44 0.0 105405.0642
2644.58 2644.58 0.0 105376.7844
2658.72 2658.72 0.0 105348.3330
2672.86 2672.86 0.0 105319.7061
2687.01 2687.01 0.0 105290.9031
2701.15 2701.15 0.0 105261.9739
2715.29 2715.29 0.0 105232.9158
2729.43 2729.43 0.0 105203.7383
2743.57 2743.57 0.0 105174.4727
2757.72 2757.72 0.0 105145.1147
2771.86 2771.86 0.0 105115.7275
2786.0 2786.0 0.0 105086.3140
2800.14 2800.14 0.0 105056.9006
2814.28 2814.28 0.0 105027.5142
2828.43 2828.43 0.0 104998.1575
2842.57 2842.57 0.0 104968.8962
2856.71 2856.71 0.0 104939.7456
2870.85 2870.85 0.0 104910.7234
2885.0 2885.0 0.0 104881.8428
2899.14 2899.14 0.0 104853.1570
2913.28 2913.28 0.0 104824.6824
2927.42 2927.42 0.0 104796.4404
2941.56 2941.56 0.0 104768.4524
2955.71 2955.71 0.0 104740.7168
2969.85 2969.85 0.0 104713.2949
2983.99 2983.99 0.0 104686.1873
2998.13 2998.13 0.0 104659.4070
3012.27 3012.27 0.0 104632.9739
3026.42 3026.42 0.0 104606.8828
3040.56 3040.56 0.0 104581.1780
3054.7 3054.7 0.0 104555.8547
3068.84 3068.84 0.0 104530.9277
3082.99 3082.99 0.0 104506.3792
3097.13 3097.13 0.0 104482.2498
3111.27 3111.27 0.0 104458.5339
3125.41 3125.41 0.0 104435.2319
3139.55 3139.55 0.0 104412.3450
3153.7 3153.7 0.0 104389.8572
3167.84 3167.84 0.0 104367.8064
3181.98 3181.98 0.0 104346.1687
3196.12 3196.12 0.0 104324.9504
3210.26 3210.26 0.0 104304.1377
3224.41 3224.41 0.0 104283.7197
3238.55 3238.55 0.0 104263.7241
3252.69 3252.69 0.0 104244.1277
3266.83 3266.83 0.0 104224.9214
3280.98 3280.98 0.0 104206.0989
3295.12 3295.12 0.0 104187.6685
3309.26 3309.26 0.0 104169.6113
3323.4 3323.4 0.0 104151.9282
3337.54 3337.54 0.0 104134.6050
3351.69 3351.69 0.0 104117.6257
3365.83 3365.83 0.0 104101.0090
3379.97 3379.97 0.0 104084.7329
3394.11 3394.11 0.0 104068.7891
3408.25 3408.25 0.0 104053.1707
3422.4 3422.4 0.0 104037.8606
3436.54 3436.54 0.0 104022.8730
3450.68 3450.68 0.0 104008.1863
3464.82 3464.82 0.0 103993.7981
3478.97 3478.97 0.0 103979.6855
3493.11 3493.11 0.0 103965.8713
3507.25 3507.25 0.0 103952.3240
3521.39 3521.39 0.0 103939.0452
3535.53 3535.53 0.0 103926.0269
3549.68 3549.68 0.0 103913.2542
3563.82 3563.82 0.0 103900.7344
3577.96 3577.96 0.0 103888.4583
3592.1 3592.1 0.0 103876.4119
3606.24 3606.24 0.0 103864.5923
3620.39 3620.39 0.0 103852.9854
3634.53 3634.53 0.0 103841.6028
3648.67 3648.67 0.0 103830.4280
3662.81 3662.81 0.0 103819.4556
3676.96 3676.96 0.0 103808.6707
3691.1 3691.1 0.0 103798.0891
3705.24 3705.24 0.0 103787.6934
3719.38 3719.38 0.0 103777.4744
3733.52 3733.52 0.0 103767.4314
3747.67 3747.67 0.0 103757.5547
3761.81 3761.81 0.0 103747.8508
3775.95 3775.95 0.0 103738.3083
3790.09 3790.09 0.0 103728.9224
3804.23 3804.23 0.0 103719.6892
3818.38 3818.38 0.0 103710.5962
3832.52 3832.52 0.0 103701.6541
3846.66 3846.66 0.0 103692.8540
3860.8 3860.8 0.0 103684.1860
3874.95 3874.95 0.0 103675.6475
3889.09 3889.09 0.0 103667.2419
3903.23 3903.23 0.0 103658.9617
3917.37 3917.37 0.0 103650.8054
3931.51 3931.51 0.0 103642.7683
3945.66 3945.66 0.0 103634.8403
3959.8 3959.8 0.0 103627.0315
3973.94 3973.94 0.0 103619.3333
3988.08 3988.08 0.0 103611.7434
4002.22 4002.22 0.0 103604.2576
4016.37 4016.37 0.0 103596.8704
4030.51 4030.51 0.0 103589.5901
4044.65 4044.65 0.0 103582.4099
4058.79 4058.79 0.0 103575.3228
4072.94 4072.94 0.0 103568.3271
4087.08 4087.08 0.0 103561.4302
4101.22 4101.22 0.0 103554.6240
4115.36 4115.36 0.0 103547.9084
4129.5 4129.5 0.0 103541.2798
4143.65 4143.65 0.0 103534.7371
4157.79 4157.79 0.0 103528.2830
4171.93 4171.93 0.0 103521.9158
4186.07 4186.07 0.0 103515.6316
4200.21 4200.21 0.0 103509.4312
4214.36 4214.36 0.0 103503.3079
4228.5 4228.5 0.0 103497.2690
4242.64 4242.64 0.0 103491.3135
