0.0 0.0 0.0 1774244.8750
14.1421 14.1421 0.0 1580415.3750
28.2843 28.2843 0.0 1552783.8750
42.4264 42.4264 0.0 1530330.7500
56.5685 56.5685 0.0 1508422.0000
70.7107 70.7107 0.0 1485889.0000
84.8528 84.8528 0.0 1462316.5000
98.9949 98.9949 0.0 1437545.1250
113.137 113.137 0.0 1411530.3750
127.279 127.279 0.0 1384298.7500
141.421 141.421 0.0 1355922.7500
155.563 155.563 0.0 1326501.2500
169.706 169.706 0.0 1296155.8750
183.848 183.848 0.0 1265022.3750
197.99 197.99 0.0 1233237.8750
212.132 212.132 0.0 1200944.1250
226.274 226.274 0.0 1168280.2500
240.416 240.416 0.0 1135383.8125
254.558 254.558 0.0 1102382.2500
268.701 268.701 0.0 1069403.0000
282.843 282.843 0.0 1036564.8125
296.985 296.985 0.0 1003973.8750
311.127 311.127 0.0 971732.5000
325.269 325.269 0.0 939932.5000
339.411 339.411 0.0 908656.5625
353.553 353.553 0.0 877977.4375
367.696 367.696 0.0 847959.1250
381.838 381.838 0.0 818660.3750
395.98 395.98 0.0 790124.9375
410.122 410.122 0.0 762392.3125
424.264 424.264 0.0 735493.1875
438.406 438.406 0.0 709451.5000
452.548 452.548 0.0 684285.9375
466.69 466.69 0.0 660007.0625
480.833 480.833 0.0 636621.0000
494.975 494.975 0.0 614132.5625
509.117 509.117 0.0 592538.6562
523.259 523.259 0.0 571834.1250
537.401 537.401 0.0 552009.5625
551.543 551.543 0.0 533054.1250
565.685 565.685 0.0 514953.0938
579.828 579.828 0.0 497689.4062
593.97 593.97 0.0 481246.1250
608.112 608.112 0.0 465602.5000
622.254 622.254 0.0 450735.9688
636.396 636.396 0.0 436623.0938
650.538 650.538 0.0 423238.7188
664.68 664.68 0.0 410557.0625
678.823 678.823 0.0 398550.3438
692.965 692.965 0.0 387192.5938
707.107 707.107 0.0 376454.4688
721.249 721.249 0.0 366307.5938
735.391 735.391 0.0 356722.7344
749.533 749.533 0.0 347671.1250
763.675 763.675 0.0 339124.0625
777.817 777.817 0.0 331053.0781
791.96 791.96 0.0 323429.6406
806.102 806.102 0.0 316227.5469
820.244 820.244 0.0 309419.9062
834.386 834.386 0.0 302980.5469
848.528 848.528 0.0 296885.2031
862.67 862.67 0.0 291110.2344
876.812 876.812 0.0 285632.9062
890.955 890.955 0.0 280431.7500
905.097 905.097 0.0 275487.5781
919.239 919.239 0.0 270781.0625
933.381 933.381 0.0 266294.7656
947.523 947.523 0.0 262012.3438
961.665 961.665 0.0 257918.5000
975.807 975.807 0.0 253999.6719
989.949 989.949 0.0 250242.8594
1004.09 1004.09 0.0 246636.7656
1018.23 1018.23 0.0 243170.5000
1032.38 1032.38 0.0 239831.9688
1046.52 1046.52 0.0 236616.9219
1060.66 1060.66 0.0 233515.1406
1074.8 1074.8 0.0 230519.2266
1088.94 1088.94 0.0 227622.7422
1103.09 1103.09 0.0 224817.8438
1117.23 1117.23 0.0 222103.1094
1131.37 1131.37 0.0 219471.7812
1145.51 1145.51 0.0 216919.5469
1159.66 1159.66 0.0 214440.7500
1173.8 1173.8 0.0 212035.2578
1187.94 1187.94 0.0 209698.1719
1202.08 1202.08 0.0 207426.6406
1216.22 1216.22 0.0 205218.0234
1230.37 1230.37 0.0 203068.3594
1244.51 1244.51 0.0 200978.6484
1258.65 1258.65 0.0 198945.3281
1272.79 1272.79 0.0 196966.6719
1286.93 1286.93 0.0 195041.0469
1301.08 1301.08 0.0 193165.6719
1315.22 1315.22 0.0 191341.9844
1329.36 1329.36 0.0 189567.4219
1343.5 1343.5 0.0 187840.9688
1357.65 1357.65 0.0 186160.4844
1371.79 1371.79 0.0 184527.5781
1385.93 1385.93 0.0 182940.2344
1400.07 1400.07 0.0 181397.8828
1414.21 1414.21 0.0 179899.8984
1428.36 1428.36 0.0 178444.8047
1442.5 1442.5 0.0 177034.1406
1456.64 1456.64 0.0 175666.4375
1470.78 1470.78 0.0 174341.3438
1484.92 1484.92 0.0 173058.4375
1499.07 1499.07 0.0 171816.3750
1513.21 1513.21 0.0 170616.4766
1527.35 1527.35 0.0 169457.3203
1541.49 1541.49 0.0 168338.3047
1555.63 1555.63 0.0 167258.7891
1569.78 1569.78 0.0 166217.0977
1583.92 1583.92 0.0 165213.8711
1598.06 1598.06 0.0 164247.1797
1612.2 1612.2 0.0 163315.7852
1626.35 1626.35 0.0 162417.6523
1640.49 1640.49 0.0 161552.3633
1654.63 1654.63 0.0 160717.6250
1668.77 1668.77 0.0 159911.4258
1682.91 1682.91 0.0 159131.8711
1697.06 1697.06 0.0 158376.2656
1711.2 1711.2 0.0 157643.5742
1725.34 1725.34 0.0 156931.0977
1739.48 1739.48 0.0 156236.7773
1753.62 1753.62 0.0 155558.6055
1767.77 1767.77 0.0 154894.3125
1781.91 1781.91 0.0 154243.1133
1796.05 1796.05 0.0 153603.0859
1810.19 1810.19 0.0 152973.0234
1824.34 1824.34 0.0 152351.4805
1838.48 1838.48 0.0 151738.6562
1852.62 1852.62 0.0 151133.5039
1866.76 1866.76 0.0 150535.8086
1880.9 1880.9 0.0 149945.4375
1895.05 1895.05 0.0 149361.9844
1909.19 1909.19 0.0 148786.4766
1923.33 1923.33 0.0 148218.7773
1937.47 1937.47 0.0 147659.1797
1951.61 1951.61 0.0 147108.0000
1965.76 1965.76 0.0 146565.2227
1979.9 1979.9 0.0 146031.9062
1994.04 1994.04 0.0 145507.9453
2008.18 2008.18 0.0 144993.6016
2022.33 2022.33 0.0 144488.7031
2036.47 2036.47 0.0 143994.0352
2050.61 2050.61 0.0 143509.3828
2064.75 2064.75 0.0 143034.6953
2078.89 2078.89 0.0 142569.9922
2093.04 2093.04 0.0 142114.8438
2107.18 2107.18 0.0 141669.7539
2121.32 2121.32 0.0 141234.2891
2135.46 2135.46 0.0 140808.2305
2149.6 2149.6 0.0 140391.3672
2163.75 2163.75 0.0 139983.1758
2177.89 2177.89 0.0 139583.9805
2192.03 2192.03 0.0 139193.2617
2206.17 2206.17 0.0 138810.6953
2220.32 2220.32 0.0 138435.7812
2234.46 2234.46 0.0 138068.7344
2248.6 2248.6 0.0 137709.0156
2262.74 2262.74 0.0 137356.3477
2276.88 2276.88 0.0 137010.4102
2291.03 2291.03 0.0 136670.6992
2305.17 2305.17 0.0 136337.3984
2319.31 2319.31 0.0 136009.9961
2333.45 2333.45 0.0 135688.1992
2347.59 2347.59 0.0 135371.7617
2361.74 2361.74 0.0 135060.1797
2375.88 2375.88 0.0 134753.6172
2390.02 2390.02 0.0 134451.6328
2404.16 2404.16 0.0 134153.9688
2418.31 2418.31 0.0 133860.2070
2432.45 2432.45 0.0 133570.4980
2446.59 2446.59 0.0 133284.4473
2460.73 2460.73 0.0 133001.8477
2474.87 2474.87 0.0 132722.5430
2489.02 2489.02 0.0 132446.1328
2503.16 2503.16 0.0 132172.8555
2517.3 2517.3 0.0 131902.3887
2531.44 2531.44 0.0 131634.6133
2545.58 2545.58 0.0 131369.4082
2559.73 2559.73 0.0 131106.4980
2573.87 2573.87 0.0 130846.2090
2588.01 2588.01 0.0 130588.2480
2602.15 2602.15 0.0 130332.5996
2616.3 2616.3 0.0 130079.0703
2630.44 2630.44 0.0 129827.9805
2644.58 2644.58 0.0 129579.1699
2658.72 2658.72 0.0 129332.6289
2672.86 2672.86 0.0 129088.3965
2687.01 2687.01 0.0 128846.3359
2701.15 2701.15 0.0 128606.8105
2715.29 2715.29 0.0 128369.7012
2729.43 2729.43 0.0 128135.0137
2743.57 2743.57 0.0 127902.8262
2757.72 2757.72 0.0 127672.9961
2771.86 2771.86 0.0 127445.8887
2786.0 2786.0 0.0 127221.3359
2800.14 2800.14 0.0 126999.3516
2814.28 2814.28 0.0 126779.9551
2828.43 2828.43 0.0 126562.9688
2842.57 2842.57 0.0 126348.6445
2856.71 2856.71 0.0 126136.8184
2870.85 2870.85 0.0 125927.4160
2885.0 2885.0 0.0 125720.2148
2899.14 2899.14 0.0 125515.4336
2913.28 2913.28 0.0 125312.8105
2927.42 2927.42 0.0 125112.2500
2941.56 2941.56 0.0 124913.6406
2955.71 2955.71 0.0 124716.7363
2969.85 2969.85 0.0 124521.6719
2983.99 2983.99 0.0 124328.2168
2998.13 2998.13 0.0 124136.2754
3012.27 3012.27 0.0 123945.7402
3026.42 3026.42 0.0 123756.3965
3040.56 3040.56 0.0 123568.4551
3054.7 3054.7 0.0 123381.7305
3068.84 3068.84 0.0 123196.1895
3082.99 3082.99 0.0 123011.7031
3097.13 3097.13 0.0 122828.5352
3111.27 3111.27 0.0 122646.6035
3125.41 3125.41 0.0 122465.9414
3139.55 3139.55 0.0 122286.6191
3153.7 3153.7 0.0 122108.5879
3167.84 3167.84 0.0 121932.2090
3181.98 3181.98 0.0 121757.4492
3196.12 3196.12 0.0 121584.4141
3210.26 3210.26 0.0 121413.2188
3224.41 3224.41 0.0 121243.8496
3238.55 3238.55 0.0 121076.6699
3252.69 3252.69 0.0 120911.6582
3266.83 3266.83 0.0 120748.9219
3280.98 3280.98 0.0 120588.4375
3295.12 3295.12 0.0 120430.5078
3309.26 3309.26 0.0 120275.1094
3323.4 3323.4 0.0 120122.2891
3337.54 3337.54 0.0 119972.1074
3351.69 3351.69 0.0 119824.4941
3365.83 3365.83 0.0 119679.6738
3379.97 3379.97 0.0 119537.5723
3394.11 3394.11 0.0 119398.2090
3408.25 3408.25 0.0 119261.5605
3422.4 3422.4 0.0 119127.5449
3436.54 3436.54 0.0 118996.2930
3450.68 3450.68 0.0 118867.7246
3464.82 3464.82 0.0 118741.7793
3478.97 3478.97 0.0 118618.3633
3493.11 3493.11 0.0 118497.5859
3507.25 3507.25 0.0 118379.3301
3521.39 3521.39 0.0 118263.5391
3535.53 3535.53 0.0 118150.1602
3549.68 3549.68 0.0 118039.0801
3563.82 3563.82 0.0 117930.4004
3577.96 3577.96 0.0 117823.9824
3592.1 3592.1 0.0 117719.7773
3606.24 3606.24 0.0 117617.7412
3620.39 3620.39 0.0 117517.7383
3634.53 3634.53 0.0 117419.8818
3648.67 3648.67 0.0 117324.0176
3662.81 3662.81 0.0 117230.1211
3676.96 3676.96 0.0 117138.0654
3691.1 3691.1 0.0 117047.9434
3705.24 3705.24 0.0 116959.6338
3719.38 3719.38 0.0 116873.1025
3733.52 3733.52 0.0 116788.2910
3747.67 3747.67 0.0 116705.1094
3761.81 3761.81 0.0 116623.6318
3775.95 3775.95 0.0 116543.7432
3790.09 3790.09 0.0 116465.4131
3804.23 3804.23 0.0 116388.6182
3818.38 3818.38 0.0 116313.2520
3832.52 3832.52 0.0 116239.3828
3846.66 3846.66 0.0 116166.9219
3860.8 3860.8 0.0 116095.8232
3874.95 3874.95 0.0 116026.0381
3889.09 3889.09 0.0 115957.6104
3903.23 3903.23 0.0 115890.4453
3917.37 3917.37 0.0 115824.5459
3931.51 3931.51 0.0 115759.8389
3945.66 3945.66 0.0 115696.2959
3959.8 3959.8 0.0 115633.9375
3973.94 3973.94 0.0 115572.7246
3988.08 3988.08 0.0 115512.6191
4002.22 4002.22 0.0 115453.5811
4016.37 4016.37 0.0 115395.5605
4030.51 4030.51 0.0 115338.6172
4044.65 4044.65 0.0 115282.6846
4058.79 4058.79 0.0 115227.7441
4072.94 4072.94 0.0 115173.7246
4087.08 4087.08 0.0 115120.6865
4101.22 4101.22 0.0 115068.5771
4115.36 4115.36 0.0 115017.3721
4129.5 4129.5 0.0 114967.0527
4143.65 4143.65 0.0 114917.5752
4157.79 4157.79 0.0 114868.9873
4171.93 4171.93 0.0 114821.2305
4186.07 4186.07 0.0 114774.2959
4200.21 4200.21 0.0 114728.1777
4214.36 4214.36 0.0 114682.7998
4228.5 4228.5 0.0 114638.2412
4242.64 4242.64 0.0 114594.4473
