0.0 0.0 0.0 369189.6250
14.1421 14.1421 0.0 343721.1719
28.2843 28.2843 0.0 343139.8906
42.4264 42.4264 0.0 342623.5469
56.5685 56.5685 0.0 341978.4531
70.7107 70.7107 0.0 341159.5000
84.8528 84.8528 0.0 340158.1719
98.9949 98.9949 0.0 338980.8750
113.137 113.137 0.0 337640.2188
127.279 127.279 0.0 336152.1250
141.421 141.421 0.0 334532.3906
155.563 155.563 0.0 332796.6094
169.706 169.706 0.0 330959.5781
183.848 183.848 0.0 329034.4062
197.99 197.99 0.0 327032.8438
212.132 212.132 0.0 324965.3750
226.274 226.274 0.0 322840.9062
240.416 240.416 0.0 320667.5625
254.558 254.558 0.0 318452.2656
268.701 268.701 0.0 316200.7344
282.843 282.843 0.0 313918.4844
296.985 296.985 0.0 311609.9062
311.127 311.127 0.0 309278.8438
325.269 325.269 0.0 306928.5781
339.411 339.411 0.0 304562.2031
353.553 353.553 0.0 302182.1094
367.696 367.696 0.0 299790.4219
381.838 381.838 0.0 297389.3281
395.98 395.98 0.0 294980.3281
410.122 410.122 0.0 292565.0625
424.264 424.264 0.0 290144.8281
438.406 438.406 0.0 287720.9062
452.548 452.548 0.0 285294.5469
466.69 466.69 0.0 282866.8125
480.833 480.833 0.0 280438.7188
494.975 494.975 0.0 278011.6094
509.117 509.117 0.0 275586.5000
523.259 523.259 0.0 273164.5938
537.401 537.401 0.0 270746.8750
551.543 551.543 0.0 268334.7812
565.685 565.685 0.0 265929.3906
579.828 579.828 0.0 263532.0000
593.97 593.97 0.0 261144.2344
608.112 608.112 0.0 258767.4531
622.254 622.254 0.0 256403.2031
636.396 636.396 0.0 254052.9688
650.538 650.538 0.0 251718.3750
664.68 664.68 0.0 249401.2656
678.823 678.823 0.0 247103.0625
692.965 692.965 0.0 244825.9688
707.107 707.107 0.0 242571.5000
721.249 721.249 0.0 240341.5625
735.391 735.391 0.0 238137.9844
749.533 749.533 0.0 235962.5625
763.675 763.675 0.0 233817.0625
777.817 777.817 0.0 231703.2031
791.96 791.96 0.0 229622.6094
806.102 806.102 0.0 227577.1484
820.244 820.244 0.0 225568.2812
834.386 834.386 0.0 223597.3828
848.528 848.528 0.0 221665.6641
862.67 862.67 0.0 219774.4844
876.812 876.812 0.0 217924.8438
890.955 890.955 0.0 216117.3359
905.097 905.097 0.0 214353.0156
919.239 919.239 0.0 212632.1797
933.381 933.381 0.0 210955.1250
947.523 947.523 0.0 209321.9219
961.665 961.665 0.0 207732.5703
975.807 975.807 0.0 206186.6016
989.949 989.949 0.0 204683.5781
1004.09 1004.09 0.0 203222.8906
1018.23 1018.23 0.0 201803.6406
1032.38 1032.38 0.0 200423.6250
1046.52 1046.52 0.0 199083.5312
1060.66 1060.66 0.0 197781.1875
1074.8 1074.8 0.0 196514.8828
1088.94 1088.94 0.0 195283.2031
1103.09 1103.09 0.0 194083.5000
1117.23 1117.23 0.0 192915.8438
1131.37 1131.37 0.0 191777.4844
1145.51 1145.51 0.0 190666.7734
1159.66 1159.66 0.0 189581.1484
1173.8 1173.8 0.0 188520.4297
1187.94 1187.94 0.0 187482.0703
1202.08 1202.08 0.0 186464.5078
1216.22 1216.22 0.0 185466.1562
1230.37 1230.37 0.0 184484.9297
1244.51 1244.51 0.0 183520.7969
1258.65 1258.65 0.0 182571.7734
1272.79 1272.79 0.0 181636.7656
1286.93 1286.93 0.0 180714.6719
1301.08 1301.08 0.0 179803.9062
1315.22 1315.22 0.0 178904.9375
1329.36 1329.36 0.0 178016.3516
1343.5 1343.5 0.0 177137.4688
1357.65 1357.65 0.0 176267.1641
1371.79 1371.79 0.0 175406.1094
1385.93 1385.93 0.0 174553.3672
1400.07 1400.07 0.0 173708.5078
1414.21 1414.21 0.0 172871.3828
1428.36 1428.36 0.0 172041.1406
1442.5 1442.5 0.0 171218.8438
1456.64 1456.64 0.0 170403.9141
1470.78 1470.78 0.0 169596.3047
1484.92 1484.92 0.0 168796.2188
1499.07 1499.07 0.0 168003.2031
1513.21 1513.21 0.0 167218.7188
1527.35 1527.35 0.0 166442.5234
1541.49 1541.49 0.0 165675.1055
1555.63 1555.63 0.0 164917.0000
1569.78 1569.78 0.0 164168.3750
1583.92 1583.92 0.0 163431.0391
1598.06 1598.06 0.0 162705.2969
1612.2 1612.2 0.0 161992.1016
1626.35 1626.35 0.0 161291.9727
1640.49 1640.49 0.0 160607.0273
1654.63 1654.63 0.0 159937.8594
1668.77 1668.77 0.0 159285.6719
1682.91 1682.91 0.0 158651.6445
1697.06 1697.06 0.0 158036.4844
1711.2 1711.2 0.0 157442.1250
1725.34 1725.34 0.0 156869.0391
1739.48 1739.48 0.0 156317.9844
1753.62 1753.62 0.0 155789.3945
1767.77 1767.77 0.0 155283.0664
1781.91 1781.91 0.0 154799.3125
1796.05 1796.05 0.0 154336.8086
1810.19 1810.19 0.0 153893.9648
1824.34 1824.34 0.0 153467.9531
1838.48 1838.48 0.0 153056.0703
1852.62 1852.62 0.0 152653.5586
1866.76 1866.76 0.0 152255.0742
1880.9 1880.9 0.0 151854.2344
1895.05 1895.05 0.0 151443.5586
1909.19 1909.19 0.0 151015.8516
1923.33 1923.33 0.0 150562.8633
1937.47 1937.47 0.0 150076.9609
1951.61 1951.61 0.0 149551.3047
1965.76 1965.76 0.0 148980.0820
1979.9 1979.9 0.0 148360.6250
1994.04 1994.04 0.0 147691.3516
2008.18 2008.18 0.0 146973.6172
2022.33 2022.33 0.0 146210.5938
2036.47 2036.47 0.0 145409.2773
2050.61 2050.61 0.0 144576.7305
2064.75 2064.75 0.0 143721.6758
2078.89 2078.89 0.0 142853.3398
2093.04 2093.04 0.0 141980.2617
2107.18 2107.18 0.0 141112.2617
2121.32 2121.32 0.0 140256.3867
2135.46 2135.46 0.0 139419.2227
2149.6 2149.6 0.0 138606.0508
2163.75 2163.75 0.0 137820.4414
2177.89 2177.89 0.0 137066.4531
2192.03 2192.03 0.0 136345.4023
2206.17 2206.17 0.0 135658.3984
2220.32 2220.32 0.0 135005.2734
2234.46 2234.46 0.0 134386.6758
2248.6 2248.6 0.0 133801.4297
2262.74 2262.74 0.0 133248.4688
2276.88 2276.88 0.0 132726.5000
2291.03 2291.03 0.0 132233.7461
2305.17 2305.17 0.0 131769.3027
2319.31 2319.31 0.0 131331.2305
2333.45 2333.45 0.0 130917.8887
2347.59 2347.59 0.0 130527.6777
2361.74 2361.74 0.0 130158.7656
2375.88 2375.88 0.0 129810.1387
2390.02 2390.02 0.0 129480.0645
2404.16 2404.16 0.0 129167.1602
2418.31 2418.31 0.0 128869.8477
2432.45 2432.45 0.0 128587.3496
2446.59 2446.59 0.0 128318.2266
2460.73 2460.73 0.0 128061.3926
2474.87 2474.87 0.0 127815.7812
2489.02 2489.02 0.0 127580.3145
2503.16 2503.16 0.0 127354.3633
2517.3 2517.3 0.0 127136.9844
2531.44 2531.44 0.0 126927.3750
2545.58 2545.58 0.0 126724.8242
2559.73 2559.73 0.0 126528.5391
2573.87 2573.87 0.0 126338.2051
2588.01 2588.01 0.0 126153.1211
2602.15 2602.15 0.0 125972.7891
2616.3 2616.3 0.0 125796.6562
2630.44 2630.44 0.0 125624.5254
2644.58 2644.58 0.0 125455.9141
2658.72 2658.72 0.0 125290.4824
2672.86 2672.86 0.0 125127.9297
2687.01 2687.01 0.0 124967.8965
2701.15 2701.15 0.0 124810.3496
2715.29 2715.29 0.0 124654.9746
2729.43 2729.43 0.0 124501.5879
2743.57 2743.57 0.0 124350.0352
2757.72 2757.72 0.0 124200.0957
2771.86 2771.86 0.0 124051.8125
2786.0 2786.0 0.0 123905.0176
2800.14 2800.14 0.0 123759.6172
2814.28 2814.28 0.0 123615.5215
2828.43 2828.43 0.0 123472.6074
2842.57 2842.57 0.0 123330.9980
2856.71 2856.71 0.0 123190.5801
2870.85 2870.85 0.0 123051.3066
2885.0 2885.0 0.0 122913.0645
2899.14 2899.14 0.0 122776.0586
2913.28 2913.28 0.0 122640.1621
2927.42 2927.42 0.0 122505.3887
2941.56 2941.56 0.0 122371.7578
2955.71 2955.71 0.0 122239.1758
2969.85 2969.85 0.0 122107.8730
2983.99 2983.99 0.0 121977.7852
2998.13 2998.13 0.0 121848.9492
3012.27 3012.27 0.0 121721.4180
3026.42 3026.42 0.0 121595.1680
3040.56 3040.56 0.0 121470.4375
3054.7 3054.7 0.0 121347.2227
3068.84 3068.84 0.0 121225.6094
3082.99 3082.99 0.0 121105.5977
3097.13 3097.13 0.0 120987.4570
3111.27 3111.27 0.0 120871.1992
3125.41 3125.41 0.0 120756.9434
3139.55 3139.55 0.0 120644.7500
3153.7 3153.7 0.0 120534.6406
3167.84 3167.84 0.0 120426.8398
3181.98 3181.98 0.0 120321.3281
3196.12 3196.12 0.0 120218.0898
3210.26 3210.26 0.0 120117.1133
3224.41 3224.41 0.0 120018.2676
3238.55 3238.55 0.0 119921.5410
3252.69 3252.69 0.0 119826.6875
3266.83 3266.83 0.0 119733.4414
3280.98 3280.98 0.0 119641.4160
3295.12 3295.12 0.0 119550.3281
3309.26 3309.26 0.0 119459.6680
3323.4 3323.4 0.0 119368.9043
3337.54 3337.54 0.0 119277.4453
3351.69 3351.69 0.0 119184.6484
3365.83 3365.83 0.0 119090.0605
3379.97 3379.97 0.0 118993.0039
3394.11 3394.11 0.0 118892.9512
3408.25 3408.25 0.0 118789.4473
3422.4 3422.4 0.0 118682.0430
3436.54 3436.54 0.0 118570.6211
3450.68 3450.68 0.0 118454.9922
3464.82 3464.82 0.0 118335.1289
3478.97 3478.97 0.0 118211.1055
3493.11 3493.11 0.0 118083.3262
3507.25 3507.25 0.0 117952.0957
3521.39 3521.39 0.0 117817.8516
3535.53 3535.53 0.0 117681.1143
3549.68 3549.68 0.0 117542.3584
3563.82 3563.82 0.0 117402.3711
3577.96 3577.96 0.0 117261.6318
3592.1 3592.1 0.0 117120.7119
3606.24 3606.24 0.0 116980.1211
3620.39 3620.39 0.0 116840.2451
3634.53 3634.53 0.0 116701.7041
3648.67 3648.67 0.0 116564.7588
3662.81 3662.81 0.0 116429.6875
3676.96 3676.96 0.0 116296.6484
3691.1 3691.1 0.0 116166.0020
3705.24 3705.24 0.0 116037.7754
3719.38 3719.38 0.0 115912.0635
3733.52 3733.52 0.0 115788.9111
3747.67 3747.67 0.0 115668.2432
3761.81 3761.81 0.0 115550.2129
3775.95 3775.95 0.0 115434.7285
3790.09 3790.09 0.0 115321.7471
3804.23 3804.23 0.0 115211.1953
3818.38 3818.38 0.0 115102.9473
3832.52 3832.52 0.0 114997.1045
3846.66 3846.66 0.0 114893.5068
3860.8 3860.8 0.0 114792.1064
3874.95 3874.95 0.0 114692.7617
3889.09 3889.09 0.0 114595.5527
3903.23 3903.23 0.0 114500.3711
3917.37 3917.37 0.0 114407.1309
3931.51 3931.51 0.0 114315.7891
3945.66 3945.66 0.0 114226.2305
3959.8 3959.8 0.0 114138.5352
3973.94 3973.94 0.0 114052.5840
3988.08 3988.08 0.0 113968.3389
4002.22 4002.22 0.0 113885.7607
4016.37 4016.37 0.0 113804.7236
4030.51 4030.51 0.0 113725.3213
4044.65 4044.65 0.0 113647.4443
4058.79 4058.79 0.0 113571.0518
4072.94 4072.94 0.0 113496.0762
4087.08 4087.08 0.0 113422.5547
4101.22 4101.22 0.0 113350.4072
4115.36 4115.36 0.0 113279.6016
4129.5 4129.5 0.0 113210.1006
4143.65 4143.65 0.0 113141.8184
4157.79 4157.79 0.0 113074.8174
4171.93 4171.93 0.0 113009.0195
4186.07 4186.07 0.0 112944.3867
4200.21 4200.21 0.0 112880.9033
4214.36 4214.36 0.0 112818.4785
4228.5 4228.5 0.0 112757.1807
4242.64 4242.64 0.0 112696.9316
