0.0 0.0 0.0 2412312.7500
14.1421 14.1421 0.0 2873323.2500
28.2843 28.2843 0.0 2746822.7500
42.4264 42.4264 0.0 2449041.0000
56.5685 56.5685 0.0 2089465.2500
70.7107 70.7107 0.0 1754993.0000
84.8528 84.8528 0.0 1471190.7500
98.9949 98.9949 0.0 1232337.2500
113.137 113.137 0.0 1031646.9375
127.279 127.279 0.0 865466.2500
141.421 141.421 0.0 730338.6875
155.563 155.563 0.0 621986.3438
169.706 169.706 0.0 535742.9062
183.848 183.848 0.0 467219.4375
197.99 197.99 0.0 412642.1250
212.132 212.132 0.0 368966.3438
226.274 226.274 0.0 333800.8438
240.416 240.416 0.0 305284.8125
254.558 254.558 0.0 281972.7969
268.701 268.701 0.0 262741.7500
282.843 282.843 0.0 246723.9219
296.985 296.985 0.0 233244.6406
311.127 311.127 0.0 221784.7812
325.269 325.269 0.0 211944.0625
339.411 339.411 0.0 203413.4922
353.553 353.553 0.0 195953.5703
367.696 367.696 0.0 189376.7500
381.838 381.838 0.0 183536.4609
395.98 395.98 0.0 178314.8438
410.122 410.122 0.0 173617.6875
424.264 424.264 0.0 169368.4219
438.406 438.406 0.0 165504.7031
452.548 452.548 0.0 161975.0547
466.69 466.69 0.0 158736.8789
480.833 480.833 0.0 155754.6484
494.975 494.975 0.0 152999.1680
509.117 509.117 0.0 150445.4375
523.259 523.259 0.0 148072.6641
537.401 537.401 0.0 145863.1406
551.543 551.543 0.0 143801.9102
565.685 565.685 0.0 141876.2109
579.828 579.828 0.0 140074.9609
593.97 593.97 0.0 138388.8945
608.112 608.112 0.0 136809.6367
622.254 622.254 0.0 135329.9062
636.396 636.396 0.0 133943.1953
650.538 650.538 0.0 132643.6191
664.68 664.68 0.0 131425.8438
678.823 678.823 0.0 130284.7578
692.965 692.965 0.0 129215.7910
707.107 707.107 0.0 128214.2988
721.249 721.249 0.0 127275.7812
735.391 735.391 0.0 126395.8008
749.533 749.533 0.0 125569.8906
763.675 763.675 0.0 124793.5312
777.817 777.817 0.0 124062.1367
791.96 791.96 0.0 123371.0508
806.102 806.102 0.0 122715.7520
820.244 820.244 0.0 122091.6875
834.386 834.386 0.0 121494.5664
848.528 848.528 0.0 120920.4785
862.67 862.67 0.0 120366.0195
876.812 876.812 0.0 119828.4922
890.955 890.955 0.0 119305.9668
905.097 905.097 0.0 118797.4062
919.239 919.239 0.0 118302.5547
933.381 933.381 0.0 117821.9004
947.523 947.523 0.0 117356.4893
961.665 961.665 0.0 116907.7100
975.807 975.807 0.0 116477.0898
989.949 989.949 0.0 116066.0479
1004.09 1004.09 0.0 115675.7822
1018.23 1018.23 0.0 115307.0547
1032.38 1032.38 0.0 114959.9346
1046.52 1046.52 0.0 114634.8232
1060.66 1060.66 0.0 114330.8877
1074.8 1074.8 0.0 114047.2783
1088.94 1088.94 0.0 113782.7842
1103.09 1103.09 0.0 113535.8613
1117.23 1117.23 0.0 113305.3506
1131.37 1131.37 0.0 113089.5029
1145.51 1145.51 0.0 112886.7725
1159.66 1159.66 0.0 112695.4971
1173.8 1173.8 0.0 112514.5283
1187.94 1187.94 0.0 112342.3994
1202.08 1202.08 0.0 112177.9180
1216.22 1216.22 0.0 112020.0205
1230.37 1230.37 0.0 111867.6592
1244.51 1244.51 0.0 111720.2617
1258.65 1258.65 0.0 111577.0352
1272.79 1272.79 0.0 111437.4326
1286.93 1286.93 0.0 111300.9941
1301.08 1301.08 0.0 111167.3027
1315.22 1315.22 0.0 111036.2744
1329.36 1329.36 0.0 110907.6377
1343.5 1343.5 0.0 110781.2607
1357.65 1357.65 0.0 110657.0176
1371.79 1371.79 0.0 110535.0469
1385.93 1385.93 0.0 110415.2754
1400.07 1400.07 0.0 110297.7607
1414.21 1414.21 0.0 110182.5703
1428.36 1428.36 0.0 110069.6963
1442.5 1442.5 0.0 109959.3838
1456.64 1456.64 0.0 109851.6445
1470.78 1470.78 0.0 109746.5713
1484.92 1484.92 0.0 109644.2324
1499.07 1499.07 0.0 109544.6475
1513.21 1513.21 0.0 109448.0112
1527.35 1527.35 0.0 109354.3154
1541.49 1541.49 0.0 109263.5957
1555.63 1555.63 0.0 109175.8770
1569.78 1569.78 0.0 109091.1108
1583.92 1583.92 0.0 109009.4209
1598.06 1598.06 0.0 108930.7222
1612.2 1612.2 0.0 108854.9863
1626.35 1626.35 0.0 108782.1240
1640.49 1640.49 0.0 108712.1606
1654.63 1654.63 0.0 108644.9932
1668.77 1668.77 0.0 108580.5264
1682.91 1682.91 0.0 108518.6592
1697.06 1697.06 0.0 108459.2422
1711.2 1711.2 0.0 108402.2505
1725.34 1725.34 0.0 108347.4917
1739.48 1739.48 0.0 108294.8438
1753.62 1753.62 0.0 108244.1470
1767.77 1767.77 0.0 108195.2246
1781.91 1781.91 0.0 108147.9897
1796.05 1796.05 0.0 108102.2378
1810.19 1810.19 0.0 108057.8120
1824.34 1824.34 0.0 108014.5283
1838.48 1838.48 0.0 107972.2778
1852.62 1852.62 0.0 107930.8950
1866.76 1866.76 0.0 107890.2246
1880.9 1880.9 0.0 107850.1392
1895.05 1895.05 0.0 107810.4922
1909.19 1909.19 0.0 107771.2349
1923.33 1923.33 0.0 107732.2422
1937.47 1937.47 0.0 107693.4502
1951.61 1951.61 0.0 107654.8037
1965.76 1965.76 0.0 107616.2314
1979.9 1979.9 0.0 107577.7632
1994.04 1994.04 0.0 107539.3701
2008.18 2008.18 0.0 107501.0532
2022.33 2022.33 0.0 107462.8076
2036.47 2036.47 0.0 107424.7036
2050.61 2050.61 0.0 107386.7637
2064.75 2064.75 0.0 107348.9980
2078.89 2078.89 0.0 107311.4644
2093.04 2093.04 0.0 107274.1577
2107.18 2107.18 0.0 107237.1733
2121.32 2121.32 0.0 107200.5044
2135.46 2135.46 0.0 107164.1680
2149.6 2149.6 0.0 107128.1802
2163.75 2163.75 0.0 107092.5259
2177.89 2177.89 0.0 107057.2427
2192.03 2192.03 0.0 107022.3066
2206.17 2206.17 0.0 106987.6909
2220.32 2220.32 0.0 106953.3574
2234.46 2234.46 0.0 106919.3218
2248.6 2248.6 0.0 106885.5288
2262.74 2262.74 0.0 106851.9497
2276.88 2276.88 0.0 106818.5361
2291.03 2291.03 0.0 106785.2407
2305.17 2305.17 0.0 106752.0645
2319.31 2319.31 0.0 106718.9536
2333.45 2333.45 0.0 106685.8599
2347.59 2347.59 0.0 106652.7661
2361.74 2361.74 0.0 106619.6064
2375.88 2375.88 0.0 106586.4004
2390.02 2390.02 0.0 106553.1035
2404.16 2404.16 0.0 106519.6860
2418.31 2418.31 0.0 106486.1074
2432.45 2432.45 0.0 106452.3950
2446.59 2446.59 0.0 106418.5151
2460.73 2460.73 0.0 106384.4531
2474.87 2474.87 0.0 106350.2104
2489.02 2489.02 0.0 106315.7520
2503.16 2503.16 0.0 106281.1191
2517.3 2517.3 0.0 106246.3003
2531.44 2531.44 0.0 106211.2974
2545.58 2545.58 0.0 106176.1187
2559.73 2559.73 0.0 106140.7520
2573.87 2573.87 0.0 106105.2661
2588.01 2588.01 0.0 106069.6436
2602.15 2602.15 0.0 106033.9092
2616.3 2616.3 0.0 105998.0586
2630.44 2630.44 0.0 105962.1626
2644.58 2644.58 0.0 105926.2290
2658.72 2658.72 0.0 105890.2817
2672.86 2672.86 0.0 105854.3481
2687.01 2687.01 0.0 105818.4292
2701.15 2701.15 0.0 105782.6162
2715.29 2715.29 0.0 105746.9087
2729.43 2729.43 0.0 105711.3413
2743.57 2743.57 0.0 105675.9429
2757.72 2757.72 0.0 105640.7192
2771.86 2771.86 0.0 105605.7578
2786.0 2786.0 0.0 105571.0557
2800.14 2800.14 0.0 105536.6514
2814.28 2814.28 0.0 105502.5684
2828.43 2828.43 0.0 105468.8120
2842.57 2842.57 0.0 105435.4648
2856.71 2856.71 0.0 105402.5198
2870.85 2870.85 0.0 105370.0012
2885.0 2885.0 0.0 105337.9116
2899.14 2899.14 0.0 105306.3225
2913.28 2913.28 0.0 105275.2244
2927.42 2927.42 0.0 105244.6331
2941.56 2941.56 0.0 105214.5706
2955.71 2955.71 0.0 105185.0342
2969.85 2969.85 0.0 105156.0681
2983.99 2983.99 0.0 105127.6719
2998.13 2998.13 0.0 105099.8486
3012.27 3012.27 0.0 105072.6084
3026.42 3026.42 0.0 105045.9397
3040.56 3040.56 0.0 105019.8826
3054.7 3054.7 0.0 104994.4231
3068.84 3068.84 0.0 104969.5623
3082.99 3082.99 0.0 104945.2812
3097.13 3097.13 0.0 104921.6138
3111.27 3111.27 0.0 104898.5410
3125.41 3125.41 0.0 104876.0571
3139.55 3139.55 0.0 104854.1565
3153.7 3153.7 0.0 104832.8179
3167.84 3167.84 0.0 104812.0681
3181.98 3181.98 0.0 104791.8728
3196.12 3196.12 0.0 104772.2310
3210.26 3210.26 0.0 104753.1292
3224.41 3224.41 0.0 104734.5405
3238.55 3238.55 0.0 104716.4885
3252.69 3252.69 0.0 104698.9382
3266.83 3266.83 0.0 104681.8779
3280.98 3280.98 0.0 104665.2854
3295.12 3295.12 0.0 104649.1719
3309.26 3309.26 0.0 104633.5078
3323.4 3323.4 0.0 104618.2776
3337.54 3337.54 0.0 104603.4707
3351.69 3351.69 0.0 104589.0640
3365.83 3365.83 0.0 104575.0608
3379.97 3379.97 0.0 104561.4321
3394.11 3394.11 0.0 104548.1763
3408.25 3408.25 0.0 104535.2683
3422.4 3422.4 0.0 104522.6887
3436.54 3436.54 0.0 104510.4468
3450.68 3450.68 0.0 104498.5159
3464.82 3464.82 0.0 104486.8872
3478.97 3478.97 0.0 104475.5349
3493.11 3493.11 0.0 104464.4714
3507.25 3507.25 0.0 104453.6714
3521.39 3521.39 0.0 104443.1282
3535.53 3535.53 0.0 104432.8264
3549.68 3549.68 0.0 104422.7578
3563.82 3563.82 0.0 104412.9214
3577.96 3577.96 0.0 104403.3010
3592.1 3592.1 0.0 104393.8887
3606.24 3606.24 0.0 104384.6770
3620.39 3620.39 0.0 104375.6543
3634.53 3634.53 0.0 104366.8230
3648.67 3648.67 0.0 104358.1702
3662.81 3662.81 0.0 104349.6934
3676.96 3676.96 0.0 104341.3782
3691.1 3691.1 0.0 104333.2261
3705.24 3705.24 0.0 104325.2334
3719.38 3719.38 0.0 104317.3911
3733.52 3733.52 0.0 104309.6975
3747.67 3747.67 0.0 104302.1396
3761.81 3761.81 0.0 104294.7241
3775.95 3775.95 0.0 104287.4412
3790.09 3790.09 0.0 104280.2927
3804.23 3804.23 0.0 104273.2712
3818.38 3818.38 0.0 104266.3645
3832.52 3832.52 0.0 104259.5852
3846.66 3846.66 0.0 104252.9250
3860.8 3860.8 0.0 104246.3774
3874.95 3874.95 0.0 104239.9426
3889.09 3889.09 0.0 104233.6194
3903.23 3903.23 0.0 104227.4021
3917.37 3917.37 0.0 104221.2920
3931.51 3931.51 0.0 104215.2854
3945.66 3945.66 0.0 104209.3765
3959.8 3959.8 0.0 104203.5728
3973.94 3973.94 0.0 104197.8630
3988.08 3988.08 0.0 104192.2517
4002.22 4002.22 0.0 104186.7358
4016.37 4016.37 0.0 104181.3125
4030.51 4030.51 0.0 104175.9805
4044.65 4044.65 0.0 104170.7427
4058.79 4058.79 0.0 104165.5930
4072.94 4072.94 0.0 104160.5278
4087.08 4087.08 0.0 104155.5569
4101.22 4101.22 0.0 104150.6672
4115.36 4115.36 0.0 104145.8667
4129.5 4129.5 0.0 104141.1492
4143.65 4143.65 0.0 104136.5146
4157.79 4157.79 0.0 104131.9653
4171.93 4171.93 0.0 104127.4966
4186.07 4186.07 0.0 104123.1123
4200.21 4200.21 0.0 104118.8037
4214.36 4214.36 0.0 104114.5781
4228.5 4228.5 0.0 104110.4329
4242.64 4242.64 0.0 104106.3667
