0.0 0.0 0.0 358354.9531
14.1421 14.1421 0.0 317447.1719
28.2843 28.2843 0.0 312341.7656
42.4264 42.4264 0.0 306118.2188
56.5685 56.5685 0.0 298987.7656
70.7107 70.7107 0.0 291194.4219
84.8528 84.8528 0.0 282977.6719
98.9949 98.9949 0.0 274547.4375
113.137 113.137 0.0 266079.1562
127.279 127.279 0.0 257713.5781
141.421 141.421 0.0 249558.8594
155.563 155.563 0.0 241693.5781
169.706 169.706 0.0 234170.7812
183.848 183.848 0.0 227024.2969
197.99 197.99 0.0 220269.9922
212.132 212.132 0.0 213911.6562
226.274 226.274 0.0 207943.5312
240.416 240.416 0.0 202353.4141
254.558 254.558 0.0 197124.3750
268.701 268.701 0.0 192236.1719
282.843 282.843 0.0 187668.3516
296.985 296.985 0.0 183398.5781
311.127 311.127 0.0 179405.1562
325.269 325.269 0.0 175667.0625
339.411 339.411 0.0 172164.2812
353.553 353.553 0.0 168877.9922
367.696 367.696 0.0 165790.5312
381.838 381.838 0.0 162886.2852
395.98 395.98 0.0 160150.4141
410.122 410.122 0.0 157569.6719
424.264 424.264 0.0 155132.0742
438.406 438.406 0.0 152827.1250
452.548 452.548 0.0 150645.2891
466.69 466.69 0.0 148578.4258
480.833 480.833 0.0 146619.2773
494.975 494.975 0.0 144761.9727
509.117 509.117 0.0 143001.1953
523.259 523.259 0.0 141332.6953
537.401 537.401 0.0 139752.8750
551.543 551.543 0.0 138258.7656
565.685 565.685 0.0 136847.8594
579.828 579.828 0.0 135517.8281
593.97 593.97 0.0 134266.6836
608.112 608.112 0.0 133092.0039
622.254 622.254 0.0 131991.2109
636.396 636.396 0.0 130961.1406
650.538 650.538 0.0 129998.1602
664.68 664.68 0.0 129097.9688
678.823 678.823 0.0 128255.6777
692.965 692.965 0.0 127466.2441
707.107 707.107 0.0 126724.2266
721.249 721.249 0.0 126024.3340
735.391 735.391 0.0 125361.6602
749.533 749.533 0.0 124731.8613
763.675 763.675 0.0 124131.2383
777.817 777.817 0.0 123556.8965
791.96 791.96 0.0 123006.5352
806.102 806.102 0.0 122478.6289
820.244 820.244 0.0 121971.9180
834.386 834.386 0.0 121485.4629
848.528 848.528 0.0 121018.4922
862.67 862.67 0.0 120570.2461
876.812 876.812 0.0 120139.9121
890.955 890.955 0.0 119726.5977
905.097 905.097 0.0 119329.3398
919.239 919.239 0.0 118947.0508
933.381 933.381 0.0 118578.5469
947.523 947.523 0.0 118222.6719
961.665 961.665 0.0 117878.2070
975.807 975.807 0.0 117543.9453
989.949 989.949 0.0 117218.7256
1004.09 1004.09 0.0 116901.4727
1018.23 1018.23 0.0 116591.1475
1032.38 1032.38 0.0 116286.5762
1046.52 1046.52 0.0 115987.3633
1060.66 1060.66 0.0 115692.5469
1074.8 1074.8 0.0 115401.4971
1088.94 1088.94 0.0 115113.7178
1103.09 1103.09 0.0 114828.6016
1117.23 1117.23 0.0 114546.2480
1131.37 1131.37 0.0 114266.3145
1145.51 1145.51 0.0 113988.7002
1159.66 1159.66 0.0 113713.2168
1173.8 1173.8 0.0 113440.3701
1187.94 1187.94 0.0 113170.1523
1202.08 1202.08 0.0 112902.8115
1216.22 1216.22 0.0 112638.6426
1230.37 1230.37 0.0 112377.8066
1244.51 1244.51 0.0 112121.0566
1258.65 1258.65 0.0 111868.6045
1272.79 1272.79 0.0 111620.8672
1286.93 1286.93 0.0 111378.2305
1301.08 1301.08 0.0 111140.9326
1315.22 1315.22 0.0 110909.6660
1329.36 1329.36 0.0 110684.5771
1343.5 1343.5 0.0 110465.9434
1357.65 1357.65 0.0 110253.8643
1371.79 1371.79 0.0 110048.8008
1385.93 1385.93 0.0 109850.7061
1400.07 1400.07 0.0 109659.6387
1414.21 1414.21 0.0 109475.5908
1428.36 1428.36 0.0 109298.3662
1442.5 1442.5 0.0 109128.1006
1456.64 1456.64 0.0 108964.4980
1470.78 1470.78 0.0 108807.3511
1484.92 1484.92 0.0 108656.4331
1499.07 1499.07 0.0 108511.3960
1513.21 1513.21 0.0 108372.1870
1527.35 1527.35 0.0 108238.4546
1541.49 1541.49 0.0 108109.9492
1555.63 1555.63 0.0 107986.4360
1569.78 1569.78 0.0 107867.6289
1583.92 1583.92 0.0 107753.5215
1598.06 1598.06 0.0 107643.8315
1612.2 1612.2 0.0 107538.4277
1626.35 1626.35 0.0 107437.0840
1640.49 1640.49 0.0 107339.8228
1654.63 1654.63 0.0 107246.4419
1668.77 1668.77 0.0 107156.8159
1682.91 1682.91 0.0 107070.8257
1697.06 1697.06 0.0 106988.2725
1711.2 1711.2 0.0 106909.1382
1725.34 1725.34 0.0 106833.2290
1739.48 1739.48 0.0 106760.3911
1753.62 1753.62 0.0 106690.4761
1767.77 1767.77 0.0 106623.2817
1781.91 1781.91 0.0 106558.7461
1796.05 1796.05 0.0 106496.6689
1810.19 1810.19 0.0 106436.8994
1824.34 1824.34 0.0 106379.2510
1838.48 1838.48 0.0 106323.6631
1852.62 1852.62 0.0 106269.9600
1866.76 1866.76 0.0 106218.0103
1880.9 1880.9 0.0 106167.7104
1895.05 1895.05 0.0 106118.9067
1909.19 1909.19 0.0 106071.5776
1923.33 1923.33 0.0 106025.5898
1937.47 1937.47 0.0 105980.8721
1951.61 1951.61 0.0 105937.3535
1965.76 1965.76 0.0 105894.9365
1979.9 1979.9 0.0 105853.6284
1994.04 1994.04 0.0 105813.3545
2008.18 2008.18 0.0 105774.0732
2022.33 2022.33 0.0 105735.7241
2036.47 2036.47 0.0 105698.3296
2050.61 2050.61 0.0 105661.8374
2064.75 2064.75 0.0 105626.2217
2078.89 2078.89 0.0 105591.4658
2093.04 2093.04 0.0 105557.5190
2107.18 2107.18 0.0 105524.4121
2121.32 2121.32 0.0 105492.0996
2135.46 2135.46 0.0 105460.5586
2149.6 2149.6 0.0 105429.7676
2163.75 2163.75 0.0 105399.6736
2177.89 2177.89 0.0 105370.2937
2192.03 2192.03 0.0 105341.5776
2206.17 2206.17 0.0 105313.4910
2220.32 2220.32 0.0 105285.9746
2234.46 2234.46 0.0 105259.0317
2248.6 2248.6 0.0 105232.6045
2262.74 2262.74 0.0 105206.6504
2276.88 2276.88 0.0 105181.1287
2291.03 2291.03 0.0 105155.9768
2305.17 2305.17 0.0 105131.1863
2319.31 2319.31 0.0 105106.7048
2333.45 2333.45 0.0 105082.4885
2347.59 2347.59 0.0 105058.5010
2361.74 2361.74 0.0 105034.6897
2375.88 2375.88 0.0 105011.0579
2390.02 2390.02 0.0 104987.5554
2404.16 2404.16 0.0 104964.1628
2418.31 2418.31 0.0 104940.8364
2432.45 2432.45 0.0 104917.5879
2446.59 2446.59 0.0 104894.3894
2460.73 2460.73 0.0 104871.2246
2474.87 2474.87 0.0 104848.0854
2489.02 2489.02 0.0 104824.9421
2503.16 2503.16 0.0 104801.8264
2517.3 2517.3 0.0 104778.7156
2531.44 2531.44 0.0 104755.6072
2545.58 2545.58 0.0 104732.5012
2559.73 2559.73 0.0 104709.3811
2573.87 2573.87 0.0 104686.2722
2588.01 2588.01 0.0 104663.1694
2602.15 2602.15 0.0 104640.0615
2616.3 2616.3 0.0 104616.9407
2630.44 2630.44 0.0 104593.8350
2644.58 2644.58 0.0 104570.7283
2658.72 2658.72 0.0 104547.6240
2672.86 2672.86 0.0 104524.5193
2687.01 2687.01 0.0 104501.3953
2701.15 2701.15 0.0 104478.2930
2715.29 2715.29 0.0 104455.1882
2729.43 2729.43 0.0 104432.0854
2743.57 2743.57 0.0 104408.9880
2757.72 2757.72 0.0 104385.8850
2771.86 2771.86 0.0 104362.8110
2786.0 2786.0 0.0 104339.7529
2800.14 2800.14 0.0 104316.7202
2814.28 2814.28 0.0 104293.7217
2828.43 2828.43 0.0 104270.7483
2842.57 2842.57 0.0 104247.8450
2856.71 2856.71 0.0 104225.0068
2870.85 2870.85 0.0 104202.2493
2885.0 2885.0 0.0 104179.5637
2899.14 2899.14 0.0 104157.0034
2913.28 2913.28 0.0 104134.5647
2927.42 2927.42 0.0 104112.2610
2941.56 2941.56 0.0 104090.1121
2955.71 2955.71 0.0 104068.1228
2969.85 2969.85 0.0 104046.3330
2983.99 2983.99 0.0 104024.7456
2998.13 2998.13 0.0 104003.3787
3012.27 3012.27 0.0 103982.2493
3026.42 3026.42 0.0 103961.3528
3040.56 3040.56 0.0 103940.7351
3054.7 3054.7 0.0 103920.3972
3068.84 3068.84 0.0 103900.3481
3082.99 3082.99 0.0 103880.5867
3097.13 3097.13 0.0 103861.1565
3111.27 3111.27 0.0 103842.0449
3125.41 3125.41 0.0 103823.2681
3139.55 3139.55 0.0 103804.8293
3153.7 3153.7 0.0 103786.7236
3167.84 3167.84 0.0 103768.9802
3181.98 3181.98 0.0 103751.5945
3196.12 3196.12 0.0 103734.5688
3210.26 3210.26 0.0 103717.8994
3224.41 3224.41 0.0 103701.5850
3238.55 3238.55 0.0 103685.6482
3252.69 3252.69 0.0 103670.0708
3266.83 3266.83 0.0 103654.8567
3280.98 3280.98 0.0 103639.9912
3295.12 3295.12 0.0 103625.4949
3309.26 3309.26 0.0 103611.3513
3323.4 3323.4 0.0 103597.5576
3337.54 3337.54 0.0 103584.1118
3351.69 3351.69 0.0 103570.9968
3365.83 3365.83 0.0 103558.2239
3379.97 3379.97 0.0 103545.7793
3394.11 3394.11 0.0 103533.6565
3408.25 3408.25 0.0 103521.8508
3422.4 3422.4 0.0 103510.3447
3436.54 3436.54 0.0 103499.1472
3450.68 3450.68 0.0 103488.2449
3464.82 3464.82 0.0 103477.6250
3478.97 3478.97 0.0 103467.2793
3493.11 3493.11 0.0 103457.2090
3507.25 3507.25 0.0 103447.4006
3521.39 3521.39 0.0 103437.8440
3535.53 3535.53 0.0 103428.5371
3549.68 3549.68 0.0 103419.4646
3563.82 3563.82 0.0 103410.6238
3577.96 3577.96 0.0 103402.0083
3592.1 3592.1 0.0 103393.6060
3606.24 3606.24 0.0 103385.4121
3620.39 3620.39 0.0 103377.4131
3634.53 3634.53 0.0 103369.6135
3648.67 3648.67 0.0 103361.9988
3662.81 3662.81 0.0 103354.5621
3676.96 3676.96 0.0 103347.2964
3691.1 3691.1 0.0 103340.2002
3705.24 3705.24 0.0 103333.2621
3719.38 3719.38 0.0 103326.4825
3733.52 3733.52 0.0 103319.8490
3747.67 3747.67 0.0 103313.3557
3761.81 3761.81 0.0 103307.0028
3775.95 3775.95 0.0 103300.7830
3790.09 3790.09 0.0 103294.6897
3804.23 3804.23 0.0 103288.7200
3818.38 3818.38 0.0 103282.8652
3832.52 3832.52 0.0 103277.1276
3846.66 3846.66 0.0 103271.5011
3860.8 3860.8 0.0 103265.9807
3874.95 3874.95 0.0 103260.5587
3889.09 3889.09 0.0 103255.2384
3903.23 3903.23 0.0 103250.0143
3917.37 3917.37 0.0 103244.8831
3931.51 3931.51 0.0 103239.8411
3945.66 3945.66 0.0 103234.8824
3959.8 3959.8 0.0 103230.0074
3973.94 3973.94 0.0 103225.2156
3988.08 3988.08 0.0 103220.5023
4002.22 4002.22 0.0 103215.8629
4016.37 4016.37 0.0 103211.2961
4030.51 4030.51 0.0 103206.8030
4044.65 4044.65 0.0 103202.3779
4058.79 4058.79 0.0 103198.0239
4072.94 4072.94 0.0 103193.7289
4087.08 4087.08 0.0 103189.5059
4101.22 4101.22 0.0 103185.3412
4115.36 4115.36 0.0 103181.2369
4129.5 4129.5 0.0 103177.1940
4143.65 4143.65 0.0 103173.2054
4157.79 4157.79 0.0 103169.2775
4171.93 4171.93 0.0 103165.4033
4186.07 4186.07 0.0 103161.5863
4200.21 4200.21 0.0 103157.8191
4214.36 4214.36 0.0 103154.1024
4228.5 4228.5 0.0 103150.4419
4242.64 4242.64 0.0 103146.8295
