0.0 0.0 0.0 220159.7891
14.1421 14.1421 0.0 204729.6719
28.2843 28.2843 0.0 204496.0391
42.4264 42.4264 0.0 204243.1719
56.5685 56.5685 0.0 203836.1562
70.7107 70.7107 0.0 203279.3047
84.8528 84.8528 0.0 202605.6094
98.9949 98.9949 0.0 201849.3438
113.137 113.137 0.0 201038.0625
127.279 127.279 0.0 200191.3594
141.421 141.421 0.0 199322.2656
155.563 155.563 0.0 198438.9062
169.706 169.706 0.0 197545.8281
183.848 183.848 0.0 196645.7969
197.99 197.99 0.0 195739.9531
212.132 212.132 0.0 194828.8750
226.274 226.274 0.0 193912.8203
240.416 240.416 0.0 192992.0000
254.558 254.558 0.0 192066.6484
268.701 268.701 0.0 191137.0547
282.843 282.843 0.0 190203.8047
296.985 296.985 0.0 189267.3359
311.127 311.127 0.0 188328.4062
325.269 325.269 0.0 187387.6719
339.411 339.411 0.0 186445.9062
353.553 353.553 0.0 185503.9219
367.696 367.696 0.0 184562.4297
381.838 381.838 0.0 183622.3672
395.98 395.98 0.0 182684.3984
410.122 410.122 0.0 181749.3125
424.264 424.264 0.0 180817.7891
438.406 438.406 0.0 179890.5312
452.548 452.548 0.0 178968.1797
466.69 466.69 0.0 178051.3750
480.833 480.833 0.0 177140.6172
494.975 494.975 0.0 176236.5938
509.117 509.117 0.0 175339.7891
523.259 523.259 0.0 174450.7500
537.401 537.401 0.0 173569.8984
551.543 551.543 0.0 172697.7656
565.685 565.685 0.0 171834.7969
579.828 579.828 0.0 170981.4453
593.97 593.97 0.0 170138.1953
608.112 608.112 0.0 169305.5391
622.254 622.254 0.0 168483.7656
636.396 636.396 0.0 167673.4531
650.538 650.538 0.0 166874.9062
664.68 664.68 0.0 166088.6211
678.823 678.823 0.0 165314.7969
692.965 692.965 0.0 164554.0039
707.107 707.107 0.0 163806.4336
721.249 721.249 0.0 163072.3203
735.391 735.391 0.0 162351.8867
749.533 749.533 0.0 161645.3438
763.675 763.675 0.0 160952.6289
777.817 777.817 0.0 160273.7500
791.96 791.96 0.0 159608.5391
806.102 806.102 0.0 158956.8633
820.244 820.244 0.0 158318.4102
834.386 834.386 0.0 157692.7656
848.528 848.528 0.0 157079.4492
862.67 862.67 0.0 156477.9297
876.812 876.812 0.0 155887.6172
890.955 890.955 0.0 155307.7734
905.097 905.097 0.0 154737.7578
919.239 919.239 0.0 154176.8555
933.381 933.381 0.0 153624.3164
947.523 947.523 0.0 153079.3984
961.665 961.665 0.0 152541.3672
975.807 975.807 0.0 152009.5234
989.949 989.949 0.0 151483.2422
1004.09 1004.09 0.0 150961.8828
1018.23 1018.23 0.0 150444.9336
1032.38 1032.38 0.0 149931.4883
1046.52 1046.52 0.0 149421.8594
1060.66 1060.66 0.0 148915.3633
1074.8 1074.8 0.0 148411.7969
1088.94 1088.94 0.0 147911.0781
1103.09 1103.09 0.0 147412.8750
1117.23 1117.23 0.0 146918.1836
1131.37 1131.37 0.0 146427.0586
1145.51 1145.51 0.0 145940.1406
1159.66 1159.66 0.0 145457.9766
1173.8 1173.8 0.0 144982.4414
1187.94 1187.94 0.0 144514.6133
1202.08 1202.08 0.0 144056.2422
1216.22 1216.22 0.0 143609.2305
1230.37 1230.37 0.0 143175.3203
1244.51 1244.51 0.0 142757.1055
1258.65 1258.65 0.0 142355.7891
1272.79 1272.79 0.0 141972.1406
1286.93 1286.93 0.0 141605.3047
1301.08 1301.08 0.0 141251.6992
1315.22 1315.22 0.0 140905.0156
1329.36 1329.36 0.0 140553.3320
1343.5 1343.5 0.0 140179.1055
1357.65 1357.65 0.0 139758.1953
1371.79 1371.79 0.0 139261.6172
1385.93 1385.93 0.0 138656.5391
1400.07 1400.07 0.0 137912.1484
1414.21 1414.21 0.0 137005.4961
1428.36 1428.36 0.0 135927.2891
1442.5 1442.5 0.0 134689.0469
1456.64 1456.64 0.0 133318.6387
1470.78 1470.78 0.0 131858.7949
1484.92 1484.92 0.0 130358.9766
1499.07 1499.07 0.0 128866.2715
1513.21 1513.21 0.0 127423.6699
1527.35 1527.35 0.0 126060.4062
1541.49 1541.49 0.0 124795.7324
1555.63 1555.63 0.0 123639.2520
1569.78 1569.78 0.0 122592.4336
1583.92 1583.92 0.0 121653.7305
1598.06 1598.06 0.0 120816.1836
1612.2 1612.2 0.0 120071.8574
1626.35 1626.35 0.0 119411.6738
1640.49 1640.49 0.0 118827.9668
1654.63 1654.63 0.0 118311.9590
1668.77 1668.77 0.0 117855.9902
1682.91 1682.91 0.0 117453.0264
1697.06 1697.06 0.0 117096.4951
1711.2 1711.2 0.0 116781.2461
1725.34 1725.34 0.0 116501.9365
1739.48 1739.48 0.0 116254.0801
1753.62 1753.62 0.0 116033.6387
1767.77 1767.77 0.0 115836.9746
1781.91 1781.91 0.0 115661.1357
1796.05 1796.05 0.0 115503.1914
1810.19 1810.19 0.0 115360.5996
1824.34 1824.34 0.0 115231.0547
1838.48 1838.48 0.0 115112.7373
1852.62 1852.62 0.0 115003.7607
1866.76 1866.76 0.0 114902.5703
1880.9 1880.9 0.0 114807.7422
1895.05 1895.05 0.0 114717.9727
1909.19 1909.19 0.0 114632.2959
1923.33 1923.33 0.0 114549.6934
1937.47 1937.47 0.0 114469.3252
1951.61 1951.61 0.0 114390.4629
1965.76 1965.76 0.0 114312.4482
1979.9 1979.9 0.0 114234.8389
1994.04 1994.04 0.0 114157.1562
2008.18 2008.18 0.0 114079.0439
2022.33 2022.33 0.0 114000.1660
2036.47 2036.47 0.0 113920.3945
2050.61 2050.61 0.0 113839.5146
2064.75 2064.75 0.0 113757.4131
2078.89 2078.89 0.0 113674.0146
2093.04 2093.04 0.0 113589.2246
2107.18 2107.18 0.0 113503.1729
2121.32 2121.32 0.0 113415.8467
2135.46 2135.46 0.0 113327.2656
2149.6 2149.6 0.0 113237.5225
2163.75 2163.75 0.0 113146.6484
2177.89 2177.89 0.0 113054.8594
2192.03 2192.03 0.0 112962.1865
2206.17 2206.17 0.0 112868.7793
2220.32 2220.32 0.0 112774.6533
2234.46 2234.46 0.0 112680.0615
2248.6 2248.6 0.0 112585.0518
2262.74 2262.74 0.0 112489.7451
2276.88 2276.88 0.0 112394.2295
2291.03 2291.03 0.0 112298.5488
2305.17 2305.17 0.0 112202.9150
2319.31 2319.31 0.0 112107.3535
2333.45 2333.45 0.0 112011.9482
2347.59 2347.59 0.0 111916.7646
2361.74 2361.74 0.0 111821.8027
2375.88 2375.88 0.0 111727.2373
2390.02 2390.02 0.0 111633.0762
2404.16 2404.16 0.0 111539.3535
2418.31 2418.31 0.0 111446.0527
2432.45 2432.45 0.0 111353.3242
2446.59 2446.59 0.0 111261.1484
2460.73 2460.73 0.0 111169.5400
2474.87 2474.87 0.0 111078.5322
2489.02 2489.02 0.0 110988.0811
2503.16 2503.16 0.0 110898.3379
2517.3 2517.3 0.0 110809.2432
2531.44 2531.44 0.0 110720.8232
2545.58 2545.58 0.0 110633.0918
2559.73 2559.73 0.0 110545.9902
2573.87 2573.87 0.0 110459.6670
2588.01 2588.01 0.0 110374.0527
2602.15 2602.15 0.0 110289.1699
2616.3 2616.3 0.0 110204.9521
2630.44 2630.44 0.0 110121.5400
2644.58 2644.58 0.0 110038.8584
2658.72 2658.72 0.0 109956.9375
2672.86 2672.86 0.0 109875.7588
2687.01 2687.01 0.0 109795.2656
2701.15 2701.15 0.0 109715.5801
2715.29 2715.29 0.0 109636.6475
2729.43 2729.43 0.0 109558.4541
2743.57 2743.57 0.0 109480.9995
2757.72 2757.72 0.0 109404.2334
2771.86 2771.86 0.0 109328.2432
2786.0 2786.0 0.0 109252.9932
2800.14 2800.14 0.0 109178.4614
2814.28 2814.28 0.0 109104.6382
2828.43 2828.43 0.0 109031.4775
2842.57 2842.57 0.0 108959.0747
2856.71 2856.71 0.0 108887.3784
2870.85 2870.85 0.0 108816.3853
2885.0 2885.0 0.0 108746.0483
2899.14 2899.14 0.0 108676.4570
2913.28 2913.28 0.0 108607.5854
2927.42 2927.42 0.0 108539.4180
2941.56 2941.56 0.0 108471.9751
2955.71 2955.71 0.0 108405.2310
2969.85 2969.85 0.0 108339.2812
2983.99 2983.99 0.0 108274.1055
2998.13 2998.13 0.0 108209.7290
3012.27 3012.27 0.0 108146.1748
3026.42 3026.42 0.0 108083.4292
3040.56 3040.56 0.0 108021.6094
3054.7 3054.7 0.0 107960.7124
3068.84 3068.84 0.0 107900.7739
3082.99 3082.99 0.0 107841.7900
3097.13 3097.13 0.0 107783.8887
3111.27 3111.27 0.0 107727.0698
3125.41 3125.41 0.0 107671.3735
3139.55 3139.55 0.0 107616.8389
3153.7 3153.7 0.0 107563.4595
3167.84 3167.84 0.0 107511.3486
3181.98 3181.98 0.0 107460.4951
3196.12 3196.12 0.0 107410.9199
3210.26 3210.26 0.0 107362.6362
3224.41 3224.41 0.0 107315.6235
3238.55 3238.55 0.0 107269.9395
3252.69 3252.69 0.0 107225.5479
3266.83 3266.83 0.0 107182.4253
3280.98 3280.98 0.0 107140.5215
3295.12 3295.12 0.0 107099.8525
3309.26 3309.26 0.0 107060.3496
3323.4 3323.4 0.0 107021.9731
3337.54 3337.54 0.0 106984.6597
3351.69 3351.69 0.0 106948.3340
3365.83 3365.83 0.0 106912.9839
3379.97 3379.97 0.0 106878.5190
3394.11 3394.11 0.0 106844.8848
3408.25 3408.25 0.0 106812.0088
3422.4 3422.4 0.0 106779.8096
3436.54 3436.54 0.0 106748.2690
3450.68 3450.68 0.0 106717.3013
3464.82 3464.82 0.0 106686.8540
3478.97 3478.97 0.0 106656.8447
3493.11 3493.11 0.0 106627.2593
3507.25 3507.25 0.0 106598.0332
3521.39 3521.39 0.0 106569.1084
3535.53 3535.53 0.0 106540.4429
3549.68 3549.68 0.0 106511.9780
3563.82 3563.82 0.0 106483.7051
3577.96 3577.96 0.0 106455.5815
3592.1 3592.1 0.0 106427.5591
3606.24 3606.24 0.0 106399.6313
3620.39 3620.39 0.0 106371.7393
3634.53 3634.53 0.0 106343.9038
3648.67 3648.67 0.0 106316.1035
3662.81 3662.81 0.0 106288.3145
3676.96 3676.96 0.0 106260.5249
3691.1 3691.1 0.0 106232.7651
3705.24 3705.24 0.0 106205.0166
3719.38 3719.38 0.0 106177.2910
3733.52 3733.52 0.0 106149.5967
3747.67 3747.67 0.0 106121.9243
3761.81 3761.81 0.0 106094.3359
3775.95 3775.95 0.0 106066.8252
3790.09 3790.09 0.0 106039.4092
3804.23 3804.23 0.0 106012.1138
3818.38 3818.38 0.0 105984.9336
3832.52 3832.52 0.0 105957.9375
3846.66 3846.66 0.0 105931.1216
3860.8 3860.8 0.0 105904.5127
3874.95 3874.95 0.0 105878.1006
3889.09 3889.09 0.0 105851.9565
3903.23 3903.23 0.0 105826.0698
3917.37 3917.37 0.0 105800.4556
3931.51 3931.51 0.0 105775.1313
3945.66 3945.66 0.0 105750.0913
3959.8 3959.8 0.0 105725.3862
3973.94 3973.94 0.0 105700.9980
3988.08 3988.08 0.0 105676.9429
4002.22 4002.22 0.0 105653.2222
4016.37 4016.37 0.0 105629.8247
4030.51 4030.51 0.0 105606.7881
4044.65 4044.65 0.0 105584.0933
4058.79 4058.79 0.0 105561.7500
4072.94 4072.94 0.0 105539.7285
4087.08 4087.08 0.0 105518.0728
4101.22 4101.22 0.0 105496.7539
4115.36 4115.36 0.0 105475.7783
4129.5 4129.5 0.0 105455.1387
4143.65 4143.65 0.0 105434.8218
4157.79 4157.79 0.0 105414.8420
4171.93 4171.93 0.0 105395.1917
4186.07 4186.07 0.0 105375.8672
4200.21 4200.21 0.0 105356.8560
4214.36 4214.36 0.0 105338.1467
4228.5 4228.5 0.0 105319.7629
4242.64 4242.64 0.0 105301.6855
