0.0 0.0 0.0 401570.4375
14.1421 14.1421 0.0 366833.6875
28.2843 28.2843 0.0 366242.1250
42.4264 42.4264 0.0 365890.1250
56.5685 56.5685 0.0 365539.5312
70.7107 70.7107 0.0 365181.8750
84.8528 84.8528 0.0 364816.0938
98.9949 98.9949 0.0 364439.1562
113.137 113.137 0.0 364047.8125
127.279 127.279 0.0 363639.4688
141.421 141.421 0.0 363211.5000
155.563 155.563 0.0 362762.2656
169.706 169.706 0.0 362290.7969
183.848 183.848 0.0 361796.6406
197.99 197.99 0.0 361279.2812
212.132 212.132 0.0 360738.7500
226.274 226.274 0.0 360175.7188
240.416 240.416 0.0 359590.2344
254.558 254.558 0.0 358982.7031
268.701 268.701 0.0 358354.0312
282.843 282.843 0.0 357704.8750
296.985 296.985 0.0 357035.7500
311.127 311.127 0.0 356347.4375
325.269 325.269 0.0 355640.6094
339.411 339.411 0.0 354916.0000
353.553 353.553 0.0 354174.2812
367.696 367.696 0.0 353416.1406
381.838 381.838 0.0 352642.2656
395.98 395.98 0.0 351853.4219
410.122 410.122 0.0 351050.1562
424.264 424.264 0.0 350233.0781
438.406 438.406 0.0 349402.8438
452.548 452.548 0.0 348559.9844
466.69 466.69 0.0 347704.9844
480.833 480.833 0.0 346838.4375
494.975 494.975 0.0 345960.9844
509.117 509.117 0.0 345072.9531
523.259 523.259 0.0 344175.0156
537.401 537.401 0.0 343267.4375
551.543 551.543 0.0 342350.6719
565.685 565.685 0.0 341425.2344
579.828 579.828 0.0 340491.2656
593.97 593.97 0.0 339549.5312
608.112 608.112 0.0 338600.1562
622.254 622.254 0.0 337643.5625
636.396 636.396 0.0 336679.9219
650.538 650.538 0.0 335709.6250
664.68 664.68 0.0 334733.1562
678.823 678.823 0.0 333750.4219
692.965 692.965 0.0 332761.9531
707.107 707.107 0.0 331767.8438
721.249 721.249 0.0 330768.5156
735.391 735.391 0.0 329763.9375
749.533 749.533 0.0 328754.3906
763.675 763.675 0.0 327740.1406
777.817 777.817 0.0 326721.2969
791.96 791.96 0.0 325697.9219
806.102 806.102 0.0 324670.2812
820.244 820.244 0.0 323638.5156
834.386 834.386 0.0 322602.7656
848.528 848.528 0.0 321563.0469
862.67 862.67 0.0 320519.5938
876.812 876.812 0.0 319472.3906
890.955 890.955 0.0 318421.5156
905.097 905.097 0.0 317367.3125
919.239 919.239 0.0 316309.5781
933.381 933.381 0.0 315248.5000
947.523 947.523 0.0 314184.1094
961.665 961.665 0.0 313116.4688
975.807 975.807 0.0 312045.6875
989.949 989.949 0.0 310971.8906
1004.09 1004.09 0.0 309894.9531
1018.23 1018.23 0.0 308815.2500
1032.38 1032.38 0.0 307731.7656
1046.52 1046.52 0.0 306646.2188
1060.66 1060.66 0.0 305557.7969
1074.8 1074.8 0.0 304466.5625
1088.94 1088.94 0.0 303372.6562
1103.09 1103.09 0.0 302275.3125
1117.23 1117.23 0.0 301176.2188
1131.37 1131.37 0.0 300074.6250
1145.51 1145.51 0.0 298970.6094
1159.66 1159.66 0.0 297863.4531
1173.8 1173.8 0.0 296754.7500
1187.94 1187.94 0.0 295643.9844
1202.08 1202.08 0.0 294531.0938
1216.22 1216.22 0.0 293416.4062
1230.37 1230.37 0.0 292299.0625
1244.51 1244.51 0.0 291180.7500
1258.65 1258.65 0.0 290061.0781
1272.79 1272.79 0.0 288940.0156
1286.93 1286.93 0.0 287817.8125
1301.08 1301.08 0.0 286693.8594
1315.22 1315.22 0.0 285569.9688
1329.36 1329.36 0.0 284445.5312
1343.5 1343.5 0.0 283320.8594
1357.65 1357.65 0.0 282195.3594
1371.79 1371.79 0.0 281070.8438
1385.93 1385.93 0.0 279946.9688
1400.07 1400.07 0.0 278823.9062
1414.21 1414.21 0.0 277701.9688
1428.36 1428.36 0.0 276580.7656
1442.5 1442.5 0.0 275462.2344
1456.64 1456.64 0.0 274345.8281
1470.78 1470.78 0.0 273231.9688
1484.92 1484.92 0.0 272121.1406
1499.07 1499.07 0.0 271012.8438
1513.21 1513.21 0.0 269908.9844
1527.35 1527.35 0.0 268809.2656
1541.49 1541.49 0.0 267714.0938
1555.63 1555.63 0.0 266623.8594
1569.78 1569.78 0.0 265538.2188
1583.92 1583.92 0.0 264458.9844
1598.06 1598.06 0.0 263385.9688
1612.2 1612.2 0.0 262319.4375
1626.35 1626.35 0.0 261259.1719
1640.49 1640.49 0.0 260206.8594
1654.63 1654.63 0.0 259162.2969
1668.77 1668.77 0.0 258125.6719
1682.91 1682.91 0.0 257097.4844
1697.06 1697.06 0.0 256077.1875
1711.2 1711.2 0.0 255066.7500
1725.34 1725.34 0.0 254065.5938
1739.48 1739.48 0.0 253074.1094
1753.62 1753.62 0.0 252092.3906
1767.77 1767.77 0.0 251120.1719
1781.91 1781.91 0.0 250159.0469
1796.05 1796.05 0.0 249208.3594
1810.19 1810.19 0.0 248268.5312
1824.34 1824.34 0.0 247338.8906
1838.48 1838.48 0.0 246421.0000
1852.62 1852.62 0.0 245514.2344
1866.76 1866.76 0.0 244618.8281
1880.9 1880.9 0.0 243734.7500
1895.05 1895.05 0.0 242861.4375
1909.19 1909.19 0.0 242000.2656
1923.33 1923.33 0.0 241150.7188
1937.47 1937.47 0.0 240312.5781
1951.61 1951.61 0.0 239485.9219
1965.76 1965.76 0.0 238670.1875
1979.9 1979.9 0.0 237866.5156
1994.04 1994.04 0.0 237074.1094
2008.18 2008.18 0.0 236293.0625
2022.33 2022.33 0.0 235522.7188
2036.47 2036.47 0.0 234764.0312
2050.61 2050.61 0.0 234016.2656
2064.75 2064.75 0.0 233279.3906
2078.89 2078.89 0.0 232553.2500
2093.04 2093.04 0.0 231837.1328
2107.18 2107.18 0.0 231131.9922
2121.32 2121.32 0.0 230437.0469
2135.46 2135.46 0.0 229752.2188
2149.6 2149.6 0.0 229077.1875
2163.75 2163.75 0.0 228411.4141
2177.89 2177.89 0.0 227755.6641
2192.03 2192.03 0.0 227109.1250
2206.17 2206.17 0.0 226471.6406
2220.32 2220.32 0.0 225842.6016
2234.46 2234.46 0.0 225222.6641
2248.6 2248.6 0.0 224611.1094
2262.74 2262.74 0.0 224007.7500
2276.88 2276.88 0.0 223412.3984
2291.03 2291.03 0.0 222824.3281
2305.17 2305.17 0.0 222244.1953
2319.31 2319.31 0.0 221671.3203
2333.45 2333.45 0.0 221105.4766
2347.59 2347.59 0.0 220546.4609
2361.74 2361.74 0.0 219993.6250
2375.88 2375.88 0.0 219447.5000
2390.02 2390.02 0.0 218907.4688
2404.16 2404.16 0.0 218373.3594
2418.31 2418.31 0.0 217844.4688
2432.45 2432.45 0.0 217321.3516
2446.59 2446.59 0.0 216803.4219
2460.73 2460.73 0.0 216290.4609
2474.87 2474.87 0.0 215782.1875
2489.02 2489.02 0.0 215278.0781
2503.16 2503.16 0.0 214778.6094
2517.3 2517.3 0.0 214283.2188
2531.44 2531.44 0.0 213791.6406
2545.58 2545.58 0.0 213303.6797
2559.73 2559.73 0.0 212818.7969
2573.87 2573.87 0.0 212337.4609
2588.01 2588.01 0.0 211859.1094
2602.15 2602.15 0.0 211383.5234
2616.3 2616.3 0.0 210910.2266
2630.44 2630.44 0.0 210439.6172
2644.58 2644.58 0.0 209971.2031
2658.72 2658.72 0.0 209504.7891
2672.86 2672.86 0.0 209040.1797
2687.01 2687.01 0.0 208576.8594
2701.15 2701.15 0.0 208115.3438
2715.29 2715.29 0.0 207655.0000
2729.43 2729.43 0.0 207195.7734
2743.57 2743.57 0.0 206737.4297
2757.72 2757.72 0.0 206279.5312
2771.86 2771.86 0.0 205822.4922
2786.0 2786.0 0.0 205365.8281
2800.14 2800.14 0.0 204909.4141
2814.28 2814.28 0.0 204453.0859
2828.43 2828.43 0.0 203996.3750
2842.57 2842.57 0.0 203539.7656
2856.71 2856.71 0.0 203082.8281
2870.85 2870.85 0.0 202625.4062
2885.0 2885.0 0.0 202167.0234
2899.14 2899.14 0.0 201708.2266
2913.28 2913.28 0.0 201248.6172
2927.42 2927.42 0.0 200788.0781
2941.56 2941.56 0.0 200326.4219
2955.71 2955.71 0.0 199863.3906
2969.85 2969.85 0.0 199399.4531
2983.99 2983.99 0.0 198934.2734
2998.13 2998.13 0.0 198467.7500
3012.27 3012.27 0.0 197999.9453
3026.42 3026.42 0.0 197530.4766
3040.56 3040.56 0.0 197059.9453
3054.7 3054.7 0.0 196588.1953
3068.84 3068.84 0.0 196115.1641
3082.99 3082.99 0.0 195640.6875
3097.13 3097.13 0.0 195165.4844
3111.27 3111.27 0.0 194689.4297
3125.41 3125.41 0.0 194212.6719
3139.55 3139.55 0.0 193735.5156
3153.7 3153.7 0.0 193257.8125
3167.84 3167.84 0.0 192780.6406
3181.98 3181.98 0.0 192304.0547
3196.12 3196.12 0.0 191828.4766
3210.26 3210.26 0.0 191354.4688
3224.41 3224.41 0.0 190882.1875
3238.55 3238.55 0.0 190413.0156
3252.69 3252.69 0.0 189947.3359
3266.83 3266.83 0.0 189485.8984
3280.98 3280.98 0.0 189029.2031
3295.12 3295.12 0.0 188578.8281
3309.26 3309.26 0.0 188135.3047
3323.4 3323.4 0.0 187699.6094
3337.54 3337.54 0.0 187272.5781
3351.69 3351.69 0.0 186854.7500
3365.83 3365.83 0.0 186447.3438
3379.97 3379.97 0.0 186050.5234
3394.11 3394.11 0.0 185664.3984
3408.25 3408.25 0.0 185288.5703
3422.4 3422.4 0.0 184921.9062
3436.54 3436.54 0.0 184563.1875
3450.68 3450.68 0.0 184209.4375
3464.82 3464.82 0.0 183856.8672
3478.97 3478.97 0.0 183500.0234
3493.11 3493.11 0.0 183132.7656
3507.25 3507.25 0.0 182746.5938
3521.39 3521.39 0.0 182331.6953
3535.53 3535.53 0.0 181876.8828
3549.68 3549.68 0.0 181369.4297
3563.82 3563.82 0.0 180797.2969
3577.96 3577.96 0.0 180147.5781
3592.1 3592.1 0.0 179408.8438
3606.24 3606.24 0.0 178571.7500
3620.39 3620.39 0.0 177629.4844
3634.53 3634.53 0.0 176581.1719
3648.67 3648.67 0.0 175428.3516
3662.81 3662.81 0.0 174177.8750
3676.96 3676.96 0.0 172839.8672
3691.1 3691.1 0.0 171430.8828
3705.24 3705.24 0.0 169967.2656
3719.38 3719.38 0.0 168467.7266
3733.52 3733.52 0.0 166951.2656
3747.67 3747.67 0.0 165435.1367
3761.81 3761.81 0.0 163938.2500
3775.95 3775.95 0.0 162474.1875
3790.09 3790.09 0.0 161055.2148
3804.23 3804.23 0.0 159690.9727
3818.38 3818.38 0.0 158388.0586
3832.52 3832.52 0.0 157153.3320
3846.66 3846.66 0.0 155988.9766
3860.8 3860.8 0.0 154896.5625
3874.95 3874.95 0.0 153875.4336
3889.09 3889.09 0.0 152926.0977
3903.23 3903.23 0.0 152046.0078
3917.37 3917.37 0.0 151232.6250
3931.51 3931.51 0.0 150483.1406
3945.66 3945.66 0.0 149793.7344
3959.8 3959.8 0.0 149162.0078
3973.94 3973.94 0.0 148583.8203
3988.08 3988.08 0.0 148055.6016
4002.22 4002.22 0.0 147573.7656
4016.37 4016.37 0.0 147134.4414
4030.51 4030.51 0.0 146734.7812
4044.65 4044.65 0.0 146371.1562
4058.79 4058.79 0.0 146040.3281
4072.94 4072.94 0.0 145739.0117
4087.08 4087.08 0.0 145464.6914
4101.22 4101.22 0.0 145214.3438
4115.36 4115.36 0.0 144985.3906
4129.5 4129.5 0.0 144775.3516
4143.65 4143.65 0.0 144581.7852
4157.79 4157.79 0.0 144402.8516
4171.93 4171.93 0.0 144236.4180
4186.07 4186.07 0.0 144080.6680
4200.21 4200.21 0.0 143933.9102
4214.36 4214.36 0.0 143794.5312
4228.5 4228.5 0.0 143661.3516
4242.64 4242.64 0.0 143533.0273
