0.0 0.0 0.0 211131.4688
14.1421 14.1421 0.0 206347.2266
28.2843 28.2843 0.0 204976.0469
42.4264 42.4264 0.0 204700.5156
56.5685 56.5685 0.0 204619.6953
70.7107 70.7107 0.0 204584.8594
84.8528 84.8528 0.0 204556.7734
98.9949 98.9949 0.0 204522.7734
113.137 113.137 0.0 204478.5938
127.279 127.279 0.0 204422.9297
141.421 141.421 0.0 204355.6172
155.563 155.563 0.0 204277.1016
169.706 169.706 0.0 204187.9141
183.848 183.848 0.0 204088.6875
197.99 197.99 0.0 203980.0703
212.132 212.132 0.0 203862.6016
226.274 226.274 0.0 203736.9297
240.416 240.416 0.0 203603.5625
254.558 254.558 0.0 203463.0625
268.701 268.701 0.0 203315.7969
282.843 282.843 0.0 203162.3359
296.985 296.985 0.0 203003.1016
311.127 311.127 0.0 202838.3984
325.269 325.269 0.0 202668.6875
339.411 339.411 0.0 202494.2891
353.553 353.553 0.0 202315.5469
367.696 367.696 0.0 202132.8047
381.838 381.838 0.0 201946.4062
395.98 395.98 0.0 201756.5625
410.122 410.122 0.0 201563.5547
424.264 424.264 0.0 201367.6172
438.406 438.406 0.0 201169.1094
452.548 452.548 0.0 200968.1797
466.69 466.69 0.0 200765.0078
480.833 480.833 0.0 200559.8672
494.975 494.975 0.0 200352.9219
509.117 509.117 0.0 200144.3984
523.259 523.259 0.0 199934.4219
537.401 537.401 0.0 199723.2109
551.543 551.543 0.0 199510.8516
565.685 565.685 0.0 199297.5391
579.828 579.828 0.0 199083.3516
593.97 593.97 0.0 198868.5312
608.112 608.112 0.0 198653.0781
622.254 622.254 0.0 198437.1172
636.396 636.396 0.0 198220.7969
650.538 650.538 0.0 198004.2031
664.68 664.68 0.0 197787.4062
678.823 678.823 0.0 197570.4141
692.965 692.965 0.0 197353.4531
707.107 707.107 0.0 197136.4766
721.249 721.249 0.0 196919.5859
735.391 735.391 0.0 196702.8438
749.533 749.533 0.0 196486.2734
763.675 763.675 0.0 196269.8750
777.817 777.817 0.0 196053.7656
791.96 791.96 0.0 195837.9141
806.102 806.102 0.0 195622.3594
820.244 820.244 0.0 195407.1953
834.386 834.386 0.0 195192.3594
848.528 848.528 0.0 194977.8672
862.67 862.67 0.0 194763.7109
876.812 876.812 0.0 194549.9844
890.955 890.955 0.0 194336.6016
905.097 905.097 0.0 194123.6016
919.239 919.239 0.0 193910.9688
933.381 933.381 0.0 193698.7500
947.523 947.523 0.0 193486.8281
961.665 961.665 0.0 193275.2969
975.807 975.807 0.0 193064.0312
989.949 989.949 0.0 192853.0781
1004.09 1004.09 0.0 192642.4219
1018.23 1018.23 0.0 192432.0859
1032.38 1032.38 0.0 192221.8281
1046.52 1046.52 0.0 192011.9219
1060.66 1060.66 0.0 191802.1875
1074.8 1074.8 0.0 191592.6484
1088.94 1088.94 0.0 191383.2266
1103.09 1103.09 0.0 191173.7188
1117.23 1117.23 0.0 190964.4688
1131.37 1131.37 0.0 190755.2031
1145.51 1145.51 0.0 190545.9531
1159.66 1159.66 0.0 190336.5391
1173.8 1173.8 0.0 190127.1875
1187.94 1187.94 0.0 189917.7266
1202.08 1202.08 0.0 189708.1719
1216.22 1216.22 0.0 189498.3359
1230.37 1230.37 0.0 189288.1797
1244.51 1244.51 0.0 189077.9141
1258.65 1258.65 0.0 188867.4062
1272.79 1272.79 0.0 188656.5547
1286.93 1286.93 0.0 188445.3281
1301.08 1301.08 0.0 188233.5859
1315.22 1315.22 0.0 188021.5469
1329.36 1329.36 0.0 187809.1094
1343.5 1343.5 0.0 187596.1484
1357.65 1357.65 0.0 187382.5938
1371.79 1371.79 0.0 187168.6719
1385.93 1385.93 0.0 186954.1719
1400.07 1400.07 0.0 186739.1719
1414.21 1414.21 0.0 186523.5781
1428.36 1428.36 0.0 186307.3047
1442.5 1442.5 0.0 186090.6172
1456.64 1456.64 0.0 185873.3672
1470.78 1470.78 0.0 185655.6016
1484.92 1484.92 0.0 185437.2578
1499.07 1499.07 0.0 185218.2656
1513.21 1513.21 0.0 184998.9609
1527.35 1527.35 0.0 184779.1797
1541.49 1541.49 0.0 184558.9766
1555.63 1555.63 0.0 184338.3906
1569.78 1569.78 0.0 184117.3203
1583.92 1583.92 0.0 183896.0781
1598.06 1598.06 0.0 183674.6719
1612.2 1612.2 0.0 183452.9922
1626.35 1626.35 0.0 183231.0078
1640.49 1640.49 0.0 183009.1172
1654.63 1654.63 0.0 182787.2188
1668.77 1668.77 0.0 182565.3281
1682.91 1682.91 0.0 182343.5156
1697.06 1697.06 0.0 182121.6719
1711.2 1711.2 0.0 181900.1719
1725.34 1725.34 0.0 181678.8672
1739.48 1739.48 0.0 181457.8672
1753.62 1753.62 0.0 181237.1875
1767.77 1767.77 0.0 181016.6719
1781.91 1781.91 0.0 180796.7031
1796.05 1796.05 0.0 180577.1328
1810.19 1810.19 0.0 180358.0078
1824.34 1824.34 0.0 180139.1875
1838.48 1838.48 0.0 179920.9922
1852.62 1852.62 0.0 179703.2734
1866.76 1866.76 0.0 179486.0469
1880.9 1880.9 0.0 179269.3125
1895.05 1895.05 0.0 179052.9844
1909.19 1909.19 0.0 178837.2812
1923.33 1923.33 0.0 178622.0625
1937.47 1937.47 0.0 178407.4141
1951.61 1951.61 0.0 178193.1875
1965.76 1965.76 0.0 177979.3438
1979.9 1979.9 0.0 177766.1562
1994.04 1994.04 0.0 177553.3906
2008.18 2008.18 0.0 177341.1094
2022.33 2022.33 0.0 177129.1641
2036.47 2036.47 0.0 176917.8047
2050.61 2050.61 0.0 176706.8906
2064.75 2064.75 0.0 176496.4062
2078.89 2078.89 0.0 176286.3281
2093.04 2093.04 0.0 176076.4922
2107.18 2107.18 0.0 175867.2656
2121.32 2121.32 0.0 175658.3672
2135.46 2135.46 0.0 175449.9062
2149.6 2149.6 0.0 175241.7969
2163.75 2163.75 0.0 175033.9219
2177.89 2177.89 0.0 174826.5547
2192.03 2192.03 0.0 174619.5078
2206.17 2206.17 0.0 174412.8047
2220.32 2220.32 0.0 174206.3281
2234.46 2234.46 0.0 174000.2656
2248.6 2248.6 0.0 173794.5859
2262.74 2262.74 0.0 173589.1797
2276.88 2276.88 0.0 173384.1172
2291.03 2291.03 0.0 173179.1641
2305.17 2305.17 0.0 172974.7266
2319.31 2319.31 0.0 172770.5625
2333.45 2333.45 0.0 172566.6953
2347.59 2347.59 0.0 172363.1016
2361.74 2361.74 0.0 172159.6953
2375.88 2375.88 0.0 171956.7109
2390.02 2390.02 0.0 171754.0234
2404.16 2404.16 0.0 171551.6250
2418.31 2418.31 0.0 171349.3906
2432.45 2432.45 0.0 171147.6094
2446.59 2446.59 0.0 170946.1172
2460.73 2460.73 0.0 170744.9531
2474.87 2474.87 0.0 170544.0938
2489.02 2489.02 0.0 170343.3906
2503.16 2503.16 0.0 170143.2031
2517.3 2517.3 0.0 169943.3281
2531.44 2531.44 0.0 169743.7891
2545.58 2545.58 0.0 169544.6172
2559.73 2559.73 0.0 169345.6484
2573.87 2573.87 0.0 169147.2109
2588.01 2588.01 0.0 168949.1484
2602.15 2602.15 0.0 168751.4844
2616.3 2616.3 0.0 168554.1094
2630.44 2630.44 0.0 168357.2344
2644.58 2644.58 0.0 168160.8281
2658.72 2658.72 0.0 167964.8828
2672.86 2672.86 0.0 167769.3438
2687.01 2687.01 0.0 167574.1484
2701.15 2701.15 0.0 167379.5781
2715.29 2715.29 0.0 167185.5000
2729.43 2729.43 0.0 166991.9141
2743.57 2743.57 0.0 166798.8477
2757.72 2757.72 0.0 166606.1992
2771.86 2771.86 0.0 166414.1875
2786.0 2786.0 0.0 166222.7539
2800.14 2800.14 0.0 166031.8906
2814.28 2814.28 0.0 165841.5977
2828.43 2828.43 0.0 165651.7695
2842.57 2842.57 0.0 165462.6523
2856.71 2856.71 0.0 165274.1602
2870.85 2870.85 0.0 165086.2930
2885.0 2885.0 0.0 164898.9414
2899.14 2899.14 0.0 164712.3633
2913.28 2913.28 0.0 164526.4062
2927.42 2927.42 0.0 164341.1250
2941.56 2941.56 0.0 164156.5000
2955.71 2955.71 0.0 163972.4688
2969.85 2969.85 0.0 163789.2227
2983.99 2983.99 0.0 163606.6758
2998.13 2998.13 0.0 163424.8203
3012.27 3012.27 0.0 163243.6836
3026.42 3026.42 0.0 163063.1328
3040.56 3040.56 0.0 162883.4297
3054.7 3054.7 0.0 162704.4453
3068.84 3068.84 0.0 162526.1953
3082.99 3082.99 0.0 162348.5547
3097.13 3097.13 0.0 162171.7891
3111.27 3111.27 0.0 161995.7422
3125.41 3125.41 0.0 161820.4336
3139.55 3139.55 0.0 161645.8867
3153.7 3153.7 0.0 161471.9688
3167.84 3167.84 0.0 161298.9102
3181.98 3181.98 0.0 161126.5859
3196.12 3196.12 0.0 160955.0195
3210.26 3210.26 0.0 160784.2188
3224.41 3224.41 0.0 160614.0234
3238.55 3238.55 0.0 160444.7070
3252.69 3252.69 0.0 160276.1250
3266.83 3266.83 0.0 160108.3008
3280.98 3280.98 0.0 159941.0742
3295.12 3295.12 0.0 159774.7344
3309.26 3309.26 0.0 159609.1172
3323.4 3323.4 0.0 159444.2266
3337.54 3337.54 0.0 159280.0469
3351.69 3351.69 0.0 159116.4883
3365.83 3365.83 0.0 158953.7656
3379.97 3379.97 0.0 158791.7109
3394.11 3394.11 0.0 158630.4102
3408.25 3408.25 0.0 158469.7891
3422.4 3422.4 0.0 158309.7461
3436.54 3436.54 0.0 158150.4922
3450.68 3450.68 0.0 157991.9141
3464.82 3464.82 0.0 157834.0273
3478.97 3478.97 0.0 157676.6641
3493.11 3493.11 0.0 157520.0664
3507.25 3507.25 0.0 157364.1133
3521.39 3521.39 0.0 157208.7969
3535.53 3535.53 0.0 157054.0977
3549.68 3549.68 0.0 156899.9219
3563.82 3563.82 0.0 156746.4180
3577.96 3577.96 0.0 156593.5469
3592.1 3592.1 0.0 156441.2344
3606.24 3606.24 0.0 156289.5000
3620.39 3620.39 0.0 156138.2266
3634.53 3634.53 0.0 155987.6172
3648.67 3648.67 0.0 155837.5156
3662.81 3662.81 0.0 155687.9531
3676.96 3676.96 0.0 155538.8125
3691.1 3691.1 0.0 155390.2500
3705.24 3705.24 0.0 155242.2031
3719.38 3719.38 0.0 155094.6172
3733.52 3733.52 0.0 154947.5000
3747.67 3747.67 0.0 154800.7266
3761.81 3761.81 0.0 154654.4883
3775.95 3775.95 0.0 154508.6797
3790.09 3790.09 0.0 154363.2812
3804.23 3804.23 0.0 154218.2695
3818.38 3818.38 0.0 154073.5508
3832.52 3832.52 0.0 153929.3008
3846.66 3846.66 0.0 153785.3906
3860.8 3860.8 0.0 153641.8164
3874.95 3874.95 0.0 153498.5117
3889.09 3889.09 0.0 153355.5859
3903.23 3903.23 0.0 153212.9648
3917.37 3917.37 0.0 153070.6328
3931.51 3931.51 0.0 152928.5547
3945.66 3945.66 0.0 152786.6484
3959.8 3959.8 0.0 152645.0859
3973.94 3973.94 0.0 152503.7422
3988.08 3988.08 0.0 152362.6211
4002.22 4002.22 0.0 152221.7109
4016.37 4016.37 0.0 152080.8633
4030.51 4030.51 0.0 151940.3008
4044.65 4044.65 0.0 151799.8945
4058.79 4058.79 0.0 151659.6211
4072.94 4072.94 0.0 151519.3828
4087.08 4087.08 0.0 151379.3789
4101.22 4101.22 0.0 151239.4844
4115.36 4115.36 0.0 151099.6797
4129.5 4129.5 0.0 150959.9336
4143.65 4143.65 0.0 150820.1641
4157.79 4157.79 0.0 150680.5586
4171.93 4171.93 0.0 150541.0000
4186.07 4186.07 0.0 150401.4688
4200.21 4200.21 0.0 150261.9492
4214.36 4214.36 0.0 150122.3477
4228.5 4228.5 0.0 149982.8555
4242.64 4242.64 0.0 149843.3320
