0.0 0.0 0.0 1505436.3750
14.1421 14.1421 0.0 937035.1250
28.2843 28.2843 0.0 804356.6875
42.4264 42.4264 0.0 634169.1875
56.5685 56.5685 0.0 480117.9688
70.7107 70.7107 0.0 370650.1562
84.8528 84.8528 0.0 299353.1875
98.9949 98.9949 0.0 252909.4688
113.137 113.137 0.0 221489.6484
127.279 127.279 0.0 199247.4453
141.421 141.421 0.0 182867.5469
155.563 155.563 0.0 170416.8906
169.706 169.706 0.0 160707.5625
183.848 183.848 0.0 152978.2969
197.99 197.99 0.0 146721.0234
212.132 212.132 0.0 141587.4961
226.274 226.274 0.0 137330.9062
240.416 240.416 0.0 133770.4570
254.558 254.558 0.0 130769.0449
268.701 268.701 0.0 128219.3633
282.843 282.843 0.0 126035.3359
296.985 296.985 0.0 124145.3906
311.127 311.127 0.0 122489.6953
325.269 325.269 0.0 121018.1738
339.411 339.411 0.0 119690.2266
353.553 353.553 0.0 118475.1934
367.696 367.696 0.0 117352.5830
381.838 381.838 0.0 116311.7705
395.98 395.98 0.0 115349.2246
410.122 410.122 0.0 114465.5088
424.264 424.264 0.0 113661.8896
438.406 438.406 0.0 112938.0967
452.548 452.548 0.0 112291.3896
466.69 466.69 0.0 111716.7520
480.833 480.833 0.0 111207.5010
494.975 494.975 0.0 110756.2295
509.117 509.117 0.0 110355.1035
523.259 523.259 0.0 109996.4326
537.401 537.401 0.0 109672.9229
551.543 551.543 0.0 109377.7637
565.685 565.685 0.0 109104.8379
579.828 579.828 0.0 108848.8008
593.97 593.97 0.0 108605.2607
608.112 608.112 0.0 108370.7744
622.254 622.254 0.0 108142.9468
636.396 636.396 0.0 107920.3608
650.538 650.538 0.0 107702.4170
664.68 664.68 0.0 107489.1680
678.823 678.823 0.0 107281.0659
692.965 692.965 0.0 107078.7949
707.107 707.107 0.0 106883.0229
721.249 721.249 0.0 106694.3403
735.391 735.391 0.0 106513.1724
749.533 749.533 0.0 106339.7397
763.675 763.675 0.0 106174.1157
777.817 777.817 0.0 106016.2163
791.96 791.96 0.0 105865.8506
806.102 806.102 0.0 105722.7739
820.244 820.244 0.0 105586.6904
834.386 834.386 0.0 105457.2988
848.528 848.528 0.0 105334.2944
862.67 862.67 0.0 105217.4038
876.812 876.812 0.0 105106.3794
890.955 890.955 0.0 105000.9927
905.097 905.097 0.0 104901.0576
919.239 919.239 0.0 104806.4026
933.381 933.381 0.0 104716.8745
947.523 947.523 0.0 104632.3394
961.665 961.665 0.0 104552.6726
975.807 975.807 0.0 104477.7510
989.949 989.949 0.0 104407.4529
1004.09 1004.09 0.0 104341.6570
1018.23 1018.23 0.0 104280.2324
1032.38 1032.38 0.0 104222.9846
1046.52 1046.52 0.0 104169.8406
1060.66 1060.66 0.0 104120.5845
1074.8 1074.8 0.0 104075.0361
1088.94 1088.94 0.0 104032.9951
1103.09 1103.09 0.0 103994.2278
1117.23 1117.23 0.0 103958.5750
1131.37 1131.37 0.0 103925.7729
1145.51 1145.51 0.0 103895.5940
1159.66 1159.66 0.0 103867.7886
1173.8 1173.8 0.0 103842.1592
1187.94 1187.94 0.0 103818.4575
1202.08 1202.08 0.0 103796.4619
1216.22 1216.22 0.0 103775.9551
1230.37 1230.37 0.0 103756.7219
1244.51 1244.51 0.0 103738.5979
1258.65 1258.65 0.0 103721.3938
1272.79 1272.79 0.0 103704.9492
1286.93 1286.93 0.0 103689.1184
1301.08 1301.08 0.0 103673.7661
1315.22 1315.22 0.0 103658.8015
1329.36 1329.36 0.0 103644.1174
1343.5 1343.5 0.0 103629.6389
1357.65 1357.65 0.0 103615.2881
1371.79 1371.79 0.0 103601.0381
1385.93 1385.93 0.0 103586.8442
1400.07 1400.07 0.0 103572.6748
1414.21 1414.21 0.0 103558.5256
1428.36 1428.36 0.0 103544.3726
1442.5 1442.5 0.0 103530.2422
1456.64 1456.64 0.0 103516.1345
1470.78 1470.78 0.0 103502.0640
1484.92 1484.92 0.0 103488.0542
1499.07 1499.07 0.0 103474.1128
1513.21 1513.21 0.0 103460.2869
1527.35 1527.35 0.0 103446.5928
1541.49 1541.49 0.0 103433.0579
1555.63 1555.63 0.0 103419.7083
1569.78 1569.78 0.0 103406.5588
1583.92 1583.92 0.0 103393.6536
1598.06 1598.06 0.0 103381.0073
1612.2 1612.2 0.0 103368.6379
1626.35 1626.35 0.0 103356.5519
1640.49 1640.49 0.0 103344.7786
1654.63 1654.63 0.0 103333.3224
1668.77 1668.77 0.0 103322.1908
1682.91 1682.91 0.0 103311.3849
1697.06 1697.06 0.0 103300.9036
1711.2 1711.2 0.0 103290.7510
1725.34 1725.34 0.0 103280.9197
1739.48 1739.48 0.0 103271.3990
1753.62 1753.62 0.0 103262.1823
1767.77 1767.77 0.0 103253.2478
1781.91 1781.91 0.0 103244.5941
1796.05 1796.05 0.0 103236.2023
1810.19 1810.19 0.0 103228.0527
1824.34 1824.34 0.0 103220.1232
1838.48 1838.48 0.0 103212.4108
1852.62 1852.62 0.0 103204.8875
1866.76 1866.76 0.0 103197.5386
1880.9 1880.9 0.0 103190.3462
1895.05 1895.05 0.0 103183.2905
1909.19 1909.19 0.0 103176.3647
1923.33 1923.33 0.0 103169.5498
1937.47 1937.47 0.0 103162.8326
1951.61 1951.61 0.0 103156.1975
1965.76 1965.76 0.0 103149.6342
1979.9 1979.9 0.0 103143.1393
1994.04 1994.04 0.0 103136.6995
2008.18 2008.18 0.0 103130.3066
2022.33 2022.33 0.0 103123.9507
2036.47 2036.47 0.0 103117.6378
2050.61 2050.61 0.0 103111.3553
2064.75 2064.75 0.0 103105.1019
2078.89 2078.89 0.0 103098.8735
2093.04 2093.04 0.0 103092.6663
2107.18 2107.18 0.0 103086.4866
2121.32 2121.32 0.0 103080.3324
2135.46 2135.46 0.0 103074.1949
2149.6 2149.6 0.0 103068.0830
2163.75 2163.75 0.0 103061.9874
2177.89 2177.89 0.0 103055.9221
2192.03 2192.03 0.0 103049.8781
2206.17 2206.17 0.0 103043.8617
2220.32 2220.32 0.0 103037.8647
2234.46 2234.46 0.0 103031.9015
2248.6 2248.6 0.0 103025.9647
2262.74 2262.74 0.0 103020.0576
2276.88 2276.88 0.0 103014.1772
2291.03 2291.03 0.0 103008.3262
2305.17 2305.17 0.0 103002.5089
2319.31 2319.31 0.0 102996.7213
2333.45 2333.45 0.0 102990.9664
2347.59 2347.59 0.0 102985.2439
2361.74 2361.74 0.0 102979.5490
2375.88 2375.88 0.0 102973.8892
2390.02 2390.02 0.0 102968.2629
2404.16 2404.16 0.0 102962.6714
2418.31 2418.31 0.0 102957.1051
2432.45 2432.45 0.0 102951.5740
2446.59 2446.59 0.0 102946.0754
2460.73 2460.73 0.0 102940.6079
2474.87 2474.87 0.0 102935.1710
2489.02 2489.02 0.0 102929.7593
2503.16 2503.16 0.0 102924.3839
2517.3 2517.3 0.0 102919.0374
2531.44 2531.44 0.0 102913.7177
2545.58 2545.58 0.0 102908.4248
2559.73 2559.73 0.0 102903.1615
2573.87 2573.87 0.0 102897.9231
2588.01 2588.01 0.0 102892.7158
2602.15 2602.15 0.0 102887.5330
2616.3 2616.3 0.0 102882.3711
2630.44 2630.44 0.0 102877.2416
2644.58 2644.58 0.0 102872.1321
2658.72 2658.72 0.0 102867.0526
2672.86 2672.86 0.0 102861.9934
2687.01 2687.01 0.0 102856.9543
2701.15 2701.15 0.0 102851.9435
2715.29 2715.29 0.0 102846.9548
2729.43 2729.43 0.0 102841.9891
2743.57 2743.57 0.0 102837.0460
2757.72 2757.72 0.0 102832.1195
2771.86 2771.86 0.0 102827.2200
2786.0 2786.0 0.0 102822.3400
2800.14 2800.14 0.0 102817.4834
2814.28 2814.28 0.0 102812.6462
2828.43 2828.43 0.0 102807.8269
2842.57 2842.57 0.0 102803.0316
2856.71 2856.71 0.0 102798.2573
2870.85 2870.85 0.0 102793.5028
2885.0 2885.0 0.0 102788.7649
2899.14 2899.14 0.0 102784.0507
2913.28 2913.28 0.0 102779.3558
2927.42 2927.42 0.0 102774.6808
2941.56 2941.56 0.0 102770.0249
2955.71 2955.71 0.0 102765.3862
2969.85 2969.85 0.0 102760.7704
2983.99 2983.99 0.0 102756.1693
2998.13 2998.13 0.0 102751.5920
3012.27 3012.27 0.0 102747.0326
3026.42 3026.42 0.0 102742.4878
3040.56 3040.56 0.0 102737.9675
3054.7 3054.7 0.0 102733.4631
3068.84 3068.84 0.0 102728.9763
3082.99 3082.99 0.0 102724.5085
3097.13 3097.13 0.0 102720.0582
3111.27 3111.27 0.0 102715.6273
3125.41 3125.41 0.0 102711.2146
3139.55 3139.55 0.0 102706.8184
3153.7 3153.7 0.0 102702.4401
3167.84 3167.84 0.0 102698.0803
3181.98 3181.98 0.0 102693.7382
3196.12 3196.12 0.0 102689.4130
3210.26 3210.26 0.0 102685.1066
3224.41 3224.41 0.0 102680.8151
3238.55 3238.55 0.0 102676.5410
3252.69 3252.69 0.0 102672.2855
3266.83 3266.83 0.0 102668.0465
3280.98 3280.98 0.0 102663.8230
3295.12 3295.12 0.0 102659.6189
3309.26 3309.26 0.0 102655.4301
3323.4 3323.4 0.0 102651.2581
3337.54 3337.54 0.0 102647.1041
3351.69 3351.69 0.0 102642.9640
3365.83 3365.83 0.0 102638.8429
3379.97 3379.97 0.0 102634.7391
3394.11 3394.11 0.0 102630.6500
3408.25 3408.25 0.0 102626.5786
3422.4 3422.4 0.0 102622.5211
3436.54 3436.54 0.0 102618.4830
3450.68 3450.68 0.0 102614.4608
3464.82 3464.82 0.0 102610.4545
3478.97 3478.97 0.0 102606.4625
3493.11 3493.11 0.0 102602.4891
3507.25 3507.25 0.0 102598.5315
3521.39 3521.39 0.0 102594.5922
3535.53 3535.53 0.0 102590.6676
3549.68 3549.68 0.0 102586.7574
3563.82 3563.82 0.0 102582.8673
3577.96 3577.96 0.0 102578.9926
3592.1 3592.1 0.0 102575.1340
3606.24 3606.24 0.0 102571.2909
3620.39 3620.39 0.0 102567.4625
3634.53 3634.53 0.0 102563.6523
3648.67 3648.67 0.0 102559.8593
3662.81 3662.81 0.0 102556.0835
3676.96 3676.96 0.0 102552.3210
3691.1 3691.1 0.0 102548.5771
3705.24 3705.24 0.0 102544.8505
3719.38 3719.38 0.0 102541.1393
3733.52 3733.52 0.0 102537.4451
3747.67 3747.67 0.0 102533.7638
3761.81 3761.81 0.0 102530.1029
3775.95 3775.95 0.0 102526.4576
3790.09 3790.09 0.0 102522.8274
3804.23 3804.23 0.0 102519.2167
3818.38 3818.38 0.0 102515.6179
3832.52 3832.52 0.0 102512.0386
3846.66 3846.66 0.0 102508.4745
3860.8 3860.8 0.0 102504.9293
3874.95 3874.95 0.0 102501.3950
3889.09 3889.09 0.0 102497.8800
3903.23 3903.23 0.0 102494.3842
3917.37 3917.37 0.0 102490.9008
3931.51 3931.51 0.0 102487.4349
3945.66 3945.66 0.0 102483.9828
3959.8 3959.8 0.0 102480.5513
3973.94 3973.94 0.0 102477.1322
3988.08 3988.08 0.0 102473.7312
4002.22 4002.22 0.0 102470.3450
4016.37 4016.37 0.0 102466.9734
4030.51 4030.51 0.0 102463.6194
4044.65 4044.65 0.0 102460.2816
4058.79 4058.79 0.0 102456.9597
4072.94 4072.94 0.0 102453.6495
4087.08 4087.08 0.0 102450.3583
4101.22 4101.22 0.0 102447.0829
4115.36 4115.36 0.0 102443.8230
4129.5 4129.5 0.0 102440.5779
4143.65 4143.65 0.0 102437.3453
4157.79 4157.79 0.0 102434.1312
4171.93 4171.93 0.0 102430.9316
4186.07 4186.07 0.0 102427.7469
4200.21 4200.21 0.0 102424.5782
4214.36 4214.36 0.0 102421.4202
4228.5 4228.5 0.0 102418.2787
4242.64 4242.64 0.0 102415.1528
