0.0 0.0 0.0 209608.4062
14.1421 14.1421 0.0 193824.6719
28.2843 28.2843 0.0 190143.1953
42.4264 42.4264 0.0 186448.5391
56.5685 56.5685 0.0 182941.8047
70.7107 70.7107 0.0 179436.1172
84.8528 84.8528 0.0 175754.3594
98.9949 98.9949 0.0 171894.3203
113.137 113.137 0.0 167979.3984
127.279 127.279 0.0 164152.0898
141.421 141.421 0.0 160511.8594
155.563 155.563 0.0 157105.6602
169.706 169.706 0.0 153942.0391
183.848 183.848 0.0 151009.8359
197.99 197.99 0.0 148289.3594
212.132 212.132 0.0 145760.1992
226.274 226.274 0.0 143403.9453
240.416 240.416 0.0 141204.9375
254.558 254.558 0.0 139150.1328
268.701 268.701 0.0 137228.3516
282.843 282.843 0.0 135430.4609
296.985 296.985 0.0 133747.9004
311.127 311.127 0.0 132173.0547
325.269 325.269 0.0 130698.8516
339.411 339.411 0.0 129318.6504
353.553 353.553 0.0 128026.1758
367.696 367.696 0.0 126815.3047
381.838 381.838 0.0 125680.4512
395.98 395.98 0.0 124615.9844
410.122 410.122 0.0 123616.6133
424.264 424.264 0.0 122677.2383
438.406 438.406 0.0 121792.9609
452.548 452.548 0.0 120959.0996
466.69 466.69 0.0 120171.1406
480.833 480.833 0.0 119424.7207
494.975 494.975 0.0 118715.8066
509.117 509.117 0.0 118040.4629
523.259 523.259 0.0 117394.9375
537.401 537.401 0.0 116775.8428
551.543 551.543 0.0 116180.0078
565.685 565.685 0.0 115604.5732
579.828 579.828 0.0 115047.0381
593.97 593.97 0.0 114505.4766
608.112 608.112 0.0 113978.2275
622.254 622.254 0.0 113464.1953
636.396 636.396 0.0 112962.8047
650.538 650.538 0.0 112473.9326
664.68 664.68 0.0 111997.8809
678.823 678.823 0.0 111535.3037
692.965 692.965 0.0 111087.2227
707.107 707.107 0.0 110654.7285
721.249 721.249 0.0 110239.0195
735.391 735.391 0.0 109841.2383
749.533 749.533 0.0 109462.4253
763.675 763.675 0.0 109103.3857
777.817 777.817 0.0 108764.7080
791.96 791.96 0.0 108446.6938
806.102 806.102 0.0 108149.4551
820.244 820.244 0.0 107872.7837
834.386 834.386 0.0 107616.2466
848.528 848.528 0.0 107379.2607
862.67 862.67 0.0 107161.0654
876.812 876.812 0.0 106960.7842
890.955 890.955 0.0 106777.4365
905.097 905.097 0.0 106610.0293
919.239 919.239 0.0 106457.4897
933.381 933.381 0.0 106318.7510
947.523 947.523 0.0 106192.7520
961.665 961.665 0.0 106078.4497
975.807 975.807 0.0 105974.8120
989.949 989.949 0.0 105880.8525
1004.09 1004.09 0.0 105795.6382
1018.23 1018.23 0.0 105718.2593
1032.38 1032.38 0.0 105647.7866
1046.52 1046.52 0.0 105583.5093
1060.66 1060.66 0.0 105524.6016
1074.8 1074.8 0.0 105470.3330
1088.94 1088.94 0.0 105420.0281
1103.09 1103.09 0.0 105373.0076
1117.23 1117.23 0.0 105328.7502
1131.37 1131.37 0.0 105286.6738
1145.51 1145.51 0.0 105246.2896
1159.66 1159.66 0.0 105207.1069
1173.8 1173.8 0.0 105168.7900
1187.94 1187.94 0.0 105130.9563
1202.08 1202.08 0.0 105093.3074
1216.22 1216.22 0.0 105055.5847
1230.37 1230.37 0.0 105017.5674
1244.51 1244.51 0.0 104979.1487
1258.65 1258.65 0.0 104940.2014
1272.79 1272.79 0.0 104900.6577
1286.93 1286.93 0.0 104860.4868
1301.08 1301.08 0.0 104819.6885
1315.22 1315.22 0.0 104778.3489
1329.36 1329.36 0.0 104736.5132
1343.5 1343.5 0.0 104694.2676
1357.65 1357.65 0.0 104651.6987
1371.79 1371.79 0.0 104608.9675
1385.93 1385.93 0.0 104566.1826
1400.07 1400.07 0.0 104523.4653
1414.21 1414.21 0.0 104480.9346
1428.36 1428.36 0.0 104438.6943
1442.5 1442.5 0.0 104396.9043
1456.64 1456.64 0.0 104355.6499
1470.78 1470.78 0.0 104315.0227
1484.92 1484.92 0.0 104275.1108
1499.07 1499.07 0.0 104235.9607
1513.21 1513.21 0.0 104197.6865
1527.35 1527.35 0.0 104160.3159
1541.49 1541.49 0.0 104123.8931
1555.63 1555.63 0.0 104088.4465
1569.78 1569.78 0.0 104053.9775
1583.92 1583.92 0.0 104020.5486
1598.06 1598.06 0.0 103988.1387
1612.2 1612.2 0.0 103956.7544
1626.35 1626.35 0.0 103926.3662
1640.49 1640.49 0.0 103897.0059
1654.63 1654.63 0.0 103868.6375
1668.77 1668.77 0.0 103841.2400
1682.91 1682.91 0.0 103814.7886
1697.06 1697.06 0.0 103789.2515
1711.2 1711.2 0.0 103764.6260
1725.34 1725.34 0.0 103740.8726
1739.48 1739.48 0.0 103717.9609
1753.62 1753.62 0.0 103695.8545
1767.77 1767.77 0.0 103674.5168
1781.91 1781.91 0.0 103653.9402
1796.05 1796.05 0.0 103634.0813
1810.19 1810.19 0.0 103614.9041
1824.34 1824.34 0.0 103596.3726
1838.48 1838.48 0.0 103578.4751
1852.62 1852.62 0.0 103561.1787
1866.76 1866.76 0.0 103544.4487
1880.9 1880.9 0.0 103528.2556
1895.05 1895.05 0.0 103512.5659
1909.19 1909.19 0.0 103497.3779
1923.33 1923.33 0.0 103482.6548
1937.47 1937.47 0.0 103468.3674
1951.61 1951.61 0.0 103454.5000
1965.76 1965.76 0.0 103441.0166
1979.9 1979.9 0.0 103427.9209
1994.04 1994.04 0.0 103415.1851
2008.18 2008.18 0.0 103402.7825
2022.33 2022.33 0.0 103390.6934
2036.47 2036.47 0.0 103378.9192
2050.61 2050.61 0.0 103367.4360
2064.75 2064.75 0.0 103356.2220
2078.89 2078.89 0.0 103345.2731
2093.04 2093.04 0.0 103334.5626
2107.18 2107.18 0.0 103324.0962
2121.32 2121.32 0.0 103313.8512
2135.46 2135.46 0.0 103303.8215
2149.6 2149.6 0.0 103293.9957
2163.75 2163.75 0.0 103284.3525
2177.89 2177.89 0.0 103274.9062
2192.03 2192.03 0.0 103265.6311
2206.17 2206.17 0.0 103256.5262
2220.32 2220.32 0.0 103247.5729
2234.46 2234.46 0.0 103238.7832
2248.6 2248.6 0.0 103230.1382
2262.74 2262.74 0.0 103221.6305
2276.88 2276.88 0.0 103213.2589
2291.03 2291.03 0.0 103205.0110
2305.17 2305.17 0.0 103196.8972
2319.31 2319.31 0.0 103188.8984
2333.45 2333.45 0.0 103181.0142
2347.59 2347.59 0.0 103173.2389
2361.74 2361.74 0.0 103165.5664
2375.88 2375.88 0.0 103158.0009
2390.02 2390.02 0.0 103150.5323
2404.16 2404.16 0.0 103143.1619
2418.31 2418.31 0.0 103135.8728
2432.45 2432.45 0.0 103128.6819
2446.59 2446.59 0.0 103121.5767
2460.73 2460.73 0.0 103114.5548
2474.87 2474.87 0.0 103107.6132
2489.02 2489.02 0.0 103100.7449
2503.16 2503.16 0.0 103093.9578
2517.3 2517.3 0.0 103087.2435
2531.44 2531.44 0.0 103080.6018
2545.58 2545.58 0.0 103074.0292
2559.73 2559.73 0.0 103067.5192
2573.87 2573.87 0.0 103061.0800
2588.01 2588.01 0.0 103054.7072
2602.15 2602.15 0.0 103048.3947
2616.3 2616.3 0.0 103042.1412
2630.44 2630.44 0.0 103035.9506
2644.58 2644.58 0.0 103029.8177
2658.72 2658.72 0.0 103023.7441
2672.86 2672.86 0.0 103017.7262
2687.01 2687.01 0.0 103011.7574
2701.15 2701.15 0.0 103005.8500
2715.29 2715.29 0.0 102999.9917
2729.43 2729.43 0.0 102994.1874
2743.57 2743.57 0.0 102988.4347
2757.72 2757.72 0.0 102982.7234
2771.86 2771.86 0.0 102977.0676
2786.0 2786.0 0.0 102971.4611
2800.14 2800.14 0.0 102965.9001
2814.28 2814.28 0.0 102960.3867
2828.43 2828.43 0.0 102954.9153
2842.57 2842.57 0.0 102949.4929
2856.71 2856.71 0.0 102944.1157
2870.85 2870.85 0.0 102938.7792
2885.0 2885.0 0.0 102933.4872
2899.14 2899.14 0.0 102928.2393
2913.28 2913.28 0.0 102923.0343
2927.42 2927.42 0.0 102917.8698
2941.56 2941.56 0.0 102912.7476
2955.71 2955.71 0.0 102907.6599
2969.85 2969.85 0.0 102902.6202
2983.99 2983.99 0.0 102897.6183
2998.13 2998.13 0.0 102892.6575
3012.27 3012.27 0.0 102887.7340
3026.42 3026.42 0.0 102882.8452
3040.56 3040.56 0.0 102878.0013
3054.7 3054.7 0.0 102873.1918
3068.84 3068.84 0.0 102868.4241
3082.99 3082.99 0.0 102863.6860
3097.13 3097.13 0.0 102858.9938
3111.27 3111.27 0.0 102854.3348
3125.41 3125.41 0.0 102849.7131
3139.55 3139.55 0.0 102845.1279
3153.7 3153.7 0.0 102840.5759
3167.84 3167.84 0.0 102836.0599
3181.98 3181.98 0.0 102831.5839
3196.12 3196.12 0.0 102827.1412
3210.26 3210.26 0.0 102822.7338
3224.41 3224.41 0.0 102818.3597
3238.55 3238.55 0.0 102814.0214
3252.69 3252.69 0.0 102809.7196
3266.83 3266.83 0.0 102805.4506
3280.98 3280.98 0.0 102801.2142
3295.12 3295.12 0.0 102797.0133
3309.26 3309.26 0.0 102792.8473
3323.4 3323.4 0.0 102788.7134
3337.54 3337.54 0.0 102784.6132
3351.69 3351.69 0.0 102780.5454
3365.83 3365.83 0.0 102776.5125
3379.97 3379.97 0.0 102772.5112
3394.11 3394.11 0.0 102768.5439
3408.25 3408.25 0.0 102764.6080
3422.4 3422.4 0.0 102760.7025
3436.54 3436.54 0.0 102756.8323
3450.68 3450.68 0.0 102752.9929
3464.82 3464.82 0.0 102749.1849
3478.97 3478.97 0.0 102745.4067
3493.11 3493.11 0.0 102741.6613
3507.25 3507.25 0.0 102737.9480
3521.39 3521.39 0.0 102734.2654
3535.53 3535.53 0.0 102730.6123
3549.68 3549.68 0.0 102726.9888
3563.82 3563.82 0.0 102723.3972
3577.96 3577.96 0.0 102719.8350
3592.1 3592.1 0.0 102716.3021
3606.24 3606.24 0.0 102712.8008
3620.39 3620.39 0.0 102709.3262
3634.53 3634.53 0.0 102705.8817
3648.67 3648.67 0.0 102702.4677
3662.81 3662.81 0.0 102699.0797
3676.96 3676.96 0.0 102695.7190
3691.1 3691.1 0.0 102692.3893
3705.24 3705.24 0.0 102689.0859
3719.38 3719.38 0.0 102685.8119
3733.52 3733.52 0.0 102682.5632
3747.67 3747.67 0.0 102679.3402
3761.81 3761.81 0.0 102676.1462
3775.95 3775.95 0.0 102672.9784
3790.09 3790.09 0.0 102669.8379
3804.23 3804.23 0.0 102666.7207
3818.38 3818.38 0.0 102663.6296
3832.52 3832.52 0.0 102660.5649
3846.66 3846.66 0.0 102657.5250
3860.8 3860.8 0.0 102654.5099
3874.95 3874.95 0.0 102651.5178
3889.09 3889.09 0.0 102648.5521
3903.23 3903.23 0.0 102645.6094
3917.37 3917.37 0.0 102642.6902
3931.51 3931.51 0.0 102639.7949
3945.66 3945.66 0.0 102636.9210
3959.8 3959.8 0.0 102634.0715
3973.94 3973.94 0.0 102631.2418
3988.08 3988.08 0.0 102628.4382
4002.22 4002.22 0.0 102625.6547
4016.37 4016.37 0.0 102622.8909
4030.51 4030.51 0.0 102620.1495
4044.65 4044.65 0.0 102617.4314
4058.79 4058.79 0.0 102614.7330
4072.94 4072.94 0.0 102612.0500
4087.08 4087.08 0.0 102609.3916
4101.22 4101.22 0.0 102606.7526
4115.36 4115.36 0.0 102604.1338
4129.5 4129.5 0.0 102601.5336
4143.65 4143.65 0.0 102598.9509
4157.79 4157.79 0.0 102596.3867
4171.93 4171.93 0.0 102593.8435
4186.07 4186.07 0.0 102591.3174
4200.21 4200.21 0.0 102588.8085
4214.36 4214.36 0.0 102586.3175
4228.5 4228.5 0.0 102583.8429
4242.64 4242.64 0.0 102581.3876
