0.0 0.0 0.0 374780.6875
14.1421 14.1421 0.0 361570.9219
28.2843 28.2843 0.0 356787.6406
42.4264 42.4264 0.0 354974.2969
56.5685 56.5685 0.0 353883.4062
70.7107 70.7107 0.0 353012.8281
84.8528 84.8528 0.0 352195.4062
98.9949 98.9949 0.0 351363.4375
113.137 113.137 0.0 350487.2344
127.279 127.279 0.0 349553.6094
141.421 141.421 0.0 348558.5469
155.563 155.563 0.0 347501.9062
169.706 169.706 0.0 346385.7656
183.848 183.848 0.0 345213.7969
197.99 197.99 0.0 343990.1562
212.132 212.132 0.0 342718.8750
226.274 226.274 0.0 341404.6250
240.416 240.416 0.0 340051.0000
254.558 254.558 0.0 338662.0312
268.701 268.701 0.0 337241.1719
282.843 282.843 0.0 335791.7188
296.985 296.985 0.0 334316.7188
311.127 311.127 0.0 332818.5312
325.269 325.269 0.0 331299.8281
339.411 339.411 0.0 329762.5469
353.553 353.553 0.0 328208.6562
367.696 367.696 0.0 326639.5781
381.838 381.838 0.0 325057.0469
395.98 395.98 0.0 323462.2188
410.122 410.122 0.0 321856.2031
424.264 424.264 0.0 320239.8906
438.406 438.406 0.0 318614.0312
452.548 452.548 0.0 316979.4062
466.69 466.69 0.0 315336.5312
480.833 480.833 0.0 313685.7969
494.975 494.975 0.0 312027.8125
509.117 509.117 0.0 310362.7500
523.259 523.259 0.0 308690.9531
537.401 537.401 0.0 307012.5938
551.543 551.543 0.0 305327.8750
565.685 565.685 0.0 303636.9531
579.828 579.828 0.0 301939.9844
593.97 593.97 0.0 300237.2500
608.112 608.112 0.0 298528.8750
622.254 622.254 0.0 296814.8906
636.396 636.396 0.0 295095.6406
650.538 650.538 0.0 293371.2344
664.68 664.68 0.0 291641.9844
678.823 678.823 0.0 289907.9531
692.965 692.965 0.0 288169.6719
707.107 707.107 0.0 286427.5312
721.249 721.249 0.0 284681.6719
735.391 735.391 0.0 282932.5781
749.533 749.533 0.0 281180.7031
763.675 763.675 0.0 279426.5781
777.817 777.817 0.0 277670.6719
791.96 791.96 0.0 275913.5781
806.102 806.102 0.0 274155.9062
820.244 820.244 0.0 272398.4531
834.386 834.386 0.0 270641.8281
848.528 848.528 0.0 268886.8125
862.67 862.67 0.0 267134.1719
876.812 876.812 0.0 265384.8438
890.955 890.955 0.0 263639.6250
905.097 905.097 0.0 261899.5625
919.239 919.239 0.0 260165.7812
933.381 933.381 0.0 258439.1094
947.523 947.523 0.0 256720.6562
961.665 961.665 0.0 255011.5625
975.807 975.807 0.0 253313.0000
989.949 989.949 0.0 251625.9219
1004.09 1004.09 0.0 249951.7969
1018.23 1018.23 0.0 248291.6719
1032.38 1032.38 0.0 246645.4375
1046.52 1046.52 0.0 245016.5938
1060.66 1060.66 0.0 243405.0312
1074.8 1074.8 0.0 241811.8438
1088.94 1088.94 0.0 240238.1719
1103.09 1103.09 0.0 238683.8750
1117.23 1117.23 0.0 237151.9688
1131.37 1131.37 0.0 235642.3438
1145.51 1145.51 0.0 234155.8125
1159.66 1159.66 0.0 232692.0625
1173.8 1173.8 0.0 231253.7812
1187.94 1187.94 0.0 229840.4531
1202.08 1202.08 0.0 228452.6797
1216.22 1216.22 0.0 227090.6953
1230.37 1230.37 0.0 225753.8984
1244.51 1244.51 0.0 224444.3984
1258.65 1258.65 0.0 223161.3672
1272.79 1272.79 0.0 221904.7578
1286.93 1286.93 0.0 220674.5859
1301.08 1301.08 0.0 219469.7812
1315.22 1315.22 0.0 218291.9766
1329.36 1329.36 0.0 217139.8203
1343.5 1343.5 0.0 216013.1250
1357.65 1357.65 0.0 214910.6562
1371.79 1371.79 0.0 213833.5000
1385.93 1385.93 0.0 212780.3750
1400.07 1400.07 0.0 211750.6953
1414.21 1414.21 0.0 210743.8438
1428.36 1428.36 0.0 209758.5234
1442.5 1442.5 0.0 208795.4297
1456.64 1456.64 0.0 207853.1484
1470.78 1470.78 0.0 206930.9531
1484.92 1484.92 0.0 206028.0703
1499.07 1499.07 0.0 205143.0938
1513.21 1513.21 0.0 204276.5000
1527.35 1527.35 0.0 203426.7031
1541.49 1541.49 0.0 202593.0234
1555.63 1555.63 0.0 201774.4766
1569.78 1569.78 0.0 200969.6797
1583.92 1583.92 0.0 200178.8984
1598.06 1598.06 0.0 199400.7031
1612.2 1612.2 0.0 198634.2109
1626.35 1626.35 0.0 197878.1250
1640.49 1640.49 0.0 197132.5625
1654.63 1654.63 0.0 196396.2891
1668.77 1668.77 0.0 195668.4531
1682.91 1682.91 0.0 194948.3906
1697.06 1697.06 0.0 194234.9297
1711.2 1711.2 0.0 193528.3516
1725.34 1725.34 0.0 192827.6562
1739.48 1739.48 0.0 192132.2969
1753.62 1753.62 0.0 191441.7500
1767.77 1767.77 0.0 190755.1172
1781.91 1781.91 0.0 190073.1094
1796.05 1796.05 0.0 189394.8828
1810.19 1810.19 0.0 188720.1797
1824.34 1824.34 0.0 188048.4375
1838.48 1838.48 0.0 187380.4375
1852.62 1852.62 0.0 186715.5703
1866.76 1866.76 0.0 186053.8750
1880.9 1880.9 0.0 185395.3750
1895.05 1895.05 0.0 184739.6172
1909.19 1909.19 0.0 184087.6016
1923.33 1923.33 0.0 183439.0000
1937.47 1937.47 0.0 182793.9375
1951.61 1951.61 0.0 182152.5625
1965.76 1965.76 0.0 181514.5703
1979.9 1979.9 0.0 180881.0312
1994.04 1994.04 0.0 180251.6406
2008.18 2008.18 0.0 179626.6328
2022.33 2022.33 0.0 179005.6562
2036.47 2036.47 0.0 178389.8438
2050.61 2050.61 0.0 177778.7969
2064.75 2064.75 0.0 177172.7422
2078.89 2078.89 0.0 176571.8359
2093.04 2093.04 0.0 175975.7188
2107.18 2107.18 0.0 175385.3750
2121.32 2121.32 0.0 174800.4766
2135.46 2135.46 0.0 174221.0703
2149.6 2149.6 0.0 173647.2578
2163.75 2163.75 0.0 173078.6719
2177.89 2177.89 0.0 172516.1484
2192.03 2192.03 0.0 171959.3047
2206.17 2206.17 0.0 171408.1719
2220.32 2220.32 0.0 170862.3359
2234.46 2234.46 0.0 170322.5391
2248.6 2248.6 0.0 169788.4062
2262.74 2262.74 0.0 169259.8594
2276.88 2276.88 0.0 168736.8594
2291.03 2291.03 0.0 168219.0391
2305.17 2305.17 0.0 167707.0547
2319.31 2319.31 0.0 167200.4844
2333.45 2333.45 0.0 166699.2930
2347.59 2347.59 0.0 166203.4258
2361.74 2361.74 0.0 165712.5469
2375.88 2375.88 0.0 165227.2812
2390.02 2390.02 0.0 164747.2930
2404.16 2404.16 0.0 164272.6445
2418.31 2418.31 0.0 163802.9961
2432.45 2432.45 0.0 163339.0898
2446.59 2446.59 0.0 162880.6992
2460.73 2460.73 0.0 162427.9883
2474.87 2474.87 0.0 161981.1172
2489.02 2489.02 0.0 161539.9766
2503.16 2503.16 0.0 161105.4727
2517.3 2517.3 0.0 160677.6172
2531.44 2531.44 0.0 160256.7070
2545.58 2545.58 0.0 159843.1992
2559.73 2559.73 0.0 159437.1719
2573.87 2573.87 0.0 159039.6992
2588.01 2588.01 0.0 158650.9297
2602.15 2602.15 0.0 158271.3008
2616.3 2616.3 0.0 157900.9844
2630.44 2630.44 0.0 157540.7812
2644.58 2644.58 0.0 157190.6562
2658.72 2658.72 0.0 156850.5938
2672.86 2672.86 0.0 156520.3438
2687.01 2687.01 0.0 156199.0195
2701.15 2701.15 0.0 155886.0352
2715.29 2715.29 0.0 155579.5430
2729.43 2729.43 0.0 155277.2578
2743.57 2743.57 0.0 154976.1406
2757.72 2757.72 0.0 154672.1719
2771.86 2771.86 0.0 154361.0586
2786.0 2786.0 0.0 154037.1016
2800.14 2800.14 0.0 153694.0625
2814.28 2814.28 0.0 153325.2266
2828.43 2828.43 0.0 152923.3633
2842.57 2842.57 0.0 152482.3203
2856.71 2856.71 0.0 151995.8594
2870.85 2870.85 0.0 151459.1562
2885.0 2885.0 0.0 150868.6406
2899.14 2899.14 0.0 150224.1914
2913.28 2913.28 0.0 149526.6289
2927.42 2927.42 0.0 148779.6602
2941.56 2941.56 0.0 147989.1055
2955.71 2955.71 0.0 147162.0391
2969.85 2969.85 0.0 146308.6836
2983.99 2983.99 0.0 145438.1484
2998.13 2998.13 0.0 144560.3945
3012.27 3012.27 0.0 143684.9883
3026.42 3026.42 0.0 142820.1641
3040.56 3040.56 0.0 141974.8984
3054.7 3054.7 0.0 141155.1094
3068.84 3068.84 0.0 140366.0664
3082.99 3082.99 0.0 139611.2148
3097.13 3097.13 0.0 138894.4727
3111.27 3111.27 0.0 138217.0508
3125.41 3125.41 0.0 137579.8438
3139.55 3139.55 0.0 136982.9922
3153.7 3153.7 0.0 136425.6367
3167.84 3167.84 0.0 135907.5977
3181.98 3181.98 0.0 135427.1797
3196.12 3196.12 0.0 134982.7617
3210.26 3210.26 0.0 134572.6172
3224.41 3224.41 0.0 134194.5625
3238.55 3238.55 0.0 133847.1426
3252.69 3252.69 0.0 133528.1016
3266.83 3266.83 0.0 133235.3867
3280.98 3280.98 0.0 132966.8594
3295.12 3295.12 0.0 132720.9316
3309.26 3309.26 0.0 132495.4824
3323.4 3323.4 0.0 132288.7109
3337.54 3337.54 0.0 132098.7910
3351.69 3351.69 0.0 131923.9590
3365.83 3365.83 0.0 131762.8262
3379.97 3379.97 0.0 131613.6953
3394.11 3394.11 0.0 131475.1660
3408.25 3408.25 0.0 131345.8008
3422.4 3422.4 0.0 131224.2480
3436.54 3436.54 0.0 131109.4570
3450.68 3450.68 0.0 131000.1953
3464.82 3464.82 0.0 130895.4219
3478.97 3478.97 0.0 130794.0352
3493.11 3493.11 0.0 130695.2969
3507.25 3507.25 0.0 130598.2891
3521.39 3521.39 0.0 130502.2188
3535.53 3535.53 0.0 130406.4219
3549.68 3549.68 0.0 130310.1602
3563.82 3563.82 0.0 130213.0254
3577.96 3577.96 0.0 130114.4219
3592.1 3592.1 0.0 130013.9434
3606.24 3606.24 0.0 129911.1953
3620.39 3620.39 0.0 129805.8047
3634.53 3634.53 0.0 129697.6777
3648.67 3648.67 0.0 129586.5430
3662.81 3662.81 0.0 129472.3086
3676.96 3676.96 0.0 129354.8164
3691.1 3691.1 0.0 129234.2500
3705.24 3705.24 0.0 129110.5703
3719.38 3719.38 0.0 128983.9238
3733.52 3733.52 0.0 128854.4883
3747.67 3747.67 0.0 128722.3672
3761.81 3761.81 0.0 128588.0352
3775.95 3775.95 0.0 128451.7070
3790.09 3790.09 0.0 128313.7188
3804.23 3804.23 0.0 128174.4297
3818.38 3818.38 0.0 128034.1504
3832.52 3832.52 0.0 127893.4805
3846.66 3846.66 0.0 127752.6895
3860.8 3860.8 0.0 127612.2012
3874.95 3874.95 0.0 127472.2910
3889.09 3889.09 0.0 127333.5449
3903.23 3903.23 0.0 127196.1641
3917.37 3917.37 0.0 127060.4980
3931.51 3931.51 0.0 126926.8008
3945.66 3945.66 0.0 126795.2168
3959.8 3959.8 0.0 126666.1250
3973.94 3973.94 0.0 126539.5918
3988.08 3988.08 0.0 126415.7012
4002.22 4002.22 0.0 126294.5195
4016.37 4016.37 0.0 126175.9609
4030.51 4030.51 0.0 126060.1855
4044.65 4044.65 0.0 125947.0371
4058.79 4058.79 0.0 125836.4180
4072.94 4072.94 0.0 125728.1094
4087.08 4087.08 0.0 125622.1504
4101.22 4101.22 0.0 125518.2715
4115.36 4115.36 0.0 125416.3027
4129.5 4129.5 0.0 125316.0430
4143.65 4143.65 0.0 125217.2676
4157.79 4157.79 0.0 125119.9062
4171.93 4171.93 0.0 125023.7500
4186.07 4186.07 0.0 124928.5977
4200.21 4200.21 0.0 124834.3398
4214.36 4214.36 0.0 124740.7539
4228.5 4228.5 0.0 124647.8848
4242.64 4242.64 0.0 124555.5449
