0.0 0.0 0.0 5347383.5000
14.1421 14.1421 0.0 6682066.0000
28.2843 28.2843 0.0 2494150.5000
42.4264 42.4264 0.0 990088.9375
56.5685 56.5685 0.0 550680.6875
70.7107 70.7107 0.0 361352.0469
84.8528 84.8528 0.0 270605.9688
98.9949 98.9949 0.0 221602.5391
113.137 113.137 0.0 192206.1328
127.279 127.279 0.0 173064.9219
141.421 141.421 0.0 159810.8047
155.563 155.563 0.0 150189.9141
169.706 169.706 0.0 142951.5625
183.848 183.848 0.0 137362.2539
197.99 197.99 0.0 132961.8828
212.132 212.132 0.0 129442.3262
226.274 226.274 0.0 126584.0703
240.416 240.416 0.0 124223.3848
254.558 254.558 0.0 122234.5469
268.701 268.701 0.0 120519.6348
282.843 282.843 0.0 119004.8711
296.985 296.985 0.0 117638.4668
311.127 311.127 0.0 116389.9092
325.269 325.269 0.0 115245.5498
339.411 339.411 0.0 114201.6328
353.553 353.553 0.0 113257.0938
367.696 367.696 0.0 112409.1523
381.838 381.838 0.0 111652.2217
395.98 395.98 0.0 110978.3271
410.122 410.122 0.0 110378.5986
424.264 424.264 0.0 109844.2422
438.406 438.406 0.0 109367.1611
452.548 452.548 0.0 108940.1655
466.69 466.69 0.0 108556.9204
480.833 480.833 0.0 108211.8628
494.975 494.975 0.0 107900.1484
509.117 509.117 0.0 107617.3472
523.259 523.259 0.0 107359.4624
537.401 537.401 0.0 107122.8296
551.543 551.543 0.0 106904.0840
565.685 565.685 0.0 106700.1504
579.828 579.828 0.0 106508.3062
593.97 593.97 0.0 106326.2339
608.112 608.112 0.0 106152.0361
622.254 622.254 0.0 105984.3091
636.396 636.396 0.0 105822.1250
650.538 650.538 0.0 105665.0117
664.68 664.68 0.0 105512.8564
678.823 678.823 0.0 105365.7856
692.965 692.965 0.0 105224.1321
707.107 707.107 0.0 105088.2297
721.249 721.249 0.0 104958.3835
735.391 735.391 0.0 104834.8220
749.533 749.533 0.0 104717.6575
763.675 763.675 0.0 104606.8936
777.817 777.817 0.0 104502.4148
791.96 791.96 0.0 104404.0264
806.102 806.102 0.0 104311.4783
820.244 820.244 0.0 104224.4573
834.386 834.386 0.0 104142.6340
848.528 848.528 0.0 104065.6682
862.67 862.67 0.0 103993.2163
876.812 876.812 0.0 103924.9531
890.955 890.955 0.0 103860.5537
905.097 905.097 0.0 103799.7278
919.239 919.239 0.0 103742.2007
933.381 933.381 0.0 103687.7014
947.523 947.523 0.0 103635.9978
961.665 961.665 0.0 103586.8616
975.807 975.807 0.0 103540.0828
989.949 989.949 0.0 103495.4768
1004.09 1004.09 0.0 103452.8625
1018.23 1018.23 0.0 103412.0730
1032.38 1032.38 0.0 103372.9207
1046.52 1046.52 0.0 103335.3180
1060.66 1060.66 0.0 103299.0935
1074.8 1074.8 0.0 103264.1249
1088.94 1088.94 0.0 103230.2943
1103.09 1103.09 0.0 103197.4609
1117.23 1117.23 0.0 103165.5751
1131.37 1131.37 0.0 103134.5198
1145.51 1145.51 0.0 103104.2050
1159.66 1159.66 0.0 103074.5366
1173.8 1173.8 0.0 103045.4873
1187.94 1187.94 0.0 103016.9723
1202.08 1202.08 0.0 102988.9420
1216.22 1216.22 0.0 102961.3446
1230.37 1230.37 0.0 102934.1265
1244.51 1244.51 0.0 102907.2965
1258.65 1258.65 0.0 102880.8054
1272.79 1272.79 0.0 102854.6379
1286.93 1286.93 0.0 102828.7811
1301.08 1301.08 0.0 102803.2062
1315.22 1315.22 0.0 102777.9484
1329.36 1329.36 0.0 102752.9897
1343.5 1343.5 0.0 102728.3350
1357.65 1357.65 0.0 102703.9742
1371.79 1371.79 0.0 102679.9561
1385.93 1385.93 0.0 102656.2773
1400.07 1400.07 0.0 102632.9491
1414.21 1414.21 0.0 102609.9939
1428.36 1428.36 0.0 102587.4143
1442.5 1442.5 0.0 102565.2620
1456.64 1456.64 0.0 102543.5432
1470.78 1470.78 0.0 102522.2784
1484.92 1484.92 0.0 102501.4897
1499.07 1499.07 0.0 102481.1853
1513.21 1513.21 0.0 102461.4130
1527.35 1527.35 0.0 102442.1768
1541.49 1541.49 0.0 102423.4993
1555.63 1555.63 0.0 102405.3899
1569.78 1569.78 0.0 102387.8572
1583.92 1583.92 0.0 102370.9332
1598.06 1598.06 0.0 102354.6178
1612.2 1612.2 0.0 102338.9154
1626.35 1626.35 0.0 102323.8183
1640.49 1640.49 0.0 102309.3483
1654.63 1654.63 0.0 102295.4898
1668.77 1668.77 0.0 102282.2372
1682.91 1682.91 0.0 102269.5796
1697.06 1697.06 0.0 102257.4923
1711.2 1711.2 0.0 102245.9819
1725.34 1725.34 0.0 102235.0166
1739.48 1739.48 0.0 102224.5763
1753.62 1753.62 0.0 102214.6406
1767.77 1767.77 0.0 102205.1766
1781.91 1781.91 0.0 102196.1727
1796.05 1796.05 0.0 102187.5968
1810.19 1810.19 0.0 102179.4215
1824.34 1824.34 0.0 102171.6187
1838.48 1838.48 0.0 102164.1706
1852.62 1852.62 0.0 102157.0478
1866.76 1866.76 0.0 102150.2272
1880.9 1880.9 0.0 102143.6865
1895.05 1895.05 0.0 102137.3967
1909.19 1909.19 0.0 102131.3495
1923.33 1923.33 0.0 102125.5217
1937.47 1937.47 0.0 102119.8914
1951.61 1951.61 0.0 102114.4482
1965.76 1965.76 0.0 102109.1685
1979.9 1979.9 0.0 102104.0473
1994.04 1994.04 0.0 102099.0701
2008.18 2008.18 0.0 102094.2213
2022.33 2022.33 0.0 102089.4909
2036.47 2036.47 0.0 102084.8738
2050.61 2050.61 0.0 102080.3605
2064.75 2064.75 0.0 102075.9384
2078.89 2078.89 0.0 102071.6045
2093.04 2093.04 0.0 102067.3454
2107.18 2107.18 0.0 102063.1659
2121.32 2121.32 0.0 102059.0536
2135.46 2135.46 0.0 102055.0061
2149.6 2149.6 0.0 102051.0171
2163.75 2163.75 0.0 102047.0830
2177.89 2177.89 0.0 102043.2038
2192.03 2192.03 0.0 102039.3740
2206.17 2206.17 0.0 102035.5941
2220.32 2220.32 0.0 102031.8550
2234.46 2234.46 0.0 102028.1638
2248.6 2248.6 0.0 102024.5162
2262.74 2262.74 0.0 102020.9097
2276.88 2276.88 0.0 102017.3452
2291.03 2291.03 0.0 102013.8190
2305.17 2305.17 0.0 102010.3366
2319.31 2319.31 0.0 102006.8948
2333.45 2333.45 0.0 102003.4940
2347.59 2347.59 0.0 102000.1342
2361.74 2361.74 0.0 101996.8167
2375.88 2375.88 0.0 101993.5426
2390.02 2390.02 0.0 101990.3126
2404.16 2404.16 0.0 101987.1282
2418.31 2418.31 0.0 101983.9855
2432.45 2432.45 0.0 101980.8914
2446.59 2446.59 0.0 101977.8439
2460.73 2460.73 0.0 101974.8456
2474.87 2474.87 0.0 101971.8956
2489.02 2489.02 0.0 101968.9926
2503.16 2503.16 0.0 101966.1412
2517.3 2517.3 0.0 101963.3412
2531.44 2531.44 0.0 101960.5933
2545.58 2545.58 0.0 101957.8971
2559.73 2559.73 0.0 101955.2513
2573.87 2573.87 0.0 101952.6597
2588.01 2588.01 0.0 101950.1221
2602.15 2602.15 0.0 101947.6373
2616.3 2616.3 0.0 101945.2047
2630.44 2630.44 0.0 101942.8275
2644.58 2644.58 0.0 101940.5035
2658.72 2658.72 0.0 101938.2332
2672.86 2672.86 0.0 101936.0161
2687.01 2687.01 0.0 101933.8519
2701.15 2701.15 0.0 101931.7420
2715.29 2715.29 0.0 101929.6844
2729.43 2729.43 0.0 101927.6792
2743.57 2743.57 0.0 101925.7268
2757.72 2757.72 0.0 101923.8246
2771.86 2771.86 0.0 101921.9755
2786.0 2786.0 0.0 101920.1786
2800.14 2800.14 0.0 101918.4311
2814.28 2814.28 0.0 101916.7340
2828.43 2828.43 0.0 101915.0861
2842.57 2842.57 0.0 101913.4883
2856.71 2856.71 0.0 101911.9396
2870.85 2870.85 0.0 101910.4404
2885.0 2885.0 0.0 101908.9868
2899.14 2899.14 0.0 101907.5824
2913.28 2913.28 0.0 101906.2245
2927.42 2927.42 0.0 101904.9138
2941.56 2941.56 0.0 101903.6497
2955.71 2955.71 0.0 101902.4295
2969.85 2969.85 0.0 101901.2562
2983.99 2983.99 0.0 101900.1266
2998.13 2998.13 0.0 101899.0430
3012.27 3012.27 0.0 101898.0031
3026.42 3026.42 0.0 101897.0050
3040.56 3040.56 0.0 101896.0511
3054.7 3054.7 0.0 101895.1407
3068.84 3068.84 0.0 101894.2723
3082.99 3082.99 0.0 101893.4451
3097.13 3097.13 0.0 101892.6604
3111.27 3111.27 0.0 101891.9167
3125.41 3125.41 0.0 101891.2140
3139.55 3139.55 0.0 101890.5520
3153.7 3153.7 0.0 101889.9298
3167.84 3167.84 0.0 101889.3468
3181.98 3181.98 0.0 101888.8044
3196.12 3196.12 0.0 101888.3013
3210.26 3210.26 0.0 101887.8361
3224.41 3224.41 0.0 101887.4097
3238.55 3238.55 0.0 101887.0204
3252.69 3252.69 0.0 101886.6708
3266.83 3266.83 0.0 101886.3567
3280.98 3280.98 0.0 101886.0803
3295.12 3295.12 0.0 101885.8403
3309.26 3309.26 0.0 101885.6366
3323.4 3323.4 0.0 101885.4682
3337.54 3337.54 0.0 101885.3373
3351.69 3351.69 0.0 101885.2406
3365.83 3365.83 0.0 101885.1786
3379.97 3379.97 0.0 101885.1517
3394.11 3394.11 0.0 101885.1589
3408.25 3408.25 0.0 101885.2000
3422.4 3422.4 0.0 101885.2742
3436.54 3436.54 0.0 101885.3821
3450.68 3450.68 0.0 101885.5227
3464.82 3464.82 0.0 101885.6951
3478.97 3478.97 0.0 101885.9006
3493.11 3493.11 0.0 101886.1366
3507.25 3507.25 0.0 101886.4046
3521.39 3521.39 0.0 101886.7039
3535.53 3535.53 0.0 101887.0323
3549.68 3549.68 0.0 101887.3922
3563.82 3563.82 0.0 101887.7811
3577.96 3577.96 0.0 101888.1992
3592.1 3592.1 0.0 101888.6464
3606.24 3606.24 0.0 101889.1217
3620.39 3620.39 0.0 101889.6248
3634.53 3634.53 0.0 101890.1555
3648.67 3648.67 0.0 101890.7132
3662.81 3662.81 0.0 101891.2966
3676.96 3676.96 0.0 101891.9078
3691.1 3691.1 0.0 101892.5441
3705.24 3705.24 0.0 101893.2051
3719.38 3719.38 0.0 101893.8897
3733.52 3733.52 0.0 101894.5991
3747.67 3747.67 0.0 101895.3326
3761.81 3761.81 0.0 101896.0884
3775.95 3775.95 0.0 101896.8660
3790.09 3790.09 0.0 101897.6663
3804.23 3804.23 0.0 101898.4875
3818.38 3818.38 0.0 101899.3301
3832.52 3832.52 0.0 101900.1919
3846.66 3846.66 0.0 101901.0735
3860.8 3860.8 0.0 101901.9736
3874.95 3874.95 0.0 101902.8924
3889.09 3889.09 0.0 101903.8289
3903.23 3903.23 0.0 101904.7811
3917.37 3917.37 0.0 101905.7512
3931.51 3931.51 0.0 101906.7357
3945.66 3945.66 0.0 101907.7359
3959.8 3959.8 0.0 101908.7491
3973.94 3973.94 0.0 101909.7769
3988.08 3988.08 0.0 101910.8170
4002.22 4002.22 0.0 101911.8699
4016.37 4016.37 0.0 101912.9342
4030.51 4030.51 0.0 101914.0095
4044.65 4044.65 0.0 101915.0945
4058.79 4058.79 0.0 101916.1887
4072.94 4072.94 0.0 101917.2911
4087.08 4087.08 0.0 101918.4017
4101.22 4101.22 0.0 101919.5184
4115.36 4115.36 0.0 101920.6423
4129.5 4129.5 0.0 101921.7718
4143.65 4143.65 0.0 101922.9062
4157.79 4157.79 0.0 101924.0444
4171.93 4171.93 0.0 101925.1867
4186.07 4186.07 0.0 101926.3299
4200.21 4200.21 0.0 101927.4755
4214.36 4214.36 0.0 101928.6237
4228.5 4228.5 0.0 101929.7714
4242.64 4242.64 0.0 101930.9188
