0.0 0.0 0.0 208521.4688
14.1421 14.1421 0.0 191951.1797
28.2843 28.2843 0.0 187197.5469
42.4264 42.4264 0.0 182745.4375
56.5685 56.5685 0.0 178454.5391
70.7107 70.7107 0.0 173915.7266
84.8528 84.8528 0.0 169114.2656
98.9949 98.9949 0.0 164312.9922
113.137 113.137 0.0 159747.6562
127.279 127.279 0.0 155521.5039
141.421 141.421 0.0 151642.4219
155.563 155.563 0.0 148079.2812
169.706 169.706 0.0 144794.7930
183.848 183.848 0.0 141758.7148
197.99 197.99 0.0 138948.5234
212.132 212.132 0.0 136348.3906
226.274 226.274 0.0 133946.5371
240.416 240.416 0.0 131733.0215
254.558 254.558 0.0 129698.3906
268.701 268.701 0.0 127832.7148
282.843 282.843 0.0 126125.8203
296.985 296.985 0.0 124566.5527
311.127 311.127 0.0 123143.5098
325.269 325.269 0.0 121845.2617
339.411 339.411 0.0 120660.6328
353.553 353.553 0.0 119578.8066
367.696 367.696 0.0 118589.6504
381.838 381.838 0.0 117683.8691
395.98 395.98 0.0 116852.7676
410.122 410.122 0.0 116088.4629
424.264 424.264 0.0 115383.7656
438.406 438.406 0.0 114732.1836
452.548 452.548 0.0 114127.8301
466.69 466.69 0.0 113565.3369
480.833 480.833 0.0 113039.7783
494.975 494.975 0.0 112546.7920
509.117 509.117 0.0 112082.3047
523.259 523.259 0.0 111642.6689
537.401 537.401 0.0 111224.6113
551.543 551.543 0.0 110825.2725
565.685 565.685 0.0 110442.2529
579.828 579.828 0.0 110073.5283
593.97 593.97 0.0 109717.6768
608.112 608.112 0.0 109373.6909
622.254 622.254 0.0 109041.0454
636.396 636.396 0.0 108719.6611
650.538 650.538 0.0 108409.8208
664.68 664.68 0.0 108112.0649
678.823 678.823 0.0 107827.0879
692.965 692.965 0.0 107555.6621
707.107 707.107 0.0 107298.4517
721.249 721.249 0.0 107055.9746
735.391 735.391 0.0 106828.5508
749.533 749.533 0.0 106616.2769
763.675 763.675 0.0 106418.9873
777.817 777.817 0.0 106236.3052
791.96 791.96 0.0 106067.6777
806.102 806.102 0.0 105912.4150
820.244 820.244 0.0 105769.7148
834.386 834.386 0.0 105638.7383
848.528 848.528 0.0 105518.5991
862.67 862.67 0.0 105408.4421
876.812 876.812 0.0 105307.4290
890.955 890.955 0.0 105214.7629
905.097 905.097 0.0 105129.7212
919.239 919.239 0.0 105051.6042
933.381 933.381 0.0 104979.7922
947.523 947.523 0.0 104913.7100
961.665 961.665 0.0 104852.8313
975.807 975.807 0.0 104796.6733
989.949 989.949 0.0 104744.7925
1004.09 1004.09 0.0 104696.7869
1018.23 1018.23 0.0 104652.2749
1032.38 1032.38 0.0 104610.8752
1046.52 1046.52 0.0 104572.3142
1060.66 1060.66 0.0 104536.2449
1074.8 1074.8 0.0 104502.3801
1088.94 1088.94 0.0 104470.4377
1103.09 1103.09 0.0 104440.1311
1117.23 1117.23 0.0 104411.2681
1131.37 1131.37 0.0 104383.5891
1145.51 1145.51 0.0 104356.8738
1159.66 1159.66 0.0 104330.9097
1173.8 1173.8 0.0 104305.5564
1187.94 1187.94 0.0 104280.6191
1202.08 1202.08 0.0 104255.9658
1216.22 1216.22 0.0 104231.4600
1230.37 1230.37 0.0 104206.9880
1244.51 1244.51 0.0 104182.4893
1258.65 1258.65 0.0 104157.8855
1272.79 1272.79 0.0 104133.1216
1286.93 1286.93 0.0 104108.1750
1301.08 1301.08 0.0 104083.0122
1315.22 1315.22 0.0 104057.6692
1329.36 1329.36 0.0 104032.1440
1343.5 1343.5 0.0 104006.4658
1357.65 1357.65 0.0 103980.6541
1371.79 1371.79 0.0 103954.7886
1385.93 1385.93 0.0 103928.9082
1400.07 1400.07 0.0 103903.0737
1414.21 1414.21 0.0 103877.3308
1428.36 1428.36 0.0 103851.7324
1442.5 1442.5 0.0 103826.3706
1456.64 1456.64 0.0 103801.2842
1470.78 1470.78 0.0 103776.5212
1484.92 1484.92 0.0 103752.1377
1499.07 1499.07 0.0 103728.1599
1513.21 1513.21 0.0 103704.6614
1527.35 1527.35 0.0 103681.6594
1541.49 1541.49 0.0 103659.1819
1555.63 1555.63 0.0 103637.2542
1569.78 1569.78 0.0 103615.8792
1583.92 1583.92 0.0 103595.0986
1598.06 1598.06 0.0 103574.9038
1612.2 1612.2 0.0 103555.3037
1626.35 1626.35 0.0 103536.2817
1640.49 1640.49 0.0 103517.8584
1654.63 1654.63 0.0 103500.0193
1668.77 1668.77 0.0 103482.7493
1682.91 1682.91 0.0 103466.0452
1697.06 1697.06 0.0 103449.8706
1711.2 1711.2 0.0 103434.2432
1725.34 1725.34 0.0 103419.1255
1739.48 1739.48 0.0 103404.5071
1753.62 1753.62 0.0 103390.3669
1767.77 1767.77 0.0 103376.6741
1781.91 1781.91 0.0 103363.4335
1796.05 1796.05 0.0 103350.6138
1810.19 1810.19 0.0 103338.1976
1824.34 1824.34 0.0 103326.1552
1838.48 1838.48 0.0 103314.4908
1852.62 1852.62 0.0 103303.1694
1866.76 1866.76 0.0 103292.1805
1880.9 1880.9 0.0 103281.5004
1895.05 1895.05 0.0 103271.1163
1909.19 1909.19 0.0 103261.0143
1923.33 1923.33 0.0 103251.1803
1937.47 1937.47 0.0 103241.5989
1951.61 1951.61 0.0 103232.2559
1965.76 1965.76 0.0 103223.1265
1979.9 1979.9 0.0 103214.2180
1994.04 1994.04 0.0 103205.5072
2008.18 2008.18 0.0 103196.9873
2022.33 2022.33 0.0 103188.6410
2036.47 2036.47 0.0 103180.4642
2050.61 2050.61 0.0 103172.4449
2064.75 2064.75 0.0 103164.5741
2078.89 2078.89 0.0 103156.8458
2093.04 2093.04 0.0 103149.2405
2107.18 2107.18 0.0 103141.7651
2121.32 2121.32 0.0 103134.4094
2135.46 2135.46 0.0 103127.1582
2149.6 2149.6 0.0 103120.0145
2163.75 2163.75 0.0 103112.9639
2177.89 2177.89 0.0 103106.0061
2192.03 2192.03 0.0 103099.1331
2206.17 2206.17 0.0 103092.3405
2220.32 2220.32 0.0 103085.6232
2234.46 2234.46 0.0 103078.9781
2248.6 2248.6 0.0 103072.3990
2262.74 2262.74 0.0 103065.8845
2276.88 2276.88 0.0 103059.4255
2291.03 2291.03 0.0 103053.0203
2305.17 2305.17 0.0 103046.6697
2319.31 2319.31 0.0 103040.3669
2333.45 2333.45 0.0 103034.1084
2347.59 2347.59 0.0 103027.8921
2361.74 2361.74 0.0 103021.7131
2375.88 2375.88 0.0 103015.5758
2390.02 2390.02 0.0 103009.4711
2404.16 2404.16 0.0 103003.3995
2418.31 2418.31 0.0 102997.3523
2432.45 2432.45 0.0 102991.3419
2446.59 2446.59 0.0 102985.3562
2460.73 2460.73 0.0 102979.3944
2474.87 2474.87 0.0 102973.4572
2489.02 2489.02 0.0 102967.5397
2503.16 2503.16 0.0 102961.6433
2517.3 2517.3 0.0 102955.7705
2531.44 2531.44 0.0 102949.9141
2545.58 2545.58 0.0 102944.0747
2559.73 2559.73 0.0 102938.2502
2573.87 2573.87 0.0 102932.4452
2588.01 2588.01 0.0 102926.6541
2602.15 2602.15 0.0 102920.8811
2616.3 2616.3 0.0 102915.1143
2630.44 2630.44 0.0 102909.3673
2644.58 2644.58 0.0 102903.6338
2658.72 2658.72 0.0 102897.9127
2672.86 2672.86 0.0 102892.2063
2687.01 2687.01 0.0 102886.5073
2701.15 2701.15 0.0 102880.8231
2715.29 2715.29 0.0 102875.1566
2729.43 2729.43 0.0 102869.5018
2743.57 2743.57 0.0 102863.8575
2757.72 2757.72 0.0 102858.2206
2771.86 2771.86 0.0 102852.6066
2786.0 2786.0 0.0 102847.0000
2800.14 2800.14 0.0 102841.4103
2814.28 2814.28 0.0 102835.8359
2828.43 2828.43 0.0 102830.2687
2842.57 2842.57 0.0 102824.7227
2856.71 2856.71 0.0 102819.1890
2870.85 2870.85 0.0 102813.6715
2885.0 2885.0 0.0 102808.1667
2899.14 2899.14 0.0 102802.6809
2913.28 2913.28 0.0 102797.2117
2927.42 2927.42 0.0 102791.7600
2941.56 2941.56 0.0 102786.3280
2955.71 2955.71 0.0 102780.9075
2969.85 2969.85 0.0 102775.5112
2983.99 2983.99 0.0 102770.1316
2998.13 2998.13 0.0 102764.7739
3012.27 3012.27 0.0 102759.4355
3026.42 3026.42 0.0 102754.1121
3040.56 3040.56 0.0 102748.8152
3054.7 3054.7 0.0 102743.5385
3068.84 3068.84 0.0 102738.2839
3082.99 3082.99 0.0 102733.0492
3097.13 3097.13 0.0 102727.8402
3111.27 3111.27 0.0 102722.6538
3125.41 3125.41 0.0 102717.4907
3139.55 3139.55 0.0 102712.3551
3153.7 3153.7 0.0 102707.2360
3167.84 3167.84 0.0 102702.1469
3181.98 3181.98 0.0 102697.0848
3196.12 3196.12 0.0 102692.0460
3210.26 3210.26 0.0 102687.0354
3224.41 3224.41 0.0 102682.0458
3238.55 3238.55 0.0 102677.0867
3252.69 3252.69 0.0 102672.1565
3266.83 3266.83 0.0 102667.2527
3280.98 3280.98 0.0 102662.3693
3295.12 3295.12 0.0 102657.5212
3309.26 3309.26 0.0 102652.7004
3323.4 3323.4 0.0 102647.9058
3337.54 3337.54 0.0 102643.1404
3351.69 3351.69 0.0 102638.4009
3365.83 3365.83 0.0 102633.6941
3379.97 3379.97 0.0 102629.0153
3394.11 3394.11 0.0 102624.3656
3408.25 3408.25 0.0 102619.7449
3422.4 3422.4 0.0 102615.1504
3436.54 3436.54 0.0 102610.5887
3450.68 3450.68 0.0 102606.0547
3464.82 3464.82 0.0 102601.5525
3478.97 3478.97 0.0 102597.0746
3493.11 3493.11 0.0 102592.6317
3507.25 3507.25 0.0 102588.2170
3521.39 3521.39 0.0 102583.8320
3535.53 3535.53 0.0 102579.4755
3549.68 3549.68 0.0 102575.1477
3563.82 3563.82 0.0 102570.8496
3577.96 3577.96 0.0 102566.5823
3592.1 3592.1 0.0 102562.3463
3606.24 3606.24 0.0 102558.1367
3620.39 3620.39 0.0 102553.9541
3634.53 3634.53 0.0 102549.8030
3648.67 3648.67 0.0 102545.6821
3662.81 3662.81 0.0 102541.5890
3676.96 3676.96 0.0 102537.5225
3691.1 3691.1 0.0 102533.4862
3705.24 3705.24 0.0 102529.4799
3719.38 3719.38 0.0 102525.5007
3733.52 3733.52 0.0 102521.5488
3747.67 3747.67 0.0 102517.6219
3761.81 3761.81 0.0 102513.7289
3775.95 3775.95 0.0 102509.8604
3790.09 3790.09 0.0 102506.0186
3804.23 3804.23 0.0 102502.2048
3818.38 3818.38 0.0 102498.4169
3832.52 3832.52 0.0 102494.6561
3846.66 3846.66 0.0 102490.9230
3860.8 3860.8 0.0 102487.2167
3874.95 3874.95 0.0 102483.5327
3889.09 3889.09 0.0 102479.8768
3903.23 3903.23 0.0 102476.2468
3917.37 3917.37 0.0 102472.6420
3931.51 3931.51 0.0 102469.0629
3945.66 3945.66 0.0 102465.5060
3959.8 3959.8 0.0 102461.9758
3973.94 3973.94 0.0 102458.4707
3988.08 3988.08 0.0 102454.9885
4002.22 4002.22 0.0 102451.5306
4016.37 4016.37 0.0 102448.0925
4030.51 4030.51 0.0 102444.6813
4044.65 4044.65 0.0 102441.2910
4058.79 4058.79 0.0 102437.9270
4072.94 4072.94 0.0 102434.5822
4087.08 4087.08 0.0 102431.2610
4101.22 4101.22 0.0 102427.9614
4115.36 4115.36 0.0 102424.6830
4129.5 4129.5 0.0 102421.4276
4143.65 4143.65 0.0 102418.1912
4157.79 4157.79 0.0 102414.9767
4171.93 4171.93 0.0 102411.7821
4186.07 4186.07 0.0 102408.6086
4200.21 4200.21 0.0 102405.4558
4214.36 4214.36 0.0 102402.3187
4228.5 4228.5 0.0 102399.2057
4242.64 4242.64 0.0 102396.1108
