0.0000 0.0000 0.0000 1886690.0000
70.7107 70.7107 0.0000 144310.0000
141.4210 141.4210 0.0000 114141.0000
212.1320 212.1320 0.0000 106602.0000
282.8430 282.8430 0.0000 104438.0000
353.5530 353.5530 0.0000 103452.0000
424.2640 424.2640 0.0000 102899.0000
494.9750 494.9750 0.0000 102581.0000
565.6850 565.6850 0.0000 102328.0000
636.3960 636.3960 0.0000 102144.0000
707.1070 707.1070 0.0000 102047.3397
777.8170 777.8170 0.0000 102066.9330
848.5280 848.5280 0.0000 102072.1579
919.2390 919.2390 0.0000 102061.7081
989.9490 989.9490 0.0000 102043.4211
1060.6600 1060.6600 0.0000 102015.9904
1131.3700 1131.3700 0.0000 101985.9474
1202.0800 1202.0800 0.0000 101962.4354
1272.7900 1272.7900 0.0000 101935.0048
1343.5000 1343.5000 0.0000 101912.7990
1414.2100 1414.2100 0.0000 101607.1435
1484.9200 1484.9200 0.0000 101774.3397
1555.6300 1555.6300 0.0000 101757.3589
1626.3500 1626.3500 0.0000 101746.9091
1697.0600 1697.0600 0.0000 101736.4593
1767.7700 1767.7700 0.0000 101723.3971
1838.4800 1838.4800 0.0000 101714.2536
1909.1900 1909.1900 0.0000 101706.4163
1979.9000 1979.9000 0.0000 101695.9665
2050.6100 2050.6100 0.0000 101688.1292
2121.3200 2121.3200 0.0000 101678.9856
2192.0300 2192.0300 0.0000 101672.4545
2262.7400 2262.7400 0.0000 101665.9234
2333.4500 2333.4500 0.0000 101658.0861
2404.1600 2404.1600 0.0000 101652.8612
2474.8700 2474.8700 0.0000 101647.6364
2545.5800 2545.5800 0.0000 101639.7990
2616.3000 2616.3000 0.0000 101634.5742
2687.0100 2687.0100 0.0000 101630.6555
2757.7200 2757.7200 0.0000 101624.1244
2828.4300 2828.4300 0.0000 101620.2057
2899.1400 2899.1400 0.0000 101616.2871
2969.8500 2969.8500 0.0000 101611.0622
3040.5600 3040.5600 0.0000 101604.5311
3111.2700 3111.2700 0.0000 101596.6938
