0.0000 0.0000 0.0000 1518230.0000
14.1421 14.1421 0.0000 1518230.0000
28.2843 28.2843 0.0000 1504160.0000
42.4264 42.4264 0.0000 1500780.0000
56.5685 56.5685 0.0000 1500780.0000
70.7107 70.7107 0.0000 1501800.0000
84.8528 84.8528 0.0000 1487980.0000
98.9949 98.9949 0.0000 1487980.0000
113.1370 113.1370 0.0000 1466650.0000
127.2790 127.2790 0.0000 1452490.0000
141.4210 141.4210 0.0000 1434010.0000
155.5630 155.5630 0.0000 1434010.0000
169.7060 169.7060 0.0000 1402690.0000
183.8480 183.8480 0.0000 1369880.0000
197.9900 197.9900 0.0000 1369880.0000
212.1320 212.1320 0.0000 1343930.0000
226.2740 226.2740 0.0000 1322900.0000
240.4160 240.4160 0.0000 1297910.0000
254.5580 254.5580 0.0000 1297910.0000
268.7010 268.7010 0.0000 1270470.0000
282.8430 282.8430 0.0000 1241110.0000
296.9850 296.9850 0.0000 1241110.0000
311.1270 311.1270 0.0000 1209150.0000
325.2690 325.2690 0.0000 1177790.0000
339.4110 339.4110 0.0000 1177790.0000
353.5530 353.5530 0.0000 1145970.0000
367.6960 367.6960 0.0000 1112790.0000
381.8380 381.8380 0.0000 1079740.0000
395.9800 395.9800 0.0000 1079740.0000
410.1220 410.1220 0.0000 1046380.0000
424.2640 424.2640 0.0000 1013140.0000
438.4060 438.4060 0.0000 1013140.0000
452.5480 452.5480 0.0000 980952.0000
466.6900 466.6900 0.0000 949123.0000
480.8330 480.8330 0.0000 917961.0000
494.9750 494.9750 0.0000 917961.0000
509.1170 509.1170 0.0000 887659.0000
523.2590 523.2590 0.0000 858481.0000
537.4010 537.4010 0.0000 858481.0000
551.5430 551.5430 0.0000 830350.0000
565.6850 565.6850 0.0000 803172.0000
579.8280 579.8280 0.0000 803172.0000
593.9700 593.9700 0.0000 776964.0000
608.1120 608.1120 0.0000 751662.0000
622.2540 622.2540 0.0000 727087.0000
636.3960 636.3960 0.0000 727087.0000
650.5380 650.5380 0.0000 703090.0000
664.6800 664.6800 0.0000 679682.0000
678.8230 678.8230 0.0000 679682.0000
692.9650 692.9650 0.0000 656842.0000
707.1070 707.1070 0.0000 634582.0000
721.2490 721.2490 0.0000 612931.0000
735.3910 735.3910 0.0000 612931.0000
749.5330 749.5330 0.0000 591970.0000
763.6750 763.6750 0.0000 571646.0000
777.8170 777.8170 0.0000 571646.0000
791.9600 791.9600 0.0000 551981.0000
806.1020 806.1020 0.0000 533238.0000
820.2440 820.2440 0.0000 515759.0000
834.3860 834.3860 0.0000 515759.0000
848.5280 848.5280 0.0000 499528.0000
862.6700 862.6700 0.0000 484455.0000
876.8120 876.8120 0.0000 484455.0000
890.9550 890.9550 0.0000 470242.0000
905.0970 905.0970 0.0000 456410.0000
919.2390 919.2390 0.0000 456410.0000
933.3810 933.3810 0.0000 442920.0000
947.5230 947.5230 0.0000 429949.0000
961.6650 961.6650 0.0000 417515.0000
975.8070 975.8070 0.0000 417515.0000
989.9490 989.9490 0.0000 405813.0000
1004.0900 1004.0900 0.0000 394609.0000
1018.2300 1018.2300 0.0000 394609.0000
1032.3800 1032.3800 0.0000 383827.0000
1046.5200 1046.5200 0.0000 373538.0000
1060.6600 1060.6600 0.0000 363878.0000
1074.8000 1074.8000 0.0000 363878.0000
1088.9400 1088.9400 0.0000 354732.0000
1103.0900 1103.0900 0.0000 346148.0000
1117.2300 1117.2300 0.0000 346148.0000
1131.3700 1131.3700 0.0000 338098.0000
1145.5100 1145.5100 0.0000 330530.0000
1159.6600 1159.6600 0.0000 330530.0000
1173.8000 1173.8000 0.0000 323481.0000
1187.9400 1187.9400 0.0000 316872.0000
1202.0800 1202.0800 0.0000 310684.0000
1216.2200 1216.2200 0.0000 310684.0000
1230.3700 1230.3700 0.0000 304910.0000
1244.5100 1244.5100 0.0000 299369.0000
1258.6500 1258.6500 0.0000 299369.0000
1272.7900 1272.7900 0.0000 294047.0000
1286.9300 1286.9300 0.0000 288848.0000
1301.0800 1301.0800 0.0000 283870.0000
1315.2200 1315.2200 0.0000 283870.0000
1329.3600 1329.3600 0.0000 279166.0000
1343.5000 1343.5000 0.0000 274699.0000
1357.6500 1357.6500 0.0000 274699.0000
1371.7900 1371.7900 0.0000 270424.0000
1385.9300 1385.9300 0.0000 266250.0000
1400.0700 1400.0700 0.0000 262230.0000
1414.2100 1414.2100 0.0000 262230.0000
1428.3600 1428.3600 0.0000 258384.0000
1442.5000 1442.5000 0.0000 254703.0000
1456.6400 1456.6400 0.0000 254703.0000
1470.7800 1470.7800 0.0000 251161.0000
1484.9200 1484.9200 0.0000 247718.0000
1499.0700 1499.0700 0.0000 247718.0000
1513.2100 1513.2100 0.0000 244368.0000
1527.3500 1527.3500 0.0000 241136.0000
1541.4900 1541.4900 0.0000 238026.0000
1555.6300 1555.6300 0.0000 238026.0000
1569.7800 1569.7800 0.0000 235018.0000
1583.9200 1583.9200 0.0000 232107.0000
1598.0600 1598.0600 0.0000 232107.0000
1612.2000 1612.2000 0.0000 229290.0000
1626.3500 1626.3500 0.0000 226579.0000
1640.4900 1640.4900 0.0000 223950.0000
1654.6300 1654.6300 0.0000 223950.0000
1668.7700 1668.7700 0.0000 221375.0000
1682.9100 1682.9100 0.0000 218856.0000
1697.0600 1697.0600 0.0000 218856.0000
1711.2000 1711.2000 0.0000 216396.0000
1725.3400 1725.3400 0.0000 213989.0000
1739.4800 1739.4800 0.0000 213989.0000
1753.6200 1753.6200 0.0000 208529.5709
1767.7700 1767.7700 0.0000 205113.7672
1781.9100 1781.9100 0.0000 205113.7672
1796.0500 1796.0500 0.0000 202553.4832
1810.1900 1810.1900 0.0000 200226.4277
1824.3400 1824.3400 0.0000 200226.4277
1838.4800 1838.4800 0.0000 198019.6470
1852.6200 1852.6200 0.0000 196293.9654
1866.7600 1866.7600 0.0000 196293.9654
1880.9000 1880.9000 0.0000 194726.2098
1895.0500 1895.0500 0.0000 193418.8752
1909.1900 1909.1900 0.0000 193418.8752
1923.3300 1923.3300 0.0000 191952.5688
1937.4700 1937.4700 0.0000 190448.6111
1951.6100 1951.6100 0.0000 190448.6111
1965.7600 1965.7600 0.0000 188947.7910
1979.9000 1979.9000 0.0000 187463.7049
1994.0400 1994.0400 0.0000 187463.7049
2008.1800 2008.1800 0.0000 186029.8203
2022.3300 2022.3300 0.0000 184686.9263
2036.4700 2036.4700 0.0000 184686.9263
2050.6100 2050.6100 0.0000 183471.6281
2064.7500 2064.7500 0.0000 182293.9811
2078.8900 2078.8900 0.0000 182250.0547
2093.0400 2093.0400 0.0000 181115.2883
2107.1800 2107.1800 0.0000 180001.4392
2121.3200 2121.3200 0.0000 180041.1822
2135.4600 2135.4600 0.0000 178936.7460
2149.6000 2149.6000 0.0000 177821.8511
2163.7500 2163.7500 0.0000 177794.6585
2177.8900 2177.8900 0.0000 176690.2223
2192.0300 2192.0300 0.0000 175585.7861
2206.1700 2206.1700 0.0000 175585.7861
2220.3200 2220.3200 0.0000 174503.3130
2234.4600 2234.4600 0.0000 173383.1888
2248.6000 2248.6000 0.0000 173394.6933
2262.7400 2262.7400 0.0000 172301.7617
2276.8800 2276.8800 0.0000 171223.4721
2291.0300 2291.0300 0.0000 171223.4721
2305.1700 2305.1700 0.0000 170195.3842
2319.3100 2319.3100 0.0000 169181.9385
2333.4500 2333.4500 0.0000 169181.9385
2347.5900 2347.5900 0.0000 168204.0522
2361.7400 2361.7400 0.0000 167256.4962
2375.8800 2375.8800 0.0000 167256.4962
2390.0200 2390.0200 0.0000 166336.1326
2404.1600 2404.1600 0.0000 165419.9526
2418.3100 2418.3100 0.0000 165419.9526
2432.4500 2432.4500 0.0000 164547.6990
2446.5900 2446.5900 0.0000 163693.2251
2460.7300 2460.7300 0.0000 163693.2251
2474.8700 2474.8700 0.0000 162851.3016
2489.0200 2489.0200 0.0000 162017.7451
2503.1600 2503.1600 0.0000 162017.7451
2517.3000 2517.3000 0.0000 161194.6473
2531.4400 2531.4400 0.0000 160371.5495
2545.5800 2545.5800 0.0000 160371.5495
2559.7300 2559.7300 0.0000 159575.6442
2573.8700 2573.8700 0.0000 158780.7848
2588.0100 2588.0100 0.0000 158780.7848
2602.1500 2602.1500 0.0000 158000.5675
2616.3000 2616.3000 0.0000 157231.8548
2630.4400 2630.4400 0.0000 157231.8548
2644.5800 2644.5800 0.0000 156484.0594
2658.7200 2658.7200 0.0000 155689.2000
2672.8600 2672.8600 0.0000 155689.2000
2687.0100 2687.0100 0.0000 154887.0196
2701.1500 2701.1500 0.0000 154086.9308
2715.2900 2715.2900 0.0000 154086.9308
2729.4300 2729.4300 0.0000 153319.2640
2743.5700 2743.5700 0.0000 152602.8446
2757.7200 2757.7200 0.0000 152602.8446
2771.8600 2771.8600 0.0000 151841.4530
2786.0000 2786.0000 0.0000 151153.2721
2800.1400 2800.1400 0.0000 151153.2721
2814.2800 2814.2800 0.0000 150542.4854
2828.4300 2828.4300 0.0000 149891.9557
2842.5700 2842.5700 0.0000 149891.9557
2856.7100 2856.7100 0.0000 149321.9578
2870.8500 2870.8500 0.0000 148773.9232
2885.0000 2885.0000 0.0000 148773.9232
2899.1400 2899.1400 0.0000 148240.5307
2913.2800 2913.2800 0.0000 147722.8262
2927.4200 2927.4200 0.0000 147722.8262
2941.5600 2941.5600 0.0000 147218.7180
2955.7100 2955.7100 0.0000 146741.8024
2969.8500 2969.8500 0.0000 145136.3955
2983.9900 2983.9900 0.0000 145136.3955
2998.1300 2998.1300 0.0000 144259.9584
3012.2700 3012.2700 0.0000 144259.9584
3026.4200 3026.4200 0.0000 144259.9584
3040.5600 3040.5600 0.0000 143676.3643
3054.7000 3054.7000 0.0000 143676.3643
3068.8400 3068.8400 0.0000 142804.1107
3082.9900 3082.9900 0.0000 142804.1107
3097.1300 3097.1300 0.0000 142804.1107
3111.2700 3111.2700 0.0000 142020.7558
3125.4100 3125.4100 0.0000 142020.7558
3139.5500 3139.5500 0.0000 141183.0158
3153.7000 3153.7000 0.0000 141183.0158
3167.8400 3167.8400 0.0000 141183.0158
3181.9800 3181.9800 0.0000 140347.3676
3196.1200 3196.1200 0.0000 140347.3676
3210.2600 3210.2600 0.0000 139548.3247
3224.4100 3224.4100 0.0000 139548.3247
3238.5500 3238.5500 0.0000 139548.3247
3252.6900 3252.6900 0.0000 138796.3459
3266.8300 3266.8300 0.0000 138796.3459
3280.9800 3280.9800 0.0000 138102.9356
3295.1200 3295.1200 0.0000 138102.9356
3309.2600 3309.2600 0.0000 138102.9356
3323.4000 3323.4000 0.0000 137446.1308
3337.5400 3337.5400 0.0000 137446.1308
3351.6900 3351.6900 0.0000 136839.5275
3365.8300 3365.8300 0.0000 136839.5275
3379.9700 3379.9700 0.0000 136839.5275
3394.1100 3394.1100 0.0000 136265.3462
3408.2500 3408.2500 0.0000 136265.3462
3422.4000 3422.4000 0.0000 135720.4491
3436.5400 3436.5400 0.0000 135720.4491
3450.6800 3450.6800 0.0000 135720.4491
3464.8200 3464.8200 0.0000 135118.0294
3478.9700 3478.9700 0.0000 135118.0294
3493.1100 3493.1100 0.0000 134561.6278
3507.2500 3507.2500 0.0000 134561.6278
3521.3900 3521.3900 0.0000 134036.6022
3535.5300 3535.5300 0.0000 134036.6022
3549.6800 3549.6800 0.0000 134036.6022
3563.8200 3563.8200 0.0000 133520.9895
3577.9600 3577.9600 0.0000 133520.9895
3592.1000 3592.1000 0.0000 133005.3767
3606.2400 3606.2400 0.0000 133005.3767
3620.3900 3620.3900 0.0000 133005.3767
3634.5300 3634.5300 0.0000 132483.4888
3648.6700 3648.6700 0.0000 132483.4888
3662.8100 3662.8100 0.0000 131977.2889
3676.9600 3676.9600 0.0000 131977.2889
3691.1000 3691.1000 0.0000 131977.2889
3705.2400 3705.2400 0.0000 131515.0154
3719.3800 3719.3800 0.0000 131515.0154
3733.5200 3733.5200 0.0000 131063.2005
3747.6700 3747.6700 0.0000 131063.2005
3761.8100 3761.8100 0.0000 131063.2005
3775.9500 3775.9500 0.0000 130643.8076
3790.0900 3790.0900 0.0000 130643.8076
3804.2300 3804.2300 0.0000 130239.0568
3818.3800 3818.3800 0.0000 130239.0568
3832.5200 3832.5200 0.0000 130239.0568
3846.6600 3846.6600 0.0000 129838.4895
3860.8000 3860.8000 0.0000 129838.4895
3874.9500 3874.9500 0.0000 129461.9772
3889.0900 3889.0900 0.0000 129461.9772
3903.2300 3903.2300 0.0000 129461.9772
3917.3700 3917.3700 0.0000 129102.1987
3931.5100 3931.5100 0.0000 129102.1987
3945.6600 3945.6600 0.0000 128758.1082
3959.8000 3959.8000 0.0000 128758.1082
3973.9400 3973.9400 0.0000 128758.1082
3988.0800 3988.0800 0.0000 128412.9719
4002.2200 4002.2200 0.0000 128412.9719
4016.3700 4016.3700 0.0000 128091.8906
4030.5100 4030.5100 0.0000 128091.8906
4044.6500 4044.6500 0.0000 128091.8906
4058.7900 4058.7900 0.0000 127774.9927
4072.9400 4072.9400 0.0000 127774.9927
4087.0800 4087.0800 0.0000 127463.3241
4101.2200 4101.2200 0.0000 127463.3241
4115.3600 4115.3600 0.0000 127463.3241
4129.5000 4129.5000 0.0000 127150.6097
4143.6500 4143.6500 0.0000 127150.6097
4157.7900 4157.7900 0.0000 126867.1796
4171.9300 4171.9300 0.0000 126867.1796
4186.0700 4186.0700 0.0000 126580.6118
4200.2100 4200.2100 0.0000 126580.6118
4214.3600 4214.3600 0.0000 126580.6118
4228.5000 4228.5000 0.0000 126323.3284
4242.6400 4242.6400 0.0000 126323.3284
4256.7800 4256.7800 0.0000 126043.0359
4270.9200 4270.9200 0.0000 126043.0359
4285.0700 4285.0700 0.0000 126043.0359
4299.2100 4299.2100 0.0000 125798.3028
4313.3500 4313.3500 0.0000 125798.3028
4327.4900 4327.4900 0.0000 125526.3772
4341.6400 4341.6400 0.0000 125526.3772
4355.7800 4355.7800 0.0000 125526.3772
4369.9200 4369.9200 0.0000 125285.8277
4384.0600 4384.0600 0.0000 125285.8277
4398.2000 4398.2000 0.0000 125039.0029
4412.3500 4412.3500 0.0000 125039.0029
4426.4900 4426.4900 0.0000 125039.0029
4440.6300 4440.6300 0.0000 124813.0955
4454.7700 4454.7700 0.0000 124813.0955
4468.9100 4468.9100 0.0000 124573.5918
4483.0600 4483.0600 0.0000 124573.5918
4497.2000 4497.2000 0.0000 124573.5918
4511.3400 4511.3400 0.0000 124366.5100
4525.4800 4525.4800 0.0000 124366.5100
4539.6300 4539.6300 0.0000 124137.4650
4553.7700 4553.7700 0.0000 124137.4650
4567.9100 4567.9100 0.0000 124137.4650
4582.0500 4582.0500 0.0000 123959.6675
4596.1900 4596.1900 0.0000 123959.6675
4610.3400 4610.3400 0.0000 123724.3473
4624.4800 4624.4800 0.0000 123724.3473
4638.6200 4638.6200 0.0000 123724.3473
4652.7600 4652.7600 0.0000 123542.3663
4666.9000 4666.9000 0.0000 123542.3663
4681.0500 4681.0500 0.0000 123329.0093
4695.1900 4695.1900 0.0000 123329.0093
4709.3300 4709.3300 0.0000 123329.0093
4723.4700 4723.4700 0.0000 123158.5329
4737.6200 4737.6200 0.0000 123158.5329
4751.7600 4751.7600 0.0000 122954.5887
4765.9000 4765.9000 0.0000 122954.5887
4780.0400 4780.0400 0.0000 122794.5710
4794.1800 4794.1800 0.0000 122794.5710
4808.3300 4808.3300 0.0000 122794.5710
4822.4700 4822.4700 0.0000 122590.6268
4836.6100 4836.6100 0.0000 122590.6268
4850.7500 4850.7500 0.0000 122438.9760
4864.8900 4864.8900 0.0000 122438.9760
4879.0400 4879.0400 0.0000 122438.9760
4893.1800 4893.1800 0.0000 122243.3987
4907.3200 4907.3200 0.0000 122243.3987
4921.4600 4921.4600 0.0000 122096.9772
4935.6100 4935.6100 0.0000 122096.9772
4949.7500 4949.7500 0.0000 122096.9772
4963.8900 4963.8900 0.0000 121908.7211
4978.0300 4978.0300 0.0000 121908.7211
4992.1700 4992.1700 0.0000 121769.6207
5006.3200 5006.3200 0.0000 121769.6207
5020.4600 5020.4600 0.0000 121769.6207
5034.6000 5034.6000 0.0000 121586.5938
5048.7400 5048.7400 0.0000 121586.5938
5062.8800 5062.8800 0.0000 121452.7228
5077.0300 5077.0300 0.0000 121452.7228
5091.1700 5091.1700 0.0000 121452.7228
5105.3100 5105.3100 0.0000 121282.2463
5119.4500 5119.4500 0.0000 121282.2463
5133.6000 5133.6000 0.0000 121144.1918
5147.7400 5147.7400 0.0000 121144.1918
5161.8800 5161.8800 0.0000 121144.1918
5176.0200 5176.0200 0.0000 120973.7154
5190.1600 5190.1600 0.0000 120973.7154
5204.3100 5204.3100 0.0000 120850.3030
5218.4500 5218.4500 0.0000 120850.3030
5232.5900 5232.5900 0.0000 120850.3030
5246.7300 5246.7300 0.0000 120684.0101
5260.8700 5260.8700 0.0000 120684.0101
5275.0200 5275.0200 0.0000 120563.7353
5289.1600 5289.1600 0.0000 120563.7353
5303.3000 5303.3000 0.0000 120563.7353
5317.4400 5317.4400 0.0000 120409.9927
5331.5900 5331.5900 0.0000 120409.9927
5345.7300 5345.7300 0.0000 120284.4886
5359.8700 5359.8700 0.0000 120284.4886
5374.0100 5374.0100 0.0000 120284.4886
5388.1500 5388.1500 0.0000 120122.3791
5402.3000 5402.3000 0.0000 120122.3791
5416.4400 5416.4400 0.0000 120013.6089
5430.5800 5430.5800 0.0000 120013.6089
5444.7200 5444.7200 0.0000 119866.1416
5458.8600 5458.8600 0.0000 119866.1416
5473.0100 5473.0100 0.0000 119866.1416
5487.1500 5487.1500 0.0000 119754.2337
5501.2900 5501.2900 0.0000 119754.2337
5515.4300 5515.4300 0.0000 119602.5829
5529.5800 5529.5800 0.0000 119602.5829
5543.7200 5543.7200 0.0000 119602.5829
5557.8600 5557.8600 0.0000 119497.9961
5572.0000 5572.0000 0.0000 119497.9961
5586.1400 5586.1400 0.0000 119349.4829
5600.2900 5600.2900 0.0000 119349.4829
5614.4300 5614.4300 0.0000 119349.4829
5628.5700 5628.5700 0.0000 119241.7586
5642.7100 5642.7100 0.0000 119241.7586
5656.8500 5656.8500 0.0000 119107.8875
5671.0000 5671.0000 0.0000 119107.8875
5685.1400 5685.1400 0.0000 119107.8875
5699.2800 5699.2800 0.0000 118999.1173
5713.4200 5713.4200 0.0000 118999.1173
5727.5600 5727.5600 0.0000 118870.4756
5741.7100 5741.7100 0.0000 118870.4756
5755.8500 5755.8500 0.0000 118870.4756
5769.9900 5769.9900 0.0000 118766.9347
5784.1300 5784.1300 0.0000 118766.9347
5798.2800 5798.2800 0.0000 118640.3847
5812.4200 5812.4200 0.0000 118640.3847
5826.5600 5826.5600 0.0000 118640.3847
5840.7000 5840.7000 0.0000 118535.7979
5854.8400 5854.8400 0.0000 118535.7979
5868.9900 5868.9900 0.0000 118408.2021
5883.1300 5883.1300 0.0000 118408.2021
5897.2700 5897.2700 0.0000 118408.2021
5911.4100 5911.4100 0.0000 118304.6612
5925.5500 5925.5500 0.0000 118304.6612
5939.7000 5939.7000 0.0000 118182.2947
5953.8400 5953.8400 0.0000 118182.2947
5967.9800 5967.9800 0.0000 118182.2947
5982.1200 5982.1200 0.0000 118082.9372
5996.2700 5996.2700 0.0000 118082.9372
6010.4100 6010.4100 0.0000 117960.5707
6024.5500 6024.5500 0.0000 117960.5707
6038.6900 6038.6900 0.0000 117860.1674
6052.8300 6052.8300 0.0000 117860.1674
6066.9800 6066.9800 0.0000 117860.1674
6081.1200 6081.1200 0.0000 117735.7092
6095.2600 6095.2600 0.0000 117735.7092
6109.4000 6109.4000 0.0000 117648.9022
6123.5400 6123.5400 0.0000 117648.9022
6137.6900 6137.6900 0.0000 117648.9022
6151.8300 6151.8300 0.0000 117529.6732
6165.9700 6165.9700 0.0000 117529.6732
6180.1100 6180.1100 0.0000 117441.8204
6194.2600 6194.2600 0.0000 117441.8204
6208.4000 6208.4000 0.0000 117441.8204
6222.5400 6222.5400 0.0000 117325.7291
6236.6800 6236.6800 0.0000 117325.7291
6250.8200 6250.8200 0.0000 117242.0596
6264.9700 6264.9700 0.0000 117242.0596
6279.1100 6279.1100 0.0000 117242.0596
6293.2500 6293.2500 0.0000 117127.0142
6307.3900 6307.3900 0.0000 117127.0142
6321.5300 6321.5300 0.0000 117041.2531
6335.6800 6335.6800 0.0000 117041.2531
6349.8200 6349.8200 0.0000 117041.2531
6363.9600 6363.9600 0.0000 116933.5287
6378.1000 6378.1000 0.0000 116933.5287
6392.2500 6392.2500 0.0000 116851.9510
6406.3900 6406.3900 0.0000 116851.9510
6420.5300 6420.5300 0.0000 116851.9510
6434.6700 6434.6700 0.0000 116735.8597
6448.8100 6448.8100 0.0000 116735.8597
6462.9600 6462.9600 0.0000 116655.3279
6477.1000 6477.1000 0.0000 116655.3279
6491.2400 6491.2400 0.0000 116655.3279
6505.3800 6505.3800 0.0000 116537.1449
6519.5200 6519.5200 0.0000 116537.1449
6533.6700 6533.6700 0.0000 116471.2552
6547.8100 6547.8100 0.0000 116471.2552
6561.9500 6561.9500 0.0000 116471.2552
6576.0900 6576.0900 0.0000 116355.1639
6590.2400 6590.2400 0.0000 116355.1639
6604.3800 6604.3800 0.0000 116299.7329
6618.5200 6618.5200 0.0000 116299.7329
6632.6600 6632.6600 0.0000 116299.7329
6646.8000 6646.8000 0.0000 116194.1003
6660.9500 6660.9500 0.0000 116194.1003
6675.0900 6675.0900 0.0000 116106.2474
6689.2300 6689.2300 0.0000 116106.2474
6703.3700 6703.3700 0.0000 116005.8441
6717.5100 6717.5100 0.0000 116005.8441
6731.6600 6731.6600 0.0000 116005.8441
6745.8000 6745.8000 0.0000 115930.5416
6759.9400 6759.9400 0.0000 115930.5416
6774.0800 6774.0800 0.0000 115840.5970
6788.2300 6788.2300 0.0000 115840.5970
6802.3700 6802.3700 0.0000 115840.5970
6816.5100 6816.5100 0.0000 115784.1202
6830.6500 6830.6500 0.0000 115784.1202
6844.7900 6844.7900 0.0000 115691.0379
6858.9400 6858.9400 0.0000 115691.0379
6873.0800 6873.0800 0.0000 115691.0379
6887.2200 6887.2200 0.0000 115623.0565
6901.3600 6901.3600 0.0000 115623.0565
6915.5000 6915.5000 0.0000 115538.3413
6929.6500 6929.6500 0.0000 115538.3413
6943.7900 6943.7900 0.0000 115538.3413
6957.9300 6957.9300 0.0000 115482.9103
6972.0700 6972.0700 0.0000 115482.9103
6986.2100 6986.2100 0.0000 115391.9198
7000.3600 7000.3600 0.0000 115391.9198
7014.5000 7014.5000 0.0000 115391.9198
7028.6400 7028.6400 0.0000 115340.6723
7042.7800 7042.7800 0.0000 115340.6723
7056.9300 7056.9300 0.0000 115251.7735
7071.0700 7071.0700 0.0000 115251.7735
7085.2100 7085.2100 0.0000 115251.7735
7099.3500 7099.3500 0.0000 115185.8839
7113.4900 7113.4900 0.0000 115185.8839
7127.6400 7127.6400 0.0000 115110.5814
7141.7800 7141.7800 0.0000 115110.5814
7155.9200 7155.9200 0.0000 115110.5814
7170.0600 7170.0600 0.0000 115055.1504
7184.2000 7184.2000 0.0000 115055.1504
7198.3500 7198.3500 0.0000 114982.9855
7212.4900 7212.4900 0.0000 114982.9855
7226.6300 7226.6300 0.0000 114982.9855
7240.7700 7240.7700 0.0000 114920.2335
7254.9200 7254.9200 0.0000 114920.2335
7269.0600 7269.0600 0.0000 114856.4356
7283.2000 7283.2000 0.0000 114856.4356
7297.3400 7297.3400 0.0000 114785.3166
7311.4800 7311.4800 0.0000 114785.3166
7325.6300 7325.6300 0.0000 114785.3166
7339.7700 7339.7700 0.0000 114739.2984
7353.9100 7353.9100 0.0000 114739.2984
7368.0500 7368.0500 0.0000 114639.9410
7382.1900 7382.1900 0.0000 114639.9410
7396.3400 7396.3400 0.0000 114639.9410
7410.4800 7410.4800 0.0000 114612.7484
7424.6200 7424.6200 0.0000 114612.7484
7438.7600 7438.7600 0.0000 114541.6294
7452.9100 7452.9100 0.0000 114541.6294
7467.0500 7467.0500 0.0000 114541.6294
7481.1900 7481.1900 0.0000 114495.6112
7495.3300 7495.3300 0.0000 114495.6112
7509.4700 7509.4700 0.0000 114382.6575
7523.6200 7523.6200 0.0000 114382.6575
7537.7600 7537.7600 0.0000 114382.6575
7551.9000 7551.9000 0.0000 114382.6575
7566.0400 7566.0400 0.0000 114382.6575
7580.1800 7580.1800 0.0000 114291.6670
7594.3300 7594.3300 0.0000 114291.6670
7608.4700 7608.4700 0.0000 114291.6670
7622.6100 7622.6100 0.0000 114272.8414
7636.7500 7636.7500 0.0000 114272.8414
7650.9000 7650.9000 0.0000 114181.8509
7665.0400 7665.0400 0.0000 114181.8509
7679.1800 7679.1800 0.0000 114181.8509
7693.3200 7693.3200 0.0000 114165.1170
7707.4600 7707.4600 0.0000 114165.1170
7721.6100 7721.6100 0.0000 114062.6220
7735.7500 7735.7500 0.0000 114062.6220
7749.8900 7749.8900 0.0000 114062.6220
7764.0300 7764.0300 0.0000 114062.6220
7778.1700 7778.1700 0.0000 114062.6220
