0.0000 0.0000 0.0000 2158760.0000
14.1421 14.1421 0.0000 2176490.0000
28.2843 28.2843 0.0000 2154910.0000
42.4264 42.4264 0.0000 1847840.0000
56.5685 56.5685 0.0000 1713950.0000
70.7107 70.7107 0.0000 1487780.0000
84.8528 84.8528 0.0000 1380410.0000
98.9949 98.9949 0.0000 1260170.0000
113.1370 113.1370 0.0000 1009980.0000
127.2790 127.2790 0.0000 884749.0000
141.4210 141.4210 0.0000 672201.0000
155.5630 155.5630 0.0000 591779.0000
169.7060 169.7060 0.0000 528883.0000
183.8480 183.8480 0.0000 435687.0000
197.9900 197.9900 0.0000 403661.0000
212.1320 212.1320 0.0000 355171.0000
226.2740 226.2740 0.0000 334547.0000
240.4160 240.4160 0.0000 299775.0000
254.5580 254.5580 0.0000 284826.0000
268.7010 268.7010 0.0000 271602.0000
282.8430 282.8430 0.0000 248990.0000
296.9850 296.9850 0.0000 239365.0000
311.1270 311.1270 0.0000 222893.0000
325.2690 325.2690 0.0000 215829.0000
339.4110 339.4110 0.0000 209419.0000
353.5530 353.5530 0.0000 198228.0000
367.6960 367.6960 0.0000 193323.0000
381.8380 381.8380 0.0000 184646.0000
395.9800 395.9800 0.0000 180797.0000
410.1220 410.1220 0.0000 173914.0000
424.2640 424.2640 0.0000 170830.0000
438.4060 438.4060 0.0000 167958.0000
452.5480 452.5480 0.0000 162764.0000
466.6900 466.6900 0.0000 160409.0000
480.8330 480.8330 0.0000 156130.0000
494.9750 494.9750 0.0000 154181.0000
509.1170 509.1170 0.0000 152342.0000
523.2590 523.2590 0.0000 148972.0000
537.4010 537.4010 0.0000 147424.0000
551.5430 551.5430 0.0000 144569.0000
565.6850 565.6850 0.0000 143255.0000
579.8280 579.8280 0.0000 141969.0000
593.9700 593.9700 0.0000 139587.0000
608.1120 608.1120 0.0000 138445.0000
622.2540 622.2540 0.0000 136248.0000
636.3960 636.3960 0.0000 135202.0000
650.5380 650.5380 0.0000 133124.0000
664.6800 664.6800 0.0000 132201.0000
678.8230 678.8230 0.0000 131301.0000
692.9650 692.9650 0.0000 129565.0000
707.1070 707.1070 0.0000 128733.0000
721.2490 721.2490 0.0000 127256.0000
735.3910 735.3910 0.0000 126600.0000
749.5330 749.5330 0.0000 125978.0000
763.6750 763.6750 0.0000 124828.0000
777.8170 777.8170 0.0000 124277.0000
791.9600 791.9600 0.0000 123239.0000
806.1020 806.1020 0.0000 122781.0000
820.2440 820.2440 0.0000 121912.0000
834.3860 834.3860 0.0000 121472.0000
848.5280 848.5280 0.0000 121123.0000
862.6700 862.6700 0.0000 120394.0000
876.8120 876.8120 0.0000 120022.0000
890.9550 890.9550 0.0000 119393.0000
905.0970 905.0970 0.0000 119079.0000
919.2390 919.2390 0.0000 118811.0000
933.3810 933.3810 0.0000 118236.0000
947.5230 947.5230 0.0000 117891.0000
961.6650 961.6650 0.0000 117335.0000
975.8070 975.8070 0.0000 117170.0000
989.9490 989.9490 0.0000 116815.0000
1004.0900 1004.0900 0.0000 116318.0000
1018.2300 1018.2300 0.0000 116186.0000
1032.3800 1032.3800 0.0000 115716.0000
1046.5200 1046.5200 0.0000 115405.0000
1060.6600 1060.6600 0.0000 114978.0000
1074.8000 1074.8000 0.0000 114852.0000
1088.9400 1088.9400 0.0000 114569.0000
1103.0900 1103.0900 0.0000 114179.0000
1117.2300 1117.2300 0.0000 114054.0000
1131.3700 1131.3700 0.0000 113687.0000
1145.5100 1145.5100 0.0000 113525.8547
1159.6600 1159.6600 0.0000 113263.0955
1173.8000 1173.8000 0.0000 112852.5342
1187.9400 1187.9400 0.0000 112673.9401
1202.0800 1202.0800 0.0000 112552.8245
1216.2200 1216.2200 0.0000 112079.6526
1230.3700 1230.3700 0.0000 111987.2763
1244.5100 1244.5100 0.0000 111727.5963
1258.6500 1258.6500 0.0000 111410.4377
1272.7900 1272.7900 0.0000 111410.4377
1286.9300 1286.9300 0.0000 111193.8667
1301.0800 1301.0800 0.0000 110791.5166
1315.2200 1315.2200 0.0000 110791.5166
1329.3600 1329.3600 0.0000 110655.0050
1343.5000 1343.5000 0.0000 110490.7805
1357.6500 1357.6500 0.0000 110490.7805
1371.7900 1371.7900 0.0000 110291.6583
1385.9300 1385.9300 0.0000 110138.7242
1400.0700 1400.0700 0.0000 110138.7242
1414.2100 1414.2100 0.0000 110004.2654
1428.3600 1428.3600 0.0000 109898.5458
1442.5000 1442.5000 0.0000 109898.5458
1456.6400 1456.6400 0.0000 109784.6151
1470.7800 1470.7800 0.0000 109672.7371
1484.9200 1484.9200 0.0000 109672.7371
1499.0700 1499.0700 0.0000 109564.9648
1513.2100 1513.2100 0.0000 109470.5357
1527.3500 1527.3500 0.0000 109470.5357
1541.4900 1541.4900 0.0000 109380.2122
1555.6300 1555.6300 0.0000 109290.9151
1569.7800 1569.7800 0.0000 109290.9151
1583.9200 1583.9200 0.0000 109201.6181
1598.0600 1598.0600 0.0000 109113.3474
1612.2000 1612.2000 0.0000 109113.3474
1626.3500 1626.3500 0.0000 109025.0767
1640.4900 1640.4900 0.0000 108937.8324
1654.6300 1654.6300 0.0000 108937.8324
1668.7700 1668.7700 0.0000 108850.5882
1682.9100 1682.9100 0.0000 108765.3967
1697.0600 1697.0600 0.0000 108765.3967
1711.2000 1711.2000 0.0000 108681.2317
1725.3400 1725.3400 0.0000 108598.0930
1739.4800 1739.4800 0.0000 108598.0930
1753.6200 1753.6200 0.0000 108515.9807
1767.7700 1767.7700 0.0000 108436.9477
1781.9100 1781.9100 0.0000 108436.9477
1796.0500 1796.0500 0.0000 108362.0203
1810.1900 1810.1900 0.0000 108291.1984
1824.3400 1824.3400 0.0000 108291.1984
1838.4800 1838.4800 0.0000 108222.4294
1852.6200 1852.6200 0.0000 108154.6868
1866.7600 1866.7600 0.0000 108154.6868
1880.9000 1880.9000 0.0000 108087.9706
1895.0500 1895.0500 0.0000 108021.2544
1909.1900 1909.1900 0.0000 108021.2544
1923.3300 1923.3300 0.0000 107954.5382
1937.4700 1937.4700 0.0000 107887.8220
1951.6100 1951.6100 0.0000 107887.8220
1965.7600 1965.7600 0.0000 107822.1322
1979.9000 1979.9000 0.0000 107756.4424
1994.0400 1994.0400 0.0000 107756.4424
2008.1800 2008.1800 0.0000 107690.7526
2022.3300 2022.3300 0.0000 107626.0892
2036.4700 2036.4700 0.0000 107562.4522
2050.6100 2050.6100 0.0000 107562.4522
2064.7500 2064.7500 0.0000 107498.8152
2078.8900 2078.8900 0.0000 107436.2046
2093.0400 2093.0400 0.0000 107436.2046
2107.1800 2107.1800 0.0000 107374.6204
2121.3200 2121.3200 0.0000 107313.0362
2135.4600 2135.4600 0.0000 107313.0362
2149.6000 2149.6000 0.0000 107252.4784
2163.7500 2163.7500 0.0000 107193.9734
2177.8900 2177.8900 0.0000 107193.9734
2192.0300 2192.0300 0.0000 107135.4684
2206.1700 2206.1700 0.0000 107077.9899
2220.3200 2220.3200 0.0000 107077.9899
2234.4600 2234.4600 0.0000 107020.5113
2248.6000 2248.6000 0.0000 106965.0855
2262.7400 2262.7400 0.0000 106965.0855
2276.8800 2276.8800 0.0000 106910.6862
2291.0300 2291.0300 0.0000 106856.2868
2305.1700 2305.1700 0.0000 106856.2868
2319.3100 2319.3100 0.0000 106802.9138
2333.4500 2333.4500 0.0000 106640.7421
2347.5900 2347.5900 0.0000 106640.7421
2361.7400 2361.7400 0.0000 106640.7421
2375.8800 2375.8800 0.0000 106473.4384
2390.0200 2390.0200 0.0000 106473.4384
2404.1600 2404.1600 0.0000 106291.7650
2418.3100 2418.3100 0.0000 106291.7650
2432.4500 2432.4500 0.0000 106291.7650
2446.5900 2446.5900 0.0000 106158.3326
2460.7300 2460.7300 0.0000 106158.3326
2474.8700 2474.8700 0.0000 106025.9266
2489.0200 2489.0200 0.0000 106025.9266
2503.1600 2503.1600 0.0000 106025.9266
2517.3000 2517.3000 0.0000 105913.0223
2531.4400 2531.4400 0.0000 105913.0223
2545.5800 2545.5800 0.0000 105810.3819
2559.7300 2559.7300 0.0000 105810.3819
2573.8700 2573.8700 0.0000 105810.3819
2588.0100 2588.0100 0.0000 105716.9792
2602.1500 2602.1500 0.0000 105716.9792
2616.3000 2616.3000 0.0000 105629.7350
2630.4400 2630.4400 0.0000 105629.7350
2644.5800 2644.5800 0.0000 105629.7350
2658.7200 2658.7200 0.0000 105549.6755
2672.8600 2672.8600 0.0000 105549.6755
2687.0100 2687.0100 0.0000 105473.7217
2701.1500 2701.1500 0.0000 105473.7217
2715.2900 2715.2900 0.0000 105473.7217
2729.4300 2729.4300 0.0000 105401.8735
2743.5700 2743.5700 0.0000 105401.8735
2757.7200 2757.7200 0.0000 105334.1309
2771.8600 2771.8600 0.0000 105334.1309
2786.0000 2786.0000 0.0000 105334.1309
2800.1400 2800.1400 0.0000 105270.4939
2814.2800 2814.2800 0.0000 105270.4939
2828.4300 2828.4300 0.0000 105210.9625
2842.5700 2842.5700 0.0000 105210.9625
2856.7100 2856.7100 0.0000 105210.9625
2870.8500 2870.8500 0.0000 105154.5103
2885.0000 2885.0000 0.0000 105154.5103
2899.1400 2899.1400 0.0000 105101.1373
2913.2800 2913.2800 0.0000 105101.1373
2927.4200 2927.4200 0.0000 105101.1373
2941.5600 2941.5600 0.0000 105050.8436
2955.7100 2955.7100 0.0000 105050.8436
2969.8500 2969.8500 0.0000 105002.6026
2983.9900 2983.9900 0.0000 105002.6026
2998.1300 2998.1300 0.0000 105002.6026
3012.2700 3012.2700 0.0000 104957.4409
3026.4200 3026.4200 0.0000 104957.4409
3040.5600 3040.5600 0.0000 104913.3055
3054.7000 3054.7000 0.0000 104913.3055
3068.8400 3068.8400 0.0000 104913.3055
3082.9900 3082.9900 0.0000 104872.2494
3097.1300 3097.1300 0.0000 104872.2494
3111.2700 3111.2700 0.0000 104832.2197
3125.4100 3125.4100 0.0000 104832.2197
3139.5500 3139.5500 0.0000 104832.2197
3153.7000 3153.7000 0.0000 104793.2164
3167.8400 3167.8400 0.0000 104793.2164
3181.9800 3181.9800 0.0000 104756.2659
3196.1200 3196.1200 0.0000 104756.2659
3210.2600 3210.2600 0.0000 104756.2659
3224.4100 3224.4100 0.0000 104720.3417
3238.5500 3238.5500 0.0000 104720.3417
3252.6900 3252.6900 0.0000 104686.4704
3266.8300 3266.8300 0.0000 104686.4704
3280.9800 3280.9800 0.0000 104686.4704
3295.1200 3295.1200 0.0000 104652.5991
3309.2600 3309.2600 0.0000 104652.5991
3323.4000 3323.4000 0.0000 104620.7806
3337.5400 3337.5400 0.0000 104620.7806
3351.6900 3351.6900 0.0000 104620.7806
3365.8300 3365.8300 0.0000 104588.9621
3379.9700 3379.9700 0.0000 104588.9621
3394.1100 3394.1100 0.0000 104559.1964
3408.2500 3408.2500 0.0000 104559.1964
3422.4000 3422.4000 0.0000 104559.1964
3436.5400 3436.5400 0.0000 104529.4308
3450.6800 3450.6800 0.0000 104529.4308
3464.8200 3464.8200 0.0000 104500.6915
3478.9700 3478.9700 0.0000 104500.6915
3493.1100 3493.1100 0.0000 104500.6915
3507.2500 3507.2500 0.0000 104474.0050
3521.3900 3521.3900 0.0000 104474.0050
3535.5300 3535.5300 0.0000 104446.2921
3549.6800 3549.6800 0.0000 104446.2921
3563.8200 3563.8200 0.0000 104446.2921
3577.9600 3577.9600 0.0000 104420.6320
3592.1000 3592.1000 0.0000 104420.6320
3606.2400 3606.2400 0.0000 104394.9719
3620.3900 3620.3900 0.0000 104394.9719
3634.5300 3634.5300 0.0000 104394.9719
3648.6700 3648.6700 0.0000 104370.3383
3662.8100 3662.8100 0.0000 104370.3383
3676.9600 3676.9600 0.0000 104346.7310
3691.1000 3691.1000 0.0000 104346.7310
3705.2400 3705.2400 0.0000 104346.7310
3719.3800 3719.3800 0.0000 104323.1237
3733.5200 3733.5200 0.0000 104323.1237
3747.6700 3747.6700 0.0000 104300.5428
3761.8100 3761.8100 0.0000 104300.5428
3775.9500 3775.9500 0.0000 104300.5428
3790.0900 3790.0900 0.0000 104277.9620
3804.2300 3804.2300 0.0000 104277.9620
3818.3800 3818.3800 0.0000 104255.3811
3832.5200 3832.5200 0.0000 104255.3811
3846.6600 3846.6600 0.0000 104255.3811
3860.8000 3860.8000 0.0000 104234.8530
3874.9500 3874.9500 0.0000 104234.8530
3889.0900 3889.0900 0.0000 104213.2986
3903.2300 3903.2300 0.0000 104213.2986
3917.3700 3917.3700 0.0000 104213.2986
3931.5100 3931.5100 0.0000 104193.7969
3945.6600 3945.6600 0.0000 104193.7969
3959.8000 3959.8000 0.0000 104173.2688
3973.9400 3973.9400 0.0000 104173.2688
3988.0800 3988.0800 0.0000 104173.2688
4002.2200 4002.2200 0.0000 104153.7672
4016.3700 4016.3700 0.0000 104153.7672
4030.5100 4030.5100 0.0000 104135.2919
4044.6500 4044.6500 0.0000 104135.2919
4058.7900 4058.7900 0.0000 104135.2919
4072.9400 4072.9400 0.0000 104115.7903
4087.0800 4087.0800 0.0000 104115.7903
4101.2200 4101.2200 0.0000 104097.3150
4115.3600 4115.3600 0.0000 104097.3150
4129.5000 4129.5000 0.0000 104097.3150
4143.6500 4143.6500 0.0000 104079.8662
4157.7900 4157.7900 0.0000 104079.8662
4171.9300 4171.9300 0.0000 104062.4173
4186.0700 4186.0700 0.0000 104062.4173
4200.2100 4200.2100 0.0000 104062.4173
4214.3600 4214.3600 0.0000 104044.9684
4228.5000 4228.5000 0.0000 104044.9684
4242.6400 4242.6400 0.0000 104027.5196
4256.7800 4256.7800 0.0000 104027.5196
4270.9200 4270.9200 0.0000 104027.5196
4285.0700 4285.0700 0.0000 104011.0971
4299.2100 4299.2100 0.0000 104011.0971
4313.3500 4313.3500 0.0000 103994.6747
4327.4900 4327.4900 0.0000 103994.6747
4341.6400 4341.6400 0.0000 103994.6747
4355.7800 4355.7800 0.0000 103979.2786
4369.9200 4369.9200 0.0000 103979.2786
4384.0600 4384.0600 0.0000 103963.8826
4398.2000 4398.2000 0.0000 103963.8826
4412.3500 4412.3500 0.0000 103963.8826
4426.4900 4426.4900 0.0000 103947.4601
4440.6300 4440.6300 0.0000 103947.4601
4454.7700 4454.7700 0.0000 103933.0905
4468.9100 4468.9100 0.0000 103933.0905
4483.0600 4483.0600 0.0000 103933.0905
4497.2000 4497.2000 0.0000 103917.6945
4511.3400 4511.3400 0.0000 103917.6945
4525.4800 4525.4800 0.0000 103903.3248
4539.6300 4539.6300 0.0000 103903.3248
4553.7700 4553.7700 0.0000 103903.3248
4567.9100 4567.9100 0.0000 103888.9552
4582.0500 4582.0500 0.0000 103888.9552
4596.1900 4596.1900 0.0000 103874.5855
4610.3400 4610.3400 0.0000 103874.5855
4624.4800 4624.4800 0.0000 103874.5855
4638.6200 4638.6200 0.0000 103860.2159
4652.7600 4652.7600 0.0000 103860.2159
4666.9000 4666.9000 0.0000 103846.8726
4681.0500 4681.0500 0.0000 103846.8726
4695.1900 4695.1900 0.0000 103846.8726
4709.3300 4709.3300 0.0000 103833.5294
4723.4700 4723.4700 0.0000 103833.5294
4737.6200 4737.6200 0.0000 103820.1862
4751.7600 4751.7600 0.0000 103820.1862
4765.9000 4765.9000 0.0000 103820.1862
4780.0400 4780.0400 0.0000 103806.8429
4794.1800 4794.1800 0.0000 103806.8429
4808.3300 4808.3300 0.0000 103794.5261
4822.4700 4822.4700 0.0000 103794.5261
4836.6100 4836.6100 0.0000 103794.5261
4850.7500 4850.7500 0.0000 103781.1828
4864.8900 4864.8900 0.0000 103781.1828
4879.0400 4879.0400 0.0000 103768.8660
4893.1800 4893.1800 0.0000 103768.8660
4907.3200 4907.3200 0.0000 103768.8660
4921.4600 4921.4600 0.0000 103756.5492
4935.6100 4935.6100 0.0000 103756.5492
4949.7500 4949.7500 0.0000 103744.2323
4963.8900 4963.8900 0.0000 103744.2323
4978.0300 4978.0300 0.0000 103744.2323
4992.1700 4992.1700 0.0000 103732.9419
5006.3200 5006.3200 0.0000 103732.9419
5020.4600 5020.4600 0.0000 103720.6250
5034.6000 5034.6000 0.0000 103720.6250
5048.7400 5048.7400 0.0000 103720.6250
5062.8800 5062.8800 0.0000 103709.3346
5077.0300 5077.0300 0.0000 103709.3346
5091.1700 5091.1700 0.0000 103698.0442
5105.3100 5105.3100 0.0000 103698.0442
5119.4500 5119.4500 0.0000 103698.0442
5133.6000 5133.6000 0.0000 103686.7537
5147.7400 5147.7400 0.0000 103686.7537
5161.8800 5161.8800 0.0000 103675.4633
5176.0200 5176.0200 0.0000 103675.4633
5190.1600 5190.1600 0.0000 103675.4633
5204.3100 5204.3100 0.0000 103664.1729
5218.4500 5218.4500 0.0000 103664.1729
5232.5900 5232.5900 0.0000 103653.9088
5246.7300 5246.7300 0.0000 103653.9088
5260.8700 5260.8700 0.0000 103653.9088
5275.0200 5275.0200 0.0000 103643.6448
5289.1600 5289.1600 0.0000 103643.6448
5303.3000 5303.3000 0.0000 103632.3544
5317.4400 5317.4400 0.0000 103632.3544
5331.5900 5331.5900 0.0000 103632.3544
5345.7300 5345.7300 0.0000 103622.0903
5359.8700 5359.8700 0.0000 103622.0903
5374.0100 5374.0100 0.0000 103611.8263
5388.1500 5388.1500 0.0000 103611.8263
5402.3000 5402.3000 0.0000 103611.8263
5416.4400 5416.4400 0.0000 103601.5623
5430.5800 5430.5800 0.0000 103601.5623
5444.7200 5444.7200 0.0000 103592.3246
5458.8600 5458.8600 0.0000 103592.3246
5473.0100 5473.0100 0.0000 103592.3246
5487.1500 5487.1500 0.0000 103582.0606
5501.2900 5501.2900 0.0000 103582.0606
5515.4300 5515.4300 0.0000 103572.8230
5529.5800 5529.5800 0.0000 103572.8230
5543.7200 5543.7200 0.0000 103572.8230
5557.8600 5557.8600 0.0000 103562.5590
5572.0000 5572.0000 0.0000 103562.5590
5586.1400 5586.1400 0.0000 103553.3213
5600.2900 5600.2900 0.0000 103553.3213
5614.4300 5614.4300 0.0000 103553.3213
5628.5700 5628.5700 0.0000 103544.0837
5642.7100 5642.7100 0.0000 103544.0837
5656.8500 5656.8500 0.0000 103534.8461
5671.0000 5671.0000 0.0000 103534.8461
5685.1400 5685.1400 0.0000 103534.8461
5699.2800 5699.2800 0.0000 103525.6084
5713.4200 5713.4200 0.0000 103525.6084
5727.5600 5727.5600 0.0000 103516.3708
5741.7100 5741.7100 0.0000 103516.3708
5755.8500 5755.8500 0.0000 103516.3708
5769.9900 5769.9900 0.0000 103508.1596
5784.1300 5784.1300 0.0000 103508.1596
5798.2800 5798.2800 0.0000 103498.9220
5812.4200 5812.4200 0.0000 103498.9220
5826.5600 5826.5600 0.0000 103498.9220
5840.7000 5840.7000 0.0000 103490.7107
5854.8400 5854.8400 0.0000 103490.7107
5868.9900 5868.9900 0.0000 103481.4731
5883.1300 5883.1300 0.0000 103481.4731
5897.2700 5897.2700 0.0000 103481.4731
5911.4100 5911.4100 0.0000 103473.2619
5925.5500 5925.5500 0.0000 103473.2619
5939.7000 5939.7000 0.0000 103465.0506
5953.8400 5953.8400 0.0000 103465.0506
5967.9800 5967.9800 0.0000 103465.0506
5982.1200 5982.1200 0.0000 103456.8394
5996.2700 5996.2700 0.0000 103456.8394
6010.4100 6010.4100 0.0000 103448.6282
6024.5500 6024.5500 0.0000 103448.6282
6038.6900 6038.6900 0.0000 103448.6282
6052.8300 6052.8300 0.0000 103440.4170
6066.9800 6066.9800 0.0000 103440.4170
6081.1200 6081.1200 0.0000 103432.2057
6095.2600 6095.2600 0.0000 103432.2057
6109.4000 6109.4000 0.0000 103432.2057
6123.5400 6123.5400 0.0000 103423.9945
6137.6900 6137.6900 0.0000 103423.9945
6151.8300 6151.8300 0.0000 103416.8097
6165.9700 6165.9700 0.0000 103416.8097
6180.1100 6180.1100 0.0000 103416.8097
6194.2600 6194.2600 0.0000 103408.5985
6208.4000 6208.4000 0.0000 103408.5985
6222.5400 6222.5400 0.0000 103400.3872
6236.6800 6236.6800 0.0000 103400.3872
6250.8200 6250.8200 0.0000 103400.3872
6264.9700 6264.9700 0.0000 103393.2024
6279.1100 6279.1100 0.0000 103393.2024
6293.2500 6293.2500 0.0000 103386.0176
6307.3900 6307.3900 0.0000 103386.0176
6321.5300 6321.5300 0.0000 103386.0176
6335.6800 6335.6800 0.0000 103377.8064
6349.8200 6349.8200 0.0000 103377.8064
6363.9600 6363.9600 0.0000 103370.6216
6378.1000 6378.1000 0.0000 103370.6216
6392.2500 6392.2500 0.0000 103370.6216
6406.3900 6406.3900 0.0000 103363.4367
6420.5300 6420.5300 0.0000 103363.4367
6434.6700 6434.6700 0.0000 103356.2519
6448.8100 6448.8100 0.0000 103356.2519
6462.9600 6462.9600 0.0000 103356.2519
6477.1000 6477.1000 0.0000 103349.0671
6491.2400 6491.2400 0.0000 103349.0671
6505.3800 6505.3800 0.0000 103341.8823
6519.5200 6519.5200 0.0000 103341.8823
6533.6700 6533.6700 0.0000 103341.8823
6547.8100 6547.8100 0.0000 103334.6974
6561.9500 6561.9500 0.0000 103334.6974
6576.0900 6576.0900 0.0000 103328.5390
6590.2400 6590.2400 0.0000 103328.5390
6604.3800 6604.3800 0.0000 103328.5390
6618.5200 6618.5200 0.0000 103321.3542
6632.6600 6632.6600 0.0000 103321.3542
6646.8000 6646.8000 0.0000 103314.1694
6660.9500 6660.9500 0.0000 103314.1694
6675.0900 6675.0900 0.0000 103314.1694
6689.2300 6689.2300 0.0000 103308.0110
6703.3700 6703.3700 0.0000 103308.0110
6717.5100 6717.5100 0.0000 103300.8261
6731.6600 6731.6600 0.0000 103300.8261
6745.8000 6745.8000 0.0000 103300.8261
6759.9400 6759.9400 0.0000 103294.6677
6774.0800 6774.0800 0.0000 103294.6677
6788.2300 6788.2300 0.0000 103287.4829
6802.3700 6802.3700 0.0000 103287.4829
6816.5100 6816.5100 0.0000 103287.4829
6830.6500 6830.6500 0.0000 103278.2453
6844.7900 6844.7900 0.0000 103278.2453
6858.9400 6858.9400 0.0000 103269.0076
6873.0800 6873.0800 0.0000 103269.0076
6887.2200 6887.2200 0.0000 103269.0076
6901.3600 6901.3600 0.0000 103258.7436
6915.5000 6915.5000 0.0000 103258.7436
6929.6500 6929.6500 0.0000 103245.4004
6943.7900 6943.7900 0.0000 103245.4004
6957.9300 6957.9300 0.0000 103245.4004
6972.0700 6972.0700 0.0000 103226.9251
6986.2100 6986.2100 0.0000 103226.9251
