0.0000 0.0000 0.0000 1207560.0000
14.1421 14.1421 0.0000 1207560.0000
28.2843 28.2843 0.0000 1189940.0000
42.4264 42.4264 0.0000 1181550.0000
56.5685 56.5685 0.0000 1169300.0000
70.7107 70.7107 0.0000 1145480.0000
84.8528 84.8528 0.0000 1122470.0000
98.9949 98.9949 0.0000 1094590.0000
113.1370 113.1370 0.0000 1060130.0000
127.2790 127.2790 0.0000 1025680.0000
141.4210 141.4210 0.0000 991895.0000
155.5630 155.5630 0.0000 958314.0000
169.7060 169.7060 0.0000 925393.0000
183.8480 183.8480 0.0000 890654.0000
197.9900 197.9900 0.0000 854707.0000
212.1320 212.1320 0.0000 817725.0000
226.2740 226.2740 0.0000 779754.0000
240.4160 240.4160 0.0000 742598.0000
254.5580 254.5580 0.0000 707287.0000
268.7010 268.7010 0.0000 673840.0000
282.8430 282.8430 0.0000 673840.0000
296.9850 296.9850 0.0000 641979.0000
311.1270 311.1270 0.0000 611393.0000
325.2690 325.2690 0.0000 581862.0000
339.4110 339.4110 0.0000 553714.0000
353.5530 353.5530 0.0000 527110.0000
367.6960 367.6960 0.0000 501909.0000
381.8380 381.8380 0.0000 477871.0000
395.9800 395.9800 0.0000 455153.0000
410.1220 410.1220 0.0000 434168.0000
424.2640 424.2640 0.0000 415019.0000
438.4060 438.4060 0.0000 397849.0000
452.5480 452.5480 0.0000 382037.0000
466.6900 466.6900 0.0000 367188.0000
480.8330 480.8330 0.0000 353292.0000
494.9750 494.9750 0.0000 340392.0000
509.1170 509.1170 0.0000 328472.0000
523.2590 523.2590 0.0000 317365.0000
537.4010 537.4010 0.0000 306940.0000
551.5430 551.5430 0.0000 306940.0000
565.6850 565.6850 0.0000 297295.0000
579.8280 579.8280 0.0000 288466.0000
593.9700 593.9700 0.0000 280487.0000
608.1120 608.1120 0.0000 272920.0000
622.2540 622.2540 0.0000 265762.0000
636.3960 636.3960 0.0000 259130.0000
650.5380 650.5380 0.0000 252990.0000
664.6800 664.6800 0.0000 247242.0000
678.8230 678.8230 0.0000 241787.0000
692.9650 692.9650 0.0000 236626.0000
707.1070 707.1070 0.0000 231759.0000
721.2490 721.2490 0.0000 227186.0000
735.3910 735.3910 0.0000 222869.0000
749.5330 749.5330 0.0000 218760.0000
763.6750 763.6750 0.0000 214859.0000
777.8170 777.8170 0.0000 211165.0000
791.9600 791.9600 0.0000 207660.0000
806.1020 806.1020 0.0000 204322.0000
820.2440 820.2440 0.0000 204322.0000
834.3860 834.3860 0.0000 201142.0000
848.5280 848.5280 0.0000 198112.0000
862.6700 862.6700 0.0000 195225.0000
876.8120 876.8120 0.0000 192466.0000
890.9550 890.9550 0.0000 189831.0000
905.0970 905.0970 0.0000 187307.0000
919.2390 919.2390 0.0000 184890.0000
933.3810 933.3810 0.0000 182575.0000
947.5230 947.5230 0.0000 180364.0000
961.6650 961.6650 0.0000 178249.0000
975.8070 975.8070 0.0000 176235.0000
989.9490 989.9490 0.0000 174308.0000
1004.0900 1004.0900 0.0000 172466.0000
1018.2300 1018.2300 0.0000 170706.0000
1032.3800 1032.3800 0.0000 169026.0000
1046.5200 1046.5200 0.0000 166167.4476
1060.6600 1060.6600 0.0000 165836.4342
1074.8000 1074.8000 0.0000 165836.4342
1088.9400 1088.9400 0.0000 164187.9439
1103.0900 1103.0900 0.0000 162010.0513
1117.2300 1117.2300 0.0000 159666.6521
1131.3700 1131.3700 0.0000 157459.1657
1145.5100 1145.5100 0.0000 157459.1657
1159.6600 1159.6600 0.0000 155441.2995
1173.8000 1173.8000 0.0000 153655.8003
1187.9400 1187.9400 0.0000 152158.5677
1202.0800 1202.0800 0.0000 150875.0689
1216.2200 1216.2200 0.0000 150875.0689
1230.3700 1230.3700 0.0000 149712.1379
1244.5100 1244.5100 0.0000 148663.1982
1258.6500 1258.6500 0.0000 147730.4420
1272.7900 1272.7900 0.0000 146863.4501
1286.9300 1286.9300 0.0000 146863.4501
1301.0800 1301.0800 0.0000 146028.2442
1315.2200 1315.2200 0.0000 145190.8462
1329.3600 1329.3600 0.0000 144396.1949
1343.5000 1343.5000 0.0000 143612.5043
1357.6500 1357.6500 0.0000 143612.5043
1371.7900 1371.7900 0.0000 142844.1588
1385.9300 1385.9300 0.0000 142098.8307
1400.0700 1400.0700 0.0000 141385.2886
1414.2100 1414.2100 0.0000 140688.1877
1428.3600 1428.3600 0.0000 140688.1877
1442.5000 1442.5000 0.0000 140051.3706
1456.6400 1456.6400 0.0000 139434.2828
1470.7800 1470.7800 0.0000 138844.5967
1484.9200 1484.9200 0.0000 138270.2557
1499.0700 1499.0700 0.0000 138270.2557
1513.2100 1513.2100 0.0000 137704.6832
1527.3500 1527.3500 0.0000 137104.0364
1541.4900 1541.4900 0.0000 136538.4639
1555.6300 1555.6300 0.0000 135979.4679
1569.7800 1569.7800 0.0000 135979.4679
1583.9200 1583.9200 0.0000 135450.0657
1598.0600 1598.0600 0.0000 134916.2793
1612.2000 1612.2000 0.0000 134381.3968
1626.3500 1626.3500 0.0000 133848.7064
1640.4900 1640.4900 0.0000 133848.7064
1654.6300 1654.6300 0.0000 133291.9025
1668.7700 1668.7700 0.0000 132729.6182
1682.9100 1682.9100 0.0000 132181.5828
1697.0600 1697.0600 0.0000 131651.0846
1711.2000 1711.2000 0.0000 131651.0846
1725.3400 1725.3400 0.0000 131126.0667
1739.4800 1739.4800 0.0000 130558.3021
1753.6200 1753.6200 0.0000 130027.8039
1767.7700 1767.7700 0.0000 129520.3231
1781.9100 1781.9100 0.0000 129520.3231
1796.0500 1796.0500 0.0000 129047.9167
1810.1900 1810.1900 0.0000 128601.8159
1824.3400 1824.3400 0.0000 128164.4837
1838.4800 1838.4800 0.0000 127738.1121
1852.6200 1852.6200 0.0000 127738.1121
1866.7600 1866.7600 0.0000 127359.9677
1880.9000 1880.9000 0.0000 126980.7273
1895.0500 1895.0500 0.0000 126608.0632
1909.1900 1909.1900 0.0000 126250.7442
1923.3300 1923.3300 0.0000 126250.7442
1937.4700 1937.4700 0.0000 125909.8662
1951.6100 1951.6100 0.0000 125568.9882
1965.7600 1965.7600 0.0000 125233.5906
1979.9000 1979.9000 0.0000 124912.4418
1994.0400 1994.0400 0.0000 124912.4418
2008.1800 2008.1800 0.0000 124561.6992
2022.3300 2022.3300 0.0000 124263.5680
2036.4700 2036.4700 0.0000 123961.0525
2050.6100 2050.6100 0.0000 123680.4584
2064.7500 2064.7500 0.0000 123680.4584
2078.8900 2078.8900 0.0000 123395.4800
2093.0400 2093.0400 0.0000 123112.6937
2107.1800 2107.1800 0.0000 122824.4271
2121.3200 2121.3200 0.0000 122576.7151
2135.4600 2135.4600 0.0000 122576.7151
2149.6000 2149.6000 0.0000 122308.1778
2163.7500 2163.7500 0.0000 122072.5226
2177.8900 2177.8900 0.0000 121822.6185
2192.0300 2192.0300 0.0000 121591.3476
2206.1700 2206.1700 0.0000 121591.3476
2220.3200 2220.3200 0.0000 121344.7317
2234.4600 2234.4600 0.0000 121130.9979
2248.6000 2248.6000 0.0000 120893.1505
2262.7400 2262.7400 0.0000 120401.0148
2276.8800 2276.8800 0.0000 120401.0148
2291.0300 2291.0300 0.0000 120085.3464
2305.1700 2305.1700 0.0000 119787.2152
2319.3100 2319.3100 0.0000 119787.2152
2333.4500 2333.4500 0.0000 119485.7957
2347.5900 2347.5900 0.0000 119485.7957
2361.7400 2361.7400 0.0000 119147.1099
2375.8800 2375.8800 0.0000 119147.1099
2390.0200 2390.0200 0.0000 118771.1576
2404.1600 2404.1600 0.0000 118467.5460
2418.3100 2418.3100 0.0000 118467.5460
2432.4500 2432.4500 0.0000 118150.7816
2446.5900 2446.5900 0.0000 118150.7816
2460.7300 2460.7300 0.0000 117864.7071
2474.8700 2474.8700 0.0000 117864.7071
2489.0200 2489.0200 0.0000 117578.6327
2503.1600 2503.1600 0.0000 117319.9600
2517.3000 2517.3000 0.0000 117319.9600
2531.4400 2531.4400 0.0000 117060.1912
2545.5800 2545.5800 0.0000 117060.1912
2559.7300 2559.7300 0.0000 116830.0164
2573.8700 2573.8700 0.0000 116830.0164
2588.0100 2588.0100 0.0000 116565.8633
2602.1500 2602.1500 0.0000 116360.8981
2616.3000 2616.3000 0.0000 116360.8981
2630.4400 2630.4400 0.0000 116102.2254
2644.5800 2644.5800 0.0000 116102.2254
2658.7200 2658.7200 0.0000 115901.6445
2672.8600 2672.8600 0.0000 115659.4128
2687.0100 2687.0100 0.0000 115659.4128
2701.1500 2701.1500 0.0000 115479.6572
2715.2900 2715.2900 0.0000 115479.6572
2729.4300 2729.4300 0.0000 115234.1374
2743.5700 2743.5700 0.0000 115234.1374
2757.7200 2757.7200 0.0000 115048.9015
2771.8600 2771.8600 0.0000 114805.5738
2786.0000 2786.0000 0.0000 114805.5738
2800.1400 2800.1400 0.0000 114647.7396
2814.2800 2814.2800 0.0000 114647.7396
2828.4300 2828.4300 0.0000 114394.5472
2842.5700 2842.5700 0.0000 114394.5472
2856.7100 2856.7100 0.0000 114167.6606
2870.8500 2870.8500 0.0000 113914.4683
2885.0000 2885.0000 0.0000 113914.4683
2899.1400 2899.1400 0.0000 113764.3066
2913.2800 2913.2800 0.0000 113764.3066
2927.4200 2927.4200 0.0000 113556.0531
2941.5600 2941.5600 0.0000 113556.0531
2955.7100 2955.7100 0.0000 113189.9655
2969.8500 2969.8500 0.0000 113161.4677
2983.9900 2983.9900 0.0000 113161.4677
2998.1300 2998.1300 0.0000 112856.7600
3012.2700 3012.2700 0.0000 112856.7600
3026.4200 3026.4200 0.0000 112801.9565
3040.5600 3040.5600 0.0000 112801.9565
3054.7000 3054.7000 0.0000 112486.2881
3068.8400 3068.8400 0.0000 112432.5806
3082.9900 3082.9900 0.0000 112432.5806
3097.1300 3097.1300 0.0000 112110.3359
3111.2700 3111.2700 0.0000 112110.3359
3125.4100 3125.4100 0.0000 112065.3970
3139.5500 3139.5500 0.0000 112065.3970
3153.7000 3153.7000 0.0000 111688.3486
3167.8400 3167.8400 0.0000 111678.4840
3181.9800 3181.9800 0.0000 111678.4840
3196.1200 3196.1200 0.0000 111352.9510
3210.2600 3210.2600 0.0000 111352.9510
3224.4100 3224.4100 0.0000 111352.9510
3238.5500 3238.5500 0.0000 111063.5883
3252.6900 3252.6900 0.0000 111063.5883
3266.8300 3266.8300 0.0000 111063.5883
3280.9800 3280.9800 0.0000 111063.5883
3295.1200 3295.1200 0.0000 110772.0335
3309.2600 3309.2600 0.0000 110772.0335
3323.4000 3323.4000 0.0000 110772.0335
3337.5400 3337.5400 0.0000 110553.9154
3351.6900 3351.6900 0.0000 110553.9154
3365.8300 3365.8300 0.0000 110553.9154
3379.9700 3379.9700 0.0000 110553.9154
3394.1100 3394.1100 0.0000 110355.5266
3408.2500 3408.2500 0.0000 110355.5266
3422.4000 3422.4000 0.0000 110355.5266
3436.5400 3436.5400 0.0000 110170.2907
3450.6800 3450.6800 0.0000 110170.2907
3464.8200 3464.8200 0.0000 110170.2907
3478.9700 3478.9700 0.0000 110170.2907
3493.1100 3493.1100 0.0000 109993.8233
3507.2500 3507.2500 0.0000 109993.8233
3521.3900 3521.3900 0.0000 109993.8233
3535.5300 3535.5300 0.0000 109826.1245
3549.6800 3549.6800 0.0000 109826.1245
3563.8200 3563.8200 0.0000 109826.1245
3577.9600 3577.9600 0.0000 109826.1245
3592.1000 3592.1000 0.0000 109668.2903
3606.2400 3606.2400 0.0000 109668.2903
3620.3900 3620.3900 0.0000 109668.2903
3634.5300 3634.5300 0.0000 109521.4168
3648.6700 3648.6700 0.0000 109521.4168
3662.8100 3662.8100 0.0000 109521.4168
3676.9600 3676.9600 0.0000 109521.4168
3691.1000 3691.1000 0.0000 109384.4080
3705.2400 3705.2400 0.0000 109384.4080
3719.3800 3719.3800 0.0000 109384.4080
3733.5200 3733.5200 0.0000 109258.3599
3747.6700 3747.6700 0.0000 109258.3599
3761.8100 3761.8100 0.0000 109258.3599
3775.9500 3775.9500 0.0000 109258.3599
3790.0900 3790.0900 0.0000 109143.2724
3804.2300 3804.2300 0.0000 109143.2724
3818.3800 3818.3800 0.0000 109143.2724
3832.5200 3832.5200 0.0000 109038.0496
3846.6600 3846.6600 0.0000 109038.0496
3860.8000 3860.8000 0.0000 109038.0496
3874.9500 3874.9500 0.0000 109038.0496
3889.0900 3889.0900 0.0000 108942.6915
3903.2300 3903.2300 0.0000 108942.6915
3917.3700 3917.3700 0.0000 108942.6915
3931.5100 3931.5100 0.0000 108921.8661
3945.6600 3945.6600 0.0000 108921.8661
3959.8000 3959.8000 0.0000 108921.8661
3973.9400 3973.9400 0.0000 108921.8661
3988.0800 3988.0800 0.0000 108904.3290
4002.2200 4002.2200 0.0000 108904.3290
4016.3700 4016.3700 0.0000 108904.3290
4030.5100 4030.5100 0.0000 108885.6958
4044.6500 4044.6500 0.0000 108885.6958
4058.7900 4058.7900 0.0000 108885.6958
4072.9400 4072.9400 0.0000 108885.6958
4087.0800 4087.0800 0.0000 108867.0626
4101.2200 4101.2200 0.0000 108867.0626
4115.3600 4115.3600 0.0000 108867.0626
4129.5000 4129.5000 0.0000 108847.3333
4143.6500 4143.6500 0.0000 108847.3333
4157.7900 4157.7900 0.0000 108847.3333
4171.9300 4171.9300 0.0000 108847.3333
4186.0700 4186.0700 0.0000 108827.6041
4200.2100 4200.2100 0.0000 108827.6041
4214.3600 4214.3600 0.0000 108827.6041
4228.5000 4228.5000 0.0000 108806.7787
4242.6400 4242.6400 0.0000 108806.7787
4256.7800 4256.7800 0.0000 108806.7787
4270.9200 4270.9200 0.0000 108806.7787
4285.0700 4285.0700 0.0000 108784.8573
4299.2100 4299.2100 0.0000 108784.8573
4313.3500 4313.3500 0.0000 108784.8573
4327.4900 4327.4900 0.0000 108762.9359
4341.6400 4341.6400 0.0000 108762.9359
4355.7800 4355.7800 0.0000 108762.9359
4369.9200 4369.9200 0.0000 108762.9359
4384.0600 4384.0600 0.0000 108739.9184
4398.2000 4398.2000 0.0000 108739.9184
4412.3500 4412.3500 0.0000 108739.9184
4426.4900 4426.4900 0.0000 108716.9009
4440.6300 4440.6300 0.0000 108716.9009
4454.7700 4454.7700 0.0000 108716.9009
4468.9100 4468.9100 0.0000 108716.9009
4483.0600 4483.0600 0.0000 108692.7874
4497.2000 4497.2000 0.0000 108692.7874
4511.3400 4511.3400 0.0000 108692.7874
4525.4800 4525.4800 0.0000 108668.6738
4539.6300 4539.6300 0.0000 108668.6738
4553.7700 4553.7700 0.0000 108668.6738
4567.9100 4567.9100 0.0000 108643.4642
4582.0500 4582.0500 0.0000 108643.4642
4596.1900 4596.1900 0.0000 108643.4642
4610.3400 4610.3400 0.0000 108643.4642
4624.4800 4624.4800 0.0000 108618.2546
4638.6200 4638.6200 0.0000 108618.2546
4652.7600 4652.7600 0.0000 108618.2546
4666.9000 4666.9000 0.0000 108591.9489
4681.0500 4681.0500 0.0000 108591.9489
4695.1900 4695.1900 0.0000 108591.9489
4709.3300 4709.3300 0.0000 108591.9489
4723.4700 4723.4700 0.0000 108565.6432
4737.6200 4737.6200 0.0000 108565.6432
4751.7600 4751.7600 0.0000 108565.6432
4765.9000 4765.9000 0.0000 108539.3375
4780.0400 4780.0400 0.0000 108539.3375
4794.1800 4794.1800 0.0000 108539.3375
4808.3300 4808.3300 0.0000 108539.3375
4822.4700 4822.4700 0.0000 108511.9357
4836.6100 4836.6100 0.0000 108511.9357
4850.7500 4850.7500 0.0000 108511.9357
4864.8900 4864.8900 0.0000 108484.5339
4879.0400 4879.0400 0.0000 108484.5339
4893.1800 4893.1800 0.0000 108484.5339
4907.3200 4907.3200 0.0000 108484.5339
4921.4600 4921.4600 0.0000 108457.1322
4935.6100 4935.6100 0.0000 108457.1322
4949.7500 4949.7500 0.0000 108457.1322
4963.8900 4963.8900 0.0000 108428.6343
4978.0300 4978.0300 0.0000 108428.6343
4992.1700 4992.1700 0.0000 108428.6343
5006.3200 5006.3200 0.0000 108428.6343
5020.4600 5020.4600 0.0000 108401.2326
5034.6000 5034.6000 0.0000 108401.2326
5048.7400 5048.7400 0.0000 108401.2326
5062.8800 5062.8800 0.0000 108372.7347
5077.0300 5077.0300 0.0000 108372.7347
5091.1700 5091.1700 0.0000 108372.7347
5105.3100 5105.3100 0.0000 108372.7347
5119.4500 5119.4500 0.0000 108344.2369
5133.6000 5133.6000 0.0000 108344.2369
5147.7400 5147.7400 0.0000 108344.2369
5161.8800 5161.8800 0.0000 108314.6430
5176.0200 5176.0200 0.0000 108314.6430
5190.1600 5190.1600 0.0000 108314.6430
5204.3100 5204.3100 0.0000 108314.6430
5218.4500 5218.4500 0.0000 108286.1451
5232.5900 5232.5900 0.0000 108286.1451
5246.7300 5246.7300 0.0000 108286.1451
5260.8700 5260.8700 0.0000 108257.6473
5275.0200 5275.0200 0.0000 108257.6473
5289.1600 5289.1600 0.0000 108257.6473
5303.3000 5303.3000 0.0000 108257.6473
5317.4400 5317.4400 0.0000 108228.0534
5331.5900 5331.5900 0.0000 108228.0534
5345.7300 5345.7300 0.0000 108228.0534
5359.8700 5359.8700 0.0000 108199.5555
5374.0100 5374.0100 0.0000 108199.5555
5388.1500 5388.1500 0.0000 108199.5555
5402.3000 5402.3000 0.0000 108199.5555
5416.4400 5416.4400 0.0000 108169.9616
5430.5800 5430.5800 0.0000 108169.9616
5444.7200 5444.7200 0.0000 108169.9616
5458.8600 5458.8600 0.0000 108141.4638
5473.0100 5473.0100 0.0000 108141.4638
5487.1500 5487.1500 0.0000 108141.4638
5501.2900 5501.2900 0.0000 108141.4638
5515.4300 5515.4300 0.0000 108111.8699
5529.5800 5529.5800 0.0000 108111.8699
5543.7200 5543.7200 0.0000 108111.8699
5557.8600 5557.8600 0.0000 108083.3720
5572.0000 5572.0000 0.0000 108083.3720
5586.1400 5586.1400 0.0000 108083.3720
5600.2900 5600.2900 0.0000 108083.3720
5614.4300 5614.4300 0.0000 108053.7781
5628.5700 5628.5700 0.0000 108053.7781
5642.7100 5642.7100 0.0000 108053.7781
5656.8500 5656.8500 0.0000 108024.1842
5671.0000 5671.0000 0.0000 108024.1842
5685.1400 5685.1400 0.0000 108024.1842
5699.2800 5699.2800 0.0000 108024.1842
5713.4200 5713.4200 0.0000 107995.6864
5727.5600 5727.5600 0.0000 107995.6864
5741.7100 5741.7100 0.0000 107995.6864
5755.8500 5755.8500 0.0000 107966.0925
5769.9900 5769.9900 0.0000 107966.0925
5784.1300 5784.1300 0.0000 107966.0925
5798.2800 5798.2800 0.0000 107966.0925
5812.4200 5812.4200 0.0000 107936.4986
5826.5600 5826.5600 0.0000 107936.4986
5840.7000 5840.7000 0.0000 107936.4986
5854.8400 5854.8400 0.0000 107908.0007
5868.9900 5868.9900 0.0000 107908.0007
5883.1300 5883.1300 0.0000 107908.0007
5897.2700 5897.2700 0.0000 107878.4068
5911.4100 5911.4100 0.0000 107878.4068
5925.5500 5925.5500 0.0000 107878.4068
5939.7000 5939.7000 0.0000 107878.4068
5953.8400 5953.8400 0.0000 107849.9090
5967.9800 5967.9800 0.0000 107849.9090
5982.1200 5982.1200 0.0000 107849.9090
5996.2700 5996.2700 0.0000 107820.3151
6010.4100 6010.4100 0.0000 107820.3151
6024.5500 6024.5500 0.0000 107820.3151
6038.6900 6038.6900 0.0000 107820.3151
6052.8300 6052.8300 0.0000 107791.8172
6066.9800 6066.9800 0.0000 107791.8172
6081.1200 6081.1200 0.0000 107791.8172
6095.2600 6095.2600 0.0000 107763.3194
6109.4000 6109.4000 0.0000 107763.3194
6123.5400 6123.5400 0.0000 107763.3194
6137.6900 6137.6900 0.0000 107763.3194
6151.8300 6151.8300 0.0000 107734.8216
6165.9700 6165.9700 0.0000 107734.8216
6180.1100 6180.1100 0.0000 107734.8216
6194.2600 6194.2600 0.0000 107706.3237
6208.4000 6208.4000 0.0000 107706.3237
6222.5400 6222.5400 0.0000 107706.3237
6236.6800 6236.6800 0.0000 107706.3237
6250.8200 6250.8200 0.0000 107677.8259
6264.9700 6264.9700 0.0000 107677.8259
6279.1100 6279.1100 0.0000 107677.8259
6293.2500 6293.2500 0.0000 107649.3280
6307.3900 6307.3900 0.0000 107649.3280
6321.5300 6321.5300 0.0000 107649.3280
6335.6800 6335.6800 0.0000 107649.3280
6349.8200 6349.8200 0.0000 107620.8302
6363.9600 6363.9600 0.0000 107620.8302
6378.1000 6378.1000 0.0000 107620.8302
6392.2500 6392.2500 0.0000 107592.3324
6406.3900 6406.3900 0.0000 107592.3324
6420.5300 6420.5300 0.0000 107592.3324
6434.6700 6434.6700 0.0000 107592.3324
6448.8100 6448.8100 0.0000 107564.9306
6462.9600 6462.9600 0.0000 107564.9306
6477.1000 6477.1000 0.0000 107564.9306
6491.2400 6491.2400 0.0000 107536.4328
6505.3800 6505.3800 0.0000 107536.4328
6519.5200 6519.5200 0.0000 107536.4328
6533.6700 6533.6700 0.0000 107536.4328
6547.8100 6547.8100 0.0000 107509.0310
6561.9500 6561.9500 0.0000 107509.0310
6576.0900 6576.0900 0.0000 107509.0310
6590.2400 6590.2400 0.0000 107481.6292
6604.3800 6604.3800 0.0000 107481.6292
6618.5200 6618.5200 0.0000 107481.6292
6632.6600 6632.6600 0.0000 107481.6292
6646.8000 6646.8000 0.0000 107454.2275
6660.9500 6660.9500 0.0000 107454.2275
6675.0900 6675.0900 0.0000 107454.2275
6689.2300 6689.2300 0.0000 107426.8257
6703.3700 6703.3700 0.0000 107426.8257
6717.5100 6717.5100 0.0000 107426.8257
6731.6600 6731.6600 0.0000 107426.8257
6745.8000 6745.8000 0.0000 107399.4239
6759.9400 6759.9400 0.0000 107399.4239
6774.0800 6774.0800 0.0000 107399.4239
6788.2300 6788.2300 0.0000 107372.0221
6802.3700 6802.3700 0.0000 107372.0221
6816.5100 6816.5100 0.0000 107372.0221
6830.6500 6830.6500 0.0000 107372.0221
6844.7900 6844.7900 0.0000 107345.7165
6858.9400 6858.9400 0.0000 107345.7165
6873.0800 6873.0800 0.0000 107345.7165
6887.2200 6887.2200 0.0000 107318.3147
6901.3600 6901.3600 0.0000 107318.3147
6915.5000 6915.5000 0.0000 107318.3147
6929.6500 6929.6500 0.0000 107318.3147
6943.7900 6943.7900 0.0000 107292.0090
6957.9300 6957.9300 0.0000 107292.0090
6972.0700 6972.0700 0.0000 107292.0090
6986.2100 6986.2100 0.0000 107265.7033
7000.3600 7000.3600 0.0000 107265.7033
7014.5000 7014.5000 0.0000 107265.7033
7028.6400 7028.6400 0.0000 107265.7033
7042.7800 7042.7800 0.0000 107239.3976
7056.9300 7056.9300 0.0000 107239.3976
7071.0700 7071.0700 0.0000 107239.3976
7085.2100 7085.2100 0.0000 107213.0919
7099.3500 7099.3500 0.0000 107213.0919
7113.4900 7113.4900 0.0000 107213.0919
7127.6400 7127.6400 0.0000 107213.0919
7141.7800 7141.7800 0.0000 107187.8823
7155.9200 7155.9200 0.0000 107187.8823
7170.0600 7170.0600 0.0000 107187.8823
7184.2000 7184.2000 0.0000 107161.5766
7198.3500 7198.3500 0.0000 107161.5766
7212.4900 7212.4900 0.0000 107161.5766
7226.6300 7226.6300 0.0000 107136.3669
7240.7700 7240.7700 0.0000 107136.3669
7254.9200 7254.9200 0.0000 107136.3669
7269.0600 7269.0600 0.0000 107136.3669
7283.2000 7283.2000 0.0000 107111.1573
7297.3400 7297.3400 0.0000 107111.1573
7311.4800 7311.4800 0.0000 107111.1573
7325.6300 7325.6300 0.0000 107085.9477
7339.7700 7339.7700 0.0000 107085.9477
7353.9100 7353.9100 0.0000 107085.9477
7368.0500 7368.0500 0.0000 107085.9477
7382.1900 7382.1900 0.0000 107060.7381
7396.3400 7396.3400 0.0000 107060.7381
7410.4800 7410.4800 0.0000 107060.7381
7424.6200 7424.6200 0.0000 107036.6245
7438.7600 7438.7600 0.0000 107036.6245
7452.9100 7452.9100 0.0000 107036.6245
7467.0500 7467.0500 0.0000 107036.6245
7481.1900 7481.1900 0.0000 107011.4149
7495.3300 7495.3300 0.0000 107011.4149
7509.4700 7509.4700 0.0000 107011.4149
7523.6200 7523.6200 0.0000 106987.3013
7537.7600 7537.7600 0.0000 106987.3013
7551.9000 7551.9000 0.0000 106987.3013
7566.0400 7566.0400 0.0000 106987.3013
7580.1800 7580.1800 0.0000 106963.1878
7594.3300 7594.3300 0.0000 106963.1878
7608.4700 7608.4700 0.0000 106963.1878
7622.6100 7622.6100 0.0000 106939.0742
7636.7500 7636.7500 0.0000 106939.0742
7650.9000 7650.9000 0.0000 106939.0742
7665.0400 7665.0400 0.0000 106939.0742
7679.1800 7679.1800 0.0000 106914.9607
7693.3200 7693.3200 0.0000 106914.9607
7707.4600 7707.4600 0.0000 106914.9607
7721.6100 7721.6100 0.0000 106891.9432
7735.7500 7735.7500 0.0000 106891.9432
7749.8900 7749.8900 0.0000 106891.9432
7764.0300 7764.0300 0.0000 106891.9432
7778.1700 7778.1700 0.0000 106849.1964
