0.0 0.0 0.0 189817.0703
14.1421 14.1421 0.0 186764.1172
28.2843 28.2843 0.0 183678.0781
42.4264 42.4264 0.0 180505.4531
56.5685 56.5685 0.0 177420.3906
70.7107 70.7107 0.0 173340.6953
84.8528 84.8528 0.0 168782.3281
98.9949 98.9949 0.0 164397.5625
113.137 113.137 0.0 160259.0391
127.279 127.279 0.0 156382.3008
141.421 141.421 0.0 152740.0195
155.563 155.563 0.0 149312.9766
169.706 169.706 0.0 146040.8320
183.848 183.848 0.0 142972.7305
197.99 197.99 0.0 140104.6328
212.132 212.132 0.0 137452.0977
226.274 226.274 0.0 135722.2109
240.416 240.416 0.0 134039.5898
254.558 254.558 0.0 132402.2715
268.701 268.701 0.0 130817.9648
282.843 282.843 0.0 129301.5977
296.985 296.985 0.0 127791.5078
311.127 311.127 0.0 126368.8027
325.269 325.269 0.0 124985.2480
339.411 339.411 0.0 123636.5430
353.553 353.553 0.0 122354.8750
367.696 367.696 0.0 121145.0508
381.838 381.838 0.0 119996.4922
395.98 395.98 0.0 118911.2520
410.122 410.122 0.0 117887.8379
424.264 424.264 0.0 117064.6309
438.406 438.406 0.0 116350.3340
452.548 452.548 0.0 115638.8975
466.69 466.69 0.0 114962.4219
480.833 480.833 0.0 114322.0127
494.975 494.975 0.0 113711.5381
509.117 509.117 0.0 113129.5742
523.259 523.259 0.0 112574.7363
537.401 537.401 0.0 112045.5977
551.543 551.543 0.0 111540.5596
565.685 565.685 0.0 111048.4072
579.828 579.828 0.0 110579.8320
593.97 593.97 0.0 110133.7549
608.112 608.112 0.0 109709.1016
622.254 622.254 0.0 109304.8262
636.396 636.396 0.0 108918.8306
650.538 650.538 0.0 108550.5049
664.68 664.68 0.0 108199.9243
678.823 678.823 0.0 107865.5869
692.965 692.965 0.0 107547.2563
707.107 707.107 0.0 107244.2832
721.249 721.249 0.0 106955.3730
735.391 735.391 0.0 106679.0518
749.533 749.533 0.0 106429.8452
763.675 763.675 0.0 106230.8091
777.817 777.817 0.0 106070.6592
791.96 791.96 0.0 105916.8496
806.102 806.102 0.0 105771.5127
820.244 820.244 0.0 105632.4043
834.386 834.386 0.0 105498.3184
848.528 848.528 0.0 105368.6868
862.67 862.67 0.0 105249.1292
876.812 876.812 0.0 105147.5315
890.955 890.955 0.0 105077.1128
905.097 905.097 0.0 105018.5815
919.239 919.239 0.0 104961.8682
933.381 933.381 0.0 104906.4438
947.523 947.523 0.0 104851.8591
961.665 961.665 0.0 104798.1113
975.807 975.807 0.0 104745.1750
989.949 989.949 0.0 104693.0474
1004.09 1004.09 0.0 104641.7190
1018.23 1018.23 0.0 104594.0090
1032.38 1032.38 0.0 104546.9797
1046.52 1046.52 0.0 104500.6604
1060.66 1060.66 0.0 104458.7563
1074.8 1074.8 0.0 104419.4280
1088.94 1088.94 0.0 104380.5891
1103.09 1103.09 0.0 104338.9192
1117.23 1117.23 0.0 104296.3320
1131.37 1131.37 0.0 104266.5227
1145.51 1145.51 0.0 104240.9978
1159.66 1159.66 0.0 104215.6748
1173.8 1173.8 0.0 104190.5894
1187.94 1187.94 0.0 104165.7241
1202.08 1202.08 0.0 104141.0823
1216.22 1216.22 0.0 104116.6511
1230.37 1230.37 0.0 104092.4170
1244.51 1244.51 0.0 104068.4089
1258.65 1258.65 0.0 104044.6072
1272.79 1272.79 0.0 104021.0134
1286.93 1286.93 0.0 103998.6689
1301.08 1301.08 0.0 103976.5586
1315.22 1315.22 0.0 103951.8022
1329.36 1329.36 0.0 103927.2795
1343.5 1343.5 0.0 103900.9797
1357.65 1357.65 0.0 103874.7332
1371.79 1371.79 0.0 103848.7690
1385.93 1385.93 0.0 103823.0730
1400.07 1400.07 0.0 103797.6370
1414.21 1414.21 0.0 103771.9734
1428.36 1428.36 0.0 103746.5227
1442.5 1442.5 0.0 103721.3513
1456.64 1456.64 0.0 103696.4419
1470.78 1470.78 0.0 103671.7903
1484.92 1484.92 0.0 103644.9717
1499.07 1499.07 0.0 103618.2615
1513.21 1513.21 0.0 103591.9941
1527.35 1527.35 0.0 103566.0332
1541.49 1541.49 0.0 103540.3679
1555.63 1555.63 0.0 103515.6931
1569.78 1569.78 0.0 103497.0562
1583.92 1583.92 0.0 103478.5930
1598.06 1598.06 0.0 103460.2827
1612.2 1612.2 0.0 103442.1306
1626.35 1626.35 0.0 103424.5750
1640.49 1640.49 0.0 103408.9290
1654.63 1654.63 0.0 103393.4001
1668.77 1668.77 0.0 103378.7371
1682.91 1682.91 0.0 103364.5815
1697.06 1697.06 0.0 103350.5144
1711.2 1711.2 0.0 103336.5520
1725.34 1725.34 0.0 103322.8683
1739.48 1739.48 0.0 103309.6018
1753.62 1753.62 0.0 103296.4215
1767.77 1767.77 0.0 103285.9586
1781.91 1781.91 0.0 103278.5638
1796.05 1796.05 0.0 103271.1831
1810.19 1810.19 0.0 103263.6528
1824.34 1824.34 0.0 103254.5719
1838.48 1838.48 0.0 103245.7264
1852.62 1852.62 0.0 103236.9115
1866.76 1866.76 0.0 103228.1389
1880.9 1880.9 0.0 103219.2793
1895.05 1895.05 0.0 103210.4445
1909.19 1909.19 0.0 103201.6554
1923.33 1923.33 0.0 103194.0244
1937.47 1937.47 0.0 103188.4545
1951.61 1951.61 0.0 103182.7568
1965.76 1965.76 0.0 103176.6647
1979.9 1979.9 0.0 103169.9321
1994.04 1994.04 0.0 103161.1533
2008.18 2008.18 0.0 103152.4153
2022.33 2022.33 0.0 103143.6946
2036.47 2036.47 0.0 103134.9327
2050.61 2050.61 0.0 103127.1108
2064.75 2064.75 0.0 103120.0657
2078.89 2078.89 0.0 103113.0498
2093.04 2093.04 0.0 103106.0571
2107.18 2107.18 0.0 103099.0942
2121.32 2121.32 0.0 103092.1577
2135.46 2135.46 0.0 103085.2507
2149.6 2149.6 0.0 103078.3574
2163.75 2163.75 0.0 103071.4662
2177.89 2177.89 0.0 103065.7494
2192.03 2192.03 0.0 103060.6539
2206.17 2206.17 0.0 103055.4645
2220.32 2220.32 0.0 103050.2916
2234.46 2234.46 0.0 103045.1339
2248.6 2248.6 0.0 103039.9910
2262.74 2262.74 0.0 103034.8488
2276.88 2276.88 0.0 103029.8997
2291.03 2291.03 0.0 103024.9796
2305.17 2305.17 0.0 103020.0786
2319.31 2319.31 0.0 103015.1868
2333.45 2333.45 0.0 103010.3075
2347.59 2347.59 0.0 103005.4408
2361.74 2361.74 0.0 103000.5847
2375.88 2375.88 0.0 102995.2382
2390.02 2390.02 0.0 102988.8065
2404.16 2404.16 0.0 102982.3994
2418.31 2418.31 0.0 102974.9148
2432.45 2432.45 0.0 102967.1515
2446.59 2446.59 0.0 102959.4933
2460.73 2460.73 0.0 102951.8732
2474.87 2474.87 0.0 102944.2885
2489.02 2489.02 0.0 102936.7330
2503.16 2503.16 0.0 102932.0302
2517.3 2517.3 0.0 102927.5839
2531.44 2531.44 0.0 102923.1537
2545.58 2545.58 0.0 102918.7344
2559.73 2559.73 0.0 102914.3241
2573.87 2573.87 0.0 102909.9298
2588.01 2588.01 0.0 102905.5461
2602.15 2602.15 0.0 102901.1753
2616.3 2616.3 0.0 102896.8137
2630.44 2630.44 0.0 102892.4648
2644.58 2644.58 0.0 102888.0535
2658.72 2658.72 0.0 102884.1692
2672.86 2672.86 0.0 102880.7780
2687.01 2687.01 0.0 102877.3910
2701.15 2701.15 0.0 102873.6366
2715.29 2715.29 0.0 102869.7903
2729.43 2729.43 0.0 102865.9530
2743.57 2743.57 0.0 102859.9369
2757.72 2757.72 0.0 102853.5596
2771.86 2771.86 0.0 102847.2095
2786.0 2786.0 0.0 102840.8894
2800.14 2800.14 0.0 102834.2552
2814.28 2814.28 0.0 102827.3911
2828.43 2828.43 0.0 102820.5531
2842.57 2842.57 0.0 102813.7517
2856.71 2856.71 0.0 102808.0524
2870.85 2870.85 0.0 102803.1077
2885.0 2885.0 0.0 102798.1766
2899.14 2899.14 0.0 102793.2655
2913.28 2913.28 0.0 102788.3695
2927.42 2927.42 0.0 102783.4911
2941.56 2941.56 0.0 102778.6276
2955.71 2955.71 0.0 102773.7770
2969.85 2969.85 0.0 102768.9464
2983.99 2983.99 0.0 102764.1327
2998.13 2998.13 0.0 102759.3337
3012.27 3012.27 0.0 102754.2987
3026.42 3026.42 0.0 102749.3933
3040.56 3040.56 0.0 102744.7321
3054.7 3054.7 0.0 102739.8945
3068.84 3068.84 0.0 102735.0747
3082.99 3082.99 0.0 102730.2673
3097.13 3097.13 0.0 102725.4812
3111.27 3111.27 0.0 102721.6167
3125.41 3125.41 0.0 102718.9904
3139.55 3139.55 0.0 102715.3677
3153.7 3153.7 0.0 102710.0763
3167.84 3167.84 0.0 102702.8064
3181.98 3181.98 0.0 102695.5544
3196.12 3196.12 0.0 102688.3425
3210.26 3210.26 0.0 102681.1686
3224.41 3224.41 0.0 102674.0270
3238.55 3238.55 0.0 102666.6062
3252.69 3252.69 0.0 102659.2056
3266.83 3266.83 0.0 102651.8472
3280.98 3280.98 0.0 102644.5219
3295.12 3295.12 0.0 102637.2429
3309.26 3309.26 0.0 102630.0044
3323.4 3323.4 0.0 102622.8069
3337.54 3337.54 0.0 102615.1547
3351.69 3351.69 0.0 102607.2744
3365.83 3365.83 0.0 102599.4469
3379.97 3379.97 0.0 102591.6681
3394.11 3394.11 0.0 102583.9365
3408.25 3408.25 0.0 102576.2521
3422.4 3422.4 0.0 102568.6088
3436.54 3436.54 0.0 102561.0167
3450.68 3450.68 0.0 102553.4722
3464.82 3464.82 0.0 102545.9731
3478.97 3478.97 0.0 102538.5145
3493.11 3493.11 0.0 102531.1066
3507.25 3507.25 0.0 102523.7428
3521.39 3521.39 0.0 102516.5090
3535.53 3535.53 0.0 102509.5137
3549.68 3549.68 0.0 102502.5566
3563.82 3563.82 0.0 102495.6454
3577.96 3577.96 0.0 102488.7880
3592.1 3592.1 0.0 102483.1270
3606.24 3606.24 0.0 102477.4929
3620.39 3620.39 0.0 102471.8721
3634.53 3634.53 0.0 102466.2590
3648.67 3648.67 0.0 102460.6740
3662.81 3662.81 0.0 102455.1152
3676.96 3676.96 0.0 102449.5798
3691.1 3691.1 0.0 102444.0988
3705.24 3705.24 0.0 102439.3643
3719.38 3719.38 0.0 102435.4895
3733.52 3733.52 0.0 102431.6243
3747.67 3747.67 0.0 102427.4412
3761.81 3761.81 0.0 102423.2736
3775.95 3775.95 0.0 102419.1246
3790.09 3790.09 0.0 102414.9880
3804.23 3804.23 0.0 102410.8704
3818.38 3818.38 0.0 102406.7628
3832.52 3832.52 0.0 102402.6746
3846.66 3846.66 0.0 102398.6018
3860.8 3860.8 0.0 102394.5443
3874.95 3874.95 0.0 102390.5002
3889.09 3889.09 0.0 102386.4749
3903.23 3903.23 0.0 102382.4617
3917.37 3917.37 0.0 102378.4658
3931.51 3931.51 0.0 102374.4844
3945.66 3945.66 0.0 102370.5150
3959.8 3959.8 0.0 102366.5607
3973.94 3973.94 0.0 102362.3414
3988.08 3988.08 0.0 102358.1409
4002.22 4002.22 0.0 102353.9567
4016.37 4016.37 0.0 102349.7859
4030.51 4030.51 0.0 102345.6355
4044.65 4044.65 0.0 102341.5026
4058.79 4058.79 0.0 102337.3862
4072.94 4072.94 0.0 102333.2822
4087.08 4087.08 0.0 102329.1987
4101.22 4101.22 0.0 102325.1311
4115.36 4115.36 0.0 102321.0806
4129.5 4129.5 0.0 102317.0474
4143.65 4143.65 0.0 102313.0258
4157.79 4157.79 0.0 102309.0242
4171.93 4171.93 0.0 102305.0395
4186.07 4186.07 0.0 102301.1069
4200.21 4200.21 0.0 102297.2592
4214.36 4214.36 0.0 102293.4259
4228.5 4228.5 0.0 102289.6089
4242.64 4242.64 0.0 102285.8080
