0.0 0.0 0.0 1137550.6875
14.1421 14.1421 0.0 986581.8750
28.2843 28.2843 0.0 857619.3125
42.4264 42.4264 0.0 773429.5625
56.5685 56.5685 0.0 668486.3125
70.7107 70.7107 0.0 559934.5938
84.8528 84.8528 0.0 461502.3438
98.9949 98.9949 0.0 377955.2500
113.137 113.137 0.0 309686.8125
127.279 127.279 0.0 265367.9688
141.421 141.421 0.0 239562.5000
155.563 155.563 0.0 217920.1406
169.706 169.706 0.0 200501.1406
183.848 183.848 0.0 186820.8516
197.99 197.99 0.0 178115.2578
212.132 212.132 0.0 170317.6484
226.274 226.274 0.0 163289.6523
240.416 240.416 0.0 156974.8438
254.558 254.558 0.0 151312.7031
268.701 268.701 0.0 146423.8594
282.843 282.843 0.0 142531.7070
296.985 296.985 0.0 139523.4375
311.127 311.127 0.0 136755.8164
325.269 325.269 0.0 134185.4531
339.411 339.411 0.0 131798.7285
353.553 353.553 0.0 129582.9102
367.696 367.696 0.0 127533.5312
381.838 381.838 0.0 125667.0996
395.98 395.98 0.0 123931.7910
410.122 410.122 0.0 122586.3730
424.264 424.264 0.0 121473.4316
438.406 438.406 0.0 120418.2109
452.548 452.548 0.0 119417.5723
466.69 466.69 0.0 118464.7461
480.833 480.833 0.0 117561.5068
494.975 494.975 0.0 116705.5752
509.117 509.117 0.0 116049.8906
523.259 523.259 0.0 115424.3643
537.401 537.401 0.0 114893.0635
551.543 551.543 0.0 114381.6338
565.685 565.685 0.0 113886.6826
579.828 579.828 0.0 113409.2930
593.97 593.97 0.0 112972.0000
608.112 608.112 0.0 112599.8027
622.254 622.254 0.0 112230.3838
636.396 636.396 0.0 111868.2139
650.538 650.538 0.0 111517.5654
664.68 664.68 0.0 111178.5186
678.823 678.823 0.0 110851.9375
692.965 692.965 0.0 110536.4326
707.107 707.107 0.0 110230.8701
721.249 721.249 0.0 109934.4336
735.391 735.391 0.0 109647.8164
749.533 749.533 0.0 109370.5688
763.675 763.675 0.0 109100.0801
777.817 777.817 0.0 108868.0073
791.96 791.96 0.0 108636.0259
806.102 806.102 0.0 108412.6558
820.244 820.244 0.0 108197.3862
834.386 834.386 0.0 107986.2524
848.528 848.528 0.0 107780.6201
862.67 862.67 0.0 107581.2622
876.812 876.812 0.0 107389.3257
890.955 890.955 0.0 107205.1016
905.097 905.097 0.0 107026.4473
919.239 919.239 0.0 106853.1406
933.381 933.381 0.0 106685.0874
947.523 947.523 0.0 106522.1299
961.665 961.665 0.0 106362.0503
975.807 975.807 0.0 106206.0913
989.949 989.949 0.0 106054.8711
1004.09 1004.09 0.0 105907.9604
1018.23 1018.23 0.0 105763.8291
1032.38 1032.38 0.0 105624.1284
1046.52 1046.52 0.0 105508.1675
1060.66 1060.66 0.0 105397.1270
1074.8 1074.8 0.0 105289.0166
1088.94 1088.94 0.0 105190.4482
1103.09 1103.09 0.0 105095.2107
1117.23 1117.23 0.0 105002.8809
1131.37 1131.37 0.0 104924.7922
1145.51 1145.51 0.0 104859.7532
1159.66 1159.66 0.0 104795.8423
1173.8 1173.8 0.0 104733.1223
1187.94 1187.94 0.0 104671.4878
1202.08 1202.08 0.0 104611.5024
1216.22 1216.22 0.0 104554.1614
1230.37 1230.37 0.0 104504.1501
1244.51 1244.51 0.0 104457.6658
1258.65 1258.65 0.0 104413.3008
1272.79 1272.79 0.0 104369.5527
1286.93 1286.93 0.0 104321.3459
1301.08 1301.08 0.0 104284.5454
1315.22 1315.22 0.0 104252.1487
1329.36 1329.36 0.0 104226.9751
1343.5 1343.5 0.0 104204.3364
1357.65 1357.65 0.0 104181.8579
1371.79 1371.79 0.0 104158.6641
1385.93 1385.93 0.0 104135.5295
1400.07 1400.07 0.0 104115.3472
1414.21 1414.21 0.0 104097.2048
1428.36 1428.36 0.0 104078.6868
1442.5 1442.5 0.0 104060.2991
1456.64 1456.64 0.0 104043.2297
1470.78 1470.78 0.0 104027.0129
1484.92 1484.92 0.0 104010.7878
1499.07 1499.07 0.0 103994.1223
1513.21 1513.21 0.0 103981.9634
1527.35 1527.35 0.0 103968.5828
1541.49 1541.49 0.0 103955.2673
1555.63 1555.63 0.0 103942.0208
1569.78 1569.78 0.0 103928.8340
1583.92 1583.92 0.0 103915.7256
1598.06 1598.06 0.0 103902.6831
1612.2 1612.2 0.0 103889.7051
1626.35 1626.35 0.0 103877.8970
1640.49 1640.49 0.0 103866.4724
1654.63 1654.63 0.0 103855.1040
1668.77 1668.77 0.0 103843.5549
1682.91 1682.91 0.0 103832.0068
1697.06 1697.06 0.0 103820.5071
1711.2 1711.2 0.0 103809.0669
1725.34 1725.34 0.0 103797.6792
1739.48 1739.48 0.0 103786.3462
1753.62 1753.62 0.0 103775.0613
1767.77 1767.77 0.0 103763.8188
1781.91 1781.91 0.0 103752.6406
1796.05 1796.05 0.0 103741.5093
1810.19 1810.19 0.0 103730.4329
1824.34 1824.34 0.0 103719.2595
1838.48 1838.48 0.0 103706.6807
1852.62 1852.62 0.0 103694.0237
1866.76 1866.76 0.0 103681.4402
1880.9 1880.9 0.0 103669.1196
1895.05 1895.05 0.0 103660.3716
1909.19 1909.19 0.0 103651.6597
1923.33 1923.33 0.0 103642.9814
1937.47 1937.47 0.0 103634.3354
1951.61 1951.61 0.0 103624.2505
1965.76 1965.76 0.0 103613.3284
1979.9 1979.9 0.0 103602.4443
1994.04 1994.04 0.0 103592.2483
2008.18 2008.18 0.0 103582.4866
2022.33 2022.33 0.0 103572.7615
2036.47 2036.47 0.0 103563.0847
2050.61 2050.61 0.0 103553.4729
2064.75 2064.75 0.0 103544.8303
2078.89 2078.89 0.0 103536.5439
2093.04 2093.04 0.0 103528.2817
2107.18 2107.18 0.0 103520.0591
2121.32 2121.32 0.0 103511.8645
2135.46 2135.46 0.0 103503.7012
2149.6 2149.6 0.0 103495.5679
2163.75 2163.75 0.0 103489.4807
2177.89 2177.89 0.0 103483.4619
2192.03 2192.03 0.0 103477.4587
2206.17 2206.17 0.0 103471.4724
2220.32 2220.32 0.0 103465.4976
2234.46 2234.46 0.0 103459.5442
2248.6 2248.6 0.0 103453.6096
2262.74 2262.74 0.0 103447.9495
2276.88 2276.88 0.0 103442.4473
2291.03 2291.03 0.0 103436.9495
2305.17 2305.17 0.0 103431.4458
2319.31 2319.31 0.0 103426.3928
2333.45 2333.45 0.0 103423.3162
2347.59 2347.59 0.0 103419.8567
2361.74 2361.74 0.0 103413.4763
2375.88 2375.88 0.0 103406.5378
2390.02 2390.02 0.0 103399.6206
2404.16 2404.16 0.0 103392.7273
2418.31 2418.31 0.0 103385.8530
2432.45 2432.45 0.0 103379.0044
2446.59 2446.59 0.0 103372.1794
2460.73 2460.73 0.0 103365.3765
2474.87 2474.87 0.0 103358.5967
2489.02 2489.02 0.0 103351.8347
2503.16 2503.16 0.0 103345.1011
2517.3 2517.3 0.0 103338.3878
2531.44 2531.44 0.0 103331.8390
2545.58 2545.58 0.0 103325.3824
2559.73 2559.73 0.0 103318.9417
2573.87 2573.87 0.0 103312.2251
2588.01 2588.01 0.0 103305.3201
2602.15 2602.15 0.0 103299.2120
2616.3 2616.3 0.0 103293.1957
2630.44 2630.44 0.0 103287.2042
2644.58 2644.58 0.0 103281.2302
2658.72 2658.72 0.0 103275.2722
2672.86 2672.86 0.0 103269.3242
2687.01 2687.01 0.0 103263.3750
2701.15 2701.15 0.0 103257.4467
2715.29 2715.29 0.0 103251.7180
2729.43 2729.43 0.0 103246.6993
2743.57 2743.57 0.0 103243.8590
2757.72 2757.72 0.0 103242.0519
2771.86 2771.86 0.0 103240.1879
2786.0 2786.0 0.0 103236.5701
2800.14 2800.14 0.0 103232.9674
2814.28 2814.28 0.0 103229.4014
2828.43 2828.43 0.0 103225.7659
2842.57 2842.57 0.0 103222.0769
2856.71 2856.71 0.0 103218.3932
2870.85 2870.85 0.0 103215.2515
2885.0 2885.0 0.0 103213.1932
2899.14 2899.14 0.0 103211.5667
2913.28 2913.28 0.0 103209.9397
2927.42 2927.42 0.0 103208.2209
2941.56 2941.56 0.0 103206.3307
2955.71 2955.71 0.0 103204.4406
2969.85 2969.85 0.0 103202.5586
2983.99 2983.99 0.0 103198.5513
2998.13 2998.13 0.0 103191.8691
3012.27 3012.27 0.0 103185.5299
3026.42 3026.42 0.0 103179.2085
3040.56 3040.56 0.0 103172.8752
3054.7 3054.7 0.0 103166.5461
3068.84 3068.84 0.0 103160.2367
3082.99 3082.99 0.0 103153.9402
3097.13 3097.13 0.0 103149.4012
3111.27 3111.27 0.0 103145.1067
3125.41 3125.41 0.0 103140.7372
3139.55 3139.55 0.0 103136.3690
3153.7 3153.7 0.0 103132.0103
3167.84 3167.84 0.0 103126.2319
3181.98 3181.98 0.0 103120.0486
3196.12 3196.12 0.0 103113.8848
3210.26 3210.26 0.0 103107.6793
3224.41 3224.41 0.0 103101.4886
3238.55 3238.55 0.0 103097.4459
3252.69 3252.69 0.0 103094.4821
3266.83 3266.83 0.0 103091.5212
3280.98 3280.98 0.0 103088.5680
3295.12 3295.12 0.0 103085.8220
3309.26 3309.26 0.0 103083.1614
3323.4 3323.4 0.0 103080.6277
3337.54 3337.54 0.0 103078.1128
3351.69 3351.69 0.0 103075.4955
3365.83 3365.83 0.0 103072.4149
3379.97 3379.97 0.0 103069.0865
3394.11 3394.11 0.0 103065.7644
3408.25 3408.25 0.0 103062.4484
3422.4 3422.4 0.0 103059.1355
3436.54 3436.54 0.0 103055.8333
3450.68 3450.68 0.0 103052.5354
3464.82 3464.82 0.0 103049.3030
3478.97 3478.97 0.0 103046.0931
3493.11 3493.11 0.0 103042.8916
3507.25 3507.25 0.0 103039.6976
3521.39 3521.39 0.0 103036.5082
3535.53 3535.53 0.0 103033.2936
3549.68 3549.68 0.0 103029.6350
3563.82 3563.82 0.0 103025.9891
3577.96 3577.96 0.0 103022.3518
3592.1 3592.1 0.0 103018.3738
3606.24 3606.24 0.0 103014.1040
3620.39 3620.39 0.0 103009.8402
3634.53 3634.53 0.0 103007.2350
3648.67 3648.67 0.0 103006.0973
3662.81 3662.81 0.0 103003.2404
3676.96 3676.96 0.0 103000.0756
3691.1 3691.1 0.0 102996.9182
3705.24 3705.24 0.0 102993.7659
3719.38 3719.38 0.0 102990.6219
3733.52 3733.52 0.0 102989.2227
3747.67 3747.67 0.0 102989.5914
3761.81 3761.81 0.0 102991.5593
3775.95 3775.95 0.0 102992.5426
3790.09 3790.09 0.0 102990.5609
3804.23 3804.23 0.0 102988.5797
3818.38 3818.38 0.0 102986.6025
3832.52 3832.52 0.0 102984.6105
3846.66 3846.66 0.0 102982.6205
3860.8 3860.8 0.0 102980.5306
3874.95 3874.95 0.0 102977.9440
3889.09 3889.09 0.0 102974.4346
3903.23 3903.23 0.0 102969.0068
3917.37 3917.37 0.0 102963.5978
3931.51 3931.51 0.0 102958.2043
3945.66 3945.66 0.0 102952.8253
3959.8 3959.8 0.0 102947.6140
3973.94 3973.94 0.0 102941.7644
3988.08 3988.08 0.0 102934.4554
4002.22 4002.22 0.0 102927.1809
4016.37 4016.37 0.0 102919.9331
4030.51 4030.51 0.0 102912.6484
4044.65 4044.65 0.0 102905.3820
4058.79 4058.79 0.0 102898.1488
4072.94 4072.94 0.0 102890.9397
4087.08 4087.08 0.0 102883.9939
4101.22 4101.22 0.0 102877.1410
4115.36 4115.36 0.0 102870.3168
4129.5 4129.5 0.0 102863.5225
4143.65 4143.65 0.0 102856.7537
4157.79 4157.79 0.0 102850.0057
4171.93 4171.93 0.0 102843.2908
4186.07 4186.07 0.0 102836.5013
4200.21 4200.21 0.0 102830.3885
4214.36 4214.36 0.0 102824.7227
4228.5 4228.5 0.0 102820.7882
4242.64 4242.64 0.0 102817.1570
