0.0 0.0 0.0 2471132.2500
14.1421 14.1421 0.0 2189748.5000
28.2843 28.2843 0.0 1800801.1250
42.4264 42.4264 0.0 1378227.7500
56.5685 56.5685 0.0 1002751.9375
70.7107 70.7107 0.0 703165.5000
84.8528 84.8528 0.0 506106.5312
98.9949 98.9949 0.0 392385.3438
113.137 113.137 0.0 303742.6094
127.279 127.279 0.0 244955.3438
141.421 141.421 0.0 217237.9297
155.563 155.563 0.0 194726.2422
169.706 169.706 0.0 180252.8281
183.848 183.848 0.0 169496.3281
197.99 197.99 0.0 160195.3516
212.132 212.132 0.0 152140.6328
226.274 226.274 0.0 145847.9766
240.416 240.416 0.0 141411.2500
254.558 254.558 0.0 137497.6094
268.701 268.701 0.0 133930.3418
282.843 282.843 0.0 130709.9707
296.985 296.985 0.0 128451.3887
311.127 311.127 0.0 126469.2344
325.269 325.269 0.0 124639.4551
339.411 339.411 0.0 122936.0840
353.553 353.553 0.0 121342.2715
367.696 367.696 0.0 119897.4766
381.838 381.838 0.0 118826.1973
395.98 395.98 0.0 117816.1895
410.122 410.122 0.0 116864.0186
424.264 424.264 0.0 115967.6924
438.406 438.406 0.0 115147.0264
452.548 452.548 0.0 114330.8457
466.69 466.69 0.0 113540.3369
480.833 480.833 0.0 112829.7422
494.975 494.975 0.0 112242.1611
509.117 509.117 0.0 111684.2529
523.259 523.259 0.0 111194.2959
537.401 537.401 0.0 110746.7451
551.543 551.543 0.0 110345.4824
565.685 565.685 0.0 109991.9336
579.828 579.828 0.0 109684.5850
593.97 593.97 0.0 109388.1152
608.112 608.112 0.0 109102.1226
622.254 622.254 0.0 108825.4546
636.396 636.396 0.0 108594.0386
650.538 650.538 0.0 108371.3569
664.68 664.68 0.0 108155.4810
678.823 678.823 0.0 107947.0234
692.965 692.965 0.0 107754.2402
707.107 707.107 0.0 107567.0571
721.249 721.249 0.0 107385.2993
735.391 735.391 0.0 107208.8882
749.533 749.533 0.0 107041.5234
763.675 763.675 0.0 106888.0811
777.817 777.817 0.0 106742.6064
791.96 791.96 0.0 106600.9160
806.102 806.102 0.0 106462.9287
820.244 820.244 0.0 106328.5420
834.386 834.386 0.0 106197.6660
848.528 848.528 0.0 106070.5303
862.67 862.67 0.0 105947.1240
876.812 876.812 0.0 105826.9155
890.955 890.955 0.0 105709.9268
905.097 905.097 0.0 105595.9917
919.239 919.239 0.0 105485.0049
933.381 933.381 0.0 105376.0540
947.523 947.523 0.0 105268.8469
961.665 961.665 0.0 105181.5400
975.807 975.807 0.0 105101.1387
989.949 989.949 0.0 105022.3770
1004.09 1004.09 0.0 104945.2505
1018.23 1018.23 0.0 104869.6890
1032.38 1032.38 0.0 104795.6191
1046.52 1046.52 0.0 104725.0139
1060.66 1060.66 0.0 104657.1206
1074.8 1074.8 0.0 104590.6570
1088.94 1088.94 0.0 104528.1799
1103.09 1103.09 0.0 104466.8560
1117.23 1117.23 0.0 104418.5103
1131.37 1131.37 0.0 104376.7466
1145.51 1145.51 0.0 104339.3311
1159.66 1159.66 0.0 104302.3521
1173.8 1173.8 0.0 104265.8447
1187.94 1187.94 0.0 104229.7896
1202.08 1202.08 0.0 104194.1736
1216.22 1216.22 0.0 104158.9958
1230.37 1230.37 0.0 104129.3320
1244.51 1244.51 0.0 104104.8545
1258.65 1258.65 0.0 104080.5825
1272.79 1272.79 0.0 104056.5283
1286.93 1286.93 0.0 104032.6814
1301.08 1301.08 0.0 104008.8049
1315.22 1315.22 0.0 103989.4946
1329.36 1329.36 0.0 103977.9617
1343.5 1343.5 0.0 103966.4814
1357.65 1357.65 0.0 103955.0393
1371.79 1371.79 0.0 103943.6641
1385.93 1385.93 0.0 103931.2058
1400.07 1400.07 0.0 103918.4634
1414.21 1414.21 0.0 103905.7698
1428.36 1428.36 0.0 103892.0476
1442.5 1442.5 0.0 103876.4299
1456.64 1456.64 0.0 103860.9099
1470.78 1470.78 0.0 103845.4819
1484.92 1484.92 0.0 103830.1497
1499.07 1499.07 0.0 103812.7002
1513.21 1513.21 0.0 103794.9062
1527.35 1527.35 0.0 103777.2385
1541.49 1541.49 0.0 103759.6965
1555.63 1555.63 0.0 103742.2803
1569.78 1569.78 0.0 103724.9746
1583.92 1583.92 0.0 103707.8062
1598.06 1598.06 0.0 103690.5667
1612.2 1612.2 0.0 103675.5085
1626.35 1626.35 0.0 103662.0698
1640.49 1640.49 0.0 103648.7183
1654.63 1654.63 0.0 103635.4424
1668.77 1668.77 0.0 103623.3044
1682.91 1682.91 0.0 103611.6597
1697.06 1697.06 0.0 103600.0637
1711.2 1711.2 0.0 103588.5342
1725.34 1725.34 0.0 103577.0630
1739.48 1739.48 0.0 103565.8154
1753.62 1753.62 0.0 103555.4014
1767.77 1767.77 0.0 103545.0271
1781.91 1781.91 0.0 103534.7202
1796.05 1796.05 0.0 103524.6223
1810.19 1810.19 0.0 103514.5684
1824.34 1824.34 0.0 103506.5259
1838.48 1838.48 0.0 103500.1052
1852.62 1852.62 0.0 103493.7034
1866.76 1866.76 0.0 103487.3435
1880.9 1880.9 0.0 103481.0020
1895.05 1895.05 0.0 103474.6770
1909.19 1909.19 0.0 103468.3735
1923.33 1923.33 0.0 103462.0857
1937.47 1937.47 0.0 103455.8213
1951.61 1951.61 0.0 103447.8845
1965.76 1965.76 0.0 103439.6514
1979.9 1979.9 0.0 103431.5000
1994.04 1994.04 0.0 103423.4602
2008.18 2008.18 0.0 103415.4509
2022.33 2022.33 0.0 103407.4644
2036.47 2036.47 0.0 103398.7898
2050.61 2050.61 0.0 103389.8130
2064.75 2064.75 0.0 103380.8730
2078.89 2078.89 0.0 103372.1296
2093.04 2093.04 0.0 103363.9918
2107.18 2107.18 0.0 103355.8939
2121.32 2121.32 0.0 103347.8019
2135.46 2135.46 0.0 103339.7318
2149.6 2149.6 0.0 103331.6949
2163.75 2163.75 0.0 103323.6832
2177.89 2177.89 0.0 103315.7090
2192.03 2192.03 0.0 103307.7660
2206.17 2206.17 0.0 103299.8562
2220.32 2220.32 0.0 103291.9696
2234.46 2234.46 0.0 103284.1239
2248.6 2248.6 0.0 103271.7302
2262.74 2262.74 0.0 103259.7393
2276.88 2276.88 0.0 103251.2563
2291.03 2291.03 0.0 103247.7333
2305.17 2305.17 0.0 103244.4386
2319.31 2319.31 0.0 103241.1478
2333.45 2333.45 0.0 103237.8326
2347.59 2347.59 0.0 103234.4950
2361.74 2361.74 0.0 103230.6854
2375.88 2375.88 0.0 103226.6444
2390.02 2390.02 0.0 103222.2151
2404.16 2404.16 0.0 103216.9001
2418.31 2418.31 0.0 103211.5829
2432.45 2432.45 0.0 103206.2842
2446.59 2446.59 0.0 103201.0002
2460.73 2460.73 0.0 103195.7312
2474.87 2474.87 0.0 103190.4769
2489.02 2489.02 0.0 103185.2321
2503.16 2503.16 0.0 103180.0038
2517.3 2517.3 0.0 103174.7910
2531.44 2531.44 0.0 103169.5929
2545.58 2545.58 0.0 103164.3734
2559.73 2559.73 0.0 103159.1163
2573.87 2573.87 0.0 103153.8602
2588.01 2588.01 0.0 103148.6191
2602.15 2602.15 0.0 103143.3923
2616.3 2616.3 0.0 103138.0302
2630.44 2630.44 0.0 103132.4435
2644.58 2644.58 0.0 103126.8722
2658.72 2658.72 0.0 103121.2112
2672.86 2672.86 0.0 103115.5330
2687.01 2687.01 0.0 103109.8684
2701.15 2701.15 0.0 103104.9849
2715.29 2715.29 0.0 103100.2263
2729.43 2729.43 0.0 103094.6515
2743.57 2743.57 0.0 103090.0492
2757.72 2757.72 0.0 103085.4520
2771.86 2771.86 0.0 103080.8251
2786.0 2786.0 0.0 103076.1077
2800.14 2800.14 0.0 103071.4014
2814.28 2814.28 0.0 103066.7058
2828.43 2828.43 0.0 103061.9974
2842.57 2842.57 0.0 103057.2999
2856.71 2856.71 0.0 103052.6194
2870.85 2870.85 0.0 103047.9473
2885.0 2885.0 0.0 103043.2870
2899.14 2899.14 0.0 103038.6425
2913.28 2913.28 0.0 103033.9896
2927.42 2927.42 0.0 103029.3329
2941.56 2941.56 0.0 103024.6880
2955.71 2955.71 0.0 103020.0543
2969.85 2969.85 0.0 103015.8755
2983.99 2983.99 0.0 103013.6791
2998.13 2998.13 0.0 103011.4843
3012.27 3012.27 0.0 103009.2944
3026.42 3026.42 0.0 103009.1790
3040.56 3040.56 0.0 103009.4043
3054.7 3054.7 0.0 103009.6316
3068.84 3068.84 0.0 103009.8595
3082.99 3082.99 0.0 103010.0361
3097.13 3097.13 0.0 103010.1805
3111.27 3111.27 0.0 103010.3259
3125.41 3125.41 0.0 103009.1974
3139.55 3139.55 0.0 103004.0579
3153.7 3153.7 0.0 102998.6140
3167.84 3167.84 0.0 102993.1943
3181.98 3181.98 0.0 102987.7905
3196.12 3196.12 0.0 102982.4050
3210.26 3210.26 0.0 102977.0402
3224.41 3224.41 0.0 102971.6840
3238.55 3238.55 0.0 102966.3826
3252.69 3252.69 0.0 102961.2246
3266.83 3266.83 0.0 102956.0797
3280.98 3280.98 0.0 102950.9493
3295.12 3295.12 0.0 102945.8398
3309.26 3309.26 0.0 102940.7433
3323.4 3323.4 0.0 102935.6644
3337.54 3337.54 0.0 102930.7437
3351.69 3351.69 0.0 102925.9431
3365.83 3365.83 0.0 102921.1600
3379.97 3379.97 0.0 102916.3835
3394.11 3394.11 0.0 102911.5217
3408.25 3408.25 0.0 102906.3010
3422.4 3422.4 0.0 102905.3850
3436.54 3436.54 0.0 102904.8837
3450.68 3450.68 0.0 102904.3839
3464.82 3464.82 0.0 102903.8821
3478.97 3478.97 0.0 102903.3804
3493.11 3493.11 0.0 102902.8804
3507.25 3507.25 0.0 102902.3805
3521.39 3521.39 0.0 102901.8809
3535.53 3535.53 0.0 102901.3798
3549.68 3549.68 0.0 102900.4779
3563.82 3563.82 0.0 102898.2784
3577.96 3577.96 0.0 102896.0800
3592.1 3592.1 0.0 102893.8822
3606.24 3606.24 0.0 102891.6906
3620.39 3620.39 0.0 102889.4996
3634.53 3634.53 0.0 102887.3126
3648.67 3648.67 0.0 102885.1287
3662.81 3662.81 0.0 102882.6360
3676.96 3676.96 0.0 102879.2251
3691.1 3691.1 0.0 102875.8148
3705.24 3705.24 0.0 102872.3975
3719.38 3719.38 0.0 102869.4039
3733.52 3733.52 0.0 102867.0077
3747.67 3747.67 0.0 102864.6152
3761.81 3761.81 0.0 102862.1083
3775.95 3775.95 0.0 102859.5895
3790.09 3790.09 0.0 102857.0640
3804.23 3804.23 0.0 102854.3354
3818.38 3818.38 0.0 102852.1560
3832.52 3832.52 0.0 102849.9799
3846.66 3846.66 0.0 102847.8058
3860.8 3860.8 0.0 102845.6365
3874.95 3874.95 0.0 102843.4686
3889.09 3889.09 0.0 102841.3170
3903.23 3903.23 0.0 102839.0947
3917.37 3917.37 0.0 102836.8492
3931.51 3931.51 0.0 102834.0862
3945.66 3945.66 0.0 102829.8176
3959.8 3959.8 0.0 102825.5624
3973.94 3973.94 0.0 102821.3186
3988.08 3988.08 0.0 102817.0867
4002.22 4002.22 0.0 102812.8666
4016.37 4016.37 0.0 102808.6559
4030.51 4030.51 0.0 102804.4443
4044.65 4044.65 0.0 102801.3529
4058.79 4058.79 0.0 102798.8086
4072.94 4072.94 0.0 102796.2679
4087.08 4087.08 0.0 102793.5748
4101.22 4101.22 0.0 102790.7191
4115.36 4115.36 0.0 102787.8550
4129.5 4129.5 0.0 102784.4783
4143.65 4143.65 0.0 102779.4410
4157.79 4157.79 0.0 102774.4265
4171.93 4171.93 0.0 102769.4241
4186.07 4186.07 0.0 102764.4304
4200.21 4200.21 0.0 102759.4567
4214.36 4214.36 0.0 102754.4941
4228.5 4228.5 0.0 102749.5527
4242.64 4242.64 0.0 102744.6299
