0.0 0.0 0.0 1764668.3750
14.1421 14.1421 0.0 1125083.5000
28.2843 28.2843 0.0 580920.7188
42.4264 42.4264 0.0 350682.9062
56.5685 56.5685 0.0 239105.5781
70.7107 70.7107 0.0 200065.7734
84.8528 84.8528 0.0 173896.0859
98.9949 98.9949 0.0 155544.7539
113.137 113.137 0.0 142377.3359
127.279 127.279 0.0 134304.4102
141.421 141.421 0.0 128956.1074
155.563 155.563 0.0 124782.6133
169.706 169.706 0.0 121257.6660
183.848 183.848 0.0 118297.6504
197.99 197.99 0.0 115773.8477
212.132 212.132 0.0 113622.7676
226.274 226.274 0.0 111798.4102
240.416 240.416 0.0 110524.9189
254.558 254.558 0.0 109563.5273
268.701 268.701 0.0 108702.0566
282.843 282.843 0.0 107930.3613
296.985 296.985 0.0 107255.3535
311.127 311.127 0.0 106692.5894
325.269 325.269 0.0 106223.2173
339.411 339.411 0.0 105842.1738
353.553 353.553 0.0 105493.1011
367.696 367.696 0.0 105199.9597
381.838 381.838 0.0 104987.8779
395.98 395.98 0.0 104788.2605
410.122 410.122 0.0 104599.4963
424.264 424.264 0.0 104421.0061
438.406 438.406 0.0 104252.2310
452.548 452.548 0.0 104092.6436
466.69 466.69 0.0 103941.9861
480.833 480.833 0.0 103808.5818
494.975 494.975 0.0 103692.6587
509.117 509.117 0.0 103592.8594
523.259 523.259 0.0 103496.5430
537.401 537.401 0.0 103401.3152
551.543 551.543 0.0 103310.2610
565.685 565.685 0.0 103222.0117
579.828 579.828 0.0 103137.9264
593.97 593.97 0.0 103059.2661
608.112 608.112 0.0 102982.6602
622.254 622.254 0.0 102905.1531
636.396 636.396 0.0 102831.0492
650.538 650.538 0.0 102760.9250
664.68 664.68 0.0 102693.9226
678.823 678.823 0.0 102629.8669
692.965 692.965 0.0 102568.8221
707.107 707.107 0.0 102511.9661
721.249 721.249 0.0 102461.4352
735.391 735.391 0.0 102413.0532
749.533 749.533 0.0 102366.7314
763.675 763.675 0.0 102322.3850
777.817 777.817 0.0 102281.8759
791.96 791.96 0.0 102248.2210
806.102 806.102 0.0 102215.6699
820.244 820.244 0.0 102186.1236
834.386 834.386 0.0 102162.7391
848.528 848.528 0.0 102141.2167
862.67 862.67 0.0 102121.6582
876.812 876.812 0.0 102102.7421
890.955 890.955 0.0 102084.2742
905.097 905.097 0.0 102066.2451
919.239 919.239 0.0 102048.6443
933.381 933.381 0.0 102033.7413
947.523 947.523 0.0 102022.6470
961.665 961.665 0.0 102011.7260
975.807 975.807 0.0 102001.1625
989.949 989.949 0.0 101991.2939
1004.09 1004.09 0.0 101981.8306
1018.23 1018.23 0.0 101972.6024
1032.38 1032.38 0.0 101962.3229
1046.52 1046.52 0.0 101952.5032
1060.66 1060.66 0.0 101943.9329
1074.8 1074.8 0.0 101936.9352
1088.94 1088.94 0.0 101930.0068
1103.09 1103.09 0.0 101923.3433
1117.23 1117.23 0.0 101917.3109
1131.37 1131.37 0.0 101911.3358
1145.51 1145.51 0.0 101905.4158
1159.66 1159.66 0.0 101899.5451
1173.8 1173.8 0.0 101893.7306
1187.94 1187.94 0.0 101888.0379
1202.08 1202.08 0.0 101882.6063
1216.22 1216.22 0.0 101877.9671
1230.37 1230.37 0.0 101873.3552
1244.51 1244.51 0.0 101868.6643
1258.65 1258.65 0.0 101864.0136
1272.79 1272.79 0.0 101859.4034
1286.93 1286.93 0.0 101854.8318
1301.08 1301.08 0.0 101850.2961
1315.22 1315.22 0.0 101845.8025
1329.36 1329.36 0.0 101841.3455
1343.5 1343.5 0.0 101836.9201
1357.65 1357.65 0.0 101832.5305
1371.79 1371.79 0.0 101828.1811
1385.93 1385.93 0.0 101823.8678
1400.07 1400.07 0.0 101819.5930
1414.21 1414.21 0.0 101815.3772
1428.36 1428.36 0.0 101811.2728
1442.5 1442.5 0.0 101807.2051
1456.64 1456.64 0.0 101803.1670
1470.78 1470.78 0.0 101799.7599
1484.92 1484.92 0.0 101796.4647
1499.07 1499.07 0.0 101793.1893
1513.21 1513.21 0.0 101789.9391
1527.35 1527.35 0.0 101786.8496
1541.49 1541.49 0.0 101785.8098
1555.63 1555.63 0.0 101785.1095
1569.78 1569.78 0.0 101784.4033
1583.92 1583.92 0.0 101783.6982
1598.06 1598.06 0.0 101782.9957
1612.2 1612.2 0.0 101782.2965
1626.35 1626.35 0.0 101781.6013
1640.49 1640.49 0.0 101780.9075
1654.63 1654.63 0.0 101780.2101
1668.77 1668.77 0.0 101779.4920
1682.91 1682.91 0.0 101778.4404
1697.06 1697.06 0.0 101777.2328
1711.2 1711.2 0.0 101776.0834
1725.34 1725.34 0.0 101774.4799
1739.48 1739.48 0.0 101771.9778
1753.62 1753.62 0.0 101769.4895
1767.77 1767.77 0.0 101767.0132
1781.91 1781.91 0.0 101764.5529
1796.05 1796.05 0.0 101762.0997
1810.19 1810.19 0.0 101759.6547
1824.34 1824.34 0.0 101757.4753
1838.48 1838.48 0.0 101755.1985
1852.62 1852.62 0.0 101752.9344
1866.76 1866.76 0.0 101750.6821
1880.9 1880.9 0.0 101748.4409
1895.05 1895.05 0.0 101746.2059
1909.19 1909.19 0.0 101743.9839
1923.33 1923.33 0.0 101741.7993
1937.47 1937.47 0.0 101740.2017
1951.61 1951.61 0.0 101738.6101
1965.76 1965.76 0.0 101737.0238
1979.9 1979.9 0.0 101735.4448
1994.04 1994.04 0.0 101733.8712
2008.18 2008.18 0.0 101732.3575
2022.33 2022.33 0.0 101730.2782
2036.47 2036.47 0.0 101728.1976
2050.61 2050.61 0.0 101726.1279
2064.75 2064.75 0.0 101724.2449
2078.89 2078.89 0.0 101722.8013
2093.04 2093.04 0.0 101721.3622
2107.18 2107.18 0.0 101719.8976
2121.32 2121.32 0.0 101717.9020
2135.46 2135.46 0.0 101715.9147
2149.6 2149.6 0.0 101713.8984
2163.75 2163.75 0.0 101711.9992
2177.89 2177.89 0.0 101710.0941
2192.03 2192.03 0.0 101708.1738
2206.17 2206.17 0.0 101706.4514
2220.32 2220.32 0.0 101704.8164
2234.46 2234.46 0.0 101703.1851
2248.6 2248.6 0.0 101701.5589
2262.74 2262.74 0.0 101699.8823
2276.88 2276.88 0.0 101698.1443
2291.03 2291.03 0.0 101696.4135
2305.17 2305.17 0.0 101694.6213
2319.31 2319.31 0.0 101692.7404
2333.45 2333.45 0.0 101690.8659
2347.59 2347.59 0.0 101689.7882
2361.74 2361.74 0.0 101688.7892
2375.88 2375.88 0.0 101687.7933
2390.02 2390.02 0.0 101686.8567
2404.16 2404.16 0.0 101685.9446
2418.31 2418.31 0.0 101685.0344
2432.45 2432.45 0.0 101684.1275
2446.59 2446.59 0.0 101683.2222
2460.73 2460.73 0.0 101682.3196
2474.87 2474.87 0.0 101681.4196
2489.02 2489.02 0.0 101680.4738
2503.16 2503.16 0.0 101679.5260
2517.3 2517.3 0.0 101678.3629
2531.44 2531.44 0.0 101676.9264
2545.58 2545.58 0.0 101675.4073
2559.73 2559.73 0.0 101674.2586
2573.87 2573.87 0.0 101673.2744
2588.01 2588.01 0.0 101672.2929
2602.15 2602.15 0.0 101671.3142
2616.3 2616.3 0.0 101670.3232
2630.44 2630.44 0.0 101669.2984
2644.58 2644.58 0.0 101668.2768
2658.72 2658.72 0.0 101667.2577
2672.86 2672.86 0.0 101666.2420
2687.01 2687.01 0.0 101665.1474
2701.15 2701.15 0.0 101664.0435
2715.29 2715.29 0.0 101662.9436
2729.43 2729.43 0.0 101661.8467
2743.57 2743.57 0.0 101660.8008
2757.72 2757.72 0.0 101659.9331
2771.86 2771.86 0.0 101659.0674
2786.0 2786.0 0.0 101658.2047
2800.14 2800.14 0.0 101657.3441
2814.28 2814.28 0.0 101656.4855
2828.43 2828.43 0.0 101655.6285
2842.57 2842.57 0.0 101654.7746
2856.71 2856.71 0.0 101653.9226
2870.85 2870.85 0.0 101653.0728
2885.0 2885.0 0.0 101652.2249
2899.14 2899.14 0.0 101651.3795
2913.28 2913.28 0.0 101650.5273
2927.42 2927.42 0.0 101649.6160
2941.56 2941.56 0.0 101648.7718
2955.71 2955.71 0.0 101647.9285
2969.85 2969.85 0.0 101647.0208
2983.99 2983.99 0.0 101646.1144
2998.13 2998.13 0.0 101644.3456
3012.27 3012.27 0.0 101642.3646
3026.42 3026.42 0.0 101640.3937
3040.56 3040.56 0.0 101638.4369
3054.7 3054.7 0.0 101636.4929
3068.84 3068.84 0.0 101634.5632
3082.99 3082.99 0.0 101632.6432
3097.13 3097.13 0.0 101630.7368
3111.27 3111.27 0.0 101628.8425
3125.41 3125.41 0.0 101626.5456
3139.55 3139.55 0.0 101624.1433
3153.7 3153.7 0.0 101621.7583
3167.84 3167.84 0.0 101619.3936
3181.98 3181.98 0.0 101617.0482
3196.12 3196.12 0.0 101614.7210
3210.26 3210.26 0.0 101612.4130
3224.41 3224.41 0.0 101610.1212
3238.55 3238.55 0.0 101607.8388
3252.69 3252.69 0.0 101605.5607
3266.83 3266.83 0.0 101603.3012
3280.98 3280.98 0.0 101601.0581
3295.12 3295.12 0.0 101598.8346
3309.26 3309.26 0.0 101596.6290
3323.4 3323.4 0.0 101594.4551
3337.54 3337.54 0.0 101592.3284
3351.69 3351.69 0.0 101590.2164
3365.83 3365.83 0.0 101588.0233
3379.97 3379.97 0.0 101585.3503
3394.11 3394.11 0.0 101582.7046
3408.25 3408.25 0.0 101580.0788
3422.4 3422.4 0.0 101577.4779
3436.54 3436.54 0.0 101574.9055
3450.68 3450.68 0.0 101572.3592
3464.82 3464.82 0.0 101569.8384
3478.97 3478.97 0.0 101565.9915
3493.11 3493.11 0.0 101560.7486
3507.25 3507.25 0.0 101555.6193
3521.39 3521.39 0.0 101550.6020
3535.53 3535.53 0.0 101545.6980
3549.68 3549.68 0.0 101540.8998
3563.82 3563.82 0.0 101536.2092
3577.96 3577.96 0.0 101531.6021
3592.1 3592.1 0.0 101527.0603
3606.24 3606.24 0.0 101522.6179
3620.39 3620.39 0.0 101518.2700
3634.53 3634.53 0.0 101513.9933
3648.67 3648.67 0.0 101509.7498
3662.81 3662.81 0.0 101505.6017
3676.96 3676.96 0.0 101501.5440
3691.1 3691.1 0.0 101497.5802
3705.24 3705.24 0.0 101493.7054
3719.38 3719.38 0.0 101489.8884
3733.52 3733.52 0.0 101486.1187
3747.67 3747.67 0.0 101482.4131
3761.81 3761.81 0.0 101478.6063
3775.95 3775.95 0.0 101474.8828
3790.09 3790.09 0.0 101471.2497
3804.23 3804.23 0.0 101467.7045
3818.38 3818.38 0.0 101464.2430
3832.52 3832.52 0.0 101460.8677
3846.66 3846.66 0.0 101457.5743
3860.8 3860.8 0.0 101454.3609
3874.95 3874.95 0.0 101451.2228
3889.09 3889.09 0.0 101448.1633
3903.23 3903.23 0.0 101445.1777
3917.37 3917.37 0.0 101442.2646
3931.51 3931.51 0.0 101439.4220
3945.66 3945.66 0.0 101436.6465
3959.8 3959.8 0.0 101433.9256
3973.94 3973.94 0.0 101431.2469
3988.08 3988.08 0.0 101428.4970
4002.22 4002.22 0.0 101425.8183
4016.37 4016.37 0.0 101423.2073
4030.51 4030.51 0.0 101420.6656
4044.65 4044.65 0.0 101418.1897
4058.79 4058.79 0.0 101415.7779
4072.94 4072.94 0.0 101413.4268
4087.08 4087.08 0.0 101411.1381
4101.22 4101.22 0.0 101408.9031
4115.36 4115.36 0.0 101406.6840
4129.5 4129.5 0.0 101404.5071
4143.65 4143.65 0.0 101402.3869
4157.79 4157.79 0.0 101400.3246
4171.93 4171.93 0.0 101398.3172
4186.07 4186.07 0.0 101396.3634
4200.21 4200.21 0.0 101394.4616
4214.36 4214.36 0.0 101392.5823
4228.5 4228.5 0.0 101390.6503
4242.64 4242.64 0.0 101388.7735
