0.0 0.0 0.0 2612514.2500
14.1421 14.1421 0.0 2505364.5000
28.2843 28.2843 0.0 2348762.7500
42.4264 42.4264 0.0 2137298.7500
56.5685 56.5685 0.0 1877810.8750
70.7107 70.7107 0.0 1575583.1250
84.8528 84.8528 0.0 1283500.7500
98.9949 98.9949 0.0 1018503.0625
113.137 113.137 0.0 792277.5625
127.279 127.279 0.0 608055.1250
141.421 141.421 0.0 498839.5625
155.563 155.563 0.0 416025.0938
169.706 169.706 0.0 346383.6719
183.848 183.848 0.0 288684.4375
197.99 197.99 0.0 252708.1094
212.132 212.132 0.0 231485.4375
226.274 226.274 0.0 214454.9844
240.416 240.416 0.0 202197.7969
254.558 254.558 0.0 192219.5469
268.701 268.701 0.0 183679.5547
282.843 282.843 0.0 175872.0703
296.985 296.985 0.0 168747.9922
311.127 311.127 0.0 163557.0898
325.269 325.269 0.0 159533.5430
339.411 339.411 0.0 155755.7109
353.553 353.553 0.0 152208.4023
367.696 367.696 0.0 148675.7773
381.838 381.838 0.0 145289.9727
395.98 395.98 0.0 142140.8398
410.122 410.122 0.0 139284.5039
424.264 424.264 0.0 136635.4023
438.406 438.406 0.0 134156.4805
452.548 452.548 0.0 131852.7676
466.69 466.69 0.0 129970.6992
480.833 480.833 0.0 128751.9082
494.975 494.975 0.0 127624.6680
509.117 509.117 0.0 126591.8867
523.259 523.259 0.0 125600.4746
537.401 537.401 0.0 124647.5176
551.543 551.543 0.0 123734.8477
565.685 565.685 0.0 122888.8203
579.828 579.828 0.0 122085.3359
593.97 593.97 0.0 121311.4883
608.112 608.112 0.0 120566.2109
622.254 622.254 0.0 119841.7070
636.396 636.396 0.0 119140.5684
650.538 650.538 0.0 118465.7676
664.68 664.68 0.0 117816.1816
678.823 678.823 0.0 117245.3203
692.965 692.965 0.0 116734.5469
707.107 707.107 0.0 116241.2393
721.249 721.249 0.0 115789.1426
735.391 735.391 0.0 115387.7070
749.533 749.533 0.0 115020.3809
763.675 763.675 0.0 114770.1689
777.817 777.817 0.0 114572.1768
791.96 791.96 0.0 114377.0645
806.102 806.102 0.0 114184.8242
820.244 820.244 0.0 114033.7295
834.386 834.386 0.0 113883.5703
848.528 848.528 0.0 113745.3887
862.67 862.67 0.0 113627.7695
876.812 876.812 0.0 113512.2324
890.955 890.955 0.0 113395.5098
905.097 905.097 0.0 113278.8994
919.239 919.239 0.0 113163.3027
933.381 933.381 0.0 113040.9287
947.523 947.523 0.0 112894.2852
961.665 961.665 0.0 112722.1230
975.807 975.807 0.0 112552.4336
989.949 989.949 0.0 112374.2900
1004.09 1004.09 0.0 112185.9658
1018.23 1018.23 0.0 112000.8535
1032.38 1032.38 0.0 111818.7148
1046.52 1046.52 0.0 111652.2129
1060.66 1060.66 0.0 111520.7529
1074.8 1074.8 0.0 111390.9590
1088.94 1088.94 0.0 111262.8086
1103.09 1103.09 0.0 111136.1885
1117.23 1117.23 0.0 111011.2617
1131.37 1131.37 0.0 110888.2891
1145.51 1145.51 0.0 110777.7529
1159.66 1159.66 0.0 110668.4082
1173.8 1173.8 0.0 110560.3975
1187.94 1187.94 0.0 110453.6289
1202.08 1202.08 0.0 110344.3389
1216.22 1216.22 0.0 110234.3926
1230.37 1230.37 0.0 110124.6055
1244.51 1244.51 0.0 110010.4170
1258.65 1258.65 0.0 109897.6543
1272.79 1272.79 0.0 109786.2568
1286.93 1286.93 0.0 109676.3047
1301.08 1301.08 0.0 109567.2471
1315.22 1315.22 0.0 109459.3540
1329.36 1329.36 0.0 109352.9575
1343.5 1343.5 0.0 109247.9604
1357.65 1357.65 0.0 109144.2598
1371.79 1371.79 0.0 109045.6719
1385.93 1385.93 0.0 108963.5869
1400.07 1400.07 0.0 108875.0059
1414.21 1414.21 0.0 108786.1816
1428.36 1428.36 0.0 108698.3320
1442.5 1442.5 0.0 108611.5693
1456.64 1456.64 0.0 108523.2266
1470.78 1470.78 0.0 108427.8335
1484.92 1484.92 0.0 108333.7002
1499.07 1499.07 0.0 108240.7344
1513.21 1513.21 0.0 108149.0728
1527.35 1527.35 0.0 108058.6055
1541.49 1541.49 0.0 107985.4321
1555.63 1555.63 0.0 107926.4795
1569.78 1569.78 0.0 107866.4072
1583.92 1583.92 0.0 107806.9297
1598.06 1598.06 0.0 107747.9849
1612.2 1612.2 0.0 107689.5776
1626.35 1626.35 0.0 107634.3438
1640.49 1640.49 0.0 107583.0088
1654.63 1654.63 0.0 107532.0952
1668.77 1668.77 0.0 107481.5923
1682.91 1682.91 0.0 107431.4980
1697.06 1697.06 0.0 107381.7827
1711.2 1711.2 0.0 107332.4990
1725.34 1725.34 0.0 107283.6123
1739.48 1739.48 0.0 107235.1162
1753.62 1753.62 0.0 107187.0166
1767.77 1767.77 0.0 107139.2715
1781.91 1781.91 0.0 107102.6260
1796.05 1796.05 0.0 107067.7393
1810.19 1810.19 0.0 107033.0664
1824.34 1824.34 0.0 106998.5708
1838.48 1838.48 0.0 106964.3115
1852.62 1852.62 0.0 106930.2578
1866.76 1866.76 0.0 106896.4092
1880.9 1880.9 0.0 106868.4238
1895.05 1895.05 0.0 106843.2944
1909.19 1909.19 0.0 106818.3350
1923.33 1923.33 0.0 106793.4966
1937.47 1937.47 0.0 106768.7646
1951.61 1951.61 0.0 106744.1445
1965.76 1965.76 0.0 106719.6201
1979.9 1979.9 0.0 106695.2192
1994.04 1994.04 0.0 106670.9307
2008.18 2008.18 0.0 106646.7495
2022.33 2022.33 0.0 106622.6616
2036.47 2036.47 0.0 106598.6982
2050.61 2050.61 0.0 106574.8477
2064.75 2064.75 0.0 106551.0977
2078.89 2078.89 0.0 106527.4614
2093.04 2093.04 0.0 106503.9102
2107.18 2107.18 0.0 106480.4824
2121.32 2121.32 0.0 106457.1548
2135.46 2135.46 0.0 106433.9336
2149.6 2149.6 0.0 106410.8145
2163.75 2163.75 0.0 106387.7871
2177.89 2177.89 0.0 106364.8086
2192.03 2192.03 0.0 106340.7085
2206.17 2206.17 0.0 106319.5044
2220.32 2220.32 0.0 106302.3696
2234.46 2234.46 0.0 106287.1841
2248.6 2248.6 0.0 106272.0542
2262.74 2262.74 0.0 106256.9673
2276.88 2276.88 0.0 106241.9224
2291.03 2291.03 0.0 106226.9180
2305.17 2305.17 0.0 106210.4609
2319.31 2319.31 0.0 106192.3193
2333.45 2333.45 0.0 106180.0776
2347.59 2347.59 0.0 106169.4956
2361.74 2361.74 0.0 106158.8633
2375.88 2375.88 0.0 106148.2559
2390.02 2390.02 0.0 106137.6265
2404.16 2404.16 0.0 106125.8555
2418.31 2418.31 0.0 106113.9443
2432.45 2432.45 0.0 106102.0767
2446.59 2446.59 0.0 106090.2383
2460.73 2460.73 0.0 106078.4155
2474.87 2474.87 0.0 106066.6128
2489.02 2489.02 0.0 106053.4946
2503.16 2503.16 0.0 106039.9766
2517.3 2517.3 0.0 106026.4414
2531.44 2531.44 0.0 106012.9346
2545.58 2545.58 0.0 105999.4595
2559.73 2559.73 0.0 105986.0161
2573.87 2573.87 0.0 105972.6201
2588.01 2588.01 0.0 105959.2666
2602.15 2602.15 0.0 105945.9453
2616.3 2616.3 0.0 105932.6582
2630.44 2630.44 0.0 105919.4131
2644.58 2644.58 0.0 105906.2100
2658.72 2658.72 0.0 105893.0391
2672.86 2672.86 0.0 105879.9141
2687.01 2687.01 0.0 105866.8140
2701.15 2701.15 0.0 105853.7598
2715.29 2715.29 0.0 105840.8462
2729.43 2729.43 0.0 105828.3721
2743.57 2743.57 0.0 105815.4243
2757.72 2757.72 0.0 105801.8975
2771.86 2771.86 0.0 105788.4688
2786.0 2786.0 0.0 105774.3330
2800.14 2800.14 0.0 105760.0210
2814.28 2814.28 0.0 105745.7539
2828.43 2828.43 0.0 105730.0386
2842.57 2842.57 0.0 105713.2178
2856.71 2856.71 0.0 105696.4321
2870.85 2870.85 0.0 105679.8447
2885.0 2885.0 0.0 105666.7637
2899.14 2899.14 0.0 105653.7310
2913.28 2913.28 0.0 105640.6558
2927.42 2927.42 0.0 105627.6152
2941.56 2941.56 0.0 105606.9185
2955.71 2955.71 0.0 105587.4644
2969.85 2969.85 0.0 105569.2905
2983.99 2983.99 0.0 105551.1973
2998.13 2998.13 0.0 105533.1738
3012.27 3012.27 0.0 105516.5581
3026.42 3026.42 0.0 105503.1050
3040.56 3040.56 0.0 105491.5703
3054.7 3054.7 0.0 105480.6045
3068.84 3068.84 0.0 105469.6484
3082.99 3082.99 0.0 105458.6147
3097.13 3097.13 0.0 105447.5142
3111.27 3111.27 0.0 105436.2007
3125.41 3125.41 0.0 105424.9121
3139.55 3139.55 0.0 105413.5886
3153.7 3153.7 0.0 105401.8232
3167.84 3167.84 0.0 105390.0986
3181.98 3181.98 0.0 105382.2681
3196.12 3196.12 0.0 105375.4773
3210.26 3210.26 0.0 105368.6965
3224.41 3224.41 0.0 105361.9229
3238.55 3238.55 0.0 105355.1704
3252.69 3252.69 0.0 105352.7903
3266.83 3266.83 0.0 105353.0051
3280.98 3280.98 0.0 105353.2217
3295.12 3295.12 0.0 105353.4409
3309.26 3309.26 0.0 105352.4900
3323.4 3323.4 0.0 105350.0220
3337.54 3337.54 0.0 105346.7214
3351.69 3351.69 0.0 105340.2805
3365.83 3365.83 0.0 105334.7656
3379.97 3379.97 0.0 105331.8281
3394.11 3394.11 0.0 105328.8359
3408.25 3408.25 0.0 105325.8455
3422.4 3422.4 0.0 105322.8499
3436.54 3436.54 0.0 105319.8640
3450.68 3450.68 0.0 105316.8787
3464.82 3464.82 0.0 105313.8975
3478.97 3478.97 0.0 105311.2405
3493.11 3493.11 0.0 105308.8054
3507.25 3507.25 0.0 105306.4041
3521.39 3521.39 0.0 105302.0981
3535.53 3535.53 0.0 105297.7529
3549.68 3549.68 0.0 105293.4065
3563.82 3563.82 0.0 105290.5413
3577.96 3577.96 0.0 105288.0974
3592.1 3592.1 0.0 105285.6467
3606.24 3606.24 0.0 105282.9258
3620.39 3620.39 0.0 105279.5144
3634.53 3634.53 0.0 105275.2224
3648.67 3648.67 0.0 105270.1853
3662.81 3662.81 0.0 105264.2361
3676.96 3676.96 0.0 105255.9180
3691.1 3691.1 0.0 105251.9180
3705.24 3705.24 0.0 105248.2295
3719.38 3719.38 0.0 105244.4631
3733.52 3733.52 0.0 105240.0281
3747.67 3747.67 0.0 105234.9302
3761.81 3761.81 0.0 105229.8462
3775.95 3775.95 0.0 105224.7703
3790.09 3790.09 0.0 105219.6995
3804.23 3804.23 0.0 105210.5337
3818.38 3818.38 0.0 105198.3259
3832.52 3832.52 0.0 105186.1624
3846.66 3846.66 0.0 105174.0386
3860.8 3860.8 0.0 105161.9529
3874.95 3874.95 0.0 105149.8975
3889.09 3889.09 0.0 105137.8838
3903.23 3903.23 0.0 105126.7109
3917.37 3917.37 0.0 105119.7441
3931.51 3931.51 0.0 105112.2634
3945.66 3945.66 0.0 105104.7996
3959.8 3959.8 0.0 105097.3557
3973.94 3973.94 0.0 105089.9246
3988.08 3988.08 0.0 105082.5063
4002.22 4002.22 0.0 105075.4255
4016.37 4016.37 0.0 105065.0852
4030.51 4030.51 0.0 105053.6001
4044.65 4044.65 0.0 105045.4456
4058.79 4058.79 0.0 105037.3091
4072.94 4072.94 0.0 105029.1833
4087.08 4087.08 0.0 105020.4207
4101.22 4101.22 0.0 105008.3535
4115.36 4115.36 0.0 104996.3220
4129.5 4129.5 0.0 104984.3333
4143.65 4143.65 0.0 104972.3770
4157.79 4157.79 0.0 104960.4631
4171.93 4171.93 0.0 104948.5930
4186.07 4186.07 0.0 104936.7598
4200.21 4200.21 0.0 104924.9639
4214.36 4214.36 0.0 104913.1956
4228.5 4228.5 0.0 104901.2500
4242.64 4242.64 0.0 104889.1758
