0.0 0.0 0.0 1568913.3750
14.1421 14.1421 0.0 1554930.2500
28.2843 28.2843 0.0 1541006.1250
42.4264 42.4264 0.0 1527497.1250
56.5685 56.5685 0.0 1514250.7500
70.7107 70.7107 0.0 1501060.1250
84.8528 84.8528 0.0 1487925.1250
98.9949 98.9949 0.0 1474847.3750
113.137 113.137 0.0 1461827.5000
127.279 127.279 0.0 1448865.6250
141.421 141.421 0.0 1435962.8750
155.563 155.563 0.0 1423119.1250
169.706 169.706 0.0 1410119.0000
183.848 183.848 0.0 1396475.2500
197.99 197.99 0.0 1382901.3750
212.132 212.132 0.0 1369605.2500
226.274 226.274 0.0 1356739.7500
240.416 240.416 0.0 1343922.6250
254.558 254.558 0.0 1327318.1250
268.701 268.701 0.0 1303368.1250
282.843 282.843 0.0 1277365.0000
296.985 296.985 0.0 1248560.3750
311.127 311.127 0.0 1216978.5000
325.269 325.269 0.0 1180397.0000
339.411 339.411 0.0 1156612.8750
353.553 353.553 0.0 1130564.8750
367.696 367.696 0.0 1101877.4375
381.838 381.838 0.0 1076528.8125
395.98 395.98 0.0 1058596.0625
410.122 410.122 0.0 1038501.1250
424.264 424.264 0.0 1017172.0000
438.406 438.406 0.0 996031.0000
452.548 452.548 0.0 974641.3750
466.69 466.69 0.0 954356.0625
480.833 480.833 0.0 932904.7500
494.975 494.975 0.0 911386.5000
509.117 509.117 0.0 889357.5625
523.259 523.259 0.0 866829.1250
537.401 537.401 0.0 845040.6875
551.543 551.543 0.0 823501.5625
565.685 565.685 0.0 802070.2500
579.828 579.828 0.0 781497.9375
593.97 593.97 0.0 764336.8125
608.112 608.112 0.0 747729.3750
622.254 622.254 0.0 731256.3125
636.396 636.396 0.0 715057.3750
650.538 650.538 0.0 698144.9375
664.68 664.68 0.0 681349.7500
678.823 678.823 0.0 664709.0000
692.965 692.965 0.0 648095.5000
707.107 707.107 0.0 630823.2500
721.249 721.249 0.0 613975.9062
735.391 735.391 0.0 597481.0625
749.533 749.533 0.0 581271.7500
763.675 763.675 0.0 564802.5000
777.817 777.817 0.0 546794.2812
791.96 791.96 0.0 529681.0000
806.102 806.102 0.0 522475.1562
820.244 820.244 0.0 514766.5625
834.386 834.386 0.0 506289.6250
848.528 848.528 0.0 495772.6250
862.67 862.67 0.0 484887.0000
876.812 876.812 0.0 473578.9688
890.955 890.955 0.0 463515.0312
905.097 905.097 0.0 455365.1875
919.239 919.239 0.0 447325.6562
933.381 933.381 0.0 439382.2188
947.523 947.523 0.0 431392.4375
961.665 961.665 0.0 423439.3438
975.807 975.807 0.0 415535.7500
989.949 989.949 0.0 407797.8438
1004.09 1004.09 0.0 399820.5000
1018.23 1018.23 0.0 391753.5312
1032.38 1032.38 0.0 383771.6875
1046.52 1046.52 0.0 376317.0938
1060.66 1060.66 0.0 369701.9375
1074.8 1074.8 0.0 363564.7500
1088.94 1088.94 0.0 357218.3438
1103.09 1103.09 0.0 350880.2812
1117.23 1117.23 0.0 344695.5781
1131.37 1131.37 0.0 338787.0625
1145.51 1145.51 0.0 333407.5312
1159.66 1159.66 0.0 328202.1250
1173.8 1173.8 0.0 323542.2812
1187.94 1187.94 0.0 318967.8906
1202.08 1202.08 0.0 314477.9375
1216.22 1216.22 0.0 310071.3594
1230.37 1230.37 0.0 305743.6875
1244.51 1244.51 0.0 301312.0469
1258.65 1258.65 0.0 296936.9062
1272.79 1272.79 0.0 292865.4219
1286.93 1286.93 0.0 289405.9688
1301.08 1301.08 0.0 286000.6562
1315.22 1315.22 0.0 282654.0156
1329.36 1329.36 0.0 279362.7188
1343.5 1343.5 0.0 276509.9375
1357.65 1357.65 0.0 273797.0625
1371.79 1371.79 0.0 271124.6094
1385.93 1385.93 0.0 268452.8281
1400.07 1400.07 0.0 265624.2656
1414.21 1414.21 0.0 262839.8281
1428.36 1428.36 0.0 260096.9844
1442.5 1442.5 0.0 257399.0938
1456.64 1456.64 0.0 254756.9531
1470.78 1470.78 0.0 252287.7188
1484.92 1484.92 0.0 249871.6562
1499.07 1499.07 0.0 247489.8906
1513.21 1513.21 0.0 245145.2344
1527.35 1527.35 0.0 242730.9531
1541.49 1541.49 0.0 240404.1406
1555.63 1555.63 0.0 238120.0781
1569.78 1569.78 0.0 235869.4062
1583.92 1583.92 0.0 233654.9688
1598.06 1598.06 0.0 231474.6328
1612.2 1612.2 0.0 229328.0312
1626.35 1626.35 0.0 227232.1406
1640.49 1640.49 0.0 225240.7109
1654.63 1654.63 0.0 223265.3594
1668.77 1668.77 0.0 221261.5078
1682.91 1682.91 0.0 219288.7031
1697.06 1697.06 0.0 217332.9453
1711.2 1711.2 0.0 215397.7734
1725.34 1725.34 0.0 213491.7188
1739.48 1739.48 0.0 211836.7812
1753.62 1753.62 0.0 210297.7891
1767.77 1767.77 0.0 208777.9609
1781.91 1781.91 0.0 207278.9375
1796.05 1796.05 0.0 205799.4766
1810.19 1810.19 0.0 204333.9531
1824.34 1824.34 0.0 202868.6016
1838.48 1838.48 0.0 201412.5703
1852.62 1852.62 0.0 199975.2266
1866.76 1866.76 0.0 198557.5312
1880.9 1880.9 0.0 197082.1250
1895.05 1895.05 0.0 195820.3672
1909.19 1909.19 0.0 194616.9453
1923.33 1923.33 0.0 193428.3203
1937.47 1937.47 0.0 192256.5625
1951.61 1951.61 0.0 191098.5234
1965.76 1965.76 0.0 189953.7578
1979.9 1979.9 0.0 188823.7578
1994.04 1994.04 0.0 187707.6016
2008.18 2008.18 0.0 186643.5234
2022.33 2022.33 0.0 185710.7266
2036.47 2036.47 0.0 184788.8516
2050.61 2050.61 0.0 183878.8203
2064.75 2064.75 0.0 182978.3281
2078.89 2078.89 0.0 182109.2734
2093.04 2093.04 0.0 181307.4844
2107.18 2107.18 0.0 180513.9531
2121.32 2121.32 0.0 179727.9609
2135.46 2135.46 0.0 178950.8125
2149.6 2149.6 0.0 178181.3203
2163.75 2163.75 0.0 177354.6406
2177.89 2177.89 0.0 176508.1250
2192.03 2192.03 0.0 175670.7109
2206.17 2206.17 0.0 174842.2891
2220.32 2220.32 0.0 174022.1797
2234.46 2234.46 0.0 173211.4531
2248.6 2248.6 0.0 172409.4922
2262.74 2262.74 0.0 171616.1172
2276.88 2276.88 0.0 170831.3281
2291.03 2291.03 0.0 170054.4375
2305.17 2305.17 0.0 169273.4688
2319.31 2319.31 0.0 168432.3906
2333.45 2333.45 0.0 167604.6562
2347.59 2347.59 0.0 166865.6328
2361.74 2361.74 0.0 166191.2656
2375.88 2375.88 0.0 165524.0898
2390.02 2390.02 0.0 164863.5664
2404.16 2404.16 0.0 164213.1523
2418.31 2418.31 0.0 163594.7305
2432.45 2432.45 0.0 162985.2227
2446.59 2446.59 0.0 162428.3203
2460.73 2460.73 0.0 161889.2188
2474.87 2474.87 0.0 161345.8945
2489.02 2489.02 0.0 160801.7109
2503.16 2503.16 0.0 160262.6289
2517.3 2517.3 0.0 159678.8125
2531.44 2531.44 0.0 159086.1953
2545.58 2545.58 0.0 158526.5156
2559.73 2559.73 0.0 157985.9766
2573.87 2573.87 0.0 157450.7930
2588.01 2588.01 0.0 156920.3203
2602.15 2602.15 0.0 156394.4609
2616.3 2616.3 0.0 155872.9531
2630.44 2630.44 0.0 155356.6445
2644.58 2644.58 0.0 154845.1719
2658.72 2658.72 0.0 154340.7852
2672.86 2672.86 0.0 153841.0000
2687.01 2687.01 0.0 153345.4570
2701.15 2701.15 0.0 152854.8242
2715.29 2715.29 0.0 152368.4570
2729.43 2729.43 0.0 151886.4219
2743.57 2743.57 0.0 151406.5117
2757.72 2757.72 0.0 150934.8242
2771.86 2771.86 0.0 150467.7383
2786.0 2786.0 0.0 150004.9648
2800.14 2800.14 0.0 149546.3320
2814.28 2814.28 0.0 149120.7734
2828.43 2828.43 0.0 148837.2422
2842.57 2842.57 0.0 148550.8828
2856.71 2856.71 0.0 148266.1094
2870.85 2870.85 0.0 147982.9766
2885.0 2885.0 0.0 147705.7852
2899.14 2899.14 0.0 147440.7734
2913.28 2913.28 0.0 147170.5391
2927.42 2927.42 0.0 146901.8711
2941.56 2941.56 0.0 146621.7695
2955.71 2955.71 0.0 146352.0664
2969.85 2969.85 0.0 146084.1211
2983.99 2983.99 0.0 145810.1406
2998.13 2998.13 0.0 145527.5117
3012.27 3012.27 0.0 145250.4883
3026.42 3026.42 0.0 144974.9922
3040.56 3040.56 0.0 144705.1133
3054.7 3054.7 0.0 144437.8711
3068.84 3068.84 0.0 144172.4766
3082.99 3082.99 0.0 143908.4727
3097.13 3097.13 0.0 143645.5117
3111.27 3111.27 0.0 143384.1758
3125.41 3125.41 0.0 143124.3945
3139.55 3139.55 0.0 142866.1797
3153.7 3153.7 0.0 142609.3828
3167.84 3167.84 0.0 142354.2930
3181.98 3181.98 0.0 142098.6211
3196.12 3196.12 0.0 141842.2578
3210.26 3210.26 0.0 141587.7773
3224.41 3224.41 0.0 141342.1562
3238.55 3238.55 0.0 141098.2148
3252.69 3252.69 0.0 140855.7070
3266.83 3266.83 0.0 140614.6289
3280.98 3280.98 0.0 140374.8438
3295.12 3295.12 0.0 140136.4180
3309.26 3309.26 0.0 139904.0586
3323.4 3323.4 0.0 139685.7695
3337.54 3337.54 0.0 139473.8516
3351.69 3351.69 0.0 139270.3867
3365.83 3365.83 0.0 139067.9453
3379.97 3379.97 0.0 138866.5547
3394.11 3394.11 0.0 138666.1992
3408.25 3408.25 0.0 138465.3047
3422.4 3422.4 0.0 138264.0977
3436.54 3436.54 0.0 138045.2031
3450.68 3450.68 0.0 137827.5664
3464.82 3464.82 0.0 137611.2031
3478.97 3478.97 0.0 137391.8984
3493.11 3493.11 0.0 137171.0977
3507.25 3507.25 0.0 136934.9727
3521.39 3521.39 0.0 136685.8203
3535.53 3535.53 0.0 136438.3711
3549.68 3549.68 0.0 136192.4453
3563.82 3563.82 0.0 135948.4102
3577.96 3577.96 0.0 135706.0352
3592.1 3592.1 0.0 135465.3242
3606.24 3606.24 0.0 135226.2773
3620.39 3620.39 0.0 134988.2734
3634.53 3634.53 0.0 134749.7148
3648.67 3648.67 0.0 134512.9102
3662.81 3662.81 0.0 134277.7344
3676.96 3676.96 0.0 134044.0391
3691.1 3691.1 0.0 133813.2383
3705.24 3705.24 0.0 133579.1230
3719.38 3719.38 0.0 133344.3926
3733.52 3733.52 0.0 133111.3496
3747.67 3747.67 0.0 132879.7949
3761.81 3761.81 0.0 132650.0879
3775.95 3775.95 0.0 132422.0195
3790.09 3790.09 0.0 132198.7012
3804.23 3804.23 0.0 131977.3750
3818.38 3818.38 0.0 131757.4453
3832.52 3832.52 0.0 131539.2188
3846.66 3846.66 0.0 131322.5625
3860.8 3860.8 0.0 131107.4082
3874.95 3874.95 0.0 130893.6270
3889.09 3889.09 0.0 130681.5254
3903.23 3903.23 0.0 130481.8281
3917.37 3917.37 0.0 130309.2598
3931.51 3931.51 0.0 130137.7148
3945.66 3945.66 0.0 129967.0645
3959.8 3959.8 0.0 129797.5234
3973.94 3973.94 0.0 129628.9551
3988.08 3988.08 0.0 129461.3965
4002.22 4002.22 0.0 129294.7637
4016.37 4016.37 0.0 129129.0449
4030.51 4030.51 0.0 128964.3848
4044.65 4044.65 0.0 128800.7012
4058.79 4058.79 0.0 128637.9668
4072.94 4072.94 0.0 128476.0664
4087.08 4087.08 0.0 128335.0625
4101.22 4101.22 0.0 128205.5195
4115.36 4115.36 0.0 128076.5684
4129.5 4129.5 0.0 127953.9160
4143.65 4143.65 0.0 127832.9883
4157.79 4157.79 0.0 127712.6836
4171.93 4171.93 0.0 127592.9160
4186.07 4186.07 0.0 127473.6758
4200.21 4200.21 0.0 127357.3965
4214.36 4214.36 0.0 127244.9883
4228.5 4228.5 0.0 127132.8770
4242.64 4242.64 0.0 127021.8320
