0.0 0.0 0.0 271929.4531
14.1421 14.1421 0.0 252537.7969
28.2843 28.2843 0.0 231183.5547
42.4264 42.4264 0.0 211256.3750
56.5685 56.5685 0.0 193448.5000
70.7107 70.7107 0.0 178344.7578
84.8528 84.8528 0.0 165553.3320
98.9949 98.9949 0.0 154894.8203
113.137 113.137 0.0 146153.5547
127.279 127.279 0.0 138877.5469
141.421 141.421 0.0 132944.0078
155.563 155.563 0.0 129166.7812
169.706 169.706 0.0 125919.6562
183.848 183.848 0.0 123047.3613
197.99 197.99 0.0 120434.3047
212.132 212.132 0.0 118030.1035
226.274 226.274 0.0 116148.7666
240.416 240.416 0.0 114474.6318
254.558 254.558 0.0 113087.4287
268.701 268.701 0.0 112019.3359
282.843 282.843 0.0 111073.8408
296.985 296.985 0.0 110213.9746
311.127 311.127 0.0 109426.4995
325.269 325.269 0.0 108712.1714
339.411 339.411 0.0 108093.6758
353.553 353.553 0.0 107554.2109
367.696 367.696 0.0 107148.1436
381.838 381.838 0.0 106775.0488
395.98 395.98 0.0 106425.7832
410.122 410.122 0.0 106102.4019
424.264 424.264 0.0 105819.1089
438.406 438.406 0.0 105610.3545
452.548 452.548 0.0 105423.8218
466.69 466.69 0.0 105245.4480
480.833 480.833 0.0 105074.8188
494.975 494.975 0.0 104920.0217
509.117 509.117 0.0 104785.4624
523.259 523.259 0.0 104655.9265
537.401 537.401 0.0 104531.1931
551.543 551.543 0.0 104411.1416
565.685 565.685 0.0 104295.5754
579.828 579.828 0.0 104180.8718
593.97 593.97 0.0 104070.2488
608.112 608.112 0.0 103963.9050
622.254 622.254 0.0 103859.6809
636.396 636.396 0.0 103758.5686
650.538 650.538 0.0 103661.4741
664.68 664.68 0.0 103568.2478
678.823 678.823 0.0 103475.8301
692.965 692.965 0.0 103383.4600
707.107 707.107 0.0 103294.5865
721.249 721.249 0.0 103209.5457
735.391 735.391 0.0 103128.1732
749.533 749.533 0.0 103050.3113
763.675 763.675 0.0 102975.8087
777.817 777.817 0.0 102904.5186
791.96 791.96 0.0 102836.2701
806.102 806.102 0.0 102771.9541
820.244 820.244 0.0 102710.6157
834.386 834.386 0.0 102651.8763
848.528 848.528 0.0 102595.6272
862.67 862.67 0.0 102541.5845
876.812 876.812 0.0 102492.9668
890.955 890.955 0.0 102448.7939
905.097 905.097 0.0 102410.6094
919.239 919.239 0.0 102374.8091
933.381 933.381 0.0 102340.1890
947.523 947.523 0.0 102306.7083
961.665 961.665 0.0 102271.9678
975.807 975.807 0.0 102239.6807
989.949 989.949 0.0 102212.3415
1004.09 1004.09 0.0 102188.7075
1018.23 1018.23 0.0 102164.3258
1032.38 1032.38 0.0 102138.7018
1046.52 1046.52 0.0 102113.4550
1060.66 1060.66 0.0 102088.8561
1074.8 1074.8 0.0 102065.0250
1088.94 1088.94 0.0 102041.9362
1103.09 1103.09 0.0 102024.6345
1117.23 1117.23 0.0 102009.4133
1131.37 1131.37 0.0 101995.7025
1145.51 1145.51 0.0 101982.2659
1159.66 1159.66 0.0 101971.2353
1173.8 1173.8 0.0 101961.4294
1187.94 1187.94 0.0 101951.7742
1202.08 1202.08 0.0 101942.2661
1216.22 1216.22 0.0 101932.9032
1230.37 1230.37 0.0 101923.6760
1244.51 1244.51 0.0 101914.5949
1258.65 1258.65 0.0 101905.6571
1272.79 1272.79 0.0 101896.8539
1286.93 1286.93 0.0 101889.4372
1301.08 1301.08 0.0 101882.8533
1315.22 1315.22 0.0 101876.3519
1329.36 1329.36 0.0 101869.9254
1343.5 1343.5 0.0 101863.6193
1357.65 1357.65 0.0 101857.4053
1371.79 1371.79 0.0 101851.3620
1385.93 1385.93 0.0 101846.1917
1400.07 1400.07 0.0 101841.0724
1414.21 1414.21 0.0 101836.1407
1428.36 1428.36 0.0 101831.3362
1442.5 1442.5 0.0 101826.5787
1456.64 1456.64 0.0 101821.8648
1470.78 1470.78 0.0 101817.1954
1484.92 1484.92 0.0 101812.5611
1499.07 1499.07 0.0 101807.9675
1513.21 1513.21 0.0 101803.4393
1527.35 1527.35 0.0 101799.0532
1541.49 1541.49 0.0 101795.6935
1555.63 1555.63 0.0 101792.5485
1569.78 1569.78 0.0 101789.4224
1583.92 1583.92 0.0 101786.3199
1598.06 1598.06 0.0 101783.2383
1612.2 1612.2 0.0 101780.1765
1626.35 1626.35 0.0 101777.4646
1640.49 1640.49 0.0 101775.0718
1654.63 1654.63 0.0 101772.6867
1668.77 1668.77 0.0 101770.3144
1682.91 1682.91 0.0 101767.9544
1697.06 1697.06 0.0 101765.6057
1711.2 1711.2 0.0 101763.1296
1725.34 1725.34 0.0 101760.6073
1739.48 1739.48 0.0 101758.0753
1753.62 1753.62 0.0 101755.5497
1767.77 1767.77 0.0 101752.9942
1781.91 1781.91 0.0 101750.4062
1796.05 1796.05 0.0 101747.8110
1810.19 1810.19 0.0 101745.1590
1824.34 1824.34 0.0 101742.5221
1838.48 1838.48 0.0 101741.0454
1852.62 1852.62 0.0 101739.8574
1866.76 1866.76 0.0 101738.6417
1880.9 1880.9 0.0 101737.4094
1895.05 1895.05 0.0 101736.1797
1909.19 1909.19 0.0 101734.9521
1923.33 1923.33 0.0 101733.3224
1937.47 1937.47 0.0 101731.5278
1951.61 1951.61 0.0 101729.7122
1965.76 1965.76 0.0 101727.8702
1979.9 1979.9 0.0 101726.0384
1994.04 1994.04 0.0 101724.2150
2008.18 2008.18 0.0 101722.3992
2022.33 2022.33 0.0 101720.5906
2036.47 2036.47 0.0 101718.6174
2050.61 2050.61 0.0 101716.5928
2064.75 2064.75 0.0 101714.5775
2078.89 2078.89 0.0 101712.5728
2093.04 2093.04 0.0 101710.5771
2107.18 2107.18 0.0 101709.1060
2121.32 2121.32 0.0 101708.0399
2135.46 2135.46 0.0 101706.9756
2149.6 2149.6 0.0 101705.9701
2163.75 2163.75 0.0 101704.9833
2177.89 2177.89 0.0 101704.0000
2192.03 2192.03 0.0 101703.0189
2206.17 2206.17 0.0 101702.0407
2220.32 2220.32 0.0 101701.0643
2234.46 2234.46 0.0 101700.0741
2248.6 2248.6 0.0 101699.0841
2262.74 2262.74 0.0 101698.0977
2276.88 2276.88 0.0 101697.1127
2291.03 2291.03 0.0 101696.1245
2305.17 2305.17 0.0 101695.1245
2319.31 2319.31 0.0 101694.3380
2333.45 2333.45 0.0 101693.5986
2347.59 2347.59 0.0 101692.8616
2361.74 2361.74 0.0 101692.0618
2375.88 2375.88 0.0 101690.0753
2390.02 2390.02 0.0 101688.0689
2404.16 2404.16 0.0 101686.2114
2418.31 2418.31 0.0 101684.6809
2432.45 2432.45 0.0 101683.1608
2446.59 2446.59 0.0 101681.6470
2460.73 2460.73 0.0 101680.1396
2474.87 2474.87 0.0 101678.8560
2489.02 2489.02 0.0 101677.7406
2503.16 2503.16 0.0 101676.6293
2517.3 2517.3 0.0 101675.5215
2531.44 2531.44 0.0 101674.8721
2545.58 2545.58 0.0 101674.2950
2559.73 2559.73 0.0 101673.7188
2573.87 2573.87 0.0 101673.1433
2588.01 2588.01 0.0 101672.5695
2602.15 2602.15 0.0 101671.9875
2616.3 2616.3 0.0 101671.3666
2630.44 2630.44 0.0 101670.7390
2644.58 2644.58 0.0 101670.1129
2658.72 2658.72 0.0 101669.4870
2672.86 2672.86 0.0 101668.7958
2687.01 2687.01 0.0 101668.1017
2701.15 2701.15 0.0 101667.4103
2715.29 2715.29 0.0 101666.7195
2729.43 2729.43 0.0 101666.0306
2743.57 2743.57 0.0 101664.8304
2757.72 2757.72 0.0 101663.3111
2771.86 2771.86 0.0 101661.7887
2786.0 2786.0 0.0 101660.2657
2800.14 2800.14 0.0 101659.1882
2814.28 2814.28 0.0 101658.1383
2828.43 2828.43 0.0 101657.0907
2842.57 2842.57 0.0 101656.0477
2856.71 2856.71 0.0 101655.0266
2870.85 2870.85 0.0 101654.1005
2885.0 2885.0 0.0 101653.0860
2899.14 2899.14 0.0 101652.0939
2913.28 2913.28 0.0 101651.1051
2927.42 2927.42 0.0 101650.1191
2941.56 2941.56 0.0 101649.1357
2955.71 2955.71 0.0 101648.1552
2969.85 2969.85 0.0 101647.1778
2983.99 2983.99 0.0 101646.2036
2998.13 2998.13 0.0 101644.5091
3012.27 3012.27 0.0 101642.2278
3026.42 3026.42 0.0 101639.9607
3040.56 3040.56 0.0 101637.7118
3054.7 3054.7 0.0 101635.4784
3068.84 3068.84 0.0 101633.2613
3082.99 3082.99 0.0 101631.0585
3097.13 3097.13 0.0 101628.8297
3111.27 3111.27 0.0 101626.6028
3125.41 3125.41 0.0 101624.3916
3139.55 3139.55 0.0 101622.1964
3153.7 3153.7 0.0 101620.0150
3167.84 3167.84 0.0 101617.8518
3181.98 3181.98 0.0 101615.7037
3196.12 3196.12 0.0 101610.9647
3210.26 3210.26 0.0 101605.5489
3224.41 3224.41 0.0 101600.2325
3238.55 3238.55 0.0 101595.0199
3252.69 3252.69 0.0 101589.9065
3266.83 3266.83 0.0 101584.8890
3280.98 3280.98 0.0 101579.9626
3295.12 3295.12 0.0 101575.1329
3309.26 3309.26 0.0 101570.3732
3323.4 3323.4 0.0 101565.4957
3337.54 3337.54 0.0 101560.7155
3351.69 3351.69 0.0 101556.0269
3365.83 3365.83 0.0 101551.4345
3379.97 3379.97 0.0 101546.9337
3394.11 3394.11 0.0 101542.5222
3408.25 3408.25 0.0 101538.1985
3422.4 3422.4 0.0 101533.9575
3436.54 3436.54 0.0 101529.6574
3450.68 3450.68 0.0 101525.3265
3464.82 3464.82 0.0 101521.0871
3478.97 3478.97 0.0 101516.9344
3493.11 3493.11 0.0 101512.8727
3507.25 3507.25 0.0 101508.8970
3521.39 3521.39 0.0 101505.0054
3535.53 3535.53 0.0 101500.9997
3549.68 3549.68 0.0 101496.7251
3563.82 3563.82 0.0 101492.5081
3577.96 3577.96 0.0 101488.3947
3592.1 3592.1 0.0 101484.3821
3606.24 3606.24 0.0 101480.4678
3620.39 3620.39 0.0 101476.6476
3634.53 3634.53 0.0 101472.9133
3648.67 3648.67 0.0 101469.2498
3662.81 3662.81 0.0 101465.6797
3676.96 3676.96 0.0 101462.2021
3691.1 3691.1 0.0 101458.8131
3705.24 3705.24 0.0 101455.5141
3719.38 3719.38 0.0 101452.3004
3733.52 3733.52 0.0 101449.1660
3747.67 3747.67 0.0 101446.1066
3761.81 3761.81 0.0 101443.1246
3775.95 3775.95 0.0 101440.2162
3790.09 3790.09 0.0 101437.2698
3804.23 3804.23 0.0 101434.3451
3818.38 3818.38 0.0 101431.3877
3832.52 3832.52 0.0 101428.5124
3846.66 3846.66 0.0 101425.7146
3860.8 3860.8 0.0 101422.9926
3874.95 3874.95 0.0 101420.9339
3889.09 3889.09 0.0 101419.5764
3903.23 3903.23 0.0 101418.2380
3917.37 3917.37 0.0 101416.9184
3931.51 3931.51 0.0 101415.6176
3945.66 3945.66 0.0 101414.3344
3959.8 3959.8 0.0 101413.0702
3973.94 3973.94 0.0 101411.8238
3988.08 3988.08 0.0 101410.5951
4002.22 4002.22 0.0 101409.3832
4016.37 4016.37 0.0 101408.1404
4030.51 4030.51 0.0 101406.9167
4044.65 4044.65 0.0 101405.7110
4058.79 4058.79 0.0 101404.5232
4072.94 4072.94 0.0 101403.3519
4087.08 4087.08 0.0 101402.1987
4101.22 4101.22 0.0 101401.0626
4115.36 4115.36 0.0 101399.9430
4129.5 4129.5 0.0 101398.8401
4143.65 4143.65 0.0 101397.7520
4157.79 4157.79 0.0 101396.6789
4171.93 4171.93 0.0 101395.6216
4186.07 4186.07 0.0 101394.5799
4200.21 4200.21 0.0 101393.5536
4214.36 4214.36 0.0 101392.5418
4228.5 4228.5 0.0 101391.5455
4242.64 4242.64 0.0 101390.5640
