0.0 0.0 0.0 1228756.7500
14.1421 14.1421 0.0 1094883.3750
28.2843 28.2843 0.0 974762.5000
42.4264 42.4264 0.0 923144.2500
56.5685 56.5685 0.0 877349.0000
70.7107 70.7107 0.0 831421.5000
84.8528 84.8528 0.0 778194.4375
98.9949 98.9949 0.0 723162.4375
113.137 113.137 0.0 659345.5625
127.279 127.279 0.0 588508.0000
141.421 141.421 0.0 518924.7500
155.563 155.563 0.0 452878.4688
169.706 169.706 0.0 393706.9375
183.848 183.848 0.0 343232.5625
197.99 197.99 0.0 301544.6875
212.132 212.132 0.0 279764.6406
226.274 226.274 0.0 260329.7188
240.416 240.416 0.0 243820.7188
254.558 254.558 0.0 232808.3125
268.701 268.701 0.0 223616.0391
282.843 282.843 0.0 215241.9062
296.985 296.985 0.0 207500.7578
311.127 311.127 0.0 200226.5781
325.269 325.269 0.0 193338.6953
339.411 339.411 0.0 186916.5547
353.553 353.553 0.0 180924.8672
367.696 367.696 0.0 175343.9766
381.838 381.838 0.0 170160.5547
395.98 395.98 0.0 165328.5938
410.122 410.122 0.0 161240.6094
424.264 424.264 0.0 158111.6406
438.406 438.406 0.0 155141.7305
452.548 452.548 0.0 152323.0938
466.69 466.69 0.0 149647.8008
480.833 480.833 0.0 147109.1680
494.975 494.975 0.0 144697.6094
509.117 509.117 0.0 142390.7656
523.259 523.259 0.0 140163.6289
537.401 537.401 0.0 137912.2227
551.543 551.543 0.0 135795.4141
565.685 565.685 0.0 134194.1992
579.828 579.828 0.0 132767.9512
593.97 593.97 0.0 131402.7773
608.112 608.112 0.0 130095.3867
622.254 622.254 0.0 128970.7695
636.396 636.396 0.0 127907.3984
650.538 650.538 0.0 126907.6270
664.68 664.68 0.0 125994.9707
678.823 678.823 0.0 125120.7656
692.965 692.965 0.0 124317.9043
707.107 707.107 0.0 123541.9160
721.249 721.249 0.0 122936.0156
735.391 735.391 0.0 122359.7930
749.533 749.533 0.0 121798.7754
763.675 763.675 0.0 121252.5684
777.817 777.817 0.0 120720.8008
791.96 791.96 0.0 120262.8750
806.102 806.102 0.0 119838.3691
820.244 820.244 0.0 119429.4961
834.386 834.386 0.0 119039.6953
848.528 848.528 0.0 118658.2227
862.67 862.67 0.0 118284.8867
876.812 876.812 0.0 117919.5273
890.955 890.955 0.0 117546.8135
905.097 905.097 0.0 117180.5156
919.239 919.239 0.0 116822.3135
933.381 933.381 0.0 116472.0713
947.523 947.523 0.0 116129.6738
961.665 961.665 0.0 115834.5508
975.807 975.807 0.0 115550.6436
989.949 989.949 0.0 115272.1924
1004.09 1004.09 0.0 115000.8652
1018.23 1018.23 0.0 114742.6787
1032.38 1032.38 0.0 114528.3428
1046.52 1046.52 0.0 114317.5742
1060.66 1060.66 0.0 114110.1299
1074.8 1074.8 0.0 113905.9834
1088.94 1088.94 0.0 113705.0352
1103.09 1103.09 0.0 113507.1514
1117.23 1117.23 0.0 113312.5352
1131.37 1131.37 0.0 113121.0215
1145.51 1145.51 0.0 112932.5449
1159.66 1159.66 0.0 112746.9307
1173.8 1173.8 0.0 112564.4023
1187.94 1187.94 0.0 112383.4277
1202.08 1202.08 0.0 112188.2168
1216.22 1216.22 0.0 111971.3125
1230.37 1230.37 0.0 111758.0625
1244.51 1244.51 0.0 111588.9639
1258.65 1258.65 0.0 111435.8975
1272.79 1272.79 0.0 111284.9844
1286.93 1286.93 0.0 111124.8760
1301.08 1301.08 0.0 110973.7803
1315.22 1315.22 0.0 110828.9385
1329.36 1329.36 0.0 110686.0918
1343.5 1343.5 0.0 110542.2266
1357.65 1357.65 0.0 110395.3652
1371.79 1371.79 0.0 110264.4756
1385.93 1385.93 0.0 110143.8018
1400.07 1400.07 0.0 110023.1719
1414.21 1414.21 0.0 109903.2725
1428.36 1428.36 0.0 109781.4014
1442.5 1442.5 0.0 109648.2988
1456.64 1456.64 0.0 109516.9292
1470.78 1470.78 0.0 109387.5640
1484.92 1484.92 0.0 109265.2246
1499.07 1499.07 0.0 109145.4619
1513.21 1513.21 0.0 109027.5908
1527.35 1527.35 0.0 108912.8950
1541.49 1541.49 0.0 108833.6113
1555.63 1555.63 0.0 108763.2271
1569.78 1569.78 0.0 108693.4541
1583.92 1583.92 0.0 108626.6611
1598.06 1598.06 0.0 108572.2993
1612.2 1612.2 0.0 108523.0420
1626.35 1626.35 0.0 108474.0879
1640.49 1640.49 0.0 108425.4917
1654.63 1654.63 0.0 108377.2319
1668.77 1668.77 0.0 108329.2822
1682.91 1682.91 0.0 108281.6353
1697.06 1697.06 0.0 108234.2734
1711.2 1711.2 0.0 108187.2700
1725.34 1725.34 0.0 108140.5850
1739.48 1739.48 0.0 108094.2837
1753.62 1753.62 0.0 108049.1309
1767.77 1767.77 0.0 108004.2520
1781.91 1781.91 0.0 107959.7002
1796.05 1796.05 0.0 107915.4414
1810.19 1810.19 0.0 107871.4834
1824.34 1824.34 0.0 107827.7832
1838.48 1838.48 0.0 107784.4014
1852.62 1852.62 0.0 107741.3081
1866.76 1866.76 0.0 107698.5112
1880.9 1880.9 0.0 107655.9922
1895.05 1895.05 0.0 107613.7261
1909.19 1909.19 0.0 107571.7710
1923.33 1923.33 0.0 107530.0952
1937.47 1937.47 0.0 107488.6963
1951.61 1951.61 0.0 107447.5762
1965.76 1965.76 0.0 107406.6943
1979.9 1979.9 0.0 107366.1167
1994.04 1994.04 0.0 107325.8081
2008.18 2008.18 0.0 107285.7681
2022.33 2022.33 0.0 107245.9717
2036.47 2036.47 0.0 107206.4639
2050.61 2050.61 0.0 107167.2646
2064.75 2064.75 0.0 107128.4639
2078.89 2078.89 0.0 107089.9321
2093.04 2093.04 0.0 107051.6221
2107.18 2107.18 0.0 107013.5903
2121.32 2121.32 0.0 106975.8047
2135.46 2135.46 0.0 106938.2759
2149.6 2149.6 0.0 106900.9888
2163.75 2163.75 0.0 106867.9604
2177.89 2177.89 0.0 106839.9336
2192.03 2192.03 0.0 106812.0586
2206.17 2206.17 0.0 106784.3193
2220.32 2220.32 0.0 106756.6992
2234.46 2234.46 0.0 106729.2412
2248.6 2248.6 0.0 106706.9565
2262.74 2262.74 0.0 106688.4277
2276.88 2276.88 0.0 106669.9570
2291.03 2291.03 0.0 106651.5044
2305.17 2305.17 0.0 106633.1001
2319.31 2319.31 0.0 106614.7593
2333.45 2333.45 0.0 106596.4790
2347.59 2347.59 0.0 106575.7188
2361.74 2361.74 0.0 106553.5332
2375.88 2375.88 0.0 106531.4321
2390.02 2390.02 0.0 106509.4253
2404.16 2404.16 0.0 106487.5098
2418.31 2418.31 0.0 106464.1826
2432.45 2432.45 0.0 106438.7837
2446.59 2446.59 0.0 106413.5166
2460.73 2460.73 0.0 106388.3696
2474.87 2474.87 0.0 106363.3467
2489.02 2489.02 0.0 106338.4326
2503.16 2503.16 0.0 106313.6562
2517.3 2517.3 0.0 106288.9995
2531.44 2531.44 0.0 106269.1392
2545.58 2545.58 0.0 106251.3145
2559.73 2559.73 0.0 106235.7754
2573.87 2573.87 0.0 106216.5977
2588.01 2588.01 0.0 106198.3887
2602.15 2602.15 0.0 106184.0337
2616.3 2616.3 0.0 106169.7051
2630.44 2630.44 0.0 106155.4287
2644.58 2644.58 0.0 106142.8403
2658.72 2658.72 0.0 106132.3613
2672.86 2672.86 0.0 106121.9038
2687.01 2687.01 0.0 106110.1328
2701.15 2701.15 0.0 106088.2100
2715.29 2715.29 0.0 106066.3223
2729.43 2729.43 0.0 106046.7129
2743.57 2743.57 0.0 106027.2964
2757.72 2757.72 0.0 106007.9438
2771.86 2771.86 0.0 105988.6860
2786.0 2786.0 0.0 105969.4858
2800.14 2800.14 0.0 105950.3198
2814.28 2814.28 0.0 105931.2202
2828.43 2828.43 0.0 105912.1836
2842.57 2842.57 0.0 105893.2388
2856.71 2856.71 0.0 105874.3589
2870.85 2870.85 0.0 105855.5396
2885.0 2885.0 0.0 105837.0625
2899.14 2899.14 0.0 105821.9702
2913.28 2913.28 0.0 105807.5796
2927.42 2927.42 0.0 105795.0444
2941.56 2941.56 0.0 105782.5542
2955.71 2955.71 0.0 105770.0674
2969.85 2969.85 0.0 105757.6240
2983.99 2983.99 0.0 105745.2183
2998.13 2998.13 0.0 105732.8496
3012.27 3012.27 0.0 105720.5107
3026.42 3026.42 0.0 105708.4121
3040.56 3040.56 0.0 105696.9463
3054.7 3054.7 0.0 105685.5137
3068.84 3068.84 0.0 105674.3931
3082.99 3082.99 0.0 105663.3599
3097.13 3097.13 0.0 105652.3633
3111.27 3111.27 0.0 105641.3945
3125.41 3125.41 0.0 105630.4541
3139.55 3139.55 0.0 105619.5405
3153.7 3153.7 0.0 105608.6465
3167.84 3167.84 0.0 105597.4961
3181.98 3181.98 0.0 105587.2534
3196.12 3196.12 0.0 105578.5503
3210.26 3210.26 0.0 105569.8032
3224.41 3224.41 0.0 105561.0747
3238.55 3238.55 0.0 105552.3701
3252.69 3252.69 0.0 105542.7075
3266.83 3266.83 0.0 105534.5229
3280.98 3280.98 0.0 105530.8032
3295.12 3295.12 0.0 105524.3042
3309.26 3309.26 0.0 105517.5298
3323.4 3323.4 0.0 105510.7666
3337.54 3337.54 0.0 105503.7573
3351.69 3351.69 0.0 105496.7559
3365.83 3365.83 0.0 105489.7700
3379.97 3379.97 0.0 105482.6973
3394.11 3394.11 0.0 105470.7349
3408.25 3408.25 0.0 105458.7388
3422.4 3422.4 0.0 105447.2212
3436.54 3436.54 0.0 105436.1182
3450.68 3450.68 0.0 105425.0386
3464.82 3464.82 0.0 105413.9895
3478.97 3478.97 0.0 105402.9641
3493.11 3493.11 0.0 105391.9795
3507.25 3507.25 0.0 105380.9824
3521.39 3521.39 0.0 105369.7568
3535.53 3535.53 0.0 105358.5623
3549.68 3549.68 0.0 105347.3948
3563.82 3563.82 0.0 105336.2622
3577.96 3577.96 0.0 105325.1641
3592.1 3592.1 0.0 105314.0962
3606.24 3606.24 0.0 105303.0540
3620.39 3620.39 0.0 105292.8984
3634.53 3634.53 0.0 105285.0698
3648.67 3648.67 0.0 105280.6572
3662.81 3662.81 0.0 105273.0347
3676.96 3676.96 0.0 105264.3413
3691.1 3691.1 0.0 105255.6633
3705.24 3705.24 0.0 105252.7202
3719.38 3719.38 0.0 105245.8586
3733.52 3733.52 0.0 105230.8271
3747.67 3747.67 0.0 105217.5925
3761.81 3761.81 0.0 105206.5007
3775.95 3775.95 0.0 105193.8657
3790.09 3790.09 0.0 105180.5872
3804.23 3804.23 0.0 105170.1460
3818.38 3818.38 0.0 105160.4995
3832.52 3832.52 0.0 105150.7715
3846.66 3846.66 0.0 105141.0244
3860.8 3860.8 0.0 105131.2896
3874.95 3874.95 0.0 105124.7249
3889.09 3889.09 0.0 105119.2419
3903.23 3903.23 0.0 105113.6445
3917.37 3917.37 0.0 105108.1309
3931.51 3931.51 0.0 105102.5640
3945.66 3945.66 0.0 105095.9338
3959.8 3959.8 0.0 105089.2722
3973.94 3973.94 0.0 105082.6245
3988.08 3988.08 0.0 105075.9861
4002.22 4002.22 0.0 105069.3633
4016.37 4016.37 0.0 105062.7434
4030.51 4030.51 0.0 105056.1423
4044.65 4044.65 0.0 105049.5437
4058.79 4058.79 0.0 105042.5603
4072.94 4072.94 0.0 105035.4509
4087.08 4087.08 0.0 105028.2983
4101.22 4101.22 0.0 105021.1631
4115.36 4115.36 0.0 105014.0415
4129.5 4129.5 0.0 105006.7551
4143.65 4143.65 0.0 104999.4707
4157.79 4157.79 0.0 104992.2078
4171.93 4171.93 0.0 104984.9573
4186.07 4186.07 0.0 104977.7227
4200.21 4200.21 0.0 104969.6316
4214.36 4214.36 0.0 104958.4045
4228.5 4228.5 0.0 104947.3394
4242.64 4242.64 0.0 104936.3079
