0.0 0.0 0.0 200142.5078
14.1421 14.1421 0.0 199715.9922
28.2843 28.2843 0.0 199565.5703
42.4264 42.4264 0.0 199448.0625
56.5685 56.5685 0.0 199328.5234
70.7107 70.7107 0.0 199209.1484
84.8528 84.8528 0.0 199089.8828
98.9949 98.9949 0.0 198972.1328
113.137 113.137 0.0 198857.0078
127.279 127.279 0.0 198741.0234
141.421 141.421 0.0 198625.2188
155.563 155.563 0.0 198509.5859
169.706 169.706 0.0 198394.0391
183.848 183.848 0.0 198278.6250
197.99 197.99 0.0 198163.2656
212.132 212.132 0.0 198047.2188
226.274 226.274 0.0 197931.2891
240.416 240.416 0.0 197814.6406
254.558 254.558 0.0 197697.9062
268.701 268.701 0.0 197581.2734
282.843 282.843 0.0 197464.8047
296.985 296.985 0.0 197348.4766
311.127 311.127 0.0 197213.1484
325.269 325.269 0.0 197068.2422
339.411 339.411 0.0 196900.9062
353.553 353.553 0.0 196734.0547
367.696 367.696 0.0 196549.8828
381.838 381.838 0.0 196365.9141
395.98 395.98 0.0 196182.2969
410.122 410.122 0.0 195999.0547
424.264 424.264 0.0 195816.0703
438.406 438.406 0.0 195633.4844
452.548 452.548 0.0 195450.4453
466.69 466.69 0.0 195255.5625
480.833 480.833 0.0 195061.0781
494.975 494.975 0.0 194867.0000
509.117 509.117 0.0 194665.4609
523.259 523.259 0.0 194460.4922
537.401 537.401 0.0 194192.2500
551.543 551.543 0.0 193916.0078
565.685 565.685 0.0 193640.6016
579.828 579.828 0.0 193365.9062
593.97 593.97 0.0 193092.0781
608.112 608.112 0.0 192818.9609
622.254 622.254 0.0 192546.6484
636.396 636.396 0.0 192223.7734
650.538 650.538 0.0 191877.0000
664.68 664.68 0.0 191487.1641
678.823 678.823 0.0 191098.8828
692.965 692.965 0.0 190711.8828
707.107 707.107 0.0 190326.5547
721.249 721.249 0.0 189942.8203
735.391 735.391 0.0 189560.6328
749.533 749.533 0.0 189180.0000
763.675 763.675 0.0 188800.9609
777.817 777.817 0.0 188423.5156
791.96 791.96 0.0 188047.5938
806.102 806.102 0.0 187651.4531
820.244 820.244 0.0 187212.5391
834.386 834.386 0.0 186773.4141
848.528 848.528 0.0 186323.5234
862.67 862.67 0.0 185862.5781
876.812 876.812 0.0 185386.4766
890.955 890.955 0.0 184913.0156
905.097 905.097 0.0 184441.2969
919.239 919.239 0.0 183969.6797
933.381 933.381 0.0 183530.9062
947.523 947.523 0.0 183098.5703
961.665 961.665 0.0 182608.4766
975.807 975.807 0.0 182121.2891
989.949 989.949 0.0 181623.0781
1004.09 1004.09 0.0 181123.6875
1018.23 1018.23 0.0 180622.0781
1032.38 1032.38 0.0 180162.6484
1046.52 1046.52 0.0 179722.0938
1060.66 1060.66 0.0 179283.7812
1074.8 1074.8 0.0 178842.2969
1088.94 1088.94 0.0 178483.2812
1103.09 1103.09 0.0 178120.8828
1117.23 1117.23 0.0 177736.1094
1131.37 1131.37 0.0 177334.7656
1145.51 1145.51 0.0 176860.7344
1159.66 1159.66 0.0 176386.7266
1173.8 1173.8 0.0 175915.9609
1187.94 1187.94 0.0 175447.9688
1202.08 1202.08 0.0 174982.8516
1216.22 1216.22 0.0 174479.4766
1230.37 1230.37 0.0 173964.1250
1244.51 1244.51 0.0 173452.5703
1258.65 1258.65 0.0 172941.3359
1272.79 1272.79 0.0 172423.1172
1286.93 1286.93 0.0 171906.1406
1301.08 1301.08 0.0 171392.4453
1315.22 1315.22 0.0 170945.8516
1329.36 1329.36 0.0 170502.6719
1343.5 1343.5 0.0 170069.1641
1357.65 1357.65 0.0 169637.9766
1371.79 1371.79 0.0 169197.0938
1385.93 1385.93 0.0 168730.3047
1400.07 1400.07 0.0 168250.6172
1414.21 1414.21 0.0 167697.1641
1428.36 1428.36 0.0 167147.1562
1442.5 1442.5 0.0 166596.8242
1456.64 1456.64 0.0 166120.9023
1470.78 1470.78 0.0 165673.2344
1484.92 1484.92 0.0 165228.5273
1499.07 1499.07 0.0 164786.4688
1513.21 1513.21 0.0 164347.7539
1527.35 1527.35 0.0 163911.8828
1541.49 1541.49 0.0 163478.9961
1555.63 1555.63 0.0 163048.9531
1569.78 1569.78 0.0 162722.8008
1583.92 1583.92 0.0 162431.5312
1598.06 1598.06 0.0 162157.0078
1612.2 1612.2 0.0 161909.8320
1626.35 1626.35 0.0 161663.5156
1640.49 1640.49 0.0 161418.3242
1654.63 1654.63 0.0 161174.0742
1668.77 1668.77 0.0 160930.8398
1682.91 1682.91 0.0 160688.5000
1697.06 1697.06 0.0 160447.1680
1711.2 1711.2 0.0 160218.1328
1725.34 1725.34 0.0 159989.9570
1739.48 1739.48 0.0 159762.6602
1753.62 1753.62 0.0 159536.1875
1767.77 1767.77 0.0 159310.4336
1781.91 1781.91 0.0 159104.0938
1796.05 1796.05 0.0 158914.4180
1810.19 1810.19 0.0 158725.3594
1824.34 1824.34 0.0 158536.7109
1838.48 1838.48 0.0 158348.8359
1852.62 1852.62 0.0 158161.5703
1866.76 1866.76 0.0 157974.4219
1880.9 1880.9 0.0 157783.1289
1895.05 1895.05 0.0 157592.2852
1909.19 1909.19 0.0 157402.2227
1923.33 1923.33 0.0 157213.0703
1937.47 1937.47 0.0 157024.6836
1951.61 1951.61 0.0 156836.9062
1965.76 1965.76 0.0 156649.6328
1979.9 1979.9 0.0 156463.0820
1994.04 1994.04 0.0 156277.1367
2008.18 2008.18 0.0 156095.6914
2022.33 2022.33 0.0 155915.0703
2036.47 2036.47 0.0 155735.1523
2050.61 2050.61 0.0 155555.8750
2064.75 2064.75 0.0 155377.0977
2078.89 2078.89 0.0 155198.9219
2093.04 2093.04 0.0 155021.2031
2107.18 2107.18 0.0 154844.1406
2121.32 2121.32 0.0 154667.6875
2135.46 2135.46 0.0 154444.7734
2149.6 2149.6 0.0 154165.2109
2163.75 2163.75 0.0 153880.1094
2177.89 2177.89 0.0 153650.1289
2192.03 2192.03 0.0 153424.5039
2206.17 2206.17 0.0 153199.4180
2220.32 2220.32 0.0 152972.1211
2234.46 2234.46 0.0 152725.1055
2248.6 2248.6 0.0 152479.2461
2262.74 2262.74 0.0 152239.2969
2276.88 2276.88 0.0 152004.5039
2291.03 2291.03 0.0 151770.6250
2305.17 2305.17 0.0 151537.9766
2319.31 2319.31 0.0 151306.3555
2333.45 2333.45 0.0 151075.7734
2347.59 2347.59 0.0 150862.9258
2361.74 2361.74 0.0 150674.8672
2375.88 2375.88 0.0 150467.7500
2390.02 2390.02 0.0 150269.0430
2404.16 2404.16 0.0 150081.3984
2418.31 2418.31 0.0 149906.8789
2432.45 2432.45 0.0 149749.5352
2446.59 2446.59 0.0 149592.6562
2460.73 2460.73 0.0 149436.2891
2474.87 2474.87 0.0 149196.3867
2489.02 2489.02 0.0 148750.7969
2503.16 2503.16 0.0 148307.1055
2517.3 2517.3 0.0 147867.4727
2531.44 2531.44 0.0 147431.8672
2545.58 2545.58 0.0 147000.2500
2559.73 2559.73 0.0 146572.2734
2573.87 2573.87 0.0 146148.5352
2588.01 2588.01 0.0 145728.6367
2602.15 2602.15 0.0 145312.6133
2616.3 2616.3 0.0 144900.1211
2630.44 2630.44 0.0 144491.6758
2644.58 2644.58 0.0 144086.9922
2658.72 2658.72 0.0 143675.2617
2672.86 2672.86 0.0 143242.0078
2687.01 2687.01 0.0 142813.6680
2701.15 2701.15 0.0 142389.9414
2715.29 2715.29 0.0 141970.4180
2729.43 2729.43 0.0 141555.1055
2743.57 2743.57 0.0 141143.9375
2757.72 2757.72 0.0 140734.2383
2771.86 2771.86 0.0 140328.6797
2786.0 2786.0 0.0 139927.3008
2800.14 2800.14 0.0 139530.0195
2814.28 2814.28 0.0 139137.2344
2828.43 2828.43 0.0 138748.1211
2842.57 2842.57 0.0 138363.2227
2856.71 2856.71 0.0 137982.2148
2870.85 2870.85 0.0 137605.0508
2885.0 2885.0 0.0 137231.4375
2899.14 2899.14 0.0 136851.1133
2913.28 2913.28 0.0 136456.8398
2927.42 2927.42 0.0 136066.8555
2941.56 2941.56 0.0 135646.2422
2955.71 2955.71 0.0 135229.7422
2969.85 2969.85 0.0 134753.6953
2983.99 2983.99 0.0 134203.6133
2998.13 2998.13 0.0 133662.4785
3012.27 3012.27 0.0 133209.7891
3026.42 3026.42 0.0 132777.3691
3040.56 3040.56 0.0 132380.0586
3054.7 3054.7 0.0 132107.2441
3068.84 3068.84 0.0 131836.7930
3082.99 3082.99 0.0 131568.5098
3097.13 3097.13 0.0 131302.7207
3111.27 3111.27 0.0 131032.7773
3125.41 3125.41 0.0 130757.7305
3139.55 3139.55 0.0 130485.1582
3153.7 3153.7 0.0 130214.9004
3167.84 3167.84 0.0 129947.2988
3181.98 3181.98 0.0 129682.1348
3196.12 3196.12 0.0 129444.5410
3210.26 3210.26 0.0 129211.2656
3224.41 3224.41 0.0 128979.8008
3238.55 3238.55 0.0 128750.3984
3252.69 3252.69 0.0 128522.8789
3266.83 3266.83 0.0 128297.2051
3280.98 3280.98 0.0 128069.4629
3295.12 3295.12 0.0 127843.4121
3309.26 3309.26 0.0 127621.0176
3323.4 3323.4 0.0 127409.6387
3337.54 3337.54 0.0 127199.9395
3351.69 3351.69 0.0 126991.7461
3365.83 3365.83 0.0 126785.3633
3379.97 3379.97 0.0 126580.6289
3394.11 3394.11 0.0 126377.4863
3408.25 3408.25 0.0 126180.6602
3422.4 3422.4 0.0 126036.2656
3436.54 3436.54 0.0 125892.7559
3450.68 3450.68 0.0 125749.9961
3464.82 3464.82 0.0 125608.0566
3478.97 3478.97 0.0 125466.7969
3493.11 3493.11 0.0 125326.4824
3507.25 3507.25 0.0 125186.9766
3521.39 3521.39 0.0 125048.2617
3535.53 3535.53 0.0 124910.3574
3549.68 3549.68 0.0 124773.1250
3563.82 3563.82 0.0 124636.7988
3577.96 3577.96 0.0 124501.2520
3592.1 3592.1 0.0 124366.4629
3606.24 3606.24 0.0 124232.4766
3620.39 3620.39 0.0 124099.1562
3634.53 3634.53 0.0 123966.6855
3648.67 3648.67 0.0 123834.9883
3662.81 3662.81 0.0 123704.0566
3676.96 3676.96 0.0 123562.2715
3691.1 3691.1 0.0 123421.2090
3705.24 3705.24 0.0 123281.0332
3719.38 3719.38 0.0 123142.6172
3733.52 3733.52 0.0 123009.3691
3747.67 3747.67 0.0 122876.8008
3761.81 3761.81 0.0 122746.1055
3775.95 3775.95 0.0 122617.8398
3790.09 3790.09 0.0 122490.3457
3804.23 3804.23 0.0 122363.5859
3818.38 3818.38 0.0 122237.4980
3832.52 3832.52 0.0 122112.2363
3846.66 3846.66 0.0 121987.7246
3860.8 3860.8 0.0 121863.9355
3874.95 3874.95 0.0 121740.8203
3889.09 3889.09 0.0 121618.5059
3903.23 3903.23 0.0 121496.9199
3917.37 3917.37 0.0 121376.0605
3931.51 3931.51 0.0 121255.7520
3945.66 3945.66 0.0 121134.7227
3959.8 3959.8 0.0 121014.1582
3973.94 3973.94 0.0 120880.5586
3988.08 3988.08 0.0 120739.8164
4002.22 4002.22 0.0 120600.0781
4016.37 4016.37 0.0 120460.9355
4030.51 4030.51 0.0 120320.8516
4044.65 4044.65 0.0 120181.7773
4058.79 4058.79 0.0 120043.7148
4072.94 4072.94 0.0 119906.5527
4087.08 4087.08 0.0 119770.4824
4101.22 4101.22 0.0 119635.4062
4115.36 4115.36 0.0 119501.2988
4129.5 4129.5 0.0 119368.1797
4143.65 4143.65 0.0 119235.9141
4157.79 4157.79 0.0 119104.7070
4171.93 4171.93 0.0 118974.4570
4186.07 4186.07 0.0 118845.1602
4200.21 4200.21 0.0 118716.9961
4214.36 4214.36 0.0 118589.7480
4228.5 4228.5 0.0 118463.5215
4242.64 4242.64 0.0 118338.2012
