0.0 0.0 0.0 821281.0625
14.1421 14.1421 0.0 620608.8438
28.2843 28.2843 0.0 436378.0625
42.4264 42.4264 0.0 305748.1562
56.5685 56.5685 0.0 235959.1875
70.7107 70.7107 0.0 199141.1016
84.8528 84.8528 0.0 175390.6172
98.9949 98.9949 0.0 158231.5352
113.137 113.137 0.0 147569.8945
127.279 127.279 0.0 139250.7031
141.421 141.421 0.0 132896.7207
155.563 155.563 0.0 128576.7266
169.706 169.706 0.0 124907.1387
183.848 183.848 0.0 121726.5293
197.99 197.99 0.0 119028.8047
212.132 212.132 0.0 116691.9424
226.274 226.274 0.0 114689.5898
240.416 240.416 0.0 112977.3457
254.558 254.558 0.0 111791.9443
268.701 268.701 0.0 110848.4248
282.843 282.843 0.0 109976.1387
296.985 296.985 0.0 109180.0020
311.127 311.127 0.0 108460.6860
325.269 325.269 0.0 107858.4839
339.411 339.411 0.0 107374.4590
353.553 353.553 0.0 106949.1758
367.696 367.696 0.0 106602.8911
381.838 381.838 0.0 106319.3618
395.98 395.98 0.0 106050.1890
410.122 410.122 0.0 105795.4546
424.264 424.264 0.0 105554.3882
438.406 438.406 0.0 105328.8396
452.548 452.548 0.0 105121.6750
466.69 466.69 0.0 104925.8054
480.833 480.833 0.0 104745.1880
494.975 494.975 0.0 104591.0752
509.117 509.117 0.0 104443.8247
523.259 523.259 0.0 104303.1946
537.401 537.401 0.0 104168.3442
551.543 551.543 0.0 104036.0308
565.685 565.685 0.0 103909.8276
579.828 579.828 0.0 103789.4895
593.97 593.97 0.0 103677.3408
608.112 608.112 0.0 103570.2876
622.254 622.254 0.0 103468.1011
636.396 636.396 0.0 103375.9502
650.538 650.538 0.0 103299.2909
664.68 664.68 0.0 103225.4924
678.823 678.823 0.0 103151.9584
692.965 692.965 0.0 103081.1547
707.107 707.107 0.0 103013.4161
721.249 721.249 0.0 102948.6255
735.391 735.391 0.0 102879.8827
749.533 749.533 0.0 102811.1860
763.675 763.675 0.0 102745.4960
777.817 777.817 0.0 102682.7307
791.96 791.96 0.0 102622.7184
806.102 806.102 0.0 102566.4263
820.244 820.244 0.0 102515.4728
834.386 834.386 0.0 102469.1398
848.528 848.528 0.0 102424.8099
862.67 862.67 0.0 102383.3521
876.812 876.812 0.0 102352.2020
890.955 890.955 0.0 102324.0854
905.097 905.097 0.0 102297.4696
919.239 919.239 0.0 102277.1144
933.381 933.381 0.0 102262.5950
947.523 947.523 0.0 102248.3064
961.665 961.665 0.0 102234.2293
975.807 975.807 0.0 102220.3680
989.949 989.949 0.0 102206.7163
1004.09 1004.09 0.0 102192.6049
1018.23 1018.23 0.0 102175.5278
1032.38 1032.38 0.0 102159.2362
1046.52 1046.52 0.0 102143.2672
1060.66 1060.66 0.0 102129.0368
1074.8 1074.8 0.0 102116.0211
1088.94 1088.94 0.0 102103.3707
1103.09 1103.09 0.0 102090.9543
1117.23 1117.23 0.0 102079.8886
1131.37 1131.37 0.0 102070.6993
1145.51 1145.51 0.0 102062.4485
1159.66 1159.66 0.0 102054.2834
1173.8 1173.8 0.0 102046.2138
1187.94 1187.94 0.0 102038.2345
1202.08 1202.08 0.0 102030.3427
1216.22 1216.22 0.0 102022.5383
1230.37 1230.37 0.0 102014.8152
1244.51 1244.51 0.0 102007.2524
1258.65 1258.65 0.0 101999.8276
1272.79 1272.79 0.0 101992.4838
1286.93 1286.93 0.0 101985.2202
1301.08 1301.08 0.0 101978.0306
1315.22 1315.22 0.0 101971.2440
1329.36 1329.36 0.0 101964.8928
1343.5 1343.5 0.0 101958.5998
1357.65 1357.65 0.0 101953.2219
1371.79 1371.79 0.0 101948.5827
1385.93 1385.93 0.0 101944.0598
1400.07 1400.07 0.0 101939.7508
1414.21 1414.21 0.0 101935.4647
1428.36 1428.36 0.0 101931.1956
1442.5 1442.5 0.0 101926.9864
1456.64 1456.64 0.0 101922.8335
1470.78 1470.78 0.0 101918.7090
1484.92 1484.92 0.0 101915.2805
1499.07 1499.07 0.0 101912.7768
1513.21 1513.21 0.0 101910.2417
1527.35 1527.35 0.0 101907.5860
1541.49 1541.49 0.0 101904.9428
1555.63 1555.63 0.0 101902.3109
1569.78 1569.78 0.0 101899.6627
1583.92 1583.92 0.0 101897.0222
1598.06 1598.06 0.0 101894.0889
1612.2 1612.2 0.0 101891.0536
1626.35 1626.35 0.0 101887.9603
1640.49 1640.49 0.0 101885.0211
1654.63 1654.63 0.0 101882.1331
1668.77 1668.77 0.0 101879.2597
1682.91 1682.91 0.0 101877.1608
1697.06 1697.06 0.0 101875.2192
1711.2 1711.2 0.0 101873.3081
1725.34 1725.34 0.0 101871.4031
1739.48 1739.48 0.0 101869.5055
1753.62 1753.62 0.0 101867.6141
1767.77 1767.77 0.0 101865.7274
1781.91 1781.91 0.0 101863.8358
1796.05 1796.05 0.0 101862.3232
1810.19 1810.19 0.0 101860.6884
1824.34 1824.34 0.0 101859.0583
1838.48 1838.48 0.0 101857.4266
1852.62 1852.62 0.0 101855.7980
1866.76 1866.76 0.0 101854.1490
1880.9 1880.9 0.0 101852.4795
1895.05 1895.05 0.0 101850.5273
1909.19 1909.19 0.0 101848.5743
1923.33 1923.33 0.0 101846.5652
1937.47 1937.47 0.0 101844.4534
1951.61 1951.61 0.0 101842.3466
1965.76 1965.76 0.0 101840.2449
1979.9 1979.9 0.0 101838.1536
1994.04 1994.04 0.0 101836.2236
2008.18 2008.18 0.0 101833.9073
2022.33 2022.33 0.0 101831.5025
2036.47 2036.47 0.0 101829.0903
2050.61 2050.61 0.0 101826.6889
2064.75 2064.75 0.0 101824.2998
2078.89 2078.89 0.0 101821.9215
2093.04 2093.04 0.0 101819.5261
2107.18 2107.18 0.0 101817.1190
2121.32 2121.32 0.0 101814.7243
2135.46 2135.46 0.0 101812.2328
2149.6 2149.6 0.0 101809.6459
2163.75 2163.75 0.0 101807.0699
2177.89 2177.89 0.0 101804.5104
2192.03 2192.03 0.0 101801.9631
2206.17 2206.17 0.0 101799.4131
2220.32 2220.32 0.0 101796.8751
2234.46 2234.46 0.0 101794.3346
2248.6 2248.6 0.0 101792.0993
2262.74 2262.74 0.0 101789.9625
2276.88 2276.88 0.0 101788.5757
2291.03 2291.03 0.0 101787.1304
2305.17 2305.17 0.0 101785.4883
2319.31 2319.31 0.0 101783.8056
2333.45 2333.45 0.0 101782.1747
2347.59 2347.59 0.0 101780.5596
2361.74 2361.74 0.0 101778.9225
2375.88 2375.88 0.0 101777.2899
2390.02 2390.02 0.0 101775.7903
2404.16 2404.16 0.0 101774.4972
2418.31 2418.31 0.0 101773.2073
2432.45 2432.45 0.0 101771.9214
2446.59 2446.59 0.0 101770.6395
2460.73 2460.73 0.0 101769.3611
2474.87 2474.87 0.0 101768.0866
2489.02 2489.02 0.0 101766.8408
2503.16 2503.16 0.0 101765.5843
2517.3 2517.3 0.0 101764.2973
2531.44 2531.44 0.0 101763.0722
2545.58 2545.58 0.0 101761.8784
2559.73 2559.73 0.0 101760.6879
2573.87 2573.87 0.0 101759.5016
2588.01 2588.01 0.0 101758.2306
2602.15 2602.15 0.0 101756.8943
2616.3 2616.3 0.0 101755.3643
2630.44 2630.44 0.0 101754.2247
2644.58 2644.58 0.0 101753.1411
2658.72 2658.72 0.0 101752.0595
2672.86 2672.86 0.0 101750.9816
2687.01 2687.01 0.0 101749.9052
2701.15 2701.15 0.0 101749.0181
2715.29 2715.29 0.0 101748.2359
2729.43 2729.43 0.0 101747.4542
2743.57 2743.57 0.0 101746.6746
2757.72 2757.72 0.0 101745.8960
2771.86 2771.86 0.0 101745.0377
2786.0 2786.0 0.0 101744.1595
2800.14 2800.14 0.0 101743.2827
2814.28 2814.28 0.0 101742.4038
2828.43 2828.43 0.0 101741.5244
2842.57 2842.57 0.0 101740.6481
2856.71 2856.71 0.0 101739.7393
2870.85 2870.85 0.0 101738.7756
2885.0 2885.0 0.0 101737.8146
2899.14 2899.14 0.0 101736.7383
2913.28 2913.28 0.0 101734.7832
2927.42 2927.42 0.0 101732.8370
2941.56 2941.56 0.0 101730.8998
2955.71 2955.71 0.0 101728.7440
2969.85 2969.85 0.0 101726.5295
2983.99 2983.99 0.0 101723.3537
2998.13 2998.13 0.0 101719.8995
3012.27 3012.27 0.0 101716.4741
3026.42 3026.42 0.0 101713.0772
3040.56 3040.56 0.0 101709.7115
3054.7 3054.7 0.0 101706.3750
3068.84 3068.84 0.0 101703.0676
3082.99 3082.99 0.0 101699.7871
3097.13 3097.13 0.0 101696.5363
3111.27 3111.27 0.0 101693.3143
3125.41 3125.41 0.0 101690.0098
3139.55 3139.55 0.0 101686.7092
3153.7 3153.7 0.0 101683.4365
3167.84 3167.84 0.0 101680.1958
3181.98 3181.98 0.0 101676.3846
3196.12 3196.12 0.0 101672.3753
3210.26 3210.26 0.0 101668.4328
3224.41 3224.41 0.0 101664.5674
3238.55 3238.55 0.0 101660.7481
3252.69 3252.69 0.0 101656.9713
3266.83 3266.83 0.0 101653.2371
3280.98 3280.98 0.0 101649.5426
3295.12 3295.12 0.0 101645.8892
3309.26 3309.26 0.0 101642.2692
3323.4 3323.4 0.0 101638.6911
3337.54 3337.54 0.0 101635.1523
3351.69 3351.69 0.0 101631.6515
3365.83 3365.83 0.0 101627.8249
3379.97 3379.97 0.0 101624.0239
3394.11 3394.11 0.0 101619.3210
3408.25 3408.25 0.0 101612.2300
3422.4 3422.4 0.0 101605.3050
3436.54 3436.54 0.0 101598.5514
3450.68 3450.68 0.0 101591.9611
3464.82 3464.82 0.0 101585.5294
3478.97 3478.97 0.0 101579.2478
3493.11 3493.11 0.0 101573.1225
3507.25 3507.25 0.0 101567.1442
3521.39 3521.39 0.0 101561.3101
3535.53 3535.53 0.0 101555.6171
3549.68 3549.68 0.0 101550.0566
3563.82 3563.82 0.0 101544.6344
3577.96 3577.96 0.0 101539.3427
3592.1 3592.1 0.0 101534.1782
3606.24 3606.24 0.0 101529.1385
3620.39 3620.39 0.0 101524.2166
3634.53 3634.53 0.0 101519.4169
3648.67 3648.67 0.0 101514.7325
3662.81 3662.81 0.0 101510.1615
3676.96 3676.96 0.0 101505.6971
3691.1 3691.1 0.0 101501.3434
3705.24 3705.24 0.0 101497.0911
3719.38 3719.38 0.0 101492.9408
3733.52 3733.52 0.0 101488.8906
3747.67 3747.67 0.0 101484.9354
3761.81 3761.81 0.0 101481.0780
3775.95 3775.95 0.0 101477.3139
3790.09 3790.09 0.0 101473.6406
3804.23 3804.23 0.0 101470.0555
3818.38 3818.38 0.0 101466.5274
3832.52 3832.52 0.0 101463.0875
3846.66 3846.66 0.0 101459.7313
3860.8 3860.8 0.0 101456.4565
3874.95 3874.95 0.0 101453.1735
3889.09 3889.09 0.0 101449.9147
3903.23 3903.23 0.0 101446.7391
3917.37 3917.37 0.0 101443.6439
3931.51 3931.51 0.0 101440.6274
3945.66 3945.66 0.0 101437.6856
3959.8 3959.8 0.0 101434.8624
3973.94 3973.94 0.0 101432.1574
3988.08 3988.08 0.0 101429.4905
4002.22 4002.22 0.0 101426.8299
4016.37 4016.37 0.0 101424.2353
4030.51 4030.51 0.0 101421.7086
4044.65 4044.65 0.0 101419.2462
4058.79 4058.79 0.0 101416.8514
4072.94 4072.94 0.0 101414.4869
4087.08 4087.08 0.0 101412.1580
4101.22 4101.22 0.0 101409.8900
4115.36 4115.36 0.0 101407.6807
4129.5 4129.5 0.0 101405.5291
4143.65 4143.65 0.0 101403.4320
4157.79 4157.79 0.0 101401.3910
4171.93 4171.93 0.0 101399.4029
4186.07 4186.07 0.0 101397.4667
4200.21 4200.21 0.0 101395.5808
4214.36 4214.36 0.0 101393.7427
4228.5 4228.5 0.0 101391.9538
4242.64 4242.64 0.0 101390.2114
