0.0 0.0 0.0 2399602.2500
14.1421 14.1421 0.0 2005023.2500
28.2843 28.2843 0.0 1492765.1250
42.4264 42.4264 0.0 1026229.8750
56.5685 56.5685 0.0 667366.4375
70.7107 70.7107 0.0 457284.0000
84.8528 84.8528 0.0 334826.9531
98.9949 98.9949 0.0 249780.2344
113.137 113.137 0.0 215419.9062
127.279 127.279 0.0 189294.8828
141.421 141.421 0.0 172970.0156
155.563 155.563 0.0 161301.8789
169.706 169.706 0.0 151485.8828
183.848 183.848 0.0 143319.0234
197.99 197.99 0.0 137970.6875
212.132 212.132 0.0 133604.1680
226.274 226.274 0.0 129751.0879
240.416 240.416 0.0 126877.0449
254.558 254.558 0.0 124542.6680
268.701 268.701 0.0 122464.9395
282.843 282.843 0.0 120571.4727
296.985 296.985 0.0 118846.1445
311.127 311.127 0.0 117273.0215
325.269 325.269 0.0 115873.0723
339.411 339.411 0.0 114822.6094
353.553 353.553 0.0 113845.4648
367.696 367.696 0.0 112938.6035
381.838 381.838 0.0 112117.7959
395.98 395.98 0.0 111360.9688
410.122 410.122 0.0 110772.0615
424.264 424.264 0.0 110213.2236
438.406 438.406 0.0 109684.8027
452.548 452.548 0.0 109200.4062
466.69 466.69 0.0 108789.1914
480.833 480.833 0.0 108445.8174
494.975 494.975 0.0 108131.9033
509.117 509.117 0.0 107856.6494
523.259 523.259 0.0 107592.4937
537.401 537.401 0.0 107335.8926
551.543 551.543 0.0 107077.0166
565.685 565.685 0.0 106851.1772
579.828 579.828 0.0 106634.1699
593.97 593.97 0.0 106425.6714
608.112 608.112 0.0 106227.1304
622.254 622.254 0.0 106044.9858
636.396 636.396 0.0 105867.1641
650.538 650.538 0.0 105696.0142
664.68 664.68 0.0 105528.8086
678.823 678.823 0.0 105368.3286
692.965 692.965 0.0 105215.3389
707.107 707.107 0.0 105068.7913
721.249 721.249 0.0 104937.0986
735.391 735.391 0.0 104810.0286
749.533 749.533 0.0 104687.4229
763.675 763.675 0.0 104569.1235
777.817 777.817 0.0 104454.9810
791.96 791.96 0.0 104344.8384
806.102 806.102 0.0 104238.5732
820.244 820.244 0.0 104136.0354
834.386 834.386 0.0 104037.0637
848.528 848.528 0.0 103941.5049
862.67 862.67 0.0 103853.7463
876.812 876.812 0.0 103774.0637
890.955 890.955 0.0 103698.3125
905.097 905.097 0.0 103640.7830
919.239 919.239 0.0 103593.1401
933.381 933.381 0.0 103546.4773
947.523 947.523 0.0 103500.7744
961.665 961.665 0.0 103456.0354
975.807 975.807 0.0 103412.0242
989.949 989.949 0.0 103374.3093
1004.09 1004.09 0.0 103339.7578
1018.23 1018.23 0.0 103305.1163
1032.38 1032.38 0.0 103271.0441
1046.52 1046.52 0.0 103238.1971
1060.66 1060.66 0.0 103206.9412
1074.8 1074.8 0.0 103176.1962
1088.94 1088.94 0.0 103145.9523
1103.09 1103.09 0.0 103116.1805
1117.23 1117.23 0.0 103086.9154
1131.37 1131.37 0.0 103058.1328
1145.51 1145.51 0.0 103029.8202
1159.66 1159.66 0.0 103001.9503
1173.8 1173.8 0.0 102974.5515
1187.94 1187.94 0.0 102947.6000
1202.08 1202.08 0.0 102921.5676
1216.22 1216.22 0.0 102906.3190
1230.37 1230.37 0.0 102891.2643
1244.51 1244.51 0.0 102874.3444
1258.65 1258.65 0.0 102856.8384
1272.79 1272.79 0.0 102839.5291
1286.93 1286.93 0.0 102822.4169
1301.08 1301.08 0.0 102805.4838
1315.22 1315.22 0.0 102788.7544
1329.36 1329.36 0.0 102772.2155
1343.5 1343.5 0.0 102755.7650
1357.65 1357.65 0.0 102719.4462
1371.79 1371.79 0.0 102683.0477
1385.93 1385.93 0.0 102647.5963
1400.07 1400.07 0.0 102613.0549
1414.21 1414.21 0.0 102579.4056
1428.36 1428.36 0.0 102546.6127
1442.5 1442.5 0.0 102514.9657
1456.64 1456.64 0.0 102484.5170
1470.78 1470.78 0.0 102454.8654
1484.92 1484.92 0.0 102425.9904
1499.07 1499.07 0.0 102397.8331
1513.21 1513.21 0.0 102370.4562
1527.35 1527.35 0.0 102352.4615
1541.49 1541.49 0.0 102336.8796
1555.63 1555.63 0.0 102321.6347
1569.78 1569.78 0.0 102307.0957
1583.92 1583.92 0.0 102293.4545
1598.06 1598.06 0.0 102280.0708
1612.2 1612.2 0.0 102266.8738
1626.35 1626.35 0.0 102255.6089
1640.49 1640.49 0.0 102245.0899
1654.63 1654.63 0.0 102235.0188
1668.77 1668.77 0.0 102225.0592
1682.91 1682.91 0.0 102215.2077
1697.06 1697.06 0.0 102205.4569
1711.2 1711.2 0.0 102195.8203
1725.34 1725.34 0.0 102186.2891
1739.48 1739.48 0.0 102177.4023
1753.62 1753.62 0.0 102169.0593
1767.77 1767.77 0.0 102160.7924
1781.91 1781.91 0.0 102152.6115
1796.05 1796.05 0.0 102145.1539
1810.19 1810.19 0.0 102137.9645
1824.34 1824.34 0.0 102130.8301
1838.48 1838.48 0.0 102123.7635
1852.62 1852.62 0.0 102116.7578
1866.76 1866.76 0.0 102109.8150
1880.9 1880.9 0.0 102102.9315
1895.05 1895.05 0.0 102096.1047
1909.19 1909.19 0.0 102089.3430
1923.33 1923.33 0.0 102086.0798
1937.47 1937.47 0.0 102083.2424
1951.61 1951.61 0.0 102080.4156
1965.76 1965.76 0.0 102077.1119
1979.9 1979.9 0.0 102073.5126
1994.04 1994.04 0.0 102070.0218
2008.18 2008.18 0.0 102066.5465
2022.33 2022.33 0.0 102063.1132
2036.47 2036.47 0.0 102059.5518
2050.61 2050.61 0.0 102055.9047
2064.75 2064.75 0.0 102051.9376
2078.89 2078.89 0.0 102047.9489
2093.04 2093.04 0.0 102043.8782
2107.18 2107.18 0.0 102039.8339
2121.32 2121.32 0.0 102035.8746
2135.46 2135.46 0.0 102032.2611
2149.6 2149.6 0.0 102028.5630
2163.75 2163.75 0.0 102024.8809
2177.89 2177.89 0.0 102021.3124
2192.03 2192.03 0.0 102017.9576
2206.17 2206.17 0.0 102014.5966
2220.32 2220.32 0.0 102010.8689
2234.46 2234.46 0.0 102007.1637
2248.6 2248.6 0.0 102003.4742
2262.74 2262.74 0.0 101999.8051
2276.88 2276.88 0.0 101996.1561
2291.03 2291.03 0.0 101992.5236
2305.17 2305.17 0.0 101988.9129
2319.31 2319.31 0.0 101985.3228
2333.45 2333.45 0.0 101981.7520
2347.59 2347.59 0.0 101978.1997
2361.74 2361.74 0.0 101974.6650
2375.88 2375.88 0.0 101971.1248
2390.02 2390.02 0.0 101967.5557
2404.16 2404.16 0.0 101964.0046
2418.31 2418.31 0.0 101960.4681
2432.45 2432.45 0.0 101957.0815
2446.59 2446.59 0.0 101953.9736
2460.73 2460.73 0.0 101950.8654
2474.87 2474.87 0.0 101947.7322
2489.02 2489.02 0.0 101944.6039
2503.16 2503.16 0.0 101941.4925
2517.3 2517.3 0.0 101938.3972
2531.44 2531.44 0.0 101935.1892
2545.58 2545.58 0.0 101931.9781
2559.73 2559.73 0.0 101928.7921
2573.87 2573.87 0.0 101925.6115
2588.01 2588.01 0.0 101922.4446
2602.15 2602.15 0.0 101919.2946
2616.3 2616.3 0.0 101916.1583
2630.44 2630.44 0.0 101913.0402
2644.58 2644.58 0.0 101909.8624
2658.72 2658.72 0.0 101906.1602
2672.86 2672.86 0.0 101902.4810
2687.01 2687.01 0.0 101898.8225
2701.15 2701.15 0.0 101895.1897
2715.29 2715.29 0.0 101891.6730
2729.43 2729.43 0.0 101888.2690
2743.57 2743.57 0.0 101884.8864
2757.72 2757.72 0.0 101881.7545
2771.86 2771.86 0.0 101880.5519
2786.0 2786.0 0.0 101879.3350
2800.14 2800.14 0.0 101878.1184
2814.28 2814.28 0.0 101876.9039
2828.43 2828.43 0.0 101875.8312
2842.57 2842.57 0.0 101874.9788
2856.71 2856.71 0.0 101873.8395
2870.85 2870.85 0.0 101872.5073
2885.0 2885.0 0.0 101871.1772
2899.14 2899.14 0.0 101869.8513
2913.28 2913.28 0.0 101868.6459
2927.42 2927.42 0.0 101867.4965
2941.56 2941.56 0.0 101866.3613
2955.71 2955.71 0.0 101865.2780
2969.85 2969.85 0.0 101864.1981
2983.99 2983.99 0.0 101863.1199
2998.13 2998.13 0.0 101862.0438
3012.27 3012.27 0.0 101860.9694
3026.42 3026.42 0.0 101859.8973
3040.56 3040.56 0.0 101858.8275
3054.7 3054.7 0.0 101857.7968
3068.84 3068.84 0.0 101857.2337
3082.99 3082.99 0.0 101856.7349
3097.13 3097.13 0.0 101856.2375
3111.27 3111.27 0.0 101854.4824
3125.41 3125.41 0.0 101853.3477
3139.55 3139.55 0.0 101852.5602
3153.7 3153.7 0.0 101851.7668
3167.84 3167.84 0.0 101851.4034
3181.98 3181.98 0.0 101851.4001
3196.12 3196.12 0.0 101851.3981
3210.26 3210.26 0.0 101851.1126
3224.41 3224.41 0.0 101850.8423
3238.55 3238.55 0.0 101850.5940
3252.69 3252.69 0.0 101850.3459
3266.83 3266.83 0.0 101850.0981
3280.98 3280.98 0.0 101849.8500
3295.12 3295.12 0.0 101849.6022
3309.26 3309.26 0.0 101849.3547
3323.4 3323.4 0.0 101849.1018
3337.54 3337.54 0.0 101848.8494
3351.69 3351.69 0.0 101848.5764
3365.83 3365.83 0.0 101848.2729
3379.97 3379.97 0.0 101847.9697
3394.11 3394.11 0.0 101847.6661
3408.25 3408.25 0.0 101847.3291
3422.4 3422.4 0.0 101846.8839
3436.54 3436.54 0.0 101846.4412
3450.68 3450.68 0.0 101845.9969
3464.82 3464.82 0.0 101845.5540
3478.97 3478.97 0.0 101845.1784
3493.11 3493.11 0.0 101844.3162
3507.25 3507.25 0.0 101843.3770
3521.39 3521.39 0.0 101842.4396
3535.53 3535.53 0.0 101841.5046
3549.68 3549.68 0.0 101840.5703
3563.82 3563.82 0.0 101839.6379
3577.96 3577.96 0.0 101838.7074
3592.1 3592.1 0.0 101837.7786
3606.24 3606.24 0.0 101836.8518
3620.39 3620.39 0.0 101835.9254
3634.53 3634.53 0.0 101835.0019
3648.67 3648.67 0.0 101834.0801
3662.81 3662.81 0.0 101833.1594
3676.96 3676.96 0.0 101832.2366
3691.1 3691.1 0.0 101831.3123
3705.24 3705.24 0.0 101830.9976
3719.38 3719.38 0.0 101830.7030
3733.52 3733.52 0.0 101830.4081
3747.67 3747.67 0.0 101829.4049
3761.81 3761.81 0.0 101828.0182
3775.95 3775.95 0.0 101826.6349
3790.09 3790.09 0.0 101825.2557
3804.23 3804.23 0.0 101823.8806
3818.38 3818.38 0.0 101822.5081
3832.52 3832.52 0.0 101821.2097
3846.66 3846.66 0.0 101819.9692
3860.8 3860.8 0.0 101818.4744
3874.95 3874.95 0.0 101815.9980
3889.09 3889.09 0.0 101814.0714
3903.23 3903.23 0.0 101812.2939
3917.37 3917.37 0.0 101810.1271
3931.51 3931.51 0.0 101807.9689
3945.66 3945.66 0.0 101805.5184
3959.8 3959.8 0.0 101802.9407
3973.94 3973.94 0.0 101800.3768
3988.08 3988.08 0.0 101797.8268
4002.22 4002.22 0.0 101795.2900
4016.37 4016.37 0.0 101792.7652
4030.51 4030.51 0.0 101790.2565
4044.65 4044.65 0.0 101787.7644
4058.79 4058.79 0.0 101785.2857
4072.94 4072.94 0.0 101782.8185
4087.08 4087.08 0.0 101780.4112
4101.22 4101.22 0.0 101778.0588
4115.36 4115.36 0.0 101775.1487
4129.5 4129.5 0.0 101772.1607
4143.65 4143.65 0.0 101769.1898
4157.79 4157.79 0.0 101766.2403
4171.93 4171.93 0.0 101763.3362
4186.07 4186.07 0.0 101760.4702
4200.21 4200.21 0.0 101757.6234
4214.36 4214.36 0.0 101754.7929
4228.5 4228.5 0.0 101751.9833
4242.64 4242.64 0.0 101749.1867
