0.0 0.0 0.0 198430.6328
14.1421 14.1421 0.0 196412.6797
28.2843 28.2843 0.0 194434.6875
42.4264 42.4264 0.0 192496.0859
56.5685 56.5685 0.0 190661.8906
70.7107 70.7107 0.0 188870.7969
84.8528 84.8528 0.0 187058.0469
98.9949 98.9949 0.0 185246.3438
113.137 113.137 0.0 183467.8125
127.279 127.279 0.0 181627.6953
141.421 141.421 0.0 179289.3828
155.563 155.563 0.0 176717.5234
169.706 169.706 0.0 173965.6953
183.848 183.848 0.0 171249.4297
197.99 197.99 0.0 168572.4297
212.132 212.132 0.0 165885.6523
226.274 226.274 0.0 163969.7656
240.416 240.416 0.0 162331.1172
254.558 254.558 0.0 160700.3594
268.701 268.701 0.0 159111.8164
282.843 282.843 0.0 157547.7656
296.985 296.985 0.0 155973.7578
311.127 311.127 0.0 154442.6758
325.269 325.269 0.0 152953.3711
339.411 339.411 0.0 151504.7930
353.553 353.553 0.0 150095.8203
367.696 367.696 0.0 148725.4453
381.838 381.838 0.0 147392.7695
395.98 395.98 0.0 146096.6914
410.122 410.122 0.0 144836.3242
424.264 424.264 0.0 143610.6719
438.406 438.406 0.0 142415.7539
452.548 452.548 0.0 141239.4102
466.69 466.69 0.0 140096.1523
480.833 480.833 0.0 138984.9297
494.975 494.975 0.0 137905.0742
509.117 509.117 0.0 136855.5742
523.259 523.259 0.0 135835.4844
537.401 537.401 0.0 134848.0273
551.543 551.543 0.0 133895.4258
565.685 565.685 0.0 132970.6523
579.828 579.828 0.0 132071.6855
593.97 593.97 0.0 131200.3613
608.112 608.112 0.0 130374.1055
622.254 622.254 0.0 129574.0078
636.396 636.396 0.0 128795.6758
650.538 650.538 0.0 127982.2402
664.68 664.68 0.0 127168.0215
678.823 678.823 0.0 126513.5625
692.965 692.965 0.0 125866.4297
707.107 707.107 0.0 125232.9160
721.249 721.249 0.0 124607.3398
735.391 735.391 0.0 123992.8418
749.533 749.533 0.0 123394.0137
763.675 763.675 0.0 122808.7695
777.817 777.817 0.0 122238.8848
791.96 791.96 0.0 121666.1582
806.102 806.102 0.0 121160.5215
820.244 820.244 0.0 120708.0820
834.386 834.386 0.0 120239.0449
848.528 848.528 0.0 119781.2676
862.67 862.67 0.0 119334.4609
876.812 876.812 0.0 118911.1113
890.955 890.955 0.0 118532.8730
905.097 905.097 0.0 118164.2930
919.239 919.239 0.0 117803.5449
933.381 933.381 0.0 117450.4609
947.523 947.523 0.0 117104.1523
961.665 961.665 0.0 116761.5488
975.807 975.807 0.0 116424.6924
989.949 989.949 0.0 116088.7080
1004.09 1004.09 0.0 115747.9463
1018.23 1018.23 0.0 115414.7939
1032.38 1032.38 0.0 115081.1055
1046.52 1046.52 0.0 114754.9131
1060.66 1060.66 0.0 114438.7197
1074.8 1074.8 0.0 114131.3555
1088.94 1088.94 0.0 113833.4023
1103.09 1103.09 0.0 113542.8496
1117.23 1117.23 0.0 113259.2139
1131.37 1131.37 0.0 112981.9932
1145.51 1145.51 0.0 112769.8184
1159.66 1159.66 0.0 112579.3018
1173.8 1173.8 0.0 112392.0732
1187.94 1187.94 0.0 112207.9355
1202.08 1202.08 0.0 112015.1172
1216.22 1216.22 0.0 111825.1338
1230.37 1230.37 0.0 111638.6123
1244.51 1244.51 0.0 111455.5742
1258.65 1258.65 0.0 111272.8711
1272.79 1272.79 0.0 111092.7969
1286.93 1286.93 0.0 110915.9678
1301.08 1301.08 0.0 110742.2119
1315.22 1315.22 0.0 110571.6953
1329.36 1329.36 0.0 110404.2617
1343.5 1343.5 0.0 110232.1670
1357.65 1357.65 0.0 110056.0479
1371.79 1371.79 0.0 109841.0205
1385.93 1385.93 0.0 109616.0898
1400.07 1400.07 0.0 109397.0420
1414.21 1414.21 0.0 109179.6841
1428.36 1428.36 0.0 108962.7236
1442.5 1442.5 0.0 108748.9756
1456.64 1456.64 0.0 108573.1465
1470.78 1470.78 0.0 108404.4399
1484.92 1484.92 0.0 108239.6572
1499.07 1499.07 0.0 108078.5747
1513.21 1513.21 0.0 107936.7124
1527.35 1527.35 0.0 107815.1729
1541.49 1541.49 0.0 107698.5234
1555.63 1555.63 0.0 107587.9038
1569.78 1569.78 0.0 107482.7104
1583.92 1583.92 0.0 107379.9805
1598.06 1598.06 0.0 107280.6240
1612.2 1612.2 0.0 107194.2251
1626.35 1626.35 0.0 107116.4902
1640.49 1640.49 0.0 107042.1133
1654.63 1654.63 0.0 106971.2183
1668.77 1668.77 0.0 106902.0181
1682.91 1682.91 0.0 106835.9702
1697.06 1697.06 0.0 106770.6523
1711.2 1711.2 0.0 106706.7700
1725.34 1725.34 0.0 106644.0015
1739.48 1739.48 0.0 106581.9683
1753.62 1753.62 0.0 106522.0010
1767.77 1767.77 0.0 106469.8638
1781.91 1781.91 0.0 106429.8213
1796.05 1796.05 0.0 106390.0894
1810.19 1810.19 0.0 106350.6694
1824.34 1824.34 0.0 106311.5352
1838.48 1838.48 0.0 106272.7788
1852.62 1852.62 0.0 106234.3228
1866.76 1866.76 0.0 106196.1646
1880.9 1880.9 0.0 106158.3018
1895.05 1895.05 0.0 106120.4736
1909.19 1909.19 0.0 106082.9492
1923.33 1923.33 0.0 106045.7178
1937.47 1937.47 0.0 106008.7725
1951.61 1951.61 0.0 105974.3096
1965.76 1965.76 0.0 105940.3325
1979.9 1979.9 0.0 105906.6240
1994.04 1994.04 0.0 105873.1665
2008.18 2008.18 0.0 105839.9053
2022.33 2022.33 0.0 105806.4854
2036.47 2036.47 0.0 105773.3408
2050.61 2050.61 0.0 105739.5869
2064.75 2064.75 0.0 105705.8789
2078.89 2078.89 0.0 105672.4229
2093.04 2093.04 0.0 105639.2017
2107.18 2107.18 0.0 105606.2583
2121.32 2121.32 0.0 105573.5635
2135.46 2135.46 0.0 105541.1187
2149.6 2149.6 0.0 105508.9224
2163.75 2163.75 0.0 105476.9517
2177.89 2177.89 0.0 105445.1079
2192.03 2192.03 0.0 105413.0166
2206.17 2206.17 0.0 105385.3740
2220.32 2220.32 0.0 105356.2480
2234.46 2234.46 0.0 105327.2778
2248.6 2248.6 0.0 105298.5144
2262.74 2262.74 0.0 105269.9624
2276.88 2276.88 0.0 105241.6030
2291.03 2291.03 0.0 105213.4028
2305.17 2305.17 0.0 105183.2507
2319.31 2319.31 0.0 105151.5654
2333.45 2333.45 0.0 105120.1377
2347.59 2347.59 0.0 105088.9714
2361.74 2361.74 0.0 105058.0391
2375.88 2375.88 0.0 105027.3784
2390.02 2390.02 0.0 104997.5405
2404.16 2404.16 0.0 104969.6943
2418.31 2418.31 0.0 104942.0330
2432.45 2432.45 0.0 104914.5964
2446.59 2446.59 0.0 104887.1746
2460.73 2460.73 0.0 104859.9634
2474.87 2474.87 0.0 104832.9614
2489.02 2489.02 0.0 104806.1438
2503.16 2503.16 0.0 104779.5525
2517.3 2517.3 0.0 104753.1636
2531.44 2531.44 0.0 104726.9744
2545.58 2545.58 0.0 104700.9849
2559.73 2559.73 0.0 104678.6995
2573.87 2573.87 0.0 104656.7844
2588.01 2588.01 0.0 104634.9524
2602.15 2602.15 0.0 104613.2617
2616.3 2616.3 0.0 104591.7004
2630.44 2630.44 0.0 104570.2942
2644.58 2644.58 0.0 104549.3857
2658.72 2658.72 0.0 104528.8254
2672.86 2672.86 0.0 104508.4258
2687.01 2687.01 0.0 104488.1384
2701.15 2701.15 0.0 104467.9963
2715.29 2715.29 0.0 104447.9851
2729.43 2729.43 0.0 104428.0984
2743.57 2743.57 0.0 104408.3350
2757.72 2757.72 0.0 104388.6885
2771.86 2771.86 0.0 104369.1787
2786.0 2786.0 0.0 104349.7913
2800.14 2800.14 0.0 104330.5291
2814.28 2814.28 0.0 104311.6008
2828.43 2828.43 0.0 104292.8440
2842.57 2842.57 0.0 104273.8396
2856.71 2856.71 0.0 104254.9600
2870.85 2870.85 0.0 104236.1963
2885.0 2885.0 0.0 104217.5432
2899.14 2899.14 0.0 104199.0222
2913.28 2913.28 0.0 104180.6189
2927.42 2927.42 0.0 104162.3308
2941.56 2941.56 0.0 104144.8916
2955.71 2955.71 0.0 104129.2546
2969.85 2969.85 0.0 104115.2515
2983.99 2983.99 0.0 104097.9971
2998.13 2998.13 0.0 104080.8108
3012.27 3012.27 0.0 104063.7295
3026.42 3026.42 0.0 104046.7397
3040.56 3040.56 0.0 104029.8708
3054.7 3054.7 0.0 104013.1052
3068.84 3068.84 0.0 103996.4417
3082.99 3082.99 0.0 103979.8713
3097.13 3097.13 0.0 103963.4163
3111.27 3111.27 0.0 103949.6992
3125.41 3125.41 0.0 103937.4062
3139.55 3139.55 0.0 103927.7651
3153.7 3153.7 0.0 103918.5278
3167.84 3167.84 0.0 103909.3291
3181.98 3181.98 0.0 103900.1643
3196.12 3196.12 0.0 103891.0281
3210.26 3210.26 0.0 103881.9280
3224.41 3224.41 0.0 103872.8533
3238.55 3238.55 0.0 103863.8911
3252.69 3252.69 0.0 103854.9824
3266.83 3266.83 0.0 103846.1108
3280.98 3280.98 0.0 103837.3181
3295.12 3295.12 0.0 103829.2815
3309.26 3309.26 0.0 103822.4448
3323.4 3323.4 0.0 103815.6179
3337.54 3337.54 0.0 103808.8044
3351.69 3351.69 0.0 103802.0073
3365.83 3365.83 0.0 103795.2322
3379.97 3379.97 0.0 103788.6904
3394.11 3394.11 0.0 103782.2161
3408.25 3408.25 0.0 103775.7590
3422.4 3422.4 0.0 103769.1060
3436.54 3436.54 0.0 103762.4438
3450.68 3450.68 0.0 103755.8015
3464.82 3464.82 0.0 103749.1606
3478.97 3478.97 0.0 103742.4160
3493.11 3493.11 0.0 103735.6924
3507.25 3507.25 0.0 103728.9910
3521.39 3521.39 0.0 103722.3059
3535.53 3535.53 0.0 103716.4104
3549.68 3549.68 0.0 103712.2659
3563.82 3563.82 0.0 103709.1956
3577.96 3577.96 0.0 103706.5876
3592.1 3592.1 0.0 103703.9805
3606.24 3606.24 0.0 103701.3745
3620.39 3620.39 0.0 103698.7627
3634.53 3634.53 0.0 103696.1650
3648.67 3648.67 0.0 103692.5730
3662.81 3662.81 0.0 103688.7603
3676.96 3676.96 0.0 103685.7869
3691.1 3691.1 0.0 103682.8145
3705.24 3705.24 0.0 103679.8496
3719.38 3719.38 0.0 103676.8860
3733.52 3733.52 0.0 103673.9285
3747.67 3747.67 0.0 103670.3032
3761.81 3761.81 0.0 103665.6465
3775.95 3775.95 0.0 103660.2649
3790.09 3790.09 0.0 103654.8967
3804.23 3804.23 0.0 103649.5405
3818.38 3818.38 0.0 103644.1919
3832.52 3832.52 0.0 103638.8406
3846.66 3846.66 0.0 103633.4575
3860.8 3860.8 0.0 103628.0864
3874.95 3874.95 0.0 103622.7222
3889.09 3889.09 0.0 103617.3767
3903.23 3903.23 0.0 103611.3381
3917.37 3917.37 0.0 103604.7942
3931.51 3931.51 0.0 103598.2666
3945.66 3945.66 0.0 103591.7546
3959.8 3959.8 0.0 103585.2644
3973.94 3973.94 0.0 103578.7927
3988.08 3988.08 0.0 103572.3313
4002.22 4002.22 0.0 103565.8601
4016.37 4016.37 0.0 103558.9324
4030.51 4030.51 0.0 103551.7446
4044.65 4044.65 0.0 103544.5315
4058.79 4058.79 0.0 103537.3423
4072.94 4072.94 0.0 103530.1704
4087.08 4087.08 0.0 103523.0071
4101.22 4101.22 0.0 103515.7712
4115.36 4115.36 0.0 103508.5342
4129.5 4129.5 0.0 103501.3242
4143.65 4143.65 0.0 103494.1323
4157.79 4157.79 0.0 103486.9678
4171.93 4171.93 0.0 103479.8296
4186.07 4186.07 0.0 103472.7119
4200.21 4200.21 0.0 103465.6189
4214.36 4214.36 0.0 103458.5430
4228.5 4228.5 0.0 103451.4978
4242.64 4242.64 0.0 103444.4778
