0.0 0.0 0.0 334520.7031
14.1421 14.1421 0.0 332938.3906
28.2843 28.2843 0.0 331365.6406
42.4264 42.4264 0.0 329802.4688
56.5685 56.5685 0.0 328248.5625
70.7107 70.7107 0.0 326700.7344
84.8528 84.8528 0.0 325154.9531
98.9949 98.9949 0.0 323618.3438
113.137 113.137 0.0 322042.3281
127.279 127.279 0.0 320494.3594
141.421 141.421 0.0 318969.7344
155.563 155.563 0.0 317388.4219
169.706 169.706 0.0 315807.0781
183.848 183.848 0.0 314236.2969
197.99 197.99 0.0 312675.8125
212.132 212.132 0.0 311093.6719
226.274 226.274 0.0 309501.7031
240.416 240.416 0.0 307920.5781
254.558 254.558 0.0 306350.2969
268.701 268.701 0.0 304789.9062
282.843 282.843 0.0 303230.4219
296.985 296.985 0.0 301681.8906
311.127 311.127 0.0 300088.7656
325.269 325.269 0.0 298472.5156
339.411 339.411 0.0 296862.3438
353.553 353.553 0.0 295256.8438
367.696 367.696 0.0 293633.4375
381.838 381.838 0.0 291822.2812
395.98 395.98 0.0 289999.2188
410.122 410.122 0.0 287935.3906
424.264 424.264 0.0 285815.4688
438.406 438.406 0.0 283577.4062
452.548 452.548 0.0 281202.3125
466.69 466.69 0.0 278846.9219
480.833 480.833 0.0 276528.7969
494.975 494.975 0.0 274316.9062
509.117 509.117 0.0 272080.3125
523.259 523.259 0.0 269672.9844
537.401 537.401 0.0 267168.0000
551.543 551.543 0.0 264591.2031
565.685 565.685 0.0 262028.2656
579.828 579.828 0.0 259505.4062
593.97 593.97 0.0 256987.7188
608.112 608.112 0.0 254520.7188
622.254 622.254 0.0 252090.4219
636.396 636.396 0.0 249683.7969
650.538 650.538 0.0 247483.0469
664.68 664.68 0.0 245702.0625
678.823 678.823 0.0 243928.9219
692.965 692.965 0.0 242039.9219
707.107 707.107 0.0 240063.4531
721.249 721.249 0.0 238088.8438
735.391 735.391 0.0 236140.5000
749.533 749.533 0.0 234216.4375
763.675 763.675 0.0 232312.1094
777.817 777.817 0.0 230408.4844
791.96 791.96 0.0 228467.0547
806.102 806.102 0.0 226558.9219
820.244 820.244 0.0 224641.1641
834.386 834.386 0.0 222729.9375
848.528 848.528 0.0 220835.5391
862.67 862.67 0.0 218966.6484
876.812 876.812 0.0 217117.1172
890.955 890.955 0.0 215261.5234
905.097 905.097 0.0 213423.6016
919.239 919.239 0.0 211546.7891
933.381 933.381 0.0 209692.9297
947.523 947.523 0.0 207916.1953
961.665 961.665 0.0 206581.6406
975.807 975.807 0.0 205358.3906
989.949 989.949 0.0 204135.7969
1004.09 1004.09 0.0 202907.6797
1018.23 1018.23 0.0 201692.5000
1032.38 1032.38 0.0 200490.3594
1046.52 1046.52 0.0 199303.8125
1060.66 1060.66 0.0 198137.2344
1074.8 1074.8 0.0 196991.7266
1088.94 1088.94 0.0 195881.5234
1103.09 1103.09 0.0 194782.6484
1117.23 1117.23 0.0 193679.3828
1131.37 1131.37 0.0 192652.1641
1145.51 1145.51 0.0 191578.3984
1159.66 1159.66 0.0 190452.4766
1173.8 1173.8 0.0 189340.7734
1187.94 1187.94 0.0 188237.0078
1202.08 1202.08 0.0 187130.3203
1216.22 1216.22 0.0 186001.3047
1230.37 1230.37 0.0 184838.8672
1244.51 1244.51 0.0 183691.9375
1258.65 1258.65 0.0 182558.2266
1272.79 1272.79 0.0 181440.2344
1286.93 1286.93 0.0 180430.6875
1301.08 1301.08 0.0 179559.4844
1315.22 1315.22 0.0 178669.3984
1329.36 1329.36 0.0 177789.0391
1343.5 1343.5 0.0 176918.3594
1357.65 1357.65 0.0 176056.5703
1371.79 1371.79 0.0 175210.7500
1385.93 1385.93 0.0 174378.0156
1400.07 1400.07 0.0 173553.7109
1414.21 1414.21 0.0 172738.3984
1428.36 1428.36 0.0 171921.7188
1442.5 1442.5 0.0 171082.6484
1456.64 1456.64 0.0 170301.2422
1470.78 1470.78 0.0 169573.7031
1484.92 1484.92 0.0 168923.5625
1499.07 1499.07 0.0 168280.6094
1513.21 1513.21 0.0 167734.6094
1527.35 1527.35 0.0 167134.7344
1541.49 1541.49 0.0 166539.9688
1555.63 1555.63 0.0 165946.6133
1569.78 1569.78 0.0 165355.4766
1583.92 1583.92 0.0 164723.1836
1598.06 1598.06 0.0 164091.4336
1612.2 1612.2 0.0 163465.8242
1626.35 1626.35 0.0 162845.7734
1640.49 1640.49 0.0 162160.8672
1654.63 1654.63 0.0 161408.3555
1668.77 1668.77 0.0 160667.6602
1682.91 1682.91 0.0 159935.2109
1697.06 1697.06 0.0 159209.0039
1711.2 1711.2 0.0 158492.0391
1725.34 1725.34 0.0 157780.6992
1739.48 1739.48 0.0 157215.1172
1753.62 1753.62 0.0 156663.7500
1767.77 1767.77 0.0 156117.2422
1781.91 1781.91 0.0 155576.3047
1796.05 1796.05 0.0 155039.7656
1810.19 1810.19 0.0 154508.1328
1824.34 1824.34 0.0 153981.1367
1838.48 1838.48 0.0 153459.6172
1852.62 1852.62 0.0 152943.1250
1866.76 1866.76 0.0 152431.6016
1880.9 1880.9 0.0 151925.0391
1895.05 1895.05 0.0 151428.4102
1909.19 1909.19 0.0 150962.9297
1923.33 1923.33 0.0 150501.7656
1937.47 1937.47 0.0 150043.1562
1951.61 1951.61 0.0 149558.7812
1965.76 1965.76 0.0 149073.8633
1979.9 1979.9 0.0 148594.0586
1994.04 1994.04 0.0 148117.3594
2008.18 2008.18 0.0 147599.0078
2022.33 2022.33 0.0 147060.4023
2036.47 2036.47 0.0 146528.2891
2050.61 2050.61 0.0 146002.2109
2064.75 2064.75 0.0 145444.3086
2078.89 2078.89 0.0 144701.2500
2093.04 2093.04 0.0 143969.9219
2107.18 2107.18 0.0 143251.1875
2121.32 2121.32 0.0 142544.2969
2135.46 2135.46 0.0 141849.0977
2149.6 2149.6 0.0 141162.0859
2163.75 2163.75 0.0 140478.6172
2177.89 2177.89 0.0 139747.3008
2192.03 2192.03 0.0 139027.2148
2206.17 2206.17 0.0 138320.2656
2220.32 2220.32 0.0 137625.8828
2234.46 2234.46 0.0 136944.7773
2248.6 2248.6 0.0 136276.2227
2262.74 2262.74 0.0 135619.9844
2276.88 2276.88 0.0 134975.9102
2291.03 2291.03 0.0 134331.7383
2305.17 2305.17 0.0 133698.5469
2319.31 2319.31 0.0 133077.7168
2333.45 2333.45 0.0 132473.3418
2347.59 2347.59 0.0 131994.7031
2361.74 2361.74 0.0 131548.7773
2375.88 2375.88 0.0 131122.3262
2390.02 2390.02 0.0 130801.1465
2404.16 2404.16 0.0 130483.3906
2418.31 2418.31 0.0 130168.7949
2432.45 2432.45 0.0 129857.7539
2446.59 2446.59 0.0 129551.6582
2460.73 2460.73 0.0 129249.1816
2474.87 2474.87 0.0 128954.1445
2489.02 2489.02 0.0 128662.7793
2503.16 2503.16 0.0 128385.2148
2517.3 2517.3 0.0 128110.4473
2531.44 2531.44 0.0 127838.4141
2545.58 2545.58 0.0 127569.1406
2559.73 2559.73 0.0 127308.3867
2573.87 2573.87 0.0 127064.7734
2588.01 2588.01 0.0 126843.7559
2602.15 2602.15 0.0 126625.4180
2616.3 2616.3 0.0 126409.4766
2630.44 2630.44 0.0 126195.6797
2644.58 2644.58 0.0 125975.2715
2658.72 2658.72 0.0 125756.7383
2672.86 2672.86 0.0 125540.1465
2687.01 2687.01 0.0 125325.3027
2701.15 2701.15 0.0 125125.5957
2715.29 2715.29 0.0 124931.2324
2729.43 2729.43 0.0 124738.3516
2743.57 2743.57 0.0 124547.0176
2757.72 2757.72 0.0 124356.9609
2771.86 2771.86 0.0 124168.5508
2786.0 2786.0 0.0 123981.6680
2800.14 2800.14 0.0 123796.3125
2814.28 2814.28 0.0 123614.6973
2828.43 2828.43 0.0 123447.2773
2842.57 2842.57 0.0 123294.3770
2856.71 2856.71 0.0 123142.5098
2870.85 2870.85 0.0 122991.5605
2885.0 2885.0 0.0 122843.4043
2899.14 2899.14 0.0 122713.8301
2913.28 2913.28 0.0 122585.0156
2927.42 2927.42 0.0 122458.0488
2941.56 2941.56 0.0 122333.8066
2955.71 2955.71 0.0 122211.3438
2969.85 2969.85 0.0 122090.8770
2983.99 2983.99 0.0 121971.0703
2998.13 2998.13 0.0 121851.8926
3012.27 3012.27 0.0 121733.4004
3026.42 3026.42 0.0 121621.9453
3040.56 3040.56 0.0 121513.0469
3054.7 3054.7 0.0 121404.4297
3068.84 3068.84 0.0 121295.9785
3082.99 3082.99 0.0 121181.6738
3097.13 3097.13 0.0 121063.3750
3111.27 3111.27 0.0 120965.5215
3125.41 3125.41 0.0 120873.1172
3139.55 3139.55 0.0 120779.0039
3153.7 3153.7 0.0 120687.2910
3167.84 3167.84 0.0 120600.3594
3181.98 3181.98 0.0 120513.8086
3196.12 3196.12 0.0 120427.3359
3210.26 3210.26 0.0 120341.0469
3224.41 3224.41 0.0 120251.1035
3238.55 3238.55 0.0 120141.4531
3252.69 3252.69 0.0 120040.6172
3266.83 3266.83 0.0 119944.3496
3280.98 3280.98 0.0 119848.5059
3295.12 3295.12 0.0 119753.2227
3309.26 3309.26 0.0 119658.0273
3323.4 3323.4 0.0 119560.2207
3337.54 3337.54 0.0 119458.7344
3351.69 3351.69 0.0 119356.2734
3365.83 3365.83 0.0 119254.4590
3379.97 3379.97 0.0 119152.5254
3394.11 3394.11 0.0 119049.6445
3408.25 3408.25 0.0 118946.2754
3422.4 3422.4 0.0 118835.8438
3436.54 3436.54 0.0 118716.4473
3450.68 3450.68 0.0 118597.8555
3464.82 3464.82 0.0 118480.0684
3478.97 3478.97 0.0 118360.8926
3493.11 3493.11 0.0 118242.1699
3507.25 3507.25 0.0 118124.2363
3521.39 3521.39 0.0 118007.1309
3535.53 3535.53 0.0 117890.8379
3549.68 3549.68 0.0 117775.2715
3563.82 3563.82 0.0 117660.5732
3577.96 3577.96 0.0 117546.6855
3592.1 3592.1 0.0 117433.5674
3606.24 3606.24 0.0 117321.2402
3620.39 3620.39 0.0 117209.5186
3634.53 3634.53 0.0 117099.6357
3648.67 3648.67 0.0 116993.9170
3662.81 3662.81 0.0 116888.9189
3676.96 3676.96 0.0 116783.2939
3691.1 3691.1 0.0 116678.4521
3705.24 3705.24 0.0 116576.4238
3719.38 3719.38 0.0 116483.5889
3733.52 3733.52 0.0 116396.1631
3747.67 3747.67 0.0 116300.2842
3761.81 3761.81 0.0 116193.8018
3775.95 3775.95 0.0 116089.0996
3790.09 3790.09 0.0 115987.3418
3804.23 3804.23 0.0 115886.2803
3818.38 3818.38 0.0 115785.8496
3832.52 3832.52 0.0 115686.1670
3846.66 3846.66 0.0 115587.1738
3860.8 3860.8 0.0 115488.8047
3874.95 3874.95 0.0 115391.0566
3889.09 3889.09 0.0 115294.0439
3903.23 3903.23 0.0 115197.6895
3917.37 3917.37 0.0 115102.0078
3931.51 3931.51 0.0 115006.9688
3945.66 3945.66 0.0 114912.5225
3959.8 3959.8 0.0 114818.7871
3973.94 3973.94 0.0 114725.6953
3988.08 3988.08 0.0 114633.2285
4002.22 4002.22 0.0 114541.4082
4016.37 4016.37 0.0 114450.1543
4030.51 4030.51 0.0 114359.3799
4044.65 4044.65 0.0 114269.1855
4058.79 4058.79 0.0 114179.6104
4072.94 4072.94 0.0 114090.5850
4087.08 4087.08 0.0 114002.2324
4101.22 4101.22 0.0 113914.4941
4115.36 4115.36 0.0 113827.3457
4129.5 4129.5 0.0 113740.5400
4143.65 4143.65 0.0 113656.0557
4157.79 4157.79 0.0 113573.8447
4171.93 4171.93 0.0 113491.5264
4186.07 4186.07 0.0 113409.1045
4200.21 4200.21 0.0 113327.1689
4214.36 4214.36 0.0 113245.7197
4228.5 4228.5 0.0 113164.8691
4242.64 4242.64 0.0 113083.0635
