0.0 0.0 0.0 1978551.6250
14.1421 14.1421 0.0 1680910.1250
28.2843 28.2843 0.0 1293414.0000
42.4264 42.4264 0.0 877003.5625
56.5685 56.5685 0.0 585751.0938
70.7107 70.7107 0.0 427180.4688
84.8528 84.8528 0.0 315151.0156
98.9949 98.9949 0.0 254089.1719
113.137 113.137 0.0 226357.2578
127.279 127.279 0.0 203618.6016
141.421 141.421 0.0 186308.2969
155.563 155.563 0.0 172723.5547
169.706 169.706 0.0 161244.7773
183.848 183.848 0.0 153671.7305
197.99 197.99 0.0 147295.0078
212.132 212.132 0.0 141679.0977
226.274 226.274 0.0 136941.2305
240.416 240.416 0.0 133697.8730
254.558 254.558 0.0 130745.2520
268.701 268.701 0.0 128055.5117
282.843 282.843 0.0 125610.9297
296.985 296.985 0.0 123433.0098
311.127 311.127 0.0 121448.4414
325.269 325.269 0.0 119640.2480
339.411 339.411 0.0 118123.5996
353.553 353.553 0.0 116911.4854
367.696 367.696 0.0 115786.1377
381.838 381.838 0.0 114751.0391
395.98 395.98 0.0 113866.8525
410.122 410.122 0.0 113134.3770
424.264 424.264 0.0 112444.4297
438.406 438.406 0.0 111791.6865
452.548 452.548 0.0 111171.8613
466.69 466.69 0.0 110588.5293
480.833 480.833 0.0 110039.5244
494.975 494.975 0.0 109522.8721
509.117 509.117 0.0 109109.8828
523.259 523.259 0.0 108744.5400
537.401 537.401 0.0 108396.5464
551.543 551.543 0.0 108099.9092
565.685 565.685 0.0 107832.4521
579.828 579.828 0.0 107575.4990
593.97 593.97 0.0 107355.8003
608.112 608.112 0.0 107149.6807
622.254 622.254 0.0 106947.6196
636.396 636.396 0.0 106743.6602
650.538 650.538 0.0 106548.0938
664.68 664.68 0.0 106359.4609
678.823 678.823 0.0 106172.5342
692.965 692.965 0.0 105990.2749
707.107 707.107 0.0 105830.4146
721.249 721.249 0.0 105687.3125
735.391 735.391 0.0 105548.7446
749.533 749.533 0.0 105413.3901
763.675 763.675 0.0 105297.5955
777.817 777.817 0.0 105185.1831
791.96 791.96 0.0 105075.9380
806.102 806.102 0.0 104969.7583
820.244 820.244 0.0 104866.4946
834.386 834.386 0.0 104765.9551
848.528 848.528 0.0 104665.6863
862.67 862.67 0.0 104574.0398
876.812 876.812 0.0 104490.0874
890.955 890.955 0.0 104418.9653
905.097 905.097 0.0 104350.3201
919.239 919.239 0.0 104283.2000
933.381 933.381 0.0 104217.5613
947.523 947.523 0.0 104153.3821
961.665 961.665 0.0 104090.6228
975.807 975.807 0.0 104033.5173
989.949 989.949 0.0 103986.0278
1004.09 1004.09 0.0 103939.3752
1018.23 1018.23 0.0 103893.5750
1032.38 1032.38 0.0 103848.3977
1046.52 1046.52 0.0 103803.7078
1060.66 1060.66 0.0 103759.8220
1074.8 1074.8 0.0 103723.8638
1088.94 1088.94 0.0 103694.3723
1103.09 1103.09 0.0 103666.0701
1117.23 1117.23 0.0 103639.3342
1131.37 1131.37 0.0 103613.0212
1145.51 1145.51 0.0 103587.0071
1159.66 1159.66 0.0 103558.6843
1173.8 1173.8 0.0 103529.4890
1187.94 1187.94 0.0 103500.6770
1202.08 1202.08 0.0 103483.9441
1216.22 1216.22 0.0 103472.0933
1230.37 1230.37 0.0 103459.5037
1244.51 1244.51 0.0 103446.3118
1258.65 1258.65 0.0 103433.1965
1272.79 1272.79 0.0 103422.2810
1286.93 1286.93 0.0 103412.2805
1301.08 1301.08 0.0 103402.2708
1315.22 1315.22 0.0 103392.3169
1329.36 1329.36 0.0 103382.4092
1343.5 1343.5 0.0 103372.5492
1357.65 1357.65 0.0 103364.0093
1371.79 1371.79 0.0 103355.8280
1385.93 1385.93 0.0 103347.6766
1400.07 1400.07 0.0 103339.2051
1414.21 1414.21 0.0 103330.7487
1428.36 1428.36 0.0 103322.3181
1442.5 1442.5 0.0 103315.9709
1456.64 1456.64 0.0 103308.9479
1470.78 1470.78 0.0 103301.2528
1484.92 1484.92 0.0 103293.5857
1499.07 1499.07 0.0 103284.8789
1513.21 1513.21 0.0 103273.9293
1527.35 1527.35 0.0 103263.0360
1541.49 1541.49 0.0 103252.2083
1555.63 1555.63 0.0 103242.5056
1569.78 1569.78 0.0 103233.0782
1583.92 1583.92 0.0 103223.7052
1598.06 1598.06 0.0 103214.3359
1612.2 1612.2 0.0 103203.7181
1626.35 1626.35 0.0 103191.0636
1640.49 1640.49 0.0 103180.8312
1654.63 1654.63 0.0 103173.2960
1668.77 1668.77 0.0 103166.5530
1682.91 1682.91 0.0 103159.9902
1697.06 1697.06 0.0 103153.2313
1711.2 1711.2 0.0 103146.1014
1725.34 1725.34 0.0 103139.0029
1739.48 1739.48 0.0 103131.9484
1753.62 1753.62 0.0 103124.9221
1767.77 1767.77 0.0 103117.9137
1781.91 1781.91 0.0 103110.0658
1796.05 1796.05 0.0 103102.0558
1810.19 1810.19 0.0 103094.0791
1824.34 1824.34 0.0 103086.1332
1838.48 1838.48 0.0 103078.4645
1852.62 1852.62 0.0 103070.8040
1866.76 1866.76 0.0 103063.0354
1880.9 1880.9 0.0 103055.2510
1895.05 1895.05 0.0 103047.3867
1909.19 1909.19 0.0 103039.2452
1923.33 1923.33 0.0 103031.1780
1937.47 1937.47 0.0 103024.8396
1951.61 1951.61 0.0 103018.5231
1965.76 1965.76 0.0 103012.2212
1979.9 1979.9 0.0 103005.8971
1994.04 1994.04 0.0 102999.5854
2008.18 2008.18 0.0 102993.2826
2022.33 2022.33 0.0 102987.0159
2036.47 2036.47 0.0 102981.0009
2050.61 2050.61 0.0 102975.7434
2064.75 2064.75 0.0 102970.5012
2078.89 2078.89 0.0 102965.2787
2093.04 2093.04 0.0 102960.0673
2107.18 2107.18 0.0 102954.2802
2121.32 2121.32 0.0 102947.2815
2135.46 2135.46 0.0 102940.3123
2149.6 2149.6 0.0 102933.3745
2163.75 2163.75 0.0 102926.4604
2177.89 2177.89 0.0 102920.1838
2192.03 2192.03 0.0 102914.1938
2206.17 2206.17 0.0 102908.2272
2220.32 2220.32 0.0 102902.2753
2234.46 2234.46 0.0 102896.5127
2248.6 2248.6 0.0 102890.7719
2262.74 2262.74 0.0 102885.0507
2276.88 2276.88 0.0 102879.3517
2291.03 2291.03 0.0 102873.6691
2305.17 2305.17 0.0 102867.9977
2319.31 2319.31 0.0 102862.3428
2333.45 2333.45 0.0 102856.7048
2347.59 2347.59 0.0 102851.0780
2361.74 2361.74 0.0 102845.6553
2375.88 2375.88 0.0 102840.6215
2390.02 2390.02 0.0 102835.6475
2404.16 2404.16 0.0 102830.5857
2418.31 2418.31 0.0 102825.5410
2432.45 2432.45 0.0 102820.5145
2446.59 2446.59 0.0 102816.0803
2460.73 2460.73 0.0 102811.7400
2474.87 2474.87 0.0 102806.7611
2489.02 2489.02 0.0 102801.6033
2503.16 2503.16 0.0 102796.0192
2517.3 2517.3 0.0 102789.5359
2531.44 2531.44 0.0 102784.6105
2545.58 2545.58 0.0 102783.1980
2559.73 2559.73 0.0 102781.7437
2573.87 2573.87 0.0 102779.3884
2588.01 2588.01 0.0 102774.8300
2602.15 2602.15 0.0 102770.1295
2616.3 2616.3 0.0 102766.2656
2630.44 2630.44 0.0 102762.4495
2644.58 2644.58 0.0 102758.7037
2658.72 2658.72 0.0 102754.8245
2672.86 2672.86 0.0 102750.9559
2687.01 2687.01 0.0 102746.9459
2701.15 2701.15 0.0 102742.6067
2715.29 2715.29 0.0 102738.2833
2729.43 2729.43 0.0 102733.9774
2743.57 2743.57 0.0 102729.8370
2757.72 2757.72 0.0 102725.7040
2771.86 2771.86 0.0 102721.5861
2786.0 2786.0 0.0 102717.4828
2800.14 2800.14 0.0 102713.3789
2814.28 2814.28 0.0 102709.2859
2828.43 2828.43 0.0 102705.1251
2842.57 2842.57 0.0 102700.9812
2856.71 2856.71 0.0 102696.8480
2870.85 2870.85 0.0 102692.5497
2885.0 2885.0 0.0 102687.9404
2899.14 2899.14 0.0 102683.4633
2913.28 2913.28 0.0 102679.5358
2927.42 2927.42 0.0 102675.6628
2941.56 2941.56 0.0 102671.8021
2955.71 2955.71 0.0 102667.9493
2969.85 2969.85 0.0 102664.2908
2983.99 2983.99 0.0 102660.7292
2998.13 2998.13 0.0 102657.1758
3012.27 3012.27 0.0 102653.6345
3026.42 3026.42 0.0 102650.1071
3040.56 3040.56 0.0 102644.2130
3054.7 3054.7 0.0 102638.4880
3068.84 3068.84 0.0 102632.8556
3082.99 3082.99 0.0 102627.5198
3097.13 3097.13 0.0 102622.5724
3111.27 3111.27 0.0 102617.6444
3125.41 3125.41 0.0 102611.7311
3139.55 3139.55 0.0 102605.8403
3153.7 3153.7 0.0 102599.9718
3167.84 3167.84 0.0 102594.3195
3181.98 3181.98 0.0 102588.7391
3196.12 3196.12 0.0 102583.1837
3210.26 3210.26 0.0 102577.6536
3224.41 3224.41 0.0 102572.1434
3238.55 3238.55 0.0 102566.6605
3252.69 3252.69 0.0 102561.1969
3266.83 3266.83 0.0 102555.7516
3280.98 3280.98 0.0 102550.3260
3295.12 3295.12 0.0 102544.9274
3309.26 3309.26 0.0 102539.5547
3323.4 3323.4 0.0 102532.8253
3337.54 3337.54 0.0 102525.4452
3351.69 3351.69 0.0 102518.1045
3365.83 3365.83 0.0 102511.2015
3379.97 3379.97 0.0 102504.6432
3394.11 3394.11 0.0 102497.7622
3408.25 3408.25 0.0 102490.8502
3422.4 3422.4 0.0 102483.9286
3436.54 3436.54 0.0 102477.0536
3450.68 3450.68 0.0 102470.2205
3464.82 3464.82 0.0 102463.4269
3478.97 3478.97 0.0 102456.6689
3493.11 3493.11 0.0 102449.9546
3507.25 3507.25 0.0 102443.2815
3521.39 3521.39 0.0 102436.4700
3535.53 3535.53 0.0 102429.6373
3549.68 3549.68 0.0 102423.4318
3563.82 3563.82 0.0 102417.2637
3577.96 3577.96 0.0 102411.1311
3592.1 3592.1 0.0 102405.0331
3606.24 3606.24 0.0 102398.9696
3620.39 3620.39 0.0 102392.9358
3634.53 3634.53 0.0 102386.9202
3648.67 3648.67 0.0 102380.8995
3662.81 3662.81 0.0 102374.9121
3676.96 3676.96 0.0 102360.9946
3691.1 3691.1 0.0 102342.5267
3705.24 3705.24 0.0 102324.3873
3719.38 3719.38 0.0 102306.5722
3733.52 3733.52 0.0 102292.9551
3747.67 3747.67 0.0 102288.4617
3761.81 3761.81 0.0 102283.9706
3775.95 3775.95 0.0 102279.4860
3790.09 3790.09 0.0 102275.0223
3804.23 3804.23 0.0 102270.7463
3818.38 3818.38 0.0 102266.4802
3832.52 3832.52 0.0 102262.2220
3846.66 3846.66 0.0 102257.9819
3860.8 3860.8 0.0 102253.7626
3874.95 3874.95 0.0 102249.5579
3889.09 3889.09 0.0 102244.4647
3903.23 3903.23 0.0 102239.0867
3917.37 3917.37 0.0 102233.7402
3931.51 3931.51 0.0 102228.4275
3945.66 3945.66 0.0 102223.1390
3959.8 3959.8 0.0 102217.8857
3973.94 3973.94 0.0 102212.6635
3988.08 3988.08 0.0 102207.4710
4002.22 4002.22 0.0 102201.2098
4016.37 4016.37 0.0 102194.8906
4030.51 4030.51 0.0 102188.6401
4044.65 4044.65 0.0 102182.4372
4058.79 4058.79 0.0 102176.2805
4072.94 4072.94 0.0 102170.1616
4087.08 4087.08 0.0 102164.0919
4101.22 4101.22 0.0 102158.0657
4115.36 4115.36 0.0 102152.0831
4129.5 4129.5 0.0 102146.0652
4143.65 4143.65 0.0 102140.0748
4157.79 4157.79 0.0 102134.1323
4171.93 4171.93 0.0 102128.2335
4186.07 4186.07 0.0 102122.3774
4200.21 4200.21 0.0 102116.5638
4214.36 4214.36 0.0 102110.6201
4228.5 4228.5 0.0 102104.0927
4242.64 4242.64 0.0 102097.6206
