0.0 0.0 0.0 177552.8125
14.1421 14.1421 0.0 172479.2031
28.2843 28.2843 0.0 166028.3594
42.4264 42.4264 0.0 159858.6445
56.5685 56.5685 0.0 154245.0273
70.7107 70.7107 0.0 149062.1680
84.8528 84.8528 0.0 144238.0781
98.9949 98.9949 0.0 139825.5273
113.137 113.137 0.0 135658.5273
127.279 127.279 0.0 131731.4844
141.421 141.421 0.0 128530.4688
155.563 155.563 0.0 126245.8965
169.706 169.706 0.0 124124.5723
183.848 183.848 0.0 122182.0176
197.99 197.99 0.0 120399.4219
212.132 212.132 0.0 118762.7520
226.274 226.274 0.0 117268.7529
240.416 240.416 0.0 115898.1416
254.558 254.558 0.0 114642.9277
268.701 268.701 0.0 113631.7393
282.843 282.843 0.0 112782.7510
296.985 296.985 0.0 111992.0156
311.127 311.127 0.0 111255.1670
325.269 325.269 0.0 110568.7812
339.411 339.411 0.0 109919.2822
353.553 353.553 0.0 109311.6323
367.696 367.696 0.0 108746.7466
381.838 381.838 0.0 108220.7993
395.98 395.98 0.0 107719.0898
410.122 410.122 0.0 107183.3447
424.264 424.264 0.0 106685.9546
438.406 438.406 0.0 106226.6597
452.548 452.548 0.0 105809.1602
466.69 466.69 0.0 105501.0718
480.833 480.833 0.0 105271.0659
494.975 494.975 0.0 105052.8193
509.117 509.117 0.0 104857.6001
523.259 523.259 0.0 104682.4070
537.401 537.401 0.0 104517.1506
551.543 551.543 0.0 104359.9978
565.685 565.685 0.0 104211.6863
579.828 579.828 0.0 104082.0630
593.97 593.97 0.0 103959.0325
608.112 608.112 0.0 103843.2886
622.254 622.254 0.0 103733.5693
636.396 636.396 0.0 103638.4294
650.538 650.538 0.0 103547.0457
664.68 664.68 0.0 103459.7161
678.823 678.823 0.0 103373.3452
692.965 692.965 0.0 103287.1752
707.107 707.107 0.0 103193.9337
721.249 721.249 0.0 103105.0791
735.391 735.391 0.0 103031.4861
749.533 749.533 0.0 102975.1946
763.675 763.675 0.0 102920.7600
777.817 777.817 0.0 102878.3181
791.96 791.96 0.0 102837.5878
806.102 806.102 0.0 102797.9274
820.244 820.244 0.0 102759.3049
834.386 834.386 0.0 102721.6952
848.528 848.528 0.0 102689.5201
862.67 862.67 0.0 102662.8269
876.812 876.812 0.0 102642.7900
890.955 890.955 0.0 102618.0302
905.097 905.097 0.0 102592.2101
919.239 919.239 0.0 102565.6899
933.381 933.381 0.0 102539.7255
947.523 947.523 0.0 102514.1628
961.665 961.665 0.0 102489.0109
975.807 975.807 0.0 102464.3961
989.949 989.949 0.0 102440.3036
1004.09 1004.09 0.0 102416.7244
1018.23 1018.23 0.0 102393.6440
1032.38 1032.38 0.0 102371.0364
1046.52 1046.52 0.0 102348.9224
1060.66 1060.66 0.0 102327.2750
1074.8 1074.8 0.0 102306.0853
1088.94 1088.94 0.0 102285.8006
1103.09 1103.09 0.0 102267.1427
1117.23 1117.23 0.0 102248.0028
1131.37 1131.37 0.0 102228.9904
1145.51 1145.51 0.0 102211.1640
1159.66 1159.66 0.0 102193.8452
1173.8 1173.8 0.0 102176.8772
1187.94 1187.94 0.0 102160.2396
1202.08 1202.08 0.0 102143.9207
1216.22 1216.22 0.0 102127.9197
1230.37 1230.37 0.0 102112.2214
1244.51 1244.51 0.0 102096.8398
1258.65 1258.65 0.0 102081.7592
1272.79 1272.79 0.0 102066.9882
1286.93 1286.93 0.0 102052.1310
1301.08 1301.08 0.0 102037.4797
1315.22 1315.22 0.0 102023.0612
1329.36 1329.36 0.0 102014.1862
1343.5 1343.5 0.0 102008.4621
1357.65 1357.65 0.0 102003.2252
1371.79 1371.79 0.0 101997.3122
1385.93 1385.93 0.0 101990.5968
1400.07 1400.07 0.0 101983.8347
1414.21 1414.21 0.0 101977.1404
1428.36 1428.36 0.0 101970.5097
1442.5 1442.5 0.0 101963.9509
1456.64 1456.64 0.0 101957.4293
1470.78 1470.78 0.0 101950.9724
1484.92 1484.92 0.0 101944.6423
1499.07 1499.07 0.0 101938.2788
1513.21 1513.21 0.0 101930.8867
1527.35 1527.35 0.0 101923.0345
1541.49 1541.49 0.0 101915.2833
1555.63 1555.63 0.0 101907.5860
1569.78 1569.78 0.0 101899.9648
1583.92 1583.92 0.0 101892.6604
1598.06 1598.06 0.0 101886.4644
1612.2 1612.2 0.0 101880.3414
1626.35 1626.35 0.0 101874.2628
1640.49 1640.49 0.0 101868.2532
1654.63 1654.63 0.0 101862.3104
1668.77 1668.77 0.0 101856.4321
1682.91 1682.91 0.0 101850.6140
1697.06 1697.06 0.0 101845.7883
1711.2 1711.2 0.0 101841.6747
1725.34 1725.34 0.0 101837.5934
1739.48 1739.48 0.0 101833.4708
1753.62 1753.62 0.0 101828.7184
1767.77 1767.77 0.0 101823.9958
1781.91 1781.91 0.0 101819.3206
1796.05 1796.05 0.0 101814.6885
1810.19 1810.19 0.0 101810.1003
1824.34 1824.34 0.0 101805.3602
1838.48 1838.48 0.0 101799.7280
1852.62 1852.62 0.0 101794.1619
1866.76 1866.76 0.0 101788.6526
1880.9 1880.9 0.0 101783.2014
1895.05 1895.05 0.0 101777.8098
1909.19 1909.19 0.0 101772.4904
1923.33 1923.33 0.0 101767.2379
1937.47 1937.47 0.0 101762.8358
1951.61 1951.61 0.0 101759.2444
1965.76 1965.76 0.0 101755.6800
1979.9 1979.9 0.0 101752.1472
1994.04 1994.04 0.0 101748.6439
2008.18 2008.18 0.0 101745.1690
2022.33 2022.33 0.0 101741.7195
2036.47 2036.47 0.0 101738.3010
2050.61 2050.61 0.0 101734.9063
2064.75 2064.75 0.0 101731.7236
2078.89 2078.89 0.0 101728.7525
2093.04 2093.04 0.0 101725.8020
2107.18 2107.18 0.0 101722.8743
2121.32 2121.32 0.0 101719.9680
2135.46 2135.46 0.0 101717.0832
2149.6 2149.6 0.0 101714.2191
2163.75 2163.75 0.0 101711.3739
2177.89 2177.89 0.0 101708.5515
2192.03 2192.03 0.0 101705.7501
2206.17 2206.17 0.0 101702.8795
2220.32 2220.32 0.0 101699.6979
2234.46 2234.46 0.0 101696.5322
2248.6 2248.6 0.0 101693.3884
2262.74 2262.74 0.0 101690.2720
2276.88 2276.88 0.0 101687.1790
2291.03 2291.03 0.0 101683.9609
2305.17 2305.17 0.0 101680.1887
2319.31 2319.31 0.0 101676.4551
2333.45 2333.45 0.0 101672.7611
2347.59 2347.59 0.0 101669.1059
2361.74 2361.74 0.0 101665.4866
2375.88 2375.88 0.0 101661.9079
2390.02 2390.02 0.0 101658.3671
2404.16 2404.16 0.0 101654.8629
2418.31 2418.31 0.0 101651.3932
2432.45 2432.45 0.0 101647.9627
2446.59 2446.59 0.0 101644.5679
2460.73 2460.73 0.0 101641.2092
2474.87 2474.87 0.0 101638.1433
2489.02 2489.02 0.0 101635.3174
2503.16 2503.16 0.0 101632.5194
2517.3 2517.3 0.0 101629.7466
2531.44 2531.44 0.0 101626.9985
2545.58 2545.58 0.0 101624.9952
2559.73 2559.73 0.0 101623.0361
2573.87 2573.87 0.0 101621.0916
2588.01 2588.01 0.0 101619.1591
2602.15 2602.15 0.0 101617.2393
2616.3 2616.3 0.0 101615.3311
2630.44 2630.44 0.0 101613.4547
2644.58 2644.58 0.0 101611.6144
2658.72 2658.72 0.0 101609.7867
2672.86 2672.86 0.0 101607.9658
2687.01 2687.01 0.0 101606.1327
2701.15 2701.15 0.0 101604.3778
2715.29 2715.29 0.0 101602.7487
2729.43 2729.43 0.0 101601.1294
2743.57 2743.57 0.0 101599.5193
2757.72 2757.72 0.0 101597.9175
2771.86 2771.86 0.0 101596.1828
2786.0 2786.0 0.0 101593.9571
2800.14 2800.14 0.0 101591.7422
2814.28 2814.28 0.0 101589.5451
2828.43 2828.43 0.0 101587.3715
2842.57 2842.57 0.0 101585.2324
2856.71 2856.71 0.0 101583.1113
2870.85 2870.85 0.0 101581.0072
2885.0 2885.0 0.0 101578.9130
2899.14 2899.14 0.0 101576.8256
2913.28 2913.28 0.0 101574.7620
2927.42 2927.42 0.0 101572.7232
2941.56 2941.56 0.0 101570.7012
2955.71 2955.71 0.0 101568.6943
2969.85 2969.85 0.0 101566.8184
2983.99 2983.99 0.0 101564.1560
2998.13 2998.13 0.0 101559.3372
3012.27 3012.27 0.0 101554.6154
3026.42 3026.42 0.0 101549.9852
3040.56 3040.56 0.0 101545.4519
3054.7 3054.7 0.0 101541.0100
3068.84 3068.84 0.0 101536.6572
3082.99 3082.99 0.0 101532.3895
3097.13 3097.13 0.0 101528.2105
3111.27 3111.27 0.0 101524.1158
3125.41 3125.41 0.0 101519.9897
3139.55 3139.55 0.0 101515.5844
3153.7 3153.7 0.0 101511.2761
3167.84 3167.84 0.0 101507.0678
3181.98 3181.98 0.0 101502.9125
3196.12 3196.12 0.0 101498.6739
3210.26 3210.26 0.0 101494.5366
3224.41 3224.41 0.0 101490.4952
3238.55 3238.55 0.0 101486.5525
3252.69 3252.69 0.0 101482.7038
3266.83 3266.83 0.0 101478.9468
3280.98 3280.98 0.0 101475.2771
3295.12 3295.12 0.0 101471.6968
3309.26 3309.26 0.0 101469.1387
3323.4 3323.4 0.0 101467.5275
3337.54 3337.54 0.0 101465.9554
3351.69 3351.69 0.0 101464.4054
3365.83 3365.83 0.0 101462.8734
3379.97 3379.97 0.0 101461.3585
3394.11 3394.11 0.0 101459.8602
3408.25 3408.25 0.0 101458.3784
3422.4 3422.4 0.0 101456.9119
3436.54 3436.54 0.0 101455.4625
3450.68 3450.68 0.0 101454.0289
3464.82 3464.82 0.0 101452.6111
3478.97 3478.97 0.0 101451.2079
3493.11 3493.11 0.0 101449.8211
3507.25 3507.25 0.0 101448.4495
3521.39 3521.39 0.0 101447.0931
3535.53 3535.53 0.0 101445.7517
3549.68 3549.68 0.0 101444.4236
3563.82 3563.82 0.0 101443.1115
3577.96 3577.96 0.0 101441.7887
3592.1 3592.1 0.0 101440.4465
3606.24 3606.24 0.0 101439.1199
3620.39 3620.39 0.0 101437.8078
3634.53 3634.53 0.0 101436.5115
3648.67 3648.67 0.0 101435.2301
3662.81 3662.81 0.0 101433.9635
3676.96 3676.96 0.0 101432.7105
3691.1 3691.1 0.0 101431.4625
3705.24 3705.24 0.0 101430.2273
3719.38 3719.38 0.0 101429.0066
3733.52 3733.52 0.0 101427.7998
3747.67 3747.67 0.0 101426.6063
3761.81 3761.81 0.0 101425.4276
3775.95 3775.95 0.0 101424.2625
3790.09 3790.09 0.0 101423.1110
3804.23 3804.23 0.0 101421.9727
3818.38 3818.38 0.0 101420.8470
3832.52 3832.52 0.0 101419.7349
3846.66 3846.66 0.0 101418.6358
3860.8 3860.8 0.0 101417.5493
3874.95 3874.95 0.0 101416.4750
3889.09 3889.09 0.0 101415.4138
3903.23 3903.23 0.0 101414.3648
3917.37 3917.37 0.0 101413.3280
3931.51 3931.51 0.0 101412.3032
3945.66 3945.66 0.0 101411.2897
3959.8 3959.8 0.0 101410.2886
3973.94 3973.94 0.0 101409.2991
3988.08 3988.08 0.0 101408.3212
4002.22 4002.22 0.0 101407.3545
4016.37 4016.37 0.0 101406.3983
4030.51 4030.51 0.0 101405.4539
4044.65 4044.65 0.0 101404.5205
4058.79 4058.79 0.0 101403.5980
4072.94 4072.94 0.0 101402.6854
4087.08 4087.08 0.0 101401.7841
4101.22 4101.22 0.0 101400.8935
4115.36 4115.36 0.0 101400.0127
4129.5 4129.5 0.0 101399.1426
4143.65 4143.65 0.0 101398.2818
4157.79 4157.79 0.0 101397.4316
4171.93 4171.93 0.0 101396.5913
4186.07 4186.07 0.0 101395.7606
4200.21 4200.21 0.0 101394.9397
4214.36 4214.36 0.0 101394.1277
4228.5 4228.5 0.0 101393.3257
4242.64 4242.64 0.0 101392.5330
