0.0 0.0 0.0 192683.1719
14.1421 14.1421 0.0 190058.9844
28.2843 28.2843 0.0 187506.9688
42.4264 42.4264 0.0 184993.7422
56.5685 56.5685 0.0 182409.3594
70.7107 70.7107 0.0 179880.7500
84.8528 84.8528 0.0 177232.6562
98.9949 98.9949 0.0 173784.9688
113.137 113.137 0.0 170086.7031
127.279 127.279 0.0 166391.3984
141.421 141.421 0.0 162812.7539
155.563 155.563 0.0 159251.4023
169.706 169.706 0.0 155842.8164
183.848 183.848 0.0 152629.9453
197.99 197.99 0.0 149605.0156
212.132 212.132 0.0 146748.1406
226.274 226.274 0.0 144056.6719
240.416 240.416 0.0 142062.6758
254.558 254.558 0.0 140328.7969
268.701 268.701 0.0 138667.1602
282.843 282.843 0.0 137075.2109
296.985 296.985 0.0 135549.9844
311.127 311.127 0.0 134088.7910
325.269 325.269 0.0 132689.0352
339.411 339.411 0.0 131344.5586
353.553 353.553 0.0 130049.3555
367.696 367.696 0.0 128784.7598
381.838 381.838 0.0 127539.4395
395.98 395.98 0.0 126338.1953
410.122 410.122 0.0 125134.1387
424.264 424.264 0.0 123985.8828
438.406 438.406 0.0 122892.4199
452.548 452.548 0.0 121850.2852
466.69 466.69 0.0 120846.9160
480.833 480.833 0.0 119874.6895
494.975 494.975 0.0 118915.6172
509.117 509.117 0.0 118036.5176
523.259 523.259 0.0 117339.2217
537.401 537.401 0.0 116670.7754
551.543 551.543 0.0 116030.0459
565.685 565.685 0.0 115415.8740
579.828 579.828 0.0 114827.1367
593.97 593.97 0.0 114262.8818
608.112 608.112 0.0 113722.0615
622.254 622.254 0.0 113203.7197
636.396 636.396 0.0 112706.4463
650.538 650.538 0.0 112227.8193
664.68 664.68 0.0 111768.8926
678.823 678.823 0.0 111318.7969
692.965 692.965 0.0 110885.8193
707.107 707.107 0.0 110467.7305
721.249 721.249 0.0 110067.8359
735.391 735.391 0.0 109685.1973
749.533 749.533 0.0 109318.5801
763.675 763.675 0.0 108967.8232
777.817 777.817 0.0 108630.6069
791.96 791.96 0.0 108321.0171
806.102 806.102 0.0 108039.9048
820.244 820.244 0.0 107770.7690
834.386 834.386 0.0 107516.7207
848.528 848.528 0.0 107287.1289
862.67 862.67 0.0 107084.7783
876.812 876.812 0.0 106939.2603
890.955 890.955 0.0 106799.7803
905.097 905.097 0.0 106664.4287
919.239 919.239 0.0 106535.0679
933.381 933.381 0.0 106417.1147
947.523 947.523 0.0 106302.6108
961.665 961.665 0.0 106190.6689
975.807 975.807 0.0 106082.4556
989.949 989.949 0.0 105980.6196
1004.09 1004.09 0.0 105883.4932
1018.23 1018.23 0.0 105789.7622
1032.38 1032.38 0.0 105698.1816
1046.52 1046.52 0.0 105611.4683
1060.66 1060.66 0.0 105527.3628
1074.8 1074.8 0.0 105444.9019
1088.94 1088.94 0.0 105372.0344
1103.09 1103.09 0.0 105315.4519
1117.23 1117.23 0.0 105262.2253
1131.37 1131.37 0.0 105206.7612
1145.51 1145.51 0.0 105152.0828
1159.66 1159.66 0.0 105098.1333
1173.8 1173.8 0.0 105044.9817
1187.94 1187.94 0.0 104987.1421
1202.08 1202.08 0.0 104930.0994
1216.22 1216.22 0.0 104873.9197
1230.37 1230.37 0.0 104818.5559
1244.51 1244.51 0.0 104774.2976
1258.65 1258.65 0.0 104737.7834
1272.79 1272.79 0.0 104701.6582
1286.93 1286.93 0.0 104665.9136
1301.08 1301.08 0.0 104630.5247
1315.22 1315.22 0.0 104595.5315
1329.36 1329.36 0.0 104560.6433
1343.5 1343.5 0.0 104523.9023
1357.65 1357.65 0.0 104487.5481
1371.79 1371.79 0.0 104451.6331
1385.93 1385.93 0.0 104416.1252
1400.07 1400.07 0.0 104380.3054
1414.21 1414.21 0.0 104344.7852
1428.36 1428.36 0.0 104309.6536
1442.5 1442.5 0.0 104274.9521
1456.64 1456.64 0.0 104240.6562
1470.78 1470.78 0.0 104206.7559
1484.92 1484.92 0.0 104170.8186
1499.07 1499.07 0.0 104139.3235
1513.21 1513.21 0.0 104109.4448
1527.35 1527.35 0.0 104079.8845
1541.49 1541.49 0.0 104050.6387
1555.63 1555.63 0.0 104021.0583
1569.78 1569.78 0.0 103991.1714
1583.92 1583.92 0.0 103961.6355
1598.06 1598.06 0.0 103932.4272
1612.2 1612.2 0.0 103903.5413
1626.35 1626.35 0.0 103874.9553
1640.49 1640.49 0.0 103849.6626
1654.63 1654.63 0.0 103828.7231
1668.77 1668.77 0.0 103807.9600
1682.91 1682.91 0.0 103789.3560
1697.06 1697.06 0.0 103770.6021
1711.2 1711.2 0.0 103752.1826
1725.34 1725.34 0.0 103733.9766
1739.48 1739.48 0.0 103715.9617
1753.62 1753.62 0.0 103697.1343
1767.77 1767.77 0.0 103678.1453
1781.91 1781.91 0.0 103659.3218
1796.05 1796.05 0.0 103640.6453
1810.19 1810.19 0.0 103622.1006
1824.34 1824.34 0.0 103603.6924
1838.48 1838.48 0.0 103585.4431
1852.62 1852.62 0.0 103567.3401
1866.76 1866.76 0.0 103549.3818
1880.9 1880.9 0.0 103531.5691
1895.05 1895.05 0.0 103513.8801
1909.19 1909.19 0.0 103495.9402
1923.33 1923.33 0.0 103477.0723
1937.47 1937.47 0.0 103460.5317
1951.61 1951.61 0.0 103449.0417
1965.76 1965.76 0.0 103437.6064
1979.9 1979.9 0.0 103426.2388
1994.04 1994.04 0.0 103414.9351
2008.18 2008.18 0.0 103403.6919
2022.33 2022.33 0.0 103392.7302
2036.47 2036.47 0.0 103381.9045
2050.61 2050.61 0.0 103370.0868
2064.75 2064.75 0.0 103357.0437
2078.89 2078.89 0.0 103344.2186
2093.04 2093.04 0.0 103331.4635
2107.18 2107.18 0.0 103318.7991
2121.32 2121.32 0.0 103306.2146
2135.46 2135.46 0.0 103293.2678
2149.6 2149.6 0.0 103280.2974
2163.75 2163.75 0.0 103267.4023
2177.89 2177.89 0.0 103255.5465
2192.03 2192.03 0.0 103244.4907
2206.17 2206.17 0.0 103233.4990
2220.32 2220.32 0.0 103225.2634
2234.46 2234.46 0.0 103217.2660
2248.6 2248.6 0.0 103209.3014
2262.74 2262.74 0.0 103201.3712
2276.88 2276.88 0.0 103193.4751
2291.03 2291.03 0.0 103185.5068
2305.17 2305.17 0.0 103177.0933
2319.31 2319.31 0.0 103168.8549
2333.45 2333.45 0.0 103160.7928
2347.59 2347.59 0.0 103152.7689
2361.74 2361.74 0.0 103144.7727
2375.88 2375.88 0.0 103136.7590
2390.02 2390.02 0.0 103128.7059
2404.16 2404.16 0.0 103120.6764
2418.31 2418.31 0.0 103112.6545
2432.45 2432.45 0.0 103105.5403
2446.59 2446.59 0.0 103099.4130
2460.73 2460.73 0.0 103093.3081
2474.87 2474.87 0.0 103087.2092
2489.02 2489.02 0.0 103081.0953
2503.16 2503.16 0.0 103075.0060
2517.3 2517.3 0.0 103068.9377
2531.44 2531.44 0.0 103062.8889
2545.58 2545.58 0.0 103056.8641
2559.73 2559.73 0.0 103050.8514
2573.87 2573.87 0.0 103044.7800
2588.01 2588.01 0.0 103038.7291
2602.15 2602.15 0.0 103032.7028
2616.3 2616.3 0.0 103026.5970
2630.44 2630.44 0.0 103020.4937
2644.58 2644.58 0.0 103014.3752
2658.72 2658.72 0.0 103008.2717
2672.86 2672.86 0.0 103002.1862
2687.01 2687.01 0.0 102996.1106
2701.15 2701.15 0.0 102990.0531
2715.29 2715.29 0.0 102984.4175
2729.43 2729.43 0.0 102979.9360
2743.57 2743.57 0.0 102975.4659
2757.72 2757.72 0.0 102970.8291
2771.86 2771.86 0.0 102965.8407
2786.0 2786.0 0.0 102962.3639
2800.14 2800.14 0.0 102959.4451
2814.28 2814.28 0.0 102956.6207
2828.43 2828.43 0.0 102953.8198
2842.57 2842.57 0.0 102951.0348
2856.71 2856.71 0.0 102948.3633
2870.85 2870.85 0.0 102945.6970
2885.0 2885.0 0.0 102943.0330
2899.14 2899.14 0.0 102938.6355
2913.28 2913.28 0.0 102933.1224
2927.42 2927.42 0.0 102927.3701
2941.56 2941.56 0.0 102921.6392
2955.71 2955.71 0.0 102915.9235
2969.85 2969.85 0.0 102910.7169
2983.99 2983.99 0.0 102905.8021
2998.13 2998.13 0.0 102900.9059
3012.27 3012.27 0.0 102896.0231
3026.42 3026.42 0.0 102891.1517
3040.56 3040.56 0.0 102886.2887
3054.7 3054.7 0.0 102881.4437
3068.84 3068.84 0.0 102876.6117
3082.99 3082.99 0.0 102871.7842
3097.13 3097.13 0.0 102866.9769
3111.27 3111.27 0.0 102862.0901
3125.41 3125.41 0.0 102856.5551
3139.55 3139.55 0.0 102852.9604
3153.7 3153.7 0.0 102849.0223
3167.84 3167.84 0.0 102843.4542
3181.98 3181.98 0.0 102837.9062
3196.12 3196.12 0.0 102832.3802
3210.26 3210.26 0.0 102826.8721
3224.41 3224.41 0.0 102821.3820
3238.55 3238.55 0.0 102815.9154
3252.69 3252.69 0.0 102810.4681
3266.83 3266.83 0.0 102805.0408
3280.98 3280.98 0.0 102799.6283
3295.12 3295.12 0.0 102794.2427
3309.26 3309.26 0.0 102788.8745
3323.4 3323.4 0.0 102783.5266
3337.54 3337.54 0.0 102778.1969
3351.69 3351.69 0.0 102772.8818
3365.83 3365.83 0.0 102767.5599
3379.97 3379.97 0.0 102762.3700
3394.11 3394.11 0.0 102757.2002
3408.25 3408.25 0.0 102752.1243
3422.4 3422.4 0.0 102748.1707
3436.54 3436.54 0.0 102744.6765
3450.68 3450.68 0.0 102741.1552
3464.82 3464.82 0.0 102737.6425
3478.97 3478.97 0.0 102734.1372
3493.11 3493.11 0.0 102730.6418
3507.25 3507.25 0.0 102727.1565
3521.39 3521.39 0.0 102723.6780
3535.53 3535.53 0.0 102720.2079
3549.68 3549.68 0.0 102716.7457
3563.82 3563.82 0.0 102714.0155
3577.96 3577.96 0.0 102711.6732
3592.1 3592.1 0.0 102709.3346
3606.24 3606.24 0.0 102707.0009
3620.39 3620.39 0.0 102704.6677
3634.53 3634.53 0.0 102702.3409
3648.67 3648.67 0.0 102700.0184
3662.81 3662.81 0.0 102697.7008
3676.96 3676.96 0.0 102695.3833
3691.1 3691.1 0.0 102693.0717
3705.24 3705.24 0.0 102690.7665
3719.38 3719.38 0.0 102688.4620
3733.52 3733.52 0.0 102686.1641
3747.67 3747.67 0.0 102683.8271
3761.81 3761.81 0.0 102681.4878
3775.95 3775.95 0.0 102679.1163
3790.09 3790.09 0.0 102676.7529
3804.23 3804.23 0.0 102674.3910
3818.38 3818.38 0.0 102672.2438
3832.52 3832.52 0.0 102670.1191
3846.66 3846.66 0.0 102667.9980
3860.8 3860.8 0.0 102665.8794
3874.95 3874.95 0.0 102663.7961
3889.09 3889.09 0.0 102661.7212
3903.23 3903.23 0.0 102659.6488
3917.37 3917.37 0.0 102657.5811
3931.51 3931.51 0.0 102655.5156
3945.66 3945.66 0.0 102653.4517
3959.8 3959.8 0.0 102651.3932
3973.94 3973.94 0.0 102649.3375
3988.08 3988.08 0.0 102647.2849
4002.22 4002.22 0.0 102645.2361
4016.37 4016.37 0.0 102643.1876
4030.51 4030.51 0.0 102641.1445
4044.65 4044.65 0.0 102639.1041
4058.79 4058.79 0.0 102637.0680
4072.94 4072.94 0.0 102635.0331
4087.08 4087.08 0.0 102633.0040
4101.22 4101.22 0.0 102630.9753
4115.36 4115.36 0.0 102628.9514
4129.5 4129.5 0.0 102626.9310
4143.65 4143.65 0.0 102624.9113
4157.79 4157.79 0.0 102622.8972
4171.93 4171.93 0.0 102620.8843
4186.07 4186.07 0.0 102618.8776
4200.21 4200.21 0.0 102616.8698
4214.36 4214.36 0.0 102614.8669
4228.5 4228.5 0.0 102612.8689
4242.64 4242.64 0.0 102610.8718
