0.0 0.0 0.0 1039907.0625
14.1421 14.1421 0.0 852823.3125
28.2843 28.2843 0.0 747744.0625
42.4264 42.4264 0.0 617317.2188
56.5685 56.5685 0.0 494907.6875
70.7107 70.7107 0.0 392940.8750
84.8528 84.8528 0.0 312818.0312
98.9949 98.9949 0.0 259846.1094
113.137 113.137 0.0 231272.1562
127.279 127.279 0.0 207973.4922
141.421 141.421 0.0 190161.9141
155.563 155.563 0.0 176065.6328
169.706 169.706 0.0 166358.3477
183.848 183.848 0.0 158951.5352
197.99 197.99 0.0 152403.5391
212.132 212.132 0.0 146610.4180
226.274 226.274 0.0 141475.9102
240.416 240.416 0.0 137607.1562
254.558 254.558 0.0 134474.0859
268.701 268.701 0.0 131607.2852
282.843 282.843 0.0 128985.1641
296.985 296.985 0.0 126596.2402
311.127 311.127 0.0 124463.1348
325.269 325.269 0.0 122585.6777
339.411 339.411 0.0 120858.9180
353.553 353.553 0.0 119447.3555
367.696 367.696 0.0 118305.7812
381.838 381.838 0.0 117235.6064
395.98 395.98 0.0 116232.3467
410.122 410.122 0.0 115291.9336
424.264 424.264 0.0 114411.3154
438.406 438.406 0.0 113735.2744
452.548 452.548 0.0 113093.7588
466.69 466.69 0.0 112485.2314
480.833 480.833 0.0 111930.4590
494.975 494.975 0.0 111437.7490
509.117 509.117 0.0 110967.8350
523.259 523.259 0.0 110532.6943
537.401 537.401 0.0 110164.2764
551.543 551.543 0.0 109810.5449
565.685 565.685 0.0 109470.5566
579.828 579.828 0.0 109149.8252
593.97 593.97 0.0 108855.6948
608.112 608.112 0.0 108594.3975
622.254 622.254 0.0 108395.2661
636.396 636.396 0.0 108201.0063
650.538 650.538 0.0 108012.1987
664.68 664.68 0.0 107829.3535
678.823 678.823 0.0 107644.0142
692.965 692.965 0.0 107463.5723
707.107 707.107 0.0 107287.4292
721.249 721.249 0.0 107113.7046
735.391 735.391 0.0 106939.4771
749.533 749.533 0.0 106748.9893
763.675 763.675 0.0 106564.5562
777.817 777.817 0.0 106386.3667
791.96 791.96 0.0 106214.2178
806.102 806.102 0.0 106047.9189
820.244 820.244 0.0 105886.0596
834.386 834.386 0.0 105729.2607
848.528 848.528 0.0 105577.8374
862.67 862.67 0.0 105431.5278
876.812 876.812 0.0 105290.0747
890.955 890.955 0.0 105153.4033
905.097 905.097 0.0 105025.4968
919.239 919.239 0.0 104931.0947
933.381 933.381 0.0 104840.7195
947.523 947.523 0.0 104752.6069
961.665 961.665 0.0 104666.6943
975.807 975.807 0.0 104582.9348
989.949 989.949 0.0 104501.4482
1004.09 1004.09 0.0 104424.4187
1018.23 1018.23 0.0 104349.2632
1032.38 1032.38 0.0 104278.8647
1046.52 1046.52 0.0 104209.5496
1060.66 1060.66 0.0 104146.9763
1074.8 1074.8 0.0 104094.7849
1088.94 1088.94 0.0 104048.6365
1103.09 1103.09 0.0 104003.2168
1117.23 1117.23 0.0 103958.5383
1131.37 1131.37 0.0 103916.8533
1145.51 1145.51 0.0 103876.9404
1159.66 1159.66 0.0 103837.6365
1173.8 1173.8 0.0 103798.6191
1187.94 1187.94 0.0 103770.4043
1202.08 1202.08 0.0 103756.0630
1216.22 1216.22 0.0 103740.1501
1230.37 1230.37 0.0 103724.3320
1244.51 1244.51 0.0 103707.8516
1258.65 1258.65 0.0 103691.1626
1272.79 1272.79 0.0 103679.6724
1286.93 1286.93 0.0 103667.4729
1301.08 1301.08 0.0 103653.6885
1315.22 1315.22 0.0 103640.0710
1329.36 1329.36 0.0 103630.1594
1343.5 1343.5 0.0 103620.3948
1357.65 1357.65 0.0 103609.6616
1371.79 1371.79 0.0 103596.2568
1385.93 1385.93 0.0 103582.3606
1400.07 1400.07 0.0 103568.5535
1414.21 1414.21 0.0 103554.8276
1428.36 1428.36 0.0 103541.1699
1442.5 1442.5 0.0 103528.3701
1456.64 1456.64 0.0 103516.1753
1470.78 1470.78 0.0 103503.9336
1484.92 1484.92 0.0 103491.7625
1499.07 1499.07 0.0 103479.6509
1513.21 1513.21 0.0 103467.6121
1527.35 1527.35 0.0 103455.6477
1541.49 1541.49 0.0 103443.7368
1555.63 1555.63 0.0 103431.8914
1569.78 1569.78 0.0 103420.1062
1583.92 1583.92 0.0 103408.3938
1598.06 1598.06 0.0 103396.7468
1612.2 1612.2 0.0 103385.1658
1626.35 1626.35 0.0 103373.4895
1640.49 1640.49 0.0 103365.1818
1654.63 1654.63 0.0 103357.0609
1668.77 1668.77 0.0 103350.0282
1682.91 1682.91 0.0 103341.1671
1697.06 1697.06 0.0 103331.3812
1711.2 1711.2 0.0 103321.6504
1725.34 1725.34 0.0 103311.9658
1739.48 1739.48 0.0 103302.3319
1753.62 1753.62 0.0 103292.4916
1767.77 1767.77 0.0 103282.6824
1781.91 1781.91 0.0 103272.9305
1796.05 1796.05 0.0 103263.2263
1810.19 1810.19 0.0 103253.5702
1824.34 1824.34 0.0 103244.0345
1838.48 1838.48 0.0 103235.8772
1852.62 1852.62 0.0 103227.7545
1866.76 1866.76 0.0 103219.6691
1880.9 1880.9 0.0 103211.6152
1895.05 1895.05 0.0 103203.5902
1909.19 1909.19 0.0 103195.6047
1923.33 1923.33 0.0 103187.6547
1937.47 1937.47 0.0 103179.7369
1951.61 1951.61 0.0 103171.8525
1965.76 1965.76 0.0 103163.9957
1979.9 1979.9 0.0 103156.1617
1994.04 1994.04 0.0 103148.3646
2008.18 2008.18 0.0 103140.5989
2022.33 2022.33 0.0 103132.8611
2036.47 2036.47 0.0 103125.1613
2050.61 2050.61 0.0 103117.4739
2064.75 2064.75 0.0 103111.6099
2078.89 2078.89 0.0 103107.0188
2093.04 2093.04 0.0 103102.4351
2107.18 2107.18 0.0 103097.9561
2121.32 2121.32 0.0 103095.2856
2135.46 2135.46 0.0 103092.6166
2149.6 2149.6 0.0 103089.9541
2163.75 2163.75 0.0 103086.4034
2177.89 2177.89 0.0 103080.7632
2192.03 2192.03 0.0 103075.1227
2206.17 2206.17 0.0 103069.4938
2220.32 2220.32 0.0 103063.8777
2234.46 2234.46 0.0 103060.6118
2248.6 2248.6 0.0 103057.2496
2262.74 2262.74 0.0 103053.8766
2276.88 2276.88 0.0 103049.4648
2291.03 2291.03 0.0 103043.9609
2305.17 2305.17 0.0 103038.3438
2319.31 2319.31 0.0 103032.0365
2333.45 2333.45 0.0 103025.7556
2347.59 2347.59 0.0 103019.4973
2361.74 2361.74 0.0 103013.2568
2375.88 2375.88 0.0 103007.0427
2390.02 2390.02 0.0 103000.8546
2404.16 2404.16 0.0 102994.6765
2418.31 2418.31 0.0 102988.3586
2432.45 2432.45 0.0 102982.0671
2446.59 2446.59 0.0 102975.7938
2460.73 2460.73 0.0 102969.5278
2474.87 2474.87 0.0 102963.0054
2489.02 2489.02 0.0 102955.9484
2503.16 2503.16 0.0 102949.2607
2517.3 2517.3 0.0 102942.5704
2531.44 2531.44 0.0 102935.9115
2545.58 2545.58 0.0 102929.3014
2559.73 2559.73 0.0 102923.6375
2573.87 2573.87 0.0 102917.9493
2588.01 2588.01 0.0 102912.8693
2602.15 2602.15 0.0 102908.1155
2616.3 2616.3 0.0 102903.3743
2630.44 2630.44 0.0 102898.6481
2644.58 2644.58 0.0 102893.9375
2658.72 2658.72 0.0 102889.2426
2672.86 2672.86 0.0 102884.5586
2687.01 2687.01 0.0 102879.8865
2701.15 2701.15 0.0 102875.2328
2715.29 2715.29 0.0 102871.4298
2729.43 2729.43 0.0 102868.1329
2743.57 2743.57 0.0 102865.1420
2757.72 2757.72 0.0 102862.2153
2771.86 2771.86 0.0 102859.3132
2786.0 2786.0 0.0 102856.5363
2800.14 2800.14 0.0 102853.7643
2814.28 2814.28 0.0 102850.9957
2828.43 2828.43 0.0 102848.2333
2842.57 2842.57 0.0 102844.9403
2856.71 2856.71 0.0 102841.5178
2870.85 2870.85 0.0 102838.1017
2885.0 2885.0 0.0 102834.6918
2899.14 2899.14 0.0 102831.0442
2913.28 2913.28 0.0 102827.3273
2927.42 2927.42 0.0 102824.3317
2941.56 2941.56 0.0 102821.5880
2955.71 2955.71 0.0 102820.1355
2969.85 2969.85 0.0 102819.1761
2983.99 2983.99 0.0 102816.6232
2998.13 2998.13 0.0 102812.0474
3012.27 3012.27 0.0 102806.4865
3026.42 3026.42 0.0 102800.9421
3040.56 3040.56 0.0 102795.4248
3054.7 3054.7 0.0 102789.9253
3068.84 3068.84 0.0 102785.1439
3082.99 3082.99 0.0 102780.3740
3097.13 3097.13 0.0 102774.5951
3111.27 3111.27 0.0 102767.6025
3125.41 3125.41 0.0 102760.6478
3139.55 3139.55 0.0 102753.7260
3153.7 3153.7 0.0 102746.8320
3167.84 3167.84 0.0 102739.9639
3181.98 3181.98 0.0 102733.0946
3196.12 3196.12 0.0 102726.3429
3210.26 3210.26 0.0 102719.6688
3224.41 3224.41 0.0 102713.0197
3238.55 3238.55 0.0 102706.4103
3252.69 3252.69 0.0 102699.8296
3266.83 3266.83 0.0 102693.4497
3280.98 3280.98 0.0 102687.8048
3295.12 3295.12 0.0 102682.1698
3309.26 3309.26 0.0 102676.6454
3323.4 3323.4 0.0 102671.1747
3337.54 3337.54 0.0 102665.7288
3351.69 3351.69 0.0 102660.2985
3365.83 3365.83 0.0 102654.8962
3379.97 3379.97 0.0 102649.4858
3394.11 3394.11 0.0 102644.0830
3408.25 3408.25 0.0 102638.7026
3422.4 3422.4 0.0 102633.3394
3436.54 3436.54 0.0 102628.0054
3450.68 3450.68 0.0 102622.6906
3464.82 3464.82 0.0 102617.3970
3478.97 3478.97 0.0 102612.1075
3493.11 3493.11 0.0 102606.7802
3507.25 3507.25 0.0 102601.4723
3521.39 3521.39 0.0 102596.1857
3535.53 3535.53 0.0 102590.9229
3549.68 3549.68 0.0 102585.6781
3563.82 3563.82 0.0 102580.4583
3577.96 3577.96 0.0 102571.7833
3592.1 3592.1 0.0 102553.1572
3606.24 3606.24 0.0 102532.6675
3620.39 3620.39 0.0 102511.8303
3634.53 3634.53 0.0 102491.3669
3648.67 3648.67 0.0 102470.9854
3662.81 3662.81 0.0 102450.2804
3676.96 3676.96 0.0 102429.9358
3691.1 3691.1 0.0 102421.1465
3705.24 3705.24 0.0 102417.3328
3719.38 3719.38 0.0 102413.4780
3733.52 3733.52 0.0 102409.6177
3747.67 3747.67 0.0 102405.7683
3761.81 3761.81 0.0 102401.9364
3775.95 3775.95 0.0 102398.1061
3790.09 3790.09 0.0 102395.0903
3804.23 3804.23 0.0 102392.2042
3818.38 3818.38 0.0 102389.6658
3832.52 3832.52 0.0 102385.1765
3846.66 3846.66 0.0 102380.7014
3860.8 3860.8 0.0 102376.2440
3874.95 3874.95 0.0 102369.6438
3889.09 3889.09 0.0 102362.2727
3903.23 3903.23 0.0 102354.9520
3917.37 3917.37 0.0 102347.6845
3931.51 3931.51 0.0 102340.4678
3945.66 3945.66 0.0 102333.2971
3959.8 3959.8 0.0 102326.1818
3973.94 3973.94 0.0 102319.1162
3988.08 3988.08 0.0 102312.1733
4002.22 4002.22 0.0 102305.4420
4016.37 4016.37 0.0 102298.7520
4030.51 4030.51 0.0 102292.1118
4044.65 4044.65 0.0 102285.4142
4058.79 4058.79 0.0 102278.7630
4072.94 4072.94 0.0 102272.1525
4087.08 4087.08 0.0 102265.5917
4101.22 4101.22 0.0 102259.0767
4115.36 4115.36 0.0 102252.5994
4129.5 4129.5 0.0 102246.1689
4143.65 4143.65 0.0 102239.7762
4157.79 4157.79 0.0 102233.4340
4171.93 4171.93 0.0 102227.1353
4186.07 4186.07 0.0 102220.8799
4200.21 4200.21 0.0 102214.7581
4214.36 4214.36 0.0 102208.7303
4228.5 4228.5 0.0 102202.7484
4242.64 4242.64 0.0 102196.8078
