0.0 0.0 0.0 0
14.1421 14.1421 0.0 0
28.2843 28.2843 0.0 0
42.4264 42.4264 0.0 0
56.5685 56.5685 0.0 0
70.7107 70.7107 0.0 0
84.8528 84.8528 0.0 0
98.9949 98.9949 0.0 0
113.137 113.137 0.0 0
127.279 127.279 0.0 0
141.421 141.421 0.0 0
155.563 155.563 0.0 0
169.706 169.706 0.0 0
183.848 183.848 0.0 0
197.99 197.99 0.0 0
212.132 212.132 0.0 0
226.274 226.274 0.0 0
240.416 240.416 0.0 0
254.558 254.558 0.0 0
268.701 268.701 0.0 0
282.843 282.843 0.0 0
296.985 296.985 0.0 0
311.127 311.127 0.0 0
325.269 325.269 0.0 0
339.411 339.411 0.0 0
353.553 353.553 0.0 0
367.696 367.696 0.0 0
381.838 381.838 0.0 0
395.98 395.98 0.0 0
410.122 410.122 0.0 0
424.264 424.264 0.0 0
438.406 438.406 0.0 0
452.548 452.548 0.0 0
466.69 466.69 0.0 0
480.833 480.833 0.0 0
494.975 494.975 0.0 0
509.117 509.117 0.0 0
523.259 523.259 0.0 0
537.401 537.401 0.0 0
551.543 551.543 0.0 0
565.685 565.685 0.0 0
579.828 579.828 0.0 0
593.97 593.97 0.0 0
608.112 608.112 0.0 0
622.254 622.254 0.0 0
636.396 636.396 0.0 0
650.538 650.538 0.0 0
664.68 664.68 0.0 0
678.823 678.823 0.0 0
692.965 692.965 0.0 0
707.107 707.107 0.0 0
721.249 721.249 0.0 0
735.391 735.391 0.0 0
749.533 749.533 0.0 0
763.675 763.675 0.0 0
777.817 777.817 0.0 0
791.96 791.96 0.0 0
806.102 806.102 0.0 0
820.244 820.244 0.0 0
834.386 834.386 0.0 0
848.528 848.528 0.0 0
862.67 862.67 0.0 0
876.812 876.812 0.0 0
890.955 890.955 0.0 0
905.097 905.097 0.0 0
919.239 919.239 0.0 0
933.381 933.381 0.0 0
947.523 947.523 0.0 0
961.665 961.665 0.0 0
975.807 975.807 0.0 0
989.949 989.949 0.0 0
1004.09 1004.09 0.0 0
1018.23 1018.23 0.0 0
1032.38 1032.38 0.0 0
1046.52 1046.52 0.0 0
1060.66 1060.66 0.0 0
1074.8 1074.8 0.0 0
1088.94 1088.94 0.0 0
1103.09 1103.09 0.0 0
1117.23 1117.23 0.0 0
1131.37 1131.37 0.0 0
1145.51 1145.51 0.0 0
1159.66 1159.66 0.0 0
1173.8 1173.8 0.0 0
1187.94 1187.94 0.0 0
1202.08 1202.08 0.0 0
1216.22 1216.22 0.0 0
1230.37 1230.37 0.0 0
1244.51 1244.51 0.0 0
1258.65 1258.65 0.0 0
1272.79 1272.79 0.0 0
1286.93 1286.93 0.0 0
1301.08 1301.08 0.0 0
1315.22 1315.22 0.0 0
1329.36 1329.36 0.0 0
1343.5 1343.5 0.0 0
1357.65 1357.65 0.0 0
1371.79 1371.79 0.0 0
1385.93 1385.93 0.0 0
1400.07 1400.07 0.0 0
1414.21 1414.21 0.0 0
1428.36 1428.36 0.0 0
1442.5 1442.5 0.0 0
1456.64 1456.64 0.0 0
1470.78 1470.78 0.0 0
1484.92 1484.92 0.0 0
1499.07 1499.07 0.0 0
1513.21 1513.21 0.0 0
1527.35 1527.35 0.0 0
1541.49 1541.49 0.0 0
1555.63 1555.63 0.0 0
1569.78 1569.78 0.0 0
1583.92 1583.92 0.0 0
1598.06 1598.06 0.0 0
1612.2 1612.2 0.0 0
1626.35 1626.35 0.0 0
1640.49 1640.49 0.0 0
1654.63 1654.63 0.0 0
1668.77 1668.77 0.0 0
1682.91 1682.91 0.0 0
1697.06 1697.06 0.0 0
1711.2 1711.2 0.0 0
1725.34 1725.34 0.0 0
1739.48 1739.48 0.0 0
1753.62 1753.62 0.0 0
1767.77 1767.77 0.0 0
1781.91 1781.91 0.0 0
1796.05 1796.05 0.0 0
1810.19 1810.19 0.0 0
1824.34 1824.34 0.0 0
1838.48 1838.48 0.0 0
1852.62 1852.62 0.0 0
1866.76 1866.76 0.0 0
1880.9 1880.9 0.0 0
1895.05 1895.05 0.0 0
1909.19 1909.19 0.0 0
1923.33 1923.33 0.0 0
1937.47 1937.47 0.0 0
1951.61 1951.61 0.0 0
1965.76 1965.76 0.0 0
1979.9 1979.9 0.0 0
1994.04 1994.04 0.0 0
2008.18 2008.18 0.0 0
2022.33 2022.33 0.0 0
2036.47 2036.47 0.0 0
2050.61 2050.61 0.0 0
2064.75 2064.75 0.0 0
2078.89 2078.89 0.0 0
2093.04 2093.04 0.0 0
2107.18 2107.18 0.0 0
2121.32 2121.32 0.0 0
2135.46 2135.46 0.0 0
2149.6 2149.6 0.0 0
2163.75 2163.75 0.0 0
2177.89 2177.89 0.0 0
2192.03 2192.03 0.0 0
2206.17 2206.17 0.0 0
2220.32 2220.32 0.0 0
2234.46 2234.46 0.0 0
2248.6 2248.6 0.0 0
2262.74 2262.74 0.0 40751.9
2276.88 2276.88 0.0 40751.9
2291.03 2291.03 0.0 40751.9
2305.17 2305.17 0.0 41425.1
2319.31 2319.31 0.0 41425.1
2333.45 2333.45 0.0 41900.3
2347.59 2347.59 0.0 41900.3
2361.74 2361.74 0.0 41900.3
2375.88 2375.88 0.0 42327.1
2390.02 2390.02 0.0 42327.1
2404.16 2404.16 0.0 42327.1
2418.31 2418.31 0.0 42659.4
2432.45 2432.45 0.0 42659.4
2446.59 2446.59 0.0 42824.2
2460.73 2460.73 0.0 42824.2
2474.87 2474.87 0.0 42824.2
2489.02 2489.02 0.0 42839.1
2503.16 2503.16 0.0 42839.1
2517.3 2517.3 0.0 42657.8
2531.44 2531.44 0.0 42657.8
2545.58 2545.58 0.0 42657.8
2559.73 2559.73 0.0 42402.0
2573.87 2573.87 0.0 42402.0
2588.01 2588.01 0.0 42142.6
2602.15 2602.15 0.0 42142.6
2616.3 2616.3 0.0 42142.6
2630.44 2630.44 0.0 41883.3
2644.58 2644.58 0.0 41883.3
2658.72 2658.72 0.0 41624.9
2672.86 2672.86 0.0 41624.9
2687.01 2687.01 0.0 41367.3
2701.15 2701.15 0.0 41367.3
2715.29 2715.29 0.0 41367.3
2729.43 2729.43 0.0 41110.5
2743.57 2743.57 0.0 41110.5
2757.72 2757.72 0.0 40854.4
2771.86 2771.86 0.0 40854.4
2786.0 2786.0 0.0 40854.4
2800.14 2800.14 0.0 40598.9
2814.28 2814.28 0.0 40598.9
2828.43 2828.43 0.0 40343.9
2842.57 2842.57 0.0 40343.9
2856.71 2856.71 0.0 40343.9
2870.85 2870.85 0.0 40089.5
2885.0 2885.0 0.0 40089.5
2899.14 2899.14 0.0 39835.6
2913.28 2913.28 0.0 39835.6
2927.42 2927.42 0.0 39835.6
2941.56 2941.56 0.0 39582.2
2955.71 2955.71 0.0 39582.2
2969.85 2969.85 0.0 39329.0
2983.99 2983.99 0.0 39329.0
2998.13 2998.13 0.0 39329.0
3012.27 3012.27 0.0 39076.5
3026.42 3026.42 0.0 39076.5
3040.56 3040.56 0.0 39076.5
3054.7 3054.7 0.0 38824.3
3068.84 3068.84 0.0 38824.3
3082.99 3082.99 0.0 38572.4
3097.13 3097.13 0.0 38572.4
3111.27 3111.27 0.0 38572.4
3125.41 3125.41 0.0 38320.7
3139.55 3139.55 0.0 38320.7
3153.7 3153.7 0.0 38069.4
3167.84 3167.84 0.0 38069.4
3181.98 3181.98 0.0 38069.4
3196.12 3196.12 0.0 37818.2
3210.26 3210.26 0.0 37818.2
3224.41 3224.41 0.0 37567.3
3238.55 3238.55 0.0 37567.3
3252.69 3252.69 0.0 37567.3
3266.83 3266.83 0.0 37316.5
3280.98 3280.98 0.0 37316.5
3295.12 3295.12 0.0 37065.9
3309.26 3309.26 0.0 37065.9
3323.4 3323.4 0.0 36815.3
3337.54 3337.54 0.0 36815.3
3351.69 3351.69 0.0 36815.3
3365.83 3365.83 0.0 36564.7
3379.97 3379.97 0.0 36564.7
3394.11 3394.11 0.0 36314.2
3408.25 3408.25 0.0 36314.2
3422.4 3422.4 0.0 36314.2
3436.54 3436.54 0.0 36063.8
3450.68 3450.68 0.0 36063.8
3464.82 3464.82 0.0 35813.1
3478.97 3478.97 0.0 35813.2
3493.11 3493.11 0.0 35813.2
3507.25 3507.25 0.0 35562.4
3521.39 3521.39 0.0 35562.4
3535.53 3535.53 0.0 35311.4
3549.68 3549.68 0.0 35311.4
3563.82 3563.82 0.0 35311.4
3577.96 3577.96 0.0 35060.1
3592.1 3592.1 0.0 35060.1
3606.24 3606.24 0.0 35060.1
3620.39 3620.39 0.0 34808.4
3634.53 3634.53 0.0 34808.4
3648.67 3648.67 0.0 34556.4
3662.81 3662.81 0.0 34556.4
3676.96 3676.96 0.0 34556.4
3691.1 3691.1 0.0 34304.1
3705.24 3705.24 0.0 34304.1
3719.38 3719.38 0.0 34051.5
3733.52 3733.52 0.0 34051.5
3747.67 3747.67 0.0 34051.5
3761.81 3761.81 0.0 33798.5
3775.95 3775.95 0.0 33798.5
3790.09 3790.09 0.0 33545.1
3804.23 3804.23 0.0 33545.1
3818.38 3818.38 0.0 33545.1
3832.52 3832.52 0.0 33291.3
3846.66 3846.66 0.0 33291.3
3860.8 3860.8 0.0 33037.1
3874.95 3874.95 0.0 33037.1
3889.09 3889.09 0.0 32782.4
3903.23 3903.23 0.0 32782.4
3917.37 3917.37 0.0 32782.4
3931.51 3931.51 0.0 32527.2
3945.66 3945.66 0.0 32527.2
3959.8 3959.8 0.0 32271.5
3973.94 3973.94 0.0 32271.5
3988.08 3988.08 0.0 32271.5
4002.22 4002.22 0.0 32015.3
4016.37 4016.37 0.0 32015.3
4030.51 4030.51 0.0 31758.5
4044.65 4044.65 0.0 31758.5
4058.79 4058.79 0.0 31758.5
4072.94 4072.94 0.0 31501.1
4087.08 4087.08 0.0 31501.1
4101.22 4101.22 0.0 31243.1
4115.36 4115.36 0.0 31243.1
4129.5 4129.5 0.0 31243.1
4143.65 4143.65 0.0 30984.5
4157.79 4157.79 0.0 30984.5
4171.93 4171.93 0.0 30984.5
4186.07 4186.07 0.0 30725.3
4200.21 4200.21 0.0 30725.3
4214.36 4214.36 0.0 30465.4
4228.5 4228.5 0.0 30465.4
4242.64 4242.64 0.0 30465.4
4256.78 4256.78 0.0 30204.7
4270.92 4270.92 0.0 30204.7
4285.07 4285.07 0.0 29943.3
4299.21 4299.21 0.0 29943.3
4313.35 4313.35 0.0 29943.3
4327.49 4327.49 0.0 29681.2
4341.64 4341.64 0.0 29681.2
4355.78 4355.78 0.0 29418.4
4369.92 4369.92 0.0 29418.4
4384.06 4384.06 0.0 29418.4
4398.2 4398.2 0.0 29154.7
4412.35 4412.35 0.0 29154.7
4426.49 4426.49 0.0 28890.3
4440.63 4440.63 0.0 28890.3
4454.77 4454.77 0.0 28890.3
4468.91 4468.91 0.0 28625.0
4483.06 4483.06 0.0 28625.0
4497.2 4497.2 0.0 28358.8
4511.34 4511.34 0.0 28358.8
4525.48 4525.48 0.0 28091.9
4539.63 4539.63 0.0 28091.9
4553.77 4553.77 0.0 28091.9
4567.91 4567.91 0.0 27824.0
4582.05 4582.05 0.0 27824.0
4596.19 4596.19 0.0 27555.2
4610.34 4610.34 0.0 27555.2
4624.48 4624.48 0.0 27555.2
4638.62 4638.62 0.0 27285.5
4652.76 4652.76 0.0 27285.5
4666.9 4666.9 0.0 27015.0
4681.05 4681.05 0.0 27014.9
4695.19 4695.19 0.0 27014.9
4709.33 4709.33 0.0 26743.3
4723.47 4723.47 0.0 26743.3
4737.62 4737.62 0.0 26470.8
4751.76 4751.76 0.0 26470.8
4765.9 4765.9 0.0 26470.8
4780.04 4780.04 0.0 26197.3
4794.18 4794.18 0.0 26197.3
4808.33 4808.33 0.0 26197.3
4822.47 4822.47 0.0 25922.8
4836.61 4836.61 0.0 25922.8
4850.75 4850.75 0.0 25647.3
4864.89 4864.89 0.0 25647.3
4879.04 4879.04 0.0 25647.3
4893.18 4893.18 0.0 25370.8
4907.32 4907.32 0.0 25370.8
4921.46 4921.46 0.0 25093.2
4935.61 4935.61 0.0 25093.2
4949.75 4949.75 0.0 25093.2
4963.89 4963.89 0.0 24814.6
4978.03 4978.03 0.0 24814.6
4992.17 4992.17 0.0 24535.0
5006.32 5006.32 0.0 24535.0
5020.46 5020.46 0.0 24535.0
5034.6 5034.6 0.0 24254.2
5048.74 5048.74 0.0 24254.2
5062.88 5062.88 0.0 23972.4
5077.03 5077.03 0.0 23972.4
5091.17 5091.17 0.0 23689.5
5105.31 5105.31 0.0 23689.5
5119.45 5119.45 0.0 23689.5
5133.6 5133.6 0.0 23405.4
5147.74 5147.74 0.0 23405.4
5161.88 5161.88 0.0 23120.2
5176.02 5176.02 0.0 23120.2
5190.16 5190.16 0.0 23120.2
5204.31 5204.31 0.0 22833.8
5218.45 5218.45 0.0 22833.8
5232.59 5232.59 0.0 22546.2
5246.73 5246.73 0.0 22546.2
5260.87 5260.87 0.0 22546.2
5275.02 5275.02 0.0 22257.5
5289.16 5289.16 0.0 22257.5
5303.3 5303.3 0.0 21967.5
5317.44 5317.44 0.0 21967.5
5331.59 5331.59 0.0 21967.5
5345.73 5345.73 0.0 21676.2
5359.87 5359.87 0.0 21676.2
5374.01 5374.01 0.0 21676.2
5388.15 5388.15 0.0 21383.6
5402.3 5402.3 0.0 21383.6
5416.44 5416.44 0.0 21089.6
5430.58 5430.58 0.0 21089.6
5444.72 5444.72 0.0 21089.6
5458.86 5458.86 0.0 20794.3
5473.01 5473.01 0.0 20794.3
5487.15 5487.15 0.0 20497.6
5501.29 5501.29 0.0 20497.6
5515.43 5515.43 0.0 20497.6
5529.58 5529.58 0.0 20199.5
5543.72 5543.72 0.0 20199.5
5557.86 5557.86 0.0 19900.0
5572.0 5572.0 0.0 19900.0
5586.14 5586.14 0.0 19900.0
5600.29 5600.29 0.0 19599.0
5614.43 5614.43 0.0 19599.0
5628.57 5628.57 0.0 19296.5
5642.71 5642.71 0.0 19296.5
5656.85 5656.85 0.0 19296.5
5671.0 5671.0 0.0 18992.6
5685.14 5685.14 0.0 18992.6
5699.28 5699.28 0.0 18687.2
5713.42 5713.42 0.0 18687.2
5727.56 5727.56 0.0 18380.3
5741.71 5741.71 0.0 18380.3
5755.85 5755.85 0.0 18380.3
5769.99 5769.99 0.0 18071.9
5784.13 5784.13 0.0 18071.9
5798.28 5798.28 0.0 17761.9
5812.42 5812.42 0.0 17761.9
5826.56 5826.56 0.0 17761.9
5840.7 5840.7 0.0 17450.3
5854.84 5854.84 0.0 17450.3
5868.99 5868.99 0.0 17137.2
5883.13 5883.13 0.0 17137.2
5897.27 5897.27 0.0 17137.2
5911.41 5911.41 0.0 16822.5
5925.55 5925.55 0.0 16822.5
5939.7 5939.7 0.0 16506.2
5953.84 5953.84 0.0 16506.2
5967.98 5967.98 0.0 16506.2
5982.12 5982.12 0.0 16188.2
5996.27 5996.27 0.0 16188.2
6010.41 6010.41 0.0 16188.2
6024.55 6024.55 0.0 15868.6
6038.69 6038.69 0.0 15868.6
6052.83 6052.83 0.0 15547.4
6066.98 6066.98 0.0 15547.4
6081.12 6081.12 0.0 15547.4
6095.26 6095.26 0.0 15224.5
6109.4 6109.4 0.0 15224.5
6123.54 6123.54 0.0 14899.9
6137.69 6137.69 0.0 14899.9
6151.83 6151.83 0.0 14899.9
6165.97 6165.97 0.0 14573.6
6180.11 6180.11 0.0 14573.6
6194.26 6194.26 0.0 14245.6
6208.4 6208.4 0.0 14245.6
6222.54 6222.54 0.0 14245.6
6236.68 6236.68 0.0 13915.9
6250.82 6250.82 0.0 13915.9
6264.97 6264.97 0.0 13584.3
6279.11 6279.11 0.0 13584.3
6293.25 6293.25 0.0 13250.8
6307.39 6307.39 0.0 13250.8
6321.53 6321.53 0.0 13250.8
6335.68 6335.68 0.0 12915.3
6349.82 6349.82 0.0 12915.3
6363.96 6363.96 0.0 12577.7
6378.1 6378.1 0.0 12577.7
6392.25 6392.25 0.0 12577.7
6406.39 6406.39 0.0 12238.0
6420.53 6420.53 0.0 12238.0
6434.67 6434.67 0.0 11896.1
6448.81 6448.81 0.0 11896.1
6462.96 6462.96 0.0 11896.1
6477.1 6477.1 0.0 11552.0
6491.24 6491.24 0.0 11552.0
6505.38 6505.38 0.0 11205.6
6519.52 6519.52 0.0 11205.6
6533.67 6533.67 0.0 11205.6
6547.81 6547.81 0.0 10857.0
6561.95 6561.95 0.0 10857.0
6576.09 6576.09 0.0 10857.0
6590.24 6590.24 0.0 10506.1
6604.38 6604.38 0.0 10506.1
6618.52 6618.52 0.0 10152.9
6632.66 6632.66 0.0 10152.9
6646.8 6646.8 0.0 10152.9
6660.95 6660.95 0.0 9797.38
6675.09 6675.09 0.0 9797.38
6689.23 6689.23 0.0 9439.52
6703.37 6703.37 0.0 9439.52
6717.51 6717.51 0.0 9439.52
6731.66 6731.66 0.0 9079.4
6745.8 6745.8 0.0 9079.4
6759.94 6759.94 0.0 8716.95
6774.08 6774.08 0.0 8716.95
6788.23 6788.23 0.0 8716.95
6802.37 6802.37 0.0 8352.11
6816.51 6816.51 0.0 8352.11
6830.65 6830.65 0.0 7984.81
6844.79 6844.79 0.0 7984.81
6858.94 6858.94 0.0 7615.27
6873.08 6873.08 0.0 7615.27
6887.22 6887.22 0.0 7615.27
6901.36 6901.36 0.0 7244.07
6915.5 6915.5 0.0 7244.07
6929.65 6929.65 0.0 6855.45
6943.79 6943.79 0.0 6855.45
6957.93 6957.93 0.0 6855.45
6972.07 6972.07 0.0 6323.85
6986.21 6986.21 0.0 6323.85
7000.36 7000.36 0.0 0
7014.5 7014.5 0.0 0
7028.64 7028.64 0.0 0
7042.78 7042.78 0.0 0
7056.93 7056.93 0.0 0
7071.07 7071.07 0.0 0
7085.21 7085.21 0.0 0
7099.35 7099.35 0.0 0
7113.49 7113.49 0.0 0
7127.64 7127.64 0.0 0
7141.78 7141.78 0.0 0
7155.92 7155.92 0.0 0
7170.06 7170.06 0.0 0
7184.2 7184.2 0.0 0
7198.35 7198.35 0.0 0
7212.49 7212.49 0.0 0
7226.63 7226.63 0.0 0
7240.77 7240.77 0.0 0
7254.92 7254.92 0.0 0
7269.06 7269.06 0.0 0
7283.2 7283.2 0.0 0
7297.34 7297.34 0.0 0
7311.48 7311.48 0.0 0
7325.63 7325.63 0.0 0
7339.77 7339.77 0.0 0
7353.91 7353.91 0.0 0
7368.05 7368.05 0.0 0
7382.19 7382.19 0.0 0
7396.34 7396.34 0.0 0
7410.48 7410.48 0.0 0
7424.62 7424.62 0.0 0
7438.76 7438.76 0.0 0
7452.91 7452.91 0.0 0
7467.05 7467.05 0.0 0
7481.19 7481.19 0.0 0
7495.33 7495.33 0.0 0
7509.47 7509.47 0.0 0
7523.62 7523.62 0.0 0
7537.76 7537.76 0.0 0
7551.9 7551.9 0.0 0
7566.04 7566.04 0.0 0
7580.18 7580.18 0.0 0
7594.33 7594.33 0.0 0
7608.47 7608.47 0.0 0
7622.61 7622.61 0.0 0
7636.75 7636.75 0.0 0
7650.9 7650.9 0.0 0
7665.04 7665.04 0.0 0
7679.18 7679.18 0.0 0
7693.32 7693.32 0.0 0
7707.46 7707.46 0.0 0
7721.61 7721.61 0.0 0
7735.75 7735.75 0.0 0
7749.89 7749.89 0.0 0
7764.03 7764.03 0.0 0
7778.17 7778.17 0.0 0
