0.0 0.0 0.0 125648.0
70.7107 70.7107 0.0 68349.7
141.421 141.421 0.0 32686.2
212.132 212.132 0.0 23770.0
282.843 282.843 0.0 19734.5
353.553 353.553 0.0 16888.8
424.264 424.264 0.0 15079.9
494.975 494.975 0.0 14139.5
565.685 565.685 0.0 13560.0
636.396 636.396 0.0 13063.1
707.107 707.107 0.0 12587.7
777.817 777.817 0.0 12122.6
848.528 848.528 0.0 11672.0
919.239 919.239 0.0 11245.2
989.949 989.949 0.0 10854.5
1060.66 1060.66 0.0 10463.8
1131.37 1131.37 0.0 10194.1
1202.08 1202.08 0.0 10219.4
1272.79 1272.79 0.0 9700.75
1343.5 1343.5 0.0 9246.19
1414.21 1414.21 0.0 9030.19
1484.92 1484.92 0.0 8674.81
1555.63 1555.63 0.0 8401.96
1626.35 1626.35 0.0 8335.36
1697.06 1697.06 0.0 7739.35
1767.77 1767.77 0.0 7471.88
1838.48 1838.48 0.0 7184.15
1909.19 1909.19 0.0 6948.01
1979.9 1979.9 0.0 6887.85
2050.61 2050.61 0.0 6783.79
2121.32 2121.32 0.0 6642.75
2192.03 2192.03 0.0 6510.15
2262.74 2262.74 0.0 6382.17
2333.45 2333.45 0.0 6258.52
2404.16 2404.16 0.0 6139.12
2474.87 2474.87 0.0 6024.22
2545.58 2545.58 0.0 5913.23
2616.3 2616.3 0.0 5805.64
2687.01 2687.01 0.0 5702.21
2757.72 2757.72 0.0 5602.09
2828.43 2828.43 0.0 5505.03
2899.14 2899.14 0.0 5410.97
2969.85 2969.85 0.0 5320.26
3040.56 3040.56 0.0 5232.38
3111.27 3111.27 0.0 5147.03
3181.98 3181.98 0.0 5064.35
3252.69 3252.69 0.0 4984.5
3323.4 3323.4 0.0 4906.64
3394.11 3394.11 0.0 4831.16
3464.82 3464.82 0.0 4757.84
3535.53 3535.53 0.0 4686.5
3606.24 3606.24 0.0 4617.05
3676.96 3676.96 0.0 4549.5
3747.67 3747.67 0.0 4483.79
3818.38 3818.38 0.0 4419.49
3889.09 3889.09 0.0 4295.83
3959.8 3959.8 0.0 4236.1
4030.51 4030.51 0.0 4177.73
4101.22 4101.22 0.0 4120.61
4171.93 4171.93 0.0 4064.97
4242.64 4242.64 0.0 4010.29
4313.35 4313.35 0.0 3956.74
4384.06 4384.06 0.0 3904.39
4454.77 4454.77 0.0 3853.23
4525.48 4525.48 0.0 3803.02
4596.19 4596.19 0.0 3753.79
4666.9 4666.9 0.0 3705.65
4737.62 4737.62 0.0 3657.15
4808.33 4808.33 0.0 3606.1
4879.04 4879.04 0.0 3563.81
4949.75 4949.75 0.0 3570.86
5020.46 5020.46 0.0 3664.65
5091.17 5091.17 0.0 3822.76
5161.88 5161.88 0.0 4022.47
5232.59 5232.59 0.0 4249.05
5303.3 5303.3 0.0 4456.48
5374.01 5374.01 0.0 4598.55
5444.72 5444.72 0.0 4579.69
5515.43 5515.43 0.0 0
5586.14 5586.14 0.0 0
5656.85 5656.85 0.0 0
5727.56 5727.56 0.0 0
5798.28 5798.28 0.0 0
5868.99 5868.99 0.0 0
5939.7 5939.7 0.0 0
6010.41 6010.41 0.0 0
6081.12 6081.12 0.0 0
6151.83 6151.83 0.0 0
6222.54 6222.54 0.0 0
6293.25 6293.25 0.0 0
6363.96 6363.96 0.0 0
6434.67 6434.67 0.0 0
6505.38 6505.38 0.0 0
6576.09 6576.09 0.0 0
6646.8 6646.8 0.0 0
6717.51 6717.51 0.0 0
6788.23 6788.23 0.0 0
6858.94 6858.94 0.0 0
6929.65 6929.65 0.0 0
7000.36 7000.36 0.0 0
7071.07 7071.07 0.0 0
7141.78 7141.78 0.0 0
7212.49 7212.49 0.0 0
7283.2 7283.2 0.0 0
7353.91 7353.91 0.0 0
7424.62 7424.62 0.0 0
7495.33 7495.33 0.0 0
7566.04 7566.04 0.0 0
7636.75 7636.75 0.0 0
7707.46 7707.46 0.0 0
7778.17 7778.17 0.0 0
