0.0 0.0 0.0 197496.0
70.7107 70.7107 0.0 197560.0
141.421 141.421 0.0 197833.0
212.132 212.132 0.0 197100.0
282.843 282.843 0.0 196208.0
353.553 353.553 0.0 194914.0
424.264 424.264 0.0 193342.0
494.975 494.975 0.0 191785.0
565.685 565.685 0.0 190253.0
636.396 636.396 0.0 189351.0
707.107 707.107 0.0 186978.0
777.817 777.817 0.0 184186.0
848.528 848.528 0.0 181794.0
919.239 919.239 0.0 180016.0
989.949 989.949 0.0 178246.0
1060.66 1060.66 0.0 176300.0
1131.37 1131.37 0.0 174388.0
1202.08 1202.08 0.0 172482.0
1272.79 1272.79 0.0 171507.0
1343.5 1343.5 0.0 169591.0
1414.21 1414.21 0.0 167760.0
1484.92 1484.92 0.0 165956.0
1555.63 1555.63 0.0 164160.0
1626.35 1626.35 0.0 162398.0
1697.06 1697.06 0.0 160691.0
1767.77 1767.77 0.0 159038.0
1838.48 1838.48 0.0 157437.0
1909.19 1909.19 0.0 156656.0
1979.9 1979.9 0.0 155127.0
2050.61 2050.61 0.0 153644.0
2121.32 2121.32 0.0 152215.0
2192.03 2192.03 0.0 150845.0
2262.74 2262.74 0.0 149528.0
2333.45 2333.45 0.0 148257.0
2404.16 2404.16 0.0 147027.0
2474.87 2474.87 0.0 146415.0
2545.58 2545.58 0.0 145213.0
2616.3 2616.3 0.0 144031.0
2687.01 2687.01 0.0 142898.0
2757.72 2757.72 0.0 141835.0
2828.43 2828.43 0.0 140832.0
2899.14 2899.14 0.0 139863.0
2969.85 2969.85 0.0 138931.0
3040.56 3040.56 0.0 138022.0
3111.27 3111.27 0.0 137567.0
3181.98 3181.98 0.0 136694.0
3252.69 3252.69 0.0 135830.0
3323.4 3323.4 0.0 135011.0
3394.11 3394.11 0.0 134216.0
3464.82 3464.82 0.0 133462.0
3535.53 3535.53 0.0 132671.0
3606.24 3606.24 0.0 131907.0
3676.96 3676.96 0.0 131128.0
3747.67 3747.67 0.0 130762.0
3818.38 3818.38 0.0 130028.0
3889.09 3889.09 0.0 129320.0
3959.8 3959.8 0.0 128632.0
4030.51 4030.51 0.0 127980.0
4101.22 4101.22 0.0 127348.0
4171.93 4171.93 0.0 126753.0
4242.64 4242.64 0.0 126168.0
4313.35 4313.35 0.0 125591.0
4384.06 4384.06 0.0 125316.0
4454.77 4454.77 0.0 124778.0
4525.48 4525.48 0.0 124272.0
4596.19 4596.19 0.0 123755.0
4666.9 4666.9 0.0 123245.0
4737.62 4737.62 0.0 122741.0
4808.33 4808.33 0.0 122267.0
4879.04 4879.04 0.0 121767.0
4949.75 4949.75 0.0 121512.0
5020.46 5020.46 0.0 120976.0
5091.17 5091.17 0.0 120479.0
5161.88 5161.88 0.0 120053.0
5232.59 5232.59 0.0 119585.0
5303.3 5303.3 0.0 119184.0
5374.01 5374.01 0.0 118583.0
5444.72 5444.72 0.0 118150.0
5515.43 5515.43 0.0 117636.0
5586.14 5586.14 0.0 117485.0
5656.85 5656.85 0.0 117042.0
5727.56 5727.56 0.0 116651.0
5798.28 5798.28 0.0 116246.0
5868.99 5868.99 0.0 115933.0
5939.7 5939.7 0.0 115567.0
6010.41 6010.41 0.0 115258.0
6081.12 6081.12 0.0 114925.0
6151.83 6151.83 0.0 114661.0
6222.54 6222.54 0.0 114613.0
6293.25 6293.25 0.0 114351.0
6363.96 6363.96 0.0 114117.0
6434.67 6434.67 0.0 113887.0
6505.38 6505.38 0.0 113651.0
6576.09 6576.09 0.0 113469.0
6646.8 6646.8 0.0 113237.0
6717.51 6717.51 0.0 113056.0
6788.23 6788.23 0.0 112812.0
6858.94 6858.94 0.0 112660.0
6929.65 6929.65 0.0 112489.0
7000.36 7000.36 0.0 112384.0
7071.07 7071.07 0.0 112371.0
7141.78 7141.78 0.0 112371.0
7212.49 7212.49 0.0 114217.0
7283.2 7283.2 0.0 114217.0
7353.91 7353.91 0.0 114545.0
7424.62 7424.62 0.0 114545.0
7495.33 7495.33 0.0 114406.0
7566.04 7566.04 0.0 0
7636.75 7636.75 0.0 0
7707.46 7707.46 0.0 0
7778.17 7778.17 0.0 0
