0.0 0.0 0.0 65914.3
70.7107 70.7107 0.0 65687.8
141.421 141.421 0.0 65287.1
212.132 212.132 0.0 64819.0
282.843 282.843 0.0 63724.5
353.553 353.553 0.0 64036.7
424.264 424.264 0.0 62835.1
494.975 494.975 0.0 61450.3
565.685 565.685 0.0 59924.8
636.396 636.396 0.0 58322.6
707.107 707.107 0.0 56700.2
777.817 777.817 0.0 54987.9
848.528 848.528 0.0 53281.5
919.239 919.239 0.0 51597.7
989.949 989.949 0.0 49954.0
1060.66 1060.66 0.0 48365.3
1131.37 1131.37 0.0 46839.1
1202.08 1202.08 0.0 45371.6
1272.79 1272.79 0.0 45371.6
1343.5 1343.5 0.0 43961.9
1414.21 1414.21 0.0 42606.9
1484.92 1484.92 0.0 41316.5
1555.63 1555.63 0.0 40085.2
1626.35 1626.35 0.0 38915.0
1697.06 1697.06 0.0 37796.3
1767.77 1767.77 0.0 36733.9
1838.48 1838.48 0.0 35705.9
1909.19 1909.19 0.0 34738.3
1979.9 1979.9 0.0 33795.2
2050.61 2050.61 0.0 32902.3
2121.32 2121.32 0.0 32020.2
2192.03 2192.03 0.0 31201.6
2262.74 2262.74 0.0 30386.2
2333.45 2333.45 0.0 29632.1
2404.16 2404.16 0.0 28887.6
2474.87 2474.87 0.0 28887.6
2545.58 2545.58 0.0 28190.2
2616.3 2616.3 0.0 27479.3
2687.01 2687.01 0.0 26844.6
2757.72 2757.72 0.0 26173.3
2828.43 2828.43 0.0 25574.6
2899.14 2899.14 0.0 24941.8
2969.85 2969.85 0.0 24378.8
3040.56 3040.56 0.0 23778.5
3111.27 3111.27 0.0 23327.7
3181.98 3181.98 0.0 22680.8
3252.69 3252.69 0.0 22194.3
3323.4 3323.4 0.0 21614.5
3394.11 3394.11 0.0 21133.9
3464.82 3464.82 0.0 20577.0
3535.53 3535.53 0.0 20329.7
3606.24 3606.24 0.0 19611.5
3676.96 3676.96 0.0 19439.3
3747.67 3747.67 0.0 19439.3
3818.38 3818.38 0.0 18679.3
3889.09 3889.09 0.0 18669.1
3959.8 3959.8 0.0 18088.4
4030.51 4030.51 0.0 18088.4
4101.22 4101.22 0.0 17500.6
4171.93 4171.93 0.0 17500.6
4242.64 4242.64 0.0 16965.9
4313.35 4313.35 0.0 16965.9
4384.06 4384.06 0.0 16473.1
4454.77 4454.77 0.0 16473.1
4525.48 4525.48 0.0 16044.8
4596.19 4596.19 0.0 16044.8
4666.9 4666.9 0.0 15642.5
4737.62 4737.62 0.0 15642.5
4808.33 4808.33 0.0 15307.3
4879.04 4879.04 0.0 15307.3
4949.75 4949.75 0.0 15307.3
5020.46 5020.46 0.0 14976.3
5091.17 5091.17 0.0 14976.3
5161.88 5161.88 0.0 14637.2
5232.59 5232.59 0.0 14637.2
5303.3 5303.3 0.0 14346.2
5374.01 5374.01 0.0 14346.2
5444.72 5444.72 0.0 14085.7
5515.43 5515.43 0.0 14085.7
5586.14 5586.14 0.0 13833.9
5656.85 5656.85 0.0 13833.9
5727.56 5727.56 0.0 13590.6
5798.28 5798.28 0.0 13590.6
5868.99 5868.99 0.0 13349.6
5939.7 5939.7 0.0 13349.6
6010.41 6010.41 0.0 13115.9
6081.12 6081.12 0.0 13115.9
6151.83 6151.83 0.0 12880.3
6222.54 6222.54 0.0 12880.3
6293.25 6293.25 0.0 12880.3
6363.96 6363.96 0.0 12641.9
6434.67 6434.67 0.0 12641.9
6505.38 6505.38 0.0 12585.7
6576.09 6576.09 0.0 12585.7
6646.8 6646.8 0.0 13032.6
6717.51 6717.51 0.0 13032.6
6788.23 6788.23 0.0 13692.4
6858.94 6858.94 0.0 13692.4
6929.65 6929.65 0.0 14376.9
7000.36 7000.36 0.0 14376.9
7071.07 7071.07 0.0 15027.2
7141.78 7141.78 0.0 15027.2
7212.49 7212.49 0.0 15541.6
7283.2 7283.2 0.0 15541.6
7353.91 7353.91 0.0 15382.7
7424.62 7424.62 0.0 15382.7
7495.33 7495.33 0.0 15382.7
7566.04 7566.04 0.0 0
7636.75 7636.75 0.0 0
7707.46 7707.46 0.0 0
7778.17 7778.17 0.0 0
