0.0 0.0 0.0 0
14.1421 14.1421 0.0 0
28.2843 28.2843 0.0 0
42.4264 42.4264 0.0 0
56.5685 56.5685 0.0 0
70.7107 70.7107 0.0 0
84.8528 84.8528 0.0 0
98.9949 98.9949 0.0 0
113.137 113.137 0.0 0
127.279 127.279 0.0 0
141.421 141.421 0.0 0
155.563 155.563 0.0 0
169.706 169.706 0.0 0
183.848 183.848 0.0 0
197.99 197.99 0.0 0
212.132 212.132 0.0 0
226.274 226.274 0.0 0
240.416 240.416 0.0 0
254.558 254.558 0.0 0
268.701 268.701 0.0 0
282.843 282.843 0.0 0
296.985 296.985 0.0 0
311.127 311.127 0.0 0
325.269 325.269 0.0 0
339.411 339.411 0.0 0
353.553 353.553 0.0 0
367.696 367.696 0.0 0
381.838 381.838 0.0 0
395.98 395.98 0.0 0
410.122 410.122 0.0 0
424.264 424.264 0.0 0
438.406 438.406 0.0 0
452.548 452.548 0.0 0
466.69 466.69 0.0 0
480.833 480.833 0.0 0
494.975 494.975 0.0 0
509.117 509.117 0.0 0
523.259 523.259 0.0 0
537.401 537.401 0.0 0
551.543 551.543 0.0 0
565.685 565.685 0.0 0
579.828 579.828 0.0 0
593.97 593.97 0.0 0
608.112 608.112 0.0 0
622.254 622.254 0.0 0
636.396 636.396 0.0 0
650.538 650.538 0.0 0
664.68 664.68 0.0 0
678.823 678.823 0.0 0
692.965 692.965 0.0 0
707.107 707.107 0.0 0
721.249 721.249 0.0 0
735.391 735.391 0.0 0
749.533 749.533 0.0 0
763.675 763.675 0.0 0
777.817 777.817 0.0 0
791.96 791.96 0.0 0
806.102 806.102 0.0 0
820.244 820.244 0.0 0
834.386 834.386 0.0 0
848.528 848.528 0.0 0
862.67 862.67 0.0 0
876.812 876.812 0.0 0
890.955 890.955 0.0 0
905.097 905.097 0.0 0
919.239 919.239 0.0 0
933.381 933.381 0.0 0
947.523 947.523 0.0 0
961.665 961.665 0.0 0
975.807 975.807 0.0 0
989.949 989.949 0.0 0
1004.09 1004.09 0.0 0
1018.23 1018.23 0.0 0
1032.38 1032.38 0.0 0
1046.52 1046.52 0.0 0
1060.66 1060.66 0.0 0
1074.8 1074.8 0.0 0
1088.94 1088.94 0.0 0
1103.09 1103.09 0.0 0
1117.23 1117.23 0.0 0
1131.37 1131.37 0.0 12428.8
1145.51 1145.51 0.0 12428.8
1159.66 1159.66 0.0 12682.2
1173.8 1173.8 0.0 12863.7
1187.94 1187.94 0.0 12863.7
1202.08 1202.08 0.0 13009.6
1216.22 1216.22 0.0 13087.3
1230.37 1230.37 0.0 13087.3
1244.51 1244.51 0.0 13075.6
1258.65 1258.65 0.0 13001.1
1272.79 1272.79 0.0 13001.1
1286.93 1286.93 0.0 12916.7
1301.08 1301.08 0.0 12832.4
1315.22 1315.22 0.0 12832.4
1329.36 1329.36 0.0 12749.2
1343.5 1343.5 0.0 12667.3
1357.65 1357.65 0.0 12667.3
1371.79 1371.79 0.0 12586.6
1385.93 1385.93 0.0 12507.2
1400.07 1400.07 0.0 12507.2
1414.21 1414.21 0.0 12429.1
1428.36 1428.36 0.0 12352.3
1442.5 1442.5 0.0 12352.3
1456.64 1456.64 0.0 12276.8
1470.78 1470.78 0.0 12202.5
1484.92 1484.92 0.0 12202.5
1499.07 1499.07 0.0 12129.4
1513.21 1513.21 0.0 12057.6
1527.35 1527.35 0.0 12057.6
1541.49 1541.49 0.0 11986.9
1555.63 1555.63 0.0 11917.3
1569.78 1569.78 0.0 11917.3
1583.92 1583.92 0.0 11848.9
1598.06 1598.06 0.0 11781.6
1612.2 1612.2 0.0 11781.6
1626.35 1626.35 0.0 11715.3
1640.49 1640.49 0.0 11650.1
1654.63 1654.63 0.0 11650.1
1668.77 1668.77 0.0 11585.9
1682.91 1682.91 0.0 11522.7
1697.06 1697.06 0.0 11522.7
1711.2 1711.2 0.0 11460.4
1725.34 1725.34 0.0 11399.1
1739.48 1739.48 0.0 11399.1
1753.62 1753.62 0.0 11338.8
1767.77 1767.77 0.0 11279.4
1781.91 1781.91 0.0 11279.4
1796.05 1796.05 0.0 11220.8
1810.19 1810.19 0.0 11162.9
1824.34 1824.34 0.0 11162.9
1838.48 1838.48 0.0 11105.8
1852.62 1852.62 0.0 11049.4
1866.76 1866.76 0.0 11049.4
1880.9 1880.9 0.0 10993.9
1895.05 1895.05 0.0 10939.1
1909.19 1909.19 0.0 10939.1
1923.33 1923.33 0.0 10885.0
1937.47 1937.47 0.0 10831.7
1951.61 1951.61 0.0 10831.7
1965.76 1965.76 0.0 10779.0
1979.9 1979.9 0.0 10727.1
1994.04 1994.04 0.0 10727.1
2008.18 2008.18 0.0 10675.8
2022.33 2022.33 0.0 10625.2
2036.47 2036.47 0.0 10625.2
2050.61 2050.61 0.0 10575.2
2064.75 2064.75 0.0 10525.9
2078.89 2078.89 0.0 10525.9
2093.04 2093.04 0.0 10477.2
2107.18 2107.18 0.0 10429.1
2121.32 2121.32 0.0 10429.1
2135.46 2135.46 0.0 10381.5
2149.6 2149.6 0.0 10334.6
2163.75 2163.75 0.0 10334.6
2177.89 2177.89 0.0 10287.8
2192.03 2192.03 0.0 10240.8
2206.17 2206.17 0.0 10240.8
2220.32 2220.32 0.0 10193.7
2234.46 2234.46 0.0 10146.4
2248.6 2248.6 0.0 10146.4
2262.74 2262.74 0.0 10099.0
2276.88 2276.88 0.0 10051.3
2291.03 2291.03 0.0 10051.3
2305.17 2305.17 0.0 10003.5
2319.31 2319.31 0.0 9955.43
2333.45 2333.45 0.0 9955.43
2347.59 2347.59 0.0 9907.14
2361.74 2361.74 0.0 9858.64
2375.88 2375.88 0.0 9858.64
2390.02 2390.02 0.0 9809.9
2404.16 2404.16 0.0 9760.92
2418.31 2418.31 0.0 9760.92
2432.45 2432.45 0.0 9711.68
2446.59 2446.59 0.0 9662.17
2460.73 2460.73 0.0 9662.17
2474.87 2474.87 0.0 9612.39
2489.02 2489.02 0.0 9562.32
2503.16 2503.16 0.0 9562.32
2517.3 2517.3 0.0 9511.96
2531.44 2531.44 0.0 9461.3
2545.58 2545.58 0.0 9461.3
2559.73 2559.73 0.0 9410.32
2573.87 2573.87 0.0 9359.02
2588.01 2588.01 0.0 9359.02
2602.15 2602.15 0.0 9307.39
2616.3 2616.3 0.0 9255.42
2630.44 2630.44 0.0 9255.42
2644.58 2644.58 0.0 9203.1
2658.72 2658.72 0.0 9150.42
2672.86 2672.86 0.0 9150.42
2687.01 2687.01 0.0 9097.37
2701.15 2701.15 0.0 9043.95
2715.29 2715.29 0.0 9043.95
2729.43 2729.43 0.0 8990.15
2743.57 2743.57 0.0 8935.95
2757.72 2757.72 0.0 8935.95
2771.86 2771.86 0.0 8881.35
2786.0 2786.0 0.0 8826.35
2800.14 2800.14 0.0 8826.35
2814.28 2814.28 0.0 8770.93
2828.43 2828.43 0.0 8715.09
2842.57 2842.57 0.0 8715.09
2856.71 2856.71 0.0 8658.84
2870.85 2870.85 0.0 8602.16
2885.0 2885.0 0.0 8602.16
2899.14 2899.14 0.0 8545.04
2913.28 2913.28 0.0 8487.49
2927.42 2927.42 0.0 8487.49
2941.56 2941.56 0.0 8429.49
2955.71 2955.71 0.0 8371.04
2969.85 2969.85 0.0 8371.04
2983.99 2983.99 0.0 8312.13
2998.13 2998.13 0.0 8252.77
3012.27 3012.27 0.0 8252.77
3026.42 3026.42 0.0 8192.94
3040.56 3040.56 0.0 8132.63
3054.7 3054.7 0.0 8132.63
3068.84 3068.84 0.0 8071.83
3082.99 3082.99 0.0 8010.55
3097.13 3097.13 0.0 8010.55
3111.27 3111.27 0.0 7948.77
3125.41 3125.41 0.0 7886.48
3139.55 3139.55 0.0 7886.48
3153.7 3153.7 0.0 7823.68
3167.84 3167.84 0.0 7760.36
3181.98 3181.98 0.0 7760.36
3196.12 3196.12 0.0 7696.51
3210.26 3210.26 0.0 7632.13
3224.41 3224.41 0.0 7632.13
3238.55 3238.55 0.0 7567.2
3252.69 3252.69 0.0 7501.73
3266.83 3266.83 0.0 7501.73
3280.98 3280.98 0.0 7435.71
3295.12 3295.12 0.0 7369.13
3309.26 3309.26 0.0 7369.13
3323.4 3323.4 0.0 7301.99
3337.54 3337.54 0.0 7234.29
3351.69 3351.69 0.0 7234.29
3365.83 3365.83 0.0 7166.03
3379.97 3379.97 0.0 7097.19
3394.11 3394.11 0.0 7097.19
3408.25 3408.25 0.0 7027.79
3422.4 3422.4 0.0 6957.81
3436.54 3436.54 0.0 6957.81
3450.68 3450.68 0.0 6887.26
3464.82 3464.82 0.0 6816.12
3478.97 3478.97 0.0 6816.12
3493.11 3493.11 0.0 6744.4
3507.25 3507.25 0.0 6672.09
3521.39 3521.39 0.0 6672.09
3535.53 3535.53 0.0 6599.17
3549.68 3549.68 0.0 6525.65
3563.82 3563.82 0.0 6525.65
3577.96 3577.96 0.0 6451.52
3592.1 3592.1 0.0 6376.77
3606.24 3606.24 0.0 6376.77
3620.39 3620.39 0.0 6301.4
3634.53 3634.53 0.0 6225.4
3648.67 3648.67 0.0 6225.4
3662.81 3662.81 0.0 6148.77
3676.96 3676.96 0.0 6071.51
3691.1 3691.1 0.0 6071.51
3705.24 3705.24 0.0 5993.6
3719.38 3719.38 0.0 5915.05
3733.52 3733.52 0.0 5915.05
3747.67 3747.67 0.0 5835.86
3761.81 3761.81 0.0 5756.01
3775.95 3775.95 0.0 5756.01
3790.09 3790.09 0.0 5675.51
3804.23 3804.23 0.0 5594.36
3818.38 3818.38 0.0 5594.36
3832.52 3832.52 0.0 5512.55
3846.66 3846.66 0.0 5430.07
3860.8 3860.8 0.0 5430.07
3874.95 3874.95 0.0 5346.92
3889.09 3889.09 0.0 5263.09
3903.23 3903.23 0.0 5263.09
3917.37 3917.37 0.0 5178.57
3931.51 3931.51 0.0 5093.36
3945.66 3945.66 0.0 5093.36
3959.8 3959.8 0.0 5007.46
3973.94 3973.94 0.0 4920.86
3988.08 3988.08 0.0 4920.86
4002.22 4002.22 0.0 4833.55
4016.37 4016.37 0.0 4745.51
4030.51 4030.51 0.0 4745.51
4044.65 4044.65 0.0 4656.75
4058.79 4058.79 0.0 4567.26
4072.94 4072.94 0.0 4567.26
4087.08 4087.08 0.0 4477.03
4101.22 4101.22 0.0 4386.05
4115.36 4115.36 0.0 4386.05
4129.5 4129.5 0.0 4294.34
4143.65 4143.65 0.0 4201.87
4157.79 4157.79 0.0 4201.87
4171.93 4171.93 0.0 4108.65
4186.07 4186.07 0.0 4014.66
4200.21 4200.21 0.0 4014.66
4214.36 4214.36 0.0 3919.89
4228.5 4228.5 0.0 3824.33
4242.64 4242.64 0.0 3824.33
