0.0 0.0 0.0 97407.8
70.7107 70.7107 0.0 97400.2
141.421 141.421 0.0 97400.2
212.132 212.132 0.0 96712.4
282.843 282.843 0.0 96712.4
353.553 353.553 0.0 95414.3
424.264 424.264 0.0 95414.3
494.975 494.975 0.0 93508.6
565.685 565.685 0.0 93508.6
636.396 636.396 0.0 91152.4
707.107 707.107 0.0 91152.4
777.817 777.817 0.0 91674.8
848.528 848.528 0.0 90051.5
919.239 919.239 0.0 88380.1
989.949 989.949 0.0 86657.9
1060.66 1060.66 0.0 84911.0
1131.37 1131.37 0.0 83163.6
1202.08 1202.08 0.0 81751.8
1272.79 1272.79 0.0 81419.5
1343.5 1343.5 0.0 79537.9
1414.21 1414.21 0.0 78013.3
1484.92 1484.92 0.0 76330.5
1555.63 1555.63 0.0 74699.5
1626.35 1626.35 0.0 73102.8
1697.06 1697.06 0.0 71553.3
1767.77 1767.77 0.0 70050.8
1838.48 1838.48 0.0 68587.0
1909.19 1909.19 0.0 67818.2
1979.9 1979.9 0.0 66271.2
2050.61 2050.61 0.0 64949.1
2121.32 2121.32 0.0 63417.8
2192.03 2192.03 0.0 62053.5
2262.74 2262.74 0.0 60654.8
2333.45 2333.45 0.0 59465.1
2404.16 2404.16 0.0 58299.3
2474.87 2474.87 0.0 58299.3
2545.58 2545.58 0.0 57164.4
2616.3 2616.3 0.0 56051.8
2687.01 2687.01 0.0 54976.0
2757.72 2757.72 0.0 53923.7
2828.43 2828.43 0.0 52916.8
2899.14 2899.14 0.0 51924.8
2969.85 2969.85 0.0 50973.6
3040.56 3040.56 0.0 50017.0
3111.27 3111.27 0.0 49130.3
3181.98 3181.98 0.0 48232.8
3252.69 3252.69 0.0 47396.9
3323.4 3323.4 0.0 46546.2
3394.11 3394.11 0.0 45752.9
3464.82 3464.82 0.0 44942.1
3535.53 3535.53 0.0 44195.1
3606.24 3606.24 0.0 43408.7
3676.96 3676.96 0.0 42701.3
3747.67 3747.67 0.0 42701.3
3818.38 3818.38 0.0 41946.3
3889.09 3889.09 0.0 41278.5
3959.8 3959.8 0.0 40157.7
4030.51 4030.51 0.0 40157.7
4101.22 4101.22 0.0 38843.4
4171.93 4171.93 0.0 38843.4
4242.64 4242.64 0.0 37612.3
4313.35 4313.35 0.0 37612.3
4384.06 4384.06 0.0 36734.9
4454.77 4454.77 0.0 36336.5
4525.48 4525.48 0.0 35607.9
4596.19 4596.19 0.0 35277.5
4666.9 4666.9 0.0 34576.0
4737.62 4737.62 0.0 34341.8
4808.33 4808.33 0.0 33606.7
4879.04 4879.04 0.0 33436.1
4949.75 4949.75 0.0 33436.1
5020.46 5020.46 0.0 32621.9
5091.17 5091.17 0.0 32621.9
5161.88 5161.88 0.0 31868.2
5232.59 5232.59 0.0 31868.2
5303.3 5303.3 0.0 31205.5
5374.01 5374.01 0.0 31205.5
5444.72 5444.72 0.0 30494.7
5515.43 5515.43 0.0 30494.7
5586.14 5586.14 0.0 29950.7
5656.85 5656.85 0.0 29950.7
5727.56 5727.56 0.0 29386.1
5798.28 5798.28 0.0 29386.1
5868.99 5868.99 0.0 28870.2
5939.7 5939.7 0.0 28870.2
6010.41 6010.41 0.0 28365.8
6081.12 6081.12 0.0 28365.8
6151.83 6151.83 0.0 27868.6
6222.54 6222.54 0.0 27868.6
6293.25 6293.25 0.0 27868.6
6363.96 6363.96 0.0 27785.6
6434.67 6434.67 0.0 27785.6
6505.38 6505.38 0.0 29126.2
6576.09 6576.09 0.0 29126.2
6646.8 6646.8 0.0 30380.2
6717.51 6717.51 0.0 30380.2
6788.23 6788.23 0.0 31416.7
6858.94 6858.94 0.0 31416.7
6929.65 6929.65 0.0 32298.5
7000.36 7000.36 0.0 32298.5
7071.07 7071.07 0.0 32813.4
7141.78 7141.78 0.0 32813.4
7212.49 7212.49 0.0 33334.2
7283.2 7283.2 0.0 33334.2
7353.91 7353.91 0.0 34278.8
7424.62 7424.62 0.0 34278.8
7495.33 7495.33 0.0 34278.8
7566.04 7566.04 0.0 0
7636.75 7636.75 0.0 0
7707.46 7707.46 0.0 0
7778.17 7778.17 0.0 0
