0.0 0.0 0.0 377839.0625
14.1421 14.1421 0.0 1630013.3750
28.2843 28.2843 0.0 769443.8125
42.4264 42.4264 0.0 415256.6875
56.5685 56.5685 0.0 273054.7188
70.7107 70.7107 0.0 208196.2422
84.8528 84.8528 0.0 174380.1875
98.9949 98.9949 0.0 154731.7773
113.137 113.137 0.0 142319.1406
127.279 127.279 0.0 133953.9277
141.421 141.421 0.0 128023.6602
155.563 155.563 0.0 123647.1953
169.706 169.706 0.0 120310.8984
183.848 183.848 0.0 117699.8320
197.99 197.99 0.0 115611.1318
212.132 212.132 0.0 113909.6211
226.274 226.274 0.0 112502.1201
240.416 240.416 0.0 111322.5586
254.558 254.558 0.0 110322.9229
268.701 268.701 0.0 109467.4937
282.843 282.843 0.0 108729.3950
296.985 296.985 0.0 108087.7603
311.127 311.127 0.0 107526.3413
325.269 325.269 0.0 107032.2544
339.411 339.411 0.0 106595.1504
353.553 353.553 0.0 106206.6489
367.696 367.696 0.0 105859.8438
381.838 381.838 0.0 105549.1104
395.98 395.98 0.0 105269.6807
410.122 410.122 0.0 105017.5796
424.264 424.264 0.0 104789.4395
438.406 438.406 0.0 104582.4075
452.548 452.548 0.0 104394.0317
466.69 466.69 0.0 104222.2051
480.833 480.833 0.0 104065.1084
494.975 494.975 0.0 103921.1721
509.117 509.117 0.0 103789.0249
523.259 523.259 0.0 103667.4563
537.401 537.401 0.0 103555.4097
551.543 551.543 0.0 103451.9617
565.685 565.685 0.0 103356.2867
579.828 579.828 0.0 103267.6577
593.97 593.97 0.0 103185.4325
608.112 608.112 0.0 103109.0336
622.254 622.254 0.0 103037.9480
636.396 636.396 0.0 102971.7137
650.538 650.538 0.0 102909.9192
664.68 664.68 0.0 102852.1975
678.823 678.823 0.0 102798.2047
692.965 692.965 0.0 102747.6533
707.107 707.107 0.0 102700.2648
721.249 721.249 0.0 102655.7921
735.391 735.391 0.0 102614.0135
749.533 749.533 0.0 102574.7236
763.675 763.675 0.0 102537.7375
777.817 777.817 0.0 102502.8906
791.96 791.96 0.0 102470.0203
806.102 806.102 0.0 102438.9968
820.244 820.244 0.0 102409.6853
834.386 834.386 0.0 102381.9679
848.528 848.528 0.0 102355.7378
862.67 862.67 0.0 102330.8943
876.812 876.812 0.0 102307.3463
890.955 890.955 0.0 102285.0078
905.097 905.097 0.0 102263.8038
919.239 919.239 0.0 102243.6609
933.381 933.381 0.0 102224.5133
947.523 947.523 0.0 102206.2987
961.665 961.665 0.0 102188.9599
975.807 975.807 0.0 102172.4447
989.949 989.949 0.0 102156.7032
1004.09 1004.09 0.0 102141.6910
1018.23 1018.23 0.0 102127.3657
1032.38 1032.38 0.0 102113.6786
1046.52 1046.52 0.0 102100.6101
1060.66 1060.66 0.0 102088.1169
1074.8 1074.8 0.0 102076.1665
1088.94 1088.94 0.0 102064.7294
1103.09 1103.09 0.0 102053.7701
1117.23 1117.23 0.0 102043.2781
1131.37 1131.37 0.0 102033.2195
1145.51 1145.51 0.0 102023.5724
1159.66 1159.66 0.0 102014.3091
1173.8 1173.8 0.0 102005.4207
1187.94 1187.94 0.0 101996.8849
1202.08 1202.08 0.0 101988.6794
1216.22 1216.22 0.0 101980.7904
1230.37 1230.37 0.0 101973.1953
1244.51 1244.51 0.0 101965.8901
1258.65 1258.65 0.0 101958.8566
1272.79 1272.79 0.0 101952.0792
1286.93 1286.93 0.0 101945.5480
1301.08 1301.08 0.0 101939.2443
1315.22 1315.22 0.0 101933.1663
1329.36 1329.36 0.0 101927.2998
1343.5 1343.5 0.0 101921.6344
1357.65 1357.65 0.0 101916.1563
1371.79 1371.79 0.0 101910.8653
1385.93 1385.93 0.0 101905.7468
1400.07 1400.07 0.0 101900.7949
1414.21 1414.21 0.0 101896.0016
1428.36 1428.36 0.0 101891.3549
1442.5 1442.5 0.0 101886.8563
1456.64 1456.64 0.0 101882.4947
1470.78 1470.78 0.0 101878.2629
1484.92 1484.92 0.0 101874.1577
1499.07 1499.07 0.0 101870.1691
1513.21 1513.21 0.0 101866.2968
1527.35 1527.35 0.0 101862.5333
1541.49 1541.49 0.0 101858.8740
1555.63 1555.63 0.0 101855.3145
1569.78 1569.78 0.0 101851.8470
1583.92 1583.92 0.0 101848.4723
1598.06 1598.06 0.0 101845.1849
1612.2 1612.2 0.0 101841.9795
1626.35 1626.35 0.0 101838.8516
1640.49 1640.49 0.0 101835.8015
1654.63 1654.63 0.0 101832.8240
1668.77 1668.77 0.0 101829.9143
1682.91 1682.91 0.0 101827.0719
1697.06 1697.06 0.0 101824.2894
1711.2 1711.2 0.0 101821.5695
1725.34 1725.34 0.0 101818.9077
1739.48 1739.48 0.0 101816.3005
1753.62 1753.62 0.0 101813.7456
1767.77 1767.77 0.0 101811.2394
1781.91 1781.91 0.0 101808.7834
1796.05 1796.05 0.0 101806.3734
1810.19 1810.19 0.0 101804.0066
1824.34 1824.34 0.0 101801.6806
1838.48 1838.48 0.0 101799.3961
1852.62 1852.62 0.0 101797.1501
1866.76 1866.76 0.0 101794.9400
1880.9 1880.9 0.0 101792.7656
1895.05 1895.05 0.0 101790.6220
1909.19 1909.19 0.0 101788.5120
1923.33 1923.33 0.0 101786.4330
1937.47 1937.47 0.0 101784.3825
1951.61 1951.61 0.0 101782.3597
1965.76 1965.76 0.0 101780.3627
1979.9 1979.9 0.0 101778.3918
1994.04 1994.04 0.0 101776.4452
2008.18 2008.18 0.0 101774.5214
2022.33 2022.33 0.0 101772.6180
2036.47 2036.47 0.0 101770.7376
2050.61 2050.61 0.0 101768.8769
2064.75 2064.75 0.0 101767.0359
2078.89 2078.89 0.0 101765.2118
2093.04 2093.04 0.0 101763.4044
2107.18 2107.18 0.0 101761.6156
2121.32 2121.32 0.0 101759.8421
2135.46 2135.46 0.0 101758.0836
2149.6 2149.6 0.0 101756.3395
2163.75 2163.75 0.0 101754.6087
2177.89 2177.89 0.0 101752.8910
2192.03 2192.03 0.0 101751.1867
2206.17 2206.17 0.0 101749.4944
2220.32 2220.32 0.0 101747.8118
2234.46 2234.46 0.0 101746.1417
2248.6 2248.6 0.0 101744.4815
2262.74 2262.74 0.0 101742.8315
2276.88 2276.88 0.0 101741.1908
2291.03 2291.03 0.0 101739.5581
2305.17 2305.17 0.0 101737.9347
2319.31 2319.31 0.0 101736.3201
2333.45 2333.45 0.0 101734.7133
2347.59 2347.59 0.0 101733.1132
2361.74 2361.74 0.0 101731.5197
2375.88 2375.88 0.0 101729.9336
2390.02 2390.02 0.0 101728.3545
2404.16 2404.16 0.0 101726.7811
2418.31 2418.31 0.0 101725.2124
2432.45 2432.45 0.0 101723.6512
2446.59 2446.59 0.0 101722.0951
2460.73 2460.73 0.0 101720.5441
2474.87 2474.87 0.0 101718.9976
2489.02 2489.02 0.0 101717.4547
2503.16 2503.16 0.0 101715.9179
2517.3 2517.3 0.0 101714.3851
2531.44 2531.44 0.0 101712.8564
2545.58 2545.58 0.0 101711.3311
2559.73 2559.73 0.0 101709.8086
2573.87 2573.87 0.0 101708.2914
2588.01 2588.01 0.0 101706.7767
2602.15 2602.15 0.0 101705.2657
2616.3 2616.3 0.0 101703.7564
2630.44 2630.44 0.0 101702.2514
2644.58 2644.58 0.0 101700.7491
2658.72 2658.72 0.0 101699.2492
2672.86 2672.86 0.0 101697.7530
2687.01 2687.01 0.0 101696.2567
2701.15 2701.15 0.0 101694.7642
2715.29 2715.29 0.0 101693.2744
2729.43 2729.43 0.0 101691.7861
2743.57 2743.57 0.0 101690.3005
2757.72 2757.72 0.0 101688.8152
2771.86 2771.86 0.0 101687.3335
2786.0 2786.0 0.0 101685.8527
2800.14 2800.14 0.0 101684.3738
2814.28 2814.28 0.0 101682.8972
2828.43 2828.43 0.0 101681.4199
2842.57 2842.57 0.0 101679.9458
2856.71 2856.71 0.0 101678.4729
2870.85 2870.85 0.0 101677.0013
2885.0 2885.0 0.0 101675.5299
2899.14 2899.14 0.0 101674.0612
2913.28 2913.28 0.0 101672.5930
2927.42 2927.42 0.0 101671.1264
2941.56 2941.56 0.0 101669.6602
2955.71 2955.71 0.0 101668.1943
2969.85 2969.85 0.0 101666.7304
2983.99 2983.99 0.0 101665.2675
2998.13 2998.13 0.0 101663.8051
3012.27 3012.27 0.0 101662.3438
3026.42 3026.42 0.0 101660.8818
3040.56 3040.56 0.0 101659.4221
3054.7 3054.7 0.0 101657.9627
3068.84 3068.84 0.0 101656.5042
3082.99 3082.99 0.0 101655.0451
3097.13 3097.13 0.0 101653.5875
3111.27 3111.27 0.0 101652.1304
