0.0 0.0 0.0 179853.8438
14.1421 14.1421 0.0 201516.9219
28.2843 28.2843 0.0 199594.2344
42.4264 42.4264 0.0 198032.7891
56.5685 56.5685 0.0 196116.2812
70.7107 70.7107 0.0 193881.8203
84.8528 84.8528 0.0 191445.5938
98.9949 98.9949 0.0 188899.8594
113.137 113.137 0.0 186306.2031
127.279 127.279 0.0 183703.7500
141.421 141.421 0.0 181117.6953
155.563 155.563 0.0 178564.2500
169.706 169.706 0.0 176054.3047
183.848 183.848 0.0 173595.6875
197.99 197.99 0.0 171193.5703
212.132 212.132 0.0 168851.7891
226.274 226.274 0.0 166573.0195
240.416 240.416 0.0 164359.1094
254.558 254.558 0.0 162211.2539
268.701 268.701 0.0 160129.9883
282.843 282.843 0.0 158115.7891
296.985 296.985 0.0 156168.3594
311.127 311.127 0.0 154287.1875
325.269 325.269 0.0 152471.5195
339.411 339.411 0.0 150720.4062
353.553 353.553 0.0 149032.6406
367.696 367.696 0.0 147406.8242
381.838 381.838 0.0 145841.6875
395.98 395.98 0.0 144335.5820
410.122 410.122 0.0 142886.8555
424.264 424.264 0.0 141493.8477
438.406 438.406 0.0 140154.7930
452.548 452.548 0.0 138867.9609
466.69 466.69 0.0 137631.5703
480.833 480.833 0.0 136443.7812
494.975 494.975 0.0 135302.9961
509.117 509.117 0.0 134207.4414
523.259 523.259 0.0 133155.3027
537.401 537.401 0.0 132145.0020
551.543 551.543 0.0 131174.8555
565.685 565.685 0.0 130243.2598
579.828 579.828 0.0 129348.6016
593.97 593.97 0.0 128489.4941
608.112 608.112 0.0 127664.4238
622.254 622.254 0.0 126871.9512
636.396 636.396 0.0 126110.7207
650.538 650.538 0.0 125379.3984
664.68 664.68 0.0 124676.7344
678.823 678.823 0.0 124001.4473
692.965 692.965 0.0 123352.4727
707.107 707.107 0.0 122728.6172
721.249 721.249 0.0 122128.8262
735.391 735.391 0.0 121552.0430
749.533 749.533 0.0 120997.2949
763.675 763.675 0.0 120463.6152
777.817 777.817 0.0 119950.1035
791.96 791.96 0.0 119455.8555
806.102 806.102 0.0 118980.1035
820.244 820.244 0.0 118522.0410
834.386 834.386 0.0 118080.8945
848.528 848.528 0.0 117655.9385
862.67 862.67 0.0 117246.5107
876.812 876.812 0.0 116851.9072
890.955 890.955 0.0 116471.5137
905.097 905.097 0.0 116104.7539
919.239 919.239 0.0 115751.0254
933.381 933.381 0.0 115409.8115
947.523 947.523 0.0 115080.5586
961.665 961.665 0.0 114762.7822
975.807 975.807 0.0 114456.0186
989.949 989.949 0.0 114159.7891
1004.09 1004.09 0.0 113873.7021
1018.23 1018.23 0.0 113597.3301
1032.38 1032.38 0.0 113330.0713
1046.52 1046.52 0.0 113071.9385
1060.66 1060.66 0.0 112822.3711
1074.8 1074.8 0.0 112581.0215
1088.94 1088.94 0.0 112347.5791
1103.09 1103.09 0.0 112121.5586
1117.23 1117.23 0.0 111902.9834
1131.37 1131.37 0.0 111691.4111
1145.51 1145.51 0.0 111486.5693
1159.66 1159.66 0.0 111288.0518
1173.8 1173.8 0.0 111095.8887
1187.94 1187.94 0.0 110909.7070
1202.08 1202.08 0.0 110729.2832
1216.22 1216.22 0.0 110554.3887
1230.37 1230.37 0.0 110384.6982
1244.51 1244.51 0.0 110220.2627
1258.65 1258.65 0.0 110060.7568
1272.79 1272.79 0.0 109905.9980
1286.93 1286.93 0.0 109755.8213
1301.08 1301.08 0.0 109609.9619
1315.22 1315.22 0.0 109468.4409
1329.36 1329.36 0.0 109331.0225
1343.5 1343.5 0.0 109197.5527
1357.65 1357.65 0.0 109067.8062
1371.79 1371.79 0.0 108941.8184
1385.93 1385.93 0.0 108819.3750
1400.07 1400.07 0.0 108700.3574
1414.21 1414.21 0.0 108584.6299
1428.36 1428.36 0.0 108472.0127
1442.5 1442.5 0.0 108362.5571
1456.64 1456.64 0.0 108256.0693
1470.78 1470.78 0.0 108152.4492
1484.92 1484.92 0.0 108051.6011
1499.07 1499.07 0.0 107953.3652
1513.21 1513.21 0.0 107857.7886
1527.35 1527.35 0.0 107764.7178
1541.49 1541.49 0.0 107674.0615
1555.63 1555.63 0.0 107585.7524
1569.78 1569.78 0.0 107499.6406
1583.92 1583.92 0.0 107415.7964
1598.06 1598.06 0.0 107334.0586
1612.2 1612.2 0.0 107254.3779
1626.35 1626.35 0.0 107176.6245
1640.49 1640.49 0.0 107100.8486
1654.63 1654.63 0.0 107026.9487
1668.77 1668.77 0.0 106954.8486
1682.91 1682.91 0.0 106884.4922
1697.06 1697.06 0.0 106815.7861
1711.2 1711.2 0.0 106748.7700
1725.34 1725.34 0.0 106683.3438
1739.48 1739.48 0.0 106619.4629
1753.62 1753.62 0.0 106557.0781
1767.77 1767.77 0.0 106496.1055
1781.91 1781.91 0.0 106436.5781
1796.05 1796.05 0.0 106378.4146
1810.19 1810.19 0.0 106321.5830
1824.34 1824.34 0.0 106265.9961
1838.48 1838.48 0.0 106211.6992
1852.62 1852.62 0.0 106158.6104
1866.76 1866.76 0.0 106106.7056
1880.9 1880.9 0.0 106055.9380
1895.05 1895.05 0.0 106006.2422
1909.19 1909.19 0.0 105957.6733
1923.33 1923.33 0.0 105910.1416
1937.47 1937.47 0.0 105863.6299
1951.61 1951.61 0.0 105818.1104
1965.76 1965.76 0.0 105773.5249
1979.9 1979.9 0.0 105729.9043
1994.04 1994.04 0.0 105687.1924
2008.18 2008.18 0.0 105645.3687
2022.33 2022.33 0.0 105604.3740
2036.47 2036.47 0.0 105564.2446
2050.61 2050.61 0.0 105524.9355
2064.75 2064.75 0.0 105486.4146
2078.89 2078.89 0.0 105448.6694
2093.04 2093.04 0.0 105411.6453
2107.18 2107.18 0.0 105375.3811
2121.32 2121.32 0.0 105339.8254
2135.46 2135.46 0.0 105304.9680
2149.6 2149.6 0.0 105270.7847
2163.75 2163.75 0.0 105237.2361
2177.89 2177.89 0.0 105204.3533
2192.03 2192.03 0.0 105172.0935
2206.17 2206.17 0.0 105140.4414
2220.32 2220.32 0.0 105109.3625
2234.46 2234.46 0.0 105078.8865
2248.6 2248.6 0.0 105048.9712
2262.74 2262.74 0.0 105019.6047
2276.88 2276.88 0.0 104990.7783
2291.03 2291.03 0.0 104962.4551
2305.17 2305.17 0.0 104934.6580
2319.31 2319.31 0.0 104907.3611
2333.45 2333.45 0.0 104880.5510
2347.59 2347.59 0.0 104854.2168
2361.74 2361.74 0.0 104828.3210
2375.88 2375.88 0.0 104802.8992
2390.02 2390.02 0.0 104777.9167
2404.16 2404.16 0.0 104753.3657
2418.31 2418.31 0.0 104729.2197
2432.45 2432.45 0.0 104705.4958
2446.59 2446.59 0.0 104682.1750
2460.73 2460.73 0.0 104659.2515
2474.87 2474.87 0.0 104636.7051
2489.02 2489.02 0.0 104614.5173
2503.16 2503.16 0.0 104592.7112
2517.3 2517.3 0.0 104571.2646
2531.44 2531.44 0.0 104550.1609
2545.58 2545.58 0.0 104529.4048
2559.73 2559.73 0.0 104508.9656
2573.87 2573.87 0.0 104488.8674
2588.01 2588.01 0.0 104469.0872
2602.15 2602.15 0.0 104449.6213
2616.3 2616.3 0.0 104430.4436
2630.44 2630.44 0.0 104411.5808
2644.58 2644.58 0.0 104393.0093
2658.72 2658.72 0.0 104374.7249
2672.86 2672.86 0.0 104356.7178
2687.01 2687.01 0.0 104338.9739
2701.15 2701.15 0.0 104321.5100
2715.29 2715.29 0.0 104304.3062
2729.43 2729.43 0.0 104287.3635
2743.57 2743.57 0.0 104270.6682
2757.72 2757.72 0.0 104254.2092
2771.86 2771.86 0.0 104238.0088
2786.0 2786.0 0.0 104222.0354
2800.14 2800.14 0.0 104206.2991
2814.28 2814.28 0.0 104190.7871
2828.43 2828.43 0.0 104175.4866
2842.57 2842.57 0.0 104160.4160
2856.71 2856.71 0.0 104145.5579
2870.85 2870.85 0.0 104130.9109
2885.0 2885.0 0.0 104116.4583
2899.14 2899.14 0.0 104102.2163
2913.28 2913.28 0.0 104088.1692
2927.42 2927.42 0.0 104074.3176
2941.56 2941.56 0.0 104060.6562
2955.71 2955.71 0.0 104047.1702
2969.85 2969.85 0.0 104033.8733
2983.99 2983.99 0.0 104020.7605
2998.13 2998.13 0.0 104007.8201
3012.27 3012.27 0.0 103995.0503
3026.42 3026.42 0.0 103982.4443
3040.56 3040.56 0.0 103970.0107
3054.7 3054.7 0.0 103957.7395
3068.84 3068.84 0.0 103945.6277
3082.99 3082.99 0.0 103933.6670
3097.13 3097.13 0.0 103921.8657
3111.27 3111.27 0.0 103910.2153
3125.41 3125.41 0.0 103898.7163
3139.55 3139.55 0.0 103887.3608
3153.7 3153.7 0.0 103876.1409
3167.84 3167.84 0.0 103865.0703
3181.98 3181.98 0.0 103854.1355
3196.12 3196.12 0.0 103843.3352
3210.26 3210.26 0.0 103832.6707
3224.41 3224.41 0.0 103822.1299
3238.55 3238.55 0.0 103811.7229
3252.69 3252.69 0.0 103801.4456
3266.83 3266.83 0.0 103791.2896
3280.98 3280.98 0.0 103781.2473
3295.12 3295.12 0.0 103771.3337
3309.26 3309.26 0.0 103761.5386
3323.4 3323.4 0.0 103751.8604
3337.54 3337.54 0.0 103742.2939
3351.69 3351.69 0.0 103732.8333
3365.83 3365.83 0.0 103723.4915
3379.97 3379.97 0.0 103714.2551
3394.11 3394.11 0.0 103705.1274
3408.25 3408.25 0.0 103696.1028
3422.4 3422.4 0.0 103687.1755
3436.54 3436.54 0.0 103678.3547
3450.68 3450.68 0.0 103669.6362
3464.82 3464.82 0.0 103661.0134
3478.97 3478.97 0.0 103652.4844
3493.11 3493.11 0.0 103644.0525
3507.25 3507.25 0.0 103635.7173
3521.39 3521.39 0.0 103627.4714
3535.53 3535.53 0.0 103619.3179
3549.68 3549.68 0.0 103611.2434
3563.82 3563.82 0.0 103603.2690
3577.96 3577.96 0.0 103595.3774
3592.1 3592.1 0.0 103587.5715
3606.24 3606.24 0.0 103579.8472
3620.39 3620.39 0.0 103572.2026
3634.53 3634.53 0.0 103564.6436
3648.67 3648.67 0.0 103557.1655
3662.81 3662.81 0.0 103549.7651
3676.96 3676.96 0.0 103542.4360
3691.1 3691.1 0.0 103535.1887
3705.24 3705.24 0.0 103528.0176
3719.38 3719.38 0.0 103520.9209
3733.52 3733.52 0.0 103513.8970
3747.67 3747.67 0.0 103506.9373
3761.81 3761.81 0.0 103500.0542
3775.95 3775.95 0.0 103493.2419
3790.09 3790.09 0.0 103486.4990
3804.23 3804.23 0.0 103479.8225
3818.38 3818.38 0.0 103473.2092
3832.52 3832.52 0.0 103466.6643
3846.66 3846.66 0.0 103460.1851
3860.8 3860.8 0.0 103453.7678
3874.95 3874.95 0.0 103447.4126
3889.09 3889.09 0.0 103441.1204
3903.23 3903.23 0.0 103434.8921
3917.37 3917.37 0.0 103428.7214
3931.51 3931.51 0.0 103422.6128
3945.66 3945.66 0.0 103416.5564
3959.8 3959.8 0.0 103410.5635
3973.94 3973.94 0.0 103404.6260
3988.08 3988.08 0.0 103398.7454
4002.22 4002.22 0.0 103392.9194
4016.37 4016.37 0.0 103387.1455
4030.51 4030.51 0.0 103381.4263
4044.65 4044.65 0.0 103375.7625
4058.79 4058.79 0.0 103370.1514
4072.94 4072.94 0.0 103364.5864
4087.08 4087.08 0.0 103359.0763
4101.22 4101.22 0.0 103353.6180
4115.36 4115.36 0.0 103348.2058
4129.5 4129.5 0.0 103342.8438
4143.65 4143.65 0.0 103337.5284
4157.79 4157.79 0.0 103332.2628
4171.93 4171.93 0.0 103327.0441
4186.07 4186.07 0.0 103321.8711
4200.21 4200.21 0.0 103316.7430
4214.36 4214.36 0.0 103311.6564
4228.5 4228.5 0.0 103306.6207
4242.64 4242.64 0.0 103301.6246
4256.78 4256.78 0.0 103296.6732
4270.92 4270.92 0.0 103291.7654
4285.07 4285.07 0.0 103286.8920
4299.21 4299.21 0.0 103282.0701
4313.35 4313.35 0.0 103277.2837
4327.49 4327.49 0.0 103272.5409
4341.64 4341.64 0.0 103267.8335
4355.78 4355.78 0.0 103263.1672
4369.92 4369.92 0.0 103258.5415
4384.06 4384.06 0.0 103253.9535
4398.2 4398.2 0.0 103249.4028
4412.35 4412.35 0.0 103244.8876
4426.49 4426.49 0.0 103240.4115
4440.63 4440.63 0.0 103235.9701
4454.77 4454.77 0.0 103231.5681
4468.91 4468.91 0.0 103227.1989
4483.06 4483.06 0.0 103222.8624
4497.2 4497.2 0.0 103218.5610
4511.34 4511.34 0.0 103214.2954
4525.48 4525.48 0.0 103210.0636
4539.63 4539.63 0.0 103205.8629
4553.77 4553.77 0.0 103201.6975
4567.91 4567.91 0.0 103197.5626
4582.05 4582.05 0.0 103193.4600
4596.19 4596.19 0.0 103189.3905
4610.34 4610.34 0.0 103185.3491
4624.48 4624.48 0.0 103181.3386
4638.62 4638.62 0.0 103177.3599
4652.76 4652.76 0.0 103173.4106
4666.9 4666.9 0.0 103169.4901
4681.05 4681.05 0.0 103165.5989
4695.19 4695.19 0.0 103161.7351
4709.33 4709.33 0.0 103157.9021
4723.47 4723.47 0.0 103154.0981
4737.62 4737.62 0.0 103150.3184
4751.76 4751.76 0.0 103146.5682
4765.9 4765.9 0.0 103142.8440
4780.04 4780.04 0.0 103139.1447
4794.18 4794.18 0.0 103135.4761
4808.33 4808.33 0.0 103131.8286
4822.47 4822.47 0.0 103128.2084
4836.61 4836.61 0.0 103124.6161
4850.75 4850.75 0.0 103121.0460
4864.89 4864.89 0.0 103117.5038
4879.04 4879.04 0.0 103113.9778
4893.18 4893.18 0.0 103110.4825
4907.32 4907.32 0.0 103107.0111
4921.46 4921.46 0.0 103103.5592
4935.61 4935.61 0.0 103100.1316
4949.75 4949.75 0.0 103096.7275
4963.89 4963.89 0.0 103093.3477
4978.03 4978.03 0.0 103089.9871
4992.17 4992.17 0.0 103086.6519
5006.32 5006.32 0.0 103083.3330
5020.46 5020.46 0.0 103080.0389
5034.6 5034.6 0.0 103076.7660
5048.74 5048.74 0.0 103073.5149
5062.88 5062.88 0.0 103070.2833
5077.03 5077.03 0.0 103067.0685
5091.17 5091.17 0.0 103063.8777
5105.31 5105.31 0.0 103060.7043
5119.45 5119.45 0.0 103057.5524
5133.6 5133.6 0.0 103054.4187
5147.74 5147.74 0.0 103051.3029
5161.88 5161.88 0.0 103048.2091
5176.02 5176.02 0.0 103045.1324
5190.16 5190.16 0.0 103042.0742
5204.31 5204.31 0.0 103039.0305
5218.45 5218.45 0.0 103036.0076
5232.59 5232.59 0.0 103033.0038
5246.73 5246.73 0.0 103030.0143
5260.87 5260.87 0.0 103027.0438
5275.02 5275.02 0.0 103024.0890
5289.16 5289.16 0.0 103021.1490
5303.3 5303.3 0.0 103018.2286
5317.44 5317.44 0.0 103015.3230
5331.59 5331.59 0.0 103012.4333
5345.73 5345.73 0.0 103009.5593
5359.87 5359.87 0.0 103006.7021
5374.01 5374.01 0.0 103003.8611
5388.15 5388.15 0.0 103001.0326
5402.3 5402.3 0.0 102998.2186
5416.44 5416.44 0.0 102995.4220
5430.58 5430.58 0.0 102992.6404
5444.72 5444.72 0.0 102989.8715
5458.86 5458.86 0.0 102987.1173
5473.01 5473.01 0.0 102984.3748
5487.15 5487.15 0.0 102981.6478
5501.29 5501.29 0.0 102978.9349
5515.43 5515.43 0.0 102976.2344
5529.58 5529.58 0.0 102973.5459
5543.72 5543.72 0.0 102970.8721
5557.86 5557.86 0.0 102968.2120
5572.0 5572.0 0.0 102965.5641
5586.14 5586.14 0.0 102962.9281
5600.29 5600.29 0.0 102960.3019
5614.43 5614.43 0.0 102957.6923
5628.57 5628.57 0.0 102955.0923
5642.71 5642.71 0.0 102952.5033
5656.85 5656.85 0.0 102949.9287
5671.0 5671.0 0.0 102947.3634
5685.14 5685.14 0.0 102944.8093
5699.28 5699.28 0.0 102942.2683
5713.42 5713.42 0.0 102939.7383
5727.56 5727.56 0.0 102937.2175
5741.71 5741.71 0.0 102934.7054
5755.85 5755.85 0.0 102932.2072
5769.99 5769.99 0.0 102929.7173
5784.13 5784.13 0.0 102927.2389
5798.28 5798.28 0.0 102924.7681
5812.42 5812.42 0.0 102922.3118
5826.56 5826.56 0.0 102919.8610
5840.7 5840.7 0.0 102917.4227
5854.84 5854.84 0.0 102914.9921
5868.99 5868.99 0.0 102912.5712
5883.13 5883.13 0.0 102910.1587
5897.27 5897.27 0.0 102907.7557
5911.41 5911.41 0.0 102905.3632
5925.55 5925.55 0.0 102902.9773
5939.7 5939.7 0.0 102900.5988
5953.84 5953.84 0.0 102898.2313
5967.98 5967.98 0.0 102895.8733
5982.12 5982.12 0.0 102893.5204
5996.27 5996.27 0.0 102891.1761
6010.41 6010.41 0.0 102888.8424
6024.55 6024.55 0.0 102886.5134
6038.69 6038.69 0.0 102884.1946
6052.83 6052.83 0.0 102881.8813
6066.98 6066.98 0.0 102879.5760
6081.12 6081.12 0.0 102877.2772
6095.26 6095.26 0.0 102874.9874
6109.4 6109.4 0.0 102872.7043
6123.54 6123.54 0.0 102870.4280
6137.69 6137.69 0.0 102868.1566
6151.83 6151.83 0.0 102865.8950
6165.97 6165.97 0.0 102863.6376
6180.11 6180.11 0.0 102861.3865
6194.26 6194.26 0.0 102859.1436
6208.4 6208.4 0.0 102856.9041
6222.54 6222.54 0.0 102854.6729
6236.68 6236.68 0.0 102852.4479
6250.82 6250.82 0.0 102850.2311
6264.97 6264.97 0.0 102848.0148
6279.11 6279.11 0.0 102845.8074
6293.25 6293.25 0.0 102843.6039
6307.39 6307.39 0.0 102841.4081
6321.53 6321.53 0.0 102839.2174
6335.68 6335.68 0.0 102837.0287
6349.82 6349.82 0.0 102834.8486
6363.96 6363.96 0.0 102832.6733
6378.1 6378.1 0.0 102830.5010
6392.25 6392.25 0.0 102828.3348
6406.39 6406.39 0.0 102826.1731
6420.53 6420.53 0.0 102824.0166
6434.67 6434.67 0.0 102821.8647
6448.81 6448.81 0.0 102819.7173
6462.96 6462.96 0.0 102817.5724
6477.1 6477.1 0.0 102815.4346
6491.24 6491.24 0.0 102813.2979
6505.38 6505.38 0.0 102811.1683
6519.52 6519.52 0.0 102809.0419
6533.67 6533.67 0.0 102806.9178
6547.81 6547.81 0.0 102804.7982
6561.95 6561.95 0.0 102802.6844
6576.09 6576.09 0.0 102800.5736
6590.24 6590.24 0.0 102798.4639
6604.38 6604.38 0.0 102796.3596
6618.52 6618.52 0.0 102794.2587
6632.66 6632.66 0.0 102792.1614
6646.8 6646.8 0.0 102790.0677
6660.95 6660.95 0.0 102787.9750
6675.09 6675.09 0.0 102785.8865
6689.23 6689.23 0.0 102783.8024
6703.37 6703.37 0.0 102781.7213
6717.51 6717.51 0.0 102779.6421
6731.66 6731.66 0.0 102777.5626
6745.8 6745.8 0.0 102775.4891
6759.94 6759.94 0.0 102773.4193
6774.08 6774.08 0.0 102771.3496
6788.23 6788.23 0.0 102769.2837
6802.37 6802.37 0.0 102767.2191
6816.51 6816.51 0.0 102765.1576
6830.65 6830.65 0.0 102763.0991
6844.79 6844.79 0.0 102761.0406
6858.94 6858.94 0.0 102758.9858
6873.08 6873.08 0.0 102756.9327
6887.22 6887.22 0.0 102754.8818
6901.36 6901.36 0.0 102752.8331
6915.5 6915.5 0.0 102750.7867
6929.65 6929.65 0.0 102748.7397
6943.79 6943.79 0.0 102746.6973
6957.93 6957.93 0.0 102744.6548
6972.07 6972.07 0.0 102742.6149
6986.21 6986.21 0.0 102740.5750
