0.0 0.0 0.0 292157.4375
14.1421 14.1421 0.0 897087.3125
28.2843 28.2843 0.0 566592.4375
42.4264 42.4264 0.0 375615.4375
56.5685 56.5685 0.0 273923.7031
70.7107 70.7107 0.0 217754.3438
84.8528 84.8528 0.0 184666.4062
98.9949 98.9949 0.0 163887.3984
113.137 113.137 0.0 150086.1758
127.279 127.279 0.0 140476.6484
141.421 141.421 0.0 133517.5098
155.563 155.563 0.0 128310.0547
169.706 169.706 0.0 124305.0312
183.848 183.848 0.0 121153.3828
197.99 197.99 0.0 118624.1445
212.132 212.132 0.0 116560.2441
226.274 226.274 0.0 114851.7939
240.416 240.416 0.0 113419.8936
254.558 254.558 0.0 112206.7842
268.701 268.701 0.0 111169.2090
282.843 282.843 0.0 110274.4883
296.985 296.985 0.0 109497.2056
311.127 311.127 0.0 108817.5171
325.269 325.269 0.0 108219.6782
339.411 339.411 0.0 107691.0630
353.553 353.553 0.0 107221.4312
367.696 367.696 0.0 106802.3711
381.838 381.838 0.0 106427.0200
395.98 395.98 0.0 106089.5898
410.122 410.122 0.0 105785.2319
424.264 424.264 0.0 105509.8662
438.406 438.406 0.0 105260.0278
452.548 452.548 0.0 105032.7424
466.69 466.69 0.0 104825.4639
480.833 480.833 0.0 104635.9785
494.975 494.975 0.0 104462.4075
509.117 509.117 0.0 104303.0698
523.259 523.259 0.0 104156.5112
537.401 537.401 0.0 104021.4590
551.543 551.543 0.0 103896.7903
565.685 565.685 0.0 103781.5073
579.828 579.828 0.0 103674.7251
593.97 593.97 0.0 103575.6797
608.112 608.112 0.0 103483.6675
622.254 622.254 0.0 103398.0618
636.396 636.396 0.0 103318.3130
650.538 650.538 0.0 103243.9175
664.68 664.68 0.0 103174.4305
678.823 678.823 0.0 103109.4417
692.965 692.965 0.0 103048.5958
707.107 707.107 0.0 102991.5563
721.249 721.249 0.0 102938.0289
735.391 735.391 0.0 102887.7423
749.533 749.533 0.0 102840.4473
763.675 763.675 0.0 102795.9203
777.817 777.817 0.0 102753.9615
791.96 791.96 0.0 102714.3802
806.102 806.102 0.0 102677.0094
820.244 820.244 0.0 102641.6947
834.386 834.386 0.0 102608.2891
848.528 848.528 0.0 102576.6666
862.67 862.67 0.0 102546.7023
876.812 876.812 0.0 102518.2871
890.955 890.955 0.0 102491.3203
905.097 905.097 0.0 102465.7070
919.239 919.239 0.0 102441.3612
933.381 933.381 0.0 102418.2031
947.523 947.523 0.0 102396.1567
961.665 961.665 0.0 102375.1578
975.807 975.807 0.0 102355.1392
989.949 989.949 0.0 102336.0423
1004.09 1004.09 0.0 102317.8136
1018.23 1018.23 0.0 102300.4047
1032.38 1032.38 0.0 102283.7531
1046.52 1046.52 0.0 102267.8386
1060.66 1060.66 0.0 102252.6088
1074.8 1074.8 0.0 102238.0248
1088.94 1088.94 0.0 102224.0513
1103.09 1103.09 0.0 102210.6472
1117.23 1117.23 0.0 102197.7970
1131.37 1131.37 0.0 102185.4635
1145.51 1145.51 0.0 102173.6218
1159.66 1159.66 0.0 102162.2358
1173.8 1173.8 0.0 102151.2966
1187.94 1187.94 0.0 102140.7740
1202.08 1202.08 0.0 102130.6500
1216.22 1216.22 0.0 102120.9003
1230.37 1230.37 0.0 102111.5020
1244.51 1244.51 0.0 102102.4519
1258.65 1258.65 0.0 102093.7245
1272.79 1272.79 0.0 102085.3046
1286.93 1286.93 0.0 102077.1783
1301.08 1301.08 0.0 102069.3254
1315.22 1315.22 0.0 102061.7448
1329.36 1329.36 0.0 102054.4166
1343.5 1343.5 0.0 102047.3313
1357.65 1357.65 0.0 102040.4716
1371.79 1371.79 0.0 102033.8359
1385.93 1385.93 0.0 102027.4113
1400.07 1400.07 0.0 102021.1870
1414.21 1414.21 0.0 102015.1550
1428.36 1428.36 0.0 102009.3024
1442.5 1442.5 0.0 102003.6285
1456.64 1456.64 0.0 101998.1229
1470.78 1470.78 0.0 101992.7766
1484.92 1484.92 0.0 101987.5851
1499.07 1499.07 0.0 101982.5361
1513.21 1513.21 0.0 101977.6302
1527.35 1527.35 0.0 101972.8599
1541.49 1541.49 0.0 101968.2177
1555.63 1555.63 0.0 101963.6994
1569.78 1569.78 0.0 101959.2955
1583.92 1583.92 0.0 101955.0084
1598.06 1598.06 0.0 101950.8298
1612.2 1612.2 0.0 101946.7549
1626.35 1626.35 0.0 101942.7766
1640.49 1640.49 0.0 101938.8969
1654.63 1654.63 0.0 101935.1081
1668.77 1668.77 0.0 101931.4089
1682.91 1682.91 0.0 101927.7919
1697.06 1697.06 0.0 101924.2545
1711.2 1711.2 0.0 101920.7971
1725.34 1725.34 0.0 101917.4133
1739.48 1739.48 0.0 101914.1013
1753.62 1753.62 0.0 101910.8575
1767.77 1767.77 0.0 101907.6763
1781.91 1781.91 0.0 101904.5604
1796.05 1796.05 0.0 101901.5049
1810.19 1810.19 0.0 101898.5081
1824.34 1824.34 0.0 101895.5635
1838.48 1838.48 0.0 101892.6744
1852.62 1852.62 0.0 101889.8374
1866.76 1866.76 0.0 101887.0483
1880.9 1880.9 0.0 101884.3061
1895.05 1895.05 0.0 101881.6080
1909.19 1909.19 0.0 101878.9534
1923.33 1923.33 0.0 101876.3409
1937.47 1937.47 0.0 101873.7681
1951.61 1951.61 0.0 101871.2330
1965.76 1965.76 0.0 101868.7327
1979.9 1979.9 0.0 101866.2692
1994.04 1994.04 0.0 101863.8389
2008.18 2008.18 0.0 101861.4405
2022.33 2022.33 0.0 101859.0703
2036.47 2036.47 0.0 101856.7321
2050.61 2050.61 0.0 101854.4218
2064.75 2064.75 0.0 101852.1382
2078.89 2078.89 0.0 101849.8804
2093.04 2093.04 0.0 101847.6456
2107.18 2107.18 0.0 101845.4357
2121.32 2121.32 0.0 101843.2484
2135.46 2135.46 0.0 101841.0822
2149.6 2149.6 0.0 101838.9370
2163.75 2163.75 0.0 101836.8095
2177.89 2177.89 0.0 101834.7027
2192.03 2192.03 0.0 101832.6144
2206.17 2206.17 0.0 101830.5424
2220.32 2220.32 0.0 101828.4849
2234.46 2234.46 0.0 101826.4445
2248.6 2248.6 0.0 101824.4191
2262.74 2262.74 0.0 101822.4073
2276.88 2276.88 0.0 101820.4098
2291.03 2291.03 0.0 101818.4233
2305.17 2305.17 0.0 101816.4507
2319.31 2319.31 0.0 101814.4899
2333.45 2333.45 0.0 101812.5390
2347.59 2347.59 0.0 101810.5999
2361.74 2361.74 0.0 101808.6686
2375.88 2375.88 0.0 101806.7485
2390.02 2390.02 0.0 101804.8379
2404.16 2404.16 0.0 101802.9357
2418.31 2418.31 0.0 101801.0399
2432.45 2432.45 0.0 101799.1535
2446.59 2446.59 0.0 101797.2739
2460.73 2460.73 0.0 101795.4017
2474.87 2474.87 0.0 101793.5365
2489.02 2489.02 0.0 101791.6756
2503.16 2503.16 0.0 101789.8225
2517.3 2517.3 0.0 101787.9747
2531.44 2531.44 0.0 101786.1319
2545.58 2545.58 0.0 101784.2949
2559.73 2559.73 0.0 101782.4611
2573.87 2573.87 0.0 101780.6324
2588.01 2588.01 0.0 101778.8082
2602.15 2602.15 0.0 101776.9894
2616.3 2616.3 0.0 101775.1718
2630.44 2630.44 0.0 101773.3595
2644.58 2644.58 0.0 101771.5508
2658.72 2658.72 0.0 101769.7445
2672.86 2672.86 0.0 101767.9419
2687.01 2687.01 0.0 101766.1406
2701.15 2701.15 0.0 101764.3430
2715.29 2715.29 0.0 101762.5483
2729.43 2729.43 0.0 101760.7564
2743.57 2743.57 0.0 101758.9659
2757.72 2757.72 0.0 101757.1771
2771.86 2771.86 0.0 101755.3906
2786.0 2786.0 0.0 101753.6070
2800.14 2800.14 0.0 101751.8248
2814.28 2814.28 0.0 101750.0438
2828.43 2828.43 0.0 101748.2637
2842.57 2842.57 0.0 101746.4867
2856.71 2856.71 0.0 101744.7106
2870.85 2870.85 0.0 101742.9351
2885.0 2885.0 0.0 101741.1608
2899.14 2899.14 0.0 101739.3883
2913.28 2913.28 0.0 101737.6171
2927.42 2927.42 0.0 101735.8468
2941.56 2941.56 0.0 101734.0782
2955.71 2955.71 0.0 101732.3085
2969.85 2969.85 0.0 101730.5420
2983.99 2983.99 0.0 101728.7758
2998.13 2998.13 0.0 101727.0101
3012.27 3012.27 0.0 101725.2462
3026.42 3026.42 0.0 101723.4810
3040.56 3040.56 0.0 101721.7181
3054.7 3054.7 0.0 101719.9556
3068.84 3068.84 0.0 101718.1945
3082.99 3082.99 0.0 101716.4326
3097.13 3097.13 0.0 101714.6725
3111.27 3111.27 0.0 101712.9133
