0.0 0.0 0.0 374960.9062
14.1421 14.1421 0.0 2651308.2500
28.2843 28.2843 0.0 2436518.5000
42.4264 42.4264 0.0 2158077.8750
56.5685 56.5685 0.0 1872612.7500
70.7107 70.7107 0.0 1604590.5000
84.8528 84.8528 0.0 1365114.3750
98.9949 98.9949 0.0 1158102.6250
113.137 113.137 0.0 983305.6875
127.279 127.279 0.0 838128.8750
141.421 141.421 0.0 718862.4375
155.563 155.563 0.0 621494.8438
169.706 169.706 0.0 542198.2812
183.848 183.848 0.0 477599.2188
197.99 197.99 0.0 424827.7812
212.132 212.132 0.0 381534.2188
226.274 226.274 0.0 345826.4219
240.416 240.416 0.0 316197.1719
254.558 254.558 0.0 291454.1719
268.701 268.701 0.0 270654.7031
282.843 282.843 0.0 253057.8594
296.985 296.985 0.0 238073.2812
311.127 311.127 0.0 225233.0469
325.269 325.269 0.0 214163.7188
339.411 339.411 0.0 204565.6953
353.553 353.553 0.0 196197.4219
367.696 367.696 0.0 188862.4062
381.838 381.838 0.0 182401.8281
395.98 395.98 0.0 176683.9688
410.122 410.122 0.0 171600.7969
424.264 424.264 0.0 167062.5703
438.406 438.406 0.0 162994.5078
452.548 452.548 0.0 159334.0898
466.69 466.69 0.0 156028.4609
480.833 480.833 0.0 153032.8281
494.975 494.975 0.0 150309.6914
509.117 509.117 0.0 147826.4883
523.259 523.259 0.0 145555.4258
537.401 537.401 0.0 143472.6055
551.543 551.543 0.0 141557.4453
565.685 565.685 0.0 139791.9961
579.828 579.828 0.0 138160.5586
593.97 593.97 0.0 136649.7812
608.112 608.112 0.0 135247.6055
622.254 622.254 0.0 133943.5078
636.396 636.396 0.0 132728.2891
650.538 650.538 0.0 131593.7715
664.68 664.68 0.0 130532.6602
678.823 678.823 0.0 129538.4824
692.965 692.965 0.0 128605.6035
707.107 707.107 0.0 127728.8164
721.249 721.249 0.0 126903.5059
735.391 735.391 0.0 126125.5527
749.533 749.533 0.0 125391.2148
763.675 763.675 0.0 124697.1328
777.817 777.817 0.0 124040.2852
791.96 791.96 0.0 123417.8594
806.102 806.102 0.0 122827.4609
820.244 820.244 0.0 122266.7734
834.386 834.386 0.0 121733.7168
848.528 848.528 0.0 121226.3926
862.67 862.67 0.0 120743.1152
876.812 876.812 0.0 120282.2617
890.955 890.955 0.0 119842.3672
905.097 905.097 0.0 119422.1641
919.239 919.239 0.0 119020.3984
933.381 933.381 0.0 118635.9258
947.523 947.523 0.0 118267.7207
961.665 961.665 0.0 117914.8105
975.807 975.807 0.0 117576.3047
989.949 989.949 0.0 117251.4062
1004.09 1004.09 0.0 116939.3184
1018.23 1018.23 0.0 116639.3711
1032.38 1032.38 0.0 116350.6611
1046.52 1046.52 0.0 116072.9932
1060.66 1060.66 0.0 115805.5654
1074.8 1074.8 0.0 115547.8691
1088.94 1088.94 0.0 115299.3965
1103.09 1103.09 0.0 115059.5010
1117.23 1117.23 0.0 114828.1025
1131.37 1131.37 0.0 114604.6016
1145.51 1145.51 0.0 114388.6318
1159.66 1159.66 0.0 114179.6777
1173.8 1173.8 0.0 113977.7061
1187.94 1187.94 0.0 113782.2354
1202.08 1202.08 0.0 113592.9756
1216.22 1216.22 0.0 113409.6367
1230.37 1230.37 0.0 113231.8379
1244.51 1244.51 0.0 113059.5820
1258.65 1258.65 0.0 112892.4971
1272.79 1272.79 0.0 112730.3604
1286.93 1286.93 0.0 112572.9688
1301.08 1301.08 0.0 112420.0068
1315.22 1315.22 0.0 112271.5049
1329.36 1329.36 0.0 112127.1777
1343.5 1343.5 0.0 111986.8467
1357.65 1357.65 0.0 111850.2666
1371.79 1371.79 0.0 111717.4717
1385.93 1385.93 0.0 111588.2139
1400.07 1400.07 0.0 111462.3730
1414.21 1414.21 0.0 111339.7969
1428.36 1428.36 0.0 111220.2871
1442.5 1442.5 0.0 111103.8955
1456.64 1456.64 0.0 110990.4238
1470.78 1470.78 0.0 110879.7607
1484.92 1484.92 0.0 110771.7959
1499.07 1499.07 0.0 110666.3682
1513.21 1513.21 0.0 110563.5400
1527.35 1527.35 0.0 110463.1357
1541.49 1541.49 0.0 110365.0713
1555.63 1555.63 0.0 110269.2598
1569.78 1569.78 0.0 110175.5713
1583.92 1583.92 0.0 110084.0557
1598.06 1598.06 0.0 109994.5752
1612.2 1612.2 0.0 109907.0615
1626.35 1626.35 0.0 109821.3906
1640.49 1640.49 0.0 109737.6230
1654.63 1654.63 0.0 109655.6299
1668.77 1668.77 0.0 109575.3652
1682.91 1682.91 0.0 109496.7715
1697.06 1697.06 0.0 109419.7310
1711.2 1711.2 0.0 109344.3037
1725.34 1725.34 0.0 109270.4082
1739.48 1739.48 0.0 109197.9673
1753.62 1753.62 0.0 109126.9595
1767.77 1767.77 0.0 109057.2837
1781.91 1781.91 0.0 108988.9883
1796.05 1796.05 0.0 108922.0020
1810.19 1810.19 0.0 108856.2710
1824.34 1824.34 0.0 108791.7168
1838.48 1838.48 0.0 108728.4062
1852.62 1852.62 0.0 108666.2417
1866.76 1866.76 0.0 108605.2056
1880.9 1880.9 0.0 108545.2510
1895.05 1895.05 0.0 108486.3228
1909.19 1909.19 0.0 108428.4614
1923.33 1923.33 0.0 108371.6011
1937.47 1937.47 0.0 108315.7295
1951.61 1951.61 0.0 108260.7905
1965.76 1965.76 0.0 108206.7490
1979.9 1979.9 0.0 108153.6372
1994.04 1994.04 0.0 108101.4043
2008.18 2008.18 0.0 108050.0220
2022.33 2022.33 0.0 107999.4380
2036.47 2036.47 0.0 107949.6963
2050.61 2050.61 0.0 107900.7490
2064.75 2064.75 0.0 107852.5684
2078.89 2078.89 0.0 107805.1367
2093.04 2093.04 0.0 107758.4097
2107.18 2107.18 0.0 107712.4258
2121.32 2121.32 0.0 107667.1426
2135.46 2135.46 0.0 107622.5327
2149.6 2149.6 0.0 107578.5928
2163.75 2163.75 0.0 107535.2715
2177.89 2177.89 0.0 107492.6118
2192.03 2192.03 0.0 107450.5806
2206.17 2206.17 0.0 107409.1436
2220.32 2220.32 0.0 107368.2705
2234.46 2234.46 0.0 107328.0137
2248.6 2248.6 0.0 107288.3169
2262.74 2262.74 0.0 107249.1792
2276.88 2276.88 0.0 107210.5752
2291.03 2291.03 0.0 107172.4834
2305.17 2305.17 0.0 107134.9331
2319.31 2319.31 0.0 107097.8921
2333.45 2333.45 0.0 107061.3452
2347.59 2347.59 0.0 107025.2900
2361.74 2361.74 0.0 106989.6841
2375.88 2375.88 0.0 106954.5752
2390.02 2390.02 0.0 106919.9258
2404.16 2404.16 0.0 106885.7241
2418.31 2418.31 0.0 106851.9395
2432.45 2432.45 0.0 106818.6172
2446.59 2446.59 0.0 106785.7080
2460.73 2460.73 0.0 106753.2236
2474.87 2474.87 0.0 106721.1470
2489.02 2489.02 0.0 106689.4502
2503.16 2503.16 0.0 106658.1655
2517.3 2517.3 0.0 106627.2739
2531.44 2531.44 0.0 106596.7573
2545.58 2545.58 0.0 106566.6177
2559.73 2559.73 0.0 106536.8228
2573.87 2573.87 0.0 106507.4087
2588.01 2588.01 0.0 106478.3496
2602.15 2602.15 0.0 106449.6377
2616.3 2616.3 0.0 106421.2529
2630.44 2630.44 0.0 106393.2227
2644.58 2644.58 0.0 106365.5234
2658.72 2658.72 0.0 106338.1470
2672.86 2672.86 0.0 106311.0967
2687.01 2687.01 0.0 106284.3428
2701.15 2701.15 0.0 106257.9199
2715.29 2715.29 0.0 106231.7988
2729.43 2729.43 0.0 106205.9849
2743.57 2743.57 0.0 106180.4658
2757.72 2757.72 0.0 106155.2173
2771.86 2771.86 0.0 106130.2788
2786.0 2786.0 0.0 106105.6255
2800.14 2800.14 0.0 106081.2495
2814.28 2814.28 0.0 106057.1489
2828.43 2828.43 0.0 106033.3022
2842.57 2842.57 0.0 106009.7446
2856.71 2856.71 0.0 105986.4482
2870.85 2870.85 0.0 105963.4116
2885.0 2885.0 0.0 105940.6177
2899.14 2899.14 0.0 105918.0952
2913.28 2913.28 0.0 105895.8169
2927.42 2927.42 0.0 105873.7925
2941.56 2941.56 0.0 105852.0063
2955.71 2955.71 0.0 105830.4443
2969.85 2969.85 0.0 105809.1392
2983.99 2983.99 0.0 105788.0674
2998.13 2998.13 0.0 105767.2261
3012.27 3012.27 0.0 105746.6128
3026.42 3026.42 0.0 105726.2109
3040.56 3040.56 0.0 105706.0435
3054.7 3054.7 0.0 105686.0967
3068.84 3068.84 0.0 105666.3706
3082.99 3082.99 0.0 105646.8408
3097.13 3097.13 0.0 105627.5400
3111.27 3111.27 0.0 105608.4429
3125.41 3125.41 0.0 105589.5562
3139.55 3139.55 0.0 105570.8740
3153.7 3153.7 0.0 105552.3799
3167.84 3167.84 0.0 105534.0967
3181.98 3181.98 0.0 105516.0142
3196.12 3196.12 0.0 105498.1221
3210.26 3210.26 0.0 105480.4268
3224.41 3224.41 0.0 105462.9067
3238.55 3238.55 0.0 105445.5884
3252.69 3252.69 0.0 105428.4546
3266.83 3266.83 0.0 105411.5098
3280.98 3280.98 0.0 105394.7324
3295.12 3295.12 0.0 105378.1460
3309.26 3309.26 0.0 105361.7349
3323.4 3323.4 0.0 105345.5042
3337.54 3337.54 0.0 105329.4453
3351.69 3351.69 0.0 105313.5500
3365.83 3365.83 0.0 105297.8320
3379.97 3379.97 0.0 105282.2874
3394.11 3394.11 0.0 105266.9033
3408.25 3408.25 0.0 105251.6882
3422.4 3422.4 0.0 105236.6270
3436.54 3436.54 0.0 105221.7354
3450.68 3450.68 0.0 105207.0034
3464.82 3464.82 0.0 105192.4280
3478.97 3478.97 0.0 105178.0010
3493.11 3493.11 0.0 105163.7407
3507.25 3507.25 0.0 105149.6282
3521.39 3521.39 0.0 105135.6741
3535.53 3535.53 0.0 105121.8613
3549.68 3549.68 0.0 105108.1921
3563.82 3563.82 0.0 105094.6777
3577.96 3577.96 0.0 105081.3118
3592.1 3592.1 0.0 105068.0842
3606.24 3606.24 0.0 105055.0059
3620.39 3620.39 0.0 105042.0559
3634.53 3634.53 0.0 105029.2539
3648.67 3648.67 0.0 105016.5884
3662.81 3662.81 0.0 105004.0627
3676.96 3676.96 0.0 104991.6597
3691.1 3691.1 0.0 104979.4009
3705.24 3705.24 0.0 104967.2766
3719.38 3719.38 0.0 104955.2808
3733.52 3733.52 0.0 104943.4172
3747.67 3747.67 0.0 104931.6733
3761.81 3761.81 0.0 104920.0649
3775.95 3775.95 0.0 104908.5820
3790.09 3790.09 0.0 104897.2229
3804.23 3804.23 0.0 104885.9878
3818.38 3818.38 0.0 104874.8691
3832.52 3832.52 0.0 104863.8760
3846.66 3846.66 0.0 104853.0007
3860.8 3860.8 0.0 104842.2510
3874.95 3874.95 0.0 104831.6040
3889.09 3889.09 0.0 104821.0874
3903.23 3903.23 0.0 104810.6821
3917.37 3917.37 0.0 104800.3936
3931.51 3931.51 0.0 104790.2148
3945.66 3945.66 0.0 104780.1411
3959.8 3959.8 0.0 104770.1853
3973.94 3973.94 0.0 104760.3398
3988.08 3988.08 0.0 104750.6040
4002.22 4002.22 0.0 104740.9741
4016.37 4016.37 0.0 104731.4456
4030.51 4030.51 0.0 104722.0273
4044.65 4044.65 0.0 104712.7097
4058.79 4058.79 0.0 104703.5010
4072.94 4072.94 0.0 104694.3862
4087.08 4087.08 0.0 104685.3792
4101.22 4101.22 0.0 104676.4746
4115.36 4115.36 0.0 104667.6650
4129.5 4129.5 0.0 104658.9580
4143.65 4143.65 0.0 104650.3384
4157.79 4157.79 0.0 104641.8232
4171.93 4171.93 0.0 104633.4041
4186.07 4186.07 0.0 104625.0796
4200.21 4200.21 0.0 104616.8501
4214.36 4214.36 0.0 104608.7017
4228.5 4228.5 0.0 104600.6562
4242.64 4242.64 0.0 104592.7004
4256.78 4256.78 0.0 104584.8369
4270.92 4270.92 0.0 104577.0559
4285.07 4285.07 0.0 104569.3643
4299.21 4299.21 0.0 104561.7649
4313.35 4313.35 0.0 104554.2524
4327.49 4327.49 0.0 104546.8247
4341.64 4341.64 0.0 104539.4771
4355.78 4355.78 0.0 104532.2163
4369.92 4369.92 0.0 104525.0417
4384.06 4384.06 0.0 104517.9502
4398.2 4398.2 0.0 104510.9365
4412.35 4412.35 0.0 104504.0049
4426.49 4426.49 0.0 104497.1550
4440.63 4440.63 0.0 104490.3843
4454.77 4454.77 0.0 104483.6929
4468.91 4468.91 0.0 104477.0815
4483.06 4483.06 0.0 104470.5410
4497.2 4497.2 0.0 104464.0842
4511.34 4511.34 0.0 104457.6973
4525.48 4525.48 0.0 104451.3889
4539.63 4539.63 0.0 104445.1494
4553.77 4553.77 0.0 104438.9893
4567.91 4567.91 0.0 104432.9004
4582.05 4582.05 0.0 104426.8870
4596.19 4596.19 0.0 104420.9441
4610.34 4610.34 0.0 104415.0674
4624.48 4624.48 0.0 104409.2659
4638.62 4638.62 0.0 104403.5339
4652.76 4652.76 0.0 104397.8713
4666.9 4666.9 0.0 104392.2756
4681.05 4681.05 0.0 104386.7463
4695.19 4695.19 0.0 104381.2844
4709.33 4709.33 0.0 104375.8909
4723.47 4723.47 0.0 104370.5632
4737.62 4737.62 0.0 104365.2969
4751.76 4751.76 0.0 104360.0991
4765.9 4765.9 0.0 104354.9661
4780.04 4780.04 0.0 104349.8938
4794.18 4794.18 0.0 104344.8875
4808.33 4808.33 0.0 104339.9409
4822.47 4822.47 0.0 104335.0571
4836.61 4836.61 0.0 104330.2344
4850.75 4850.75 0.0 104325.4731
4864.89 4864.89 0.0 104320.7727
4879.04 4879.04 0.0 104316.1277
4893.18 4893.18 0.0 104311.5427
4907.32 4907.32 0.0 104307.0200
4921.46 4921.46 0.0 104302.5552
4935.61 4935.61 0.0 104298.1421
4949.75 4949.75 0.0 104293.7881
4963.89 4963.89 0.0 104289.4927
4978.03 4978.03 0.0 104285.2529
4992.17 4992.17 0.0 104281.0667
5006.32 5006.32 0.0 104276.9390
5020.46 5020.46 0.0 104272.8572
5034.6 5034.6 0.0 104268.8398
5048.74 5048.74 0.0 104264.8730
5062.88 5062.88 0.0 104260.9565
5077.03 5077.03 0.0 104257.0925
5091.17 5091.17 0.0 104253.2808
5105.31 5105.31 0.0 104249.5212
5119.45 5119.45 0.0 104245.8142
5133.6 5133.6 0.0 104242.1533
5147.74 5147.74 0.0 104238.5498
5161.88 5161.88 0.0 104234.9880
5176.02 5176.02 0.0 104231.4802
5190.16 5190.16 0.0 104228.0200
5204.31 5204.31 0.0 104224.6118
5218.45 5218.45 0.0 104221.2478
5232.59 5232.59 0.0 104217.9346
5246.73 5246.73 0.0 104214.6677
5260.87 5260.87 0.0 104211.4443
5275.02 5275.02 0.0 104208.2656
5289.16 5289.16 0.0 104205.1387
5303.3 5303.3 0.0 104202.0574
5317.44 5317.44 0.0 104199.0193
5331.59 5331.59 0.0 104196.0239
5345.73 5345.73 0.0 104193.0767
5359.87 5359.87 0.0 104190.1719
5374.01 5374.01 0.0 104187.3125
5388.15 5388.15 0.0 104184.4927
5402.3 5402.3 0.0 104181.7180
5416.44 5416.44 0.0 104178.9863
5430.58 5430.58 0.0 104176.2954
5444.72 5444.72 0.0 104173.6494
5458.86 5458.86 0.0 104171.0422
5473.01 5473.01 0.0 104168.4766
5487.15 5487.15 0.0 104165.9514
5501.29 5501.29 0.0 104163.4661
5515.43 5515.43 0.0 104161.0232
5529.58 5529.58 0.0 104158.6152
5543.72 5543.72 0.0 104156.2512
5557.86 5557.86 0.0 104153.9265
5572.0 5572.0 0.0 104151.6416
5586.14 5586.14 0.0 104149.3906
5600.29 5600.29 0.0 104147.1807
5614.43 5614.43 0.0 104145.0071
5628.57 5628.57 0.0 104142.8701
5642.71 5642.71 0.0 104140.7725
5656.85 5656.85 0.0 104138.7109
5671.0 5671.0 0.0 104136.6887
5685.14 5685.14 0.0 104134.7000
5699.28 5699.28 0.0 104132.7446
5713.42 5713.42 0.0 104130.8267
5727.56 5727.56 0.0 104128.9446
5741.71 5741.71 0.0 104127.0962
5755.85 5755.85 0.0 104125.2852
5769.99 5769.99 0.0 104123.5054
5784.13 5784.13 0.0 104121.7629
5798.28 5798.28 0.0 104120.0537
5812.42 5812.42 0.0 104118.3760
5826.56 5826.56 0.0 104116.7307
5840.7 5840.7 0.0 104115.1228
5854.84 5854.84 0.0 104113.5449
5868.99 5868.99 0.0 104111.9968
5883.13 5883.13 0.0 104110.4832
5897.27 5897.27 0.0 104109.0022
5911.41 5911.41 0.0 104107.5520
5925.55 5925.55 0.0 104106.1331
5939.7 5939.7 0.0 104104.7419
5953.84 5953.84 0.0 104103.3840
5967.98 5967.98 0.0 104102.0588
5982.12 5982.12 0.0 104100.7605
5996.27 5996.27 0.0 104099.4907
6010.41 6010.41 0.0 104098.2559
6024.55 6024.55 0.0 104097.0464
6038.69 6038.69 0.0 104095.8665
6052.83 6052.83 0.0 104094.7190
6066.98 6066.98 0.0 104093.5952
6081.12 6081.12 0.0 104092.5024
6095.26 6095.26 0.0 104091.4370
6109.4 6109.4 0.0 104090.3962
6123.54 6123.54 0.0 104089.3853
6137.69 6137.69 0.0 104088.4048
6151.83 6151.83 0.0 104087.4482
6165.97 6165.97 0.0 104086.5168
6180.11 6180.11 0.0 104085.6125
6194.26 6194.26 0.0 104084.7344
6208.4 6208.4 0.0 104083.8855
6222.54 6222.54 0.0 104083.0593
6236.68 6236.68 0.0 104082.2625
6250.82 6250.82 0.0 104081.4854
6264.97 6264.97 0.0 104080.7371
6279.11 6279.11 0.0 104080.0103
6293.25 6293.25 0.0 104079.3088
6307.39 6307.39 0.0 104078.6333
6321.53 6321.53 0.0 104077.9802
6335.68 6335.68 0.0 104077.3511
6349.82 6349.82 0.0 104076.7458
6363.96 6363.96 0.0 104076.1667
6378.1 6378.1 0.0 104075.6060
6392.25 6392.25 0.0 104075.0664
6406.39 6406.39 0.0 104074.5557
6420.53 6420.53 0.0 104074.0581
6434.67 6434.67 0.0 104073.5906
6448.81 6448.81 0.0 104073.1445
6462.96 6462.96 0.0 104072.7153
6477.1 6477.1 0.0 104072.3098
6491.24 6491.24 0.0 104071.9253
6505.38 6505.38 0.0 104071.5642
6519.52 6519.52 0.0 104071.2188
6533.67 6533.67 0.0 104070.8948
6547.81 6547.81 0.0 104070.5928
6561.95 6561.95 0.0 104070.3088
6576.09 6576.09 0.0 104070.0449
6590.24 6590.24 0.0 104069.8003
6604.38 6604.38 0.0 104069.5718
6618.52 6618.52 0.0 104069.3667
6632.66 6632.66 0.0 104069.1785
6646.8 6646.8 0.0 104069.0100
6660.95 6660.95 0.0 104068.8569
6675.09 6675.09 0.0 104068.7224
6689.23 6689.23 0.0 104068.6060
6703.37 6703.37 0.0 104068.5054
6717.51 6717.51 0.0 104068.4243
6731.66 6731.66 0.0 104068.3579
6745.8 6745.8 0.0 104068.3123
6759.94 6759.94 0.0 104068.2781
6774.08 6774.08 0.0 104068.2625
6788.23 6788.23 0.0 104068.2600
6802.37 6802.37 0.0 104068.2756
6816.51 6816.51 0.0 104068.3057
6830.65 6830.65 0.0 104068.3513
6844.79 6844.79 0.0 104068.4104
6858.94 6858.94 0.0 104068.4846
6873.08 6873.08 0.0 104068.5735
6887.22 6887.22 0.0 104068.6768
6901.36 6901.36 0.0 104068.7930
6915.5 6915.5 0.0 104068.9250
6929.65 6929.65 0.0 104069.0674
6943.79 6943.79 0.0 104069.2268
6957.93 6957.93 0.0 104069.3953
6972.07 6972.07 0.0 104069.5784
6986.21 6986.21 0.0 104069.7703
