0.0 0.0 0.0 217016.9453
14.1421 14.1421 0.0 323677.8125
28.2843 28.2843 0.0 307255.6406
42.4264 42.4264 0.0 289043.9219
56.5685 56.5685 0.0 271481.3125
70.7107 70.7107 0.0 255478.5781
84.8528 84.8528 0.0 241182.7812
98.9949 98.9949 0.0 228475.4609
113.137 113.137 0.0 217173.4375
127.279 127.279 0.0 207096.5859
141.421 141.421 0.0 198086.7812
155.563 155.563 0.0 190009.6172
169.706 169.706 0.0 182751.3047
183.848 183.848 0.0 176216.7578
197.99 197.99 0.0 170323.1406
212.132 212.132 0.0 164999.3164
226.274 226.274 0.0 160183.3477
240.416 240.416 0.0 155820.9102
254.558 254.558 0.0 151864.1406
268.701 268.701 0.0 148270.4297
282.843 282.843 0.0 145002.7383
296.985 296.985 0.0 142027.4023
311.127 311.127 0.0 139314.6992
325.269 325.269 0.0 136838.2031
339.411 339.411 0.0 134574.2422
353.553 353.553 0.0 132501.8262
367.696 367.696 0.0 130602.0156
381.838 381.838 0.0 128858.2754
395.98 395.98 0.0 127255.4727
410.122 410.122 0.0 125780.2070
424.264 424.264 0.0 124420.4473
438.406 438.406 0.0 123165.4707
452.548 452.548 0.0 122005.6328
466.69 466.69 0.0 120932.3066
480.833 480.833 0.0 119937.6562
494.975 494.975 0.0 119014.8535
509.117 509.117 0.0 118157.5586
523.259 523.259 0.0 117360.1211
537.401 537.401 0.0 116617.4727
551.543 551.543 0.0 115924.9814
565.685 565.685 0.0 115278.5410
579.828 579.828 0.0 114674.3359
593.97 593.97 0.0 114109.0586
608.112 608.112 0.0 113579.5811
622.254 622.254 0.0 113083.1084
636.396 636.396 0.0 112617.1094
650.538 650.538 0.0 112179.2559
664.68 664.68 0.0 111767.4473
678.823 678.823 0.0 111379.7363
692.965 692.965 0.0 111014.4385
707.107 707.107 0.0 110669.9023
721.249 721.249 0.0 110344.6631
735.391 735.391 0.0 110037.3809
749.533 749.533 0.0 109746.8223
763.675 763.675 0.0 109471.8486
777.817 777.817 0.0 109211.4219
791.96 791.96 0.0 108964.5630
806.102 806.102 0.0 108730.4331
820.244 820.244 0.0 108508.1802
834.386 834.386 0.0 108297.0693
848.528 848.528 0.0 108096.3887
862.67 862.67 0.0 107905.5039
876.812 876.812 0.0 107723.8149
890.955 890.955 0.0 107550.7651
905.097 905.097 0.0 107385.8496
919.239 919.239 0.0 107228.5869
933.381 933.381 0.0 107078.5405
947.523 947.523 0.0 106935.2817
961.665 961.665 0.0 106798.4419
975.807 975.807 0.0 106667.6523
989.949 989.949 0.0 106542.5767
1004.09 1004.09 0.0 106422.9180
1018.23 1018.23 0.0 106308.3818
1032.38 1032.38 0.0 106198.6074
1046.52 1046.52 0.0 106093.4990
1060.66 1060.66 0.0 105992.7261
1074.8 1074.8 0.0 105896.0776
1088.94 1088.94 0.0 105803.3354
1103.09 1103.09 0.0 105714.2412
1117.23 1117.23 0.0 105628.7354
1131.37 1131.37 0.0 105546.5786
1145.51 1145.51 0.0 105467.6074
1159.66 1159.66 0.0 105391.6116
1173.8 1173.8 0.0 105318.5564
1187.94 1187.94 0.0 105248.2439
1202.08 1202.08 0.0 105180.5508
1216.22 1216.22 0.0 105115.3506
1230.37 1230.37 0.0 105052.4819
1244.51 1244.51 0.0 104991.9302
1258.65 1258.65 0.0 104933.5432
1272.79 1272.79 0.0 104877.2219
1286.93 1286.93 0.0 104822.8772
1301.08 1301.08 0.0 104770.3823
1315.22 1315.22 0.0 104719.7271
1329.36 1329.36 0.0 104670.7996
1343.5 1343.5 0.0 104623.5166
1357.65 1357.65 0.0 104577.7869
1371.79 1371.79 0.0 104533.6013
1385.93 1385.93 0.0 104490.8623
1400.07 1400.07 0.0 104449.5110
1414.21 1414.21 0.0 104409.4875
1428.36 1428.36 0.0 104370.7126
1442.5 1442.5 0.0 104333.1877
1456.64 1456.64 0.0 104296.8345
1470.78 1470.78 0.0 104261.6079
1484.92 1484.92 0.0 104227.4614
1499.07 1499.07 0.0 104194.3210
1513.21 1513.21 0.0 104162.2068
1527.35 1527.35 0.0 104131.0498
1541.49 1541.49 0.0 104100.8054
1555.63 1555.63 0.0 104071.4465
1569.78 1569.78 0.0 104042.9177
1583.92 1583.92 0.0 104015.2256
1598.06 1598.06 0.0 103988.3188
1612.2 1612.2 0.0 103962.1665
1626.35 1626.35 0.0 103936.7222
1640.49 1640.49 0.0 103911.9998
1654.63 1654.63 0.0 103887.9458
1668.77 1668.77 0.0 103864.5442
1682.91 1682.91 0.0 103841.7659
1697.06 1697.06 0.0 103819.5752
1711.2 1711.2 0.0 103797.9795
1725.34 1725.34 0.0 103776.9419
1739.48 1739.48 0.0 103756.4426
1753.62 1753.62 0.0 103736.4641
1767.77 1767.77 0.0 103716.9739
1781.91 1781.91 0.0 103697.9805
1796.05 1796.05 0.0 103679.4524
1810.19 1810.19 0.0 103661.3718
1824.34 1824.34 0.0 103643.7153
1838.48 1838.48 0.0 103626.4888
1852.62 1852.62 0.0 103609.6672
1866.76 1866.76 0.0 103593.2385
1880.9 1880.9 0.0 103577.1819
1895.05 1895.05 0.0 103561.4800
1909.19 1909.19 0.0 103546.1421
1923.33 1923.33 0.0 103531.1382
1937.47 1937.47 0.0 103516.4717
1951.61 1951.61 0.0 103502.1160
1965.76 1965.76 0.0 103488.0605
1979.9 1979.9 0.0 103474.3064
1994.04 1994.04 0.0 103460.8411
2008.18 2008.18 0.0 103447.6499
2022.33 2022.33 0.0 103434.7214
2036.47 2036.47 0.0 103422.0591
2050.61 2050.61 0.0 103409.6467
2064.75 2064.75 0.0 103397.4773
2078.89 2078.89 0.0 103385.5427
2093.04 2093.04 0.0 103373.8252
2107.18 2107.18 0.0 103362.3354
2121.32 2121.32 0.0 103351.0587
2135.46 2135.46 0.0 103339.9862
2149.6 2149.6 0.0 103329.1117
2163.75 2163.75 0.0 103318.4221
2177.89 2177.89 0.0 103307.9276
2192.03 2192.03 0.0 103297.6136
2206.17 2206.17 0.0 103287.4734
2220.32 2220.32 0.0 103277.4958
2234.46 2234.46 0.0 103267.6892
2248.6 2248.6 0.0 103258.0404
2262.74 2262.74 0.0 103248.5439
2276.88 2276.88 0.0 103239.1981
2291.03 2291.03 0.0 103229.9902
2305.17 2305.17 0.0 103220.9296
2319.31 2319.31 0.0 103211.9999
2333.45 2333.45 0.0 103203.2053
2347.59 2347.59 0.0 103194.5365
2361.74 2361.74 0.0 103185.9836
2375.88 2375.88 0.0 103177.5575
2390.02 2390.02 0.0 103169.2466
2404.16 2404.16 0.0 103161.0499
2418.31 2418.31 0.0 103152.9534
2432.45 2432.45 0.0 103144.9688
2446.59 2446.59 0.0 103137.0854
2460.73 2460.73 0.0 103129.3031
2474.87 2474.87 0.0 103121.6160
2489.02 2489.02 0.0 103114.0187
2503.16 2503.16 0.0 103106.5154
2517.3 2517.3 0.0 103099.0994
2531.44 2531.44 0.0 103091.7704
2545.58 2545.58 0.0 103084.5229
2559.73 2559.73 0.0 103077.3503
2573.87 2573.87 0.0 103070.2609
2588.01 2588.01 0.0 103063.2473
2602.15 2602.15 0.0 103056.3058
2616.3 2616.3 0.0 103049.4320
2630.44 2630.44 0.0 103042.6313
2644.58 2644.58 0.0 103035.8976
2658.72 2658.72 0.0 103029.2299
2672.86 2672.86 0.0 103022.6244
2687.01 2687.01 0.0 103016.0753
2701.15 2701.15 0.0 103009.5916
2715.29 2715.29 0.0 103003.1686
2729.43 2729.43 0.0 102996.7979
2743.57 2743.57 0.0 102990.4814
2757.72 2757.72 0.0 102984.2159
2771.86 2771.86 0.0 102978.0054
2786.0 2786.0 0.0 102971.8455
2800.14 2800.14 0.0 102965.7352
2814.28 2814.28 0.0 102959.6718
2828.43 2828.43 0.0 102953.6490
2842.57 2842.57 0.0 102947.6766
2856.71 2856.71 0.0 102941.7491
2870.85 2870.85 0.0 102935.8632
2885.0 2885.0 0.0 102930.0146
2899.14 2899.14 0.0 102924.2095
2913.28 2913.28 0.0 102918.4427
2927.42 2927.42 0.0 102912.7166
2941.56 2941.56 0.0 102907.0275
2955.71 2955.71 0.0 102901.3684
2969.85 2969.85 0.0 102895.7499
2983.99 2983.99 0.0 102890.1678
2998.13 2998.13 0.0 102884.6172
3012.27 3012.27 0.0 102879.0984
3026.42 3026.42 0.0 102873.6094
3040.56 3040.56 0.0 102868.1536
3054.7 3054.7 0.0 102862.7280
3068.84 3068.84 0.0 102857.3333
3082.99 3082.99 0.0 102851.9633
3097.13 3097.13 0.0 102846.6251
3111.27 3111.27 0.0 102841.3141
3125.41 3125.41 0.0 102836.0319
3139.55 3139.55 0.0 102830.7722
3153.7 3153.7 0.0 102825.5375
3167.84 3167.84 0.0 102820.3314
3181.98 3181.98 0.0 102815.1477
3196.12 3196.12 0.0 102809.9897
3210.26 3210.26 0.0 102804.8560
3224.41 3224.41 0.0 102799.7379
3238.55 3238.55 0.0 102794.6500
3252.69 3252.69 0.0 102789.5834
3266.83 3266.83 0.0 102784.5380
3280.98 3280.98 0.0 102779.5083
3295.12 3295.12 0.0 102774.5054
3309.26 3309.26 0.0 102769.5204
3323.4 3323.4 0.0 102764.5573
3337.54 3337.54 0.0 102759.6139
3351.69 3351.69 0.0 102754.6841
3365.83 3365.83 0.0 102749.7767
3379.97 3379.97 0.0 102744.8904
3394.11 3394.11 0.0 102740.0226
3408.25 3408.25 0.0 102735.1702
3422.4 3422.4 0.0 102730.3331
3436.54 3436.54 0.0 102725.5159
3450.68 3450.68 0.0 102720.7164
3464.82 3464.82 0.0 102715.9343
3478.97 3478.97 0.0 102711.1652
3493.11 3493.11 0.0 102706.4128
3507.25 3507.25 0.0 102701.6802
3521.39 3521.39 0.0 102696.9612
3535.53 3535.53 0.0 102692.2596
3549.68 3549.68 0.0 102687.5696
3563.82 3563.82 0.0 102682.8970
3577.96 3577.96 0.0 102678.2404
3592.1 3592.1 0.0 102673.5972
3606.24 3606.24 0.0 102668.9698
3620.39 3620.39 0.0 102664.3539
3634.53 3634.53 0.0 102659.7557
3648.67 3648.67 0.0 102655.1700
3662.81 3662.81 0.0 102650.5996
3676.96 3676.96 0.0 102646.0404
3691.1 3691.1 0.0 102641.4965
3705.24 3705.24 0.0 102636.9667
3719.38 3719.38 0.0 102632.4506
3733.52 3733.52 0.0 102627.9475
3747.67 3747.67 0.0 102623.4546
3761.81 3761.81 0.0 102618.9794
3775.95 3775.95 0.0 102614.5166
3790.09 3790.09 0.0 102610.0662
3804.23 3804.23 0.0 102605.6273
3818.38 3818.38 0.0 102601.2009
3832.52 3832.52 0.0 102596.7885
3846.66 3846.66 0.0 102592.3889
3860.8 3860.8 0.0 102588.0016
3874.95 3874.95 0.0 102583.6227
3889.09 3889.09 0.0 102579.2615
3903.23 3903.23 0.0 102574.9106
3917.37 3917.37 0.0 102570.5730
3931.51 3931.51 0.0 102566.2463
3945.66 3945.66 0.0 102561.9312
3959.8 3959.8 0.0 102557.6299
3973.94 3973.94 0.0 102553.3398
3988.08 3988.08 0.0 102549.0624
4002.22 4002.22 0.0 102544.7953
4016.37 4016.37 0.0 102540.5389
4030.51 4030.51 0.0 102536.2976
4044.65 4044.65 0.0 102532.0674
4058.79 4058.79 0.0 102527.8497
4072.94 4072.94 0.0 102523.6394
4087.08 4087.08 0.0 102519.4437
4101.22 4101.22 0.0 102515.2605
4115.36 4115.36 0.0 102511.0886
4129.5 4129.5 0.0 102506.9277
4143.65 4143.65 0.0 102502.7755
4157.79 4157.79 0.0 102498.6394
4171.93 4171.93 0.0 102494.5134
4186.07 4186.07 0.0 102490.3995
4200.21 4200.21 0.0 102486.2971
4214.36 4214.36 0.0 102482.2028
4228.5 4228.5 0.0 102478.1234
4242.64 4242.64 0.0 102474.0544
