0.0 0.0 0.0 375700.0000
14.1421 14.1421 0.0 2583457.5000
28.2843 28.2843 0.0 2272944.0000
42.4264 42.4264 0.0 1915017.8750
56.5685 56.5685 0.0 1577653.2500
70.7107 70.7107 0.0 1285559.6250
84.8528 84.8528 0.0 1045024.2500
98.9949 98.9949 0.0 853224.0625
113.137 113.137 0.0 703272.5625
127.279 127.279 0.0 587211.8750
141.421 141.421 0.0 497618.5000
155.563 155.563 0.0 428268.4375
169.706 169.706 0.0 374243.1250
183.848 183.848 0.0 331799.1875
197.99 197.99 0.0 298122.1562
212.132 212.132 0.0 271123.1875
226.274 226.274 0.0 249250.6875
240.416 240.416 0.0 231349.4297
254.558 254.558 0.0 216553.4062
268.701 268.701 0.0 204208.3828
282.843 282.843 0.0 193818.6016
296.985 296.985 0.0 185000.9531
311.127 311.127 0.0 177459.2656
325.269 325.269 0.0 170962.0234
339.411 339.411 0.0 165326.5820
353.553 353.553 0.0 160407.6836
367.696 367.696 0.0 156088.6367
381.838 381.838 0.0 152275.8516
395.98 395.98 0.0 148892.3789
410.122 410.122 0.0 145875.4258
424.264 424.264 0.0 143173.1992
438.406 438.406 0.0 140742.6133
452.548 452.548 0.0 138547.7070
466.69 466.69 0.0 136558.2930
480.833 480.833 0.0 134748.6719
494.975 494.975 0.0 133097.4609
509.117 509.117 0.0 131586.0371
523.259 523.259 0.0 130198.4688
537.401 537.401 0.0 128921.1797
551.543 551.543 0.0 127742.3496
565.685 565.685 0.0 126651.6797
579.828 579.828 0.0 125640.2070
593.97 593.97 0.0 124700.2441
608.112 608.112 0.0 123824.8691
622.254 622.254 0.0 123008.0156
636.396 636.396 0.0 122244.3496
650.538 650.538 0.0 121529.1367
664.68 664.68 0.0 120858.1895
678.823 678.823 0.0 120227.6797
692.965 692.965 0.0 119634.3828
707.107 707.107 0.0 119075.2129
721.249 721.249 0.0 118547.4980
735.391 735.391 0.0 118048.7871
749.533 749.533 0.0 117576.8955
763.675 763.675 0.0 117129.8389
777.817 777.817 0.0 116705.8232
791.96 791.96 0.0 116303.1621
806.102 806.102 0.0 115920.4541
820.244 820.244 0.0 115556.2891
834.386 834.386 0.0 115209.4473
848.528 848.528 0.0 114878.7861
862.67 862.67 0.0 114563.2500
876.812 876.812 0.0 114261.9082
890.955 890.955 0.0 113973.8398
905.097 905.097 0.0 113698.3018
919.239 919.239 0.0 113434.5029
933.381 933.381 0.0 113181.7568
947.523 947.523 0.0 112939.4199
961.665 961.665 0.0 112706.9160
975.807 975.807 0.0 112483.6855
989.949 989.949 0.0 112269.2207
1004.09 1004.09 0.0 112063.0527
1018.23 1018.23 0.0 111864.7646
1032.38 1032.38 0.0 111673.7617
1046.52 1046.52 0.0 111489.9492
1060.66 1060.66 0.0 111312.8252
1074.8 1074.8 0.0 111142.0518
1088.94 1088.94 0.0 110977.3252
1103.09 1103.09 0.0 110818.2285
1117.23 1117.23 0.0 110664.7148
1131.37 1131.37 0.0 110516.4043
1145.51 1145.51 0.0 110373.0605
1159.66 1159.66 0.0 110234.3574
1173.8 1173.8 0.0 110100.2598
1187.94 1187.94 0.0 109970.4805
1202.08 1202.08 0.0 109844.8252
1216.22 1216.22 0.0 109723.1025
1230.37 1230.37 0.0 109605.0693
1244.51 1244.51 0.0 109490.7153
1258.65 1258.65 0.0 109379.8257
1272.79 1272.79 0.0 109272.2383
1286.93 1286.93 0.0 109167.8193
1301.08 1301.08 0.0 109066.3613
1315.22 1315.22 0.0 108967.8994
1329.36 1329.36 0.0 108872.2300
1343.5 1343.5 0.0 108779.2446
1357.65 1357.65 0.0 108688.7788
1371.79 1371.79 0.0 108600.8521
1385.93 1385.93 0.0 108515.3169
1400.07 1400.07 0.0 108432.0669
1414.21 1414.21 0.0 108351.0259
1428.36 1428.36 0.0 108272.0479
1442.5 1442.5 0.0 108195.1694
1456.64 1456.64 0.0 108120.2588
1470.78 1470.78 0.0 108047.2388
1484.92 1484.92 0.0 107976.0537
1499.07 1499.07 0.0 107906.5796
1513.21 1513.21 0.0 107838.8481
1527.35 1527.35 0.0 107772.7583
1541.49 1541.49 0.0 107708.2524
1555.63 1555.63 0.0 107645.2671
1569.78 1569.78 0.0 107583.7134
1583.92 1583.92 0.0 107523.6270
1598.06 1598.06 0.0 107464.9155
1612.2 1612.2 0.0 107407.5386
1626.35 1626.35 0.0 107351.4014
1640.49 1640.49 0.0 107296.5410
1654.63 1654.63 0.0 107242.8877
1668.77 1668.77 0.0 107190.4009
1682.91 1682.91 0.0 107139.0308
1697.06 1697.06 0.0 107088.7173
1711.2 1711.2 0.0 107039.4966
1725.34 1725.34 0.0 106991.2925
1739.48 1739.48 0.0 106944.0762
1753.62 1753.62 0.0 106897.8193
1767.77 1767.77 0.0 106852.4600
1781.91 1781.91 0.0 106808.0283
1796.05 1796.05 0.0 106764.4746
1810.19 1810.19 0.0 106721.7651
1824.34 1824.34 0.0 106679.8486
1838.48 1838.48 0.0 106638.7549
1852.62 1852.62 0.0 106598.4375
1866.76 1866.76 0.0 106558.8677
1880.9 1880.9 0.0 106520.0269
1895.05 1895.05 0.0 106481.8682
1909.19 1909.19 0.0 106444.4248
1923.33 1923.33 0.0 106407.6514
1937.47 1937.47 0.0 106371.5229
1951.61 1951.61 0.0 106336.0225
1965.76 1965.76 0.0 106301.1172
1979.9 1979.9 0.0 106266.8325
1994.04 1994.04 0.0 106233.1250
2008.18 2008.18 0.0 106199.9800
2022.33 2022.33 0.0 106167.3672
2036.47 2036.47 0.0 106135.3105
2050.61 2050.61 0.0 106103.7720
2064.75 2064.75 0.0 106072.7427
2078.89 2078.89 0.0 106042.2041
2093.04 2093.04 0.0 106012.1318
2107.18 2107.18 0.0 105982.5469
2121.32 2121.32 0.0 105953.4175
2135.46 2135.46 0.0 105924.7339
2149.6 2149.6 0.0 105896.4824
2163.75 2163.75 0.0 105868.6372
2177.89 2177.89 0.0 105841.2334
2192.03 2192.03 0.0 105814.2236
2206.17 2206.17 0.0 105787.6133
2220.32 2220.32 0.0 105761.3608
2234.46 2234.46 0.0 105735.5083
2248.6 2248.6 0.0 105710.0200
2262.74 2262.74 0.0 105684.8892
2276.88 2276.88 0.0 105660.1143
2291.03 2291.03 0.0 105635.6602
2305.17 2305.17 0.0 105611.5620
2319.31 2319.31 0.0 105587.7871
2333.45 2333.45 0.0 105564.3350
2347.59 2347.59 0.0 105541.1987
2361.74 2361.74 0.0 105518.3477
2375.88 2375.88 0.0 105495.8169
2390.02 2390.02 0.0 105473.5791
2404.16 2404.16 0.0 105451.6299
2418.31 2418.31 0.0 105429.9448
2432.45 2432.45 0.0 105408.5562
2446.59 2446.59 0.0 105387.4341
2460.73 2460.73 0.0 105366.5801
2474.87 2474.87 0.0 105345.9900
2489.02 2489.02 0.0 105325.6362
2503.16 2503.16 0.0 105305.5496
2517.3 2517.3 0.0 105285.7073
2531.44 2531.44 0.0 105266.1094
2545.58 2545.58 0.0 105246.7505
2559.73 2559.73 0.0 105227.6089
2573.87 2573.87 0.0 105208.7109
2588.01 2588.01 0.0 105190.0415
2602.15 2602.15 0.0 105171.5847
2616.3 2616.3 0.0 105153.3396
2630.44 2630.44 0.0 105135.3223
2644.58 2644.58 0.0 105117.5142
2658.72 2658.72 0.0 105099.9133
2672.86 2672.86 0.0 105082.5171
2687.01 2687.01 0.0 105065.3076
2701.15 2701.15 0.0 105048.3081
2715.29 2715.29 0.0 105031.5076
2729.43 2729.43 0.0 105014.8950
2743.57 2743.57 0.0 104998.4756
2757.72 2757.72 0.0 104982.2302
2771.86 2771.86 0.0 104966.1812
2786.0 2786.0 0.0 104950.3096
2800.14 2800.14 0.0 104934.6204
2814.28 2814.28 0.0 104919.1047
2828.43 2828.43 0.0 104903.7566
2842.57 2842.57 0.0 104888.5889
2856.71 2856.71 0.0 104873.5918
2870.85 2870.85 0.0 104858.7625
2885.0 2885.0 0.0 104844.0881
2899.14 2899.14 0.0 104829.5884
2913.28 2913.28 0.0 104815.2480
2927.42 2927.42 0.0 104801.0720
2941.56 2941.56 0.0 104787.0508
2955.71 2955.71 0.0 104773.1794
2969.85 2969.85 0.0 104759.4700
2983.99 2983.99 0.0 104745.9143
2998.13 2998.13 0.0 104732.5093
3012.27 3012.27 0.0 104719.2568
3026.42 3026.42 0.0 104706.1396
3040.56 3040.56 0.0 104693.1819
3054.7 3054.7 0.0 104680.3667
3068.84 3068.84 0.0 104667.6953
3082.99 3082.99 0.0 104655.1575
3097.13 3097.13 0.0 104642.7754
3111.27 3111.27 0.0 104630.5276
3125.41 3125.41 0.0 104618.4204
3139.55 3139.55 0.0 104606.4529
3153.7 3153.7 0.0 104594.6113
3167.84 3167.84 0.0 104582.9133
3181.98 3181.98 0.0 104571.3481
3196.12 3196.12 0.0 104559.9160
3210.26 3210.26 0.0 104548.6167
3224.41 3224.41 0.0 104537.4424
3238.55 3238.55 0.0 104526.4026
3252.69 3252.69 0.0 104515.4917
3266.83 3266.83 0.0 104504.7090
3280.98 3280.98 0.0 104494.0469
3295.12 3295.12 0.0 104483.5171
3309.26 3309.26 0.0 104473.1165
3323.4 3323.4 0.0 104462.8320
3337.54 3337.54 0.0 104452.6812
3351.69 3351.69 0.0 104442.6355
3365.83 3365.83 0.0 104432.7258
3379.97 3379.97 0.0 104422.9333
3394.11 3394.11 0.0 104413.2595
3408.25 3408.25 0.0 104403.7085
3422.4 3422.4 0.0 104394.2686
3436.54 3436.54 0.0 104384.9539
3450.68 3450.68 0.0 104375.7544
3464.82 3464.82 0.0 104366.6726
3478.97 3478.97 0.0 104357.6995
3493.11 3493.11 0.0 104348.8481
3507.25 3507.25 0.0 104340.1106
3521.39 3521.39 0.0 104331.4866
3535.53 3535.53 0.0 104322.9756
3549.68 3549.68 0.0 104314.5715
3563.82 3563.82 0.0 104306.2844
3577.96 3577.96 0.0 104298.1111
3592.1 3592.1 0.0 104290.0461
3606.24 3606.24 0.0 104282.0916
3620.39 3620.39 0.0 104274.2385
3634.53 3634.53 0.0 104266.5059
3648.67 3648.67 0.0 104258.8770
3662.81 3662.81 0.0 104251.3572
3676.96 3676.96 0.0 104243.9397
3691.1 3691.1 0.0 104236.6360
3705.24 3705.24 0.0 104229.4358
3719.38 3719.38 0.0 104222.3416
3733.52 3733.52 0.0 104215.3528
3747.67 3747.67 0.0 104208.4636
3761.81 3761.81 0.0 104201.6863
3775.95 3775.95 0.0 104195.0068
3790.09 3790.09 0.0 104188.4373
3804.23 3804.23 0.0 104181.9683
3818.38 3818.38 0.0 104175.5991
3832.52 3832.52 0.0 104169.3325
3846.66 3846.66 0.0 104163.1699
3860.8 3860.8 0.0 104157.1072
3874.95 3874.95 0.0 104151.1409
3889.09 3889.09 0.0 104145.2839
3903.23 3903.23 0.0 104139.5203
3917.37 3917.37 0.0 104133.8599
3931.51 3931.51 0.0 104128.2959
3945.66 3945.66 0.0 104122.8286
3959.8 3959.8 0.0 104117.4634
3973.94 3973.94 0.0 104112.1960
3988.08 3988.08 0.0 104107.0288
4002.22 4002.22 0.0 104101.9570
4016.37 4016.37 0.0 104096.9751
4030.51 4030.51 0.0 104092.0981
4044.65 4044.65 0.0 104087.3167
4058.79 4058.79 0.0 104082.6299
4072.94 4072.94 0.0 104078.0339
4087.08 4087.08 0.0 104073.5374
4101.22 4101.22 0.0 104069.1353
4115.36 4115.36 0.0 104064.8293
4129.5 4129.5 0.0 104060.6157
4143.65 4143.65 0.0 104056.4934
4157.79 4157.79 0.0 104052.4680
4171.93 4171.93 0.0 104048.5366
4186.07 4186.07 0.0 104044.6956
4200.21 4200.21 0.0 104040.9487
4214.36 4214.36 0.0 104037.2913
4228.5 4228.5 0.0 104033.7288
4242.64 4242.64 0.0 104030.2588
4256.78 4256.78 0.0 104026.8779
4270.92 4270.92 0.0 104023.5898
4285.07 4285.07 0.0 104020.3921
4299.21 4299.21 0.0 104017.2839
4313.35 4313.35 0.0 104014.2700
4327.49 4327.49 0.0 104011.3442
4341.64 4341.64 0.0 104008.5034
4355.78 4355.78 0.0 104005.7573
4369.92 4369.92 0.0 104003.0981
4384.06 4384.06 0.0 104000.5310
4398.2 4398.2 0.0 103998.0513
4412.35 4412.35 0.0 103995.6582
4426.49 4426.49 0.0 103993.3572
4440.63 4440.63 0.0 103991.1421
4454.77 4454.77 0.0 103989.0166
4468.91 4468.91 0.0 103986.9758
4483.06 4483.06 0.0 103985.0222
4497.2 4497.2 0.0 103983.1580
4511.34 4511.34 0.0 103981.3813
4525.48 4525.48 0.0 103979.6895
4539.63 4539.63 0.0 103978.0857
4553.77 4553.77 0.0 103976.5688
4567.91 4567.91 0.0 103975.1384
4582.05 4582.05 0.0 103973.7910
4596.19 4596.19 0.0 103972.5312
4610.34 4610.34 0.0 103971.3564
4624.48 4624.48 0.0 103970.2678
4638.62 4638.62 0.0 103969.2639
4652.76 4652.76 0.0 103968.3464
4666.9 4666.9 0.0 103967.5105
4681.05 4681.05 0.0 103966.7632
4695.19 4695.19 0.0 103966.0989
4709.33 4709.33 0.0 103965.5193
4723.47 4723.47 0.0 103965.0225
4737.62 4737.62 0.0 103964.6104
4751.76 4751.76 0.0 103964.2834
4765.9 4765.9 0.0 103964.0386
4780.04 4780.04 0.0 103963.8774
4794.18 4794.18 0.0 103963.7971
4808.33 4808.33 0.0 103963.8059
4822.47 4822.47 0.0 103963.8936
4836.61 4836.61 0.0 103964.0635
4850.75 4850.75 0.0 103964.3186
4864.89 4864.89 0.0 103964.6555
4879.04 4879.04 0.0 103965.0742
4893.18 4893.18 0.0 103965.5759
4907.32 4907.32 0.0 103966.1570
4921.46 4921.46 0.0 103966.8262
4935.61 4935.61 0.0 103967.5723
4949.75 4949.75 0.0 103968.4016
4963.89 4963.89 0.0 103969.3132
4978.03 4978.03 0.0 103970.3030
4992.17 4992.17 0.0 103971.3789
5006.32 5006.32 0.0 103972.5337
5020.46 5020.46 0.0 103973.7695
5034.6 5034.6 0.0 103975.0867
5048.74 5048.74 0.0 103976.4817
5062.88 5062.88 0.0 103977.9617
5077.03 5077.03 0.0 103979.5225
5091.17 5091.17 0.0 103981.1614
5105.31 5105.31 0.0 103982.8848
5119.45 5119.45 0.0 103984.6824
5133.6 5133.6 0.0 103986.5654
5147.74 5147.74 0.0 103988.5242
5161.88 5161.88 0.0 103990.5684
5176.02 5176.02 0.0 103992.6865
5190.16 5190.16 0.0 103994.8850
5204.31 5204.31 0.0 103997.1670
5218.45 5218.45 0.0 103999.5259
5232.59 5232.59 0.0 104001.9658
5246.73 5246.73 0.0 104004.4834
5260.87 5260.87 0.0 104007.0801
5275.02 5275.02 0.0 104009.7585
5289.16 5289.16 0.0 104012.5149
5303.3 5303.3 0.0 104015.3489
5317.44 5317.44 0.0 104018.2622
5331.59 5331.59 0.0 104021.2546
5345.73 5345.73 0.0 104024.3291
5359.87 5359.87 0.0 104027.4763
5374.01 5374.01 0.0 104030.7017
5388.15 5388.15 0.0 104034.0088
5402.3 5402.3 0.0 104037.3955
5416.44 5416.44 0.0 104040.8567
5430.58 5430.58 0.0 104044.3977
5444.72 5444.72 0.0 104048.0139
5458.86 5458.86 0.0 104051.7109
5473.01 5473.01 0.0 104055.4880
5487.15 5487.15 0.0 104059.3342
5501.29 5501.29 0.0 104063.2627
5515.43 5515.43 0.0 104067.2712
5529.58 5529.58 0.0 104071.3577
5543.72 5543.72 0.0 104075.5168
5557.86 5557.86 0.0 104079.7529
5572.0 5572.0 0.0 104084.0693
5586.14 5586.14 0.0 104088.4587
5600.29 5600.29 0.0 104092.9285
5614.43 5614.43 0.0 104097.4729
5628.57 5628.57 0.0 104102.0933
5642.71 5642.71 0.0 104106.7891
5656.85 5656.85 0.0 104111.5669
5671.0 5671.0 0.0 104116.4199
5685.14 5685.14 0.0 104121.3447
5699.28 5699.28 0.0 104126.3452
5713.42 5713.42 0.0 104131.4238
5727.56 5727.56 0.0 104136.5789
5741.71 5741.71 0.0 104141.8076
5755.85 5755.85 0.0 104147.1135
5769.99 5769.99 0.0 104152.4910
5784.13 5784.13 0.0 104157.9490
5798.28 5798.28 0.0 104163.4822
5812.42 5812.42 0.0 104169.0847
5826.56 5826.56 0.0 104174.7659
5840.7 5840.7 0.0 104180.5159
5854.84 5854.84 0.0 104186.3435
5868.99 5868.99 0.0 104192.2517
5883.13 5883.13 0.0 104198.2297
5897.27 5897.27 0.0 104204.2803
5911.41 5911.41 0.0 104210.4055
5925.55 5925.55 0.0 104216.6001
5939.7 5939.7 0.0 104222.8770
5953.84 5953.84 0.0 104229.2227
5967.98 5967.98 0.0 104235.6406
5982.12 5982.12 0.0 104242.1338
5996.27 5996.27 0.0 104248.6985
6010.41 6010.41 0.0 104255.3367
6024.55 6024.55 0.0 104262.0471
6038.69 6038.69 0.0 104268.8259
6052.83 6052.83 0.0 104275.6797
6066.98 6066.98 0.0 104282.6096
6081.12 6081.12 0.0 104289.6069
6095.26 6095.26 0.0 104296.6731
6109.4 6109.4 0.0 104303.8130
6123.54 6123.54 0.0 104311.0234
6137.69 6137.69 0.0 104318.3088
6151.83 6151.83 0.0 104325.6606
6165.97 6165.97 0.0 104333.0815
6180.11 6180.11 0.0 104340.5728
6194.26 6194.26 0.0 104348.1401
6208.4 6208.4 0.0 104355.7739
6222.54 6222.54 0.0 104363.4707
6236.68 6236.68 0.0 104371.2419
6250.82 6250.82 0.0 104379.0823
6264.97 6264.97 0.0 104386.9939
6279.11 6279.11 0.0 104394.9670
6293.25 6293.25 0.0 104403.0110
6307.39 6307.39 0.0 104411.1226
6321.53 6321.53 0.0 104419.3025
6335.68 6335.68 0.0 104427.5544
6349.82 6349.82 0.0 104435.8669
6363.96 6363.96 0.0 104444.2405
6378.1 6378.1 0.0 104452.6870
6392.25 6392.25 0.0 104461.2070
6406.39 6406.39 0.0 104469.7817
6420.53 6420.53 0.0 104478.4204
6434.67 6434.67 0.0 104487.1265
6448.81 6448.81 0.0 104495.8972
6462.96 6462.96 0.0 104504.7375
6477.1 6477.1 0.0 104513.6406
6491.24 6491.24 0.0 104522.6006
6505.38 6505.38 0.0 104531.6238
6519.52 6519.52 0.0 104540.7104
6533.67 6533.67 0.0 104549.8694
6547.81 6547.81 0.0 104559.0833
6561.95 6561.95 0.0 104568.3557
6576.09 6576.09 0.0 104577.6890
6590.24 6590.24 0.0 104587.0911
6604.38 6604.38 0.0 104596.5481
6618.52 6618.52 0.0 104606.0625
6632.66 6632.66 0.0 104615.6340
6646.8 6646.8 0.0 104625.2664
6660.95 6660.95 0.0 104634.9648
6675.09 6675.09 0.0 104644.7139
6689.23 6689.23 0.0 104654.5264
6703.37 6703.37 0.0 104664.3840
6717.51 6717.51 0.0 104674.3086
6731.66 6731.66 0.0 104684.2920
6745.8 6745.8 0.0 104694.3206
6759.94 6759.94 0.0 104704.4080
6774.08 6774.08 0.0 104714.5518
6788.23 6788.23 0.0 104724.7546
6802.37 6802.37 0.0 104735.0049
6816.51 6816.51 0.0 104745.3052
6830.65 6830.65 0.0 104755.6626
6844.79 6844.79 0.0 104766.0647
6858.94 6858.94 0.0 104776.5312
6873.08 6873.08 0.0 104787.0391
6887.22 6887.22 0.0 104797.5989
6901.36 6901.36 0.0 104808.2041
6915.5 6915.5 0.0 104818.8650
6929.65 6929.65 0.0 104829.5752
6943.79 6943.79 0.0 104840.3281
6957.93 6957.93 0.0 104851.1223
6972.07 6972.07 0.0 104861.9712
6986.21 6986.21 0.0 104872.8623
