0.0 0.0 0.0 219682.2500
14.1421 14.1421 0.0 383492.5000
28.2843 28.2843 0.0 381110.7812
42.4264 42.4264 0.0 378870.7188
56.5685 56.5685 0.0 376742.9688
70.7107 70.7107 0.0 374678.9062
84.8528 84.8528 0.0 372647.8438
98.9949 98.9949 0.0 370631.2500
113.137 113.137 0.0 368617.5938
127.279 127.279 0.0 366599.8438
141.421 141.421 0.0 364574.3750
155.563 155.563 0.0 362538.3906
169.706 169.706 0.0 360491.2656
183.848 183.848 0.0 358433.0000
197.99 197.99 0.0 356363.5625
212.132 212.132 0.0 354284.1250
226.274 226.274 0.0 352195.4062
240.416 240.416 0.0 350098.6875
254.558 254.558 0.0 347995.4844
268.701 268.701 0.0 345886.5625
282.843 282.843 0.0 343774.0312
296.985 296.985 0.0 341658.6719
311.127 311.127 0.0 339542.2344
325.269 325.269 0.0 337425.6250
339.411 339.411 0.0 335310.3125
353.553 353.553 0.0 333197.6250
367.696 367.696 0.0 331088.3125
381.838 381.838 0.0 328984.2031
395.98 395.98 0.0 326885.6875
410.122 410.122 0.0 324794.1562
424.264 424.264 0.0 322710.4219
438.406 438.406 0.0 320635.3281
452.548 452.548 0.0 318569.7656
466.69 466.69 0.0 316514.5312
480.833 480.833 0.0 314470.1250
494.975 494.975 0.0 312437.6719
509.117 509.117 0.0 310417.5312
523.259 523.259 0.0 308410.2344
537.401 537.401 0.0 306416.4375
551.543 551.543 0.0 304436.5625
565.685 565.685 0.0 302470.9375
579.828 579.828 0.0 300520.1094
593.97 593.97 0.0 298584.5156
608.112 608.112 0.0 296664.3594
622.254 622.254 0.0 294760.0625
636.396 636.396 0.0 292871.7500
650.538 650.538 0.0 290999.7344
664.68 664.68 0.0 289144.0938
678.823 678.823 0.0 287304.9688
692.965 692.965 0.0 285482.8750
707.107 707.107 0.0 283677.5000
721.249 721.249 0.0 281889.2188
735.391 735.391 0.0 280117.9844
749.533 749.533 0.0 278363.9688
763.675 763.675 0.0 276626.9688
777.817 777.817 0.0 274907.2188
791.96 791.96 0.0 273204.4688
806.102 806.102 0.0 271518.9531
820.244 820.244 0.0 269850.6875
834.386 834.386 0.0 268199.3906
848.528 848.528 0.0 266565.1875
862.67 862.67 0.0 264947.8125
876.812 876.812 0.0 263347.4219
890.955 890.955 0.0 261763.6562
905.097 905.097 0.0 260196.5938
919.239 919.239 0.0 258646.2031
933.381 933.381 0.0 257112.1562
947.523 947.523 0.0 255594.4844
961.665 961.665 0.0 254092.9688
975.807 975.807 0.0 252607.5469
989.949 989.949 0.0 251138.0156
1004.09 1004.09 0.0 249684.3125
1018.23 1018.23 0.0 248246.3438
1032.38 1032.38 0.0 246822.8438
1046.52 1046.52 0.0 245415.6719
1060.66 1060.66 0.0 244023.5625
1074.8 1074.8 0.0 242646.5156
1088.94 1088.94 0.0 241284.2344
1103.09 1103.09 0.0 239935.7031
1117.23 1117.23 0.0 238602.6094
1131.37 1131.37 0.0 237283.7969
1145.51 1145.51 0.0 235979.1094
1159.66 1159.66 0.0 234687.5625
1173.8 1173.8 0.0 233410.7344
1187.94 1187.94 0.0 232147.5859
1202.08 1202.08 0.0 230897.8828
1216.22 1216.22 0.0 229661.5156
1230.37 1230.37 0.0 228437.4922
1244.51 1244.51 0.0 227227.2656
1258.65 1258.65 0.0 226029.9297
1272.79 1272.79 0.0 224845.2656
1286.93 1286.93 0.0 223673.1328
1301.08 1301.08 0.0 222512.5234
1315.22 1315.22 0.0 221364.9375
1329.36 1329.36 0.0 220229.4453
1343.5 1343.5 0.0 219105.8125
1357.65 1357.65 0.0 217993.1875
1371.79 1371.79 0.0 216892.9453
1385.93 1385.93 0.0 215804.1875
1400.07 1400.07 0.0 214726.7109
1414.21 1414.21 0.0 213660.4453
1428.36 1428.36 0.0 212604.4844
1442.5 1442.5 0.0 211560.1719
1456.64 1456.64 0.0 210526.6250
1470.78 1470.78 0.0 209503.7344
1484.92 1484.92 0.0 208491.3516
1499.07 1499.07 0.0 207488.6719
1513.21 1513.21 0.0 206496.9375
1527.35 1527.35 0.0 205515.3906
1541.49 1541.49 0.0 204543.8281
1555.63 1555.63 0.0 203582.1719
1569.78 1569.78 0.0 202629.6562
1583.92 1583.92 0.0 201687.5078
1598.06 1598.06 0.0 200754.9219
1612.2 1612.2 0.0 199831.8047
1626.35 1626.35 0.0 198917.3750
1640.49 1640.49 0.0 198012.8359
1654.63 1654.63 0.0 197117.4688
1668.77 1668.77 0.0 196231.1172
1682.91 1682.91 0.0 195353.7500
1697.06 1697.06 0.0 194484.6250
1711.2 1711.2 0.0 193624.8359
1725.34 1725.34 0.0 192773.7422
1739.48 1739.48 0.0 191931.2422
1753.62 1753.62 0.0 191097.1875
1767.77 1767.77 0.0 190270.9609
1781.91 1781.91 0.0 189453.6562
1796.05 1796.05 0.0 188644.5547
1810.19 1810.19 0.0 187843.5938
1824.34 1824.34 0.0 187050.1562
1838.48 1838.48 0.0 186265.2500
1852.62 1852.62 0.0 185488.2422
1866.76 1866.76 0.0 184719.0625
1880.9 1880.9 0.0 183957.6562
1895.05 1895.05 0.0 183203.3828
1909.19 1909.19 0.0 182457.2188
1923.33 1923.33 0.0 181718.6250
1937.47 1937.47 0.0 180987.4922
1951.61 1951.61 0.0 180263.7266
1965.76 1965.76 0.0 179546.7812
1979.9 1979.9 0.0 178837.6172
1994.04 1994.04 0.0 178135.6094
2008.18 2008.18 0.0 177440.7344
2022.33 2022.33 0.0 176752.4219
2036.47 2036.47 0.0 176071.5938
2050.61 2050.61 0.0 175397.6953
2064.75 2064.75 0.0 174730.6406
2078.89 2078.89 0.0 174070.4219
2093.04 2093.04 0.0 173416.4297
2107.18 2107.18 0.0 172769.6172
2121.32 2121.32 0.0 172129.4219
2135.46 2135.46 0.0 171495.7812
2149.6 2149.6 0.0 170868.6094
2163.75 2163.75 0.0 170247.4922
2177.89 2177.89 0.0 169633.1719
2192.03 2192.03 0.0 169025.1875
2206.17 2206.17 0.0 168423.4453
2220.32 2220.32 0.0 167827.5312
2234.46 2234.46 0.0 167238.1953
2248.6 2248.6 0.0 166654.9453
2262.74 2262.74 0.0 166077.7500
2276.88 2276.88 0.0 165506.5664
2291.03 2291.03 0.0 164940.9102
2305.17 2305.17 0.0 164381.5430
2319.31 2319.31 0.0 163828.0117
2333.45 2333.45 0.0 163280.2695
2347.59 2347.59 0.0 162738.2500
2361.74 2361.74 0.0 162201.5078
2375.88 2375.88 0.0 161670.7930
2390.02 2390.02 0.0 161145.6445
2404.16 2404.16 0.0 160626.0234
2418.31 2418.31 0.0 160111.5000
2432.45 2432.45 0.0 159602.7578
2446.59 2446.59 0.0 159099.4062
2460.73 2460.73 0.0 158601.3906
2474.87 2474.87 0.0 158108.6289
2489.02 2489.02 0.0 157620.7305
2503.16 2503.16 0.0 157138.3711
2517.3 2517.3 0.0 156661.1211
2531.44 2531.44 0.0 156188.9531
2545.58 2545.58 0.0 155721.8359
2559.73 2559.73 0.0 155259.3398
2573.87 2573.87 0.0 154802.1133
2588.01 2588.01 0.0 154349.7734
2602.15 2602.15 0.0 153902.2812
2616.3 2616.3 0.0 153459.2539
2630.44 2630.44 0.0 153021.2812
2644.58 2644.58 0.0 152588.0000
2658.72 2658.72 0.0 152159.4219
2672.86 2672.86 0.0 151735.3906
2687.01 2687.01 0.0 151315.6445
2701.15 2701.15 0.0 150900.7148
2715.29 2715.29 0.0 150490.2461
2729.43 2729.43 0.0 150084.2109
2743.57 2743.57 0.0 149682.5430
2757.72 2757.72 0.0 149284.9414
2771.86 2771.86 0.0 148891.8984
2786.0 2786.0 0.0 148503.1289
2800.14 2800.14 0.0 148118.5469
2814.28 2814.28 0.0 147738.1367
2828.43 2828.43 0.0 147361.5781
2842.57 2842.57 0.0 146989.3594
2856.71 2856.71 0.0 146621.1680
2870.85 2870.85 0.0 146256.9688
2885.0 2885.0 0.0 145896.4570
2899.14 2899.14 0.0 145540.1211
2913.28 2913.28 0.0 145187.6758
2927.42 2927.42 0.0 144839.0117
2941.56 2941.56 0.0 144494.1523
2955.71 2955.71 0.0 144152.7969
2969.85 2969.85 0.0 143815.3906
2983.99 2983.99 0.0 143481.6289
2998.13 2998.13 0.0 143151.5117
3012.27 3012.27 0.0 142824.9609
3026.42 3026.42 0.0 142501.7383
3040.56 3040.56 0.0 142182.2539
3054.7 3054.7 0.0 141866.2344
3068.84 3068.84 0.0 141553.6680
3082.99 3082.99 0.0 141244.2539
3097.13 3097.13 0.0 140938.4023
3111.27 3111.27 0.0 140635.8945
3125.41 3125.41 0.0 140336.6602
3139.55 3139.55 0.0 140040.6641
3153.7 3153.7 0.0 139747.6875
3167.84 3167.84 0.0 139458.0742
3181.98 3181.98 0.0 139171.5898
3196.12 3196.12 0.0 138888.2266
3210.26 3210.26 0.0 138607.9180
3224.41 3224.41 0.0 138330.4570
3238.55 3238.55 0.0 138056.1836
3252.69 3252.69 0.0 137784.8711
3266.83 3266.83 0.0 137516.4961
3280.98 3280.98 0.0 137250.8359
3295.12 3295.12 0.0 136988.2109
3309.26 3309.26 0.0 136728.4219
3323.4 3323.4 0.0 136471.4258
3337.54 3337.54 0.0 136217.2031
3351.69 3351.69 0.0 135965.5391
3365.83 3365.83 0.0 135716.7461
3379.97 3379.97 0.0 135470.6250
3394.11 3394.11 0.0 135227.1406
3408.25 3408.25 0.0 134986.2773
3422.4 3422.4 0.0 134747.8125
3436.54 3436.54 0.0 134512.0664
3450.68 3450.68 0.0 134278.8398
3464.82 3464.82 0.0 134048.1172
3478.97 3478.97 0.0 133819.6719
3493.11 3493.11 0.0 133593.8438
3507.25 3507.25 0.0 133370.3828
3521.39 3521.39 0.0 133149.3203
3535.53 3535.53 0.0 132930.5859
3549.68 3549.68 0.0 132714.0391
3563.82 3563.82 0.0 132499.9414
3577.96 3577.96 0.0 132288.0957
3592.1 3592.1 0.0 132078.4648
3606.24 3606.24 0.0 131871.0801
3620.39 3620.39 0.0 131665.7227
3634.53 3634.53 0.0 131462.6719
3648.67 3648.67 0.0 131261.7617
3662.81 3662.81 0.0 131062.9395
3676.96 3676.96 0.0 130866.0762
3691.1 3691.1 0.0 130671.3945
3705.24 3705.24 0.0 130478.7598
3719.38 3719.38 0.0 130288.1211
3733.52 3733.52 0.0 130099.4844
3747.67 3747.67 0.0 129912.6738
3761.81 3761.81 0.0 129727.9375
3775.95 3775.95 0.0 129545.1035
3790.09 3790.09 0.0 129364.1543
3804.23 3804.23 0.0 129185.0977
3818.38 3818.38 0.0 129007.7461
3832.52 3832.52 0.0 128832.3555
3846.66 3846.66 0.0 128658.7559
3860.8 3860.8 0.0 128486.9590
3874.95 3874.95 0.0 128316.7930
3889.09 3889.09 0.0 128148.4727
3903.23 3903.23 0.0 127981.8770
3917.37 3917.37 0.0 127816.9883
3931.51 3931.51 0.0 127653.7656
3945.66 3945.66 0.0 127492.0996
3959.8 3959.8 0.0 127332.1797
3973.94 3973.94 0.0 127173.8691
3988.08 3988.08 0.0 127017.1621
4002.22 4002.22 0.0 126862.0430
4016.37 4016.37 0.0 126708.3672
4030.51 4030.51 0.0 126556.3496
4044.65 4044.65 0.0 126405.8457
4058.79 4058.79 0.0 126256.8672
4072.94 4072.94 0.0 126109.2441
4087.08 4087.08 0.0 125963.2188
4101.22 4101.22 0.0 125818.6348
4115.36 4115.36 0.0 125675.4766
4129.5 4129.5 0.0 125533.7441
4143.65 4143.65 0.0 125393.3359
4157.79 4157.79 0.0 125254.3789
4171.93 4171.93 0.0 125116.7949
4186.07 4186.07 0.0 124980.5703
4200.21 4200.21 0.0 124845.6680
4214.36 4214.36 0.0 124712.0078
4228.5 4228.5 0.0 124579.7461
4242.64 4242.64 0.0 124448.7578
4256.78 4256.78 0.0 124319.0469
4270.92 4270.92 0.0 124190.5957
4285.07 4285.07 0.0 124063.3027
4299.21 4299.21 0.0 123937.3145
4313.35 4313.35 0.0 123812.5469
4327.49 4327.49 0.0 123688.9824
4341.64 4341.64 0.0 123566.5117
4355.78 4355.78 0.0 123445.3008
4369.92 4369.92 0.0 123325.2422
4384.06 4384.06 0.0 123206.3301
4398.2 4398.2 0.0 123088.5566
4412.35 4412.35 0.0 122971.8027
4426.49 4426.49 0.0 122856.2344
4440.63 4440.63 0.0 122741.7695
4454.77 4454.77 0.0 122628.3809
4468.91 4468.91 0.0 122516.0410
4483.06 4483.06 0.0 122404.6875
4497.2 4497.2 0.0 122294.4473
4511.34 4511.34 0.0 122185.2363
4525.48 4525.48 0.0 122077.0449
4539.63 4539.63 0.0 121969.7832
4553.77 4553.77 0.0 121863.5879
4567.91 4567.91 0.0 121758.3770
4582.05 4582.05 0.0 121654.1172
4596.19 4596.19 0.0 121550.8438
4610.34 4610.34 0.0 121448.4180
4624.48 4624.48 0.0 121347.0059
4638.62 4638.62 0.0 121246.5430
4652.76 4652.76 0.0 121146.9668
4666.9 4666.9 0.0 121048.3105
4681.05 4681.05 0.0 120950.4805
4695.19 4695.19 0.0 120853.5859
4709.33 4709.33 0.0 120757.5703
4723.47 4723.47 0.0 120662.4277
4737.62 4737.62 0.0 120568.0625
4751.76 4751.76 0.0 120474.6113
4765.9 4765.9 0.0 120381.9824
4780.04 4780.04 0.0 120290.1934
4794.18 4794.18 0.0 120199.2090
4808.33 4808.33 0.0 120108.9746
4822.47 4822.47 0.0 120019.5859
4836.61 4836.61 0.0 119930.9922
4850.75 4850.75 0.0 119843.1797
4864.89 4864.89 0.0 119756.1445
4879.04 4879.04 0.0 119669.7930
4893.18 4893.18 0.0 119584.2559
4907.32 4907.32 0.0 119499.4648
4921.46 4921.46 0.0 119415.4180
4935.61 4935.61 0.0 119332.0391
4949.75 4949.75 0.0 119249.4180
4963.89 4963.89 0.0 119167.5234
4978.03 4978.03 0.0 119086.3262
4992.17 4992.17 0.0 119005.8164
5006.32 5006.32 0.0 118925.9453
5020.46 5020.46 0.0 118846.8145
5034.6 5034.6 0.0 118768.3496
5048.74 5048.74 0.0 118690.5430
5062.88 5062.88 0.0 118613.4102
5077.03 5077.03 0.0 118536.8594
5091.17 5091.17 0.0 118461.0117
5105.31 5105.31 0.0 118385.7910
5119.45 5119.45 0.0 118311.2109
5133.6 5133.6 0.0 118237.1855
5147.74 5147.74 0.0 118163.8320
5161.88 5161.88 0.0 118091.0879
5176.02 5176.02 0.0 118018.9434
5190.16 5190.16 0.0 117947.3965
5204.31 5204.31 0.0 117876.3828
5218.45 5218.45 0.0 117806.0137
5232.59 5232.59 0.0 117736.1992
5246.73 5246.73 0.0 117666.9727
5260.87 5260.87 0.0 117598.3027
5275.02 5275.02 0.0 117530.1357
5289.16 5289.16 0.0 117462.5703
5303.3 5303.3 0.0 117395.5596
5317.44 5317.44 0.0 117329.0742
5331.59 5331.59 0.0 117263.0732
5345.73 5345.73 0.0 117197.6650
5359.87 5359.87 0.0 117132.7607
5374.01 5374.01 0.0 117068.3838
5388.15 5388.15 0.0 117004.5107
5402.3 5402.3 0.0 116941.0996
5416.44 5416.44 0.0 116878.2295
5430.58 5430.58 0.0 116815.8555
5444.72 5444.72 0.0 116753.9834
5458.86 5458.86 0.0 116692.5898
5473.01 5473.01 0.0 116631.6270
5487.15 5487.15 0.0 116571.1855
5501.29 5501.29 0.0 116511.2031
5515.43 5515.43 0.0 116451.6982
5529.58 5529.58 0.0 116392.6113
5543.72 5543.72 0.0 116334.0098
5557.86 5557.86 0.0 116275.8662
5572.0 5572.0 0.0 116218.1650
5586.14 5586.14 0.0 116160.9023
5600.29 5600.29 0.0 116104.0410
5614.43 5614.43 0.0 116047.6533
5628.57 5628.57 0.0 115991.6875
5642.71 5642.71 0.0 115936.1475
5656.85 5656.85 0.0 115881.0156
5671.0 5671.0 0.0 115826.2754
5685.14 5685.14 0.0 115771.9727
5699.28 5699.28 0.0 115718.0840
5713.42 5713.42 0.0 115664.5908
5727.56 5727.56 0.0 115611.4980
5741.71 5741.71 0.0 115558.7617
5755.85 5755.85 0.0 115506.4473
5769.99 5769.99 0.0 115454.5312
5784.13 5784.13 0.0 115402.9902
5798.28 5798.28 0.0 115351.7822
5812.42 5812.42 0.0 115300.9844
5826.56 5826.56 0.0 115250.5742
5840.7 5840.7 0.0 115200.5273
5854.84 5854.84 0.0 115150.8369
5868.99 5868.99 0.0 115101.4727
5883.13 5883.13 0.0 115052.4980
5897.27 5897.27 0.0 115003.8721
5911.41 5911.41 0.0 114955.6094
5925.55 5925.55 0.0 114907.6777
5939.7 5939.7 0.0 114860.0732
5953.84 5953.84 0.0 114812.8330
5967.98 5967.98 0.0 114765.9141
5982.12 5982.12 0.0 114719.3359
5996.27 5996.27 0.0 114673.0645
6010.41 6010.41 0.0 114627.1348
6024.55 6024.55 0.0 114581.5420
6038.69 6038.69 0.0 114536.2637
6052.83 6052.83 0.0 114491.3057
6066.98 6066.98 0.0 114446.6240
6081.12 6081.12 0.0 114402.2969
6095.26 6095.26 0.0 114358.2676
6109.4 6109.4 0.0 114314.5518
6123.54 6123.54 0.0 114271.1289
6137.69 6137.69 0.0 114227.9775
6151.83 6151.83 0.0 114185.1484
6165.97 6165.97 0.0 114142.6221
6180.11 6180.11 0.0 114100.3877
6194.26 6194.26 0.0 114058.4043
6208.4 6208.4 0.0 114016.7422
6222.54 6222.54 0.0 113975.3623
6236.68 6236.68 0.0 113934.2607
6250.82 6250.82 0.0 113893.4404
6264.97 6264.97 0.0 113852.8594
6279.11 6279.11 0.0 113812.5859
6293.25 6293.25 0.0 113772.5879
6307.39 6307.39 0.0 113732.8516
6321.53 6321.53 0.0 113693.3721
6335.68 6335.68 0.0 113654.1514
6349.82 6349.82 0.0 113615.1992
6363.96 6363.96 0.0 113576.5039
6378.1 6378.1 0.0 113538.0674
6392.25 6392.25 0.0 113499.8662
6406.39 6406.39 0.0 113461.9453
6420.53 6420.53 0.0 113424.2676
6434.67 6434.67 0.0 113386.8281
6448.81 6448.81 0.0 113349.6328
6462.96 6462.96 0.0 113312.6709
6477.1 6477.1 0.0 113275.9707
6491.24 6491.24 0.0 113239.5107
6505.38 6505.38 0.0 113203.2803
6519.52 6519.52 0.0 113167.2871
6533.67 6533.67 0.0 113131.5049
6547.81 6547.81 0.0 113095.9639
6561.95 6561.95 0.0 113060.6670
6576.09 6576.09 0.0 113025.5928
6590.24 6590.24 0.0 112990.7109
6604.38 6604.38 0.0 112956.0869
6618.52 6618.52 0.0 112921.6748
6632.66 6632.66 0.0 112887.4854
6646.8 6646.8 0.0 112853.5098
6660.95 6660.95 0.0 112819.7383
6675.09 6675.09 0.0 112786.1895
6689.23 6689.23 0.0 112752.8516
6703.37 6703.37 0.0 112719.7285
6717.51 6717.51 0.0 112686.8154
6731.66 6731.66 0.0 112654.0820
6745.8 6745.8 0.0 112621.5811
6759.94 6759.94 0.0 112589.2744
6774.08 6774.08 0.0 112557.1777
6788.23 6788.23 0.0 112525.2568
6802.37 6802.37 0.0 112493.5537
6816.51 6816.51 0.0 112462.0439
6830.65 6830.65 0.0 112430.7344
6844.79 6844.79 0.0 112399.6162
6858.94 6858.94 0.0 112368.6582
6873.08 6873.08 0.0 112337.9346
6887.22 6887.22 0.0 112307.3828
6901.36 6901.36 0.0 112277.0195
6915.5 6915.5 0.0 112246.8438
6929.65 6929.65 0.0 112216.8320
6943.79 6943.79 0.0 112187.0264
6957.93 6957.93 0.0 112157.4004
6972.07 6972.07 0.0 112127.9561
6986.21 6986.21 0.0 112098.6797
7000.36 7000.36 0.0 112069.5674
7014.5 7014.5 0.0 112040.6455
7028.64 7028.64 0.0 112011.9082
7042.78 7042.78 0.0 111983.3379
7056.93 7056.93 0.0 111954.9189
7071.07 7071.07 0.0 111926.6924
7085.21 7085.21 0.0 111898.6338
7099.35 7099.35 0.0 111870.7451
7113.49 7113.49 0.0 111843.0195
7127.64 7127.64 0.0 111815.4365
7141.78 7141.78 0.0 111788.0430
7155.92 7155.92 0.0 111760.8066
7170.06 7170.06 0.0 111733.7334
7184.2 7184.2 0.0 111706.8232
7198.35 7198.35 0.0 111680.0576
7212.49 7212.49 0.0 111653.4609
7226.63 7226.63 0.0 111627.0234
7240.77 7240.77 0.0 111600.7344
7254.92 7254.92 0.0 111574.5898
7269.06 7269.06 0.0 111548.6191
7283.2 7283.2 0.0 111522.7900
7297.34 7297.34 0.0 111497.1279
7311.48 7311.48 0.0 111471.6025
7325.63 7325.63 0.0 111446.2080
7339.77 7339.77 0.0 111420.9854
7353.91 7353.91 0.0 111395.9033
7368.05 7368.05 0.0 111370.9727
7382.19 7382.19 0.0 111346.1855
7396.34 7396.34 0.0 111321.5254
7410.48 7410.48 0.0 111297.0195
7424.62 7424.62 0.0 111272.6543
7438.76 7438.76 0.0 111248.4414
7452.91 7452.91 0.0 111224.3398
7467.05 7467.05 0.0 111200.4004
7481.19 7481.19 0.0 111176.5967
7495.33 7495.33 0.0 111152.9248
7509.47 7509.47 0.0 111129.3984
7523.62 7523.62 0.0 111105.9834
7537.76 7537.76 0.0 111082.7207
7551.9 7551.9 0.0 111059.5879
7566.04 7566.04 0.0 111036.5938
7580.18 7580.18 0.0 111013.7246
7594.33 7594.33 0.0 110990.9658
7608.47 7608.47 0.0 110968.3604
7622.61 7622.61 0.0 110945.8809
7636.75 7636.75 0.0 110923.5303
7650.9 7650.9 0.0 110901.2959
7665.04 7665.04 0.0 110879.1992
7679.18 7679.18 0.0 110857.2246
7693.32 7693.32 0.0 110835.3730
7707.46 7707.46 0.0 110813.6465
7721.61 7721.61 0.0 110792.0254
7735.75 7735.75 0.0 110770.5518
7749.89 7749.89 0.0 110749.1875
7764.03 7764.03 0.0 110727.9473
7778.17 7778.17 0.0 110706.8223
