0.0 0.0 0.0 199640.5938
14.1421 14.1421 0.0 217749.2812
28.2843 28.2843 0.0 213523.8516
42.4264 42.4264 0.0 211145.1562
56.5685 56.5685 0.0 209511.0469
70.7107 70.7107 0.0 208275.6328
84.8528 84.8528 0.0 207285.7734
98.9949 98.9949 0.0 206460.3359
113.137 113.137 0.0 205751.5703
127.279 127.279 0.0 205129.0625
141.421 141.421 0.0 204572.2734
155.563 155.563 0.0 204066.8672
169.706 169.706 0.0 203602.4688
183.848 183.848 0.0 203171.2812
197.99 197.99 0.0 202767.3281
212.132 212.132 0.0 202386.1250
226.274 226.274 0.0 202024.0156
240.416 240.416 0.0 201678.0625
254.558 254.558 0.0 201346.0000
268.701 268.701 0.0 201025.8281
282.843 282.843 0.0 200716.0625
296.985 296.985 0.0 200415.4062
311.127 311.127 0.0 200122.7031
325.269 325.269 0.0 199837.1094
339.411 339.411 0.0 199557.7734
353.553 353.553 0.0 199284.0938
367.696 367.696 0.0 199015.4766
381.838 381.838 0.0 198751.4766
395.98 395.98 0.0 198491.6328
410.122 410.122 0.0 198235.6641
424.264 424.264 0.0 197983.1797
438.406 438.406 0.0 197733.9453
452.548 452.548 0.0 197487.7812
466.69 466.69 0.0 197244.3828
480.833 480.833 0.0 197003.6484
494.975 494.975 0.0 196765.3984
509.117 509.117 0.0 196529.4844
523.259 523.259 0.0 196295.7734
537.401 537.401 0.0 196064.2656
551.543 551.543 0.0 195834.7109
565.685 565.685 0.0 195607.1719
579.828 579.828 0.0 195381.4375
593.97 593.97 0.0 195157.5703
608.112 608.112 0.0 194935.4375
622.254 622.254 0.0 194714.9844
636.396 636.396 0.0 194496.2031
650.538 650.538 0.0 194279.0000
664.68 664.68 0.0 194063.3984
678.823 678.823 0.0 193849.2734
692.965 692.965 0.0 193636.7109
707.107 707.107 0.0 193425.5703
721.249 721.249 0.0 193215.8750
735.391 735.391 0.0 193007.5938
749.533 749.533 0.0 192800.7500
763.675 763.675 0.0 192595.2031
777.817 777.817 0.0 192391.0000
791.96 791.96 0.0 192188.1406
806.102 806.102 0.0 191986.5469
820.244 820.244 0.0 191786.2500
834.386 834.386 0.0 191587.1719
848.528 848.528 0.0 191389.3672
862.67 862.67 0.0 191192.7500
876.812 876.812 0.0 190997.3203
890.955 890.955 0.0 190803.0391
905.097 905.097 0.0 190609.9453
919.239 919.239 0.0 190417.9141
933.381 933.381 0.0 190227.0547
947.523 947.523 0.0 190037.2422
961.665 961.665 0.0 189848.4922
975.807 975.807 0.0 189660.7656
989.949 989.949 0.0 189474.0469
1004.09 1004.09 0.0 189288.3125
1018.23 1018.23 0.0 189103.6094
1032.38 1032.38 0.0 188919.6562
1046.52 1046.52 0.0 188736.7422
1060.66 1060.66 0.0 188554.7500
1074.8 1074.8 0.0 188373.5781
1088.94 1088.94 0.0 188193.2734
1103.09 1103.09 0.0 188013.6328
1117.23 1117.23 0.0 187834.8672
1131.37 1131.37 0.0 187656.8516
1145.51 1145.51 0.0 187479.5625
1159.66 1159.66 0.0 187302.8125
1173.8 1173.8 0.0 187126.8828
1187.94 1187.94 0.0 186951.5312
1202.08 1202.08 0.0 186776.7891
1216.22 1216.22 0.0 186602.6016
1230.37 1230.37 0.0 186428.8359
1244.51 1244.51 0.0 186255.6484
1258.65 1258.65 0.0 186082.9219
1272.79 1272.79 0.0 185910.6562
1286.93 1286.93 0.0 185738.7578
1301.08 1301.08 0.0 185567.0859
1315.22 1315.22 0.0 185395.8516
1329.36 1329.36 0.0 185224.9219
1343.5 1343.5 0.0 185054.2422
1357.65 1357.65 0.0 184883.6172
1371.79 1371.79 0.0 184713.3203
1385.93 1385.93 0.0 184543.1719
1400.07 1400.07 0.0 184373.0859
1414.21 1414.21 0.0 184203.0859
1428.36 1428.36 0.0 184032.9531
1442.5 1442.5 0.0 183862.9688
1456.64 1456.64 0.0 183692.9375
1470.78 1470.78 0.0 183522.7969
1484.92 1484.92 0.0 183352.5156
1499.07 1499.07 0.0 183181.9922
1513.21 1513.21 0.0 183011.3438
1527.35 1527.35 0.0 182840.4922
1541.49 1541.49 0.0 182669.3281
1555.63 1555.63 0.0 182497.8359
1569.78 1569.78 0.0 182325.9219
1583.92 1583.92 0.0 182153.6562
1598.06 1598.06 0.0 181981.0000
1612.2 1612.2 0.0 181807.8672
1626.35 1626.35 0.0 181634.1016
1640.49 1640.49 0.0 181459.8984
1654.63 1654.63 0.0 181285.1328
1668.77 1668.77 0.0 181109.6953
1682.91 1682.91 0.0 180933.6328
1697.06 1697.06 0.0 180756.7422
1711.2 1711.2 0.0 180579.2500
1725.34 1725.34 0.0 180400.9922
1739.48 1739.48 0.0 180221.9375
1753.62 1753.62 0.0 180042.0156
1767.77 1767.77 0.0 179861.1250
1781.91 1781.91 0.0 179679.4219
1796.05 1796.05 0.0 179496.8047
1810.19 1810.19 0.0 179313.2109
1824.34 1824.34 0.0 179128.4297
1838.48 1838.48 0.0 178942.8203
1852.62 1852.62 0.0 178756.0938
1866.76 1866.76 0.0 178568.2734
1880.9 1880.9 0.0 178379.3359
1895.05 1895.05 0.0 178189.1016
1909.19 1909.19 0.0 177997.8047
1923.33 1923.33 0.0 177805.3203
1937.47 1937.47 0.0 177611.5391
1951.61 1951.61 0.0 177416.5547
1965.76 1965.76 0.0 177220.1094
1979.9 1979.9 0.0 177022.4844
1994.04 1994.04 0.0 176823.5234
2008.18 2008.18 0.0 176623.1953
2022.33 2022.33 0.0 176421.3281
2036.47 2036.47 0.0 176218.1953
2050.61 2050.61 0.0 176013.6797
2064.75 2064.75 0.0 175807.7109
2078.89 2078.89 0.0 175600.2812
2093.04 2093.04 0.0 175391.1953
2107.18 2107.18 0.0 175180.7656
2121.32 2121.32 0.0 174968.8359
2135.46 2135.46 0.0 174755.3984
2149.6 2149.6 0.0 174540.4297
2163.75 2163.75 0.0 174323.7734
2177.89 2177.89 0.0 174105.6875
2192.03 2192.03 0.0 173886.0547
2206.17 2206.17 0.0 173664.8516
2220.32 2220.32 0.0 173441.9219
2234.46 2234.46 0.0 173217.5703
2248.6 2248.6 0.0 172991.6172
2262.74 2262.74 0.0 172764.0469
2276.88 2276.88 0.0 172534.9219
2291.03 2291.03 0.0 172304.0547
2305.17 2305.17 0.0 172071.7109
2319.31 2319.31 0.0 171837.7969
2333.45 2333.45 0.0 171602.2969
2347.59 2347.59 0.0 171365.2266
2361.74 2361.74 0.0 171126.3750
2375.88 2375.88 0.0 170886.1406
2390.02 2390.02 0.0 170644.3359
2404.16 2404.16 0.0 170400.9609
2418.31 2418.31 0.0 170155.8438
2432.45 2432.45 0.0 169909.4062
2446.59 2446.59 0.0 169661.4375
2460.73 2460.73 0.0 169411.9375
2474.87 2474.87 0.0 169160.9375
2489.02 2489.02 0.0 168908.2891
2503.16 2503.16 0.0 168654.3359
2517.3 2517.3 0.0 168398.9375
2531.44 2531.44 0.0 168142.1016
2545.58 2545.58 0.0 167883.8203
2559.73 2559.73 0.0 167624.0078
2573.87 2573.87 0.0 167363.0000
2588.01 2588.01 0.0 167100.6719
2602.15 2602.15 0.0 166836.9336
2616.3 2616.3 0.0 166571.7812
2630.44 2630.44 0.0 166305.4844
2644.58 2644.58 0.0 166037.9727
2658.72 2658.72 0.0 165769.2422
2672.86 2672.86 0.0 165499.2930
2687.01 2687.01 0.0 165227.9805
2701.15 2701.15 0.0 164955.7383
2715.29 2715.29 0.0 164682.3750
2729.43 2729.43 0.0 164407.9258
2743.57 2743.57 0.0 164132.4180
2757.72 2757.72 0.0 163855.7188
2771.86 2771.86 0.0 163578.2383
2786.0 2786.0 0.0 163299.7930
2800.14 2800.14 0.0 163020.4375
2814.28 2814.28 0.0 162740.1914
2828.43 2828.43 0.0 162458.9141
2842.57 2842.57 0.0 162176.9922
2856.71 2856.71 0.0 161894.3320
2870.85 2870.85 0.0 161610.9375
2885.0 2885.0 0.0 161326.5781
2899.14 2899.14 0.0 161041.8047
2913.28 2913.28 0.0 160756.3945
2927.42 2927.42 0.0 160470.3867
2941.56 2941.56 0.0 160183.8633
2955.71 2955.71 0.0 159896.5586
2969.85 2969.85 0.0 159609.0234
2983.99 2983.99 0.0 159321.0312
2998.13 2998.13 0.0 159032.6562
3012.27 3012.27 0.0 158743.9219
3026.42 3026.42 0.0 158454.6523
3040.56 3040.56 0.0 158165.3008
3054.7 3054.7 0.0 157875.6953
3068.84 3068.84 0.0 157585.9180
3082.99 3082.99 0.0 157295.7852
3097.13 3097.13 0.0 157005.6953
3111.27 3111.27 0.0 156715.5312
3125.41 3125.41 0.0 156425.3203
3139.55 3139.55 0.0 156135.0977
3153.7 3153.7 0.0 155844.7227
3167.84 3167.84 0.0 155554.6055
3181.98 3181.98 0.0 155264.6094
3196.12 3196.12 0.0 154974.7461
3210.26 3210.26 0.0 154685.0664
3224.41 3224.41 0.0 154395.4062
3238.55 3238.55 0.0 154106.2188
3252.69 3252.69 0.0 153817.3164
3266.83 3266.83 0.0 153528.7773
3280.98 3280.98 0.0 153240.3750
3295.12 3295.12 0.0 152952.5898
3309.26 3309.26 0.0 152665.2383
3323.4 3323.4 0.0 152378.3750
3337.54 3337.54 0.0 152092.0117
3351.69 3351.69 0.0 151806.0195
3365.83 3365.83 0.0 151520.7734
3379.97 3379.97 0.0 151236.1641
3394.11 3394.11 0.0 150952.1953
3408.25 3408.25 0.0 150668.9062
3422.4 3422.4 0.0 150386.1328
3436.54 3436.54 0.0 150104.3125
3450.68 3450.68 0.0 149823.2500
3464.82 3464.82 0.0 149543.0000
3478.97 3478.97 0.0 149263.3711
3493.11 3493.11 0.0 148984.8281
3507.25 3507.25 0.0 148707.1719
3521.39 3521.39 0.0 148430.4375
3535.53 3535.53 0.0 148154.6445
3549.68 3549.68 0.0 147879.6484
3563.82 3563.82 0.0 147605.8438
3577.96 3577.96 0.0 147333.0742
3592.1 3592.1 0.0 147061.3398
3606.24 3606.24 0.0 146790.7070
3620.39 3620.39 0.0 146520.9688
3634.53 3634.53 0.0 146252.5664
3648.67 3648.67 0.0 145985.3047
3662.81 3662.81 0.0 145719.2227
3676.96 3676.96 0.0 145454.1367
3691.1 3691.1 0.0 145190.4570
3705.24 3705.24 0.0 144928.0234
3719.38 3719.38 0.0 144666.8242
3733.52 3733.52 0.0 144406.9336
3747.67 3747.67 0.0 144148.1172
3761.81 3761.81 0.0 143890.8125
3775.95 3775.95 0.0 143634.8555
3790.09 3790.09 0.0 143380.2070
3804.23 3804.23 0.0 143126.9453
3818.38 3818.38 0.0 142874.8867
3832.52 3832.52 0.0 142624.4062
3846.66 3846.66 0.0 142375.3359
3860.8 3860.8 0.0 142127.6562
3874.95 3874.95 0.0 141881.2539
3889.09 3889.09 0.0 141636.4805
3903.23 3903.23 0.0 141393.1406
3917.37 3917.37 0.0 141151.3125
3931.51 3931.51 0.0 140910.9414
3945.66 3945.66 0.0 140671.9062
3959.8 3959.8 0.0 140434.5430
3973.94 3973.94 0.0 140198.6641
3988.08 3988.08 0.0 139964.3477
4002.22 4002.22 0.0 139731.5391
4016.37 4016.37 0.0 139500.1094
4030.51 4030.51 0.0 139270.3945
4044.65 4044.65 0.0 139042.2109
4058.79 4058.79 0.0 138815.6016
4072.94 4072.94 0.0 138590.4180
4087.08 4087.08 0.0 138366.9414
4101.22 4101.22 0.0 138145.0508
4115.36 4115.36 0.0 137924.7148
4129.5 4129.5 0.0 137705.9805
4143.65 4143.65 0.0 137488.6641
4157.79 4157.79 0.0 137273.0859
4171.93 4171.93 0.0 137059.1094
4186.07 4186.07 0.0 136846.7461
4200.21 4200.21 0.0 136635.9648
4214.36 4214.36 0.0 136426.6367
4228.5 4228.5 0.0 136219.0547
4242.64 4242.64 0.0 136013.0586
4256.78 4256.78 0.0 135808.6641
4270.92 4270.92 0.0 135605.8828
4285.07 4285.07 0.0 135404.5547
4299.21 4299.21 0.0 135204.9766
4313.35 4313.35 0.0 135006.9805
4327.49 4327.49 0.0 134810.5820
4341.64 4341.64 0.0 134615.6406
4355.78 4355.78 0.0 134422.4219
4369.92 4369.92 0.0 134230.8008
4384.06 4384.06 0.0 134040.7480
4398.2 4398.2 0.0 133852.3242
4412.35 4412.35 0.0 133665.2988
4426.49 4426.49 0.0 133480.0000
4440.63 4440.63 0.0 133296.2676
4454.77 4454.77 0.0 133114.1094
4468.91 4468.91 0.0 132933.5176
4483.06 4483.06 0.0 132754.3496
4497.2 4497.2 0.0 132576.8730
4511.34 4511.34 0.0 132400.9277
4525.48 4525.48 0.0 132226.5410
4539.63 4539.63 0.0 132053.5703
4553.77 4553.77 0.0 131882.2363
4567.91 4567.91 0.0 131712.4414
4582.05 4582.05 0.0 131544.1641
4596.19 4596.19 0.0 131377.3965
4610.34 4610.34 0.0 131212.0117
4624.48 4624.48 0.0 131048.2598
4638.62 4638.62 0.0 130885.9941
4652.76 4652.76 0.0 130725.1973
4666.9 4666.9 0.0 130565.9180
4681.05 4681.05 0.0 130407.9785
4695.19 4695.19 0.0 130251.5996
4709.33 4709.33 0.0 130096.6855
4723.47 4723.47 0.0 129943.2285
4737.62 4737.62 0.0 129791.0859
4751.76 4751.76 0.0 129640.5020
4765.9 4765.9 0.0 129491.3242
4780.04 4780.04 0.0 129343.5801
4794.18 4794.18 0.0 129197.2188
4808.33 4808.33 0.0 129052.1758
4822.47 4822.47 0.0 128908.6094
4836.61 4836.61 0.0 128766.4316
4850.75 4850.75 0.0 128625.6172
4864.89 4864.89 0.0 128486.1660
4879.04 4879.04 0.0 128347.9785
4893.18 4893.18 0.0 128211.2285
4907.32 4907.32 0.0 128075.8184
4921.46 4921.46 0.0 127941.7363
4935.61 4935.61 0.0 127808.8750
4949.75 4949.75 0.0 127677.4180
4963.89 4963.89 0.0 127547.2578
4978.03 4978.03 0.0 127418.3906
4992.17 4992.17 0.0 127290.7988
5006.32 5006.32 0.0 127164.3789
5020.46 5020.46 0.0 127039.3047
5034.6 5034.6 0.0 126915.5039
5048.74 5048.74 0.0 126792.9375
5062.88 5062.88 0.0 126671.5957
5077.03 5077.03 0.0 126551.4023
5091.17 5091.17 0.0 126432.4922
5105.31 5105.31 0.0 126314.8047
5119.45 5119.45 0.0 126198.2969
5133.6 5133.6 0.0 126082.8828
5147.74 5147.74 0.0 125968.7480
5161.88 5161.88 0.0 125855.7676
5176.02 5176.02 0.0 125743.9492
5190.16 5190.16 0.0 125633.2559
5204.31 5204.31 0.0 125523.6289
5218.45 5218.45 0.0 125415.2188
5232.59 5232.59 0.0 125307.9160
5246.73 5246.73 0.0 125201.7051
5260.87 5260.87 0.0 125096.6074
5275.02 5275.02 0.0 124992.5117
5289.16 5289.16 0.0 124889.5918
5303.3 5303.3 0.0 124787.7207
5317.44 5317.44 0.0 124686.9062
5331.59 5331.59 0.0 124587.0684
5345.73 5345.73 0.0 124488.3438
5359.87 5359.87 0.0 124390.6465
5374.01 5374.01 0.0 124293.9746
5388.15 5388.15 0.0 124198.3145
5402.3 5402.3 0.0 124103.5957
5416.44 5416.44 0.0 124009.9395
5430.58 5430.58 0.0 123917.2480
5444.72 5444.72 0.0 123825.5312
5458.86 5458.86 0.0 123734.7773
5473.01 5473.01 0.0 123644.9297
5487.15 5487.15 0.0 123556.0898
5501.29 5501.29 0.0 123468.1738
5515.43 5515.43 0.0 123381.2051
5529.58 5529.58 0.0 123295.0625
5543.72 5543.72 0.0 123209.9180
5557.86 5557.86 0.0 123125.6660
5572.0 5572.0 0.0 123042.2949
5586.14 5586.14 0.0 122959.8125
5600.29 5600.29 0.0 122878.1504
5614.43 5614.43 0.0 122797.4141
5628.57 5628.57 0.0 122717.5273
5642.71 5642.71 0.0 122638.5098
5656.85 5656.85 0.0 122560.3047
5671.0 5671.0 0.0 122482.8809
5685.14 5685.14 0.0 122406.3340
5699.28 5699.28 0.0 122330.6172
5713.42 5713.42 0.0 122255.6875
5727.56 5727.56 0.0 122181.5664
5741.71 5741.71 0.0 122108.1738
5755.85 5755.85 0.0 122035.6113
5769.99 5769.99 0.0 121963.8359
5784.13 5784.13 0.0 121892.8047
5798.28 5798.28 0.0 121822.5000
5812.42 5812.42 0.0 121752.9727
5826.56 5826.56 0.0 121684.2129
5840.7 5840.7 0.0 121616.1621
5854.84 5854.84 0.0 121548.8398
5868.99 5868.99 0.0 121482.1895
5883.13 5883.13 0.0 121416.2910
5897.27 5897.27 0.0 121351.0996
5911.41 5911.41 0.0 121286.6152
5925.55 5925.55 0.0 121222.8008
5939.7 5939.7 0.0 121159.6191
5953.84 5953.84 0.0 121097.1680
5967.98 5967.98 0.0 121035.3613
5982.12 5982.12 0.0 120974.2168
5996.27 5996.27 0.0 120913.6875
6010.41 6010.41 0.0 120853.8418
6024.55 6024.55 0.0 120794.6250
6038.69 6038.69 0.0 120736.0488
6052.83 6052.83 0.0 120678.0723
6066.98 6066.98 0.0 120620.6836
6081.12 6081.12 0.0 120563.9492
6095.26 6095.26 0.0 120507.8047
6109.4 6109.4 0.0 120452.2617
6123.54 6123.54 0.0 120397.3047
6137.69 6137.69 0.0 120342.8887
6151.83 6151.83 0.0 120289.0703
6165.97 6165.97 0.0 120235.8320
6180.11 6180.11 0.0 120183.1543
6194.26 6194.26 0.0 120130.9961
6208.4 6208.4 0.0 120079.4297
6222.54 6222.54 0.0 120028.3926
6236.68 6236.68 0.0 119977.8945
6250.82 6250.82 0.0 119927.9238
6264.97 6264.97 0.0 119878.4590
6279.11 6279.11 0.0 119829.5234
6293.25 6293.25 0.0 119781.1094
6307.39 6307.39 0.0 119733.1992
6321.53 6321.53 0.0 119685.7930
6335.68 6335.68 0.0 119638.8496
6349.82 6349.82 0.0 119592.4238
6363.96 6363.96 0.0 119546.4707
6378.1 6378.1 0.0 119501.0020
6392.25 6392.25 0.0 119455.9844
6406.39 6406.39 0.0 119411.4512
6420.53 6420.53 0.0 119367.3867
6434.67 6434.67 0.0 119323.7598
6448.81 6448.81 0.0 119280.6016
6462.96 6462.96 0.0 119237.8438
6477.1 6477.1 0.0 119195.5664
6491.24 6491.24 0.0 119153.7070
6505.38 6505.38 0.0 119112.2910
6519.52 6519.52 0.0 119071.2871
6533.67 6533.67 0.0 119030.6719
6547.81 6547.81 0.0 118990.5156
6561.95 6561.95 0.0 118950.7559
6576.09 6576.09 0.0 118911.4121
6590.24 6590.24 0.0 118872.4180
6604.38 6604.38 0.0 118833.8496
6618.52 6618.52 0.0 118795.6895
6632.66 6632.66 0.0 118757.8984
6646.8 6646.8 0.0 118720.4922
6660.95 6660.95 0.0 118683.4375
6675.09 6675.09 0.0 118646.7793
6689.23 6689.23 0.0 118610.4688
6703.37 6703.37 0.0 118574.5430
6717.51 6717.51 0.0 118538.9688
6731.66 6731.66 0.0 118503.7246
6745.8 6745.8 0.0 118468.8457
6759.94 6759.94 0.0 118434.3125
6774.08 6774.08 0.0 118400.1211
6788.23 6788.23 0.0 118366.2500
6802.37 6802.37 0.0 118332.7246
6816.51 6816.51 0.0 118299.5371
6830.65 6830.65 0.0 118266.6621
6844.79 6844.79 0.0 118234.1250
6858.94 6858.94 0.0 118201.8613
6873.08 6873.08 0.0 118169.9473
6887.22 6887.22 0.0 118138.3398
6901.36 6901.36 0.0 118107.0312
6915.5 6915.5 0.0 118076.0156
6929.65 6929.65 0.0 118045.2930
6943.79 6943.79 0.0 118014.8789
6957.93 6957.93 0.0 117984.7422
6972.07 6972.07 0.0 117954.9121
6986.21 6986.21 0.0 117925.3516
7000.36 7000.36 0.0 117896.0488
7014.5 7014.5 0.0 117867.0566
7028.64 7028.64 0.0 117838.3164
7042.78 7042.78 0.0 117809.8652
7056.93 7056.93 0.0 117781.6445
7071.07 7071.07 0.0 117753.7207
7085.21 7085.21 0.0 117726.0352
7099.35 7099.35 0.0 117698.6309
7113.49 7113.49 0.0 117671.4639
7127.64 7127.64 0.0 117644.5264
7141.78 7141.78 0.0 117617.8643
7155.92 7155.92 0.0 117591.4316
7170.06 7170.06 0.0 117565.2617
7184.2 7184.2 0.0 117539.2959
7198.35 7198.35 0.0 117513.5635
7212.49 7212.49 0.0 117488.0938
7226.63 7226.63 0.0 117462.8379
7240.77 7240.77 0.0 117437.8115
7254.92 7254.92 0.0 117412.9844
7269.06 7269.06 0.0 117388.3994
7283.2 7283.2 0.0 117364.0420
7297.34 7297.34 0.0 117339.8818
7311.48 7311.48 0.0 117315.9521
7325.63 7325.63 0.0 117292.1943
7339.77 7339.77 0.0 117268.6670
7353.91 7353.91 0.0 117245.3506
7368.05 7368.05 0.0 117222.2314
7382.19 7382.19 0.0 117199.3096
7396.34 7396.34 0.0 117176.5801
7410.48 7410.48 0.0 117154.0449
7424.62 7424.62 0.0 117131.7070
7438.76 7438.76 0.0 117109.5576
7452.91 7452.91 0.0 117087.5801
7467.05 7467.05 0.0 117065.8066
7481.19 7481.19 0.0 117044.2090
7495.33 7495.33 0.0 117022.7900
7509.47 7509.47 0.0 117001.5508
7523.62 7523.62 0.0 116980.4766
7537.76 7537.76 0.0 116959.5811
7551.9 7551.9 0.0 116938.8682
7566.04 7566.04 0.0 116918.3291
7580.18 7580.18 0.0 116897.9355
7594.33 7594.33 0.0 116877.7090
7608.47 7608.47 0.0 116857.6602
7622.61 7622.61 0.0 116837.7646
7636.75 7636.75 0.0 116818.0254
7650.9 7650.9 0.0 116798.4277
7665.04 7665.04 0.0 116779.0078
7679.18 7679.18 0.0 116759.7373
7693.32 7693.32 0.0 116740.6143
7707.46 7707.46 0.0 116721.6387
7721.61 7721.61 0.0 116702.8027
7735.75 7735.75 0.0 116684.1348
7749.89 7749.89 0.0 116665.5908
7764.03 7764.03 0.0 116647.2012
7778.17 7778.17 0.0 116628.9482
