0.0 0.0 0.0 287924.4531
14.1421 14.1421 0.0 1355156.2500
28.2843 28.2843 0.0 1336843.2500
42.4264 42.4264 0.0 1308574.3750
56.5685 56.5685 0.0 1275292.6250
70.7107 70.7107 0.0 1238553.3750
84.8528 84.8528 0.0 1199324.7500
98.9949 98.9949 0.0 1158371.8750
113.137 113.137 0.0 1116339.1875
127.279 127.279 0.0 1073776.3125
141.421 141.421 0.0 1031147.6875
155.563 155.563 0.0 988844.9375
169.706 169.706 0.0 947185.1250
183.848 183.848 0.0 906436.4375
197.99 197.99 0.0 866802.6875
212.132 212.132 0.0 828444.7500
226.274 226.274 0.0 791481.2500
240.416 240.416 0.0 755996.3125
254.558 254.558 0.0 722043.3750
268.701 268.701 0.0 689648.3750
282.843 282.843 0.0 658822.8125
296.985 296.985 0.0 629553.3125
311.127 311.127 0.0 601815.3125
325.269 325.269 0.0 575572.0312
339.411 339.411 0.0 550779.1250
353.553 353.553 0.0 527384.5938
367.696 367.696 0.0 505331.3125
381.838 381.838 0.0 484562.8438
395.98 395.98 0.0 465016.2812
410.122 410.122 0.0 446630.2812
424.264 424.264 0.0 429342.7812
438.406 438.406 0.0 413093.1562
452.548 452.548 0.0 397822.1875
466.69 466.69 0.0 383471.9688
480.833 480.833 0.0 369986.3125
494.975 494.975 0.0 357313.9844
509.117 509.117 0.0 345403.0625
523.259 523.259 0.0 334205.7031
537.401 537.401 0.0 323676.0781
551.543 551.543 0.0 313771.3438
565.685 565.685 0.0 304451.0312
579.828 579.828 0.0 295676.3281
593.97 593.97 0.0 287412.9219
608.112 608.112 0.0 279626.6719
622.254 622.254 0.0 272286.4844
636.396 636.396 0.0 265363.0625
650.538 650.538 0.0 258829.1875
664.68 664.68 0.0 252659.4531
678.823 678.823 0.0 246829.9219
692.965 692.965 0.0 241319.1719
707.107 707.107 0.0 236106.3906
721.249 721.249 0.0 231172.4688
735.391 735.391 0.0 226499.5234
749.533 749.533 0.0 222071.1172
763.675 763.675 0.0 217871.7656
777.817 777.817 0.0 213887.1875
791.96 791.96 0.0 210103.7344
806.102 806.102 0.0 206509.5859
820.244 820.244 0.0 203092.7656
834.386 834.386 0.0 199842.6250
848.528 848.528 0.0 196749.1250
862.67 862.67 0.0 193802.8516
876.812 876.812 0.0 190995.0703
890.955 890.955 0.0 188317.5391
905.097 905.097 0.0 185762.9688
919.239 919.239 0.0 183324.1719
933.381 933.381 0.0 180994.4453
947.523 947.523 0.0 178767.6797
961.665 961.665 0.0 176638.1094
975.807 975.807 0.0 174600.2578
989.949 989.949 0.0 172649.1562
1004.09 1004.09 0.0 170780.1719
1018.23 1018.23 0.0 168988.8672
1032.38 1032.38 0.0 167269.7969
1046.52 1046.52 0.0 165621.4609
1060.66 1060.66 0.0 164039.0234
1074.8 1074.8 0.0 162519.0625
1088.94 1088.94 0.0 161058.3750
1103.09 1103.09 0.0 159652.9375
1117.23 1117.23 0.0 158301.9141
1131.37 1131.37 0.0 157001.6641
1145.51 1145.51 0.0 155749.6367
1159.66 1159.66 0.0 154542.6836
1173.8 1173.8 0.0 153380.2812
1187.94 1187.94 0.0 152259.4453
1202.08 1202.08 0.0 151178.2500
1216.22 1216.22 0.0 150134.7852
1230.37 1230.37 0.0 149126.6523
1244.51 1244.51 0.0 148153.6016
1258.65 1258.65 0.0 147213.3125
1272.79 1272.79 0.0 146304.3594
1286.93 1286.93 0.0 145425.3281
1301.08 1301.08 0.0 144574.2852
1315.22 1315.22 0.0 143751.2266
1329.36 1329.36 0.0 142954.3516
1343.5 1343.5 0.0 142182.4883
1357.65 1357.65 0.0 141434.1133
1371.79 1371.79 0.0 140709.2500
1385.93 1385.93 0.0 140006.4297
1400.07 1400.07 0.0 139324.7266
1414.21 1414.21 0.0 138663.2812
1428.36 1428.36 0.0 138020.8477
1442.5 1442.5 0.0 137397.5547
1456.64 1456.64 0.0 136792.1953
1470.78 1470.78 0.0 136204.0664
1484.92 1484.92 0.0 135632.5195
1499.07 1499.07 0.0 135076.5039
1513.21 1513.21 0.0 134536.2227
1527.35 1527.35 0.0 134010.6973
1541.49 1541.49 0.0 133499.3926
1555.63 1555.63 0.0 133001.7617
1569.78 1569.78 0.0 132516.9824
1583.92 1583.92 0.0 132045.2520
1598.06 1598.06 0.0 131585.7949
1612.2 1612.2 0.0 131138.1426
1626.35 1626.35 0.0 130701.5977
1640.49 1640.49 0.0 130276.3809
1654.63 1654.63 0.0 129861.8008
1668.77 1668.77 0.0 129457.4824
1682.91 1682.91 0.0 129063.0977
1697.06 1697.06 0.0 128678.0273
1711.2 1711.2 0.0 128302.5215
1725.34 1725.34 0.0 127935.9844
1739.48 1739.48 0.0 127578.1289
1753.62 1753.62 0.0 127228.6621
1767.77 1767.77 0.0 126887.0996
1781.91 1781.91 0.0 126553.6582
1796.05 1796.05 0.0 126227.8457
1810.19 1810.19 0.0 125909.4355
1824.34 1824.34 0.0 125597.9707
1838.48 1838.48 0.0 125293.6777
1852.62 1852.62 0.0 124996.1172
1866.76 1866.76 0.0 124705.1094
1880.9 1880.9 0.0 124420.4414
1895.05 1895.05 0.0 124141.7344
1909.19 1909.19 0.0 123869.2070
1923.33 1923.33 0.0 123602.4805
1937.47 1937.47 0.0 123341.4102
1951.61 1951.61 0.0 123085.8027
1965.76 1965.76 0.0 122835.3672
1979.9 1979.9 0.0 122590.2656
1994.04 1994.04 0.0 122350.2227
2008.18 2008.18 0.0 122115.0684
2022.33 2022.33 0.0 121884.5234
2036.47 2036.47 0.0 121658.7676
2050.61 2050.61 0.0 121437.5293
2064.75 2064.75 0.0 121220.6953
2078.89 2078.89 0.0 121008.1172
2093.04 2093.04 0.0 120799.5723
2107.18 2107.18 0.0 120595.2305
2121.32 2121.32 0.0 120394.8477
2135.46 2135.46 0.0 120198.3125
2149.6 2149.6 0.0 120005.5391
2163.75 2163.75 0.0 119816.2930
2177.89 2177.89 0.0 119630.7520
2192.03 2192.03 0.0 119448.6934
2206.17 2206.17 0.0 119270.0332
2220.32 2220.32 0.0 119094.5605
2234.46 2234.46 0.0 118922.4453
2248.6 2248.6 0.0 118753.4902
2262.74 2262.74 0.0 118587.6113
2276.88 2276.88 0.0 118424.7461
2291.03 2291.03 0.0 118264.7090
2305.17 2305.17 0.0 118107.6484
2319.31 2319.31 0.0 117953.4004
2333.45 2333.45 0.0 117801.8848
2347.59 2347.59 0.0 117653.0352
2361.74 2361.74 0.0 117506.7129
2375.88 2375.88 0.0 117363.0420
2390.02 2390.02 0.0 117221.8701
2404.16 2404.16 0.0 117083.1377
2418.31 2418.31 0.0 116946.6992
2432.45 2432.45 0.0 116812.6963
2446.59 2446.59 0.0 116680.9883
2460.73 2460.73 0.0 116551.5010
2474.87 2474.87 0.0 116424.2061
2489.02 2489.02 0.0 116298.9658
2503.16 2503.16 0.0 116175.9023
2517.3 2517.3 0.0 116054.8818
2531.44 2531.44 0.0 115935.8848
2545.58 2545.58 0.0 115818.8438
2559.73 2559.73 0.0 115703.6445
2573.87 2573.87 0.0 115590.4092
2588.01 2588.01 0.0 115479.0117
2602.15 2602.15 0.0 115369.4346
2616.3 2616.3 0.0 115261.5449
2630.44 2630.44 0.0 115155.4658
2644.58 2644.58 0.0 115051.0742
2658.72 2658.72 0.0 114948.3613
2672.86 2672.86 0.0 114847.2715
2687.01 2687.01 0.0 114747.7129
2701.15 2701.15 0.0 114649.7871
2715.29 2715.29 0.0 114553.3838
2729.43 2729.43 0.0 114458.5137
2743.57 2743.57 0.0 114365.0986
2757.72 2757.72 0.0 114273.0674
2771.86 2771.86 0.0 114182.5215
2786.0 2786.0 0.0 114093.3730
2800.14 2800.14 0.0 114005.5859
2814.28 2814.28 0.0 113919.1289
2828.43 2828.43 0.0 113833.9365
2842.57 2842.57 0.0 113750.0742
2856.71 2856.71 0.0 113667.4854
2870.85 2870.85 0.0 113586.1338
2885.0 2885.0 0.0 113505.9443
2899.14 2899.14 0.0 113427.0049
2913.28 2913.28 0.0 113349.2393
2927.42 2927.42 0.0 113272.6113
2941.56 2941.56 0.0 113197.1152
2955.71 2955.71 0.0 113122.6768
2969.85 2969.85 0.0 113049.3682
2983.99 2983.99 0.0 112977.1357
2998.13 2998.13 0.0 112905.9453
3012.27 3012.27 0.0 112835.7822
3026.42 3026.42 0.0 112766.5889
3040.56 3040.56 0.0 112698.4189
3054.7 3054.7 0.0 112631.2314
3068.84 3068.84 0.0 112565.0000
3082.99 3082.99 0.0 112499.6553
3097.13 3097.13 0.0 112435.2842
3111.27 3111.27 0.0 112371.8184
3125.41 3125.41 0.0 112309.2314
3139.55 3139.55 0.0 112247.5322
3153.7 3153.7 0.0 112186.6406
3167.84 3167.84 0.0 112126.6338
3181.98 3181.98 0.0 112067.4580
3196.12 3196.12 0.0 112009.0850
3210.26 3210.26 0.0 111951.5215
3224.41 3224.41 0.0 111894.6924
3238.55 3238.55 0.0 111838.6846
3252.69 3252.69 0.0 111783.4287
3266.83 3266.83 0.0 111728.9199
3280.98 3280.98 0.0 111675.1162
3295.12 3295.12 0.0 111622.0586
3309.26 3309.26 0.0 111569.6992
3323.4 3323.4 0.0 111518.0498
3337.54 3337.54 0.0 111467.0723
3351.69 3351.69 0.0 111416.7383
3365.83 3365.83 0.0 111367.0938
3379.97 3379.97 0.0 111318.1064
3394.11 3394.11 0.0 111269.7412
3408.25 3408.25 0.0 111222.0146
3422.4 3422.4 0.0 111174.8711
3436.54 3436.54 0.0 111128.3701
3450.68 3450.68 0.0 111082.4531
3464.82 3464.82 0.0 111037.1318
3478.97 3478.97 0.0 110992.3506
3493.11 3493.11 0.0 110948.1631
3507.25 3507.25 0.0 110904.5361
3521.39 3521.39 0.0 110861.4590
3535.53 3535.53 0.0 110818.9121
3549.68 3549.68 0.0 110776.8779
3563.82 3563.82 0.0 110735.3857
3577.96 3577.96 0.0 110694.4121
3592.1 3592.1 0.0 110653.9316
3606.24 3606.24 0.0 110613.9541
3620.39 3620.39 0.0 110574.4346
3634.53 3634.53 0.0 110535.4180
3648.67 3648.67 0.0 110496.8701
3662.81 3662.81 0.0 110458.7949
3676.96 3676.96 0.0 110421.1445
3691.1 3691.1 0.0 110383.9766
3705.24 3705.24 0.0 110347.2422
3719.38 3719.38 0.0 110310.9453
3733.52 3733.52 0.0 110275.0742
3747.67 3747.67 0.0 110239.6006
3761.81 3761.81 0.0 110204.5518
3775.95 3775.95 0.0 110169.9268
3790.09 3790.09 0.0 110135.6963
3804.23 3804.23 0.0 110101.8545
3818.38 3818.38 0.0 110068.3838
3832.52 3832.52 0.0 110035.3174
3846.66 3846.66 0.0 110002.6182
3860.8 3860.8 0.0 109970.2910
3874.95 3874.95 0.0 109938.3096
3889.09 3889.09 0.0 109906.7061
3903.23 3903.23 0.0 109875.4551
3917.37 3917.37 0.0 109844.5420
3931.51 3931.51 0.0 109813.9756
3945.66 3945.66 0.0 109783.7256
3959.8 3959.8 0.0 109753.8242
3973.94 3973.94 0.0 109724.2510
3988.08 3988.08 0.0 109694.9951
4002.22 4002.22 0.0 109666.0518
4016.37 4016.37 0.0 109637.4053
4030.51 4030.51 0.0 109609.0732
4044.65 4044.65 0.0 109581.0439
4058.79 4058.79 0.0 109553.3135
4072.94 4072.94 0.0 109525.8506
4087.08 4087.08 0.0 109498.7002
4101.22 4101.22 0.0 109471.8291
4115.36 4115.36 0.0 109445.2275
4129.5 4129.5 0.0 109418.9082
4143.65 4143.65 0.0 109392.8340
4157.79 4157.79 0.0 109367.0469
4171.93 4171.93 0.0 109341.5127
4186.07 4186.07 0.0 109316.2378
4200.21 4200.21 0.0 109291.2202
4214.36 4214.36 0.0 109266.4312
4228.5 4228.5 0.0 109241.8994
4242.64 4242.64 0.0 109217.6123
4256.78 4256.78 0.0 109193.5640
4270.92 4270.92 0.0 109169.7515
4285.07 4285.07 0.0 109146.1465
4299.21 4299.21 0.0 109122.7886
4313.35 4313.35 0.0 109099.6553
4327.49 4327.49 0.0 109076.7412
4341.64 4341.64 0.0 109054.0264
4355.78 4355.78 0.0 109031.5400
4369.92 4369.92 0.0 109009.2637
4384.06 4384.06 0.0 108987.1982
4398.2 4398.2 0.0 108965.3330
4412.35 4412.35 0.0 108943.6494
4426.49 4426.49 0.0 108922.1860
4440.63 4440.63 0.0 108900.9126
4454.77 4454.77 0.0 108879.8271
4468.91 4468.91 0.0 108858.9404
4483.06 4483.06 0.0 108838.2183
4497.2 4497.2 0.0 108817.6914
4511.34 4511.34 0.0 108797.3481
4525.48 4525.48 0.0 108777.1841
4539.63 4539.63 0.0 108757.1870
4553.77 4553.77 0.0 108737.3628
4567.91 4567.91 0.0 108717.7222
4582.05 4582.05 0.0 108698.2378
4596.19 4596.19 0.0 108678.9272
4610.34 4610.34 0.0 108659.7573
4624.48 4624.48 0.0 108640.7656
4638.62 4638.62 0.0 108621.9307
4652.76 4652.76 0.0 108603.2549
4666.9 4666.9 0.0 108584.7334
4681.05 4681.05 0.0 108566.3452
4695.19 4695.19 0.0 108548.1123
4709.33 4709.33 0.0 108530.0356
4723.47 4723.47 0.0 108512.1030
4737.62 4737.62 0.0 108494.2964
4751.76 4751.76 0.0 108476.6455
4765.9 4765.9 0.0 108459.1304
4780.04 4780.04 0.0 108441.7588
4794.18 4794.18 0.0 108424.5137
4808.33 4808.33 0.0 108407.3945
4822.47 4822.47 0.0 108390.4136
4836.61 4836.61 0.0 108373.5640
4850.75 4850.75 0.0 108356.8408
4864.89 4864.89 0.0 108340.2378
4879.04 4879.04 0.0 108323.7534
4893.18 4893.18 0.0 108307.4004
4907.32 4907.32 0.0 108291.1680
4921.46 4921.46 0.0 108275.0493
4935.61 4935.61 0.0 108259.0376
4949.75 4949.75 0.0 108243.1572
4963.89 4963.89 0.0 108227.3857
4978.03 4978.03 0.0 108211.7285
4992.17 4992.17 0.0 108196.1748
5006.32 5006.32 0.0 108180.7222
5020.46 5020.46 0.0 108165.3945
5034.6 5034.6 0.0 108150.1626
5048.74 5048.74 0.0 108135.0386
5062.88 5062.88 0.0 108120.0166
5077.03 5077.03 0.0 108105.0854
5091.17 5091.17 0.0 108090.2642
5105.31 5105.31 0.0 108075.5449
5119.45 5119.45 0.0 108060.9229
5133.6 5133.6 0.0 108046.3862
5147.74 5147.74 0.0 108031.9512
5161.88 5161.88 0.0 108017.6069
5176.02 5176.02 0.0 108003.3633
5190.16 5190.16 0.0 107989.2036
5204.31 5204.31 0.0 107975.1274
5218.45 5218.45 0.0 107961.1440
5232.59 5232.59 0.0 107947.2568
5246.73 5246.73 0.0 107933.4482
5260.87 5260.87 0.0 107919.7275
5275.02 5275.02 0.0 107906.0825
5289.16 5289.16 0.0 107892.5278
5303.3 5303.3 0.0 107879.0576
5317.44 5317.44 0.0 107865.6611
5331.59 5331.59 0.0 107852.3413
5345.73 5345.73 0.0 107839.1050
5359.87 5359.87 0.0 107825.9507
5374.01 5374.01 0.0 107812.8657
5388.15 5388.15 0.0 107799.8662
5402.3 5402.3 0.0 107786.9199
5416.44 5416.44 0.0 107774.0659
5430.58 5430.58 0.0 107761.2847
5444.72 5444.72 0.0 107748.5713
5458.86 5458.86 0.0 107735.9277
5473.01 5473.01 0.0 107723.3462
5487.15 5487.15 0.0 107710.8467
5501.29 5501.29 0.0 107698.4077
5515.43 5515.43 0.0 107686.0415
5529.58 5529.58 0.0 107673.7300
5543.72 5543.72 0.0 107661.4956
5557.86 5557.86 0.0 107649.3242
5572.0 5572.0 0.0 107637.2207
5586.14 5586.14 0.0 107625.1763
5600.29 5600.29 0.0 107613.1851
5614.43 5614.43 0.0 107601.2671
5628.57 5628.57 0.0 107589.4106
5642.71 5642.71 0.0 107577.6177
5656.85 5656.85 0.0 107565.8706
5671.0 5671.0 0.0 107554.1870
5685.14 5685.14 0.0 107542.5669
5699.28 5699.28 0.0 107531.0039
5713.42 5713.42 0.0 107519.4971
5727.56 5727.56 0.0 107508.0439
5741.71 5741.71 0.0 107496.6421
5755.85 5755.85 0.0 107485.2983
5769.99 5769.99 0.0 107474.0137
5784.13 5784.13 0.0 107462.7822
5798.28 5798.28 0.0 107451.5938
5812.42 5812.42 0.0 107440.4634
5826.56 5826.56 0.0 107429.3853
5840.7 5840.7 0.0 107418.3652
5854.84 5854.84 0.0 107407.3882
5868.99 5868.99 0.0 107396.4590
5883.13 5883.13 0.0 107385.5850
5897.27 5897.27 0.0 107374.7612
5911.41 5911.41 0.0 107363.9824
5925.55 5925.55 0.0 107353.2461
5939.7 5939.7 0.0 107342.5605
5953.84 5953.84 0.0 107331.9277
5967.98 5967.98 0.0 107321.3364
5982.12 5982.12 0.0 107310.7949
5996.27 5996.27 0.0 107300.2896
6010.41 6010.41 0.0 107289.8335
6024.55 6024.55 0.0 107279.4238
6038.69 6038.69 0.0 107269.0601
6052.83 6052.83 0.0 107258.7437
6066.98 6066.98 0.0 107248.4502
6081.12 6081.12 0.0 107238.2163
6095.26 6095.26 0.0 107228.0254
6109.4 6109.4 0.0 107217.8691
6123.54 6123.54 0.0 107207.7583
6137.69 6137.69 0.0 107197.6841
6151.83 6151.83 0.0 107187.6548
6165.97 6165.97 0.0 107177.6655
6180.11 6180.11 0.0 107167.7119
6194.26 6194.26 0.0 107157.7979
6208.4 6208.4 0.0 107147.9248
6222.54 6222.54 0.0 107138.0884
6236.68 6236.68 0.0 107128.2930
6250.82 6250.82 0.0 107118.5396
6264.97 6264.97 0.0 107108.8125
6279.11 6279.11 0.0 107099.1274
6293.25 6293.25 0.0 107089.4800
6307.39 6307.39 0.0 107079.8730
6321.53 6321.53 0.0 107070.2988
6335.68 6335.68 0.0 107060.7485
6349.82 6349.82 0.0 107051.2466
6363.96 6363.96 0.0 107041.7788
6378.1 6378.1 0.0 107032.3442
6392.25 6392.25 0.0 107022.9404
6406.39 6406.39 0.0 107013.5771
6420.53 6420.53 0.0 107004.2500
6434.67 6434.67 0.0 106994.9468
6448.81 6448.81 0.0 106985.6880
6462.96 6462.96 0.0 106976.4448
6477.1 6477.1 0.0 106967.2510
6491.24 6491.24 0.0 106958.0806
6505.38 6505.38 0.0 106948.9463
6519.52 6519.52 0.0 106939.8428
6533.67 6533.67 0.0 106930.7700
6547.81 6547.81 0.0 106921.7300
6561.95 6561.95 0.0 106912.7207
6576.09 6576.09 0.0 106903.7417
6590.24 6590.24 0.0 106894.7886
6604.38 6604.38 0.0 106885.8726
6618.52 6618.52 0.0 106876.9868
6632.66 6632.66 0.0 106868.1289
6646.8 6646.8 0.0 106859.3008
6660.95 6660.95 0.0 106850.4961
6675.09 6675.09 0.0 106841.7275
6689.23 6689.23 0.0 106832.9907
6703.37 6703.37 0.0 106824.2783
6717.51 6717.51 0.0 106815.5957
6731.66 6731.66 0.0 106806.9365
6745.8 6745.8 0.0 106798.3120
6759.94 6759.94 0.0 106789.7114
6774.08 6774.08 0.0 106781.1426
6788.23 6788.23 0.0 106772.5923
6802.37 6802.37 0.0 106764.0762
6816.51 6816.51 0.0 106755.5889
6830.65 6830.65 0.0 106747.1299
6844.79 6844.79 0.0 106738.6890
6858.94 6858.94 0.0 106730.2827
6873.08 6873.08 0.0 106721.8931
6887.22 6887.22 0.0 106713.5386
6901.36 6901.36 0.0 106705.2061
6915.5 6915.5 0.0 106696.9102
6929.65 6929.65 0.0 106688.6270
6943.79 6943.79 0.0 106680.3711
6957.93 6957.93 0.0 106672.1436
6972.07 6972.07 0.0 106663.9434
6986.21 6986.21 0.0 106655.7642
7000.36 7000.36 0.0 106647.6099
7014.5 7014.5 0.0 106639.4858
7028.64 7028.64 0.0 106631.3760
7042.78 7042.78 0.0 106623.3022
7056.93 7056.93 0.0 106615.2402
7071.07 7071.07 0.0 106607.2100
7085.21 7085.21 0.0 106599.2051
7099.35 7099.35 0.0 106591.2217
7113.49 7113.49 0.0 106583.2612
7127.64 7127.64 0.0 106575.3247
7141.78 7141.78 0.0 106567.4102
7155.92 7155.92 0.0 106559.5249
7170.06 7170.06 0.0 106551.6616
7184.2 7184.2 0.0 106543.8223
7198.35 7198.35 0.0 106535.9922
7212.49 7212.49 0.0 106528.1968
7226.63 7226.63 0.0 106520.4243
7240.77 7240.77 0.0 106512.6763
7254.92 7254.92 0.0 106504.9399
7269.06 7269.06 0.0 106497.2373
7283.2 7283.2 0.0 106489.5552
7297.34 7297.34 0.0 106481.8926
7311.48 7311.48 0.0 106474.2534
7325.63 7325.63 0.0 106466.6274
7339.77 7339.77 0.0 106459.0332
7353.91 7353.91 0.0 106451.4614
7368.05 7368.05 0.0 106443.9082
7382.19 7382.19 0.0 106436.3784
7396.34 7396.34 0.0 106428.8623
7410.48 7410.48 0.0 106421.3696
7424.62 7424.62 0.0 106413.9092
7438.76 7438.76 0.0 106406.4644
7452.91 7452.91 0.0 106399.0332
7467.05 7467.05 0.0 106391.6294
7481.19 7481.19 0.0 106384.2461
7495.33 7495.33 0.0 106376.8857
7509.47 7509.47 0.0 106369.5410
7523.62 7523.62 0.0 106362.2163
7537.76 7537.76 0.0 106354.9141
7551.9 7551.9 0.0 106347.6362
7566.04 7566.04 0.0 106340.3745
7580.18 7580.18 0.0 106333.1372
7594.33 7594.33 0.0 106325.9077
7608.47 7608.47 0.0 106318.7129
7622.61 7622.61 0.0 106311.5352
7636.75 7636.75 0.0 106304.3726
7650.9 7650.9 0.0 106297.2300
7665.04 7665.04 0.0 106290.1118
7679.18 7679.18 0.0 106283.0078
7693.32 7693.32 0.0 106275.9268
7707.46 7707.46 0.0 106268.8638
7721.61 7721.61 0.0 106261.8188
7735.75 7735.75 0.0 106254.7983
7749.89 7749.89 0.0 106247.7964
7764.03 7764.03 0.0 106240.8096
7778.17 7778.17 0.0 106233.8457
