0.0 0.0 0.0 377265.8750
14.1421 14.1421 0.0 2174022.6250
28.2843 28.2843 0.0 1448818.5000
42.4264 42.4264 0.0 928765.2500
56.5685 56.5685 0.0 615104.5312
70.7107 70.7107 0.0 434913.5000
84.8528 84.8528 0.0 329863.1719
98.9949 98.9949 0.0 266002.6406
113.137 113.137 0.0 225249.8594
127.279 127.279 0.0 198006.3359
141.421 141.421 0.0 179022.1953
155.563 155.563 0.0 165308.0977
169.706 169.706 0.0 155088.4414
183.848 183.848 0.0 147268.1250
197.99 197.99 0.0 141144.2656
212.132 212.132 0.0 136252.5391
226.274 226.274 0.0 132276.9082
240.416 240.416 0.0 128996.6367
254.558 254.558 0.0 126253.9590
268.701 268.701 0.0 123933.6211
282.843 282.843 0.0 121950.4336
296.985 296.985 0.0 120239.5859
311.127 311.127 0.0 118751.4629
325.269 325.269 0.0 117447.5029
339.411 339.411 0.0 116297.2715
353.553 353.553 0.0 115276.5596
367.696 367.696 0.0 114365.7842
381.838 381.838 0.0 113549.2207
395.98 395.98 0.0 112813.7451
410.122 410.122 0.0 112148.5928
424.264 424.264 0.0 111544.7734
438.406 438.406 0.0 110994.7227
452.548 452.548 0.0 110492.0479
466.69 466.69 0.0 110031.3271
480.833 480.833 0.0 109607.8652
494.975 494.975 0.0 109217.7139
509.117 509.117 0.0 108857.3906
523.259 523.259 0.0 108523.8838
537.401 537.401 0.0 108214.5371
551.543 551.543 0.0 107927.0815
565.685 565.685 0.0 107659.4658
579.828 579.828 0.0 107409.8867
593.97 593.97 0.0 107176.7808
608.112 608.112 0.0 106958.7236
622.254 622.254 0.0 106754.4521
636.396 636.396 0.0 106562.8276
650.538 650.538 0.0 106382.8481
664.68 664.68 0.0 106213.5967
678.823 678.823 0.0 106054.2324
692.965 692.965 0.0 105904.0400
707.107 707.107 0.0 105762.3257
721.249 721.249 0.0 105628.4873
735.391 735.391 0.0 105501.9521
749.533 749.533 0.0 105382.2217
763.675 763.675 0.0 105268.8242
777.817 777.817 0.0 105161.3391
791.96 791.96 0.0 105059.3613
806.102 806.102 0.0 104962.5540
820.244 820.244 0.0 104870.5732
834.386 834.386 0.0 104783.1226
848.528 848.528 0.0 104699.9133
862.67 862.67 0.0 104620.6914
876.812 876.812 0.0 104545.2131
890.955 890.955 0.0 104473.2588
905.097 905.097 0.0 104404.6260
919.239 919.239 0.0 104339.1230
933.381 933.381 0.0 104276.5679
947.523 947.523 0.0 104216.7954
961.665 961.665 0.0 104159.6572
975.807 975.807 0.0 104105.0027
989.949 989.949 0.0 104052.7017
1004.09 1004.09 0.0 104002.6338
1018.23 1018.23 0.0 103954.6799
1032.38 1032.38 0.0 103908.6929
1046.52 1046.52 0.0 103864.6409
1060.66 1060.66 0.0 103822.3877
1074.8 1074.8 0.0 103781.8440
1088.94 1088.94 0.0 103742.9321
1103.09 1103.09 0.0 103705.5422
1117.23 1117.23 0.0 103669.6497
1131.37 1131.37 0.0 103635.1582
1145.51 1145.51 0.0 103602.0020
1159.66 1159.66 0.0 103570.0974
1173.8 1173.8 0.0 103539.4280
1187.94 1187.94 0.0 103509.9189
1202.08 1202.08 0.0 103481.5125
1216.22 1216.22 0.0 103454.1604
1230.37 1230.37 0.0 103427.7988
1244.51 1244.51 0.0 103402.4211
1258.65 1258.65 0.0 103377.9636
1272.79 1272.79 0.0 103354.3864
1286.93 1286.93 0.0 103331.6519
1301.08 1301.08 0.0 103309.7096
1315.22 1315.22 0.0 103288.5544
1329.36 1329.36 0.0 103268.1427
1343.5 1343.5 0.0 103248.4377
1357.65 1357.65 0.0 103229.3986
1371.79 1371.79 0.0 103211.0258
1385.93 1385.93 0.0 103193.2783
1400.07 1400.07 0.0 103176.1300
1414.21 1414.21 0.0 103159.5566
1428.36 1428.36 0.0 103143.5258
1442.5 1442.5 0.0 103128.0349
1456.64 1456.64 0.0 103113.0549
1470.78 1470.78 0.0 103098.5635
1484.92 1484.92 0.0 103084.5415
1499.07 1499.07 0.0 103070.9620
1513.21 1513.21 0.0 103057.8274
1527.35 1527.35 0.0 103045.1061
1541.49 1541.49 0.0 103032.7865
1555.63 1555.63 0.0 103020.8549
1569.78 1569.78 0.0 103009.2856
1583.92 1583.92 0.0 102998.0800
1598.06 1598.06 0.0 102987.2170
1612.2 1612.2 0.0 102976.6860
1626.35 1626.35 0.0 102966.4623
1640.49 1640.49 0.0 102956.5538
1654.63 1654.63 0.0 102946.9385
1668.77 1668.77 0.0 102937.6055
1682.91 1682.91 0.0 102928.5448
1697.06 1697.06 0.0 102919.7384
1711.2 1711.2 0.0 102911.1907
1725.34 1725.34 0.0 102902.8856
1739.48 1739.48 0.0 102894.8138
1753.62 1753.62 0.0 102886.9666
1767.77 1767.77 0.0 102879.3308
1781.91 1781.91 0.0 102871.9065
1796.05 1796.05 0.0 102864.6826
1810.19 1810.19 0.0 102857.6517
1824.34 1824.34 0.0 102850.7981
1838.48 1838.48 0.0 102844.1285
1852.62 1852.62 0.0 102837.6317
1866.76 1866.76 0.0 102831.2975
1880.9 1880.9 0.0 102825.1206
1895.05 1895.05 0.0 102819.0922
1909.19 1909.19 0.0 102813.2141
1923.33 1923.33 0.0 102807.4772
1937.47 1937.47 0.0 102801.8735
1951.61 1951.61 0.0 102796.3989
1965.76 1965.76 0.0 102791.0466
1979.9 1979.9 0.0 102785.8156
1994.04 1994.04 0.0 102780.6993
2008.18 2008.18 0.0 102775.6938
2022.33 2022.33 0.0 102770.7893
2036.47 2036.47 0.0 102765.9894
2050.61 2050.61 0.0 102761.2856
2064.75 2064.75 0.0 102756.6754
2078.89 2078.89 0.0 102752.1528
2093.04 2093.04 0.0 102747.7130
2107.18 2107.18 0.0 102743.3574
2121.32 2121.32 0.0 102739.0797
2135.46 2135.46 0.0 102734.8754
2149.6 2149.6 0.0 102730.7449
2163.75 2163.75 0.0 102726.6764
2177.89 2177.89 0.0 102722.6765
2192.03 2192.03 0.0 102718.7386
2206.17 2206.17 0.0 102714.8610
2220.32 2220.32 0.0 102711.0355
2234.46 2234.46 0.0 102707.2668
2248.6 2248.6 0.0 102703.5492
2262.74 2262.74 0.0 102699.8795
2276.88 2276.88 0.0 102696.2560
2291.03 2291.03 0.0 102692.6747
2305.17 2305.17 0.0 102689.1366
2319.31 2319.31 0.0 102685.6375
2333.45 2333.45 0.0 102682.1769
2347.59 2347.59 0.0 102678.7491
2361.74 2361.74 0.0 102675.3545
2375.88 2375.88 0.0 102671.9948
2390.02 2390.02 0.0 102668.6637
2404.16 2404.16 0.0 102665.3613
2418.31 2418.31 0.0 102662.0830
2432.45 2432.45 0.0 102658.8318
2446.59 2446.59 0.0 102655.6044
2460.73 2460.73 0.0 102652.3986
2474.87 2474.87 0.0 102649.2145
2489.02 2489.02 0.0 102646.0468
2503.16 2503.16 0.0 102642.8992
2517.3 2517.3 0.0 102639.7686
2531.44 2531.44 0.0 102636.6541
2545.58 2545.58 0.0 102633.5525
2559.73 2559.73 0.0 102630.4652
2573.87 2573.87 0.0 102627.3914
2588.01 2588.01 0.0 102624.3291
2602.15 2602.15 0.0 102621.2777
2616.3 2616.3 0.0 102618.2347
2630.44 2630.44 0.0 102615.2032
2644.58 2644.58 0.0 102612.1801
2658.72 2658.72 0.0 102609.1632
2672.86 2672.86 0.0 102606.1522
2687.01 2687.01 0.0 102603.1490
2701.15 2701.15 0.0 102600.1516
2715.29 2715.29 0.0 102597.1606
2729.43 2729.43 0.0 102594.1731
2743.57 2743.57 0.0 102591.1918
2757.72 2757.72 0.0 102588.2111
2771.86 2771.86 0.0 102585.2355
2786.0 2786.0 0.0 102582.2632
2800.14 2800.14 0.0 102579.2931
2814.28 2814.28 0.0 102576.3267
2828.43 2828.43 0.0 102573.3595
2842.57 2842.57 0.0 102570.3956
2856.71 2856.71 0.0 102567.4346
2870.85 2870.85 0.0 102564.4738
2885.0 2885.0 0.0 102561.5115
2899.14 2899.14 0.0 102558.5547
2913.28 2913.28 0.0 102555.5990
2927.42 2927.42 0.0 102552.6422
2941.56 2941.56 0.0 102549.6868
2955.71 2955.71 0.0 102546.7301
2969.85 2969.85 0.0 102543.7762
2983.99 2983.99 0.0 102540.8242
2998.13 2998.13 0.0 102537.8715
3012.27 3012.27 0.0 102534.9198
3026.42 3026.42 0.0 102531.9674
3040.56 3040.56 0.0 102529.0161
3054.7 3054.7 0.0 102526.0684
3068.84 3068.84 0.0 102523.1213
3082.99 3082.99 0.0 102520.1731
3097.13 3097.13 0.0 102517.2275
3111.27 3111.27 0.0 102514.2842
