0.0 0.0 0.0 223212.1953
14.1421 14.1421 0.0 303260.0156
28.2843 28.2843 0.0 319105.0781
42.4264 42.4264 0.0 327615.2188
56.5685 56.5685 0.0 332869.4219
70.7107 70.7107 0.0 336261.3594
84.8528 84.8528 0.0 338446.9688
98.9949 98.9949 0.0 339791.3438
113.137 113.137 0.0 340519.0156
127.279 127.279 0.0 340778.4844
141.421 141.421 0.0 340673.3594
155.563 155.563 0.0 340278.7500
169.706 169.706 0.0 339650.7500
183.848 183.848 0.0 338832.5625
197.99 197.99 0.0 337857.8281
212.132 212.132 0.0 336753.7500
226.274 226.274 0.0 335541.5938
240.416 240.416 0.0 334239.7656
254.558 254.558 0.0 332862.7344
268.701 268.701 0.0 331422.6406
282.843 282.843 0.0 329930.1094
296.985 296.985 0.0 328393.8594
311.127 311.127 0.0 326821.4219
325.269 325.269 0.0 325219.2656
339.411 339.411 0.0 323592.7656
353.553 353.553 0.0 321946.9375
367.696 367.696 0.0 320285.7031
381.838 381.838 0.0 318612.9062
395.98 395.98 0.0 316931.7344
410.122 410.122 0.0 315244.7969
424.264 424.264 0.0 313554.4219
438.406 438.406 0.0 311862.9844
452.548 452.548 0.0 310172.1875
466.69 466.69 0.0 308483.8125
480.833 480.833 0.0 306799.0156
494.975 494.975 0.0 305119.3594
509.117 509.117 0.0 303445.9062
523.259 523.259 0.0 301779.4844
537.401 537.401 0.0 300121.0469
551.543 551.543 0.0 298471.2188
565.685 565.685 0.0 296830.8906
579.828 579.828 0.0 295200.1719
593.97 593.97 0.0 293580.1094
608.112 608.112 0.0 291970.7031
622.254 622.254 0.0 290372.5469
636.396 636.396 0.0 288785.7656
650.538 650.538 0.0 287210.6719
664.68 664.68 0.0 285647.5469
678.823 678.823 0.0 284096.3125
692.965 692.965 0.0 282557.3750
707.107 707.107 0.0 281030.6875
721.249 721.249 0.0 279516.4219
735.391 735.391 0.0 278014.5000
749.533 749.533 0.0 276525.0156
763.675 763.675 0.0 275047.9062
777.817 777.817 0.0 273583.2500
791.96 791.96 0.0 272130.7969
806.102 806.102 0.0 270690.7344
820.244 820.244 0.0 269262.9844
834.386 834.386 0.0 267847.3750
848.528 848.528 0.0 266443.8281
862.67 862.67 0.0 265052.2656
876.812 876.812 0.0 263672.6562
890.955 890.955 0.0 262304.7344
905.097 905.097 0.0 260948.5156
919.239 919.239 0.0 259603.8906
933.381 933.381 0.0 258270.7031
947.523 947.523 0.0 256948.8281
961.665 961.665 0.0 255638.1250
975.807 975.807 0.0 254338.4688
989.949 989.949 0.0 253049.7188
1004.09 1004.09 0.0 251771.9219
1018.23 1018.23 0.0 250504.7500
1032.38 1032.38 0.0 249247.2812
1046.52 1046.52 0.0 248001.0781
1060.66 1060.66 0.0 246765.1250
1074.8 1074.8 0.0 245539.2656
1088.94 1088.94 0.0 244323.4062
1103.09 1103.09 0.0 243116.5781
1117.23 1117.23 0.0 241920.3125
1131.37 1131.37 0.0 240733.6562
1145.51 1145.51 0.0 239556.4844
1159.66 1159.66 0.0 238387.8750
1173.8 1173.8 0.0 237229.2500
1187.94 1187.94 0.0 236079.7969
1202.08 1202.08 0.0 234939.3438
1216.22 1216.22 0.0 233807.7656
1230.37 1230.37 0.0 232684.1094
1244.51 1244.51 0.0 231570.0000
1258.65 1258.65 0.0 230464.4219
1272.79 1272.79 0.0 229367.3281
1286.93 1286.93 0.0 228278.5391
1301.08 1301.08 0.0 227197.2656
1315.22 1315.22 0.0 226124.9219
1329.36 1329.36 0.0 225060.6406
1343.5 1343.5 0.0 224004.3828
1357.65 1357.65 0.0 222955.1953
1371.79 1371.79 0.0 221914.6328
1385.93 1385.93 0.0 220881.7422
1400.07 1400.07 0.0 219856.5469
1414.21 1414.21 0.0 218838.8906
1428.36 1428.36 0.0 217827.9922
1442.5 1442.5 0.0 216825.2344
1456.64 1456.64 0.0 215829.8750
1470.78 1470.78 0.0 214841.7656
1484.92 1484.92 0.0 213860.8750
1499.07 1499.07 0.0 212886.4844
1513.21 1513.21 0.0 211919.8516
1527.35 1527.35 0.0 210960.2969
1541.49 1541.49 0.0 210007.6953
1555.63 1555.63 0.0 209062.0703
1569.78 1569.78 0.0 208122.5859
1583.92 1583.92 0.0 207190.6719
1598.06 1598.06 0.0 206265.5156
1612.2 1612.2 0.0 205347.1250
1626.35 1626.35 0.0 204434.7500
1640.49 1640.49 0.0 203529.6641
1654.63 1654.63 0.0 202631.1953
1668.77 1668.77 0.0 201739.3438
1682.91 1682.91 0.0 200853.9609
1697.06 1697.06 0.0 199974.4609
1711.2 1711.2 0.0 199102.0781
1725.34 1725.34 0.0 198236.0859
1739.48 1739.48 0.0 197376.5312
1753.62 1753.62 0.0 196523.3359
1767.77 1767.77 0.0 195675.8906
1781.91 1781.91 0.0 194835.3281
1796.05 1796.05 0.0 194001.0391
1810.19 1810.19 0.0 193173.0156
1824.34 1824.34 0.0 192350.6484
1838.48 1838.48 0.0 191535.0469
1852.62 1852.62 0.0 190725.6406
1866.76 1866.76 0.0 189922.3516
1880.9 1880.9 0.0 189125.2266
1895.05 1895.05 0.0 188333.6328
1909.19 1909.19 0.0 187548.7109
1923.33 1923.33 0.0 186769.8359
1937.47 1937.47 0.0 185996.9922
1951.61 1951.61 0.0 185230.1953
1965.76 1965.76 0.0 184468.8594
1979.9 1979.9 0.0 183714.0312
1994.04 1994.04 0.0 182965.1953
2008.18 2008.18 0.0 182222.2734
2022.33 2022.33 0.0 181484.7734
2036.47 2036.47 0.0 180753.7266
2050.61 2050.61 0.0 180028.5703
2064.75 2064.75 0.0 179309.2656
2078.89 2078.89 0.0 178595.8203
2093.04 2093.04 0.0 177887.7266
2107.18 2107.18 0.0 177185.9609
2121.32 2121.32 0.0 176489.9844
2135.46 2135.46 0.0 175799.7891
2149.6 2149.6 0.0 175115.3516
2163.75 2163.75 0.0 174436.1875
2177.89 2177.89 0.0 173763.2734
2192.03 2192.03 0.0 173096.0156
2206.17 2206.17 0.0 172434.5000
2220.32 2220.32 0.0 171778.1641
2234.46 2234.46 0.0 171127.9531
2248.6 2248.6 0.0 170483.3906
2262.74 2262.74 0.0 169844.4453
2276.88 2276.88 0.0 169211.1172
2291.03 2291.03 0.0 168582.9219
2305.17 2305.17 0.0 167960.7188
2319.31 2319.31 0.0 167344.0703
2333.45 2333.45 0.0 166732.9453
2347.59 2347.59 0.0 166127.2656
2361.74 2361.74 0.0 165526.6992
2375.88 2375.88 0.0 164932.0000
2390.02 2390.02 0.0 164342.7539
2404.16 2404.16 0.0 163758.9062
2418.31 2418.31 0.0 163180.0703
2432.45 2432.45 0.0 162606.9805
2446.59 2446.59 0.0 162039.2773
2460.73 2460.73 0.0 161476.8789
2474.87 2474.87 0.0 160919.7812
2489.02 2489.02 0.0 160367.5781
2503.16 2503.16 0.0 159821.0117
2517.3 2517.3 0.0 159279.6836
2531.44 2531.44 0.0 158743.5703
2545.58 2545.58 0.0 158212.6523
2559.73 2559.73 0.0 157686.4922
2573.87 2573.87 0.0 157165.8555
2588.01 2588.01 0.0 156650.3047
2602.15 2602.15 0.0 156139.8516
2616.3 2616.3 0.0 155634.0742
2630.44 2630.44 0.0 155133.7109
2644.58 2644.58 0.0 154638.3320
2658.72 2658.72 0.0 154147.9336
2672.86 2672.86 0.0 153662.4414
2687.01 2687.01 0.0 153181.5586
2701.15 2701.15 0.0 152705.8906
2715.29 2715.29 0.0 152235.1055
2729.43 2729.43 0.0 151769.1172
2743.57 2743.57 0.0 151307.9609
2757.72 2757.72 0.0 150851.2344
2771.86 2771.86 0.0 150399.5820
2786.0 2786.0 0.0 149952.6328
2800.14 2800.14 0.0 149510.3477
2814.28 2814.28 0.0 149072.7500
2828.43 2828.43 0.0 148639.4492
2842.57 2842.57 0.0 148211.0742
2856.71 2856.71 0.0 147787.2305
2870.85 2870.85 0.0 147367.8984
2885.0 2885.0 0.0 146952.8008
2899.14 2899.14 0.0 146542.4375
2913.28 2913.28 0.0 146136.5195
2927.42 2927.42 0.0 145735.0039
2941.56 2941.56 0.0 145337.8359
2955.71 2955.71 0.0 144944.7500
2969.85 2969.85 0.0 144556.2266
2983.99 2983.99 0.0 144171.9883
2998.13 2998.13 0.0 143791.9805
3012.27 3012.27 0.0 143416.1914
3026.42 3026.42 0.0 143044.2812
3040.56 3040.56 0.0 142676.7930
3054.7 3054.7 0.0 142313.4062
3068.84 3068.84 0.0 141954.0938
3082.99 3082.99 0.0 141598.5625
3097.13 3097.13 0.0 141247.2852
3111.27 3111.27 0.0 140900.0234
3125.41 3125.41 0.0 140556.6172
3139.55 3139.55 0.0 140217.1797
3153.7 3153.7 0.0 139881.3438
3167.84 3167.84 0.0 139549.5898
3181.98 3181.98 0.0 139221.6445
3196.12 3196.12 0.0 138897.4609
3210.26 3210.26 0.0 138577.0156
3224.41 3224.41 0.0 138260.0430
3238.55 3238.55 0.0 137946.9570
3252.69 3252.69 0.0 137637.5312
3266.83 3266.83 0.0 137331.6602
3280.98 3280.98 0.0 137029.1680
3295.12 3295.12 0.0 136730.4219
3309.26 3309.26 0.0 136435.1562
3323.4 3323.4 0.0 136143.3633
3337.54 3337.54 0.0 135855.0156
3351.69 3351.69 0.0 135569.8594
3365.83 3365.83 0.0 135288.2578
3379.97 3379.97 0.0 135009.9844
3394.11 3394.11 0.0 134735.0078
3408.25 3408.25 0.0 134463.3008
3422.4 3422.4 0.0 134194.6406
3436.54 3436.54 0.0 133929.3555
3450.68 3450.68 0.0 133667.2363
3464.82 3464.82 0.0 133408.2500
3478.97 3478.97 0.0 133152.1777
3493.11 3493.11 0.0 132899.3574
3507.25 3507.25 0.0 132649.5723
3521.39 3521.39 0.0 132402.7676
3535.53 3535.53 0.0 132158.9551
3549.68 3549.68 0.0 131917.9043
3563.82 3563.82 0.0 131679.9180
3577.96 3577.96 0.0 131444.8320
3592.1 3592.1 0.0 131212.5586
3606.24 3606.24 0.0 130983.0859
3620.39 3620.39 0.0 130756.2578
3634.53 3634.53 0.0 130532.3242
3648.67 3648.67 0.0 130311.1074
3662.81 3662.81 0.0 130092.5664
3676.96 3676.96 0.0 129876.5449
3691.1 3691.1 0.0 129663.2832
3705.24 3705.24 0.0 129452.6270
3719.38 3719.38 0.0 129244.5293
3733.52 3733.52 0.0 129038.9688
3747.67 3747.67 0.0 128835.7578
3761.81 3761.81 0.0 128635.1777
3775.95 3775.95 0.0 128437.0371
3790.09 3790.09 0.0 128241.2930
3804.23 3804.23 0.0 128047.9648
3818.38 3818.38 0.0 127856.8438
3832.52 3832.52 0.0 127668.1992
3846.66 3846.66 0.0 127481.8418
3860.8 3860.8 0.0 127297.7617
3874.95 3874.95 0.0 127115.8086
3889.09 3889.09 0.0 126936.1816
3903.23 3903.23 0.0 126758.7559
3917.37 3917.37 0.0 126583.4824
3931.51 3931.51 0.0 126410.3613
3945.66 3945.66 0.0 126239.2129
3959.8 3959.8 0.0 126070.2754
3973.94 3973.94 0.0 125903.4043
3988.08 3988.08 0.0 125738.5586
4002.22 4002.22 0.0 125575.6914
4016.37 4016.37 0.0 125414.7207
4030.51 4030.51 0.0 125255.7949
4044.65 4044.65 0.0 125098.7988
4058.79 4058.79 0.0 124943.7188
4072.94 4072.94 0.0 124790.3965
4087.08 4087.08 0.0 124639.0371
4101.22 4101.22 0.0 124489.5098
4115.36 4115.36 0.0 124341.7871
4129.5 4129.5 0.0 124195.8438
4143.65 4143.65 0.0 124051.5508
4157.79 4157.79 0.0 123909.1172
4171.93 4171.93 0.0 123768.3691
4186.07 4186.07 0.0 123629.3281
4200.21 4200.21 0.0 123491.9336
4214.36 4214.36 0.0 123356.1074
4228.5 4228.5 0.0 123221.9844
4242.64 4242.64 0.0 123089.4629
4256.78 4256.78 0.0 122958.5254
4270.92 4270.92 0.0 122829.1387
4285.07 4285.07 0.0 122701.1992
4299.21 4299.21 0.0 122574.8555
4313.35 4313.35 0.0 122450.0137
4327.49 4327.49 0.0 122326.6484
4341.64 4341.64 0.0 122204.6328
4355.78 4355.78 0.0 122084.1445
4369.92 4369.92 0.0 121965.0684
4384.06 4384.06 0.0 121847.3887
4398.2 4398.2 0.0 121731.0859
4412.35 4412.35 0.0 121616.0488
4426.49 4426.49 0.0 121502.4277
4440.63 4440.63 0.0 121390.1211
4454.77 4454.77 0.0 121279.1211
4468.91 4468.91 0.0 121169.3926
4483.06 4483.06 0.0 121060.8457
4497.2 4497.2 0.0 120953.6309
4511.34 4511.34 0.0 120847.6348
4525.48 4525.48 0.0 120742.8438
4539.63 4539.63 0.0 120639.1895
4553.77 4553.77 0.0 120536.7539
4567.91 4567.91 0.0 120435.5020
4582.05 4582.05 0.0 120335.3828
4596.19 4596.19 0.0 120236.3809
4610.34 4610.34 0.0 120138.4316
4624.48 4624.48 0.0 120041.6270
4638.62 4638.62 0.0 119945.9160
4652.76 4652.76 0.0 119851.2441
4666.9 4666.9 0.0 119757.6348
4681.05 4681.05 0.0 119664.9902
4695.19 4695.19 0.0 119573.4258
4709.33 4709.33 0.0 119482.8672
4723.47 4723.47 0.0 119393.2832
4737.62 4737.62 0.0 119304.6152
4751.76 4751.76 0.0 119216.9629
4765.9 4765.9 0.0 119130.2539
4780.04 4780.04 0.0 119044.4844
4794.18 4794.18 0.0 118959.6230
4808.33 4808.33 0.0 118875.6211
4822.47 4822.47 0.0 118792.5586
4836.61 4836.61 0.0 118710.3652
4850.75 4850.75 0.0 118629.0371
4864.89 4864.89 0.0 118548.5723
4879.04 4879.04 0.0 118468.8789
4893.18 4893.18 0.0 118390.0664
4907.32 4907.32 0.0 118312.0625
4921.46 4921.46 0.0 118234.8750
4935.61 4935.61 0.0 118158.4258
4949.75 4949.75 0.0 118082.7949
4963.89 4963.89 0.0 118007.9453
4978.03 4978.03 0.0 117933.8398
4992.17 4992.17 0.0 117860.4785
5006.32 5006.32 0.0 117787.8027
5020.46 5020.46 0.0 117715.9082
5034.6 5034.6 0.0 117644.7109
5048.74 5048.74 0.0 117574.2227
5062.88 5062.88 0.0 117504.4316
5077.03 5077.03 0.0 117435.2656
5091.17 5091.17 0.0 117366.8193
5105.31 5105.31 0.0 117299.0322
5119.45 5119.45 0.0 117231.8965
5133.6 5133.6 0.0 117165.3555
5147.74 5147.74 0.0 117099.4863
5161.88 5161.88 0.0 117034.2471
5176.02 5176.02 0.0 116969.6133
5190.16 5190.16 0.0 116905.5859
5204.31 5204.31 0.0 116842.1172
5218.45 5218.45 0.0 116779.2783
5232.59 5232.59 0.0 116717.0137
5246.73 5246.73 0.0 116655.3154
5260.87 5260.87 0.0 116594.1738
5275.02 5275.02 0.0 116533.5410
5289.16 5289.16 0.0 116473.5059
5303.3 5303.3 0.0 116413.9902
5317.44 5317.44 0.0 116355.0137
5331.59 5331.59 0.0 116296.5146
5345.73 5345.73 0.0 116238.5713
5359.87 5359.87 0.0 116181.1113
5374.01 5374.01 0.0 116124.1807
5388.15 5388.15 0.0 116067.7158
5402.3 5402.3 0.0 116011.6953
5416.44 5416.44 0.0 115956.2041
5430.58 5430.58 0.0 115901.1709
5444.72 5444.72 0.0 115846.5957
5458.86 5458.86 0.0 115792.4785
5473.01 5473.01 0.0 115738.7725
5487.15 5487.15 0.0 115685.5498
5501.29 5501.29 0.0 115632.7510
5515.43 5515.43 0.0 115580.3828
5529.58 5529.58 0.0 115528.4072
5543.72 5543.72 0.0 115476.8809
5557.86 5557.86 0.0 115425.7666
5572.0 5572.0 0.0 115375.0547
5586.14 5586.14 0.0 115324.7305
5600.29 5600.29 0.0 115274.7627
5614.43 5614.43 0.0 115225.2227
5628.57 5628.57 0.0 115176.0732
5642.71 5642.71 0.0 115127.2930
5656.85 5656.85 0.0 115078.8711
5671.0 5671.0 0.0 115030.7881
5685.14 5685.14 0.0 114983.0859
5699.28 5699.28 0.0 114935.7529
5713.42 5713.42 0.0 114888.7588
5727.56 5727.56 0.0 114842.1172
5741.71 5741.71 0.0 114795.7744
5755.85 5755.85 0.0 114749.7861
5769.99 5769.99 0.0 114704.1445
5784.13 5784.13 0.0 114658.8213
5798.28 5798.28 0.0 114613.7832
5812.42 5812.42 0.0 114569.0957
5826.56 5826.56 0.0 114524.7158
5840.7 5840.7 0.0 114480.6318
5854.84 5854.84 0.0 114436.8555
5868.99 5868.99 0.0 114393.3486
5883.13 5883.13 0.0 114350.1689
5897.27 5897.27 0.0 114307.2617
5911.41 5911.41 0.0 114264.6533
5925.55 5925.55 0.0 114222.3125
5939.7 5939.7 0.0 114180.2305
5953.84 5953.84 0.0 114138.4443
5967.98 5967.98 0.0 114096.9375
5982.12 5982.12 0.0 114055.6855
5996.27 5996.27 0.0 114014.6602
6010.41 6010.41 0.0 113973.9229
6024.55 6024.55 0.0 113933.4482
6038.69 6038.69 0.0 113893.2139
6052.83 6052.83 0.0 113853.2334
6066.98 6066.98 0.0 113813.4609
6081.12 6081.12 0.0 113773.9551
6095.26 6095.26 0.0 113734.7041
6109.4 6109.4 0.0 113695.6641
6123.54 6123.54 0.0 113656.8682
6137.69 6137.69 0.0 113618.2510
6151.83 6151.83 0.0 113579.8945
6165.97 6165.97 0.0 113541.7715
6180.11 6180.11 0.0 113503.8555
6194.26 6194.26 0.0 113466.1221
6208.4 6208.4 0.0 113428.6270
6222.54 6222.54 0.0 113391.3447
6236.68 6236.68 0.0 113354.2734
6250.82 6250.82 0.0 113317.3936
6264.97 6264.97 0.0 113280.6963
6279.11 6279.11 0.0 113244.2109
6293.25 6293.25 0.0 113207.9307
6307.39 6307.39 0.0 113171.8467
6321.53 6321.53 0.0 113135.9385
6335.68 6335.68 0.0 113100.1934
6349.82 6349.82 0.0 113064.6621
6363.96 6363.96 0.0 113029.3154
6378.1 6378.1 0.0 112994.1514
6392.25 6392.25 0.0 112959.1309
6406.39 6406.39 0.0 112924.3086
6420.53 6420.53 0.0 112889.6504
6434.67 6434.67 0.0 112855.1719
6448.81 6448.81 0.0 112820.8604
6462.96 6462.96 0.0 112786.6895
6477.1 6477.1 0.0 112752.7168
6491.24 6491.24 0.0 112718.8857
6505.38 6505.38 0.0 112685.2207
6519.52 6519.52 0.0 112651.7188
6533.67 6533.67 0.0 112618.3359
6547.81 6547.81 0.0 112585.1318
6561.95 6561.95 0.0 112552.0879
6576.09 6576.09 0.0 112519.1934
6590.24 6590.24 0.0 112486.4062
6604.38 6604.38 0.0 112453.7979
6618.52 6618.52 0.0 112421.3271
6632.66 6632.66 0.0 112389.0029
6646.8 6646.8 0.0 112356.8135
6660.95 6660.95 0.0 112324.7402
6675.09 6675.09 0.0 112292.8242
6689.23 6689.23 0.0 112261.0381
6703.37 6703.37 0.0 112229.3906
6717.51 6717.51 0.0 112197.8711
6731.66 6731.66 0.0 112166.4561
6745.8 6745.8 0.0 112135.1982
6759.94 6759.94 0.0 112104.0557
6774.08 6774.08 0.0 112073.0439
6788.23 6788.23 0.0 112042.1201
6802.37 6802.37 0.0 112011.3545
6816.51 6816.51 0.0 111980.7041
6830.65 6830.65 0.0 111950.1748
6844.79 6844.79 0.0 111919.7539
6858.94 6858.94 0.0 111889.4199
6873.08 6873.08 0.0 111859.2266
6887.22 6887.22 0.0 111829.1484
6901.36 6901.36 0.0 111799.1768
6915.5 6915.5 0.0 111769.3145
6929.65 6929.65 0.0 111739.5508
6943.79 6943.79 0.0 111709.9023
6957.93 6957.93 0.0 111680.3662
6972.07 6972.07 0.0 111650.9297
6986.21 6986.21 0.0 111621.5850
7000.36 7000.36 0.0 111592.3340
7014.5 7014.5 0.0 111563.1934
7028.64 7028.64 0.0 111534.1650
7042.78 7042.78 0.0 111505.2344
7056.93 7056.93 0.0 111476.3594
7071.07 7071.07 0.0 111447.6143
7085.21 7085.21 0.0 111418.9736
7099.35 7099.35 0.0 111390.4092
7113.49 7113.49 0.0 111361.9395
7127.64 7127.64 0.0 111333.5459
7141.78 7141.78 0.0 111305.2637
7155.92 7155.92 0.0 111277.0586
7170.06 7170.06 0.0 111248.9502
7184.2 7184.2 0.0 111220.9219
7198.35 7198.35 0.0 111192.9619
7212.49 7212.49 0.0 111165.1182
7226.63 7226.63 0.0 111137.3418
7240.77 7240.77 0.0 111109.6592
7254.92 7254.92 0.0 111082.0303
7269.06 7269.06 0.0 111054.4990
7283.2 7283.2 0.0 111027.0488
7297.34 7297.34 0.0 110999.6855
7311.48 7311.48 0.0 110972.3926
7325.63 7325.63 0.0 110945.1641
7339.77 7339.77 0.0 110918.0166
7353.91 7353.91 0.0 110890.9580
7368.05 7368.05 0.0 110863.9805
7382.19 7382.19 0.0 110837.0605
7396.34 7396.34 0.0 110810.1982
7410.48 7410.48 0.0 110783.4209
7424.62 7424.62 0.0 110756.7305
7438.76 7438.76 0.0 110730.0986
7452.91 7452.91 0.0 110703.5156
7467.05 7467.05 0.0 110677.0322
7481.19 7481.19 0.0 110650.6064
7495.33 7495.33 0.0 110624.2549
7509.47 7509.47 0.0 110597.9697
7523.62 7523.62 0.0 110571.7266
7537.76 7537.76 0.0 110545.5654
7551.9 7551.9 0.0 110519.4658
7566.04 7566.04 0.0 110493.4404
7580.18 7580.18 0.0 110467.4756
7594.33 7594.33 0.0 110441.5469
7608.47 7608.47 0.0 110415.7070
7622.61 7622.61 0.0 110389.9297
7636.75 7636.75 0.0 110364.2080
7650.9 7650.9 0.0 110338.5254
7665.04 7665.04 0.0 110312.9287
7679.18 7679.18 0.0 110287.3779
7693.32 7693.32 0.0 110261.8955
7707.46 7707.46 0.0 110236.4609
7721.61 7721.61 0.0 110211.0801
7735.75 7735.75 0.0 110185.7627
7749.89 7749.89 0.0 110160.4971
7764.03 7764.03 0.0 110135.2852
7778.17 7778.17 0.0 110110.1416
