0.0 0.0 0.0 185712.5000
14.1421 14.1421 0.0 192713.8125
28.2843 28.2843 0.0 195887.9844
42.4264 42.4264 0.0 197572.4688
56.5685 56.5685 0.0 198617.4141
70.7107 70.7107 0.0 199299.0938
84.8528 84.8528 0.0 199743.7422
98.9949 98.9949 0.0 200020.1406
113.137 113.137 0.0 200170.1875
127.279 127.279 0.0 200221.4141
141.421 141.421 0.0 200192.8594
155.563 155.563 0.0 200098.4219
169.706 169.706 0.0 199948.4375
183.848 183.848 0.0 199750.9844
197.99 197.99 0.0 199512.3906
212.132 212.132 0.0 199237.8203
226.274 226.274 0.0 198931.4141
240.416 240.416 0.0 198596.6797
254.558 254.558 0.0 198236.5234
268.701 268.701 0.0 197853.5078
282.843 282.843 0.0 197449.7734
296.985 296.985 0.0 197027.2109
311.127 311.127 0.0 196587.4844
325.269 325.269 0.0 196132.0625
339.411 339.411 0.0 195662.1875
353.553 353.553 0.0 195179.0703
367.696 367.696 0.0 194683.6953
381.838 381.838 0.0 194177.0703
395.98 395.98 0.0 193660.0703
410.122 410.122 0.0 193133.4375
424.264 424.264 0.0 192597.9062
438.406 438.406 0.0 192054.1172
452.548 452.548 0.0 191502.7422
466.69 466.69 0.0 190944.2734
480.833 480.833 0.0 190379.2656
494.975 494.975 0.0 189808.2734
509.117 509.117 0.0 189231.7031
523.259 523.259 0.0 188649.9766
537.401 537.401 0.0 188063.5312
551.543 551.543 0.0 187472.7344
565.685 565.685 0.0 186877.9375
579.828 579.828 0.0 186279.4766
593.97 593.97 0.0 185677.7031
608.112 608.112 0.0 185072.9219
622.254 622.254 0.0 184465.4141
636.396 636.396 0.0 183855.4453
650.538 650.538 0.0 183243.3125
664.68 664.68 0.0 182629.2188
678.823 678.823 0.0 182013.3984
692.965 692.965 0.0 181396.1484
707.107 707.107 0.0 180777.6484
721.249 721.249 0.0 180158.1250
735.391 735.391 0.0 179537.7812
749.533 749.533 0.0 178916.7578
763.675 763.675 0.0 178295.3125
777.817 777.817 0.0 177673.5703
791.96 791.96 0.0 177051.6953
806.102 806.102 0.0 176429.9062
820.244 820.244 0.0 175808.3438
834.386 834.386 0.0 175187.1875
848.528 848.528 0.0 174566.5391
862.67 862.67 0.0 173946.5547
876.812 876.812 0.0 173327.3672
890.955 890.955 0.0 172709.0625
905.097 905.097 0.0 172091.8672
919.239 919.239 0.0 171475.8984
933.381 933.381 0.0 170861.2188
947.523 947.523 0.0 170247.9141
961.665 961.665 0.0 169636.1875
975.807 975.807 0.0 169026.0547
989.949 989.949 0.0 168417.7344
1004.09 1004.09 0.0 167811.2656
1018.23 1018.23 0.0 167206.7812
1032.38 1032.38 0.0 166603.9102
1046.52 1046.52 0.0 166003.5703
1060.66 1060.66 0.0 165405.4766
1074.8 1074.8 0.0 164809.6602
1088.94 1088.94 0.0 164216.2383
1103.09 1103.09 0.0 163624.8164
1117.23 1117.23 0.0 163036.3750
1131.37 1131.37 0.0 162450.5312
1145.51 1145.51 0.0 161867.3945
1159.66 1159.66 0.0 161286.5625
1173.8 1173.8 0.0 160708.9492
1187.94 1187.94 0.0 160134.2109
1202.08 1202.08 0.0 159562.4258
1216.22 1216.22 0.0 158993.6172
1230.37 1230.37 0.0 158427.4805
1244.51 1244.51 0.0 157864.8164
1258.65 1258.65 0.0 157305.3359
1272.79 1272.79 0.0 156749.0586
1286.93 1286.93 0.0 156196.0391
1301.08 1301.08 0.0 155645.9258
1315.22 1315.22 0.0 155099.5508
1329.36 1329.36 0.0 154556.5859
1343.5 1343.5 0.0 154017.0195
1357.65 1357.65 0.0 153480.5742
1371.79 1371.79 0.0 152947.9883
1385.93 1385.93 0.0 152418.9492
1400.07 1400.07 0.0 151893.4766
1414.21 1414.21 0.0 151371.6367
1428.36 1428.36 0.0 150853.0547
1442.5 1442.5 0.0 150338.5117
1456.64 1456.64 0.0 149827.6758
1470.78 1470.78 0.0 149320.5312
1484.92 1484.92 0.0 148817.1641
1499.07 1499.07 0.0 148317.1758
1513.21 1513.21 0.0 147821.3594
1527.35 1527.35 0.0 147329.3281
1541.49 1541.49 0.0 146841.1367
1555.63 1555.63 0.0 146356.8008
1569.78 1569.78 0.0 145875.9883
1583.92 1583.92 0.0 145399.3711
1598.06 1598.06 0.0 144926.6602
1612.2 1612.2 0.0 144457.8398
1626.35 1626.35 0.0 143992.6250
1640.49 1640.49 0.0 143531.6250
1654.63 1654.63 0.0 143074.5938
1668.77 1668.77 0.0 142621.4844
1682.91 1682.91 0.0 142172.3242
1697.06 1697.06 0.0 141726.8008
1711.2 1711.2 0.0 141285.5391
1725.34 1725.34 0.0 140848.2539
1739.48 1739.48 0.0 140414.9141
1753.62 1753.62 0.0 139985.5273
1767.77 1767.77 0.0 139559.8203
1781.91 1781.91 0.0 139138.3750
1796.05 1796.05 0.0 138720.8750
1810.19 1810.19 0.0 138307.3477
1824.34 1824.34 0.0 137897.4805
1838.48 1838.48 0.0 137491.8359
1852.62 1852.62 0.0 137090.1484
1866.76 1866.76 0.0 136692.4141
1880.9 1880.9 0.0 136298.5859
1895.05 1895.05 0.0 135908.4102
1909.19 1909.19 0.0 135522.4219
1923.33 1923.33 0.0 135140.3164
1937.47 1937.47 0.0 134762.1484
1951.61 1951.61 0.0 134387.8438
1965.76 1965.76 0.0 134017.1426
1979.9 1979.9 0.0 133650.5703
1994.04 1994.04 0.0 133287.8340
2008.18 2008.18 0.0 132928.9434
2022.33 2022.33 0.0 132573.6230
2036.47 2036.47 0.0 132222.3477
2050.61 2050.61 0.0 131874.8828
2064.75 2064.75 0.0 131531.1719
2078.89 2078.89 0.0 131191.2305
2093.04 2093.04 0.0 130854.7676
2107.18 2107.18 0.0 130522.2656
2121.32 2121.32 0.0 130193.4863
2135.46 2135.46 0.0 129868.4004
2149.6 2149.6 0.0 129546.9609
2163.75 2163.75 0.0 129228.9297
2177.89 2177.89 0.0 128914.7734
2192.03 2192.03 0.0 128604.2168
2206.17 2206.17 0.0 128297.2422
2220.32 2220.32 0.0 127993.6055
2234.46 2234.46 0.0 127693.7324
2248.6 2248.6 0.0 127397.4023
2262.74 2262.74 0.0 127104.5195
2276.88 2276.88 0.0 126815.1484
2291.03 2291.03 0.0 126529.0215
2305.17 2305.17 0.0 126246.5039
2319.31 2319.31 0.0 125967.3906
2333.45 2333.45 0.0 125691.6621
2347.59 2347.59 0.0 125419.2773
2361.74 2361.74 0.0 125150.0703
2375.88 2375.88 0.0 124884.3164
2390.02 2390.02 0.0 124621.8516
2404.16 2404.16 0.0 124362.6523
2418.31 2418.31 0.0 124106.4785
2432.45 2432.45 0.0 123853.7070
2446.59 2446.59 0.0 123604.1094
2460.73 2460.73 0.0 123357.6660
2474.87 2474.87 0.0 123114.3359
2489.02 2489.02 0.0 122873.9238
2503.16 2503.16 0.0 122636.7539
2517.3 2517.3 0.0 122402.6348
2531.44 2531.44 0.0 122171.5332
2545.58 2545.58 0.0 121943.4258
2559.73 2559.73 0.0 121718.1172
2573.87 2573.87 0.0 121495.8867
2588.01 2588.01 0.0 121276.5684
2602.15 2602.15 0.0 121060.1426
2616.3 2616.3 0.0 120846.4043
2630.44 2630.44 0.0 120635.6445
2644.58 2644.58 0.0 120427.6875
2658.72 2658.72 0.0 120222.4883
2672.86 2672.86 0.0 120020.0469
2687.01 2687.01 0.0 119820.1582
2701.15 2701.15 0.0 119623.1113
2715.29 2715.29 0.0 119428.7148
2729.43 2729.43 0.0 119236.9531
2743.57 2743.57 0.0 119047.8027
2757.72 2757.72 0.0 118861.0762
2771.86 2771.86 0.0 118677.0371
2786.0 2786.0 0.0 118495.5234
2800.14 2800.14 0.0 118316.4883
2814.28 2814.28 0.0 118139.9297
2828.43 2828.43 0.0 117965.6719
2842.57 2842.57 0.0 117793.9531
2856.71 2856.71 0.0 117624.6260
2870.85 2870.85 0.0 117457.6641
2885.0 2885.0 0.0 117292.8965
2899.14 2899.14 0.0 117130.5410
2913.28 2913.28 0.0 116970.4746
2927.42 2927.42 0.0 116812.6533
2941.56 2941.56 0.0 116657.0498
2955.71 2955.71 0.0 116503.5225
2969.85 2969.85 0.0 116352.2832
2983.99 2983.99 0.0 116203.1855
2998.13 2998.13 0.0 116056.1934
3012.27 3012.27 0.0 115911.3105
3026.42 3026.42 0.0 115768.3691
3040.56 3040.56 0.0 115627.5908
3054.7 3054.7 0.0 115488.8047
3068.84 3068.84 0.0 115352.0078
3082.99 3082.99 0.0 115217.0957
3097.13 3097.13 0.0 115084.1943
3111.27 3111.27 0.0 114953.2080
3125.41 3125.41 0.0 114824.1182
3139.55 3139.55 0.0 114696.8838
3153.7 3153.7 0.0 114571.3984
3167.84 3167.84 0.0 114447.8242
3181.98 3181.98 0.0 114326.0342
3196.12 3196.12 0.0 114206.0068
3210.26 3210.26 0.0 114087.7305
3224.41 3224.41 0.0 113971.0840
3238.55 3238.55 0.0 113856.2070
3252.69 3252.69 0.0 113743.0166
3266.83 3266.83 0.0 113631.4893
3280.98 3280.98 0.0 113521.4785
3295.12 3295.12 0.0 113413.1660
3309.26 3309.26 0.0 113306.4346
3323.4 3323.4 0.0 113201.2705
3337.54 3337.54 0.0 113097.6484
3351.69 3351.69 0.0 112995.4570
3365.83 3365.83 0.0 112894.8330
3379.97 3379.97 0.0 112795.6914
3394.11 3394.11 0.0 112698.0039
3408.25 3408.25 0.0 112601.7422
3422.4 3422.4 0.0 112506.8271
3436.54 3436.54 0.0 112413.3682
3450.68 3450.68 0.0 112321.2920
3464.82 3464.82 0.0 112230.5498
3478.97 3478.97 0.0 112141.0908
3493.11 3493.11 0.0 112052.9980
3507.25 3507.25 0.0 111966.2031
3521.39 3521.39 0.0 111880.6748
3535.53 3535.53 0.0 111796.4150
3549.68 3549.68 0.0 111713.3115
3563.82 3563.82 0.0 111631.5059
3577.96 3577.96 0.0 111550.8926
3592.1 3592.1 0.0 111471.4521
3606.24 3606.24 0.0 111393.1895
3620.39 3620.39 0.0 111316.0098
3634.53 3634.53 0.0 111240.0176
3648.67 3648.67 0.0 111165.1318
3662.81 3662.81 0.0 111091.3506
3676.96 3676.96 0.0 111018.5762
3691.1 3691.1 0.0 110946.9316
3705.24 3705.24 0.0 110876.3193
3719.38 3719.38 0.0 110806.7422
3733.52 3733.52 0.0 110738.1816
3747.67 3747.67 0.0 110670.5547
3761.81 3761.81 0.0 110603.9795
3775.95 3775.95 0.0 110538.3613
3790.09 3790.09 0.0 110473.6865
3804.23 3804.23 0.0 110409.9600
3818.38 3818.38 0.0 110347.1045
3832.52 3832.52 0.0 110285.2002
3846.66 3846.66 0.0 110224.1875
3860.8 3860.8 0.0 110164.0508
3874.95 3874.95 0.0 110104.7441
3889.09 3889.09 0.0 110046.3242
3903.23 3903.23 0.0 109988.7490
3917.37 3917.37 0.0 109931.9902
3931.51 3931.51 0.0 109876.0479
3945.66 3945.66 0.0 109820.8545
3959.8 3959.8 0.0 109766.4883
3973.94 3973.94 0.0 109712.9043
3988.08 3988.08 0.0 109660.0654
4002.22 4002.22 0.0 109607.9795
4016.37 4016.37 0.0 109556.6006
4030.51 4030.51 0.0 109505.9702
4044.65 4044.65 0.0 109456.0591
4058.79 4058.79 0.0 109406.8394
4072.94 4072.94 0.0 109358.2783
4087.08 4087.08 0.0 109310.4336
4101.22 4101.22 0.0 109263.2451
4115.36 4115.36 0.0 109216.7241
4129.5 4129.5 0.0 109170.8403
4143.65 4143.65 0.0 109125.5596
4157.79 4157.79 0.0 109080.9326
4171.93 4171.93 0.0 109036.9229
4186.07 4186.07 0.0 108993.5117
4200.21 4200.21 0.0 108950.7021
4214.36 4214.36 0.0 108908.4375
4228.5 4228.5 0.0 108866.7783
4242.64 4242.64 0.0 108825.6792
4256.78 4256.78 0.0 108785.1465
4270.92 4270.92 0.0 108745.1494
4285.07 4285.07 0.0 108705.6675
4299.21 4299.21 0.0 108666.7368
4313.35 4313.35 0.0 108628.3330
4327.49 4327.49 0.0 108590.4268
4341.64 4341.64 0.0 108553.0010
4355.78 4355.78 0.0 108516.0957
4369.92 4369.92 0.0 108479.6772
4384.06 4384.06 0.0 108443.7334
4398.2 4398.2 0.0 108408.2593
4412.35 4412.35 0.0 108373.2188
4426.49 4426.49 0.0 108338.6577
4440.63 4440.63 0.0 108304.5439
4454.77 4454.77 0.0 108270.8701
4468.91 4468.91 0.0 108237.6235
4483.06 4483.06 0.0 108204.7812
4497.2 4497.2 0.0 108172.3706
4511.34 4511.34 0.0 108140.3843
4525.48 4525.48 0.0 108108.7856
4539.63 4539.63 0.0 108077.5732
4553.77 4553.77 0.0 108046.7563
4567.91 4567.91 0.0 108016.3350
4582.05 4582.05 0.0 107986.2871
4596.19 4596.19 0.0 107956.5977
4610.34 4610.34 0.0 107927.2695
4624.48 4624.48 0.0 107898.3081
4638.62 4638.62 0.0 107869.6978
4652.76 4652.76 0.0 107841.4336
4666.9 4666.9 0.0 107813.5078
4681.05 4681.05 0.0 107785.9033
4695.19 4695.19 0.0 107758.6421
4709.33 4709.33 0.0 107731.6997
4723.47 4723.47 0.0 107705.0825
4737.62 4737.62 0.0 107678.7529
4751.76 4751.76 0.0 107652.7461
4765.9 4765.9 0.0 107627.0483
4780.04 4780.04 0.0 107601.6343
4794.18 4794.18 0.0 107576.5239
4808.33 4808.33 0.0 107551.6768
4822.47 4822.47 0.0 107527.1309
4836.61 4836.61 0.0 107502.8589
4850.75 4850.75 0.0 107478.8594
4864.89 4864.89 0.0 107455.1279
4879.04 4879.04 0.0 107431.6377
4893.18 4893.18 0.0 107408.4351
4907.32 4907.32 0.0 107385.4722
4921.46 4921.46 0.0 107362.7681
4935.61 4935.61 0.0 107340.2949
4949.75 4949.75 0.0 107318.0703
4963.89 4963.89 0.0 107296.0869
4978.03 4978.03 0.0 107274.3359
4992.17 4992.17 0.0 107252.8135
5006.32 5006.32 0.0 107231.5068
5020.46 5020.46 0.0 107210.4297
5034.6 5034.6 0.0 107189.5757
5048.74 5048.74 0.0 107168.9341
5062.88 5062.88 0.0 107148.5039
5077.03 5077.03 0.0 107128.2603
5091.17 5091.17 0.0 107108.2378
5105.31 5105.31 0.0 107088.4224
5119.45 5119.45 0.0 107068.7910
5133.6 5133.6 0.0 107049.3521
5147.74 5147.74 0.0 107030.1084
5161.88 5161.88 0.0 107011.0591
5176.02 5176.02 0.0 106992.1895
5190.16 5190.16 0.0 106973.4951
5204.31 5204.31 0.0 106954.9717
5218.45 5218.45 0.0 106936.6396
5232.59 5232.59 0.0 106918.4678
5246.73 5246.73 0.0 106900.4751
5260.87 5260.87 0.0 106882.6396
5275.02 5275.02 0.0 106864.9668
5289.16 5289.16 0.0 106847.4546
5303.3 5303.3 0.0 106830.1050
5317.44 5317.44 0.0 106812.9097
5331.59 5331.59 0.0 106795.8579
5345.73 5345.73 0.0 106778.9639
5359.87 5359.87 0.0 106762.2246
5374.01 5374.01 0.0 106745.6240
5388.15 5388.15 0.0 106729.1670
5402.3 5402.3 0.0 106712.8364
5416.44 5416.44 0.0 106696.6572
5430.58 5430.58 0.0 106680.6182
5444.72 5444.72 0.0 106664.7080
5458.86 5458.86 0.0 106648.9316
5473.01 5473.01 0.0 106633.2666
5487.15 5487.15 0.0 106617.7490
5501.29 5501.29 0.0 106602.3486
5515.43 5515.43 0.0 106587.0732
5529.58 5529.58 0.0 106571.9077
5543.72 5543.72 0.0 106556.8696
5557.86 5557.86 0.0 106541.9463
5572.0 5572.0 0.0 106527.1450
5586.14 5586.14 0.0 106512.4517
5600.29 5600.29 0.0 106497.8569
5614.43 5614.43 0.0 106483.3813
5628.57 5628.57 0.0 106469.0171
5642.71 5642.71 0.0 106454.7588
5656.85 5656.85 0.0 106440.6006
5671.0 5671.0 0.0 106426.5352
5685.14 5685.14 0.0 106412.5830
5699.28 5699.28 0.0 106398.7241
5713.42 5713.42 0.0 106384.9629
5727.56 5727.56 0.0 106371.2998
5741.71 5741.71 0.0 106357.7231
5755.85 5755.85 0.0 106344.2451
5769.99 5769.99 0.0 106330.8560
5784.13 5784.13 0.0 106317.5566
5798.28 5798.28 0.0 106304.3398
5812.42 5812.42 0.0 106291.2173
5826.56 5826.56 0.0 106278.1753
5840.7 5840.7 0.0 106265.2202
5854.84 5854.84 0.0 106252.3408
5868.99 5868.99 0.0 106239.5420
5883.13 5883.13 0.0 106226.8296
5897.27 5897.27 0.0 106214.1919
5911.41 5911.41 0.0 106201.6309
5925.55 5925.55 0.0 106189.1484
5939.7 5939.7 0.0 106176.7300
5953.84 5953.84 0.0 106164.3940
5967.98 5967.98 0.0 106152.1284
5982.12 5982.12 0.0 106139.9351
5996.27 5996.27 0.0 106127.7969
6010.41 6010.41 0.0 106115.7446
6024.55 6024.55 0.0 106103.7515
6038.69 6038.69 0.0 106091.8296
6052.83 6052.83 0.0 106079.9688
6066.98 6066.98 0.0 106068.1650
6081.12 6081.12 0.0 106056.4331
6095.26 6095.26 0.0 106044.7632
6109.4 6109.4 0.0 106033.1494
6123.54 6123.54 0.0 106021.6021
6137.69 6137.69 0.0 106010.1030
6151.83 6151.83 0.0 105998.6636
6165.97 6165.97 0.0 105987.2891
6180.11 6180.11 0.0 105975.9639
6194.26 6194.26 0.0 105964.6870
6208.4 6208.4 0.0 105953.4766
6222.54 6222.54 0.0 105942.3174
6236.68 6236.68 0.0 105931.2095
6250.82 6250.82 0.0 105920.1499
6264.97 6264.97 0.0 105909.1362
6279.11 6279.11 0.0 105898.1836
6293.25 6293.25 0.0 105887.2661
6307.39 6307.39 0.0 105876.4087
6321.53 6321.53 0.0 105865.5928
6335.68 6335.68 0.0 105854.8174
6349.82 6349.82 0.0 105844.0938
6363.96 6363.96 0.0 105833.4146
6378.1 6378.1 0.0 105822.7793
6392.25 6392.25 0.0 105812.1821
6406.39 6406.39 0.0 105801.6333
6420.53 6420.53 0.0 105791.1284
6434.67 6434.67 0.0 105780.6587
6448.81 6448.81 0.0 105770.2349
6462.96 6462.96 0.0 105759.8350
6477.1 6477.1 0.0 105749.4907
6491.24 6491.24 0.0 105739.1797
6505.38 6505.38 0.0 105728.9048
6519.52 6519.52 0.0 105718.6709
6533.67 6533.67 0.0 105708.4644
6547.81 6547.81 0.0 105698.2964
6561.95 6561.95 0.0 105688.1660
6576.09 6576.09 0.0 105678.0698
6590.24 6590.24 0.0 105667.9990
6604.38 6604.38 0.0 105657.9717
6618.52 6618.52 0.0 105647.9761
6632.66 6632.66 0.0 105638.0068
6646.8 6646.8 0.0 105628.0742
6660.95 6660.95 0.0 105618.1675
6675.09 6675.09 0.0 105608.2920
6689.23 6689.23 0.0 105598.4492
6703.37 6703.37 0.0 105588.6289
6717.51 6717.51 0.0 105578.8477
6731.66 6731.66 0.0 105569.0801
6745.8 6745.8 0.0 105559.3496
6759.94 6759.94 0.0 105549.6431
6774.08 6774.08 0.0 105539.9629
6788.23 6788.23 0.0 105530.3013
6802.37 6802.37 0.0 105520.6772
6816.51 6816.51 0.0 105511.0752
6830.65 6830.65 0.0 105501.4990
6844.79 6844.79 0.0 105491.9468
6858.94 6858.94 0.0 105482.4087
6873.08 6873.08 0.0 105472.8960
6887.22 6887.22 0.0 105463.4165
6901.36 6901.36 0.0 105453.9512
6915.5 6915.5 0.0 105444.5117
6929.65 6929.65 0.0 105435.0859
6943.79 6943.79 0.0 105425.6851
6957.93 6957.93 0.0 105416.3057
6972.07 6972.07 0.0 105406.9500
6986.21 6986.21 0.0 105397.6079
7000.36 7000.36 0.0 105388.2808
7014.5 7014.5 0.0 105378.9773
7028.64 7028.64 0.0 105369.6990
7042.78 7042.78 0.0 105360.4304
7056.93 7056.93 0.0 105351.1731
7071.07 7071.07 0.0 105341.9434
7085.21 7085.21 0.0 105332.7324
7099.35 7099.35 0.0 105323.5347
7113.49 7113.49 0.0 105314.3547
7127.64 7127.64 0.0 105305.1802
7141.78 7141.78 0.0 105296.0271
7155.92 7155.92 0.0 105286.8948
7170.06 7170.06 0.0 105277.7720
7184.2 7184.2 0.0 105268.6667
7198.35 7198.35 0.0 105259.5674
7212.49 7212.49 0.0 105250.4893
7226.63 7226.63 0.0 105241.4238
7240.77 7240.77 0.0 105232.3723
7254.92 7254.92 0.0 105223.3267
7269.06 7269.06 0.0 105214.3022
7283.2 7283.2 0.0 105205.2834
7297.34 7297.34 0.0 105196.2820
7311.48 7311.48 0.0 105187.2905
7325.63 7325.63 0.0 105178.3035
7339.77 7339.77 0.0 105169.3335
7353.91 7353.91 0.0 105160.3770
7368.05 7368.05 0.0 105151.4268
7382.19 7382.19 0.0 105142.4885
7396.34 7396.34 0.0 105133.5581
7410.48 7410.48 0.0 105124.6343
7424.62 7424.62 0.0 105115.7295
7438.76 7438.76 0.0 105106.8240
7452.91 7452.91 0.0 105097.9319
7467.05 7467.05 0.0 105089.0520
7481.19 7481.19 0.0 105080.1770
7495.33 7495.33 0.0 105071.3101
7509.47 7509.47 0.0 105062.4514
7523.62 7523.62 0.0 105053.5964
7537.76 7537.76 0.0 105044.7515
7551.9 7551.9 0.0 105035.9207
7566.04 7566.04 0.0 105027.0891
7580.18 7580.18 0.0 105018.2686
7594.33 7594.33 0.0 105009.4495
7608.47 7608.47 0.0 105000.6372
7622.61 7622.61 0.0 104991.8340
7636.75 7636.75 0.0 104983.0415
7650.9 7650.9 0.0 104974.2385
7665.04 7665.04 0.0 104965.4534
7679.18 7679.18 0.0 104956.6790
7693.32 7693.32 0.0 104947.9016
7707.46 7707.46 0.0 104939.1348
7721.61 7721.61 0.0 104930.3618
7735.75 7735.75 0.0 104921.6033
7749.89 7749.89 0.0 104912.8455
7764.03 7764.03 0.0 104904.0955
7778.17 7778.17 0.0 104895.3530
