0.0 0.0 0.0 311061.7969
14.1421 14.1421 0.0 2362106.0000
28.2843 28.2843 0.0 2231187.5000
42.4264 42.4264 0.0 2001872.2500
56.5685 56.5685 0.0 1756311.0000
70.7107 70.7107 0.0 1521645.7500
84.8528 84.8528 0.0 1309075.5000
98.9949 98.9949 0.0 1122774.6875
113.137 113.137 0.0 963193.5625
127.279 127.279 0.0 828710.8750
141.421 141.421 0.0 716649.5000
155.563 155.563 0.0 623935.1875
169.706 169.706 0.0 547506.9375
183.848 183.848 0.0 484571.7500
197.99 197.99 0.0 432679.6250
212.132 212.132 0.0 389768.4688
226.274 226.274 0.0 354138.3750
240.416 240.416 0.0 324407.5312
254.558 254.558 0.0 299462.4844
268.701 268.701 0.0 278409.8125
282.843 282.843 0.0 260538.2969
296.985 296.985 0.0 245274.8906
311.127 311.127 0.0 232161.5000
325.269 325.269 0.0 220829.5781
339.411 339.411 0.0 210981.7656
353.553 353.553 0.0 202376.9844
367.696 367.696 0.0 194818.3281
381.838 381.838 0.0 188146.3359
395.98 395.98 0.0 182228.2656
410.122 410.122 0.0 176954.9219
424.264 424.264 0.0 172235.7109
438.406 438.406 0.0 167994.9297
452.548 452.548 0.0 164169.1484
466.69 466.69 0.0 160704.8789
480.833 480.833 0.0 157556.7617
494.975 494.975 0.0 154686.6875
509.117 509.117 0.0 152061.7070
523.259 523.259 0.0 149653.6602
537.401 537.401 0.0 147438.3047
551.543 551.543 0.0 145394.7578
565.685 565.685 0.0 143504.8633
579.828 579.828 0.0 141752.7461
593.97 593.97 0.0 140124.8750
608.112 608.112 0.0 138609.0156
622.254 622.254 0.0 137194.5703
636.396 636.396 0.0 135872.1758
650.538 650.538 0.0 134633.5391
664.68 664.68 0.0 133471.3379
678.823 678.823 0.0 132378.9648
692.965 692.965 0.0 131350.7227
707.107 707.107 0.0 130381.3438
721.249 721.249 0.0 129466.1270
735.391 735.391 0.0 128600.9258
749.533 749.533 0.0 127781.8750
763.675 763.675 0.0 127005.6211
777.817 777.817 0.0 126269.0508
791.96 791.96 0.0 125569.2969
806.102 806.102 0.0 124903.9277
820.244 820.244 0.0 124270.5605
834.386 834.386 0.0 123667.0605
848.528 848.528 0.0 123091.5059
862.67 862.67 0.0 122542.1152
876.812 876.812 0.0 122017.2637
890.955 890.955 0.0 121515.4004
905.097 905.097 0.0 121035.2344
919.239 919.239 0.0 120575.4570
933.381 933.381 0.0 120134.8672
947.523 947.523 0.0 119712.4062
961.665 961.665 0.0 119307.0371
975.807 975.807 0.0 118917.8555
989.949 989.949 0.0 118543.9805
1004.09 1004.09 0.0 118184.6113
1018.23 1018.23 0.0 117839.0176
1032.38 1032.38 0.0 117506.2080
1046.52 1046.52 0.0 117186.0234
1060.66 1060.66 0.0 116877.5898
1074.8 1074.8 0.0 116580.3584
1088.94 1088.94 0.0 116293.7646
1103.09 1103.09 0.0 116017.1260
1117.23 1117.23 0.0 115750.3428
1131.37 1131.37 0.0 115492.8037
1145.51 1145.51 0.0 115244.0459
1159.66 1159.66 0.0 115003.5215
1173.8 1173.8 0.0 114771.2197
1187.94 1187.94 0.0 114546.5928
1202.08 1202.08 0.0 114329.3047
1216.22 1216.22 0.0 114119.0508
1230.37 1230.37 0.0 113915.3877
1244.51 1244.51 0.0 113718.3311
1258.65 1258.65 0.0 113527.4570
1272.79 1272.79 0.0 113342.5273
1286.93 1286.93 0.0 113163.2754
1301.08 1301.08 0.0 112989.3838
1315.22 1315.22 0.0 112820.8604
1329.36 1329.36 0.0 112657.3740
1343.5 1343.5 0.0 112498.7490
1357.65 1357.65 0.0 112344.6729
1371.79 1371.79 0.0 112195.1943
1385.93 1385.93 0.0 112050.0312
1400.07 1400.07 0.0 111909.0205
1414.21 1414.21 0.0 111772.0098
1428.36 1428.36 0.0 111638.7588
1442.5 1442.5 0.0 111509.3301
1456.64 1456.64 0.0 111383.4688
1470.78 1470.78 0.0 111261.0586
1484.92 1484.92 0.0 111141.9854
1499.07 1499.07 0.0 111026.0361
1513.21 1513.21 0.0 110913.2783
1527.35 1527.35 0.0 110803.4980
1541.49 1541.49 0.0 110696.6221
1555.63 1555.63 0.0 110592.5312
1569.78 1569.78 0.0 110491.0693
1583.92 1583.92 0.0 110392.2842
1598.06 1598.06 0.0 110296.0195
1612.2 1612.2 0.0 110202.1875
1626.35 1626.35 0.0 110110.6475
1640.49 1640.49 0.0 110021.4502
1654.63 1654.63 0.0 109934.4580
1668.77 1668.77 0.0 109849.6006
1682.91 1682.91 0.0 109766.8057
1697.06 1697.06 0.0 109685.9512
1711.2 1711.2 0.0 109607.0977
1725.34 1725.34 0.0 109530.1133
1739.48 1739.48 0.0 109454.9443
1753.62 1753.62 0.0 109381.5317
1767.77 1767.77 0.0 109309.7817
1781.91 1781.91 0.0 109239.7266
1796.05 1796.05 0.0 109171.2754
1810.19 1810.19 0.0 109104.3799
1824.34 1824.34 0.0 109038.9526
1838.48 1838.48 0.0 108975.0259
1852.62 1852.62 0.0 108912.5132
1866.76 1866.76 0.0 108851.3750
1880.9 1880.9 0.0 108791.5747
1895.05 1895.05 0.0 108733.0332
1909.19 1909.19 0.0 108675.7866
1923.33 1923.33 0.0 108619.7573
1937.47 1937.47 0.0 108564.9204
1951.61 1951.61 0.0 108511.2251
1965.76 1965.76 0.0 108458.6187
1979.9 1979.9 0.0 108407.1250
1994.04 1994.04 0.0 108356.6909
2008.18 2008.18 0.0 108307.2842
2022.33 2022.33 0.0 108258.8433
2036.47 2036.47 0.0 108211.3940
2050.61 2050.61 0.0 108164.8970
2064.75 2064.75 0.0 108119.3066
2078.89 2078.89 0.0 108074.6055
2093.04 2093.04 0.0 108030.7461
2107.18 2107.18 0.0 107987.7471
2121.32 2121.32 0.0 107945.5762
2135.46 2135.46 0.0 107904.1938
2149.6 2149.6 0.0 107863.5942
2163.75 2163.75 0.0 107823.7046
2177.89 2177.89 0.0 107784.5859
2192.03 2192.03 0.0 107746.1777
2206.17 2206.17 0.0 107708.4644
2220.32 2220.32 0.0 107671.4004
2234.46 2234.46 0.0 107635.0161
2248.6 2248.6 0.0 107599.2744
2262.74 2262.74 0.0 107564.1592
2276.88 2276.88 0.0 107529.6411
2291.03 2291.03 0.0 107495.6997
2305.17 2305.17 0.0 107462.3584
2319.31 2319.31 0.0 107429.5659
2333.45 2333.45 0.0 107397.3306
2347.59 2347.59 0.0 107365.6250
2361.74 2361.74 0.0 107334.4126
2375.88 2375.88 0.0 107303.7275
2390.02 2390.02 0.0 107273.5327
2404.16 2404.16 0.0 107243.8218
2418.31 2418.31 0.0 107214.5527
2432.45 2432.45 0.0 107185.7627
2446.59 2446.59 0.0 107157.4146
2460.73 2460.73 0.0 107129.4966
2474.87 2474.87 0.0 107102.0137
2489.02 2489.02 0.0 107074.9111
2503.16 2503.16 0.0 107048.2305
2517.3 2517.3 0.0 107021.9434
2531.44 2531.44 0.0 106996.0361
2545.58 2545.58 0.0 106970.5015
2559.73 2559.73 0.0 106945.3105
2573.87 2573.87 0.0 106920.4980
2588.01 2588.01 0.0 106896.0225
2602.15 2602.15 0.0 106871.8887
2616.3 2616.3 0.0 106848.0669
2630.44 2630.44 0.0 106824.5869
2644.58 2644.58 0.0 106801.4126
2658.72 2658.72 0.0 106778.5537
2672.86 2672.86 0.0 106755.9863
2687.01 2687.01 0.0 106733.7021
2701.15 2701.15 0.0 106711.7095
2715.29 2715.29 0.0 106690.0015
2729.43 2729.43 0.0 106668.5591
2743.57 2743.57 0.0 106647.3872
2757.72 2757.72 0.0 106626.4580
2771.86 2771.86 0.0 106605.7983
2786.0 2786.0 0.0 106585.3848
2800.14 2800.14 0.0 106565.2139
2814.28 2814.28 0.0 106545.2817
2828.43 2828.43 0.0 106525.5566
2842.57 2842.57 0.0 106506.0781
2856.71 2856.71 0.0 106486.8218
2870.85 2870.85 0.0 106467.7842
2885.0 2885.0 0.0 106448.9312
2899.14 2899.14 0.0 106430.3066
2913.28 2913.28 0.0 106411.8833
2927.42 2927.42 0.0 106393.6572
2941.56 2941.56 0.0 106375.6221
2955.71 2955.71 0.0 106357.7666
2969.85 2969.85 0.0 106340.1074
2983.99 2983.99 0.0 106322.6240
2998.13 2998.13 0.0 106305.3223
3012.27 3012.27 0.0 106288.1987
3026.42 3026.42 0.0 106271.2207
3040.56 3040.56 0.0 106254.4297
3054.7 3054.7 0.0 106237.7935
3068.84 3068.84 0.0 106221.3232
3082.99 3082.99 0.0 106204.9980
3097.13 3097.13 0.0 106188.8335
3111.27 3111.27 0.0 106172.8223
3125.41 3125.41 0.0 106156.9570
3139.55 3139.55 0.0 106141.2354
3153.7 3153.7 0.0 106125.6411
3167.84 3167.84 0.0 106110.1963
3181.98 3181.98 0.0 106094.8877
3196.12 3196.12 0.0 106079.7178
3210.26 3210.26 0.0 106064.6714
3224.41 3224.41 0.0 106049.7461
3238.55 3238.55 0.0 106034.9551
3252.69 3252.69 0.0 106020.2886
3266.83 3266.83 0.0 106005.7432
3280.98 3280.98 0.0 105991.3096
3295.12 3295.12 0.0 105977.0000
3309.26 3309.26 0.0 105962.8022
3323.4 3323.4 0.0 105948.7227
3337.54 3337.54 0.0 105934.7495
3351.69 3351.69 0.0 105920.8779
3365.83 3365.83 0.0 105907.1255
3379.97 3379.97 0.0 105893.4736
3394.11 3394.11 0.0 105879.9268
3408.25 3408.25 0.0 105866.4849
3422.4 3422.4 0.0 105853.1309
3436.54 3436.54 0.0 105839.8838
3450.68 3450.68 0.0 105826.7397
3464.82 3464.82 0.0 105813.6855
3478.97 3478.97 0.0 105800.7178
3493.11 3493.11 0.0 105787.8530
3507.25 3507.25 0.0 105775.0786
3521.39 3521.39 0.0 105762.3975
3535.53 3535.53 0.0 105749.8027
3549.68 3549.68 0.0 105737.2856
3563.82 3563.82 0.0 105724.8667
3577.96 3577.96 0.0 105712.5308
3592.1 3592.1 0.0 105700.2793
3606.24 3606.24 0.0 105688.1104
3620.39 3620.39 0.0 105676.0132
3634.53 3634.53 0.0 105664.0098
3648.67 3648.67 0.0 105652.0835
3662.81 3662.81 0.0 105640.2407
3676.96 3676.96 0.0 105628.4629
3691.1 3691.1 0.0 105616.7705
3705.24 3705.24 0.0 105605.1582
3719.38 3719.38 0.0 105593.6206
3733.52 3733.52 0.0 105582.1543
3747.67 3747.67 0.0 105570.7573
3761.81 3761.81 0.0 105559.4399
3775.95 3775.95 0.0 105548.1938
3790.09 3790.09 0.0 105537.0200
3804.23 3804.23 0.0 105525.9165
3818.38 3818.38 0.0 105514.8755
3832.52 3832.52 0.0 105503.9126
3846.66 3846.66 0.0 105493.0200
3860.8 3860.8 0.0 105482.1909
3874.95 3874.95 0.0 105471.4238
3889.09 3889.09 0.0 105460.7354
3903.23 3903.23 0.0 105450.1143
3917.37 3917.37 0.0 105439.5552
3931.51 3931.51 0.0 105429.0620
3945.66 3945.66 0.0 105418.6270
3959.8 3959.8 0.0 105408.2651
3973.94 3973.94 0.0 105397.9680
3988.08 3988.08 0.0 105387.7317
4002.22 4002.22 0.0 105377.5635
4016.37 4016.37 0.0 105367.4475
4030.51 4030.51 0.0 105357.3989
4044.65 4044.65 0.0 105347.4163
4058.79 4058.79 0.0 105337.4919
4072.94 4072.94 0.0 105327.6279
4087.08 4087.08 0.0 105317.8267
4101.22 4101.22 0.0 105308.0906
4115.36 4115.36 0.0 105298.4124
4129.5 4129.5 0.0 105288.7954
4143.65 4143.65 0.0 105279.2322
4157.79 4157.79 0.0 105269.7312
4171.93 4171.93 0.0 105260.2942
4186.07 4186.07 0.0 105250.9187
4200.21 4200.21 0.0 105241.5957
4214.36 4214.36 0.0 105232.3281
4228.5 4228.5 0.0 105223.1248
4242.64 4242.64 0.0 105213.9783
4256.78 4256.78 0.0 105204.8884
4270.92 4270.92 0.0 105195.8601
4285.07 4285.07 0.0 105186.8828
4299.21 4299.21 0.0 105177.9717
4313.35 4313.35 0.0 105169.1123
4327.49 4327.49 0.0 105160.3169
4341.64 4341.64 0.0 105151.5635
4355.78 4355.78 0.0 105142.8755
4369.92 4369.92 0.0 105134.2454
4384.06 4384.06 0.0 105125.6724
4398.2 4398.2 0.0 105117.1550
4412.35 4412.35 0.0 105108.6892
4426.49 4426.49 0.0 105100.2815
4440.63 4440.63 0.0 105091.9319
4454.77 4454.77 0.0 105083.6404
4468.91 4468.91 0.0 105075.4026
4483.06 4483.06 0.0 105067.2131
4497.2 4497.2 0.0 105059.0857
4511.34 4511.34 0.0 105051.0168
4525.48 4525.48 0.0 105042.9993
4539.63 4539.63 0.0 105035.0305
4553.77 4553.77 0.0 105027.1265
4567.91 4567.91 0.0 105019.2742
4582.05 4582.05 0.0 105011.4790
4596.19 4596.19 0.0 105003.7351
4610.34 4610.34 0.0 104996.0427
4624.48 4624.48 0.0 104988.4114
4638.62 4638.62 0.0 104980.8345
4652.76 4652.76 0.0 104973.3110
4666.9 4666.9 0.0 104965.8416
4681.05 4681.05 0.0 104958.4216
4695.19 4695.19 0.0 104951.0637
4709.33 4709.33 0.0 104943.7549
4723.47 4723.47 0.0 104936.5056
4737.62 4737.62 0.0 104929.3015
4751.76 4751.76 0.0 104922.1545
4765.9 4765.9 0.0 104915.0647
4780.04 4780.04 0.0 104908.0293
4794.18 4794.18 0.0 104901.0439
4808.33 4808.33 0.0 104894.1077
4822.47 4822.47 0.0 104887.2390
4836.61 4836.61 0.0 104880.4158
4850.75 4850.75 0.0 104873.6477
4864.89 4864.89 0.0 104866.9294
4879.04 4879.04 0.0 104860.2629
4893.18 4893.18 0.0 104853.6558
4907.32 4907.32 0.0 104847.1013
4921.46 4921.46 0.0 104840.5991
4935.61 4935.61 0.0 104834.1472
4949.75 4949.75 0.0 104827.7473
4963.89 4963.89 0.0 104821.4072
4978.03 4978.03 0.0 104815.1150
4992.17 4992.17 0.0 104808.8792
5006.32 5006.32 0.0 104802.6904
5020.46 5020.46 0.0 104796.5544
5034.6 5034.6 0.0 104790.4736
5048.74 5048.74 0.0 104784.4529
5062.88 5062.88 0.0 104778.4739
5077.03 5077.03 0.0 104772.5479
5091.17 5091.17 0.0 104766.6777
5105.31 5105.31 0.0 104760.8599
5119.45 5119.45 0.0 104755.0913
5133.6 5133.6 0.0 104749.3748
5147.74 5147.74 0.0 104743.7114
5161.88 5161.88 0.0 104738.1035
5176.02 5176.02 0.0 104732.5449
5190.16 5190.16 0.0 104727.0342
5204.31 5204.31 0.0 104721.5730
5218.45 5218.45 0.0 104716.1689
5232.59 5232.59 0.0 104710.8152
5246.73 5246.73 0.0 104705.5120
5260.87 5260.87 0.0 104700.2603
5275.02 5275.02 0.0 104695.0586
5289.16 5289.16 0.0 104689.9048
5303.3 5303.3 0.0 104684.8083
5317.44 5317.44 0.0 104679.7581
5331.59 5331.59 0.0 104674.7583
5345.73 5345.73 0.0 104669.8091
5359.87 5359.87 0.0 104664.9119
5374.01 5374.01 0.0 104660.0662
5388.15 5388.15 0.0 104655.2637
5402.3 5402.3 0.0 104650.5159
5416.44 5416.44 0.0 104645.8174
5430.58 5430.58 0.0 104641.1697
5444.72 5444.72 0.0 104636.5696
5458.86 5458.86 0.0 104632.0195
5473.01 5473.01 0.0 104627.5139
5487.15 5487.15 0.0 104623.0615
5501.29 5501.29 0.0 104618.6589
5515.43 5515.43 0.0 104614.3027
5529.58 5529.58 0.0 104609.9917
5543.72 5543.72 0.0 104605.7361
5557.86 5557.86 0.0 104601.5249
5572.0 5572.0 0.0 104597.3630
5586.14 5586.14 0.0 104593.2498
5600.29 5600.29 0.0 104589.1821
5614.43 5614.43 0.0 104585.1597
5628.57 5628.57 0.0 104581.1858
5642.71 5642.71 0.0 104577.2617
5656.85 5656.85 0.0 104573.3840
5671.0 5671.0 0.0 104569.5498
5685.14 5685.14 0.0 104565.7676
5699.28 5699.28 0.0 104562.0269
5713.42 5713.42 0.0 104558.3333
5727.56 5727.56 0.0 104554.6875
5741.71 5741.71 0.0 104551.0840
5755.85 5755.85 0.0 104547.5271
5769.99 5769.99 0.0 104544.0178
5784.13 5784.13 0.0 104540.5547
5798.28 5798.28 0.0 104537.1318
5812.42 5812.42 0.0 104533.7588
5826.56 5826.56 0.0 104530.4272
5840.7 5840.7 0.0 104527.1372
5854.84 5854.84 0.0 104523.8962
5868.99 5868.99 0.0 104520.6953
5883.13 5883.13 0.0 104517.5400
5897.27 5897.27 0.0 104514.4316
5911.41 5911.41 0.0 104511.3601
5925.55 5925.55 0.0 104508.3320
5939.7 5939.7 0.0 104505.3494
5953.84 5953.84 0.0 104502.4072
5967.98 5967.98 0.0 104499.5073
5982.12 5982.12 0.0 104496.6521
5996.27 5996.27 0.0 104493.8357
6010.41 6010.41 0.0 104491.0581
6024.55 6024.55 0.0 104488.3264
6038.69 6038.69 0.0 104485.6365
6052.83 6052.83 0.0 104482.9846
6066.98 6066.98 0.0 104480.3711
6081.12 6081.12 0.0 104477.8005
6095.26 6095.26 0.0 104475.2708
6109.4 6109.4 0.0 104472.7761
6123.54 6123.54 0.0 104470.3252
6137.69 6137.69 0.0 104467.9124
6151.83 6151.83 0.0 104465.5400
6165.97 6165.97 0.0 104463.2024
6180.11 6180.11 0.0 104460.9055
6194.26 6194.26 0.0 104458.6431
6208.4 6208.4 0.0 104456.4221
6222.54 6222.54 0.0 104454.2375
6236.68 6236.68 0.0 104452.0913
6250.82 6250.82 0.0 104449.9810
6264.97 6264.97 0.0 104447.9048
6279.11 6279.11 0.0 104445.8657
6293.25 6293.25 0.0 104443.8633
6307.39 6307.39 0.0 104441.8979
6321.53 6321.53 0.0 104439.9666
6335.68 6335.68 0.0 104438.0703
6349.82 6349.82 0.0 104436.2078
6363.96 6363.96 0.0 104434.3821
6378.1 6378.1 0.0 104432.5896
6392.25 6392.25 0.0 104430.8325
6406.39 6406.39 0.0 104429.1060
6420.53 6420.53 0.0 104427.4126
6434.67 6434.67 0.0 104425.7532
6448.81 6448.81 0.0 104424.1265
6462.96 6462.96 0.0 104422.5305
6477.1 6477.1 0.0 104420.9707
6491.24 6491.24 0.0 104419.4397
6505.38 6505.38 0.0 104417.9402
6519.52 6519.52 0.0 104416.4724
6533.67 6533.67 0.0 104415.0361
6547.81 6547.81 0.0 104413.6228
6561.95 6561.95 0.0 104412.2510
6576.09 6576.09 0.0 104410.8992
6590.24 6590.24 0.0 104409.5813
6604.38 6604.38 0.0 104408.2939
6618.52 6618.52 0.0 104407.0347
6632.66 6632.66 0.0 104405.8022
6646.8 6646.8 0.0 104404.5984
6660.95 6660.95 0.0 104403.4211
6675.09 6675.09 0.0 104402.2720
6689.23 6689.23 0.0 104401.1531
6703.37 6703.37 0.0 104400.0608
6717.51 6717.51 0.0 104398.9893
6731.66 6731.66 0.0 104397.9460
6745.8 6745.8 0.0 104396.9294
6759.94 6759.94 0.0 104395.9377
6774.08 6774.08 0.0 104394.9731
6788.23 6788.23 0.0 104394.0332
6802.37 6802.37 0.0 104393.1143
6816.51 6816.51 0.0 104392.2234
6830.65 6830.65 0.0 104391.3533
6844.79 6844.79 0.0 104390.5081
6858.94 6858.94 0.0 104389.6865
6873.08 6873.08 0.0 104388.8882
6887.22 6887.22 0.0 104388.1108
6901.36 6901.36 0.0 104387.3525
6915.5 6915.5 0.0 104386.6223
6929.65 6929.65 0.0 104385.9126
6943.79 6943.79 0.0 104385.2158
6957.93 6957.93 0.0 104384.5488
6972.07 6972.07 0.0 104383.8992
6986.21 6986.21 0.0 104383.2688
7000.36 7000.36 0.0 104382.6587
7014.5 7014.5 0.0 104382.0662
7028.64 7028.64 0.0 104381.4941
7042.78 7042.78 0.0 104380.9443
7056.93 7056.93 0.0 104380.4075
7071.07 7071.07 0.0 104379.8921
7085.21 7085.21 0.0 104379.3921
7099.35 7099.35 0.0 104378.9077
7113.49 7113.49 0.0 104378.4453
7127.64 7127.64 0.0 104377.9919
7141.78 7141.78 0.0 104377.5645
7155.92 7155.92 0.0 104377.1492
7170.06 7170.06 0.0 104376.7422
7184.2 7184.2 0.0 104376.3586
7198.35 7198.35 0.0 104375.9912
7212.49 7212.49 0.0 104375.6338
7226.63 7226.63 0.0 104375.2896
7240.77 7240.77 0.0 104374.9612
7254.92 7254.92 0.0 104374.6477
7269.06 7269.06 0.0 104374.3428
7283.2 7283.2 0.0 104374.0583
7297.34 7297.34 0.0 104373.7810
7311.48 7311.48 0.0 104373.5168
7325.63 7325.63 0.0 104373.2627
7339.77 7339.77 0.0 104373.0234
7353.91 7353.91 0.0 104372.7942
7368.05 7368.05 0.0 104372.5793
7382.19 7382.19 0.0 104372.3689
7396.34 7396.34 0.0 104372.1716
7410.48 7410.48 0.0 104371.9814
7424.62 7424.62 0.0 104371.8035
7438.76 7438.76 0.0 104371.6335
7452.91 7452.91 0.0 104371.4753
7467.05 7467.05 0.0 104371.3247
7481.19 7481.19 0.0 104371.1780
7495.33 7495.33 0.0 104371.0432
7509.47 7509.47 0.0 104370.9155
7523.62 7523.62 0.0 104370.7952
7537.76 7537.76 0.0 104370.6821
7551.9 7551.9 0.0 104370.5750
7566.04 7566.04 0.0 104370.4719
7580.18 7580.18 0.0 104370.3789
7594.33 7594.33 0.0 104370.2874
7608.47 7608.47 0.0 104370.2051
7622.61 7622.61 0.0 104370.1267
7636.75 7636.75 0.0 104370.0513
7650.9 7650.9 0.0 104369.9817
7665.04 7665.04 0.0 104369.9180
7679.18 7679.18 0.0 104369.8572
7693.32 7693.32 0.0 104369.7961
7707.46 7707.46 0.0 104369.7427
7721.61 7721.61 0.0 104369.6877
7735.75 7735.75 0.0 104369.6396
7749.89 7749.89 0.0 104369.5945
7764.03 7764.03 0.0 104369.5469
7778.17 7778.17 0.0 104369.5063
