0.0 0.0 0.0 300430.8750
14.1421 14.1421 0.0 1594287.0000
28.2843 28.2843 0.0 1764305.3750
42.4264 42.4264 0.0 1848329.5000
56.5685 56.5685 0.0 1896145.7500
70.7107 70.7107 0.0 1924103.3750
84.8528 84.8528 0.0 1939623.8750
98.9949 98.9949 0.0 1946704.3750
113.137 113.137 0.0 1947740.1250
127.279 127.279 0.0 1944275.2500
141.421 141.421 0.0 1937365.1250
155.563 155.563 0.0 1927756.2500
169.706 169.706 0.0 1915996.7500
183.848 183.848 0.0 1902505.6250
197.99 197.99 0.0 1887603.8750
212.132 212.132 0.0 1871544.0000
226.274 226.274 0.0 1854526.7500
240.416 240.416 0.0 1836723.0000
254.558 254.558 0.0 1818262.5000
268.701 268.701 0.0 1799259.6250
282.843 282.843 0.0 1779812.3750
296.985 296.985 0.0 1759999.0000
311.127 311.127 0.0 1739887.7500
325.269 325.269 0.0 1719539.2500
339.411 339.411 0.0 1699004.7500
353.553 353.553 0.0 1678327.0000
367.696 367.696 0.0 1657550.0000
381.838 381.838 0.0 1636703.5000
395.98 395.98 0.0 1615820.5000
410.122 410.122 0.0 1594927.8750
424.264 424.264 0.0 1574050.8750
438.406 438.406 0.0 1553210.7500
452.548 452.548 0.0 1532423.2500
466.69 466.69 0.0 1511711.6250
480.833 480.833 0.0 1491088.0000
494.975 494.975 0.0 1470568.7500
509.117 509.117 0.0 1450166.7500
523.259 523.259 0.0 1429892.0000
537.401 537.401 0.0 1409757.0000
551.543 551.543 0.0 1389770.5000
565.685 565.685 0.0 1369942.0000
579.828 579.828 0.0 1350277.7500
593.97 593.97 0.0 1330788.0000
608.112 608.112 0.0 1311477.3750
622.254 622.254 0.0 1292353.2500
636.396 636.396 0.0 1273420.2500
650.538 650.538 0.0 1254683.0000
664.68 664.68 0.0 1236146.7500
678.823 678.823 0.0 1217813.5000
692.965 692.965 0.0 1199690.2500
707.107 707.107 0.0 1181779.6250
721.249 721.249 0.0 1164081.6250
735.391 735.391 0.0 1146601.7500
749.533 749.533 0.0 1129342.0625
763.675 763.675 0.0 1112302.2500
777.817 777.817 0.0 1095485.6875
791.96 791.96 0.0 1078893.3750
806.102 806.102 0.0 1062526.5000
820.244 820.244 0.0 1046386.6875
834.386 834.386 0.0 1030473.1875
848.528 848.528 0.0 1014787.4375
862.67 862.67 0.0 999329.7500
876.812 876.812 0.0 984098.8125
890.955 890.955 0.0 969095.6875
905.097 905.097 0.0 954320.5625
919.239 919.239 0.0 939772.1875
933.381 933.381 0.0 925450.3750
947.523 947.523 0.0 911353.9375
961.665 961.665 0.0 897481.5625
975.807 975.807 0.0 883833.5000
989.949 989.949 0.0 870407.6250
1004.09 1004.09 0.0 857203.8125
1018.23 1018.23 0.0 844220.3750
1032.38 1032.38 0.0 831445.6250
1046.52 1046.52 0.0 818897.0000
1060.66 1060.66 0.0 806562.9375
1074.8 1074.8 0.0 794441.3750
1088.94 1088.94 0.0 782531.3750
1103.09 1103.09 0.0 770822.2500
1117.23 1117.23 0.0 759328.3125
1131.37 1131.37 0.0 748039.7500
1145.51 1145.51 0.0 736953.4375
1159.66 1159.66 0.0 726060.0625
1173.8 1173.8 0.0 715372.9375
1187.94 1187.94 0.0 704881.3750
1202.08 1202.08 0.0 694583.1875
1216.22 1216.22 0.0 684476.7500
1230.37 1230.37 0.0 674551.2500
1244.51 1244.51 0.0 664819.5000
1258.65 1258.65 0.0 655270.9375
1272.79 1272.79 0.0 645903.4375
1286.93 1286.93 0.0 636715.0625
1301.08 1301.08 0.0 627695.5625
1315.22 1315.22 0.0 618855.8438
1329.36 1329.36 0.0 610187.1250
1343.5 1343.5 0.0 601686.3125
1357.65 1357.65 0.0 593345.0312
1371.79 1371.79 0.0 585172.8125
1385.93 1385.93 0.0 577160.3438
1400.07 1400.07 0.0 569305.6250
1414.21 1414.21 0.0 561605.6875
1428.36 1428.36 0.0 554052.7500
1442.5 1442.5 0.0 546654.8438
1456.64 1456.64 0.0 539404.1875
1470.78 1470.78 0.0 532297.6250
1484.92 1484.92 0.0 525333.2188
1499.07 1499.07 0.0 518503.0938
1513.21 1513.21 0.0 511814.8750
1527.35 1527.35 0.0 505260.6562
1541.49 1541.49 0.0 498838.5625
1555.63 1555.63 0.0 492545.4375
1569.78 1569.78 0.0 486375.0000
1583.92 1583.92 0.0 480333.1875
1598.06 1598.06 0.0 474413.4688
1612.2 1612.2 0.0 468613.4375
1626.35 1626.35 0.0 462926.5000
1640.49 1640.49 0.0 457358.7500
1654.63 1654.63 0.0 451903.4375
1668.77 1668.77 0.0 446558.5938
1682.91 1682.91 0.0 441321.8750
1697.06 1697.06 0.0 436187.4688
1711.2 1711.2 0.0 431160.5312
1725.34 1725.34 0.0 426235.1875
1739.48 1739.48 0.0 421409.2812
1753.62 1753.62 0.0 416680.9688
1767.77 1767.77 0.0 412044.6875
1781.91 1781.91 0.0 407505.0625
1796.05 1796.05 0.0 403056.8125
1810.19 1810.19 0.0 398698.0938
1824.34 1824.34 0.0 394423.9688
1838.48 1838.48 0.0 390238.4375
1852.62 1852.62 0.0 386136.6875
1866.76 1866.76 0.0 382117.0312
1880.9 1880.9 0.0 378177.4062
1895.05 1895.05 0.0 374313.7812
1909.19 1909.19 0.0 370529.5312
1923.33 1923.33 0.0 366820.4062
1937.47 1937.47 0.0 363184.5625
1951.61 1951.61 0.0 359620.6562
1965.76 1965.76 0.0 356124.4219
1979.9 1979.9 0.0 352699.2500
1994.04 1994.04 0.0 349341.2031
2008.18 2008.18 0.0 346048.8125
2022.33 2022.33 0.0 342818.2969
2036.47 2036.47 0.0 339652.8125
2050.61 2050.61 0.0 336548.7188
2064.75 2064.75 0.0 333504.3906
2078.89 2078.89 0.0 330518.7031
2093.04 2093.04 0.0 327588.3281
2107.18 2107.18 0.0 324715.8594
2121.32 2121.32 0.0 321898.1562
2135.46 2135.46 0.0 319133.9531
2149.6 2149.6 0.0 316421.9375
2163.75 2163.75 0.0 313759.1719
2177.89 2177.89 0.0 311148.2344
2192.03 2192.03 0.0 308586.0625
2206.17 2206.17 0.0 306071.5781
2220.32 2220.32 0.0 303601.9844
2234.46 2234.46 0.0 301179.6250
2248.6 2248.6 0.0 298801.8750
2262.74 2262.74 0.0 296467.6250
2276.88 2276.88 0.0 294175.8438
2291.03 2291.03 0.0 291924.0625
2305.17 2305.17 0.0 289714.5156
2319.31 2319.31 0.0 287544.6250
2333.45 2333.45 0.0 285413.5625
2347.59 2347.59 0.0 283320.3750
2361.74 2361.74 0.0 281262.8750
2375.88 2375.88 0.0 279243.0938
2390.02 2390.02 0.0 277258.6562
2404.16 2404.16 0.0 275308.8594
2418.31 2418.31 0.0 273391.5781
2432.45 2432.45 0.0 271508.7188
2446.59 2446.59 0.0 269658.2812
2460.73 2460.73 0.0 267839.4062
2474.87 2474.87 0.0 266051.4531
2489.02 2489.02 0.0 264292.5312
2503.16 2503.16 0.0 262564.4219
2517.3 2517.3 0.0 260865.2031
2531.44 2531.44 0.0 259194.2812
2545.58 2545.58 0.0 257551.0000
2559.73 2559.73 0.0 255933.6250
2573.87 2573.87 0.0 254343.8750
2588.01 2588.01 0.0 252779.9688
2602.15 2602.15 0.0 251241.4062
2616.3 2616.3 0.0 249726.4844
2630.44 2630.44 0.0 248236.9688
2644.58 2644.58 0.0 246771.1406
2658.72 2658.72 0.0 245328.4844
2672.86 2672.86 0.0 243908.4844
2687.01 2687.01 0.0 242509.8281
2701.15 2701.15 0.0 241133.8281
2715.29 2715.29 0.0 239779.1875
2729.43 2729.43 0.0 238445.3750
2743.57 2743.57 0.0 237131.9688
2757.72 2757.72 0.0 235837.6875
2771.86 2771.86 0.0 234563.8594
2786.0 2786.0 0.0 233309.2188
2800.14 2800.14 0.0 232073.3438
2814.28 2814.28 0.0 230855.8594
2828.43 2828.43 0.0 229655.5469
2842.57 2842.57 0.0 228473.7344
2856.71 2856.71 0.0 227309.2812
2870.85 2870.85 0.0 226161.7344
2885.0 2885.0 0.0 225030.0703
2899.14 2899.14 0.0 223915.4453
2913.28 2913.28 0.0 222816.7969
2927.42 2927.42 0.0 221733.8438
2941.56 2941.56 0.0 220666.2422
2955.71 2955.71 0.0 219612.9297
2969.85 2969.85 0.0 218575.1641
2983.99 2983.99 0.0 217551.9297
2998.13 2998.13 0.0 216542.8672
3012.27 3012.27 0.0 215547.7734
3026.42 3026.42 0.0 214565.7109
3040.56 3040.56 0.0 213597.7578
3054.7 3054.7 0.0 212643.0078
3068.84 3068.84 0.0 211701.1875
3082.99 3082.99 0.0 210771.4609
3097.13 3097.13 0.0 209854.9219
3111.27 3111.27 0.0 208950.6016
3125.41 3125.41 0.0 208058.3125
3139.55 3139.55 0.0 207177.8828
3153.7 3153.7 0.0 206308.4688
3167.84 3167.84 0.0 205451.1016
3181.98 3181.98 0.0 204605.0000
3196.12 3196.12 0.0 203769.8906
3210.26 3210.26 0.0 202945.6406
3224.41 3224.41 0.0 202131.5078
3238.55 3238.55 0.0 201328.4531
3252.69 3252.69 0.0 200535.7031
3266.83 3266.83 0.0 199753.0781
3280.98 3280.98 0.0 198979.9062
3295.12 3295.12 0.0 198217.1016
3309.26 3309.26 0.0 197463.9531
3323.4 3323.4 0.0 196720.3359
3337.54 3337.54 0.0 195986.0391
3351.69 3351.69 0.0 195260.4844
3365.83 3365.83 0.0 194544.4766
3379.97 3379.97 0.0 193837.4219
3394.11 3394.11 0.0 193139.1016
3408.25 3408.25 0.0 192449.4844
3422.4 3422.4 0.0 191767.8828
3436.54 3436.54 0.0 191095.1484
3450.68 3450.68 0.0 190430.7266
3464.82 3464.82 0.0 189774.3984
3478.97 3478.97 0.0 189125.6484
3493.11 3493.11 0.0 188485.2812
3507.25 3507.25 0.0 187852.6719
3521.39 3521.39 0.0 187227.7734
3535.53 3535.53 0.0 186610.4297
3549.68 3549.68 0.0 186000.1016
3563.82 3563.82 0.0 185397.5938
3577.96 3577.96 0.0 184802.3203
3592.1 3592.1 0.0 184214.1797
3606.24 3606.24 0.0 183633.0859
3620.39 3620.39 0.0 183058.5156
3634.53 3634.53 0.0 182491.2422
3648.67 3648.67 0.0 181930.7188
3662.81 3662.81 0.0 181376.8359
3676.96 3676.96 0.0 180829.1797
3691.1 3691.1 0.0 180288.3594
3705.24 3705.24 0.0 179753.9922
3719.38 3719.38 0.0 179225.8828
3733.52 3733.52 0.0 178704.0391
3747.67 3747.67 0.0 178187.9531
3761.81 3761.81 0.0 177678.3047
3775.95 3775.95 0.0 177174.6250
3790.09 3790.09 0.0 176676.8828
3804.23 3804.23 0.0 176184.9531
3818.38 3818.38 0.0 175698.4141
3832.52 3832.52 0.0 175217.9219
3846.66 3846.66 0.0 174743.0078
3860.8 3860.8 0.0 174273.6562
3874.95 3874.95 0.0 173809.4219
3889.09 3889.09 0.0 173350.8906
3903.23 3903.23 0.0 172897.7109
3917.37 3917.37 0.0 172449.7656
3931.51 3931.51 0.0 172007.0078
3945.66 3945.66 0.0 171569.0469
3959.8 3959.8 0.0 171136.4453
3973.94 3973.94 0.0 170708.8438
3988.08 3988.08 0.0 170286.1953
4002.22 4002.22 0.0 169868.3750
4016.37 4016.37 0.0 169455.0703
4030.51 4030.51 0.0 169046.8125
4044.65 4044.65 0.0 168643.2031
4058.79 4058.79 0.0 168244.2734
4072.94 4072.94 0.0 167849.5469
4087.08 4087.08 0.0 167459.6797
4101.22 4101.22 0.0 167074.2188
4115.36 4115.36 0.0 166693.1914
4129.5 4129.5 0.0 166316.5117
4143.65 4143.65 0.0 165943.8047
4157.79 4157.79 0.0 165575.6094
4171.93 4171.93 0.0 165211.5977
4186.07 4186.07 0.0 164851.6992
4200.21 4200.21 0.0 164495.8594
4214.36 4214.36 0.0 164143.8086
4228.5 4228.5 0.0 163796.0039
4242.64 4242.64 0.0 163452.0781
4256.78 4256.78 0.0 163112.0352
4270.92 4270.92 0.0 162775.8203
4285.07 4285.07 0.0 162443.1367
4299.21 4299.21 0.0 162114.4180
4313.35 4313.35 0.0 161789.3984
4327.49 4327.49 0.0 161468.0000
4341.64 4341.64 0.0 161149.9492
4355.78 4355.78 0.0 160835.6836
4369.92 4369.92 0.0 160524.8945
4384.06 4384.06 0.0 160217.5742
4398.2 4398.2 0.0 159913.6484
4412.35 4412.35 0.0 159612.8867
4426.49 4426.49 0.0 159315.6172
4440.63 4440.63 0.0 159021.6797
4454.77 4454.77 0.0 158730.9766
4468.91 4468.91 0.0 158443.4414
4483.06 4483.06 0.0 158158.8594
4497.2 4497.2 0.0 157877.6094
4511.34 4511.34 0.0 157599.4336
4525.48 4525.48 0.0 157324.2891
4539.63 4539.63 0.0 157051.9258
4553.77 4553.77 0.0 156782.7188
4567.91 4567.91 0.0 156516.4648
4582.05 4582.05 0.0 156253.0352
4596.19 4596.19 0.0 155992.5000
4610.34 4610.34 0.0 155734.5469
4624.48 4624.48 0.0 155479.5625
4638.62 4638.62 0.0 155227.3164
4652.76 4652.76 0.0 154977.7461
4666.9 4666.9 0.0 154730.8633
4681.05 4681.05 0.0 154486.4180
4695.19 4695.19 0.0 154244.7344
4709.33 4709.33 0.0 154005.6172
4723.47 4723.47 0.0 153769.0195
4737.62 4737.62 0.0 153534.7578
4751.76 4751.76 0.0 153303.1016
4765.9 4765.9 0.0 153073.8555
4780.04 4780.04 0.0 152847.0430
4794.18 4794.18 0.0 152622.5625
4808.33 4808.33 0.0 152400.2500
4822.47 4822.47 0.0 152180.4258
4836.61 4836.61 0.0 151962.8633
4850.75 4850.75 0.0 151747.5000
4864.89 4864.89 0.0 151534.3828
4879.04 4879.04 0.0 151323.2617
4893.18 4893.18 0.0 151114.4492
4907.32 4907.32 0.0 150907.7734
4921.46 4921.46 0.0 150703.1602
4935.61 4935.61 0.0 150500.4805
4949.75 4949.75 0.0 150299.9844
4963.89 4963.89 0.0 150101.4570
4978.03 4978.03 0.0 149904.9688
4992.17 4992.17 0.0 149710.3867
5006.32 5006.32 0.0 149517.6172
5020.46 5020.46 0.0 149326.8633
5034.6 5034.6 0.0 149138.0039
5048.74 5048.74 0.0 148950.9883
5062.88 5062.88 0.0 148765.8047
5077.03 5077.03 0.0 148582.2773
5091.17 5091.17 0.0 148400.6445
5105.31 5105.31 0.0 148220.7617
5119.45 5119.45 0.0 148042.6250
5133.6 5133.6 0.0 147866.0430
5147.74 5147.74 0.0 147691.2734
5161.88 5161.88 0.0 147518.1602
5176.02 5176.02 0.0 147346.6758
5190.16 5190.16 0.0 147176.8008
5204.31 5204.31 0.0 147008.4062
5218.45 5218.45 0.0 146841.6875
5232.59 5232.59 0.0 146676.4961
5246.73 5246.73 0.0 146512.8594
5260.87 5260.87 0.0 146350.7227
5275.02 5275.02 0.0 146189.9141
5289.16 5289.16 0.0 146030.7188
5303.3 5303.3 0.0 145872.9570
5317.44 5317.44 0.0 145716.6055
5331.59 5331.59 0.0 145561.5352
5345.73 5345.73 0.0 145407.9766
5359.87 5359.87 0.0 145255.7656
5374.01 5374.01 0.0 145104.9062
5388.15 5388.15 0.0 144955.3711
5402.3 5402.3 0.0 144807.0469
5416.44 5416.44 0.0 144660.1094
5430.58 5430.58 0.0 144514.4492
5444.72 5444.72 0.0 144370.0273
5458.86 5458.86 0.0 144226.8633
5473.01 5473.01 0.0 144084.8086
5487.15 5487.15 0.0 143944.0547
5501.29 5501.29 0.0 143804.4883
5515.43 5515.43 0.0 143666.0781
5529.58 5529.58 0.0 143528.7383
5543.72 5543.72 0.0 143392.6211
5557.86 5557.86 0.0 143257.6445
5572.0 5572.0 0.0 143123.7539
5586.14 5586.14 0.0 142990.9609
5600.29 5600.29 0.0 142859.1602
5614.43 5614.43 0.0 142728.5039
5628.57 5628.57 0.0 142598.9023
5642.71 5642.71 0.0 142470.3477
5656.85 5656.85 0.0 142342.7734
5671.0 5671.0 0.0 142216.1445
5685.14 5685.14 0.0 142090.5664
5699.28 5699.28 0.0 141966.0117
5713.42 5713.42 0.0 141842.3750
5727.56 5727.56 0.0 141719.7148
5741.71 5741.71 0.0 141597.9023
5755.85 5755.85 0.0 141477.0938
5769.99 5769.99 0.0 141357.2031
5784.13 5784.13 0.0 141238.2188
5798.28 5798.28 0.0 141120.0195
5812.42 5812.42 0.0 141002.8125
5826.56 5826.56 0.0 140886.4336
5840.7 5840.7 0.0 140770.9414
5854.84 5854.84 0.0 140656.2500
5868.99 5868.99 0.0 140542.3398
5883.13 5883.13 0.0 140429.3320
5897.27 5897.27 0.0 140317.1172
5911.41 5911.41 0.0 140205.7031
5925.55 5925.55 0.0 140095.0781
5939.7 5939.7 0.0 139985.1445
5953.84 5953.84 0.0 139876.0625
5967.98 5967.98 0.0 139767.7422
5982.12 5982.12 0.0 139660.1328
5996.27 5996.27 0.0 139553.2305
6010.41 6010.41 0.0 139447.1133
6024.55 6024.55 0.0 139341.6992
6038.69 6038.69 0.0 139237.0117
6052.83 6052.83 0.0 139133.0117
6066.98 6066.98 0.0 139029.6484
6081.12 6081.12 0.0 138926.9961
6095.26 6095.26 0.0 138825.0430
6109.4 6109.4 0.0 138723.7500
6123.54 6123.54 0.0 138623.1094
6137.69 6137.69 0.0 138523.0195
6151.83 6151.83 0.0 138423.6758
6165.97 6165.97 0.0 138324.9609
6180.11 6180.11 0.0 138226.8438
6194.26 6194.26 0.0 138129.2812
6208.4 6208.4 0.0 138032.3789
6222.54 6222.54 0.0 137936.0977
6236.68 6236.68 0.0 137840.3711
6250.82 6250.82 0.0 137745.2695
6264.97 6264.97 0.0 137650.6602
6279.11 6279.11 0.0 137556.6797
6293.25 6293.25 0.0 137463.2695
6307.39 6307.39 0.0 137370.4062
6321.53 6321.53 0.0 137278.0781
6335.68 6335.68 0.0 137186.2539
6349.82 6349.82 0.0 137095.0078
6363.96 6363.96 0.0 137004.2930
6378.1 6378.1 0.0 136914.0898
6392.25 6392.25 0.0 136824.3516
6406.39 6406.39 0.0 136735.1719
6420.53 6420.53 0.0 136646.5039
6434.67 6434.67 0.0 136558.3203
6448.81 6448.81 0.0 136470.6367
6462.96 6462.96 0.0 136383.3633
6477.1 6477.1 0.0 136296.6250
6491.24 6491.24 0.0 136210.3750
6505.38 6505.38 0.0 136124.5664
6519.52 6519.52 0.0 136039.2500
6533.67 6533.67 0.0 135954.3047
6547.81 6547.81 0.0 135869.8945
6561.95 6561.95 0.0 135785.9141
6576.09 6576.09 0.0 135702.3281
6590.24 6590.24 0.0 135619.1680
6604.38 6604.38 0.0 135536.4922
6618.52 6618.52 0.0 135454.2305
6632.66 6632.66 0.0 135372.3750
6646.8 6646.8 0.0 135290.9336
6660.95 6660.95 0.0 135209.8594
6675.09 6675.09 0.0 135129.2539
6689.23 6689.23 0.0 135049.0156
6703.37 6703.37 0.0 134969.1914
6717.51 6717.51 0.0 134889.7344
6731.66 6731.66 0.0 134810.6172
6745.8 6745.8 0.0 134731.9453
6759.94 6759.94 0.0 134653.6562
6774.08 6774.08 0.0 134575.7344
6788.23 6788.23 0.0 134498.1016
6802.37 6802.37 0.0 134420.9102
6816.51 6816.51 0.0 134344.0664
6830.65 6830.65 0.0 134267.5977
6844.79 6844.79 0.0 134191.4570
6858.94 6858.94 0.0 134115.6133
6873.08 6873.08 0.0 134040.1719
6887.22 6887.22 0.0 133965.0547
6901.36 6901.36 0.0 133890.2910
6915.5 6915.5 0.0 133815.8301
6929.65 6929.65 0.0 133741.6602
6943.79 6943.79 0.0 133667.8809
6957.93 6957.93 0.0 133594.4141
6972.07 6972.07 0.0 133521.2578
6986.21 6986.21 0.0 133448.4121
7000.36 7000.36 0.0 133375.8184
7014.5 7014.5 0.0 133303.5742
7028.64 7028.64 0.0 133231.6504
7042.78 7042.78 0.0 133160.0391
7056.93 7056.93 0.0 133088.6582
7071.07 7071.07 0.0 133017.6172
7085.21 7085.21 0.0 132946.8359
7099.35 7099.35 0.0 132876.3945
7113.49 7113.49 0.0 132806.2148
7127.64 7127.64 0.0 132736.2461
7141.78 7141.78 0.0 132666.6348
7155.92 7155.92 0.0 132597.2949
7170.06 7170.06 0.0 132528.1934
7184.2 7184.2 0.0 132459.3730
7198.35 7198.35 0.0 132390.7695
7212.49 7212.49 0.0 132322.4668
7226.63 7226.63 0.0 132254.4395
7240.77 7240.77 0.0 132186.6562
7254.92 7254.92 0.0 132119.0762
7269.06 7269.06 0.0 132051.8008
7283.2 7283.2 0.0 131984.7656
7297.34 7297.34 0.0 131917.9961
7311.48 7311.48 0.0 131851.4336
7325.63 7325.63 0.0 131785.0781
7339.77 7339.77 0.0 131719.0215
7353.91 7353.91 0.0 131653.1895
7368.05 7368.05 0.0 131587.5508
7382.19 7382.19 0.0 131522.1914
7396.34 7396.34 0.0 131457.0039
7410.48 7410.48 0.0 131392.0625
7424.62 7424.62 0.0 131327.3750
7438.76 7438.76 0.0 131262.8496
7452.91 7452.91 0.0 131198.5488
7467.05 7467.05 0.0 131134.4805
7481.19 7481.19 0.0 131070.6465
7495.33 7495.33 0.0 131007.0020
7509.47 7509.47 0.0 130943.5742
7523.62 7523.62 0.0 130880.2793
7537.76 7537.76 0.0 130817.2520
7551.9 7551.9 0.0 130754.4238
7566.04 7566.04 0.0 130691.7988
7580.18 7580.18 0.0 130629.3594
7594.33 7594.33 0.0 130567.0703
7608.47 7608.47 0.0 130505.0234
7622.61 7622.61 0.0 130443.1719
7636.75 7636.75 0.0 130381.4863
7650.9 7650.9 0.0 130319.9551
7665.04 7665.04 0.0 130258.6367
7679.18 7679.18 0.0 130197.5098
7693.32 7693.32 0.0 130136.5664
7707.46 7707.46 0.0 130075.7949
7721.61 7721.61 0.0 130015.1426
7735.75 7735.75 0.0 129954.7266
7749.89 7749.89 0.0 129894.4609
7764.03 7764.03 0.0 129834.3730
7778.17 7778.17 0.0 129774.4395
