0.0 0.0 0.0 289598.8125
14.1421 14.1421 0.0 1254542.8750
28.2843 28.2843 0.0 952699.0625
42.4264 42.4264 0.0 707365.1250
56.5685 56.5685 0.0 534571.0312
70.7107 70.7107 0.0 417411.2500
84.8528 84.8528 0.0 338164.6562
98.9949 98.9949 0.0 283778.1719
113.137 113.137 0.0 245613.5625
127.279 127.279 0.0 218155.5391
141.421 141.421 0.0 197899.4297
155.563 155.563 0.0 182596.3672
169.706 169.706 0.0 170777.5469
183.848 183.848 0.0 161466.9023
197.99 197.99 0.0 153998.5547
212.132 212.132 0.0 147910.8516
226.274 226.274 0.0 142876.9570
240.416 240.416 0.0 138660.9922
254.558 254.558 0.0 135089.6758
268.701 268.701 0.0 132033.5117
282.843 282.843 0.0 129394.8438
296.985 296.985 0.0 127098.1113
311.127 311.127 0.0 125084.5352
325.269 325.269 0.0 123307.7676
339.411 339.411 0.0 121730.8730
353.553 353.553 0.0 120324.0176
367.696 367.696 0.0 119062.8438
381.838 381.838 0.0 117927.5352
395.98 395.98 0.0 116901.4951
410.122 410.122 0.0 115970.8604
424.264 424.264 0.0 115124.0186
438.406 438.406 0.0 114351.0889
452.548 452.548 0.0 113643.6729
466.69 466.69 0.0 112994.5449
480.833 480.833 0.0 112397.4268
494.975 494.975 0.0 111847.0254
509.117 509.117 0.0 111338.5752
523.259 523.259 0.0 110867.9834
537.401 537.401 0.0 110431.6094
551.543 551.543 0.0 110026.2783
565.685 565.685 0.0 109649.1689
579.828 579.828 0.0 109297.7451
593.97 593.97 0.0 108969.8276
608.112 608.112 0.0 108663.3818
622.254 622.254 0.0 108376.6392
636.396 636.396 0.0 108107.9824
650.538 650.538 0.0 107855.9688
664.68 664.68 0.0 107619.2886
678.823 678.823 0.0 107396.7505
692.965 692.965 0.0 107187.3149
707.107 707.107 0.0 106989.9883
721.249 721.249 0.0 106803.8901
735.391 735.391 0.0 106628.2178
749.533 749.533 0.0 106462.2324
763.675 763.675 0.0 106305.2539
777.817 777.817 0.0 106156.6792
791.96 791.96 0.0 106015.9170
806.102 806.102 0.0 105882.4805
820.244 820.244 0.0 105755.8696
834.386 834.386 0.0 105635.6523
848.528 848.528 0.0 105521.4199
862.67 862.67 0.0 105412.8025
876.812 876.812 0.0 105309.4407
890.955 890.955 0.0 105211.0198
905.097 905.097 0.0 105117.2507
919.239 919.239 0.0 105027.8506
933.381 933.381 0.0 104942.5615
947.523 947.523 0.0 104861.1482
961.665 961.665 0.0 104783.3892
975.807 975.807 0.0 104709.0732
989.949 989.949 0.0 104638.0168
1004.09 1004.09 0.0 104570.0393
1018.23 1018.23 0.0 104504.9736
1032.38 1032.38 0.0 104442.6135
1046.52 1046.52 0.0 104382.9004
1060.66 1060.66 0.0 104325.6606
1074.8 1074.8 0.0 104270.7568
1088.94 1088.94 0.0 104218.0710
1103.09 1103.09 0.0 104167.4573
1117.23 1117.23 0.0 104118.8799
1131.37 1131.37 0.0 104072.2014
1145.51 1145.51 0.0 104027.3311
1159.66 1159.66 0.0 103984.1479
1173.8 1173.8 0.0 103942.6318
1187.94 1187.94 0.0 103902.6746
1202.08 1202.08 0.0 103864.1970
1216.22 1216.22 0.0 103827.1392
1230.37 1230.37 0.0 103791.4033
1244.51 1244.51 0.0 103756.9800
1258.65 1258.65 0.0 103723.7861
1272.79 1272.79 0.0 103691.7681
1286.93 1286.93 0.0 103660.8689
1301.08 1301.08 0.0 103631.0193
1315.22 1315.22 0.0 103602.2188
1329.36 1329.36 0.0 103574.3979
1343.5 1343.5 0.0 103547.5134
1357.65 1357.65 0.0 103521.5129
1371.79 1371.79 0.0 103496.3889
1385.93 1385.93 0.0 103472.0920
1400.07 1400.07 0.0 103448.5828
1414.21 1414.21 0.0 103425.8335
1428.36 1428.36 0.0 103403.7952
1442.5 1442.5 0.0 103382.4709
1456.64 1456.64 0.0 103361.8184
1470.78 1470.78 0.0 103341.8088
1484.92 1484.92 0.0 103322.4154
1499.07 1499.07 0.0 103303.6029
1513.21 1513.21 0.0 103285.3777
1527.35 1527.35 0.0 103267.7002
1541.49 1541.49 0.0 103250.5518
1555.63 1555.63 0.0 103233.9109
1569.78 1569.78 0.0 103217.7502
1583.92 1583.92 0.0 103202.0712
1598.06 1598.06 0.0 103186.8439
1612.2 1612.2 0.0 103172.0568
1626.35 1626.35 0.0 103157.6787
1640.49 1640.49 0.0 103143.7206
1654.63 1654.63 0.0 103130.1509
1668.77 1668.77 0.0 103116.9624
1682.91 1682.91 0.0 103104.1345
1697.06 1697.06 0.0 103091.6526
1711.2 1711.2 0.0 103079.5208
1725.34 1725.34 0.0 103067.7125
1739.48 1739.48 0.0 103056.2250
1753.62 1753.62 0.0 103045.0422
1767.77 1767.77 0.0 103034.1483
1781.91 1781.91 0.0 103023.5483
1796.05 1796.05 0.0 103013.2239
1810.19 1810.19 0.0 103003.1686
1824.34 1824.34 0.0 102993.3629
1838.48 1838.48 0.0 102983.8152
1852.62 1852.62 0.0 102974.5114
1866.76 1866.76 0.0 102965.4414
1880.9 1880.9 0.0 102956.5981
1895.05 1895.05 0.0 102947.9681
1909.19 1909.19 0.0 102939.5582
1923.33 1923.33 0.0 102931.3550
1937.47 1937.47 0.0 102923.3519
1951.61 1951.61 0.0 102915.5438
1965.76 1965.76 0.0 102907.9178
1979.9 1979.9 0.0 102900.4788
1994.04 1994.04 0.0 102893.2163
2008.18 2008.18 0.0 102886.1266
2022.33 2022.33 0.0 102879.1984
2036.47 2036.47 0.0 102872.4373
2050.61 2050.61 0.0 102865.8312
2064.75 2064.75 0.0 102859.3804
2078.89 2078.89 0.0 102853.0753
2093.04 2093.04 0.0 102846.9099
2107.18 2107.18 0.0 102840.8907
2121.32 2121.32 0.0 102835.0055
2135.46 2135.46 0.0 102829.2521
2149.6 2149.6 0.0 102823.6282
2163.75 2163.75 0.0 102818.1235
2177.89 2177.89 0.0 102812.7449
2192.03 2192.03 0.0 102807.4857
2206.17 2206.17 0.0 102802.3408
2220.32 2220.32 0.0 102797.3022
2234.46 2234.46 0.0 102792.3774
2248.6 2248.6 0.0 102787.5566
2262.74 2262.74 0.0 102782.8408
2276.88 2276.88 0.0 102778.2238
2291.03 2291.03 0.0 102773.7030
2305.17 2305.17 0.0 102769.2794
2319.31 2319.31 0.0 102764.9469
2333.45 2333.45 0.0 102760.7068
2347.59 2347.59 0.0 102756.5533
2361.74 2361.74 0.0 102752.4847
2375.88 2375.88 0.0 102748.5017
2390.02 2390.02 0.0 102744.6007
2404.16 2404.16 0.0 102740.7772
2418.31 2418.31 0.0 102737.0314
2432.45 2432.45 0.0 102733.3605
2446.59 2446.59 0.0 102729.7646
2460.73 2460.73 0.0 102726.2428
2474.87 2474.87 0.0 102722.7905
2489.02 2489.02 0.0 102719.4010
2503.16 2503.16 0.0 102716.0847
2517.3 2517.3 0.0 102712.8325
2531.44 2531.44 0.0 102709.6428
2545.58 2545.58 0.0 102706.5162
2559.73 2559.73 0.0 102703.4486
2573.87 2573.87 0.0 102700.4417
2588.01 2588.01 0.0 102697.4955
2602.15 2602.15 0.0 102694.6033
2616.3 2616.3 0.0 102691.7626
2630.44 2630.44 0.0 102688.9833
2644.58 2644.58 0.0 102686.2529
2658.72 2658.72 0.0 102683.5746
2672.86 2672.86 0.0 102680.9507
2687.01 2687.01 0.0 102678.3694
2701.15 2701.15 0.0 102675.8405
2715.29 2715.29 0.0 102673.3586
2729.43 2729.43 0.0 102670.9232
2743.57 2743.57 0.0 102668.5332
2757.72 2757.72 0.0 102666.1855
2771.86 2771.86 0.0 102663.8835
2786.0 2786.0 0.0 102661.6238
2800.14 2800.14 0.0 102659.4047
2814.28 2814.28 0.0 102657.2261
2828.43 2828.43 0.0 102655.0870
2842.57 2842.57 0.0 102652.9871
2856.71 2856.71 0.0 102650.9263
2870.85 2870.85 0.0 102648.9016
2885.0 2885.0 0.0 102646.9132
2899.14 2899.14 0.0 102644.9608
2913.28 2913.28 0.0 102643.0448
2927.42 2927.42 0.0 102641.1621
2941.56 2941.56 0.0 102639.3138
2955.71 2955.71 0.0 102637.4968
2969.85 2969.85 0.0 102635.7142
2983.99 2983.99 0.0 102633.9629
2998.13 2998.13 0.0 102632.2424
3012.27 3012.27 0.0 102630.5529
3026.42 3026.42 0.0 102628.8899
3040.56 3040.56 0.0 102627.2599
3054.7 3054.7 0.0 102625.6560
3068.84 3068.84 0.0 102624.0822
3082.99 3082.99 0.0 102622.5348
3097.13 3097.13 0.0 102621.0146
3111.27 3111.27 0.0 102619.5215
3125.41 3125.41 0.0 102618.0536
3139.55 3139.55 0.0 102616.6125
3153.7 3153.7 0.0 102615.1940
3167.84 3167.84 0.0 102613.8029
3181.98 3181.98 0.0 102612.4352
3196.12 3196.12 0.0 102611.0898
3210.26 3210.26 0.0 102609.7699
3224.41 3224.41 0.0 102608.4695
3238.55 3238.55 0.0 102607.1930
3252.69 3252.69 0.0 102605.9387
3266.83 3266.83 0.0 102604.7063
3280.98 3280.98 0.0 102603.4921
3295.12 3295.12 0.0 102602.3021
3309.26 3309.26 0.0 102601.1329
3323.4 3323.4 0.0 102599.9816
3337.54 3337.54 0.0 102598.8508
3351.69 3351.69 0.0 102597.7385
3365.83 3365.83 0.0 102596.6467
3379.97 3379.97 0.0 102595.5715
3394.11 3394.11 0.0 102594.5161
3408.25 3408.25 0.0 102593.4777
3422.4 3422.4 0.0 102592.4578
3436.54 3436.54 0.0 102591.4543
3450.68 3450.68 0.0 102590.4686
3464.82 3464.82 0.0 102589.4993
3478.97 3478.97 0.0 102588.5476
3493.11 3493.11 0.0 102587.6085
3507.25 3507.25 0.0 102586.6884
3521.39 3521.39 0.0 102585.7838
3535.53 3535.53 0.0 102584.8932
3549.68 3549.68 0.0 102584.0181
3563.82 3563.82 0.0 102583.1580
3577.96 3577.96 0.0 102582.3130
3592.1 3592.1 0.0 102581.4827
3606.24 3606.24 0.0 102580.6656
3620.39 3620.39 0.0 102579.8624
3634.53 3634.53 0.0 102579.0719
3648.67 3648.67 0.0 102578.2966
3662.81 3662.81 0.0 102577.5330
3676.96 3676.96 0.0 102576.7828
3691.1 3691.1 0.0 102576.0459
3705.24 3705.24 0.0 102575.3212
3719.38 3719.38 0.0 102574.6083
3733.52 3733.52 0.0 102573.9086
3747.67 3747.67 0.0 102573.2196
3761.81 3761.81 0.0 102572.5411
3775.95 3775.95 0.0 102571.8772
3790.09 3790.09 0.0 102571.2219
3804.23 3804.23 0.0 102570.5802
3818.38 3818.38 0.0 102569.9475
3832.52 3832.52 0.0 102569.3260
3846.66 3846.66 0.0 102568.7155
3860.8 3860.8 0.0 102568.1157
3874.95 3874.95 0.0 102567.5265
3889.09 3889.09 0.0 102566.9458
3903.23 3903.23 0.0 102566.3784
3917.37 3917.37 0.0 102565.8182
3931.51 3931.51 0.0 102565.2683
3945.66 3945.66 0.0 102564.7258
3959.8 3959.8 0.0 102564.1956
3973.94 3973.94 0.0 102563.6736
3988.08 3988.08 0.0 102563.1608
4002.22 4002.22 0.0 102562.6576
4016.37 4016.37 0.0 102562.1617
4030.51 4030.51 0.0 102561.6760
4044.65 4044.65 0.0 102561.1958
4058.79 4058.79 0.0 102560.7281
4072.94 4072.94 0.0 102560.2654
4087.08 4087.08 0.0 102559.8126
4101.22 4101.22 0.0 102559.3674
4115.36 4115.36 0.0 102558.9298
4129.5 4129.5 0.0 102558.5011
4143.65 4143.65 0.0 102558.0786
4157.79 4157.79 0.0 102557.6650
4171.93 4171.93 0.0 102557.2592
4186.07 4186.07 0.0 102556.8588
4200.21 4200.21 0.0 102556.4661
4214.36 4214.36 0.0 102556.0824
4228.5 4228.5 0.0 102555.7035
4242.64 4242.64 0.0 102555.3329
