0.0 0.0 0.0 193635.4219
14.1421 14.1421 0.0 201788.4609
28.2843 28.2843 0.0 202756.5469
42.4264 42.4264 0.0 202092.7188
56.5685 56.5685 0.0 200756.9688
70.7107 70.7107 0.0 199073.8750
84.8528 84.8528 0.0 197194.9688
98.9949 98.9949 0.0 195203.3438
113.137 113.137 0.0 193149.0859
127.279 127.279 0.0 191064.3359
141.421 141.421 0.0 188970.7656
155.563 155.563 0.0 186883.3828
169.706 169.706 0.0 184812.7422
183.848 183.848 0.0 182766.7422
197.99 197.99 0.0 180750.8984
212.132 212.132 0.0 178769.3047
226.274 226.274 0.0 176824.8672
240.416 240.416 0.0 174919.7734
254.558 254.558 0.0 173055.4219
268.701 268.701 0.0 171232.7188
282.843 282.843 0.0 169452.4141
296.985 296.985 0.0 167714.7422
311.127 311.127 0.0 166019.7031
325.269 325.269 0.0 164367.0820
339.411 339.411 0.0 162756.5859
353.553 353.553 0.0 161187.7734
367.696 367.696 0.0 159659.9766
381.838 381.838 0.0 158172.7969
395.98 395.98 0.0 156725.3984
410.122 410.122 0.0 155317.0430
424.264 424.264 0.0 153946.9570
438.406 438.406 0.0 152614.3867
452.548 452.548 0.0 151318.4492
466.69 466.69 0.0 150058.3047
480.833 480.833 0.0 148833.0391
494.975 494.975 0.0 147641.9883
509.117 509.117 0.0 146484.1602
523.259 523.259 0.0 145358.7656
537.401 537.401 0.0 144264.9258
551.543 551.543 0.0 143201.8477
565.685 565.685 0.0 142168.6680
579.828 579.828 0.0 141164.5117
593.97 593.97 0.0 140188.7305
608.112 608.112 0.0 139240.4805
622.254 622.254 0.0 138318.9844
636.396 636.396 0.0 137423.4883
650.538 650.538 0.0 136553.2539
664.68 664.68 0.0 135707.5469
678.823 678.823 0.0 134885.6367
692.965 692.965 0.0 134086.9316
707.107 707.107 0.0 133310.7441
721.249 721.249 0.0 132556.3613
735.391 735.391 0.0 131823.1680
749.533 749.533 0.0 131110.5703
763.675 763.675 0.0 130417.9355
777.817 777.817 0.0 129744.6875
791.96 791.96 0.0 129090.2246
806.102 806.102 0.0 128454.0605
820.244 820.244 0.0 127835.6328
834.386 834.386 0.0 127234.4180
848.528 848.528 0.0 126649.8848
862.67 862.67 0.0 126081.5703
876.812 876.812 0.0 125528.9766
890.955 890.955 0.0 124991.6094
905.097 905.097 0.0 124469.0840
919.239 919.239 0.0 123960.9375
933.381 933.381 0.0 123466.7500
947.523 947.523 0.0 122986.0918
961.665 961.665 0.0 122518.5645
975.807 975.807 0.0 122063.7871
989.949 989.949 0.0 121621.3945
1004.09 1004.09 0.0 121191.0625
1018.23 1018.23 0.0 120772.3926
1032.38 1032.38 0.0 120364.7695
1046.52 1046.52 0.0 119968.4180
1060.66 1060.66 0.0 119582.7129
1074.8 1074.8 0.0 119207.3848
1088.94 1088.94 0.0 118842.0879
1103.09 1103.09 0.0 118486.3066
1117.23 1117.23 0.0 118140.2324
1131.37 1131.37 0.0 117803.3828
1145.51 1145.51 0.0 117475.4541
1159.66 1159.66 0.0 117155.9473
1173.8 1173.8 0.0 116845.1123
1187.94 1187.94 0.0 116542.4541
1202.08 1202.08 0.0 116247.7363
1216.22 1216.22 0.0 115960.7217
1230.37 1230.37 0.0 115681.0078
1244.51 1244.51 0.0 115408.7764
1258.65 1258.65 0.0 115143.6104
1272.79 1272.79 0.0 114885.3027
1286.93 1286.93 0.0 114633.6836
1301.08 1301.08 0.0 114388.3604
1315.22 1315.22 0.0 114149.5156
1329.36 1329.36 0.0 113916.7900
1343.5 1343.5 0.0 113690.0146
1357.65 1357.65 0.0 113468.8613
1371.79 1371.79 0.0 113253.4678
1385.93 1385.93 0.0 113043.5508
1400.07 1400.07 0.0 112838.9219
1414.21 1414.21 0.0 112639.4531
1428.36 1428.36 0.0 112444.8672
1442.5 1442.5 0.0 112255.2988
1456.64 1456.64 0.0 112070.4385
1470.78 1470.78 0.0 111890.1963
1484.92 1484.92 0.0 111714.4404
1499.07 1499.07 0.0 111542.9062
1513.21 1513.21 0.0 111375.7354
1527.35 1527.35 0.0 111212.6748
1541.49 1541.49 0.0 111053.6123
1555.63 1555.63 0.0 110898.4512
1569.78 1569.78 0.0 110746.9600
1583.92 1583.92 0.0 110599.2725
1598.06 1598.06 0.0 110455.1455
1612.2 1612.2 0.0 110314.5283
1626.35 1626.35 0.0 110177.1904
1640.49 1640.49 0.0 110043.2402
1654.63 1654.63 0.0 109912.5117
1668.77 1668.77 0.0 109784.8945
1682.91 1682.91 0.0 109660.3193
1697.06 1697.06 0.0 109538.6191
1711.2 1711.2 0.0 109419.8687
1725.34 1725.34 0.0 109303.9199
1739.48 1739.48 0.0 109190.7017
1753.62 1753.62 0.0 109080.1221
1767.77 1767.77 0.0 108972.0576
1781.91 1781.91 0.0 108866.5752
1796.05 1796.05 0.0 108763.5381
1810.19 1810.19 0.0 108662.8730
1824.34 1824.34 0.0 108564.4663
1838.48 1838.48 0.0 108468.3799
1852.62 1852.62 0.0 108374.4878
1866.76 1866.76 0.0 108282.7319
1880.9 1880.9 0.0 108193.0542
1895.05 1895.05 0.0 108105.3496
1909.19 1909.19 0.0 108019.6714
1923.33 1923.33 0.0 107935.9204
1937.47 1937.47 0.0 107854.0322
1951.61 1951.61 0.0 107773.9810
1965.76 1965.76 0.0 107695.6338
1979.9 1979.9 0.0 107619.0791
1994.04 1994.04 0.0 107544.2104
2008.18 2008.18 0.0 107470.9775
2022.33 2022.33 0.0 107399.2944
2036.47 2036.47 0.0 107329.2207
2050.61 2050.61 0.0 107260.6621
2064.75 2064.75 0.0 107193.5757
2078.89 2078.89 0.0 107127.9316
2093.04 2093.04 0.0 107063.6426
2107.18 2107.18 0.0 107000.7681
2121.32 2121.32 0.0 106939.2261
2135.46 2135.46 0.0 106878.9858
2149.6 2149.6 0.0 106820.0020
2163.75 2163.75 0.0 106762.2114
2177.89 2177.89 0.0 106705.6670
2192.03 2192.03 0.0 106650.2886
2206.17 2206.17 0.0 106596.0527
2220.32 2220.32 0.0 106542.8892
2234.46 2234.46 0.0 106490.8525
2248.6 2248.6 0.0 106439.8706
2262.74 2262.74 0.0 106389.9111
2276.88 2276.88 0.0 106340.9663
2291.03 2291.03 0.0 106292.9600
2305.17 2305.17 0.0 106245.9468
2319.31 2319.31 0.0 106199.8589
2333.45 2333.45 0.0 106154.6826
2347.59 2347.59 0.0 106110.3896
2361.74 2361.74 0.0 106066.9268
2375.88 2375.88 0.0 106024.3379
2390.02 2390.02 0.0 105982.5713
2404.16 2404.16 0.0 105941.5996
2418.31 2418.31 0.0 105901.3853
2432.45 2432.45 0.0 105861.9546
2446.59 2446.59 0.0 105823.2759
2460.73 2460.73 0.0 105785.3149
2474.87 2474.87 0.0 105748.0557
2489.02 2489.02 0.0 105711.4663
2503.16 2503.16 0.0 105675.5767
2517.3 2517.3 0.0 105640.3394
2531.44 2531.44 0.0 105605.7407
2545.58 2545.58 0.0 105571.7695
2559.73 2559.73 0.0 105538.3828
2573.87 2573.87 0.0 105505.6147
2588.01 2588.01 0.0 105473.4253
2602.15 2602.15 0.0 105441.8018
2616.3 2616.3 0.0 105410.7065
2630.44 2630.44 0.0 105380.1797
2644.58 2644.58 0.0 105350.1716
2658.72 2658.72 0.0 105320.6812
2672.86 2672.86 0.0 105291.6868
2687.01 2687.01 0.0 105263.1641
2701.15 2701.15 0.0 105235.1401
2715.29 2715.29 0.0 105207.5835
2729.43 2729.43 0.0 105180.4807
2743.57 2743.57 0.0 105153.8206
2757.72 2757.72 0.0 105127.5759
2771.86 2771.86 0.0 105101.7769
2786.0 2786.0 0.0 105076.3862
2800.14 2800.14 0.0 105051.4072
2814.28 2814.28 0.0 105026.8110
2828.43 2828.43 0.0 105002.5938
2842.57 2842.57 0.0 104978.7642
2856.71 2856.71 0.0 104955.3069
2870.85 2870.85 0.0 104932.2070
2885.0 2885.0 0.0 104909.4387
2899.14 2899.14 0.0 104887.0320
2913.28 2913.28 0.0 104864.9592
2927.42 2927.42 0.0 104843.2107
2941.56 2941.56 0.0 104821.7866
2955.71 2955.71 0.0 104800.6567
2969.85 2969.85 0.0 104779.8518
2983.99 2983.99 0.0 104759.3391
2998.13 2998.13 0.0 104739.1174
3012.27 3012.27 0.0 104719.1841
3026.42 3026.42 0.0 104699.5164
3040.56 3040.56 0.0 104680.1333
3054.7 3054.7 0.0 104661.0154
3068.84 3068.84 0.0 104642.1597
3082.99 3082.99 0.0 104623.5420
3097.13 3097.13 0.0 104605.1897
3111.27 3111.27 0.0 104587.0801
3125.41 3125.41 0.0 104569.2068
3139.55 3139.55 0.0 104551.5679
3153.7 3153.7 0.0 104534.1436
3167.84 3167.84 0.0 104516.9563
3181.98 3181.98 0.0 104499.9832
3196.12 3196.12 0.0 104483.2268
3210.26 3210.26 0.0 104466.6738
3224.41 3224.41 0.0 104450.3188
3238.55 3238.55 0.0 104434.1733
3252.69 3252.69 0.0 104418.2214
3266.83 3266.83 0.0 104402.4658
3280.98 3280.98 0.0 104386.8831
3295.12 3295.12 0.0 104371.4958
3309.26 3309.26 0.0 104356.2861
3323.4 3323.4 0.0 104341.2563
3337.54 3337.54 0.0 104326.3948
3351.69 3351.69 0.0 104311.6948
3365.83 3365.83 0.0 104297.1685
3379.97 3379.97 0.0 104282.8042
3394.11 3394.11 0.0 104268.6018
3408.25 3408.25 0.0 104254.5510
3422.4 3422.4 0.0 104240.6453
3436.54 3436.54 0.0 104226.8965
3450.68 3450.68 0.0 104213.2949
3464.82 3464.82 0.0 104199.8376
3478.97 3478.97 0.0 104186.5083
3493.11 3493.11 0.0 104173.3306
3507.25 3507.25 0.0 104160.2849
3521.39 3521.39 0.0 104147.3740
3535.53 3535.53 0.0 104134.5928
3549.68 3549.68 0.0 104121.9307
3563.82 3563.82 0.0 104109.4023
3577.96 3577.96 0.0 104096.9963
3592.1 3592.1 0.0 104084.7095
3606.24 3606.24 0.0 104072.5427
3620.39 3620.39 0.0 104060.4827
3634.53 3634.53 0.0 104048.5486
3648.67 3648.67 0.0 104036.7241
3662.81 3662.81 0.0 104025.0090
3676.96 3676.96 0.0 104013.3943
3691.1 3691.1 0.0 104001.8948
3705.24 3705.24 0.0 103990.4985
3719.38 3719.38 0.0 103979.2039
3733.52 3733.52 0.0 103968.0139
3747.67 3747.67 0.0 103956.9084
3761.81 3761.81 0.0 103945.9148
3775.95 3775.95 0.0 103935.0125
3790.09 3790.09 0.0 103924.2053
3804.23 3804.23 0.0 103913.4910
3818.38 3818.38 0.0 103902.8599
3832.52 3832.52 0.0 103892.3262
3846.66 3846.66 0.0 103881.8796
3860.8 3860.8 0.0 103871.5198
3874.95 3874.95 0.0 103861.2397
3889.09 3889.09 0.0 103851.0481
3903.23 3903.23 0.0 103840.9414
3917.37 3917.37 0.0 103830.9131
3931.51 3931.51 0.0 103820.9680
3945.66 3945.66 0.0 103811.0930
3959.8 3959.8 0.0 103801.3042
3973.94 3973.94 0.0 103791.5903
3988.08 3988.08 0.0 103781.9531
4002.22 4002.22 0.0 103772.3896
4016.37 4016.37 0.0 103762.8918
4030.51 4030.51 0.0 103753.4719
4044.65 4044.65 0.0 103744.1262
4058.79 4058.79 0.0 103734.8489
4072.94 4072.94 0.0 103725.6377
4087.08 4087.08 0.0 103716.4966
4101.22 4101.22 0.0 103707.4260
4115.36 4115.36 0.0 103698.4189
4129.5 4129.5 0.0 103689.4785
4143.65 4143.65 0.0 103680.5967
4157.79 4157.79 0.0 103671.7871
4171.93 4171.93 0.0 103663.0383
4186.07 4186.07 0.0 103654.3518
4200.21 4200.21 0.0 103645.7275
4214.36 4214.36 0.0 103637.1597
4228.5 4228.5 0.0 103628.6570
4242.64 4242.64 0.0 103620.2119
4256.78 4256.78 0.0 103611.8252
4270.92 4270.92 0.0 103603.4971
4285.07 4285.07 0.0 103595.2231
4299.21 4299.21 0.0 103587.0115
4313.35 4313.35 0.0 103578.8506
4327.49 4327.49 0.0 103570.7495
4341.64 4341.64 0.0 103562.6936
4355.78 4355.78 0.0 103554.7014
4369.92 4369.92 0.0 103546.7622
4384.06 4384.06 0.0 103538.8733
4398.2 4398.2 0.0 103531.0405
4412.35 4412.35 0.0 103523.2512
4426.49 4426.49 0.0 103515.5220
4440.63 4440.63 0.0 103507.8403
4454.77 4454.77 0.0 103500.2119
4468.91 4468.91 0.0 103492.6313
4483.06 4483.06 0.0 103485.0933
4497.2 4497.2 0.0 103477.6135
4511.34 4511.34 0.0 103470.1814
4525.48 4525.48 0.0 103462.7954
4539.63 4539.63 0.0 103455.4529
4553.77 4553.77 0.0 103448.1606
4567.91 4567.91 0.0 103440.9170
4582.05 4582.05 0.0 103433.7188
4596.19 4596.19 0.0 103426.5681
4610.34 4610.34 0.0 103419.4558
4624.48 4624.48 0.0 103412.3958
4638.62 4638.62 0.0 103405.3792
4652.76 4652.76 0.0 103398.4077
4666.9 4666.9 0.0 103391.4817
4681.05 4681.05 0.0 103384.5928
4695.19 4695.19 0.0 103377.7515
4709.33 4709.33 0.0 103370.9541
4723.47 4723.47 0.0 103364.1976
4737.62 4737.62 0.0 103357.4830
4751.76 4751.76 0.0 103350.8115
4765.9 4765.9 0.0 103344.1814
4780.04 4780.04 0.0 103337.5958
4794.18 4794.18 0.0 103331.0486
4808.33 4808.33 0.0 103324.5391
4822.47 4822.47 0.0 103318.0754
4836.61 4836.61 0.0 103311.6489
4850.75 4850.75 0.0 103305.2635
4864.89 4864.89 0.0 103298.9211
4879.04 4879.04 0.0 103292.6099
4893.18 4893.18 0.0 103286.3428
4907.32 4907.32 0.0 103280.1178
4921.46 4921.46 0.0 103273.9293
4935.61 4935.61 0.0 103267.7772
4949.75 4949.75 0.0 103261.6637
4963.89 4963.89 0.0 103255.5907
4978.03 4978.03 0.0 103249.5541
4992.17 4992.17 0.0 103243.5565
5006.32 5006.32 0.0 103237.5902
5020.46 5020.46 0.0 103231.6663
5034.6 5034.6 0.0 103225.7795
5048.74 5048.74 0.0 103219.9299
5062.88 5062.88 0.0 103214.1163
5077.03 5077.03 0.0 103208.3358
5091.17 5091.17 0.0 103202.5935
5105.31 5105.31 0.0 103196.8866
5119.45 5119.45 0.0 103191.2181
5133.6 5133.6 0.0 103185.5796
5147.74 5147.74 0.0 103179.9817
5161.88 5161.88 0.0 103174.4182
5176.02 5176.02 0.0 103168.8872
5190.16 5190.16 0.0 103163.3938
5204.31 5204.31 0.0 103157.9319
5218.45 5218.45 0.0 103152.5067
5232.59 5232.59 0.0 103147.1168
5246.73 5246.73 0.0 103141.7600
5260.87 5260.87 0.0 103136.4346
5275.02 5275.02 0.0 103131.1437
5289.16 5289.16 0.0 103125.8870
5303.3 5303.3 0.0 103120.6680
5317.44 5317.44 0.0 103115.4792
5331.59 5331.59 0.0 103110.3192
5345.73 5345.73 0.0 103105.1969
5359.87 5359.87 0.0 103100.1071
5374.01 5374.01 0.0 103095.0511
5388.15 5388.15 0.0 103090.0273
5402.3 5402.3 0.0 103085.0311
5416.44 5416.44 0.0 103080.0725
5430.58 5430.58 0.0 103075.1444
5444.72 5444.72 0.0 103070.2484
5458.86 5458.86 0.0 103065.3845
5473.01 5473.01 0.0 103060.5498
5487.15 5487.15 0.0 103055.7506
5501.29 5501.29 0.0 103050.9822
5515.43 5515.43 0.0 103046.2439
5529.58 5529.58 0.0 103041.5369
5543.72 5543.72 0.0 103036.8621
5557.86 5557.86 0.0 103032.2170
5572.0 5572.0 0.0 103027.6041
5586.14 5586.14 0.0 103023.0208
5600.29 5600.29 0.0 103018.4657
5614.43 5614.43 0.0 103013.9456
5628.57 5628.57 0.0 103009.4551
5642.71 5642.71 0.0 103004.9924
5656.85 5656.85 0.0 103000.5640
5671.0 5671.0 0.0 102996.1576
5685.14 5685.14 0.0 102991.7881
5699.28 5699.28 0.0 102987.4482
5713.42 5713.42 0.0 102983.1364
5727.56 5727.56 0.0 102978.8546
5741.71 5741.71 0.0 102974.5988
5755.85 5755.85 0.0 102970.3781
5769.99 5769.99 0.0 102966.1847
5784.13 5784.13 0.0 102962.0176
5798.28 5798.28 0.0 102957.8805
5812.42 5812.42 0.0 102953.7749
5826.56 5826.56 0.0 102949.6965
5840.7 5840.7 0.0 102945.6484
5854.84 5854.84 0.0 102941.6289
5868.99 5868.99 0.0 102937.6317
5883.13 5883.13 0.0 102933.6696
5897.27 5897.27 0.0 102929.7333
5911.41 5911.41 0.0 102925.8257
5925.55 5925.55 0.0 102921.9490
5939.7 5939.7 0.0 102918.0922
5953.84 5953.84 0.0 102914.2711
5967.98 5967.98 0.0 102910.4758
5982.12 5982.12 0.0 102906.7094
5996.27 5996.27 0.0 102902.9652
6010.41 6010.41 0.0 102899.2540
6024.55 6024.55 0.0 102895.5680
6038.69 6038.69 0.0 102891.9115
6052.83 6052.83 0.0 102888.2799
6066.98 6066.98 0.0 102884.6746
6081.12 6081.12 0.0 102881.0983
6095.26 6095.26 0.0 102877.5486
6109.4 6109.4 0.0 102874.0262
6123.54 6123.54 0.0 102870.5288
6137.69 6137.69 0.0 102867.0586
6151.83 6151.83 0.0 102863.6149
6165.97 6165.97 0.0 102860.1993
6180.11 6180.11 0.0 102856.8069
6194.26 6194.26 0.0 102853.4423
6208.4 6208.4 0.0 102850.1047
6222.54 6222.54 0.0 102846.7946
6236.68 6236.68 0.0 102843.5084
6250.82 6250.82 0.0 102840.2495
6264.97 6264.97 0.0 102837.0120
6279.11 6279.11 0.0 102833.8059
6293.25 6293.25 0.0 102830.6202
6307.39 6307.39 0.0 102827.4641
6321.53 6321.53 0.0 102824.3317
6335.68 6335.68 0.0 102821.2245
6349.82 6349.82 0.0 102818.1421
6363.96 6363.96 0.0 102815.0859
6378.1 6378.1 0.0 102812.0559
6392.25 6392.25 0.0 102809.0476
6406.39 6406.39 0.0 102806.0664
6420.53 6420.53 0.0 102803.1090
6434.67 6434.67 0.0 102800.1779
6448.81 6448.81 0.0 102797.2715
6462.96 6462.96 0.0 102794.3867
6477.1 6477.1 0.0 102791.5273
6491.24 6491.24 0.0 102788.6938
6505.38 6505.38 0.0 102785.8857
6519.52 6519.52 0.0 102783.0991
6533.67 6533.67 0.0 102780.3381
6547.81 6547.81 0.0 102777.5994
6561.95 6561.95 0.0 102774.8853
6576.09 6576.09 0.0 102772.1962
6590.24 6590.24 0.0 102769.5272
6604.38 6604.38 0.0 102766.8850
6618.52 6618.52 0.0 102764.2657
6632.66 6632.66 0.0 102761.6702
6646.8 6646.8 0.0 102759.0992
6660.95 6660.95 0.0 102756.5465
6675.09 6675.09 0.0 102754.0208
6689.23 6689.23 0.0 102751.5187
6703.37 6703.37 0.0 102749.0383
6717.51 6717.51 0.0 102746.5800
6731.66 6731.66 0.0 102744.1449
6745.8 6745.8 0.0 102741.7328
6759.94 6759.94 0.0 102739.3409
6774.08 6774.08 0.0 102736.9762
6788.23 6788.23 0.0 102734.6294
6802.37 6802.37 0.0 102732.3073
6816.51 6816.51 0.0 102730.0077
6830.65 6830.65 0.0 102727.7299
6844.79 6844.79 0.0 102725.4738
6858.94 6858.94 0.0 102723.2386
6873.08 6873.08 0.0 102721.0258
6887.22 6887.22 0.0 102718.8363
6901.36 6901.36 0.0 102716.6675
6915.5 6915.5 0.0 102714.5200
6929.65 6929.65 0.0 102712.3934
6943.79 6943.79 0.0 102710.2875
6957.93 6957.93 0.0 102708.2039
6972.07 6972.07 0.0 102706.1436
6986.21 6986.21 0.0 102704.1011
7000.36 7000.36 0.0 102702.0798
7014.5 7014.5 0.0 102700.0818
7028.64 7028.64 0.0 102698.1025
7042.78 7042.78 0.0 102696.1450
7056.93 7056.93 0.0 102694.2058
7071.07 7071.07 0.0 102692.2897
7085.21 7085.21 0.0 102690.3923
7099.35 7099.35 0.0 102688.5160
7113.49 7113.49 0.0 102686.6597
7127.64 7127.64 0.0 102684.8232
7141.78 7141.78 0.0 102683.0077
7155.92 7155.92 0.0 102681.2100
7170.06 7170.06 0.0 102679.4338
7184.2 7184.2 0.0 102677.6782
7198.35 7198.35 0.0 102675.9390
7212.49 7212.49 0.0 102674.2219
7226.63 7226.63 0.0 102672.5238
7240.77 7240.77 0.0 102670.8430
7254.92 7254.92 0.0 102669.1824
7269.06 7269.06 0.0 102667.5424
7283.2 7283.2 0.0 102665.9210
7297.34 7297.34 0.0 102664.3162
7311.48 7311.48 0.0 102662.7325
7325.63 7325.63 0.0 102661.1659
7339.77 7339.77 0.0 102659.6189
7353.91 7353.91 0.0 102658.0897
7368.05 7368.05 0.0 102656.5793
7382.19 7382.19 0.0 102655.0870
7396.34 7396.34 0.0 102653.6130
7410.48 7410.48 0.0 102652.1565
7424.62 7424.62 0.0 102650.7159
7438.76 7438.76 0.0 102649.2977
7452.91 7452.91 0.0 102647.8944
7467.05 7467.05 0.0 102646.5089
7481.19 7481.19 0.0 102645.1420
7495.33 7495.33 0.0 102643.7913
7509.47 7509.47 0.0 102642.4591
7523.62 7523.62 0.0 102641.1421
7537.76 7537.76 0.0 102639.8431
7551.9 7551.9 0.0 102638.5618
7566.04 7566.04 0.0 102637.2961
7580.18 7580.18 0.0 102636.0480
7594.33 7594.33 0.0 102634.8152
7608.47 7608.47 0.0 102633.6000
7622.61 7622.61 0.0 102632.4032
7636.75 7636.75 0.0 102631.2189
7650.9 7650.9 0.0 102630.0524
7665.04 7665.04 0.0 102628.9004
7679.18 7679.18 0.0 102627.7662
7693.32 7693.32 0.0 102626.6481
7707.46 7707.46 0.0 102625.5444
7721.61 7721.61 0.0 102624.4565
7735.75 7735.75 0.0 102623.3846
7749.89 7749.89 0.0 102622.3282
7764.03 7764.03 0.0 102621.2876
7778.17 7778.17 0.0 102620.2614
