0.0 0.0 0.0 225796.2578
14.1421 14.1421 0.0 304471.4062
28.2843 28.2843 0.0 318108.0938
42.4264 42.4264 0.0 324561.6094
56.5685 56.5685 0.0 327886.4062
70.7107 70.7107 0.0 329458.0781
84.8528 84.8528 0.0 329919.8281
98.9949 98.9949 0.0 329627.2031
113.137 113.137 0.0 328797.3281
127.279 127.279 0.0 327573.2500
141.421 141.421 0.0 326053.7031
155.563 155.563 0.0 324309.5156
169.706 169.706 0.0 322392.9688
183.848 183.848 0.0 320344.0625
197.99 197.99 0.0 318193.4375
212.132 212.132 0.0 315965.2812
226.274 226.274 0.0 313678.5781
240.416 240.416 0.0 311348.8906
254.558 254.558 0.0 308988.5156
268.701 268.701 0.0 306607.5469
282.843 282.843 0.0 304214.6719
296.985 296.985 0.0 301816.5625
311.127 311.127 0.0 299418.9688
325.269 325.269 0.0 297026.3594
339.411 339.411 0.0 294643.0469
353.553 353.553 0.0 292271.9688
367.696 367.696 0.0 289915.7188
381.838 381.838 0.0 287576.8906
395.98 395.98 0.0 285257.0625
410.122 410.122 0.0 282957.7188
424.264 424.264 0.0 280680.2188
438.406 438.406 0.0 278425.4062
452.548 452.548 0.0 276194.1250
466.69 466.69 0.0 273986.9531
480.833 480.833 0.0 271804.2031
494.975 494.975 0.0 269646.5625
509.117 509.117 0.0 267514.0469
523.259 523.259 0.0 265406.7500
537.401 537.401 0.0 263324.8750
551.543 551.543 0.0 261268.2656
565.685 565.685 0.0 259236.8906
579.828 579.828 0.0 257230.5938
593.97 593.97 0.0 255249.4375
608.112 608.112 0.0 253293.0625
622.254 622.254 0.0 251361.3125
636.396 636.396 0.0 249453.9219
650.538 650.538 0.0 247570.6875
664.68 664.68 0.0 245711.2656
678.823 678.823 0.0 243875.2812
692.965 692.965 0.0 242062.7188
707.107 707.107 0.0 240273.1406
721.249 721.249 0.0 238506.2188
735.391 735.391 0.0 236761.6562
749.533 749.533 0.0 235039.2188
763.675 763.675 0.0 233338.4688
777.817 777.817 0.0 231659.2422
791.96 791.96 0.0 230001.0156
806.102 806.102 0.0 228363.7188
820.244 820.244 0.0 226747.0000
834.386 834.386 0.0 225150.4922
848.528 848.528 0.0 223573.9688
862.67 862.67 0.0 222017.1719
876.812 876.812 0.0 220479.7031
890.955 890.955 0.0 218961.2891
905.097 905.097 0.0 217461.7812
919.239 919.239 0.0 215980.8984
933.381 933.381 0.0 214518.3203
947.523 947.523 0.0 213073.7812
961.665 961.665 0.0 211647.1094
975.807 975.807 0.0 210238.0156
989.949 989.949 0.0 208846.2812
1004.09 1004.09 0.0 207471.7734
1018.23 1018.23 0.0 206114.2109
1032.38 1032.38 0.0 204772.3984
1046.52 1046.52 0.0 203448.0000
1060.66 1060.66 0.0 202139.8281
1074.8 1074.8 0.0 200847.7109
1088.94 1088.94 0.0 199571.4219
1103.09 1103.09 0.0 198309.9062
1117.23 1117.23 0.0 197064.7500
1131.37 1131.37 0.0 195834.8594
1145.51 1145.51 0.0 194620.0938
1159.66 1159.66 0.0 193419.3750
1173.8 1173.8 0.0 192234.2656
1187.94 1187.94 0.0 191063.7266
1202.08 1202.08 0.0 189907.6016
1216.22 1216.22 0.0 188765.7188
1230.37 1230.37 0.0 187637.1328
1244.51 1244.51 0.0 186523.2969
1258.65 1258.65 0.0 185423.2109
1272.79 1272.79 0.0 184336.8125
1286.93 1286.93 0.0 183263.9062
1301.08 1301.08 0.0 182203.5859
1315.22 1315.22 0.0 181157.2344
1329.36 1329.36 0.0 180123.9062
1343.5 1343.5 0.0 179103.5469
1357.65 1357.65 0.0 178095.2969
1371.79 1371.79 0.0 177100.4062
1385.93 1385.93 0.0 176118.0547
1400.07 1400.07 0.0 175148.0859
1414.21 1414.21 0.0 174190.4531
1428.36 1428.36 0.0 173244.2734
1442.5 1442.5 0.0 172310.7969
1456.64 1456.64 0.0 171389.2578
1470.78 1470.78 0.0 170479.5000
1484.92 1484.92 0.0 169581.4141
1499.07 1499.07 0.0 168694.2734
1513.21 1513.21 0.0 167819.1875
1527.35 1527.35 0.0 166955.4531
1541.49 1541.49 0.0 166102.9180
1555.63 1555.63 0.0 165261.4883
1569.78 1569.78 0.0 164430.4492
1583.92 1583.92 0.0 163610.8828
1598.06 1598.06 0.0 162802.0859
1612.2 1612.2 0.0 162003.9648
1626.35 1626.35 0.0 161215.8086
1640.49 1640.49 0.0 160438.6562
1654.63 1654.63 0.0 159671.8281
1668.77 1668.77 0.0 158915.2461
1682.91 1682.91 0.0 158168.8047
1697.06 1697.06 0.0 157431.8359
1711.2 1711.2 0.0 156705.3047
1725.34 1725.34 0.0 155988.5781
1739.48 1739.48 0.0 155281.5664
1753.62 1753.62 0.0 154584.1562
1767.77 1767.77 0.0 153895.7695
1781.91 1781.91 0.0 153217.2578
1796.05 1796.05 0.0 152548.0703
1810.19 1810.19 0.0 151888.0430
1824.34 1824.34 0.0 151236.6836
1838.48 1838.48 0.0 150594.7969
1852.62 1852.62 0.0 149961.7852
1866.76 1866.76 0.0 149337.5938
1880.9 1880.9 0.0 148722.0977
1895.05 1895.05 0.0 148114.7734
1909.19 1909.19 0.0 147516.3945
1923.33 1923.33 0.0 146926.4336
1937.47 1937.47 0.0 146344.8008
1951.61 1951.61 0.0 145771.3672
1965.76 1965.76 0.0 145205.6797
1979.9 1979.9 0.0 144648.4258
1994.04 1994.04 0.0 144099.1133
2008.18 2008.18 0.0 143557.6484
2022.33 2022.33 0.0 143023.5508
2036.47 2036.47 0.0 142497.5039
2050.61 2050.61 0.0 141979.0195
2064.75 2064.75 0.0 141468.0117
2078.89 2078.89 0.0 140964.4141
2093.04 2093.04 0.0 140467.7422
2107.18 2107.18 0.0 139978.6289
2121.32 2121.32 0.0 139496.6367
2135.46 2135.46 0.0 139021.6836
2149.6 2149.6 0.0 138553.6758
2163.75 2163.75 0.0 138092.1914
2177.89 2177.89 0.0 137637.8281
2192.03 2192.03 0.0 137190.1133
2206.17 2206.17 0.0 136749.0117
2220.32 2220.32 0.0 136314.1250
2234.46 2234.46 0.0 135885.9766
2248.6 2248.6 0.0 135464.1758
2262.74 2262.74 0.0 135048.6367
2276.88 2276.88 0.0 134639.2656
2291.03 2291.03 0.0 134235.7109
2305.17 2305.17 0.0 133838.4688
2319.31 2319.31 0.0 133447.1758
2333.45 2333.45 0.0 133061.7383
2347.59 2347.59 0.0 132682.0723
2361.74 2361.74 0.0 132307.8418
2375.88 2375.88 0.0 131939.5098
2390.02 2390.02 0.0 131576.7227
2404.16 2404.16 0.0 131219.3965
2418.31 2418.31 0.0 130867.2422
2432.45 2432.45 0.0 130520.6387
2446.59 2446.59 0.0 130179.2910
2460.73 2460.73 0.0 129843.1250
2474.87 2474.87 0.0 129512.0508
2489.02 2489.02 0.0 129185.7852
2503.16 2503.16 0.0 128864.6992
2517.3 2517.3 0.0 128548.5078
2531.44 2531.44 0.0 128237.1289
2545.58 2545.58 0.0 127930.5176
2559.73 2559.73 0.0 127628.3477
2573.87 2573.87 0.0 127331.0117
2588.01 2588.01 0.0 127038.2402
2602.15 2602.15 0.0 126749.9336
2616.3 2616.3 0.0 126465.8477
2630.44 2630.44 0.0 126186.3125
2644.58 2644.58 0.0 125911.0625
2658.72 2658.72 0.0 125640.0410
2672.86 2672.86 0.0 125373.1758
2687.01 2687.01 0.0 125110.2383
2701.15 2701.15 0.0 124851.5000
2715.29 2715.29 0.0 124596.7422
2729.43 2729.43 0.0 124345.9180
2743.57 2743.57 0.0 124098.9512
2757.72 2757.72 0.0 123855.6094
2771.86 2771.86 0.0 123616.1738
2786.0 2786.0 0.0 123380.4238
2800.14 2800.14 0.0 123148.3203
2814.28 2814.28 0.0 122919.7871
2828.43 2828.43 0.0 122694.6055
2842.57 2842.57 0.0 122473.0645
2856.71 2856.71 0.0 122254.9297
2870.85 2870.85 0.0 122040.1504
2885.0 2885.0 0.0 121828.5332
2899.14 2899.14 0.0 121620.3320
2913.28 2913.28 0.0 121415.3164
2927.42 2927.42 0.0 121213.4766
2941.56 2941.56 0.0 121014.7266
2955.71 2955.71 0.0 120818.8984
2969.85 2969.85 0.0 120626.2344
2983.99 2983.99 0.0 120436.5254
2998.13 2998.13 0.0 120249.7246
3012.27 3012.27 0.0 120065.8125
3026.42 3026.42 0.0 119884.5820
3040.56 3040.56 0.0 119706.2637
3054.7 3054.7 0.0 119530.6914
3068.84 3068.84 0.0 119357.8066
3082.99 3082.99 0.0 119187.4434
3097.13 3097.13 0.0 119019.8281
3111.27 3111.27 0.0 118854.7617
3125.41 3125.41 0.0 118692.2285
3139.55 3139.55 0.0 118532.1660
3153.7 3153.7 0.0 118374.4531
3167.84 3167.84 0.0 118219.2598
3181.98 3181.98 0.0 118066.4023
3196.12 3196.12 0.0 117915.8945
3210.26 3210.26 0.0 117767.6816
3224.41 3224.41 0.0 117621.6182
3238.55 3238.55 0.0 117477.8662
3252.69 3252.69 0.0 117336.2998
3266.83 3266.83 0.0 117196.8770
3280.98 3280.98 0.0 117059.4717
3295.12 3295.12 0.0 116924.2324
3309.26 3309.26 0.0 116791.0488
3323.4 3323.4 0.0 116659.8652
3337.54 3337.54 0.0 116530.6631
3351.69 3351.69 0.0 116403.3115
3365.83 3365.83 0.0 116277.9600
3379.97 3379.97 0.0 116154.4932
3394.11 3394.11 0.0 116032.8867
3408.25 3408.25 0.0 115913.0928
3422.4 3422.4 0.0 115794.9990
3436.54 3436.54 0.0 115678.7520
3450.68 3450.68 0.0 115564.2490
3464.82 3464.82 0.0 115451.4336
3478.97 3478.97 0.0 115340.2305
3493.11 3493.11 0.0 115230.7461
3507.25 3507.25 0.0 115122.8750
3521.39 3521.39 0.0 115016.6006
3535.53 3535.53 0.0 114911.8906
3549.68 3549.68 0.0 114808.6621
3563.82 3563.82 0.0 114707.0156
3577.96 3577.96 0.0 114606.8672
3592.1 3592.1 0.0 114508.1807
3606.24 3606.24 0.0 114410.9365
3620.39 3620.39 0.0 114315.0381
3634.53 3634.53 0.0 114220.6016
3648.67 3648.67 0.0 114127.5449
3662.81 3662.81 0.0 114035.8369
3676.96 3676.96 0.0 113945.3848
3691.1 3691.1 0.0 113856.3203
3705.24 3705.24 0.0 113768.5352
3719.38 3719.38 0.0 113681.9951
3733.52 3733.52 0.0 113596.7080
3747.67 3747.67 0.0 113512.5742
3761.81 3761.81 0.0 113429.7061
3775.95 3775.95 0.0 113348.0205
3790.09 3790.09 0.0 113267.4932
3804.23 3804.23 0.0 113188.1045
3818.38 3818.38 0.0 113109.7871
3832.52 3832.52 0.0 113032.6396
3846.66 3846.66 0.0 112956.5674
3860.8 3860.8 0.0 112881.5664
3874.95 3874.95 0.0 112807.5645
3889.09 3889.09 0.0 112734.6445
3903.23 3903.23 0.0 112662.7451
3917.37 3917.37 0.0 112591.8447
3931.51 3931.51 0.0 112521.9229
3945.66 3945.66 0.0 112452.9111
3959.8 3959.8 0.0 112384.9111
3973.94 3973.94 0.0 112317.8555
3988.08 3988.08 0.0 112251.7080
4002.22 4002.22 0.0 112186.4600
4016.37 4016.37 0.0 112122.0605
4030.51 4030.51 0.0 112058.5801
4044.65 4044.65 0.0 111995.9580
4058.79 4058.79 0.0 111934.1914
4072.94 4072.94 0.0 111873.2070
4087.08 4087.08 0.0 111813.0869
4101.22 4101.22 0.0 111753.7744
4115.36 4115.36 0.0 111695.2471
4129.5 4129.5 0.0 111637.5059
4143.65 4143.65 0.0 111580.4844
4157.79 4157.79 0.0 111524.2607
4171.93 4171.93 0.0 111468.7764
4186.07 4186.07 0.0 111414.0322
4200.21 4200.21 0.0 111359.9834
4214.36 4214.36 0.0 111306.6143
4228.5 4228.5 0.0 111253.9756
4242.64 4242.64 0.0 111202.0254
4256.78 4256.78 0.0 111150.7432
4270.92 4270.92 0.0 111100.1191
4285.07 4285.07 0.0 111050.1143
4299.21 4299.21 0.0 111000.7812
4313.35 4313.35 0.0 110952.0781
4327.49 4327.49 0.0 110903.9873
4341.64 4341.64 0.0 110856.4824
4355.78 4355.78 0.0 110809.6035
4369.92 4369.92 0.0 110763.3232
4384.06 4384.06 0.0 110717.6094
4398.2 4398.2 0.0 110672.4707
4412.35 4412.35 0.0 110627.8623
4426.49 4426.49 0.0 110583.8350
4440.63 4440.63 0.0 110540.3516
4454.77 4454.77 0.0 110497.4014
4468.91 4468.91 0.0 110454.9805
4483.06 4483.06 0.0 110413.0488
4497.2 4497.2 0.0 110371.6523
4511.34 4511.34 0.0 110330.7549
4525.48 4525.48 0.0 110290.3564
4539.63 4539.63 0.0 110250.4150
4553.77 4553.77 0.0 110210.9707
4567.91 4567.91 0.0 110172.0010
4582.05 4582.05 0.0 110133.5000
4596.19 4596.19 0.0 110095.4443
4610.34 4610.34 0.0 110057.8184
4624.48 4624.48 0.0 110020.6533
4638.62 4638.62 0.0 109983.9180
4652.76 4652.76 0.0 109947.6182
4666.9 4666.9 0.0 109911.7363
4681.05 4681.05 0.0 109876.2344
4695.19 4695.19 0.0 109841.1816
4709.33 4709.33 0.0 109806.5137
4723.47 4723.47 0.0 109772.2471
4737.62 4737.62 0.0 109738.3369
4751.76 4751.76 0.0 109704.8418
4765.9 4765.9 0.0 109671.7217
4780.04 4780.04 0.0 109638.9600
4794.18 4794.18 0.0 109606.5752
4808.33 4808.33 0.0 109574.5264
4822.47 4822.47 0.0 109542.8408
4836.61 4836.61 0.0 109511.5200
4850.75 4850.75 0.0 109480.5273
4864.89 4864.89 0.0 109449.8760
4879.04 4879.04 0.0 109419.5342
4893.18 4893.18 0.0 109389.5439
4907.32 4907.32 0.0 109359.8691
4921.46 4921.46 0.0 109330.5137
4935.61 4935.61 0.0 109301.4575
4949.75 4949.75 0.0 109272.7178
4963.89 4963.89 0.0 109244.2764
4978.03 4978.03 0.0 109216.1475
4992.17 4992.17 0.0 109188.3037
5006.32 5006.32 0.0 109160.7217
5020.46 5020.46 0.0 109133.4512
5034.6 5034.6 0.0 109106.4604
5048.74 5048.74 0.0 109079.7427
5062.88 5062.88 0.0 109053.2964
5077.03 5077.03 0.0 109027.1045
5091.17 5091.17 0.0 109001.1831
5105.31 5105.31 0.0 108975.5273
5119.45 5119.45 0.0 108950.1191
5133.6 5133.6 0.0 108924.9580
5147.74 5147.74 0.0 108900.0522
5161.88 5161.88 0.0 108875.3892
5176.02 5176.02 0.0 108850.9814
5190.16 5190.16 0.0 108826.7910
5204.31 5204.31 0.0 108802.8276
5218.45 5218.45 0.0 108779.1030
5232.59 5232.59 0.0 108755.6123
5246.73 5246.73 0.0 108732.3398
5260.87 5260.87 0.0 108709.2837
5275.02 5275.02 0.0 108686.4316
5289.16 5289.16 0.0 108663.8076
5303.3 5303.3 0.0 108641.3950
5317.44 5317.44 0.0 108619.1821
5331.59 5331.59 0.0 108597.1714
5345.73 5345.73 0.0 108575.3643
5359.87 5359.87 0.0 108553.7568
5374.01 5374.01 0.0 108532.3501
5388.15 5388.15 0.0 108511.1230
5402.3 5402.3 0.0 108490.0806
5416.44 5416.44 0.0 108469.2349
5430.58 5430.58 0.0 108448.5654
5444.72 5444.72 0.0 108428.0903
5458.86 5458.86 0.0 108407.7876
5473.01 5473.01 0.0 108387.6440
5487.15 5487.15 0.0 108367.6919
5501.29 5501.29 0.0 108347.9058
5515.43 5515.43 0.0 108328.2871
5529.58 5529.58 0.0 108308.8203
5543.72 5543.72 0.0 108289.5332
5557.86 5557.86 0.0 108270.4043
5572.0 5572.0 0.0 108251.4302
5586.14 5586.14 0.0 108232.6157
5600.29 5600.29 0.0 108213.9409
5614.43 5614.43 0.0 108195.4307
5628.57 5628.57 0.0 108177.0708
5642.71 5642.71 0.0 108158.8569
5656.85 5656.85 0.0 108140.7925
5671.0 5671.0 0.0 108122.8457
5685.14 5685.14 0.0 108105.0630
5699.28 5699.28 0.0 108087.4194
5713.42 5713.42 0.0 108069.9077
5727.56 5727.56 0.0 108052.5283
5741.71 5741.71 0.0 108035.2729
5755.85 5755.85 0.0 108018.1567
5769.99 5769.99 0.0 108001.1797
5784.13 5784.13 0.0 107984.3213
5798.28 5798.28 0.0 107967.5747
5812.42 5812.42 0.0 107950.9712
5826.56 5826.56 0.0 107934.4780
5840.7 5840.7 0.0 107918.1138
5854.84 5854.84 0.0 107901.8613
5868.99 5868.99 0.0 107885.7178
5883.13 5883.13 0.0 107869.6978
5897.27 5897.27 0.0 107853.7905
5911.41 5911.41 0.0 107838.0000
5925.55 5925.55 0.0 107822.3149
5939.7 5939.7 0.0 107806.7266
5953.84 5953.84 0.0 107791.2544
5967.98 5967.98 0.0 107775.8906
5982.12 5982.12 0.0 107760.6270
5996.27 5996.27 0.0 107745.4546
6010.41 6010.41 0.0 107730.3936
6024.55 6024.55 0.0 107715.4380
6038.69 6038.69 0.0 107700.5718
6052.83 6052.83 0.0 107685.7998
6066.98 6066.98 0.0 107671.1201
6081.12 6081.12 0.0 107656.5396
6095.26 6095.26 0.0 107642.0562
6109.4 6109.4 0.0 107627.6538
6123.54 6123.54 0.0 107613.3467
6137.69 6137.69 0.0 107599.1196
6151.83 6151.83 0.0 107584.9810
6165.97 6165.97 0.0 107570.9336
6180.11 6180.11 0.0 107556.9683
6194.26 6194.26 0.0 107543.0781
6208.4 6208.4 0.0 107529.2812
6222.54 6222.54 0.0 107515.5586
6236.68 6236.68 0.0 107501.9165
6250.82 6250.82 0.0 107488.3564
6264.97 6264.97 0.0 107474.8589
6279.11 6279.11 0.0 107461.4424
6293.25 6293.25 0.0 107448.1113
6307.39 6307.39 0.0 107434.8462
6321.53 6321.53 0.0 107421.6597
6335.68 6335.68 0.0 107408.5273
6349.82 6349.82 0.0 107395.4805
6363.96 6363.96 0.0 107382.4966
6378.1 6378.1 0.0 107369.5864
6392.25 6392.25 0.0 107356.7324
6406.39 6406.39 0.0 107343.9512
6420.53 6420.53 0.0 107331.2310
6434.67 6434.67 0.0 107318.5835
6448.81 6448.81 0.0 107305.9902
6462.96 6462.96 0.0 107293.4585
6477.1 6477.1 0.0 107280.9922
6491.24 6491.24 0.0 107268.5859
6505.38 6505.38 0.0 107256.2388
6519.52 6519.52 0.0 107243.9458
6533.67 6533.67 0.0 107231.7002
6547.81 6547.81 0.0 107219.5283
6561.95 6561.95 0.0 107207.4062
6576.09 6576.09 0.0 107195.3335
6590.24 6590.24 0.0 107183.3164
6604.38 6604.38 0.0 107171.3521
6618.52 6618.52 0.0 107159.4453
6632.66 6632.66 0.0 107147.5815
6646.8 6646.8 0.0 107135.7759
6660.95 6660.95 0.0 107124.0098
6675.09 6675.09 0.0 107112.3008
6689.23 6689.23 0.0 107100.6377
6703.37 6703.37 0.0 107089.0166
6717.51 6717.51 0.0 107077.4409
6731.66 6731.66 0.0 107065.9106
6745.8 6745.8 0.0 107054.4302
6759.94 6759.94 0.0 107042.9917
6774.08 6774.08 0.0 107031.5977
6788.23 6788.23 0.0 107020.2373
6802.37 6802.37 0.0 107008.9209
6816.51 6816.51 0.0 106997.6519
6830.65 6830.65 0.0 106986.4180
6844.79 6844.79 0.0 106975.2197
6858.94 6858.94 0.0 106964.0649
6873.08 6873.08 0.0 106952.9429
6887.22 6887.22 0.0 106941.8643
6901.36 6901.36 0.0 106930.8228
6915.5 6915.5 0.0 106919.8140
6929.65 6929.65 0.0 106908.8296
6943.79 6943.79 0.0 106897.8906
6957.93 6957.93 0.0 106886.9854
6972.07 6972.07 0.0 106876.1157
6986.21 6986.21 0.0 106865.2725
7000.36 7000.36 0.0 106854.4551
7014.5 7014.5 0.0 106843.6797
7028.64 7028.64 0.0 106832.9355
7042.78 7042.78 0.0 106822.2188
7056.93 7056.93 0.0 106811.5239
7071.07 7071.07 0.0 106800.8604
7085.21 7085.21 0.0 106790.2285
7099.35 7099.35 0.0 106779.6274
7113.49 7113.49 0.0 106769.0444
7127.64 7127.64 0.0 106758.4873
7141.78 7141.78 0.0 106747.9629
7155.92 7155.92 0.0 106737.4585
7170.06 7170.06 0.0 106726.9800
7184.2 7184.2 0.0 106716.5269
7198.35 7198.35 0.0 106706.0918
7212.49 7212.49 0.0 106695.6841
7226.63 7226.63 0.0 106685.3013
7240.77 7240.77 0.0 106674.9365
7254.92 7254.92 0.0 106664.5913
7269.06 7269.06 0.0 106654.2661
7283.2 7283.2 0.0 106643.9658
7297.34 7297.34 0.0 106633.6807
7311.48 7311.48 0.0 106623.4204
7325.63 7325.63 0.0 106613.1719
7339.77 7339.77 0.0 106602.9512
7353.91 7353.91 0.0 106592.7422
7368.05 7368.05 0.0 106582.5513
7382.19 7382.19 0.0 106572.3794
7396.34 7396.34 0.0 106562.2119
7410.48 7410.48 0.0 106552.0693
7424.62 7424.62 0.0 106541.9438
7438.76 7438.76 0.0 106531.8379
7452.91 7452.91 0.0 106521.7314
7467.05 7467.05 0.0 106511.6455
7481.19 7481.19 0.0 106501.5781
7495.33 7495.33 0.0 106491.5210
7509.47 7509.47 0.0 106481.4756
7523.62 7523.62 0.0 106471.4351
7537.76 7537.76 0.0 106461.4185
7551.9 7551.9 0.0 106451.4155
7566.04 7566.04 0.0 106441.4160
7580.18 7580.18 0.0 106431.4268
7594.33 7594.33 0.0 106421.4468
7608.47 7608.47 0.0 106411.4795
7622.61 7622.61 0.0 106401.5176
7636.75 7636.75 0.0 106391.5737
7650.9 7650.9 0.0 106381.6265
7665.04 7665.04 0.0 106371.6938
7679.18 7679.18 0.0 106361.7725
7693.32 7693.32 0.0 106351.8569
7707.46 7707.46 0.0 106341.9468
7721.61 7721.61 0.0 106332.0366
7735.75 7735.75 0.0 106322.1440
7749.89 7749.89 0.0 106312.2583
7764.03 7764.03 0.0 106302.3745
7778.17 7778.17 0.0 106292.4995
