0.0 0.0 0.0 312346.4688
14.1421 14.1421 0.0 2218206.0000
28.2843 28.2843 0.0 1693129.7500
42.4264 42.4264 0.0 1226267.1250
56.5685 56.5685 0.0 882134.7500
70.7107 70.7107 0.0 647104.0625
84.8528 84.8528 0.0 491390.3750
98.9949 98.9949 0.0 388376.5312
113.137 113.137 0.0 319159.5156
127.279 127.279 0.0 271523.6719
141.421 141.421 0.0 237842.6719
155.563 155.563 0.0 213374.3516
169.706 169.706 0.0 195134.9062
183.848 183.848 0.0 181214.6953
197.99 197.99 0.0 170359.1719
212.132 212.132 0.0 161728.3438
226.274 226.274 0.0 154746.5977
240.416 240.416 0.0 149010.8711
254.558 254.558 0.0 144233.4219
268.701 268.701 0.0 140204.6914
282.843 282.843 0.0 136770.2969
296.985 296.985 0.0 133813.5469
311.127 311.127 0.0 131245.5723
325.269 325.269 0.0 128997.6699
339.411 339.411 0.0 127016.0254
353.553 353.553 0.0 125257.9980
367.696 367.696 0.0 123689.3047
381.838 381.838 0.0 122282.5293
395.98 395.98 0.0 121014.9160
410.122 410.122 0.0 119867.8809
424.264 424.264 0.0 118825.9141
438.406 438.406 0.0 117876.0449
452.548 452.548 0.0 117007.3359
466.69 466.69 0.0 116210.4697
480.833 480.833 0.0 115477.4893
494.975 494.975 0.0 114801.6318
509.117 509.117 0.0 114176.9541
523.259 523.259 0.0 113598.3252
537.401 537.401 0.0 113061.2676
551.543 551.543 0.0 112561.8506
565.685 565.685 0.0 112096.5938
579.828 579.828 0.0 111662.4365
593.97 593.97 0.0 111256.7041
608.112 608.112 0.0 110876.9590
622.254 622.254 0.0 110521.0293
636.396 636.396 0.0 110186.9912
650.538 650.538 0.0 109873.1006
664.68 664.68 0.0 109577.7793
678.823 678.823 0.0 109299.6016
692.965 692.965 0.0 109037.3257
707.107 707.107 0.0 108789.7661
721.249 721.249 0.0 108555.8594
735.391 735.391 0.0 108334.6494
749.533 749.533 0.0 108125.2500
763.675 763.675 0.0 107926.8491
777.817 777.817 0.0 107738.7290
791.96 791.96 0.0 107560.1743
806.102 806.102 0.0 107390.6055
820.244 820.244 0.0 107229.4321
834.386 834.386 0.0 107076.1255
848.528 848.528 0.0 106930.1885
862.67 862.67 0.0 106791.1880
876.812 876.812 0.0 106658.6880
890.955 890.955 0.0 106532.3086
905.097 905.097 0.0 106411.6997
919.239 919.239 0.0 106296.5205
933.381 933.381 0.0 106186.4604
947.523 947.523 0.0 106081.2319
961.665 961.665 0.0 105980.5688
975.807 975.807 0.0 105884.2197
989.949 989.949 0.0 105791.9443
1004.09 1004.09 0.0 105703.5410
1018.23 1018.23 0.0 105618.7944
1032.38 1032.38 0.0 105537.4629
1046.52 1046.52 0.0 105459.4683
1060.66 1060.66 0.0 105384.5950
1074.8 1074.8 0.0 105312.6802
1088.94 1088.94 0.0 105243.5811
1103.09 1103.09 0.0 105177.1025
1117.23 1117.23 0.0 105113.2188
1131.37 1131.37 0.0 105051.7529
1145.51 1145.51 0.0 104992.5967
1159.66 1159.66 0.0 104935.5894
1173.8 1173.8 0.0 104880.7205
1187.94 1187.94 0.0 104827.8423
1202.08 1202.08 0.0 104776.8696
1216.22 1216.22 0.0 104727.7175
1230.37 1230.37 0.0 104680.2676
1244.51 1244.51 0.0 104634.5081
1258.65 1258.65 0.0 104590.3352
1272.79 1272.79 0.0 104547.6792
1286.93 1286.93 0.0 104506.4761
1301.08 1301.08 0.0 104466.6301
1315.22 1315.22 0.0 104428.1455
1329.36 1329.36 0.0 104390.9329
1343.5 1343.5 0.0 104354.9429
1357.65 1357.65 0.0 104320.0994
1371.79 1371.79 0.0 104286.4045
1385.93 1385.93 0.0 104253.7825
1400.07 1400.07 0.0 104222.1980
1414.21 1414.21 0.0 104191.6062
1428.36 1428.36 0.0 104161.9473
1442.5 1442.5 0.0 104133.2275
1456.64 1456.64 0.0 104105.3850
1470.78 1470.78 0.0 104078.3906
1484.92 1484.92 0.0 104052.2107
1499.07 1499.07 0.0 104026.7981
1513.21 1513.21 0.0 104002.1572
1527.35 1527.35 0.0 103978.2410
1541.49 1541.49 0.0 103955.0254
1555.63 1555.63 0.0 103932.4819
1569.78 1569.78 0.0 103910.5735
1583.92 1583.92 0.0 103889.3083
1598.06 1598.06 0.0 103868.6414
1612.2 1612.2 0.0 103848.5615
1626.35 1626.35 0.0 103829.0264
1640.49 1640.49 0.0 103810.0466
1654.63 1654.63 0.0 103791.5903
1668.77 1668.77 0.0 103773.6394
1682.91 1682.91 0.0 103756.1765
1697.06 1697.06 0.0 103739.1704
1711.2 1711.2 0.0 103722.6335
1725.34 1725.34 0.0 103706.5354
1739.48 1739.48 0.0 103690.8618
1753.62 1753.62 0.0 103675.5994
1767.77 1767.77 0.0 103660.7241
1781.91 1781.91 0.0 103646.2449
1796.05 1796.05 0.0 103632.1375
1810.19 1810.19 0.0 103618.3870
1824.34 1824.34 0.0 103604.9775
1838.48 1838.48 0.0 103591.9187
1852.62 1852.62 0.0 103579.1848
1866.76 1866.76 0.0 103566.7656
1880.9 1880.9 0.0 103554.6536
1895.05 1895.05 0.0 103542.8298
1909.19 1909.19 0.0 103531.3044
1923.33 1923.33 0.0 103520.0569
1937.47 1937.47 0.0 103509.0813
1951.61 1951.61 0.0 103498.3674
1965.76 1965.76 0.0 103487.8999
1979.9 1979.9 0.0 103477.6875
1994.04 1994.04 0.0 103467.7131
2008.18 2008.18 0.0 103457.9741
2022.33 2022.33 0.0 103448.4529
2036.47 2036.47 0.0 103439.1589
2050.61 2050.61 0.0 103430.0757
2064.75 2064.75 0.0 103421.2002
2078.89 2078.89 0.0 103412.5244
2093.04 2093.04 0.0 103404.0369
2107.18 2107.18 0.0 103395.7483
2121.32 2121.32 0.0 103387.6394
2135.46 2135.46 0.0 103379.7126
2149.6 2149.6 0.0 103371.9583
2163.75 2163.75 0.0 103364.3685
2177.89 2177.89 0.0 103356.9484
2192.03 2192.03 0.0 103349.6866
2206.17 2206.17 0.0 103342.5814
2220.32 2220.32 0.0 103335.6237
2234.46 2234.46 0.0 103328.8130
2248.6 2248.6 0.0 103322.1519
2262.74 2262.74 0.0 103315.6256
2276.88 2276.88 0.0 103309.2379
2291.03 2291.03 0.0 103302.9746
2305.17 2305.17 0.0 103296.8462
2319.31 2319.31 0.0 103290.8429
2333.45 2333.45 0.0 103284.9592
2347.59 2347.59 0.0 103279.1960
2361.74 2361.74 0.0 103273.5413
2375.88 2375.88 0.0 103268.0057
2390.02 2390.02 0.0 103262.5781
2404.16 2404.16 0.0 103257.2598
2418.31 2418.31 0.0 103252.0402
2432.45 2432.45 0.0 103246.9247
2446.59 2446.59 0.0 103241.9093
2460.73 2460.73 0.0 103236.9890
2474.87 2474.87 0.0 103232.1621
2489.02 2489.02 0.0 103227.4237
2503.16 2503.16 0.0 103222.7775
2517.3 2517.3 0.0 103218.2183
2531.44 2531.44 0.0 103213.7448
2545.58 2545.58 0.0 103209.3535
2559.73 2559.73 0.0 103205.0397
2573.87 2573.87 0.0 103200.8054
2588.01 2588.01 0.0 103196.6521
2602.15 2602.15 0.0 103192.5684
2616.3 2616.3 0.0 103188.5592
2630.44 2630.44 0.0 103184.6226
2644.58 2644.58 0.0 103180.7542
2658.72 2658.72 0.0 103176.9547
2672.86 2672.86 0.0 103173.2188
2687.01 2687.01 0.0 103169.5481
2701.15 2701.15 0.0 103165.9425
2715.29 2715.29 0.0 103162.3959
2729.43 2729.43 0.0 103158.9100
2743.57 2743.57 0.0 103155.4850
2757.72 2757.72 0.0 103152.1150
2771.86 2771.86 0.0 103148.7998
2786.0 2786.0 0.0 103145.5393
2800.14 2800.14 0.0 103142.3348
2814.28 2814.28 0.0 103139.1801
2828.43 2828.43 0.0 103136.0756
2842.57 2842.57 0.0 103133.0214
2856.71 2856.71 0.0 103130.0159
2870.85 2870.85 0.0 103127.0576
2885.0 2885.0 0.0 103124.1437
2899.14 2899.14 0.0 103121.2764
2913.28 2913.28 0.0 103118.4536
2927.42 2927.42 0.0 103115.6747
2941.56 2941.56 0.0 103112.9365
2955.71 2955.71 0.0 103110.2374
2969.85 2969.85 0.0 103107.5817
2983.99 2983.99 0.0 103104.9636
2998.13 2998.13 0.0 103102.3843
3012.27 3012.27 0.0 103099.8424
3026.42 3026.42 0.0 103097.3362
3040.56 3040.56 0.0 103094.8673
3054.7 3054.7 0.0 103092.4338
3068.84 3068.84 0.0 103090.0323
3082.99 3082.99 0.0 103087.6643
3097.13 3097.13 0.0 103085.3296
3111.27 3111.27 0.0 103083.0265
3125.41 3125.41 0.0 103080.7548
3139.55 3139.55 0.0 103078.5137
3153.7 3153.7 0.0 103076.3020
3167.84 3167.84 0.0 103074.1200
3181.98 3181.98 0.0 103071.9672
3196.12 3196.12 0.0 103069.8403
3210.26 3210.26 0.0 103067.7417
3224.41 3224.41 0.0 103065.6681
3238.55 3238.55 0.0 103063.6235
3252.69 3252.69 0.0 103061.6010
3266.83 3266.83 0.0 103059.6074
3280.98 3280.98 0.0 103057.6343
3295.12 3295.12 0.0 103055.6855
3309.26 3309.26 0.0 103053.7598
3323.4 3323.4 0.0 103051.8606
3337.54 3337.54 0.0 103049.9777
3351.69 3351.69 0.0 103048.1221
3365.83 3365.83 0.0 103046.2858
3379.97 3379.97 0.0 103044.4670
3394.11 3394.11 0.0 103042.6724
3408.25 3408.25 0.0 103040.8973
3422.4 3422.4 0.0 103039.1390
3436.54 3436.54 0.0 103037.4030
3450.68 3450.68 0.0 103035.6847
3464.82 3464.82 0.0 103033.9838
3478.97 3478.97 0.0 103032.3009
3493.11 3493.11 0.0 103030.6350
3507.25 3507.25 0.0 103028.9871
3521.39 3521.39 0.0 103027.3552
3535.53 3535.53 0.0 103025.7396
3549.68 3549.68 0.0 103024.1392
3563.82 3563.82 0.0 103022.5557
3577.96 3577.96 0.0 103020.9874
3592.1 3592.1 0.0 103019.4343
3606.24 3606.24 0.0 103017.8962
3620.39 3620.39 0.0 103016.3694
3634.53 3634.53 0.0 103014.8583
3648.67 3648.67 0.0 103013.3597
3662.81 3662.81 0.0 103011.8796
3676.96 3676.96 0.0 103010.4071
3691.1 3691.1 0.0 103008.9512
3705.24 3705.24 0.0 103007.5051
3719.38 3719.38 0.0 103006.0734
3733.52 3733.52 0.0 103004.6515
3747.67 3747.67 0.0 103003.2419
3761.81 3761.81 0.0 103001.8457
3775.95 3775.95 0.0 103000.4611
3790.09 3790.09 0.0 102999.0878
3804.23 3804.23 0.0 102997.7220
3818.38 3818.38 0.0 102996.3669
3832.52 3832.52 0.0 102995.0273
3846.66 3846.66 0.0 102993.6935
3860.8 3860.8 0.0 102992.3728
3874.95 3874.95 0.0 102991.0602
3889.09 3889.09 0.0 102989.7579
3903.23 3903.23 0.0 102988.4641
3917.37 3917.37 0.0 102987.1807
3931.51 3931.51 0.0 102985.9045
3945.66 3945.66 0.0 102984.6382
3959.8 3959.8 0.0 102983.3821
3973.94 3973.94 0.0 102982.1327
3988.08 3988.08 0.0 102980.8936
4002.22 4002.22 0.0 102979.6625
4016.37 4016.37 0.0 102978.4379
4030.51 4030.51 0.0 102977.2212
4044.65 4044.65 0.0 102976.0125
4058.79 4058.79 0.0 102974.8141
4072.94 4072.94 0.0 102973.6198
4087.08 4087.08 0.0 102972.4357
4101.22 4101.22 0.0 102971.2572
4115.36 4115.36 0.0 102970.0850
4129.5 4129.5 0.0 102968.9222
4143.65 4143.65 0.0 102967.7642
4157.79 4157.79 0.0 102966.6149
4171.93 4171.93 0.0 102965.4727
4186.07 4186.07 0.0 102964.3364
4200.21 4200.21 0.0 102963.2035
4214.36 4214.36 0.0 102962.0817
4228.5 4228.5 0.0 102960.9628
4242.64 4242.64 0.0 102959.8516
