0.0 0.0 0.0 237028.0156
14.1421 14.1421 0.0 332667.0938
28.2843 28.2843 0.0 308334.4375
42.4264 42.4264 0.0 283762.0625
56.5685 56.5685 0.0 262266.2031
70.7107 70.7107 0.0 243884.8906
84.8528 84.8528 0.0 228187.8125
98.9949 98.9949 0.0 214726.1641
113.137 113.137 0.0 203116.1484
127.279 127.279 0.0 193045.0781
141.421 141.421 0.0 184261.0078
155.563 155.563 0.0 176560.8594
169.706 169.706 0.0 169779.4609
183.848 183.848 0.0 163783.0430
197.99 197.99 0.0 158460.1758
212.132 212.132 0.0 153718.7227
226.274 226.274 0.0 149481.6016
240.416 240.416 0.0 145683.9414
254.558 254.558 0.0 142270.8008
268.701 268.701 0.0 139195.0703
282.843 282.843 0.0 136417.1562
296.985 296.985 0.0 133902.2539
311.127 311.127 0.0 131620.5469
325.269 325.269 0.0 129546.1797
339.411 339.411 0.0 127656.6348
353.553 353.553 0.0 125932.2129
367.696 367.696 0.0 124355.6094
381.838 381.838 0.0 122911.8438
395.98 395.98 0.0 121587.5156
410.122 410.122 0.0 120370.7637
424.264 424.264 0.0 119251.1816
438.406 438.406 0.0 118219.4922
452.548 452.548 0.0 117267.4395
466.69 466.69 0.0 116387.6777
480.833 480.833 0.0 115573.5615
494.975 494.975 0.0 114819.3691
509.117 509.117 0.0 114119.7588
523.259 523.259 0.0 113469.9736
537.401 537.401 0.0 112865.7812
551.543 551.543 0.0 112303.3369
565.685 565.685 0.0 111779.1777
579.828 579.828 0.0 111290.1465
593.97 593.97 0.0 110833.4766
608.112 608.112 0.0 110406.5537
622.254 622.254 0.0 110007.0596
636.396 636.396 0.0 109632.8672
650.538 650.538 0.0 109282.0430
664.68 664.68 0.0 108952.8403
678.823 678.823 0.0 108643.6196
692.965 692.965 0.0 108352.9697
707.107 707.107 0.0 108079.5088
721.249 721.249 0.0 107822.0278
735.391 735.391 0.0 107579.3892
749.533 749.533 0.0 107350.5645
763.675 763.675 0.0 107134.5986
777.817 777.817 0.0 106930.6182
791.96 791.96 0.0 106737.7983
806.102 806.102 0.0 106555.4414
820.244 820.244 0.0 106382.8384
834.386 834.386 0.0 106219.3628
848.528 848.528 0.0 106064.4165
862.67 862.67 0.0 105917.4746
876.812 876.812 0.0 105778.0269
890.955 890.955 0.0 105645.6030
905.097 905.097 0.0 105519.7988
919.239 919.239 0.0 105400.1899
933.381 933.381 0.0 105286.4160
947.523 947.523 0.0 105178.1292
961.665 961.665 0.0 105075.0061
975.807 975.807 0.0 104976.7544
989.949 989.949 0.0 104883.0874
1004.09 1004.09 0.0 104793.7532
1018.23 1018.23 0.0 104708.5083
1032.38 1032.38 0.0 104627.0645
1046.52 1046.52 0.0 104549.3198
1060.66 1060.66 0.0 104475.0249
1074.8 1074.8 0.0 104403.9885
1088.94 1088.94 0.0 104336.0364
1103.09 1103.09 0.0 104270.9629
1117.23 1117.23 0.0 104208.7065
1131.37 1131.37 0.0 104149.0759
1145.51 1145.51 0.0 104091.9375
1159.66 1159.66 0.0 104037.1208
1173.8 1173.8 0.0 103984.5938
1187.94 1187.94 0.0 103934.2000
1202.08 1202.08 0.0 103885.8337
1216.22 1216.22 0.0 103839.3962
1230.37 1230.37 0.0 103794.7627
1244.51 1244.51 0.0 103751.9053
1258.65 1258.65 0.0 103710.7144
1272.79 1272.79 0.0 103671.1086
1286.93 1286.93 0.0 103633.0115
1301.08 1301.08 0.0 103596.3284
1315.22 1315.22 0.0 103561.0464
1329.36 1329.36 0.0 103527.0776
1343.5 1343.5 0.0 103494.3574
1357.65 1357.65 0.0 103462.8113
1371.79 1371.79 0.0 103432.4314
1385.93 1385.93 0.0 103403.1406
1400.07 1400.07 0.0 103374.8992
1414.21 1414.21 0.0 103347.6527
1428.36 1428.36 0.0 103321.3453
1442.5 1442.5 0.0 103295.9701
1456.64 1456.64 0.0 103271.4706
1470.78 1470.78 0.0 103247.8101
1484.92 1484.92 0.0 103224.9539
1499.07 1499.07 0.0 103202.8529
1513.21 1513.21 0.0 103181.5067
1527.35 1527.35 0.0 103160.8699
1541.49 1541.49 0.0 103140.9121
1555.63 1555.63 0.0 103121.6074
1569.78 1569.78 0.0 103102.9170
1583.92 1583.92 0.0 103084.8383
1598.06 1598.06 0.0 103067.3416
1612.2 1612.2 0.0 103050.4001
1626.35 1626.35 0.0 103033.9806
1640.49 1640.49 0.0 103018.0850
1654.63 1654.63 0.0 103002.6855
1668.77 1668.77 0.0 102987.7589
1682.91 1682.91 0.0 102973.2883
1697.06 1697.06 0.0 102959.2504
1711.2 1711.2 0.0 102945.6453
1725.34 1725.34 0.0 102932.4484
1739.48 1739.48 0.0 102919.6436
1753.62 1753.62 0.0 102907.2174
1767.77 1767.77 0.0 102895.1490
1781.91 1781.91 0.0 102883.4391
1796.05 1796.05 0.0 102872.0717
1810.19 1810.19 0.0 102861.0276
1824.34 1824.34 0.0 102850.2922
1838.48 1838.48 0.0 102839.8719
1852.62 1852.62 0.0 102829.7437
1866.76 1866.76 0.0 102819.8998
1880.9 1880.9 0.0 102810.3295
1895.05 1895.05 0.0 102801.0166
1909.19 1909.19 0.0 102791.9678
1923.33 1923.33 0.0 102783.1672
1937.47 1937.47 0.0 102774.6034
1951.61 1951.61 0.0 102766.2697
1965.76 1965.76 0.0 102758.1532
1979.9 1979.9 0.0 102750.2622
1994.04 1994.04 0.0 102742.5769
2008.18 2008.18 0.0 102735.0948
2022.33 2022.33 0.0 102727.8041
2036.47 2036.47 0.0 102720.7065
2050.61 2050.61 0.0 102713.7924
2064.75 2064.75 0.0 102707.0562
2078.89 2078.89 0.0 102700.4901
2093.04 2093.04 0.0 102694.0884
2107.18 2107.18 0.0 102687.8514
2121.32 2121.32 0.0 102681.7721
2135.46 2135.46 0.0 102675.8430
2149.6 2149.6 0.0 102670.0621
2163.75 2163.75 0.0 102664.4189
2177.89 2177.89 0.0 102658.9196
2192.03 2192.03 0.0 102653.5522
2206.17 2206.17 0.0 102648.3156
2220.32 2220.32 0.0 102643.2007
2234.46 2234.46 0.0 102638.2139
2248.6 2248.6 0.0 102633.3450
2262.74 2262.74 0.0 102628.5928
2276.88 2276.88 0.0 102623.9514
2291.03 2291.03 0.0 102619.4154
2305.17 2305.17 0.0 102614.9894
2319.31 2319.31 0.0 102610.6671
2333.45 2333.45 0.0 102606.4430
2347.59 2347.59 0.0 102602.3180
2361.74 2361.74 0.0 102598.2839
2375.88 2375.88 0.0 102594.3448
2390.02 2390.02 0.0 102590.4939
2404.16 2404.16 0.0 102586.7312
2418.31 2418.31 0.0 102583.0497
2432.45 2432.45 0.0 102579.4534
2446.59 2446.59 0.0 102575.9368
2460.73 2460.73 0.0 102572.4977
2474.87 2474.87 0.0 102569.1362
2489.02 2489.02 0.0 102565.8466
2503.16 2503.16 0.0 102562.6288
2517.3 2517.3 0.0 102559.4832
2531.44 2531.44 0.0 102556.4062
2545.58 2545.58 0.0 102553.3954
2559.73 2559.73 0.0 102550.4458
2573.87 2573.87 0.0 102547.5625
2588.01 2588.01 0.0 102544.7418
2602.15 2602.15 0.0 102541.9810
2616.3 2616.3 0.0 102539.2762
2630.44 2630.44 0.0 102536.6312
2644.58 2644.58 0.0 102534.0409
2658.72 2658.72 0.0 102531.5066
2672.86 2672.86 0.0 102529.0242
2687.01 2687.01 0.0 102526.5928
2701.15 2701.15 0.0 102524.2119
2715.29 2715.29 0.0 102521.8818
2729.43 2729.43 0.0 102519.6008
2743.57 2743.57 0.0 102517.3661
2757.72 2757.72 0.0 102515.1766
2771.86 2771.86 0.0 102513.0330
2786.0 2786.0 0.0 102510.9325
2800.14 2800.14 0.0 102508.8761
2814.28 2814.28 0.0 102506.8602
2828.43 2828.43 0.0 102504.8866
2842.57 2842.57 0.0 102502.9535
2856.71 2856.71 0.0 102501.0598
2870.85 2870.85 0.0 102499.2040
2885.0 2885.0 0.0 102497.3839
2899.14 2899.14 0.0 102495.6018
2913.28 2913.28 0.0 102493.8566
2927.42 2927.42 0.0 102492.1466
2941.56 2941.56 0.0 102490.4691
2955.71 2955.71 0.0 102488.8262
2969.85 2969.85 0.0 102487.2173
2983.99 2983.99 0.0 102485.6398
2998.13 2998.13 0.0 102484.0942
3012.27 3012.27 0.0 102482.5796
3026.42 3026.42 0.0 102481.0938
3040.56 3040.56 0.0 102479.6403
3054.7 3054.7 0.0 102478.2155
3068.84 3068.84 0.0 102476.8176
3082.99 3082.99 0.0 102475.4482
3097.13 3097.13 0.0 102474.1071
3111.27 3111.27 0.0 102472.7924
3125.41 3125.41 0.0 102471.5042
3139.55 3139.55 0.0 102470.2428
3153.7 3153.7 0.0 102469.0040
3167.84 3167.84 0.0 102467.7927
3181.98 3181.98 0.0 102466.6044
3196.12 3196.12 0.0 102465.4402
3210.26 3210.26 0.0 102464.3005
3224.41 3224.41 0.0 102463.1832
3238.55 3238.55 0.0 102462.0875
3252.69 3252.69 0.0 102461.0149
3266.83 3266.83 0.0 102459.9651
3280.98 3280.98 0.0 102458.9368
3295.12 3295.12 0.0 102457.9272
3309.26 3309.26 0.0 102456.9403
3323.4 3323.4 0.0 102455.9712
3337.54 3337.54 0.0 102455.0251
3351.69 3351.69 0.0 102454.0961
3365.83 3365.83 0.0 102453.1903
3379.97 3379.97 0.0 102452.3009
3394.11 3394.11 0.0 102451.4287
3408.25 3408.25 0.0 102450.5760
3422.4 3422.4 0.0 102449.7407
3436.54 3436.54 0.0 102448.9236
3450.68 3450.68 0.0 102448.1246
3464.82 3464.82 0.0 102447.3413
3478.97 3478.97 0.0 102446.5756
3493.11 3493.11 0.0 102445.8264
3507.25 3507.25 0.0 102445.0938
3521.39 3521.39 0.0 102444.3766
3535.53 3535.53 0.0 102443.6764
3549.68 3549.68 0.0 102442.9890
3563.82 3563.82 0.0 102442.3177
3577.96 3577.96 0.0 102441.6635
3592.1 3592.1 0.0 102441.0220
3606.24 3606.24 0.0 102440.3961
3620.39 3620.39 0.0 102439.7844
3634.53 3634.53 0.0 102439.1874
3648.67 3648.67 0.0 102438.6030
3662.81 3662.81 0.0 102438.0336
3676.96 3676.96 0.0 102437.4763
3691.1 3691.1 0.0 102436.9320
3705.24 3705.24 0.0 102436.4017
3719.38 3719.38 0.0 102435.8848
3733.52 3733.52 0.0 102435.3804
3747.67 3747.67 0.0 102434.8883
3761.81 3761.81 0.0 102434.4087
3775.95 3775.95 0.0 102433.9409
3790.09 3790.09 0.0 102433.4845
3804.23 3804.23 0.0 102433.0419
3818.38 3818.38 0.0 102432.6094
3832.52 3832.52 0.0 102432.1887
3846.66 3846.66 0.0 102431.7805
3860.8 3860.8 0.0 102431.3828
3874.95 3874.95 0.0 102430.9943
3889.09 3889.09 0.0 102430.6190
3903.23 3903.23 0.0 102430.2539
3917.37 3917.37 0.0 102429.8989
3931.51 3931.51 0.0 102429.5568
3945.66 3945.66 0.0 102429.2230
3959.8 3959.8 0.0 102428.8984
3973.94 3973.94 0.0 102428.5865
3988.08 3988.08 0.0 102428.2826
4002.22 4002.22 0.0 102427.9897
4016.37 4016.37 0.0 102427.7050
4030.51 4030.51 0.0 102427.4312
4044.65 4044.65 0.0 102427.1674
4058.79 4058.79 0.0 102426.9121
4072.94 4072.94 0.0 102426.6648
4087.08 4087.08 0.0 102426.4286
4101.22 4101.22 0.0 102426.2012
4115.36 4115.36 0.0 102425.9814
4129.5 4129.5 0.0 102425.7722
4143.65 4143.65 0.0 102425.5702
4157.79 4157.79 0.0 102425.3777
4171.93 4171.93 0.0 102425.1942
4186.07 4186.07 0.0 102425.0190
4200.21 4200.21 0.0 102424.8508
4214.36 4214.36 0.0 102424.6920
4228.5 4228.5 0.0 102424.5420
4242.64 4242.64 0.0 102424.3989
