0.0 0.0 0.0 186055.0078
14.1421 14.1421 0.0 189517.0547
28.2843 28.2843 0.0 192928.8828
42.4264 42.4264 0.0 194952.5078
56.5685 56.5685 0.0 196382.8828
70.7107 70.7107 0.0 197478.1875
84.8528 84.8528 0.0 198356.1719
98.9949 98.9949 0.0 199081.1641
113.137 113.137 0.0 199692.0000
127.279 127.279 0.0 200214.2734
141.421 141.421 0.0 200665.4844
155.563 155.563 0.0 201058.4766
169.706 169.706 0.0 201402.7188
183.848 183.848 0.0 201705.4141
197.99 197.99 0.0 201972.2031
212.132 212.132 0.0 202207.7578
226.274 226.274 0.0 202415.7422
240.416 240.416 0.0 202599.1250
254.558 254.558 0.0 202760.5391
268.701 268.701 0.0 202902.0391
282.843 282.843 0.0 203025.4375
296.985 296.985 0.0 203132.2891
311.127 311.127 0.0 203223.9297
325.269 325.269 0.0 203301.5781
339.411 339.411 0.0 203366.1875
353.553 353.553 0.0 203418.7188
367.696 367.696 0.0 203459.9219
381.838 381.838 0.0 203490.5469
395.98 395.98 0.0 203511.1172
410.122 410.122 0.0 203522.3281
424.264 424.264 0.0 203524.5938
438.406 438.406 0.0 203518.4062
452.548 452.548 0.0 203504.2578
466.69 466.69 0.0 203482.4219
480.833 480.833 0.0 203453.3281
494.975 494.975 0.0 203417.1797
509.117 509.117 0.0 203374.3750
523.259 523.259 0.0 203325.1641
537.401 537.401 0.0 203269.7656
551.543 551.543 0.0 203208.4297
565.685 565.685 0.0 203141.3594
579.828 579.828 0.0 203068.7812
593.97 593.97 0.0 202990.8281
608.112 608.112 0.0 202907.6953
622.254 622.254 0.0 202819.5703
636.396 636.396 0.0 202726.5625
650.538 650.538 0.0 202628.8203
664.68 664.68 0.0 202526.5391
678.823 678.823 0.0 202419.7188
692.965 692.965 0.0 202308.6016
707.107 707.107 0.0 202193.2734
721.249 721.249 0.0 202073.7734
735.391 735.391 0.0 201950.2891
749.533 749.533 0.0 201822.8125
763.675 763.675 0.0 201691.5156
777.817 777.817 0.0 201556.5234
791.96 791.96 0.0 201417.7734
806.102 806.102 0.0 201275.4609
820.244 820.244 0.0 201129.6562
834.386 834.386 0.0 200980.4375
848.528 848.528 0.0 200827.8125
862.67 862.67 0.0 200671.8672
876.812 876.812 0.0 200512.6953
890.955 890.955 0.0 200350.3594
905.097 905.097 0.0 200184.8750
919.239 919.239 0.0 200016.3047
933.381 933.381 0.0 199844.7969
947.523 947.523 0.0 199670.3125
961.665 961.665 0.0 199492.9141
975.807 975.807 0.0 199312.7109
989.949 989.949 0.0 199129.6875
1004.09 1004.09 0.0 198943.9141
1018.23 1018.23 0.0 198755.4766
1032.38 1032.38 0.0 198564.1953
1046.52 1046.52 0.0 198370.4844
1060.66 1060.66 0.0 198174.1797
1074.8 1074.8 0.0 197975.3594
1088.94 1088.94 0.0 197774.0547
1103.09 1103.09 0.0 197570.1328
1117.23 1117.23 0.0 197363.9375
1131.37 1131.37 0.0 197155.3672
1145.51 1145.51 0.0 196944.4922
1159.66 1159.66 0.0 196731.1484
1173.8 1173.8 0.0 196515.6953
1187.94 1187.94 0.0 196298.0391
1202.08 1202.08 0.0 196078.1250
1216.22 1216.22 0.0 195856.0781
1230.37 1230.37 0.0 195631.7812
1244.51 1244.51 0.0 195405.5234
1258.65 1258.65 0.0 195177.1953
1272.79 1272.79 0.0 194946.8359
1286.93 1286.93 0.0 194714.4453
1301.08 1301.08 0.0 194479.9609
1315.22 1315.22 0.0 194243.7344
1329.36 1329.36 0.0 194005.5156
1343.5 1343.5 0.0 193765.4375
1357.65 1357.65 0.0 193523.3359
1371.79 1371.79 0.0 193279.6094
1385.93 1385.93 0.0 193034.0234
1400.07 1400.07 0.0 192786.7188
1414.21 1414.21 0.0 192537.6953
1428.36 1428.36 0.0 192286.6953
1442.5 1442.5 0.0 192034.2109
1456.64 1456.64 0.0 191780.1250
1470.78 1470.78 0.0 191524.3359
1484.92 1484.92 0.0 191266.9609
1499.07 1499.07 0.0 191007.7734
1513.21 1513.21 0.0 190747.2578
1527.35 1527.35 0.0 190485.1875
1541.49 1541.49 0.0 190221.6094
1555.63 1555.63 0.0 189956.5156
1569.78 1569.78 0.0 189689.7969
1583.92 1583.92 0.0 189421.8203
1598.06 1598.06 0.0 189152.3984
1612.2 1612.2 0.0 188881.6562
1626.35 1626.35 0.0 188609.2969
1640.49 1640.49 0.0 188335.7812
1654.63 1654.63 0.0 188060.9453
1668.77 1668.77 0.0 187784.8203
1682.91 1682.91 0.0 187507.4453
1697.06 1697.06 0.0 187228.5469
1711.2 1711.2 0.0 186948.6953
1725.34 1725.34 0.0 186667.6016
1739.48 1739.48 0.0 186385.3281
1753.62 1753.62 0.0 186101.8594
1767.77 1767.77 0.0 185817.0547
1781.91 1781.91 0.0 185531.3438
1796.05 1796.05 0.0 185244.5078
1810.19 1810.19 0.0 184956.6562
1824.34 1824.34 0.0 184667.4766
1838.48 1838.48 0.0 184377.5078
1852.62 1852.62 0.0 184086.5156
1866.76 1866.76 0.0 183794.5078
1880.9 1880.9 0.0 183501.5547
1895.05 1895.05 0.0 183207.4297
1909.19 1909.19 0.0 182912.5859
1923.33 1923.33 0.0 182616.8203
1937.47 1937.47 0.0 182320.1953
1951.61 1951.61 0.0 182022.6953
1965.76 1965.76 0.0 181724.1328
1979.9 1979.9 0.0 181424.9609
1994.04 1994.04 0.0 181124.9688
2008.18 2008.18 0.0 180824.2109
2022.33 2022.33 0.0 180522.4688
2036.47 2036.47 0.0 180220.1562
2050.61 2050.61 0.0 179917.1875
2064.75 2064.75 0.0 179613.4609
2078.89 2078.89 0.0 179309.0859
2093.04 2093.04 0.0 179003.8203
2107.18 2107.18 0.0 178698.1484
2121.32 2121.32 0.0 178391.7734
2135.46 2135.46 0.0 178084.8672
2149.6 2149.6 0.0 177777.3516
2163.75 2163.75 0.0 177469.0391
2177.89 2177.89 0.0 177160.4141
2192.03 2192.03 0.0 176851.2422
2206.17 2206.17 0.0 176541.6328
2220.32 2220.32 0.0 176231.2578
2234.46 2234.46 0.0 175920.6562
2248.6 2248.6 0.0 175609.6094
2262.74 2262.74 0.0 175298.0938
2276.88 2276.88 0.0 174986.2109
2291.03 2291.03 0.0 174673.7109
2305.17 2305.17 0.0 174361.0625
2319.31 2319.31 0.0 174048.0234
2333.45 2333.45 0.0 173734.6875
2347.59 2347.59 0.0 173421.0312
2361.74 2361.74 0.0 173106.8516
2375.88 2375.88 0.0 172792.6250
2390.02 2390.02 0.0 172478.1328
2404.16 2404.16 0.0 172163.3984
2418.31 2418.31 0.0 171848.2188
2432.45 2432.45 0.0 171533.0781
2446.59 2446.59 0.0 171217.7500
2460.73 2460.73 0.0 170902.2422
2474.87 2474.87 0.0 170586.5781
2489.02 2489.02 0.0 170270.5781
2503.16 2503.16 0.0 169954.6797
2517.3 2517.3 0.0 169638.7188
2531.44 2531.44 0.0 169322.6719
2545.58 2545.58 0.0 169006.5547
2559.73 2559.73 0.0 168690.1562
2573.87 2573.87 0.0 168374.0234
2588.01 2588.01 0.0 168057.8438
2602.15 2602.15 0.0 167741.7031
2616.3 2616.3 0.0 167425.3438
2630.44 2630.44 0.0 167109.2656
2644.58 2644.58 0.0 166793.2578
2658.72 2658.72 0.0 166477.3164
2672.86 2672.86 0.0 166161.5039
2687.01 2687.01 0.0 165845.5977
2701.15 2701.15 0.0 165530.0508
2715.29 2715.29 0.0 165214.6367
2729.43 2729.43 0.0 164899.4336
2743.57 2743.57 0.0 164584.3711
2757.72 2757.72 0.0 164269.2930
2771.86 2771.86 0.0 163954.6836
2786.0 2786.0 0.0 163640.2969
2800.14 2800.14 0.0 163326.1641
2814.28 2814.28 0.0 163012.3203
2828.43 2828.43 0.0 162698.5586
2842.57 2842.57 0.0 162385.2930
2856.71 2856.71 0.0 162072.3594
2870.85 2870.85 0.0 161759.7773
2885.0 2885.0 0.0 161447.3008
2899.14 2899.14 0.0 161135.4453
2913.28 2913.28 0.0 160823.9336
2927.42 2927.42 0.0 160512.8477
2941.56 2941.56 0.0 160202.1953
2955.71 2955.71 0.0 159891.7305
2969.85 2969.85 0.0 159581.9648
2983.99 2983.99 0.0 159272.6328
2998.13 2998.13 0.0 158963.7773
3012.27 3012.27 0.0 158655.4453
3026.42 3026.42 0.0 158347.3945
3040.56 3040.56 0.0 158040.0586
3054.7 3054.7 0.0 157733.2891
3068.84 3068.84 0.0 157427.0859
3082.99 3082.99 0.0 157121.2383
3097.13 3097.13 0.0 156816.1680
3111.27 3111.27 0.0 156511.7188
3125.41 3125.41 0.0 156207.8672
3139.55 3139.55 0.0 155904.6445
3153.7 3153.7 0.0 155601.8477
3167.84 3167.84 0.0 155299.9258
3181.98 3181.98 0.0 154998.6680
3196.12 3196.12 0.0 154698.1406
3210.26 3210.26 0.0 154398.2695
3224.41 3224.41 0.0 154098.8984
3238.55 3238.55 0.0 153800.4805
3252.69 3252.69 0.0 153502.7969
3266.83 3266.83 0.0 153205.8555
3280.98 3280.98 0.0 152909.4766
3295.12 3295.12 0.0 152614.0898
3309.26 3309.26 0.0 152319.5156
3323.4 3323.4 0.0 152025.7148
3337.54 3337.54 0.0 151732.7539
3351.69 3351.69 0.0 151440.4219
3365.83 3365.83 0.0 151149.1211
3379.97 3379.97 0.0 150858.7031
3394.11 3394.11 0.0 150569.1250
3408.25 3408.25 0.0 150280.4453
3422.4 3422.4 0.0 149992.4609
3436.54 3436.54 0.0 149705.5781
3450.68 3450.68 0.0 149419.6172
3464.82 3464.82 0.0 149134.5977
3478.97 3478.97 0.0 148850.3047
3493.11 3493.11 0.0 148567.1836
3507.25 3507.25 0.0 148284.9961
3521.39 3521.39 0.0 148003.8047
3535.53 3535.53 0.0 147723.6172
3549.68 3549.68 0.0 147444.2227
3563.82 3563.82 0.0 147166.0078
3577.96 3577.96 0.0 146888.8672
3592.1 3592.1 0.0 146612.7305
3606.24 3606.24 0.0 146337.6250
3620.39 3620.39 0.0 146063.4023
3634.53 3634.53 0.0 145790.4141
3648.67 3648.67 0.0 145518.5195
3662.81 3662.81 0.0 145247.7227
3676.96 3676.96 0.0 144977.8125
3691.1 3691.1 0.0 144709.2109
3705.24 3705.24 0.0 144441.7070
3719.38 3719.38 0.0 144175.3516
3733.52 3733.52 0.0 143910.1133
3747.67 3747.67 0.0 143645.8477
3761.81 3761.81 0.0 143382.8984
3775.95 3775.95 0.0 143121.1406
3790.09 3790.09 0.0 142860.5352
3804.23 3804.23 0.0 142601.1406
3818.38 3818.38 0.0 142342.7266
3832.52 3832.52 0.0 142085.7188
3846.66 3846.66 0.0 141829.9180
3860.8 3860.8 0.0 141575.3242
3874.95 3874.95 0.0 141321.7695
3889.09 3889.09 0.0 141069.6172
3903.23 3903.23 0.0 140818.7383
3917.37 3917.37 0.0 140569.1094
3931.51 3931.51 0.0 140320.7461
3945.66 3945.66 0.0 140073.4531
3959.8 3959.8 0.0 139827.6094
3973.94 3973.94 0.0 139583.0625
3988.08 3988.08 0.0 139339.7969
4002.22 4002.22 0.0 139097.8398
4016.37 4016.37 0.0 138856.9961
4030.51 4030.51 0.0 138617.6562
4044.65 4044.65 0.0 138379.6211
4058.79 4058.79 0.0 138142.9102
4072.94 4072.94 0.0 137907.3516
4087.08 4087.08 0.0 137673.3359
4101.22 4101.22 0.0 137440.6367
4115.36 4115.36 0.0 137209.3047
4129.5 4129.5 0.0 136979.3008
4143.65 4143.65 0.0 136750.5273
4157.79 4157.79 0.0 136523.2812
4171.93 4171.93 0.0 136297.3945
4186.07 4186.07 0.0 136072.8789
4200.21 4200.21 0.0 135849.7773
4214.36 4214.36 0.0 135627.9062
4228.5 4228.5 0.0 135407.5742
4242.64 4242.64 0.0 135188.6602
4256.78 4256.78 0.0 134971.1367
4270.92 4270.92 0.0 134755.0273
4285.07 4285.07 0.0 134540.1680
4299.21 4299.21 0.0 134326.9023
4313.35 4313.35 0.0 134115.0469
4327.49 4327.49 0.0 133904.6152
4341.64 4341.64 0.0 133695.4629
4355.78 4355.78 0.0 133487.9082
4369.92 4369.92 0.0 133281.7852
4384.06 4384.06 0.0 133077.0918
4398.2 4398.2 0.0 132873.8652
4412.35 4412.35 0.0 132671.9238
4426.49 4426.49 0.0 132471.5879
4440.63 4440.63 0.0 132272.6953
4454.77 4454.77 0.0 132075.2656
4468.91 4468.91 0.0 131879.3086
4483.06 4483.06 0.0 131684.6445
4497.2 4497.2 0.0 131491.5977
4511.34 4511.34 0.0 131300.0312
4525.48 4525.48 0.0 131109.8926
4539.63 4539.63 0.0 130921.1094
4553.77 4553.77 0.0 130733.9297
4567.91 4567.91 0.0 130548.2109
4582.05 4582.05 0.0 130363.9648
4596.19 4596.19 0.0 130181.2031
4610.34 4610.34 0.0 129999.7793
4624.48 4624.48 0.0 129819.9492
4638.62 4638.62 0.0 129641.5996
4652.76 4652.76 0.0 129464.7109
4666.9 4666.9 0.0 129289.3203
4681.05 4681.05 0.0 129115.2676
4695.19 4695.19 0.0 128942.8184
4709.33 4709.33 0.0 128771.8066
4723.47 4723.47 0.0 128602.2988
4737.62 4737.62 0.0 128434.1543
4751.76 4751.76 0.0 128267.5645
4765.9 4765.9 0.0 128102.4629
4780.04 4780.04 0.0 127938.8320
4794.18 4794.18 0.0 127776.6445
4808.33 4808.33 0.0 127615.8203
4822.47 4822.47 0.0 127456.5684
4836.61 4836.61 0.0 127298.7812
4850.75 4850.75 0.0 127142.4395
4864.89 4864.89 0.0 126987.5586
4879.04 4879.04 0.0 126834.0215
4893.18 4893.18 0.0 126682.0391
4907.32 4907.32 0.0 126531.5195
4921.46 4921.46 0.0 126382.4004
4935.61 4935.61 0.0 126234.6660
4949.75 4949.75 0.0 126088.4297
4963.89 4963.89 0.0 125943.6426
4978.03 4978.03 0.0 125800.2754
4992.17 4992.17 0.0 125658.3223
5006.32 5006.32 0.0 125517.7012
5020.46 5020.46 0.0 125378.6035
5034.6 5034.6 0.0 125240.9043
5048.74 5048.74 0.0 125104.6094
5062.88 5062.88 0.0 124969.7090
5077.03 5077.03 0.0 124836.1152
5091.17 5091.17 0.0 124704.0020
5105.31 5105.31 0.0 124573.2754
5119.45 5119.45 0.0 124443.9141
5133.6 5133.6 0.0 124315.8398
5147.74 5147.74 0.0 124189.2207
5161.88 5161.88 0.0 124063.9746
5176.02 5176.02 0.0 123940.0820
5190.16 5190.16 0.0 123817.5254
5204.31 5204.31 0.0 123696.2246
5218.45 5218.45 0.0 123576.3418
5232.59 5232.59 0.0 123457.8066
5246.73 5246.73 0.0 123340.5703
5260.87 5260.87 0.0 123224.6504
5275.02 5275.02 0.0 123109.9453
5289.16 5289.16 0.0 122996.6250
5303.3 5303.3 0.0 122884.5996
5317.44 5317.44 0.0 122773.8516
5331.59 5331.59 0.0 122664.3027
5345.73 5345.73 0.0 122556.1055
5359.87 5359.87 0.0 122449.1660
5374.01 5374.01 0.0 122343.4688
5388.15 5388.15 0.0 122239.0195
5402.3 5402.3 0.0 122135.7266
5416.44 5416.44 0.0 122033.7344
5430.58 5430.58 0.0 121932.9531
5444.72 5444.72 0.0 121833.3887
5458.86 5458.86 0.0 121735.0254
5473.01 5473.01 0.0 121637.7734
5487.15 5487.15 0.0 121541.7715
5501.29 5501.29 0.0 121446.9355
5515.43 5515.43 0.0 121353.2754
5529.58 5529.58 0.0 121260.6875
5543.72 5543.72 0.0 121169.3184
5557.86 5557.86 0.0 121079.0801
5572.0 5572.0 0.0 120989.9668
5586.14 5586.14 0.0 120901.9766
5600.29 5600.29 0.0 120815.0176
5614.43 5614.43 0.0 120729.2266
5628.57 5628.57 0.0 120644.5039
5642.71 5642.71 0.0 120560.8652
5656.85 5656.85 0.0 120478.3008
5671.0 5671.0 0.0 120396.7148
5685.14 5685.14 0.0 120316.2402
5699.28 5699.28 0.0 120236.8027
5713.42 5713.42 0.0 120158.3926
5727.56 5727.56 0.0 120080.9883
5741.71 5741.71 0.0 120004.5273
5755.85 5755.85 0.0 119929.1328
5769.99 5769.99 0.0 119854.7207
5784.13 5784.13 0.0 119781.2637
5798.28 5798.28 0.0 119708.7285
5812.42 5812.42 0.0 119637.1934
5826.56 5826.56 0.0 119566.6094
5840.7 5840.7 0.0 119496.9355
5854.84 5854.84 0.0 119428.2031
5868.99 5868.99 0.0 119360.3203
5883.13 5883.13 0.0 119293.3691
5897.27 5897.27 0.0 119227.3320
5911.41 5911.41 0.0 119162.1602
5925.55 5925.55 0.0 119097.8711
5939.7 5939.7 0.0 119034.3711
5953.84 5953.84 0.0 118971.7793
5967.98 5967.98 0.0 118909.9980
5982.12 5982.12 0.0 118849.0527
5996.27 5996.27 0.0 118788.8926
6010.41 6010.41 0.0 118729.5723
6024.55 6024.55 0.0 118671.0430
6038.69 6038.69 0.0 118613.3047
6052.83 6052.83 0.0 118556.3262
6066.98 6066.98 0.0 118500.0801
6081.12 6081.12 0.0 118444.6133
6095.26 6095.26 0.0 118389.8945
6109.4 6109.4 0.0 118335.8984
6123.54 6123.54 0.0 118282.6250
6137.69 6137.69 0.0 118230.0234
6151.83 6151.83 0.0 118178.1680
6165.97 6165.97 0.0 118127.0000
6180.11 6180.11 0.0 118076.5059
6194.26 6194.26 0.0 118026.6602
6208.4 6208.4 0.0 117977.4863
6222.54 6222.54 0.0 117928.9785
6236.68 6236.68 0.0 117881.1055
6250.82 6250.82 0.0 117833.8574
6264.97 6264.97 0.0 117787.1797
6279.11 6279.11 0.0 117741.1699
6293.25 6293.25 0.0 117695.7510
6307.39 6307.39 0.0 117650.9170
6321.53 6321.53 0.0 117606.6719
6335.68 6335.68 0.0 117562.9590
6349.82 6349.82 0.0 117519.8369
6363.96 6363.96 0.0 117477.2793
6378.1 6378.1 0.0 117435.2529
6392.25 6392.25 0.0 117393.7266
6406.39 6406.39 0.0 117352.7578
6420.53 6420.53 0.0 117312.3047
6434.67 6434.67 0.0 117272.3564
6448.81 6448.81 0.0 117232.9062
6462.96 6462.96 0.0 117193.9189
6477.1 6477.1 0.0 117155.4297
6491.24 6491.24 0.0 117117.4072
6505.38 6505.38 0.0 117079.8584
6519.52 6519.52 0.0 117042.7520
6533.67 6533.67 0.0 117006.0654
6547.81 6547.81 0.0 116969.8428
6561.95 6561.95 0.0 116934.0449
6576.09 6576.09 0.0 116898.6650
6590.24 6590.24 0.0 116863.6738
6604.38 6604.38 0.0 116829.1055
6618.52 6618.52 0.0 116794.9287
6632.66 6632.66 0.0 116761.1475
6646.8 6646.8 0.0 116727.7305
6660.95 6660.95 0.0 116694.6768
6675.09 6675.09 0.0 116661.9990
6689.23 6689.23 0.0 116629.6787
6703.37 6703.37 0.0 116597.7012
6717.51 6717.51 0.0 116566.0703
6731.66 6731.66 0.0 116534.7432
6745.8 6745.8 0.0 116503.7734
6759.94 6759.94 0.0 116473.1104
6774.08 6774.08 0.0 116442.7676
6788.23 6788.23 0.0 116412.7051
6802.37 6802.37 0.0 116382.9590
6816.51 6816.51 0.0 116353.4990
6830.65 6830.65 0.0 116324.3086
6844.79 6844.79 0.0 116295.4229
6858.94 6858.94 0.0 116266.7686
6873.08 6873.08 0.0 116238.4092
6887.22 6887.22 0.0 116210.2930
6901.36 6901.36 0.0 116182.4473
6915.5 6915.5 0.0 116154.8232
6929.65 6929.65 0.0 116127.4307
6943.79 6943.79 0.0 116100.2783
6957.93 6957.93 0.0 116073.3701
6972.07 6972.07 0.0 116046.6699
6986.21 6986.21 0.0 116020.1875
7000.36 7000.36 0.0 115993.8887
7014.5 7014.5 0.0 115967.8105
7028.64 7028.64 0.0 115941.9453
7042.78 7042.78 0.0 115916.2490
7056.93 7056.93 0.0 115890.7344
7071.07 7071.07 0.0 115865.4297
7085.21 7085.21 0.0 115840.2734
7099.35 7099.35 0.0 115815.3027
7113.49 7113.49 0.0 115790.5059
7127.64 7127.64 0.0 115765.8330
7141.78 7141.78 0.0 115741.3379
7155.92 7155.92 0.0 115717.0068
7170.06 7170.06 0.0 115692.7988
7184.2 7184.2 0.0 115668.7461
7198.35 7198.35 0.0 115644.8213
7212.49 7212.49 0.0 115621.0254
7226.63 7226.63 0.0 115597.3672
7240.77 7240.77 0.0 115573.8311
7254.92 7254.92 0.0 115550.4014
7269.06 7269.06 0.0 115527.0957
7283.2 7283.2 0.0 115503.8965
7297.34 7297.34 0.0 115480.8145
7311.48 7311.48 0.0 115457.8291
7325.63 7325.63 0.0 115434.9287
7339.77 7339.77 0.0 115412.1250
7353.91 7353.91 0.0 115389.4248
7368.05 7368.05 0.0 115366.8076
7382.19 7382.19 0.0 115344.2734
7396.34 7396.34 0.0 115321.8066
7410.48 7410.48 0.0 115299.4229
7424.62 7424.62 0.0 115277.1211
7438.76 7438.76 0.0 115254.8682
7452.91 7452.91 0.0 115232.6953
7467.05 7467.05 0.0 115210.5781
7481.19 7481.19 0.0 115188.5283
7495.33 7495.33 0.0 115166.5264
7509.47 7509.47 0.0 115144.5918
7523.62 7523.62 0.0 115122.6855
7537.76 7537.76 0.0 115100.8262
7551.9 7551.9 0.0 115079.0146
7566.04 7566.04 0.0 115057.2646
7580.18 7580.18 0.0 115035.5410
7594.33 7594.33 0.0 115013.8379
7608.47 7608.47 0.0 114992.1777
7622.61 7622.61 0.0 114970.5557
7636.75 7636.75 0.0 114948.9561
7650.9 7650.9 0.0 114927.3643
7665.04 7665.04 0.0 114905.8125
7679.18 7679.18 0.0 114884.2686
7693.32 7693.32 0.0 114862.7666
7707.46 7707.46 0.0 114841.2588
7721.61 7721.61 0.0 114819.7598
7735.75 7735.75 0.0 114798.2754
7749.89 7749.89 0.0 114776.8115
7764.03 7764.03 0.0 114755.3574
7778.17 7778.17 0.0 114733.8994
