0.0 0.0 0.0 341759.3750
14.1421 14.1421 0.0 327868.8594
28.2843 28.2843 0.0 328567.8750
42.4264 42.4264 0.0 329748.7188
56.5685 56.5685 0.0 330943.8750
70.7107 70.7107 0.0 332006.2344
84.8528 84.8528 0.0 332886.7031
98.9949 98.9949 0.0 333572.2969
113.137 113.137 0.0 334064.5000
127.279 127.279 0.0 334371.5156
141.421 141.421 0.0 334504.0625
155.563 155.563 0.0 334473.2812
169.706 169.706 0.0 334290.3906
183.848 183.848 0.0 333966.8125
197.99 197.99 0.0 333512.7500
212.132 212.132 0.0 332937.8594
226.274 226.274 0.0 332251.1406
240.416 240.416 0.0 331461.8906
254.558 254.558 0.0 330577.1094
268.701 268.701 0.0 329604.4844
282.843 282.843 0.0 328551.0156
296.985 296.985 0.0 327422.8438
311.127 311.127 0.0 326225.8281
325.269 325.269 0.0 324965.5625
339.411 339.411 0.0 323647.1250
353.553 353.553 0.0 322275.2031
367.696 367.696 0.0 320854.3594
381.838 381.838 0.0 319388.5938
395.98 395.98 0.0 317881.8281
410.122 410.122 0.0 316337.6875
424.264 424.264 0.0 314759.6719
438.406 438.406 0.0 313150.7812
452.548 452.548 0.0 311514.1562
466.69 466.69 0.0 309852.3125
480.833 480.833 0.0 308167.9375
494.975 494.975 0.0 306463.8594
509.117 509.117 0.0 304741.9688
523.259 523.259 0.0 303004.7500
537.401 537.401 0.0 301254.0000
551.543 551.543 0.0 299491.8125
565.685 565.685 0.0 297719.8906
579.828 579.828 0.0 295939.8125
593.97 593.97 0.0 294153.5156
608.112 608.112 0.0 292362.4688
622.254 622.254 0.0 290568.0312
636.396 636.396 0.0 288771.4531
650.538 650.538 0.0 286974.2344
664.68 664.68 0.0 285177.5000
678.823 678.823 0.0 283382.1094
692.965 692.965 0.0 281589.7969
707.107 707.107 0.0 279801.1719
721.249 721.249 0.0 278017.3281
735.391 735.391 0.0 276239.0781
749.533 749.533 0.0 274467.5000
763.675 763.675 0.0 272703.2500
777.817 777.817 0.0 270947.2656
791.96 791.96 0.0 269200.0781
806.102 806.102 0.0 267462.6562
820.244 820.244 0.0 265735.6250
834.386 834.386 0.0 264019.4219
848.528 848.528 0.0 262315.0625
862.67 862.67 0.0 260622.7500
876.812 876.812 0.0 258943.0781
890.955 890.955 0.0 257276.6719
905.097 905.097 0.0 255624.0781
919.239 919.239 0.0 253985.6250
933.381 933.381 0.0 252361.7344
947.523 947.523 0.0 250752.9531
961.665 961.665 0.0 249159.5312
975.807 975.807 0.0 247581.9375
989.949 989.949 0.0 246020.4062
1004.09 1004.09 0.0 244475.3594
1018.23 1018.23 0.0 242947.1719
1032.38 1032.38 0.0 241434.7969
1046.52 1046.52 0.0 239940.7812
1060.66 1060.66 0.0 238464.2188
1074.8 1074.8 0.0 237005.1406
1088.94 1088.94 0.0 235563.9062
1103.09 1103.09 0.0 234139.6094
1117.23 1117.23 0.0 232734.3125
1131.37 1131.37 0.0 231347.3359
1145.51 1145.51 0.0 229978.5547
1159.66 1159.66 0.0 228627.1875
1173.8 1173.8 0.0 227295.2031
1187.94 1187.94 0.0 225981.5547
1202.08 1202.08 0.0 224686.4219
1216.22 1216.22 0.0 223409.6562
1230.37 1230.37 0.0 222150.4141
1244.51 1244.51 0.0 220910.4141
1258.65 1258.65 0.0 219688.7109
1272.79 1272.79 0.0 218485.1719
1286.93 1286.93 0.0 217299.7344
1301.08 1301.08 0.0 216131.4297
1315.22 1315.22 0.0 214981.7969
1329.36 1329.36 0.0 213849.8594
1343.5 1343.5 0.0 212735.4375
1357.65 1357.65 0.0 211637.5469
1371.79 1371.79 0.0 210557.5781
1385.93 1385.93 0.0 209494.4688
1400.07 1400.07 0.0 208448.0938
1414.21 1414.21 0.0 207418.1250
1428.36 1428.36 0.0 206403.6562
1442.5 1442.5 0.0 205405.7969
1456.64 1456.64 0.0 204423.5781
1470.78 1470.78 0.0 203456.7578
1484.92 1484.92 0.0 202505.0234
1499.07 1499.07 0.0 201567.4141
1513.21 1513.21 0.0 200644.8750
1527.35 1527.35 0.0 199736.5469
1541.49 1541.49 0.0 198842.0312
1555.63 1555.63 0.0 197961.0234
1569.78 1569.78 0.0 197092.5938
1583.92 1583.92 0.0 196237.6406
1598.06 1598.06 0.0 195395.2266
1612.2 1612.2 0.0 194564.9297
1626.35 1626.35 0.0 193745.9531
1640.49 1640.49 0.0 192939.1094
1654.63 1654.63 0.0 192143.4375
1668.77 1668.77 0.0 191358.6094
1682.91 1682.91 0.0 190584.3281
1697.06 1697.06 0.0 189819.7109
1711.2 1711.2 0.0 189065.5625
1725.34 1725.34 0.0 188320.9375
1739.48 1739.48 0.0 187585.6094
1753.62 1753.62 0.0 186859.2422
1767.77 1767.77 0.0 186141.0547
1781.91 1781.91 0.0 185431.7344
1796.05 1796.05 0.0 184730.5078
1810.19 1810.19 0.0 184037.1094
1824.34 1824.34 0.0 183350.7734
1838.48 1838.48 0.0 182672.2578
1852.62 1852.62 0.0 182000.6797
1866.76 1866.76 0.0 181335.9766
1880.9 1880.9 0.0 180677.7969
1895.05 1895.05 0.0 180025.5078
1909.19 1909.19 0.0 179379.8359
1923.33 1923.33 0.0 178740.0469
1937.47 1937.47 0.0 178105.9844
1951.61 1951.61 0.0 177477.4688
1965.76 1965.76 0.0 176853.8281
1979.9 1979.9 0.0 176235.8594
1994.04 1994.04 0.0 175622.8906
2008.18 2008.18 0.0 175014.8125
2022.33 2022.33 0.0 174411.0859
2036.47 2036.47 0.0 173812.3047
2050.61 2050.61 0.0 173218.0547
2064.75 2064.75 0.0 172628.1328
2078.89 2078.89 0.0 172042.4609
2093.04 2093.04 0.0 171460.5547
2107.18 2107.18 0.0 170883.1094
2121.32 2121.32 0.0 170309.6016
2135.46 2135.46 0.0 169740.0391
2149.6 2149.6 0.0 169174.2500
2163.75 2163.75 0.0 168611.8438
2177.89 2177.89 0.0 168053.5391
2192.03 2192.03 0.0 167498.8594
2206.17 2206.17 0.0 166947.8047
2220.32 2220.32 0.0 166399.8984
2234.46 2234.46 0.0 165855.9297
2248.6 2248.6 0.0 165315.4453
2262.74 2262.74 0.0 164778.3906
2276.88 2276.88 0.0 164244.8086
2291.03 2291.03 0.0 163714.3047
2305.17 2305.17 0.0 163187.5664
2319.31 2319.31 0.0 162664.2031
2333.45 2333.45 0.0 162144.2656
2347.59 2347.59 0.0 161627.7031
2361.74 2361.74 0.0 161114.1875
2375.88 2375.88 0.0 160604.4336
2390.02 2390.02 0.0 160098.0664
2404.16 2404.16 0.0 159595.0820
2418.31 2418.31 0.0 159095.1914
2432.45 2432.45 0.0 158599.0156
2446.59 2446.59 0.0 158106.3359
2460.73 2460.73 0.0 157617.0508
2474.87 2474.87 0.0 157131.2266
2489.02 2489.02 0.0 156648.5312
2503.16 2503.16 0.0 156169.6797
2517.3 2517.3 0.0 155694.2969
2531.44 2531.44 0.0 155222.4492
2545.58 2545.58 0.0 154754.1172
2559.73 2559.73 0.0 154289.0039
2573.87 2573.87 0.0 153827.8047
2588.01 2588.01 0.0 153370.1406
2602.15 2602.15 0.0 152916.0977
2616.3 2616.3 0.0 152465.3359
2630.44 2630.44 0.0 152018.4805
2644.58 2644.58 0.0 151575.3086
2658.72 2658.72 0.0 151135.7852
2672.86 2672.86 0.0 150699.9297
2687.01 2687.01 0.0 150267.4258
2701.15 2701.15 0.0 149838.9297
2715.29 2715.29 0.0 149414.1328
2729.43 2729.43 0.0 148993.0312
2743.57 2743.57 0.0 148575.6445
2757.72 2757.72 0.0 148161.7070
2771.86 2771.86 0.0 147751.7969
2786.0 2786.0 0.0 147345.6172
2800.14 2800.14 0.0 146943.1641
2814.28 2814.28 0.0 146544.4805
2828.43 2828.43 0.0 146149.2695
2842.57 2842.57 0.0 145758.0742
2856.71 2856.71 0.0 145370.6289
2870.85 2870.85 0.0 144986.9180
2885.0 2885.0 0.0 144606.7227
2899.14 2899.14 0.0 144230.5273
2913.28 2913.28 0.0 143858.0508
2927.42 2927.42 0.0 143489.3242
2941.56 2941.56 0.0 143124.3164
2955.71 2955.71 0.0 142762.7734
2969.85 2969.85 0.0 142405.2188
2983.99 2983.99 0.0 142051.3438
2998.13 2998.13 0.0 141701.1602
3012.27 3012.27 0.0 141354.6367
3026.42 3026.42 0.0 141011.5938
3040.56 3040.56 0.0 140672.3984
3054.7 3054.7 0.0 140336.8516
3068.84 3068.84 0.0 140004.9258
3082.99 3082.99 0.0 139676.3594
3097.13 3097.13 0.0 139351.6445
3111.27 3111.27 0.0 139030.4648
3125.41 3125.41 0.0 138712.8594
3139.55 3139.55 0.0 138398.7500
3153.7 3153.7 0.0 138087.9453
3167.84 3167.84 0.0 137780.8516
3181.98 3181.98 0.0 137477.2305
3196.12 3196.12 0.0 137177.0312
3210.26 3210.26 0.0 136880.2383
3224.41 3224.41 0.0 136586.6562
3238.55 3238.55 0.0 136296.6562
3252.69 3252.69 0.0 136009.9688
3266.83 3266.83 0.0 135726.6211
3280.98 3280.98 0.0 135446.3555
3295.12 3295.12 0.0 135169.5625
3309.26 3309.26 0.0 134896.0078
3323.4 3323.4 0.0 134625.6719
3337.54 3337.54 0.0 134358.5000
3351.69 3351.69 0.0 134094.2852
3365.83 3365.83 0.0 133833.3926
3379.97 3379.97 0.0 133575.5977
3394.11 3394.11 0.0 133320.8730
3408.25 3408.25 0.0 133069.1641
3422.4 3422.4 0.0 132820.2871
3436.54 3436.54 0.0 132574.5918
3450.68 3450.68 0.0 132331.8164
3464.82 3464.82 0.0 132091.9844
3478.97 3478.97 0.0 131854.8301
3493.11 3493.11 0.0 131620.7324
3507.25 3507.25 0.0 131389.4512
3521.39 3521.39 0.0 131160.9609
3535.53 3535.53 0.0 130935.2266
3549.68 3549.68 0.0 130712.0820
3563.82 3563.82 0.0 130491.7793
3577.96 3577.96 0.0 130274.1562
3592.1 3592.1 0.0 130059.1816
3606.24 3606.24 0.0 129846.7988
3620.39 3620.39 0.0 129636.8496
3634.53 3634.53 0.0 129429.6055
3648.67 3648.67 0.0 129224.8750
3662.81 3662.81 0.0 129022.6367
3676.96 3676.96 0.0 128822.7051
3691.1 3691.1 0.0 128625.3457
3705.24 3705.24 0.0 128430.3730
3719.38 3719.38 0.0 128237.7871
3733.52 3733.52 0.0 128047.5137
3747.67 3747.67 0.0 127859.4141
3761.81 3761.81 0.0 127673.7520
3775.95 3775.95 0.0 127490.3203
3790.09 3790.09 0.0 127309.1016
3804.23 3804.23 0.0 127130.0957
3818.38 3818.38 0.0 126953.0957
3832.52 3832.52 0.0 126778.3691
3846.66 3846.66 0.0 126605.7578
3860.8 3860.8 0.0 126435.1992
3874.95 3874.95 0.0 126266.5703
3889.09 3889.09 0.0 126100.1113
3903.23 3903.23 0.0 125935.6250
3917.37 3917.37 0.0 125773.0977
3931.51 3931.51 0.0 125612.5352
3945.66 3945.66 0.0 125453.7773
3959.8 3959.8 0.0 125296.9746
3973.94 3973.94 0.0 125142.0664
3988.08 3988.08 0.0 124988.9902
4002.22 4002.22 0.0 124837.7148
4016.37 4016.37 0.0 124688.1309
4030.51 4030.51 0.0 124540.3906
4044.65 4044.65 0.0 124394.4160
4058.79 4058.79 0.0 124250.1289
4072.94 4072.94 0.0 124107.4355
4087.08 4087.08 0.0 123966.4961
4101.22 4101.22 0.0 123827.2148
4115.36 4115.36 0.0 123689.5273
4129.5 4129.5 0.0 123553.4434
4143.65 4143.65 0.0 123418.8398
4157.79 4157.79 0.0 123285.8691
4171.93 4171.93 0.0 123154.4180
4186.07 4186.07 0.0 123024.4941
4200.21 4200.21 0.0 122896.0352
4214.36 4214.36 0.0 122768.9355
4228.5 4228.5 0.0 122643.4004
4242.64 4242.64 0.0 122519.2441
4256.78 4256.78 0.0 122396.5254
4270.92 4270.92 0.0 122275.1543
4285.07 4285.07 0.0 122155.0664
4299.21 4299.21 0.0 122036.4062
4313.35 4313.35 0.0 121919.0645
4327.49 4327.49 0.0 121803.0195
4341.64 4341.64 0.0 121688.1719
4355.78 4355.78 0.0 121574.6738
4369.92 4369.92 0.0 121462.4121
4384.06 4384.06 0.0 121351.3965
4398.2 4398.2 0.0 121241.5625
4412.35 4412.35 0.0 121132.8613
4426.49 4426.49 0.0 121025.4004
4440.63 4440.63 0.0 120919.1094
4454.77 4454.77 0.0 120813.9590
4468.91 4468.91 0.0 120709.9180
4483.06 4483.06 0.0 120606.9180
4497.2 4497.2 0.0 120505.0742
4511.34 4511.34 0.0 120404.3164
4525.48 4525.48 0.0 120304.6230
4539.63 4539.63 0.0 120205.8926
4553.77 4553.77 0.0 120108.2656
4567.91 4567.91 0.0 120011.6602
4582.05 4582.05 0.0 119916.0547
4596.19 4596.19 0.0 119821.4258
4610.34 4610.34 0.0 119727.7109
4624.48 4624.48 0.0 119635.0117
4638.62 4638.62 0.0 119543.2637
4652.76 4652.76 0.0 119452.4531
4666.9 4666.9 0.0 119362.5449
4681.05 4681.05 0.0 119273.4844
4695.19 4695.19 0.0 119185.3926
4709.33 4709.33 0.0 119098.1484
4723.47 4723.47 0.0 119011.7930
4737.62 4737.62 0.0 118926.2305
4751.76 4751.76 0.0 118841.5742
4765.9 4765.9 0.0 118757.7227
4780.04 4780.04 0.0 118674.7090
4794.18 4794.18 0.0 118592.5078
4808.33 4808.33 0.0 118511.0371
4822.47 4822.47 0.0 118430.4141
4836.61 4836.61 0.0 118350.5605
4850.75 4850.75 0.0 118271.4707
4864.89 4864.89 0.0 118193.1270
4879.04 4879.04 0.0 118115.4824
4893.18 4893.18 0.0 118038.6035
4907.32 4907.32 0.0 117962.4707
4921.46 4921.46 0.0 117887.0410
4935.61 4935.61 0.0 117812.2695
4949.75 4949.75 0.0 117738.2266
4963.89 4963.89 0.0 117664.8623
4978.03 4978.03 0.0 117592.1914
4992.17 4992.17 0.0 117520.1816
5006.32 5006.32 0.0 117448.7676
5020.46 5020.46 0.0 117378.0615
5034.6 5034.6 0.0 117307.9814
5048.74 5048.74 0.0 117238.5420
5062.88 5062.88 0.0 117169.7246
5077.03 5077.03 0.0 117101.4717
5091.17 5091.17 0.0 117033.8672
5105.31 5105.31 0.0 116966.8623
5119.45 5119.45 0.0 116900.4414
5133.6 5133.6 0.0 116834.5635
5147.74 5147.74 0.0 116769.2930
5161.88 5161.88 0.0 116704.6006
5176.02 5176.02 0.0 116640.4658
5190.16 5190.16 0.0 116576.8789
5204.31 5204.31 0.0 116513.8057
5218.45 5218.45 0.0 116451.3047
5232.59 5232.59 0.0 116389.3320
5246.73 5246.73 0.0 116327.8867
5260.87 5260.87 0.0 116266.9453
5275.02 5275.02 0.0 116206.4961
5289.16 5289.16 0.0 116146.5703
5303.3 5303.3 0.0 116087.1709
5317.44 5317.44 0.0 116028.2510
5331.59 5331.59 0.0 115969.7656
5345.73 5345.73 0.0 115911.8076
5359.87 5359.87 0.0 115854.3184
5374.01 5374.01 0.0 115797.2998
5388.15 5388.15 0.0 115740.7510
5402.3 5402.3 0.0 115684.6113
5416.44 5416.44 0.0 115628.9668
5430.58 5430.58 0.0 115573.7637
5444.72 5444.72 0.0 115519.0088
5458.86 5458.86 0.0 115464.6768
5473.01 5473.01 0.0 115410.7451
5487.15 5487.15 0.0 115357.2764
5501.29 5501.29 0.0 115304.2285
5515.43 5515.43 0.0 115251.5889
5529.58 5529.58 0.0 115199.3252
5543.72 5543.72 0.0 115147.5039
5557.86 5557.86 0.0 115096.0840
5572.0 5572.0 0.0 115045.0566
5586.14 5586.14 0.0 114994.4297
5600.29 5600.29 0.0 114944.1426
5614.43 5614.43 0.0 114894.2715
5628.57 5628.57 0.0 114844.7861
5642.71 5642.71 0.0 114795.6709
5656.85 5656.85 0.0 114746.9189
5671.0 5671.0 0.0 114698.5059
5685.14 5685.14 0.0 114650.4873
5699.28 5699.28 0.0 114602.8154
5713.42 5713.42 0.0 114555.5078
5727.56 5727.56 0.0 114508.5430
5741.71 5741.71 0.0 114461.8867
5755.85 5755.85 0.0 114415.6182
5769.99 5769.99 0.0 114369.6709
5784.13 5784.13 0.0 114324.0635
5798.28 5798.28 0.0 114278.7607
5812.42 5812.42 0.0 114233.8047
5826.56 5826.56 0.0 114189.1816
5840.7 5840.7 0.0 114144.8740
5854.84 5854.84 0.0 114100.8828
5868.99 5868.99 0.0 114057.1621
5883.13 5883.13 0.0 114013.8066
5897.27 5897.27 0.0 113970.7354
5911.41 5911.41 0.0 113927.9766
5925.55 5925.55 0.0 113885.5107
5939.7 5939.7 0.0 113843.3174
5953.84 5953.84 0.0 113801.4531
5967.98 5967.98 0.0 113759.8643
5982.12 5982.12 0.0 113718.5723
5996.27 5996.27 0.0 113677.5205
6010.41 6010.41 0.0 113636.7920
6024.55 6024.55 0.0 113596.3477
6038.69 6038.69 0.0 113556.1680
6052.83 6052.83 0.0 113516.2705
6066.98 6066.98 0.0 113476.5996
6081.12 6081.12 0.0 113437.2246
6095.26 6095.26 0.0 113398.1348
6109.4 6109.4 0.0 113359.2861
6123.54 6123.54 0.0 113320.7031
6137.69 6137.69 0.0 113282.3506
6151.83 6151.83 0.0 113244.2773
6165.97 6165.97 0.0 113206.4561
6180.11 6180.11 0.0 113168.8936
6194.26 6194.26 0.0 113131.5332
6208.4 6208.4 0.0 113094.4570
6222.54 6222.54 0.0 113057.6191
6236.68 6236.68 0.0 113021.0176
6250.82 6250.82 0.0 112984.6562
6264.97 6264.97 0.0 112948.4971
6279.11 6279.11 0.0 112912.6074
6293.25 6293.25 0.0 112876.9434
6307.39 6307.39 0.0 112841.5029
6321.53 6321.53 0.0 112806.2910
6335.68 6335.68 0.0 112771.2822
6349.82 6349.82 0.0 112736.5059
6363.96 6363.96 0.0 112701.9629
6378.1 6378.1 0.0 112667.6377
6392.25 6392.25 0.0 112633.4893
6406.39 6406.39 0.0 112599.5889
6420.53 6420.53 0.0 112565.8945
6434.67 6434.67 0.0 112532.4189
6448.81 6448.81 0.0 112499.1475
6462.96 6462.96 0.0 112466.0488
6477.1 6477.1 0.0 112433.1836
6491.24 6491.24 0.0 112400.5205
6505.38 6505.38 0.0 112368.0566
6519.52 6519.52 0.0 112335.7832
6533.67 6533.67 0.0 112303.6855
6547.81 6547.81 0.0 112271.8057
6561.95 6561.95 0.0 112240.1162
6576.09 6576.09 0.0 112208.6230
6590.24 6590.24 0.0 112177.2998
6604.38 6604.38 0.0 112146.1807
6618.52 6618.52 0.0 112115.2471
6632.66 6632.66 0.0 112084.4941
6646.8 6646.8 0.0 112053.9238
6660.95 6660.95 0.0 112023.5166
6675.09 6675.09 0.0 111993.3008
6689.23 6689.23 0.0 111963.2773
6703.37 6703.37 0.0 111933.4170
6717.51 6717.51 0.0 111903.7314
6731.66 6731.66 0.0 111874.2012
6745.8 6745.8 0.0 111844.8604
6759.94 6759.94 0.0 111815.6953
6774.08 6774.08 0.0 111786.6934
6788.23 6788.23 0.0 111757.8311
6802.37 6802.37 0.0 111729.1572
6816.51 6816.51 0.0 111700.6494
6830.65 6830.65 0.0 111672.3135
6844.79 6844.79 0.0 111644.1270
6858.94 6858.94 0.0 111616.0811
6873.08 6873.08 0.0 111588.2090
6887.22 6887.22 0.0 111560.4990
6901.36 6901.36 0.0 111532.9395
6915.5 6915.5 0.0 111505.5381
6929.65 6929.65 0.0 111478.2666
6943.79 6943.79 0.0 111451.1680
6957.93 6957.93 0.0 111424.2148
6972.07 6972.07 0.0 111397.4180
6986.21 6986.21 0.0 111370.7588
7000.36 7000.36 0.0 111344.2266
7014.5 7014.5 0.0 111317.8682
7028.64 7028.64 0.0 111291.6465
7042.78 7042.78 0.0 111265.5674
7056.93 7056.93 0.0 111239.6074
7071.07 7071.07 0.0 111213.8105
7085.21 7085.21 0.0 111188.1543
7099.35 7099.35 0.0 111162.6201
7113.49 7113.49 0.0 111137.2402
7127.64 7127.64 0.0 111111.9727
7141.78 7141.78 0.0 111086.8525
7155.92 7155.92 0.0 111061.8623
7170.06 7170.06 0.0 111037.0020
7184.2 7184.2 0.0 111012.2812
7198.35 7198.35 0.0 110987.6729
7212.49 7212.49 0.0 110963.2090
7226.63 7226.63 0.0 110938.8662
7240.77 7240.77 0.0 110914.6465
7254.92 7254.92 0.0 110890.5488
7269.06 7269.06 0.0 110866.5830
7283.2 7283.2 0.0 110842.7461
7297.34 7297.34 0.0 110819.0205
7311.48 7311.48 0.0 110795.4219
7325.63 7325.63 0.0 110771.9355
7339.77 7339.77 0.0 110748.5693
7353.91 7353.91 0.0 110725.3154
7368.05 7368.05 0.0 110702.2021
7382.19 7382.19 0.0 110679.1904
7396.34 7396.34 0.0 110656.2783
7410.48 7410.48 0.0 110633.4971
7424.62 7424.62 0.0 110610.8350
7438.76 7438.76 0.0 110588.2734
7452.91 7452.91 0.0 110565.8125
7467.05 7467.05 0.0 110543.4834
7481.19 7481.19 0.0 110521.2559
7495.33 7495.33 0.0 110499.1436
7509.47 7509.47 0.0 110477.1309
7523.62 7523.62 0.0 110455.2139
7537.76 7537.76 0.0 110433.4209
7551.9 7551.9 0.0 110411.7246
7566.04 7566.04 0.0 110390.1367
7580.18 7580.18 0.0 110368.6592
7594.33 7594.33 0.0 110347.2578
7608.47 7608.47 0.0 110325.9717
7622.61 7622.61 0.0 110304.7969
7636.75 7636.75 0.0 110283.7197
7650.9 7650.9 0.0 110262.7100
7665.04 7665.04 0.0 110241.8379
7679.18 7679.18 0.0 110221.0488
7693.32 7693.32 0.0 110200.3633
7707.46 7707.46 0.0 110179.7666
7721.61 7721.61 0.0 110159.2559
7735.75 7735.75 0.0 110138.8457
7749.89 7749.89 0.0 110118.5381
7764.03 7764.03 0.0 110098.3262
7778.17 7778.17 0.0 110078.1943
