0.0 0.0 0.0 791369.9375
14.1421 14.1421 0.0 1276628.0000
28.2843 28.2843 0.0 1303768.8750
42.4264 42.4264 0.0 1295711.3750
56.5685 56.5685 0.0 1272208.0000
70.7107 70.7107 0.0 1240144.8750
84.8528 84.8528 0.0 1202943.2500
98.9949 98.9949 0.0 1162613.8750
113.137 113.137 0.0 1120477.5000
127.279 127.279 0.0 1077446.8750
141.421 141.421 0.0 1034188.5000
155.563 155.563 0.0 991198.7500
169.706 169.706 0.0 948852.0000
183.848 183.848 0.0 907442.3125
197.99 197.99 0.0 867184.7500
212.132 212.132 0.0 828243.9375
226.274 226.274 0.0 790739.8750
240.416 240.416 0.0 754755.9375
254.558 254.558 0.0 720345.3125
268.701 268.701 0.0 687535.4375
282.843 282.843 0.0 656337.0625
296.985 296.985 0.0 626739.0000
311.127 311.127 0.0 598716.2812
325.269 325.269 0.0 572234.8750
339.411 339.411 0.0 547249.1875
353.553 353.553 0.0 523707.8438
367.696 367.696 0.0 501553.1562
381.838 381.838 0.0 480727.2500
395.98 395.98 0.0 461165.5625
410.122 410.122 0.0 442804.4688
424.264 424.264 0.0 425579.4688
438.406 438.406 0.0 409427.1250
452.548 452.548 0.0 394284.2500
466.69 466.69 0.0 380090.5625
480.833 480.833 0.0 366786.0312
494.975 494.975 0.0 354315.5781
509.117 509.117 0.0 342624.9219
523.259 523.259 0.0 331662.1250
537.401 537.401 0.0 321378.6250
551.543 551.543 0.0 311728.9531
565.685 565.685 0.0 302669.4531
579.828 579.828 0.0 294159.2188
593.97 593.97 0.0 286161.7344
608.112 608.112 0.0 278640.7812
622.254 622.254 0.0 271563.4844
636.396 636.396 0.0 264899.0469
650.538 650.538 0.0 258618.9375
664.68 664.68 0.0 252696.7188
678.823 678.823 0.0 247107.3125
692.965 692.965 0.0 241828.6719
707.107 707.107 0.0 236839.3125
721.249 721.249 0.0 232119.7188
735.391 735.391 0.0 227651.5938
749.533 749.533 0.0 223418.3047
763.675 763.675 0.0 219404.1875
777.817 777.817 0.0 215594.7969
791.96 791.96 0.0 211976.6719
806.102 806.102 0.0 208537.9297
820.244 820.244 0.0 205266.9297
834.386 834.386 0.0 202152.9219
848.528 848.528 0.0 199186.1953
862.67 862.67 0.0 196357.6328
876.812 876.812 0.0 193658.6797
890.955 890.955 0.0 191081.4062
905.097 905.097 0.0 188618.8438
919.239 919.239 0.0 186264.0000
933.381 933.381 0.0 184010.5781
947.523 947.523 0.0 181852.7500
961.665 961.665 0.0 179785.0000
975.807 975.807 0.0 177802.2812
989.949 989.949 0.0 175899.8281
1004.09 1004.09 0.0 174073.3359
1018.23 1018.23 0.0 172318.6406
1032.38 1032.38 0.0 170630.6094
1046.52 1046.52 0.0 169007.9844
1060.66 1060.66 0.0 167446.1875
1074.8 1074.8 0.0 165942.0820
1088.94 1088.94 0.0 164492.6758
1103.09 1103.09 0.0 163094.2461
1117.23 1117.23 0.0 161746.1328
1131.37 1131.37 0.0 160444.9492
1145.51 1145.51 0.0 159188.3555
1159.66 1159.66 0.0 157973.3867
1173.8 1173.8 0.0 156799.7383
1187.94 1187.94 0.0 155664.5469
1202.08 1202.08 0.0 154566.1562
1216.22 1216.22 0.0 153502.7734
1230.37 1230.37 0.0 152472.1484
1244.51 1244.51 0.0 151474.2227
1258.65 1258.65 0.0 150506.8906
1272.79 1272.79 0.0 149568.7422
1286.93 1286.93 0.0 148658.5625
1301.08 1301.08 0.0 147774.5352
1315.22 1315.22 0.0 146916.8047
1329.36 1329.36 0.0 146083.6406
1343.5 1343.5 0.0 145274.0820
1357.65 1357.65 0.0 144486.6094
1371.79 1371.79 0.0 143721.4180
1385.93 1385.93 0.0 142977.0938
1400.07 1400.07 0.0 142252.8477
1414.21 1414.21 0.0 141547.9102
1428.36 1428.36 0.0 140861.0664
1442.5 1442.5 0.0 140192.5664
1456.64 1456.64 0.0 139541.3008
1470.78 1470.78 0.0 138906.6328
1484.92 1484.92 0.0 138287.9531
1499.07 1499.07 0.0 137684.3047
1513.21 1513.21 0.0 137095.9883
1527.35 1527.35 0.0 136522.0352
1541.49 1541.49 0.0 135961.9961
1555.63 1555.63 0.0 135415.3477
1569.78 1569.78 0.0 134881.3320
1583.92 1583.92 0.0 134360.2656
1598.06 1598.06 0.0 133851.3398
1612.2 1612.2 0.0 133354.1699
1626.35 1626.35 0.0 132868.0469
1640.49 1640.49 0.0 132393.3125
1654.63 1654.63 0.0 131929.2852
1668.77 1668.77 0.0 131475.6133
1682.91 1682.91 0.0 131031.9863
1697.06 1697.06 0.0 130597.8340
1711.2 1711.2 0.0 130173.4473
1725.34 1725.34 0.0 129758.2598
1739.48 1739.48 0.0 129352.0156
1753.62 1753.62 0.0 128954.4375
1767.77 1767.77 0.0 128564.9980
1781.91 1781.91 0.0 128184.0469
1796.05 1796.05 0.0 127811.0684
1810.19 1810.19 0.0 127445.8145
1824.34 1824.34 0.0 127087.8770
1838.48 1838.48 0.0 126737.5176
1852.62 1852.62 0.0 126394.3145
1866.76 1866.76 0.0 126058.0645
1880.9 1880.9 0.0 125728.5762
1895.05 1895.05 0.0 125405.4668
1909.19 1909.19 0.0 125089.0137
1923.33 1923.33 0.0 124778.8320
1937.47 1937.47 0.0 124474.7480
1951.61 1951.61 0.0 124176.6152
1965.76 1965.76 0.0 123884.1074
1979.9 1979.9 0.0 123597.4492
1994.04 1994.04 0.0 123316.3320
2008.18 2008.18 0.0 123040.5996
2022.33 2022.33 0.0 122769.9375
2036.47 2036.47 0.0 122504.6113
2050.61 2050.61 0.0 122244.2988
2064.75 2064.75 0.0 121988.8887
2078.89 2078.89 0.0 121738.2539
2093.04 2093.04 0.0 121492.1250
2107.18 2107.18 0.0 121250.7227
2121.32 2121.32 0.0 121013.8008
2135.46 2135.46 0.0 120781.2246
2149.6 2149.6 0.0 120552.9082
2163.75 2163.75 0.0 120328.6055
2177.89 2177.89 0.0 120108.5332
2192.03 2192.03 0.0 119892.4395
2206.17 2206.17 0.0 119680.2402
2220.32 2220.32 0.0 119471.7207
2234.46 2234.46 0.0 119267.0566
2248.6 2248.6 0.0 119066.0547
2262.74 2262.74 0.0 118868.6035
2276.88 2276.88 0.0 118674.6504
2291.03 2291.03 0.0 118483.9922
2305.17 2305.17 0.0 118296.8008
2319.31 2319.31 0.0 118112.9043
2333.45 2333.45 0.0 117932.1914
2347.59 2347.59 0.0 117754.6367
2361.74 2361.74 0.0 117580.0322
2375.88 2375.88 0.0 117408.5557
2390.02 2390.02 0.0 117240.0479
2404.16 2404.16 0.0 117074.4170
2418.31 2418.31 0.0 116911.5215
2432.45 2432.45 0.0 116751.5078
2446.59 2446.59 0.0 116594.2178
2460.73 2460.73 0.0 116439.5918
2474.87 2474.87 0.0 116287.5811
2489.02 2489.02 0.0 116138.0361
2503.16 2503.16 0.0 115991.1113
2517.3 2517.3 0.0 115846.6445
2531.44 2531.44 0.0 115704.5986
2545.58 2545.58 0.0 115564.9287
2559.73 2559.73 0.0 115427.4814
2573.87 2573.87 0.0 115292.4102
2588.01 2588.01 0.0 115159.5938
2602.15 2602.15 0.0 115028.9648
2616.3 2616.3 0.0 114900.3906
2630.44 2630.44 0.0 114774.0410
2644.58 2644.58 0.0 114649.7490
2658.72 2658.72 0.0 114527.5039
2672.86 2672.86 0.0 114407.2607
2687.01 2687.01 0.0 114288.9033
2701.15 2701.15 0.0 114172.5479
2715.29 2715.29 0.0 114058.0859
2729.43 2729.43 0.0 113945.4863
2743.57 2743.57 0.0 113834.7061
2757.72 2757.72 0.0 113725.6572
2771.86 2771.86 0.0 113618.4375
2786.0 2786.0 0.0 113512.9424
2800.14 2800.14 0.0 113409.1621
2814.28 2814.28 0.0 113307.0361
2828.43 2828.43 0.0 113206.4902
2842.57 2842.57 0.0 113107.6299
2856.71 2856.71 0.0 113010.3438
2870.85 2870.85 0.0 112914.6240
2885.0 2885.0 0.0 112820.3643
2899.14 2899.14 0.0 112727.6787
2913.28 2913.28 0.0 112636.4766
2927.42 2927.42 0.0 112546.7178
2941.56 2941.56 0.0 112458.3955
2955.71 2955.71 0.0 112371.4199
2969.85 2969.85 0.0 112285.8789
2983.99 2983.99 0.0 112201.7021
2998.13 2998.13 0.0 112118.8652
3012.27 3012.27 0.0 112037.3428
3026.42 3026.42 0.0 111957.0469
3040.56 3040.56 0.0 111878.0850
3054.7 3054.7 0.0 111800.3799
3068.84 3068.84 0.0 111723.9033
3082.99 3082.99 0.0 111648.5830
3097.13 3097.13 0.0 111574.5068
3111.27 3111.27 0.0 111501.5967
3125.41 3125.41 0.0 111429.8408
3139.55 3139.55 0.0 111359.2256
3153.7 3153.7 0.0 111289.6787
3167.84 3167.84 0.0 111221.2773
3181.98 3181.98 0.0 111153.9551
3196.12 3196.12 0.0 111087.6953
3210.26 3210.26 0.0 111022.4912
3224.41 3224.41 0.0 110958.2705
3238.55 3238.55 0.0 110895.1074
3252.69 3252.69 0.0 110832.9443
3266.83 3266.83 0.0 110771.7607
3280.98 3280.98 0.0 110711.5137
3295.12 3295.12 0.0 110652.2529
3309.26 3309.26 0.0 110593.9307
3323.4 3323.4 0.0 110536.5371
3337.54 3337.54 0.0 110480.0469
3351.69 3351.69 0.0 110424.4180
3365.83 3365.83 0.0 110369.7119
3379.97 3379.97 0.0 110315.8730
3394.11 3394.11 0.0 110262.8848
3408.25 3408.25 0.0 110210.7422
3422.4 3422.4 0.0 110159.3975
3436.54 3436.54 0.0 110108.8994
3450.68 3450.68 0.0 110059.2080
3464.82 3464.82 0.0 110010.3135
3478.97 3478.97 0.0 109962.1602
3493.11 3493.11 0.0 109914.8105
3507.25 3507.25 0.0 109868.2197
3521.39 3521.39 0.0 109822.3711
3535.53 3535.53 0.0 109777.2617
3549.68 3549.68 0.0 109732.8457
3563.82 3563.82 0.0 109689.1670
3577.96 3577.96 0.0 109646.1963
3592.1 3592.1 0.0 109603.9131
3606.24 3606.24 0.0 109562.3135
3620.39 3620.39 0.0 109521.3506
3634.53 3634.53 0.0 109481.0806
3648.67 3648.67 0.0 109441.4644
3662.81 3662.81 0.0 109402.4883
3676.96 3676.96 0.0 109364.1177
3691.1 3691.1 0.0 109326.4004
3705.24 3705.24 0.0 109289.2905
3719.38 3719.38 0.0 109252.7886
3733.52 3733.52 0.0 109216.8823
3747.67 3747.67 0.0 109181.5322
3761.81 3761.81 0.0 109146.7842
3775.95 3775.95 0.0 109112.6133
3790.09 3790.09 0.0 109078.9951
3804.23 3804.23 0.0 109045.9287
3818.38 3818.38 0.0 109013.3828
3832.52 3832.52 0.0 108981.4062
3846.66 3846.66 0.0 108949.9492
3860.8 3860.8 0.0 108919.0107
3874.95 3874.95 0.0 108888.5679
3889.09 3889.09 0.0 108858.6401
3903.23 3903.23 0.0 108829.2251
3917.37 3917.37 0.0 108800.2881
3931.51 3931.51 0.0 108771.8398
3945.66 3945.66 0.0 108743.8457
3959.8 3959.8 0.0 108716.3281
3973.94 3973.94 0.0 108689.2827
3988.08 3988.08 0.0 108662.6885
4002.22 4002.22 0.0 108636.5405
4016.37 4016.37 0.0 108610.8145
4030.51 4030.51 0.0 108585.5444
4044.65 4044.65 0.0 108560.6978
4058.79 4058.79 0.0 108536.2617
4072.94 4072.94 0.0 108512.2261
4087.08 4087.08 0.0 108488.6265
4101.22 4101.22 0.0 108465.4170
4115.36 4115.36 0.0 108442.6108
4129.5 4129.5 0.0 108420.1870
4143.65 4143.65 0.0 108398.1328
4157.79 4157.79 0.0 108376.4648
4171.93 4171.93 0.0 108355.1802
4186.07 4186.07 0.0 108334.2466
4200.21 4200.21 0.0 108313.6870
4214.36 4214.36 0.0 108293.4590
4228.5 4228.5 0.0 108273.5933
4242.64 4242.64 0.0 108254.0703
4256.78 4256.78 0.0 108234.8843
4270.92 4270.92 0.0 108216.0298
4285.07 4285.07 0.0 108197.4912
4299.21 4299.21 0.0 108179.2856
4313.35 4313.35 0.0 108161.3970
4327.49 4327.49 0.0 108143.8179
4341.64 4341.64 0.0 108126.5332
4355.78 4355.78 0.0 108109.5586
4369.92 4369.92 0.0 108092.8848
4384.06 4384.06 0.0 108076.4985
4398.2 4398.2 0.0 108060.3979
4412.35 4412.35 0.0 108044.5718
4426.49 4426.49 0.0 108029.0317
4440.63 4440.63 0.0 108013.7593
4454.77 4454.77 0.0 107998.7656
4468.91 4468.91 0.0 107984.0210
4483.06 4483.06 0.0 107969.5293
4497.2 4497.2 0.0 107955.3027
4511.34 4511.34 0.0 107941.3267
4525.48 4525.48 0.0 107927.5967
4539.63 4539.63 0.0 107914.0913
4553.77 4553.77 0.0 107900.8394
4567.91 4567.91 0.0 107887.8164
4582.05 4582.05 0.0 107875.0220
4596.19 4596.19 0.0 107862.4536
4610.34 4610.34 0.0 107850.0928
4624.48 4624.48 0.0 107837.9595
4638.62 4638.62 0.0 107826.0337
4652.76 4652.76 0.0 107814.3213
4666.9 4666.9 0.0 107802.8120
4681.05 4681.05 0.0 107791.5005
4695.19 4695.19 0.0 107780.3843
4709.33 4709.33 0.0 107769.4609
4723.47 4723.47 0.0 107758.7339
4737.62 4737.62 0.0 107748.1802
4751.76 4751.76 0.0 107737.8115
4765.9 4765.9 0.0 107727.6328
4780.04 4780.04 0.0 107717.6099
4794.18 4794.18 0.0 107707.7788
4808.33 4808.33 0.0 107698.0991
4822.47 4822.47 0.0 107688.5938
4836.61 4836.61 0.0 107679.2451
4850.75 4850.75 0.0 107670.0552
4864.89 4864.89 0.0 107661.0200
4879.04 4879.04 0.0 107652.1294
4893.18 4893.18 0.0 107643.3960
4907.32 4907.32 0.0 107634.7998
4921.46 4921.46 0.0 107626.3530
4935.61 4935.61 0.0 107618.0322
4949.75 4949.75 0.0 107609.8594
4963.89 4963.89 0.0 107601.8105
4978.03 4978.03 0.0 107593.8999
4992.17 4992.17 0.0 107586.1123
5006.32 5006.32 0.0 107578.4409
5020.46 5020.46 0.0 107570.8926
5034.6 5034.6 0.0 107563.4683
5048.74 5048.74 0.0 107556.1538
5062.88 5062.88 0.0 107548.9536
5077.03 5077.03 0.0 107541.8574
5091.17 5091.17 0.0 107534.8696
5105.31 5105.31 0.0 107527.9863
5119.45 5119.45 0.0 107521.2085
5133.6 5133.6 0.0 107514.5166
5147.74 5147.74 0.0 107507.9360
5161.88 5161.88 0.0 107501.4404
5176.02 5176.02 0.0 107495.0435
5190.16 5190.16 0.0 107488.7256
5204.31 5204.31 0.0 107482.4937
5218.45 5218.45 0.0 107476.3525
5232.59 5232.59 0.0 107470.2876
5246.73 5246.73 0.0 107464.3022
5260.87 5260.87 0.0 107458.3926
5275.02 5275.02 0.0 107452.5522
5289.16 5289.16 0.0 107446.7930
5303.3 5303.3 0.0 107441.0947
5317.44 5317.44 0.0 107435.4712
5331.59 5331.59 0.0 107429.9019
5345.73 5345.73 0.0 107424.4053
5359.87 5359.87 0.0 107418.9648
5374.01 5374.01 0.0 107413.5850
5388.15 5388.15 0.0 107408.2612
5402.3 5402.3 0.0 107402.9888
5416.44 5416.44 0.0 107397.7725
5430.58 5430.58 0.0 107392.6069
5444.72 5444.72 0.0 107387.4893
5458.86 5458.86 0.0 107382.4219
5473.01 5473.01 0.0 107377.3936
5487.15 5487.15 0.0 107372.4092
5501.29 5501.29 0.0 107367.4717
5515.43 5515.43 0.0 107362.5674
5529.58 5529.58 0.0 107357.7017
5543.72 5543.72 0.0 107352.8706
5557.86 5557.86 0.0 107348.0786
5572.0 5572.0 0.0 107343.3159
5586.14 5586.14 0.0 107338.5825
5600.29 5600.29 0.0 107333.8813
5614.43 5614.43 0.0 107329.1982
5628.57 5628.57 0.0 107324.5503
5642.71 5642.71 0.0 107319.9282
5656.85 5656.85 0.0 107315.3271
5671.0 5671.0 0.0 107310.7441
5685.14 5685.14 0.0 107306.1758
5699.28 5699.28 0.0 107301.6357
5713.42 5713.42 0.0 107297.1060
5727.56 5727.56 0.0 107292.5986
5741.71 5741.71 0.0 107288.0952
5755.85 5755.85 0.0 107283.6147
5769.99 5769.99 0.0 107279.1401
5784.13 5784.13 0.0 107274.6807
5798.28 5798.28 0.0 107270.2222
5812.42 5812.42 0.0 107265.7773
5826.56 5826.56 0.0 107261.3364
5840.7 5840.7 0.0 107256.8984
5854.84 5854.84 0.0 107252.4702
5868.99 5868.99 0.0 107248.0444
5883.13 5883.13 0.0 107243.6143
5897.27 5897.27 0.0 107239.1831
5911.41 5911.41 0.0 107234.7534
5925.55 5925.55 0.0 107230.3301
5939.7 5939.7 0.0 107225.8931
5953.84 5953.84 0.0 107221.4614
5967.98 5967.98 0.0 107217.0200
5982.12 5982.12 0.0 107212.5737
5996.27 5996.27 0.0 107208.1221
6010.41 6010.41 0.0 107203.6621
6024.55 6024.55 0.0 107199.1919
6038.69 6038.69 0.0 107194.7168
6052.83 6052.83 0.0 107190.2256
6066.98 6066.98 0.0 107185.7236
6081.12 6081.12 0.0 107181.2114
6095.26 6095.26 0.0 107176.6855
6109.4 6109.4 0.0 107172.1523
6123.54 6123.54 0.0 107167.6035
6137.69 6137.69 0.0 107163.0278
6151.83 6151.83 0.0 107158.4487
6165.97 6165.97 0.0 107153.8501
6180.11 6180.11 0.0 107149.2373
6194.26 6194.26 0.0 107144.5981
6208.4 6208.4 0.0 107139.9404
6222.54 6222.54 0.0 107135.2729
6236.68 6236.68 0.0 107130.5840
6250.82 6250.82 0.0 107125.8716
6264.97 6264.97 0.0 107121.1348
6279.11 6279.11 0.0 107116.3779
6293.25 6293.25 0.0 107111.6069
6307.39 6307.39 0.0 107106.8086
6321.53 6321.53 0.0 107101.9854
6335.68 6335.68 0.0 107097.1401
6349.82 6349.82 0.0 107092.2676
6363.96 6363.96 0.0 107087.3750
6378.1 6378.1 0.0 107082.4565
6392.25 6392.25 0.0 107077.5151
6406.39 6406.39 0.0 107072.5474
6420.53 6420.53 0.0 107067.5508
6434.67 6434.67 0.0 107062.5298
6448.81 6448.81 0.0 107057.4824
6462.96 6462.96 0.0 107052.4067
6477.1 6477.1 0.0 107047.3081
6491.24 6491.24 0.0 107042.1709
6505.38 6505.38 0.0 107037.0190
6519.52 6519.52 0.0 107031.8286
6533.67 6533.67 0.0 107026.6099
6547.81 6547.81 0.0 107021.3750
6561.95 6561.95 0.0 107016.1011
6576.09 6576.09 0.0 107010.7969
6590.24 6590.24 0.0 107005.4658
6604.38 6604.38 0.0 107000.1094
6618.52 6618.52 0.0 106994.7178
6632.66 6632.66 0.0 106989.2935
6646.8 6646.8 0.0 106983.8501
6660.95 6660.95 0.0 106978.3662
6675.09 6675.09 0.0 106972.8530
6689.23 6689.23 0.0 106967.3154
6703.37 6703.37 0.0 106961.7461
6717.51 6717.51 0.0 106956.1440
6731.66 6731.66 0.0 106950.5049
6745.8 6745.8 0.0 106944.8481
6759.94 6759.94 0.0 106939.1514
6774.08 6774.08 0.0 106933.4307
6788.23 6788.23 0.0 106927.6626
6802.37 6802.37 0.0 106921.8789
6816.51 6816.51 0.0 106916.0669
6830.65 6830.65 0.0 106910.2158
6844.79 6844.79 0.0 106904.3418
6858.94 6858.94 0.0 106898.4253
6873.08 6873.08 0.0 106892.4897
6887.22 6887.22 0.0 106886.5181
6901.36 6901.36 0.0 106880.5127
6915.5 6915.5 0.0 106874.4800
6929.65 6929.65 0.0 106868.4131
6943.79 6943.79 0.0 106862.3198
6957.93 6957.93 0.0 106856.1958
6972.07 6972.07 0.0 106850.0420
6986.21 6986.21 0.0 106843.8584
7000.36 7000.36 0.0 106837.6421
7014.5 7014.5 0.0 106831.3965
7028.64 7028.64 0.0 106825.1201
7042.78 7042.78 0.0 106818.8154
7056.93 7056.93 0.0 106812.4790
7071.07 7071.07 0.0 106806.1177
7085.21 7085.21 0.0 106799.7251
7099.35 7099.35 0.0 106793.3042
7113.49 7113.49 0.0 106786.8481
7127.64 7127.64 0.0 106780.3667
7141.78 7141.78 0.0 106773.8618
7155.92 7155.92 0.0 106767.3257
7170.06 7170.06 0.0 106760.7559
7184.2 7184.2 0.0 106754.1655
7198.35 7198.35 0.0 106747.5425
7212.49 7212.49 0.0 106740.8931
7226.63 7226.63 0.0 106734.2139
7240.77 7240.77 0.0 106727.5146
7254.92 7254.92 0.0 106720.7793
7269.06 7269.06 0.0 106714.0225
7283.2 7283.2 0.0 106707.2358
7297.34 7297.34 0.0 106700.4287
7311.48 7311.48 0.0 106693.5923
7325.63 7325.63 0.0 106686.7271
7339.77 7339.77 0.0 106679.8413
7353.91 7353.91 0.0 106672.9243
7368.05 7368.05 0.0 106665.9932
7382.19 7382.19 0.0 106659.0308
7396.34 7396.34 0.0 106652.0366
7410.48 7410.48 0.0 106645.0283
7424.62 7424.62 0.0 106637.9922
7438.76 7438.76 0.0 106630.9443
7452.91 7452.91 0.0 106623.8560
7467.05 7467.05 0.0 106616.7490
7481.19 7481.19 0.0 106609.6196
7495.33 7495.33 0.0 106602.4717
7509.47 7509.47 0.0 106595.2983
7523.62 7523.62 0.0 106588.1001
7537.76 7537.76 0.0 106580.8857
7551.9 7551.9 0.0 106573.6465
7566.04 7566.04 0.0 106566.3901
7580.18 7580.18 0.0 106559.1113
7594.33 7594.33 0.0 106551.8081
7608.47 7608.47 0.0 106544.4897
7622.61 7622.61 0.0 106537.1519
7636.75 7636.75 0.0 106529.7930
7650.9 7650.9 0.0 106522.4165
7665.04 7665.04 0.0 106515.0137
7679.18 7679.18 0.0 106507.5986
7693.32 7693.32 0.0 106500.1675
7707.46 7707.46 0.0 106492.7153
7721.61 7721.61 0.0 106485.2339
7735.75 7735.75 0.0 106477.7539
7749.89 7749.89 0.0 106470.2505
7764.03 7764.03 0.0 106462.7314
7778.17 7778.17 0.0 106455.1982
