0.0 0.0 0.0 339192.8438
14.1421 14.1421 0.0 286553.2188
28.2843 28.2843 0.0 254325.8438
42.4264 42.4264 0.0 227119.3359
56.5685 56.5685 0.0 205446.9219
70.7107 70.7107 0.0 188307.1094
84.8528 84.8528 0.0 174644.1719
98.9949 98.9949 0.0 163615.9766
113.137 113.137 0.0 154603.1562
127.279 127.279 0.0 147159.1289
141.421 141.421 0.0 140958.9688
155.563 155.563 0.0 135760.7578
169.706 169.706 0.0 131379.4473
183.848 183.848 0.0 127670.8027
197.99 197.99 0.0 124518.9609
212.132 212.132 0.0 121830.3965
226.274 226.274 0.0 119528.7637
240.416 240.416 0.0 117551.2949
254.558 254.558 0.0 115846.2314
268.701 268.701 0.0 114370.6475
282.843 282.843 0.0 113089.2021
296.985 296.985 0.0 111972.2715
311.127 311.127 0.0 110995.2422
325.269 325.269 0.0 110137.5996
339.411 339.411 0.0 109382.1128
353.553 353.553 0.0 108714.3828
367.696 367.696 0.0 108122.2192
381.838 381.838 0.0 107595.4585
395.98 395.98 0.0 107125.3887
410.122 410.122 0.0 106704.6436
424.264 424.264 0.0 106326.9575
438.406 438.406 0.0 105986.9717
452.548 452.548 0.0 105680.0981
466.69 466.69 0.0 105402.3936
480.833 480.833 0.0 105150.4402
494.975 494.975 0.0 104921.3328
509.117 509.117 0.0 104712.5095
523.259 523.259 0.0 104521.7468
537.401 537.401 0.0 104347.1125
551.543 551.543 0.0 104186.9187
565.685 565.685 0.0 104039.6816
579.828 579.828 0.0 103904.0852
593.97 593.97 0.0 103779.0037
608.112 608.112 0.0 103663.4114
622.254 622.254 0.0 103556.4065
636.396 636.396 0.0 103457.1938
650.538 650.538 0.0 103365.0642
664.68 664.68 0.0 103279.3802
678.823 678.823 0.0 103199.5735
692.965 692.965 0.0 103125.1493
707.107 707.107 0.0 103055.6460
721.249 721.249 0.0 102990.6544
735.391 735.391 0.0 102929.8059
749.533 749.533 0.0 102872.7721
763.675 763.675 0.0 102819.2489
777.817 777.817 0.0 102768.9672
791.96 791.96 0.0 102721.6746
806.102 806.102 0.0 102677.1556
820.244 820.244 0.0 102635.2036
834.386 834.386 0.0 102595.6315
848.528 848.528 0.0 102558.2709
862.67 862.67 0.0 102522.9650
876.812 876.812 0.0 102489.5752
890.955 890.955 0.0 102457.9668
905.097 905.097 0.0 102428.0255
919.239 919.239 0.0 102399.6399
933.381 933.381 0.0 102372.7108
947.523 947.523 0.0 102347.1422
961.665 961.665 0.0 102322.8505
975.807 975.807 0.0 102299.7568
989.949 989.949 0.0 102277.7866
1004.09 1004.09 0.0 102256.8752
1018.23 1018.23 0.0 102236.9588
1032.38 1032.38 0.0 102217.9648
1046.52 1046.52 0.0 102199.8656
1060.66 1060.66 0.0 102182.5991
1074.8 1074.8 0.0 102166.1155
1088.94 1088.94 0.0 102150.3751
1103.09 1103.09 0.0 102135.3237
1117.23 1117.23 0.0 102120.9473
1131.37 1131.37 0.0 102107.1985
1145.51 1145.51 0.0 102094.0441
1159.66 1159.66 0.0 102081.4446
1173.8 1173.8 0.0 102069.3893
1187.94 1187.94 0.0 102057.8412
1202.08 1202.08 0.0 102046.7754
1216.22 1216.22 0.0 102036.1681
1230.37 1230.37 0.0 102025.9898
1244.51 1244.51 0.0 102016.2339
1258.65 1258.65 0.0 102006.8721
1272.79 1272.79 0.0 101997.8862
1286.93 1286.93 0.0 101989.2589
1301.08 1301.08 0.0 101980.9680
1315.22 1315.22 0.0 101973.0087
1329.36 1329.36 0.0 101965.3600
1343.5 1343.5 0.0 101958.0081
1357.65 1357.65 0.0 101950.9346
1371.79 1371.79 0.0 101944.1368
1385.93 1385.93 0.0 101937.5986
1400.07 1400.07 0.0 101931.3060
1414.21 1414.21 0.0 101925.2508
1428.36 1428.36 0.0 101919.4172
1442.5 1442.5 0.0 101913.8034
1456.64 1456.64 0.0 101908.3964
1470.78 1470.78 0.0 101903.1867
1484.92 1484.92 0.0 101898.1675
1499.07 1499.07 0.0 101893.3251
1513.21 1513.21 0.0 101888.6588
1527.35 1527.35 0.0 101884.1584
1541.49 1541.49 0.0 101879.8164
1555.63 1555.63 0.0 101875.6257
1569.78 1569.78 0.0 101871.5771
1583.92 1583.92 0.0 101867.6702
1598.06 1598.06 0.0 101863.8951
1612.2 1612.2 0.0 101860.2465
1626.35 1626.35 0.0 101856.7161
1640.49 1640.49 0.0 101853.3044
1654.63 1654.63 0.0 101850.0017
1668.77 1668.77 0.0 101846.8050
1682.91 1682.91 0.0 101843.7068
1697.06 1697.06 0.0 101840.7028
1711.2 1711.2 0.0 101837.7914
1725.34 1725.34 0.0 101834.9662
1739.48 1739.48 0.0 101832.2221
1753.62 1753.62 0.0 101829.5558
1767.77 1767.77 0.0 101826.9613
1781.91 1781.91 0.0 101824.4377
1796.05 1796.05 0.0 101821.9807
1810.19 1810.19 0.0 101819.5848
1824.34 1824.34 0.0 101817.2451
1838.48 1838.48 0.0 101814.9627
1852.62 1852.62 0.0 101812.7318
1866.76 1866.76 0.0 101810.5478
1880.9 1880.9 0.0 101808.4095
1895.05 1895.05 0.0 101806.3114
1909.19 1909.19 0.0 101804.2522
1923.33 1923.33 0.0 101802.2297
1937.47 1937.47 0.0 101800.2395
1951.61 1951.61 0.0 101798.2789
1965.76 1965.76 0.0 101796.3434
1979.9 1979.9 0.0 101794.4342
1994.04 1994.04 0.0 101792.5471
2008.18 2008.18 0.0 101790.6790
2022.33 2022.33 0.0 101788.8268
2036.47 2036.47 0.0 101786.9901
2050.61 2050.61 0.0 101785.1655
2064.75 2064.75 0.0 101783.3517
2078.89 2078.89 0.0 101781.5457
2093.04 2093.04 0.0 101779.7436
2107.18 2107.18 0.0 101777.9485
2121.32 2121.32 0.0 101776.1546
2135.46 2135.46 0.0 101774.3611
2149.6 2149.6 0.0 101772.5663
2163.75 2163.75 0.0 101770.7681
2177.89 2177.89 0.0 101768.9658
2192.03 2192.03 0.0 101767.1582
2206.17 2206.17 0.0 101765.3430
2220.32 2220.32 0.0 101763.5179
2234.46 2234.46 0.0 101761.6850
2248.6 2248.6 0.0 101759.8406
2262.74 2262.74 0.0 101757.9845
2276.88 2276.88 0.0 101756.1152
2291.03 2291.03 0.0 101754.2314
2305.17 2305.17 0.0 101752.3340
2319.31 2319.31 0.0 101750.4212
2333.45 2333.45 0.0 101748.4924
2347.59 2347.59 0.0 101746.5472
2361.74 2361.74 0.0 101744.5843
2375.88 2375.88 0.0 101742.6047
2390.02 2390.02 0.0 101740.6075
2404.16 2404.16 0.0 101738.5923
2418.31 2418.31 0.0 101736.5582
2432.45 2432.45 0.0 101734.5073
2446.59 2446.59 0.0 101732.4374
2460.73 2460.73 0.0 101730.3502
2474.87 2474.87 0.0 101728.2449
2489.02 2489.02 0.0 101726.1187
2503.16 2503.16 0.0 101723.9783
2517.3 2517.3 0.0 101721.8197
2531.44 2531.44 0.0 101719.6439
2545.58 2545.58 0.0 101717.4514
2559.73 2559.73 0.0 101715.2422
2573.87 2573.87 0.0 101713.0176
2588.01 2588.01 0.0 101710.7786
2602.15 2602.15 0.0 101708.5247
2616.3 2616.3 0.0 101706.2552
2630.44 2630.44 0.0 101703.9742
2644.58 2644.58 0.0 101701.6808
2658.72 2658.72 0.0 101699.3761
2672.86 2672.86 0.0 101697.0602
2687.01 2687.01 0.0 101694.7319
2701.15 2701.15 0.0 101692.3962
2715.29 2715.29 0.0 101690.0509
2729.43 2729.43 0.0 101687.6985
2743.57 2743.57 0.0 101685.3398
2757.72 2757.72 0.0 101682.9726
2771.86 2771.86 0.0 101680.6018
2786.0 2786.0 0.0 101678.2270
2800.14 2800.14 0.0 101675.8482
2814.28 2814.28 0.0 101673.4678
2828.43 2828.43 0.0 101671.0827
2842.57 2842.57 0.0 101668.6991
2856.71 2856.71 0.0 101666.3154
2870.85 2870.85 0.0 101663.9325
2885.0 2885.0 0.0 101661.5491
2899.14 2899.14 0.0 101659.1707
2913.28 2913.28 0.0 101656.7951
2927.42 2927.42 0.0 101654.4235
2941.56 2941.56 0.0 101652.0565
2955.71 2955.71 0.0 101649.6940
2969.85 2969.85 0.0 101647.3388
2983.99 2983.99 0.0 101644.9915
2998.13 2998.13 0.0 101642.6506
3012.27 3012.27 0.0 101640.3192
3026.42 3026.42 0.0 101637.9940
3040.56 3040.56 0.0 101635.6813
3054.7 3054.7 0.0 101633.3780
3068.84 3068.84 0.0 101631.0859
3082.99 3082.99 0.0 101628.8030
3097.13 3097.13 0.0 101626.5338
3111.27 3111.27 0.0 101624.2763
3125.41 3125.41 0.0 101622.0321
3139.55 3139.55 0.0 101619.8007
3153.7 3153.7 0.0 101617.5811
3167.84 3167.84 0.0 101615.3771
3181.98 3181.98 0.0 101613.1880
3196.12 3196.12 0.0 101611.0121
3210.26 3210.26 0.0 101608.8522
3224.41 3224.41 0.0 101606.7054
3238.55 3238.55 0.0 101604.5758
3252.69 3252.69 0.0 101602.4617
3266.83 3266.83 0.0 101600.3635
3280.98 3280.98 0.0 101598.2798
3295.12 3295.12 0.0 101596.2136
3309.26 3309.26 0.0 101594.1639
3323.4 3323.4 0.0 101592.1301
3337.54 3337.54 0.0 101590.1137
3351.69 3351.69 0.0 101588.1119
3365.83 3365.83 0.0 101586.1280
3379.97 3379.97 0.0 101584.1614
3394.11 3394.11 0.0 101582.2116
3408.25 3408.25 0.0 101580.2781
3422.4 3422.4 0.0 101578.3601
3436.54 3436.54 0.0 101576.4597
3450.68 3450.68 0.0 101574.5771
3464.82 3464.82 0.0 101572.7109
3478.97 3478.97 0.0 101570.8593
3493.11 3493.11 0.0 101569.0264
3507.25 3507.25 0.0 101567.2093
3521.39 3521.39 0.0 101565.4087
3535.53 3535.53 0.0 101563.6248
3549.68 3549.68 0.0 101561.8556
3563.82 3563.82 0.0 101560.1034
3577.96 3577.96 0.0 101558.3677
3592.1 3592.1 0.0 101556.6472
3606.24 3606.24 0.0 101554.9423
3620.39 3620.39 0.0 101553.2521
3634.53 3634.53 0.0 101551.5784
3648.67 3648.67 0.0 101549.9196
3662.81 3662.81 0.0 101548.2762
3676.96 3676.96 0.0 101546.6465
3691.1 3691.1 0.0 101545.0325
3705.24 3705.24 0.0 101543.4331
3719.38 3719.38 0.0 101541.8479
3733.52 3733.52 0.0 101540.2767
3747.67 3747.67 0.0 101538.7192
3761.81 3761.81 0.0 101537.1765
3775.95 3775.95 0.0 101535.6468
3790.09 3790.09 0.0 101534.1309
3804.23 3804.23 0.0 101532.6283
3818.38 3818.38 0.0 101531.1379
3832.52 3832.52 0.0 101529.6613
3846.66 3846.66 0.0 101528.1972
3860.8 3860.8 0.0 101526.7458
3874.95 3874.95 0.0 101525.3062
3889.09 3889.09 0.0 101523.8792
3903.23 3903.23 0.0 101522.4647
3917.37 3917.37 0.0 101521.0618
3931.51 3931.51 0.0 101519.6702
3945.66 3945.66 0.0 101518.2895
3959.8 3959.8 0.0 101516.9209
3973.94 3973.94 0.0 101515.5633
3988.08 3988.08 0.0 101514.2170
4002.22 4002.22 0.0 101512.8813
4016.37 4016.37 0.0 101511.5552
4030.51 4030.51 0.0 101510.2402
4044.65 4044.65 0.0 101508.9356
4058.79 4058.79 0.0 101507.6415
4072.94 4072.94 0.0 101506.3559
4087.08 4087.08 0.0 101505.0816
4101.22 4101.22 0.0 101503.8164
4115.36 4115.36 0.0 101502.5610
4129.5 4129.5 0.0 101501.3145
4143.65 4143.65 0.0 101500.0767
4157.79 4157.79 0.0 101498.8487
4171.93 4171.93 0.0 101497.6296
4186.07 4186.07 0.0 101496.4191
4200.21 4200.21 0.0 101495.2176
4214.36 4214.36 0.0 101494.0233
4228.5 4228.5 0.0 101492.8383
4242.64 4242.64 0.0 101491.6616
