0.0 0.0 0.0 219081.7812
14.1421 14.1421 0.0 188076.6094
28.2843 28.2843 0.0 182376.5312
42.4264 42.4264 0.0 177632.7344
56.5685 56.5685 0.0 173290.2266
70.7107 70.7107 0.0 169180.9531
84.8528 84.8528 0.0 165249.9180
98.9949 98.9949 0.0 161482.0703
113.137 113.137 0.0 157877.3359
127.279 127.279 0.0 154439.9609
141.421 141.421 0.0 151174.2734
155.563 155.563 0.0 148082.9570
169.706 169.706 0.0 145166.5312
183.848 183.848 0.0 142423.7812
197.99 197.99 0.0 139851.0117
212.132 212.132 0.0 137443.2383
226.274 226.274 0.0 135194.1914
240.416 240.416 0.0 133096.7090
254.558 254.558 0.0 131143.1016
268.701 268.701 0.0 129325.1973
282.843 282.843 0.0 127635.0547
296.985 296.985 0.0 126064.4609
311.127 311.127 0.0 124605.4355
325.269 325.269 0.0 123250.2773
339.411 339.411 0.0 121991.6309
353.553 353.553 0.0 120822.4609
367.696 367.696 0.0 119736.0957
381.838 381.838 0.0 118726.5137
395.98 395.98 0.0 117787.8027
410.122 410.122 0.0 116914.5752
424.264 424.264 0.0 116101.8447
438.406 438.406 0.0 115344.9297
452.548 452.548 0.0 114639.5977
466.69 466.69 0.0 113981.8613
480.833 480.833 0.0 113368.0391
494.975 494.975 0.0 112794.8809
509.117 509.117 0.0 112259.2393
523.259 523.259 0.0 111758.2969
537.401 537.401 0.0 111289.4336
551.543 551.543 0.0 110850.2695
565.685 565.685 0.0 110438.6016
579.828 579.828 0.0 110052.3887
593.97 593.97 0.0 109689.8145
608.112 608.112 0.0 109349.1577
622.254 622.254 0.0 109028.8384
636.396 636.396 0.0 108727.4326
650.538 650.538 0.0 108443.5981
664.68 664.68 0.0 108176.1108
678.823 678.823 0.0 107923.8345
692.965 692.965 0.0 107685.7603
707.107 707.107 0.0 107460.9233
721.249 721.249 0.0 107248.4302
735.391 735.391 0.0 107047.4575
749.533 749.533 0.0 106857.2739
763.675 763.675 0.0 106677.1680
777.817 777.817 0.0 106506.4941
791.96 791.96 0.0 106344.6489
806.102 806.102 0.0 106191.0947
820.244 820.244 0.0 106045.3184
834.386 834.386 0.0 105906.8354
848.528 848.528 0.0 105775.2036
862.67 862.67 0.0 105650.0127
876.812 876.812 0.0 105530.8853
890.955 890.955 0.0 105417.4543
905.097 905.097 0.0 105309.4080
919.239 919.239 0.0 105206.4211
933.381 933.381 0.0 105108.2136
947.523 947.523 0.0 105014.5156
961.665 961.665 0.0 104925.0752
975.807 975.807 0.0 104839.6587
989.949 989.949 0.0 104758.0513
1004.09 1004.09 0.0 104680.0503
1018.23 1018.23 0.0 104605.4644
1032.38 1032.38 0.0 104534.0532
1046.52 1046.52 0.0 104465.7539
1060.66 1060.66 0.0 104400.3567
1074.8 1074.8 0.0 104337.7197
1088.94 1088.94 0.0 104277.6924
1103.09 1103.09 0.0 104220.1130
1117.23 1117.23 0.0 104164.9290
1131.37 1131.37 0.0 104111.9944
1145.51 1145.51 0.0 104061.1968
1159.66 1159.66 0.0 104012.3960
1173.8 1173.8 0.0 103965.5681
1187.94 1187.94 0.0 103920.5837
1202.08 1202.08 0.0 103877.3611
1216.22 1216.22 0.0 103835.8137
1230.37 1230.37 0.0 103795.8381
1244.51 1244.51 0.0 103757.4216
1258.65 1258.65 0.0 103720.4604
1272.79 1272.79 0.0 103684.8940
1286.93 1286.93 0.0 103650.6604
1301.08 1301.08 0.0 103617.6758
1315.22 1315.22 0.0 103585.9341
1329.36 1329.36 0.0 103555.3567
1343.5 1343.5 0.0 103525.8970
1357.65 1357.65 0.0 103497.4802
1371.79 1371.79 0.0 103470.1108
1385.93 1385.93 0.0 103443.7207
1400.07 1400.07 0.0 103418.2668
1414.21 1414.21 0.0 103393.7153
1428.36 1428.36 0.0 103370.0149
1442.5 1442.5 0.0 103347.1555
1456.64 1456.64 0.0 103325.0890
1470.78 1470.78 0.0 103303.7888
1484.92 1484.92 0.0 103283.2189
1499.07 1499.07 0.0 103263.3372
1513.21 1513.21 0.0 103244.1451
1527.35 1527.35 0.0 103225.6012
1541.49 1541.49 0.0 103207.6792
1555.63 1555.63 0.0 103190.3561
1569.78 1569.78 0.0 103173.5956
1583.92 1583.92 0.0 103157.3992
1598.06 1598.06 0.0 103141.7341
1612.2 1612.2 0.0 103126.5787
1626.35 1626.35 0.0 103111.9054
1640.49 1640.49 0.0 103097.7112
1654.63 1654.63 0.0 103083.9707
1668.77 1668.77 0.0 103070.6683
1682.91 1682.91 0.0 103057.7811
1697.06 1697.06 0.0 103045.2914
1711.2 1711.2 0.0 103033.1941
1725.34 1725.34 0.0 103021.4714
1739.48 1739.48 0.0 103010.1019
1753.62 1753.62 0.0 102999.0789
1767.77 1767.77 0.0 102988.3770
1781.91 1781.91 0.0 102977.9999
1796.05 1796.05 0.0 102967.9270
1810.19 1810.19 0.0 102958.1459
1824.34 1824.34 0.0 102948.6378
1838.48 1838.48 0.0 102939.4060
1852.62 1852.62 0.0 102930.4314
1866.76 1866.76 0.0 102921.7039
1880.9 1880.9 0.0 102913.2145
1895.05 1895.05 0.0 102904.9460
1909.19 1909.19 0.0 102896.9021
1923.33 1923.33 0.0 102889.0637
1937.47 1937.47 0.0 102881.4244
1951.61 1951.61 0.0 102873.9783
1965.76 1965.76 0.0 102866.7058
1979.9 1979.9 0.0 102859.6128
1994.04 1994.04 0.0 102852.6865
2008.18 2008.18 0.0 102845.9161
2022.33 2022.33 0.0 102839.2932
2036.47 2036.47 0.0 102832.8169
2050.61 2050.61 0.0 102826.4764
2064.75 2064.75 0.0 102820.2659
2078.89 2078.89 0.0 102814.1754
2093.04 2093.04 0.0 102808.1986
2107.18 2107.18 0.0 102802.3361
2121.32 2121.32 0.0 102796.5757
2135.46 2135.46 0.0 102790.9139
2149.6 2149.6 0.0 102785.3436
2163.75 2163.75 0.0 102779.8547
2177.89 2177.89 0.0 102774.4528
2192.03 2192.03 0.0 102769.1260
2206.17 2206.17 0.0 102763.8701
2220.32 2220.32 0.0 102758.6777
2234.46 2234.46 0.0 102753.5504
2248.6 2248.6 0.0 102748.4792
2262.74 2262.74 0.0 102743.4606
2276.88 2276.88 0.0 102738.4915
2291.03 2291.03 0.0 102733.5619
2305.17 2305.17 0.0 102728.6787
2319.31 2319.31 0.0 102723.8298
2333.45 2333.45 0.0 102719.0150
2347.59 2347.59 0.0 102714.2294
2361.74 2361.74 0.0 102709.4679
2375.88 2375.88 0.0 102704.7321
2390.02 2390.02 0.0 102700.0170
2404.16 2404.16 0.0 102695.3193
2418.31 2418.31 0.0 102690.6324
2432.45 2432.45 0.0 102685.9630
2446.59 2446.59 0.0 102681.3018
2460.73 2460.73 0.0 102676.6473
2474.87 2474.87 0.0 102671.9973
2489.02 2489.02 0.0 102667.3491
2503.16 2503.16 0.0 102662.7032
2517.3 2517.3 0.0 102658.0579
2531.44 2531.44 0.0 102653.4084
2545.58 2545.58 0.0 102648.7570
2559.73 2559.73 0.0 102644.0961
2573.87 2573.87 0.0 102639.4321
2588.01 2588.01 0.0 102634.7592
2602.15 2602.15 0.0 102630.0753
2616.3 2616.3 0.0 102625.3802
2630.44 2630.44 0.0 102620.6775
2644.58 2644.58 0.0 102615.9615
2658.72 2658.72 0.0 102611.2339
2672.86 2672.86 0.0 102606.4907
2687.01 2687.01 0.0 102601.7338
2701.15 2701.15 0.0 102596.9636
2715.29 2715.29 0.0 102592.1805
2729.43 2729.43 0.0 102587.3812
2743.57 2743.57 0.0 102582.5682
2757.72 2757.72 0.0 102577.7366
2771.86 2771.86 0.0 102572.8943
2786.0 2786.0 0.0 102568.0364
2800.14 2800.14 0.0 102563.1625
2814.28 2814.28 0.0 102558.2761
2828.43 2828.43 0.0 102553.3708
2842.57 2842.57 0.0 102548.4553
2856.71 2856.71 0.0 102543.5282
2870.85 2870.85 0.0 102538.5874
2885.0 2885.0 0.0 102533.6301
2899.14 2899.14 0.0 102528.6652
2913.28 2913.28 0.0 102523.6896
2927.42 2927.42 0.0 102518.7024
2941.56 2941.56 0.0 102513.7057
2955.71 2955.71 0.0 102508.6967
2969.85 2969.85 0.0 102503.6841
2983.99 2983.99 0.0 102498.6622
2998.13 2998.13 0.0 102493.6349
3012.27 3012.27 0.0 102488.6038
3026.42 3026.42 0.0 102483.5625
3040.56 3040.56 0.0 102478.5204
3054.7 3054.7 0.0 102473.4763
3068.84 3068.84 0.0 102468.4301
3082.99 3082.99 0.0 102463.3779
3097.13 3097.13 0.0 102458.3312
3111.27 3111.27 0.0 102453.2844
3125.41 3125.41 0.0 102448.2412
3139.55 3139.55 0.0 102443.1995
3153.7 3153.7 0.0 102438.1572
3167.84 3167.84 0.0 102433.1257
3181.98 3181.98 0.0 102428.0996
3196.12 3196.12 0.0 102423.0789
3210.26 3210.26 0.0 102418.0671
3224.41 3224.41 0.0 102413.0594
3238.55 3238.55 0.0 102408.0669
3252.69 3252.69 0.0 102403.0845
3266.83 3266.83 0.0 102398.1106
3280.98 3280.98 0.0 102393.1492
3295.12 3295.12 0.0 102388.2037
3309.26 3309.26 0.0 102383.2709
3323.4 3323.4 0.0 102378.3557
3337.54 3337.54 0.0 102373.4550
3351.69 3351.69 0.0 102368.5667
3365.83 3365.83 0.0 102363.7009
3379.97 3379.97 0.0 102358.8530
3394.11 3394.11 0.0 102354.0233
3408.25 3408.25 0.0 102349.2131
3422.4 3422.4 0.0 102344.4202
3436.54 3436.54 0.0 102339.6526
3450.68 3450.68 0.0 102334.9053
3464.82 3464.82 0.0 102330.1821
3478.97 3478.97 0.0 102325.4769
3493.11 3493.11 0.0 102320.7997
3507.25 3507.25 0.0 102316.1447
3521.39 3521.39 0.0 102311.5150
3535.53 3535.53 0.0 102306.9109
3549.68 3549.68 0.0 102302.3293
3563.82 3563.82 0.0 102297.7747
3577.96 3577.96 0.0 102293.2481
3592.1 3592.1 0.0 102288.7473
3606.24 3606.24 0.0 102284.2755
3620.39 3620.39 0.0 102279.8250
3634.53 3634.53 0.0 102275.4082
3648.67 3648.67 0.0 102271.0178
3662.81 3662.81 0.0 102266.6547
3676.96 3676.96 0.0 102262.3185
3691.1 3691.1 0.0 102258.0138
3705.24 3705.24 0.0 102253.7386
3719.38 3719.38 0.0 102249.4905
3733.52 3733.52 0.0 102245.2719
3747.67 3747.67 0.0 102241.0817
3761.81 3761.81 0.0 102236.9231
3775.95 3775.95 0.0 102232.7935
3790.09 3790.09 0.0 102228.6927
3804.23 3804.23 0.0 102224.6235
3818.38 3818.38 0.0 102220.5793
3832.52 3832.52 0.0 102216.5691
3846.66 3846.66 0.0 102212.5869
3860.8 3860.8 0.0 102208.6360
3874.95 3874.95 0.0 102204.7110
3889.09 3889.09 0.0 102200.8190
3903.23 3903.23 0.0 102196.9557
3917.37 3917.37 0.0 102193.1228
3931.51 3931.51 0.0 102189.3187
3945.66 3945.66 0.0 102185.5406
3959.8 3959.8 0.0 102181.7950
3973.94 3973.94 0.0 102178.0775
3988.08 3988.08 0.0 102174.3902
4002.22 4002.22 0.0 102170.7310
4016.37 4016.37 0.0 102167.0972
4030.51 4030.51 0.0 102163.4938
4044.65 4044.65 0.0 102159.9200
4058.79 4058.79 0.0 102156.3734
4072.94 4072.94 0.0 102152.8526
4087.08 4087.08 0.0 102149.3611
4101.22 4101.22 0.0 102145.8986
4115.36 4115.36 0.0 102142.4598
4129.5 4129.5 0.0 102139.0510
4143.65 4143.65 0.0 102135.6646
4157.79 4157.79 0.0 102132.3082
4171.93 4171.93 0.0 102128.9770
4186.07 4186.07 0.0 102125.6725
4200.21 4200.21 0.0 102122.3926
4214.36 4214.36 0.0 102119.1374
4228.5 4228.5 0.0 102115.9073
4242.64 4242.64 0.0 102112.7037
