0.0 0.0 0.0 923613.3750
14.1421 14.1421 0.0 1671102.5000
28.2843 28.2843 0.0 1731037.7500
42.4264 42.4264 0.0 1758270.5000
56.5685 56.5685 0.0 1772976.2500
70.7107 70.7107 0.0 1780762.3750
84.8528 84.8528 0.0 1784005.3750
98.9949 98.9949 0.0 1783964.6250
113.137 113.137 0.0 1781398.2500
127.279 127.279 0.0 1776807.1250
141.421 141.421 0.0 1770551.5000
155.563 155.563 0.0 1762893.7500
169.706 169.706 0.0 1754042.8750
183.848 183.848 0.0 1744157.2500
197.99 197.99 0.0 1733374.5000
212.132 212.132 0.0 1721805.3750
226.274 226.274 0.0 1709540.8750
240.416 240.416 0.0 1696662.5000
254.558 254.558 0.0 1683241.6250
268.701 268.701 0.0 1669336.8750
282.843 282.843 0.0 1655005.5000
296.985 296.985 0.0 1640293.5000
311.127 311.127 0.0 1625244.6250
325.269 325.269 0.0 1609896.6250
339.411 339.411 0.0 1594286.3750
353.553 353.553 0.0 1578443.5000
367.696 367.696 0.0 1562398.8750
381.838 381.838 0.0 1546178.8750
395.98 395.98 0.0 1529808.0000
410.122 410.122 0.0 1513308.7500
424.264 424.264 0.0 1496701.5000
438.406 438.406 0.0 1480007.0000
452.548 452.548 0.0 1463241.1250
466.69 466.69 0.0 1446421.5000
480.833 480.833 0.0 1429563.2500
494.975 494.975 0.0 1412682.5000
509.117 509.117 0.0 1395790.1250
523.259 523.259 0.0 1378901.7500
537.401 537.401 0.0 1362027.1250
551.543 551.543 0.0 1345178.2500
565.685 565.685 0.0 1328364.8750
579.828 579.828 0.0 1311596.1250
593.97 593.97 0.0 1294883.1250
608.112 608.112 0.0 1278233.8750
622.254 622.254 0.0 1261655.6250
636.396 636.396 0.0 1245157.2500
650.538 650.538 0.0 1228745.1250
664.68 664.68 0.0 1212425.0000
678.823 678.823 0.0 1196204.2500
692.965 692.965 0.0 1180089.8750
707.107 707.107 0.0 1164086.3750
721.249 721.249 0.0 1148199.0625
735.391 735.391 0.0 1132432.5625
749.533 749.533 0.0 1116791.8125
763.675 763.675 0.0 1101281.8125
777.817 777.817 0.0 1085905.8750
791.96 791.96 0.0 1070665.3750
806.102 806.102 0.0 1055568.2500
820.244 820.244 0.0 1040616.2500
834.386 834.386 0.0 1025811.0625
848.528 848.528 0.0 1011156.4375
862.67 862.67 0.0 996655.5000
876.812 876.812 0.0 982309.7500
890.955 890.955 0.0 968120.5000
905.097 905.097 0.0 954091.3125
919.239 919.239 0.0 940224.5000
933.381 933.381 0.0 926520.7500
947.523 947.523 0.0 912981.4375
961.665 961.665 0.0 899608.0625
975.807 975.807 0.0 886401.5000
989.949 989.949 0.0 873363.5625
1004.09 1004.09 0.0 860495.1250
1018.23 1018.23 0.0 847797.6250
1032.38 1032.38 0.0 835261.3750
1046.52 1046.52 0.0 822904.8750
1060.66 1060.66 0.0 810719.3750
1074.8 1074.8 0.0 798705.0000
1088.94 1088.94 0.0 786862.2500
1103.09 1103.09 0.0 775182.6250
1117.23 1117.23 0.0 763682.3750
1131.37 1131.37 0.0 752353.2500
1145.51 1145.51 0.0 741195.0625
1159.66 1159.66 0.0 730199.3750
1173.8 1173.8 0.0 719381.3750
1187.94 1187.94 0.0 708732.7500
1202.08 1202.08 0.0 698252.6250
1216.22 1216.22 0.0 687940.1875
1230.37 1230.37 0.0 677787.9375
1244.51 1244.51 0.0 667809.0625
1258.65 1258.65 0.0 657995.4375
1272.79 1272.79 0.0 648346.1250
1286.93 1286.93 0.0 638859.8750
1301.08 1301.08 0.0 629528.8750
1315.22 1315.22 0.0 620365.6562
1329.36 1329.36 0.0 611361.8125
1343.5 1343.5 0.0 602516.4375
1357.65 1357.65 0.0 593821.5938
1371.79 1371.79 0.0 585288.6250
1385.93 1385.93 0.0 576909.7188
1400.07 1400.07 0.0 568683.3125
1414.21 1414.21 0.0 560608.1875
1428.36 1428.36 0.0 552677.1562
1442.5 1442.5 0.0 544899.5000
1456.64 1456.64 0.0 537268.3750
1470.78 1470.78 0.0 529782.2188
1484.92 1484.92 0.0 522438.8125
1499.07 1499.07 0.0 515232.0000
1513.21 1513.21 0.0 508169.8750
1527.35 1527.35 0.0 501245.9062
1541.49 1541.49 0.0 494457.9062
1555.63 1555.63 0.0 487804.5312
1569.78 1569.78 0.0 481279.2812
1583.92 1583.92 0.0 474889.5312
1598.06 1598.06 0.0 468628.7500
1612.2 1612.2 0.0 462495.3125
1626.35 1626.35 0.0 456483.1875
1640.49 1640.49 0.0 450599.0312
1654.63 1654.63 0.0 444836.6250
1668.77 1668.77 0.0 439193.9062
1682.91 1682.91 0.0 433669.3438
1697.06 1697.06 0.0 428257.2500
1711.2 1711.2 0.0 422963.3750
1725.34 1725.34 0.0 417781.9062
1739.48 1739.48 0.0 412711.3438
1753.62 1753.62 0.0 407749.4688
1767.77 1767.77 0.0 402891.0625
1781.91 1781.91 0.0 398141.2812
1796.05 1796.05 0.0 393494.7188
1810.19 1810.19 0.0 388949.6562
1824.34 1824.34 0.0 384501.0000
1838.48 1838.48 0.0 380153.2812
1852.62 1852.62 0.0 375901.6562
1866.76 1866.76 0.0 371744.1250
1880.9 1880.9 0.0 367678.8125
1895.05 1895.05 0.0 363701.2812
1909.19 1909.19 0.0 359815.3594
1923.33 1923.33 0.0 356016.5469
1937.47 1937.47 0.0 352302.8750
1951.61 1951.61 0.0 348672.7812
1965.76 1965.76 0.0 345121.9062
1979.9 1979.9 0.0 341653.6250
1994.04 1994.04 0.0 338263.7812
2008.18 2008.18 0.0 334950.5938
2022.33 2022.33 0.0 331710.1719
2036.47 2036.47 0.0 328545.2969
2050.61 2050.61 0.0 325452.2656
2064.75 2064.75 0.0 322429.2344
2078.89 2078.89 0.0 319474.7969
2093.04 2093.04 0.0 316585.2344
2107.18 2107.18 0.0 313763.0781
2121.32 2121.32 0.0 311004.6562
2135.46 2135.46 0.0 308308.5781
2149.6 2149.6 0.0 305673.3281
2163.75 2163.75 0.0 303095.5625
2177.89 2177.89 0.0 300577.3906
2192.03 2192.03 0.0 298115.6875
2206.17 2206.17 0.0 295708.9375
2220.32 2220.32 0.0 293354.1562
2234.46 2234.46 0.0 291053.2500
2248.6 2248.6 0.0 288803.1875
2262.74 2262.74 0.0 286602.6250
2276.88 2276.88 0.0 284450.3125
2291.03 2291.03 0.0 282343.4844
2305.17 2305.17 0.0 280283.8438
2319.31 2319.31 0.0 278268.5938
2333.45 2333.45 0.0 276296.5469
2347.59 2347.59 0.0 274366.5781
2361.74 2361.74 0.0 272476.2188
2375.88 2375.88 0.0 270626.9219
2390.02 2390.02 0.0 268816.2031
2404.16 2404.16 0.0 267043.0469
2418.31 2418.31 0.0 265305.0938
2432.45 2432.45 0.0 263603.8438
2446.59 2446.59 0.0 261936.9688
2460.73 2460.73 0.0 260303.5781
2474.87 2474.87 0.0 258702.5625
2489.02 2489.02 0.0 257131.9062
2503.16 2503.16 0.0 255593.0000
2517.3 2517.3 0.0 254083.6875
2531.44 2531.44 0.0 252603.2500
2545.58 2545.58 0.0 251150.6719
2559.73 2559.73 0.0 249724.2344
2573.87 2573.87 0.0 248325.0938
2588.01 2588.01 0.0 246951.5000
2602.15 2602.15 0.0 245602.6250
2616.3 2616.3 0.0 244276.8594
2630.44 2630.44 0.0 242975.3281
2644.58 2644.58 0.0 241696.3750
2658.72 2658.72 0.0 240439.3281
2672.86 2672.86 0.0 239203.5938
2687.01 2687.01 0.0 237987.6250
2701.15 2701.15 0.0 236792.4844
2715.29 2715.29 0.0 235616.8125
2729.43 2729.43 0.0 234459.9375
2743.57 2743.57 0.0 233321.4219
2757.72 2757.72 0.0 232199.8125
2771.86 2771.86 0.0 231096.2344
2786.0 2786.0 0.0 230009.3594
2800.14 2800.14 0.0 228938.7656
2814.28 2814.28 0.0 227883.9297
2828.43 2828.43 0.0 226843.6641
2842.57 2842.57 0.0 225819.0547
2856.71 2856.71 0.0 224808.9297
2870.85 2870.85 0.0 223812.7891
2885.0 2885.0 0.0 222829.6797
2899.14 2899.14 0.0 221860.5391
2913.28 2913.28 0.0 220904.3594
2927.42 2927.42 0.0 219960.7578
2941.56 2941.56 0.0 219029.4062
2955.71 2955.71 0.0 218109.3438
2969.85 2969.85 0.0 217201.5547
2983.99 2983.99 0.0 216305.0938
2998.13 2998.13 0.0 215419.6484
3012.27 3012.27 0.0 214544.9609
3026.42 3026.42 0.0 213680.2031
3040.56 3040.56 0.0 212826.3203
3054.7 3054.7 0.0 211982.4141
3068.84 3068.84 0.0 211148.2578
3082.99 3082.99 0.0 210323.0938
3097.13 3097.13 0.0 209507.8672
3111.27 3111.27 0.0 208701.7812
3125.41 3125.41 0.0 207904.6016
3139.55 3139.55 0.0 207116.1875
3153.7 3153.7 0.0 206335.7969
3167.84 3167.84 0.0 205564.3203
3181.98 3181.98 0.0 204801.0859
3196.12 3196.12 0.0 204045.8984
3210.26 3210.26 0.0 203298.6016
3224.41 3224.41 0.0 202558.5859
3238.55 3238.55 0.0 201826.7109
3252.69 3252.69 0.0 201102.3047
3266.83 3266.83 0.0 200385.2734
3280.98 3280.98 0.0 199674.9844
3295.12 3295.12 0.0 198972.2812
3309.26 3309.26 0.0 198276.5859
3323.4 3323.4 0.0 197587.8125
3337.54 3337.54 0.0 196905.7969
3351.69 3351.69 0.0 196230.0000
3365.83 3365.83 0.0 195561.2344
3379.97 3379.97 0.0 194898.9688
3394.11 3394.11 0.0 194243.1250
3408.25 3408.25 0.0 193593.6016
3422.4 3422.4 0.0 192949.8828
3436.54 3436.54 0.0 192312.7422
3450.68 3450.68 0.0 191681.6641
3464.82 3464.82 0.0 191056.6016
3478.97 3478.97 0.0 190437.0469
3493.11 3493.11 0.0 189823.7578
3507.25 3507.25 0.0 189216.3125
3521.39 3521.39 0.0 188614.5781
3535.53 3535.53 0.0 188018.5000
3549.68 3549.68 0.0 187427.6250
3563.82 3563.82 0.0 186842.7188
3577.96 3577.96 0.0 186263.2812
3592.1 3592.1 0.0 185689.3125
3606.24 3606.24 0.0 185120.7266
3620.39 3620.39 0.0 184557.0703
3634.53 3634.53 0.0 183999.1094
3648.67 3648.67 0.0 183446.3594
3662.81 3662.81 0.0 182898.8359
3676.96 3676.96 0.0 182356.0078
3691.1 3691.1 0.0 181818.7109
3705.24 3705.24 0.0 181286.4297
3719.38 3719.38 0.0 180759.2109
3733.52 3733.52 0.0 180236.9141
3747.67 3747.67 0.0 179719.1562
3761.81 3761.81 0.0 179206.7188
3775.95 3775.95 0.0 178699.0469
3790.09 3790.09 0.0 178196.2500
3804.23 3804.23 0.0 177698.1797
3818.38 3818.38 0.0 177204.4766
3832.52 3832.52 0.0 176715.8203
3846.66 3846.66 0.0 176231.8516
3860.8 3860.8 0.0 175752.4531
3874.95 3874.95 0.0 175277.3281
3889.09 3889.09 0.0 174807.0625
3903.23 3903.23 0.0 174341.3125
3917.37 3917.37 0.0 173880.0469
3931.51 3931.51 0.0 173423.2500
3945.66 3945.66 0.0 172970.5078
3959.8 3959.8 0.0 172522.4688
3973.94 3973.94 0.0 172078.7734
3988.08 3988.08 0.0 171639.3984
4002.22 4002.22 0.0 171204.2734
4016.37 4016.37 0.0 170773.1094
4030.51 4030.51 0.0 170346.4219
4044.65 4044.65 0.0 169923.9375
4058.79 4058.79 0.0 169505.5781
4072.94 4072.94 0.0 169091.0703
4087.08 4087.08 0.0 168680.9375
4101.22 4101.22 0.0 168274.7969
4115.36 4115.36 0.0 167872.7422
4129.5 4129.5 0.0 167474.6172
4143.65 4143.65 0.0 167080.2109
4157.79 4157.79 0.0 166689.9805
4171.93 4171.93 0.0 166303.6680
4186.07 4186.07 0.0 165921.1992
4200.21 4200.21 0.0 165542.5312
4214.36 4214.36 0.0 165167.4375
4228.5 4228.5 0.0 164796.3633
4242.64 4242.64 0.0 164429.0391
4256.78 4256.78 0.0 164065.4023
4270.92 4270.92 0.0 163705.4844
4285.07 4285.07 0.0 163348.9023
4299.21 4299.21 0.0 162996.2227
4313.35 4313.35 0.0 162647.1211
4327.49 4327.49 0.0 162301.6055
4341.64 4341.64 0.0 161959.3125
4355.78 4355.78 0.0 161620.7578
4369.92 4369.92 0.0 161285.7266
4384.06 4384.06 0.0 160954.0781
4398.2 4398.2 0.0 160625.8281
4412.35 4412.35 0.0 160300.7812
4426.49 4426.49 0.0 159979.2305
4440.63 4440.63 0.0 159661.0547
4454.77 4454.77 0.0 159346.1328
4468.91 4468.91 0.0 159034.4727
4483.06 4483.06 0.0 158725.8320
4497.2 4497.2 0.0 158420.5820
4511.34 4511.34 0.0 158118.5273
4525.48 4525.48 0.0 157819.6055
4539.63 4539.63 0.0 157523.5547
4553.77 4553.77 0.0 157230.8008
4567.91 4567.91 0.0 156941.1055
4582.05 4582.05 0.0 156654.4336
4596.19 4596.19 0.0 156370.7344
4610.34 4610.34 0.0 156089.7930
4624.48 4624.48 0.0 155812.0234
4638.62 4638.62 0.0 155537.1250
4652.76 4652.76 0.0 155265.1133
4666.9 4666.9 0.0 154995.9688
4681.05 4681.05 0.0 154729.4219
4695.19 4695.19 0.0 154465.8711
4709.33 4709.33 0.0 154205.0820
4723.47 4723.47 0.0 153947.0312
4737.62 4737.62 0.0 153691.4961
4751.76 4751.76 0.0 153438.8125
4765.9 4765.9 0.0 153188.8164
4780.04 4780.04 0.0 152941.4219
4794.18 4794.18 0.0 152696.6172
4808.33 4808.33 0.0 152454.2461
4822.47 4822.47 0.0 152214.5391
4836.61 4836.61 0.0 151977.3906
4850.75 4850.75 0.0 151742.6914
4864.89 4864.89 0.0 151510.4922
4879.04 4879.04 0.0 151280.5586
4893.18 4893.18 0.0 151053.1797
4907.32 4907.32 0.0 150828.2109
4921.46 4921.46 0.0 150605.5586
4935.61 4935.61 0.0 150385.1211
4949.75 4949.75 0.0 150167.1289
4963.89 4963.89 0.0 149951.4336
4978.03 4978.03 0.0 149737.9492
4992.17 4992.17 0.0 149526.7500
5006.32 5006.32 0.0 149317.5703
5020.46 5020.46 0.0 149110.7383
5034.6 5034.6 0.0 148906.0195
5048.74 5048.74 0.0 148703.4648
5062.88 5062.88 0.0 148502.9961
5077.03 5077.03 0.0 148304.5000
5091.17 5091.17 0.0 148108.1836
5105.31 5105.31 0.0 147913.9141
5119.45 5119.45 0.0 147721.6289
5133.6 5133.6 0.0 147531.1953
5147.74 5147.74 0.0 147342.8477
5161.88 5161.88 0.0 147156.4727
5176.02 5176.02 0.0 146972.0000
5190.16 5190.16 0.0 146789.4258
5204.31 5204.31 0.0 146608.5742
5218.45 5218.45 0.0 146429.7148
5232.59 5232.59 0.0 146252.6836
5246.73 5246.73 0.0 146077.4180
5260.87 5260.87 0.0 145903.9609
5275.02 5275.02 0.0 145732.1484
5289.16 5289.16 0.0 145562.1836
5303.3 5303.3 0.0 145393.9375
5317.44 5317.44 0.0 145227.4023
5331.59 5331.59 0.0 145062.3984
5345.73 5345.73 0.0 144899.1953
5359.87 5359.87 0.0 144737.6016
5374.01 5374.01 0.0 144577.6055
5388.15 5388.15 0.0 144419.2188
5402.3 5402.3 0.0 144262.3125
5416.44 5416.44 0.0 144107.0625
5430.58 5430.58 0.0 143953.3047
5444.72 5444.72 0.0 143801.0898
5458.86 5458.86 0.0 143650.3438
5473.01 5473.01 0.0 143501.0000
5487.15 5487.15 0.0 143353.1875
5501.29 5501.29 0.0 143206.8164
5515.43 5515.43 0.0 143061.8906
5529.58 5529.58 0.0 142918.2344
5543.72 5543.72 0.0 142776.0820
5557.86 5557.86 0.0 142635.2812
5572.0 5572.0 0.0 142495.8047
5586.14 5586.14 0.0 142357.6836
5600.29 5600.29 0.0 142220.7500
5614.43 5614.43 0.0 142085.2305
5628.57 5628.57 0.0 141950.9727
5642.71 5642.71 0.0 141817.9570
5656.85 5656.85 0.0 141686.2188
5671.0 5671.0 0.0 141555.5938
5685.14 5685.14 0.0 141426.2695
5699.28 5699.28 0.0 141298.1133
5713.42 5713.42 0.0 141171.1562
5727.56 5727.56 0.0 141045.3477
5741.71 5741.71 0.0 140920.6289
5755.85 5755.85 0.0 140797.0938
5769.99 5769.99 0.0 140674.6758
5784.13 5784.13 0.0 140553.3672
5798.28 5798.28 0.0 140433.0586
5812.42 5812.42 0.0 140313.8867
5826.56 5826.56 0.0 140195.7734
5840.7 5840.7 0.0 140078.7305
5854.84 5854.84 0.0 139962.6602
5868.99 5868.99 0.0 139847.5430
5883.13 5883.13 0.0 139733.5000
5897.27 5897.27 0.0 139620.4688
5911.41 5911.41 0.0 139508.3711
5925.55 5925.55 0.0 139397.2344
5939.7 5939.7 0.0 139286.9727
5953.84 5953.84 0.0 139177.7031
5967.98 5967.98 0.0 139069.3750
5982.12 5982.12 0.0 138961.9414
5996.27 5996.27 0.0 138855.3203
6010.41 6010.41 0.0 138749.6445
6024.55 6024.55 0.0 138644.8320
6038.69 6038.69 0.0 138540.8867
6052.83 6052.83 0.0 138437.7812
6066.98 6066.98 0.0 138335.4297
6081.12 6081.12 0.0 138233.9766
6095.26 6095.26 0.0 138133.3125
6109.4 6109.4 0.0 138033.4453
6123.54 6123.54 0.0 137934.3945
6137.69 6137.69 0.0 137836.0312
6151.83 6151.83 0.0 137738.4727
6165.97 6165.97 0.0 137641.6953
6180.11 6180.11 0.0 137545.6523
6194.26 6194.26 0.0 137450.2539
6208.4 6208.4 0.0 137355.6445
6222.54 6222.54 0.0 137261.8008
6236.68 6236.68 0.0 137168.6016
6250.82 6250.82 0.0 137076.0586
6264.97 6264.97 0.0 136984.1914
6279.11 6279.11 0.0 136893.0352
6293.25 6293.25 0.0 136802.5547
6307.39 6307.39 0.0 136712.7031
6321.53 6321.53 0.0 136623.5195
6335.68 6335.68 0.0 136534.8555
6349.82 6349.82 0.0 136446.9609
6363.96 6363.96 0.0 136359.5938
6378.1 6378.1 0.0 136272.8984
6392.25 6392.25 0.0 136186.6875
6406.39 6406.39 0.0 136101.1641
6420.53 6420.53 0.0 136016.1914
6434.67 6434.67 0.0 135931.7969
6448.81 6448.81 0.0 135847.9805
6462.96 6462.96 0.0 135764.6445
6477.1 6477.1 0.0 135681.9180
6491.24 6491.24 0.0 135599.7109
6505.38 6505.38 0.0 135518.0781
6519.52 6519.52 0.0 135436.9453
6533.67 6533.67 0.0 135356.2656
6547.81 6547.81 0.0 135276.1758
6561.95 6561.95 0.0 135196.5781
6576.09 6576.09 0.0 135117.4531
6590.24 6590.24 0.0 135038.7734
6604.38 6604.38 0.0 134960.6367
6618.52 6618.52 0.0 134882.9570
6632.66 6632.66 0.0 134805.7578
6646.8 6646.8 0.0 134729.0156
6660.95 6660.95 0.0 134652.6953
6675.09 6675.09 0.0 134576.8594
6689.23 6689.23 0.0 134501.4766
6703.37 6703.37 0.0 134426.4961
6717.51 6717.51 0.0 134351.9570
6731.66 6731.66 0.0 134277.7969
6745.8 6745.8 0.0 134204.1133
6759.94 6759.94 0.0 134130.8320
6774.08 6774.08 0.0 134057.9668
6788.23 6788.23 0.0 133985.4355
6802.37 6802.37 0.0 133913.3477
6816.51 6816.51 0.0 133841.6465
6830.65 6830.65 0.0 133770.3457
6844.79 6844.79 0.0 133699.4082
6858.94 6858.94 0.0 133628.7871
6873.08 6873.08 0.0 133558.6113
6887.22 6887.22 0.0 133488.7656
6901.36 6901.36 0.0 133419.2988
6915.5 6915.5 0.0 133350.1836
6929.65 6929.65 0.0 133281.3516
6943.79 6943.79 0.0 133212.9219
6957.93 6957.93 0.0 133144.8496
6972.07 6972.07 0.0 133077.0762
6986.21 6986.21 0.0 133009.6367
7000.36 7000.36 0.0 132942.4883
7014.5 7014.5 0.0 132875.7012
7028.64 7028.64 0.0 132809.2285
7042.78 7042.78 0.0 132743.0586
7056.93 7056.93 0.0 132677.1582
7071.07 7071.07 0.0 132611.6270
7085.21 7085.21 0.0 132546.3555
7099.35 7099.35 0.0 132481.4102
7113.49 7113.49 0.0 132416.7578
7127.64 7127.64 0.0 132352.3223
7141.78 7141.78 0.0 132288.2305
7155.92 7155.92 0.0 132224.4141
7170.06 7170.06 0.0 132160.8965
7184.2 7184.2 0.0 132097.6191
7198.35 7198.35 0.0 132034.5938
7212.49 7212.49 0.0 131971.8477
7226.63 7226.63 0.0 131909.3848
7240.77 7240.77 0.0 131847.1816
7254.92 7254.92 0.0 131785.1914
7269.06 7269.06 0.0 131723.4824
7283.2 7283.2 0.0 131662.0234
7297.34 7297.34 0.0 131600.8301
7311.48 7311.48 0.0 131539.8711
7325.63 7325.63 0.0 131479.1055
7339.77 7339.77 0.0 131418.6074
7353.91 7353.91 0.0 131358.3691
7368.05 7368.05 0.0 131298.3418
7382.19 7382.19 0.0 131238.5508
7396.34 7396.34 0.0 131178.9648
7410.48 7410.48 0.0 131119.5840
7424.62 7424.62 0.0 131060.4863
7438.76 7438.76 0.0 131001.5703
7452.91 7452.91 0.0 130942.8359
7467.05 7467.05 0.0 130884.3496
7481.19 7481.19 0.0 130826.0742
7495.33 7495.33 0.0 130768.0215
7509.47 7509.47 0.0 130710.1367
7523.62 7523.62 0.0 130652.4336
7537.76 7537.76 0.0 130594.9941
7551.9 7551.9 0.0 130537.7324
7566.04 7566.04 0.0 130480.6660
7580.18 7580.18 0.0 130423.7949
7594.33 7594.33 0.0 130367.0625
7608.47 7608.47 0.0 130310.5820
7622.61 7622.61 0.0 130254.2656
7636.75 7636.75 0.0 130198.1289
7650.9 7650.9 0.0 130142.1406
7665.04 7665.04 0.0 130086.3730
7679.18 7679.18 0.0 130030.7832
7693.32 7693.32 0.0 129975.3770
7707.46 7707.46 0.0 129920.1465
7721.61 7721.61 0.0 129865.0391
7735.75 7735.75 0.0 129810.1445
7749.89 7749.89 0.0 129755.4121
7764.03 7764.03 0.0 129700.8516
7778.17 7778.17 0.0 129646.4453
