0.0 0.0 0.0 220273.2109
14.1421 14.1421 0.0 194409.8594
28.2843 28.2843 0.0 190889.0000
42.4264 42.4264 0.0 188048.7969
56.5685 56.5685 0.0 185514.0312
70.7107 70.7107 0.0 183164.2109
84.8528 84.8528 0.0 180938.5938
98.9949 98.9949 0.0 178801.3516
113.137 113.137 0.0 176729.9375
127.279 127.279 0.0 174709.7344
141.421 141.421 0.0 172731.3672
155.563 155.563 0.0 170788.8750
169.706 169.706 0.0 168878.6484
183.848 183.848 0.0 166999.0703
197.99 197.99 0.0 165149.1680
212.132 212.132 0.0 163329.0547
226.274 226.274 0.0 161539.1680
240.416 240.416 0.0 159780.4961
254.558 254.558 0.0 158054.0352
268.701 268.701 0.0 156360.8242
282.843 282.843 0.0 154702.1875
296.985 296.985 0.0 153079.1523
311.127 311.127 0.0 151492.6953
325.269 325.269 0.0 149943.6719
339.411 339.411 0.0 148432.8750
353.553 353.553 0.0 146960.8828
367.696 367.696 0.0 145528.0508
381.838 381.838 0.0 144134.8867
395.98 395.98 0.0 142781.4023
410.122 410.122 0.0 141467.6758
424.264 424.264 0.0 140193.5781
438.406 438.406 0.0 138958.8281
452.548 452.548 0.0 137763.1562
466.69 466.69 0.0 136606.0078
480.833 480.833 0.0 135486.8672
494.975 494.975 0.0 134405.2070
509.117 509.117 0.0 133360.2617
523.259 523.259 0.0 132351.3047
537.401 537.401 0.0 131377.5059
551.543 551.543 0.0 130438.0410
565.685 565.685 0.0 129532.0254
579.828 579.828 0.0 128658.4844
593.97 593.97 0.0 127816.6211
608.112 608.112 0.0 127005.4258
622.254 622.254 0.0 126223.9922
636.396 636.396 0.0 125471.3574
650.538 650.538 0.0 124746.5566
664.68 664.68 0.0 124048.6738
678.823 678.823 0.0 123376.7520
692.965 692.965 0.0 122729.9355
707.107 707.107 0.0 122107.3086
721.249 721.249 0.0 121507.9785
735.391 735.391 0.0 120931.0801
749.533 749.533 0.0 120375.8105
763.675 763.675 0.0 119841.3047
777.817 777.817 0.0 119326.7969
791.96 791.96 0.0 118831.4668
806.102 806.102 0.0 118354.6348
820.244 820.244 0.0 117895.5547
834.386 834.386 0.0 117453.5195
848.528 848.528 0.0 117027.8564
862.67 862.67 0.0 116617.9150
876.812 876.812 0.0 116223.0566
890.955 890.955 0.0 115842.6650
905.097 905.097 0.0 115476.2031
919.239 919.239 0.0 115123.0908
933.381 933.381 0.0 114782.7705
947.523 947.523 0.0 114454.7441
961.665 961.665 0.0 114138.5166
975.807 975.807 0.0 113833.6035
989.949 989.949 0.0 113539.5605
1004.09 1004.09 0.0 113255.9512
1018.23 1018.23 0.0 112982.3682
1032.38 1032.38 0.0 112718.2002
1046.52 1046.52 0.0 112463.4268
1060.66 1060.66 0.0 112217.5244
1074.8 1074.8 0.0 111980.0918
1088.94 1088.94 0.0 111750.8164
1103.09 1103.09 0.0 111529.2266
1117.23 1117.23 0.0 111315.3037
1131.37 1131.37 0.0 111108.6094
1145.51 1145.51 0.0 110908.8516
1159.66 1159.66 0.0 110715.6299
1173.8 1173.8 0.0 110528.9502
1187.94 1187.94 0.0 110348.4277
1202.08 1202.08 0.0 110173.8242
1216.22 1216.22 0.0 110004.9053
1230.37 1230.37 0.0 109841.3389
1244.51 1244.51 0.0 109683.1562
1258.65 1258.65 0.0 109530.0303
1272.79 1272.79 0.0 109381.7720
1286.93 1286.93 0.0 109238.1973
1301.08 1301.08 0.0 109099.0308
1315.22 1315.22 0.0 108964.2988
1329.36 1329.36 0.0 108833.7505
1343.5 1343.5 0.0 108707.2246
1357.65 1357.65 0.0 108584.4785
1371.79 1371.79 0.0 108465.5562
1385.93 1385.93 0.0 108350.2280
1400.07 1400.07 0.0 108238.3560
1414.21 1414.21 0.0 108129.8242
1428.36 1428.36 0.0 108024.4390
1442.5 1442.5 0.0 107922.2295
1456.64 1456.64 0.0 107823.0068
1470.78 1470.78 0.0 107726.6685
1484.92 1484.92 0.0 107633.1113
1499.07 1499.07 0.0 107542.1797
1513.21 1513.21 0.0 107453.9009
1527.35 1527.35 0.0 107368.1240
1541.49 1541.49 0.0 107284.7568
1555.63 1555.63 0.0 107203.7183
1569.78 1569.78 0.0 107124.8784
1583.92 1583.92 0.0 107048.2632
1598.06 1598.06 0.0 106973.7524
1612.2 1612.2 0.0 106901.2651
1626.35 1626.35 0.0 106830.6890
1640.49 1640.49 0.0 106762.0513
1654.63 1654.63 0.0 106695.2573
1668.77 1668.77 0.0 106630.2207
1682.91 1682.91 0.0 106566.8965
1697.06 1697.06 0.0 106505.1860
1711.2 1711.2 0.0 106445.1157
1725.34 1725.34 0.0 106386.5981
1739.48 1739.48 0.0 106329.5698
1753.62 1753.62 0.0 106273.9932
1767.77 1767.77 0.0 106219.7861
1781.91 1781.91 0.0 106166.9683
1796.05 1796.05 0.0 106115.4668
1810.19 1810.19 0.0 106065.2324
1824.34 1824.34 0.0 106016.1963
1838.48 1838.48 0.0 105968.3901
1852.62 1852.62 0.0 105921.7349
1866.76 1866.76 0.0 105876.1968
1880.9 1880.9 0.0 105831.7441
1895.05 1895.05 0.0 105788.3101
1909.19 1909.19 0.0 105745.9224
1923.33 1923.33 0.0 105704.5195
1937.47 1937.47 0.0 105664.0723
1951.61 1951.61 0.0 105624.5493
1965.76 1965.76 0.0 105585.9014
1979.9 1979.9 0.0 105548.1416
1994.04 1994.04 0.0 105511.2324
2008.18 2008.18 0.0 105475.1387
2022.33 2022.33 0.0 105439.8120
2036.47 2036.47 0.0 105405.2773
2050.61 2050.61 0.0 105371.4915
2064.75 2064.75 0.0 105338.4290
2078.89 2078.89 0.0 105306.0649
2093.04 2093.04 0.0 105274.3591
2107.18 2107.18 0.0 105243.3403
2121.32 2121.32 0.0 105212.9624
2135.46 2135.46 0.0 105183.2031
2149.6 2149.6 0.0 105154.0483
2163.75 2163.75 0.0 105125.4609
2177.89 2177.89 0.0 105097.4617
2192.03 2192.03 0.0 105070.0142
2206.17 2206.17 0.0 105043.1018
2220.32 2220.32 0.0 105016.6941
2234.46 2234.46 0.0 104990.8081
2248.6 2248.6 0.0 104965.4153
2262.74 2262.74 0.0 104940.4958
2276.88 2276.88 0.0 104916.0439
2291.03 2291.03 0.0 104892.0220
2305.17 2305.17 0.0 104868.4541
2319.31 2319.31 0.0 104845.3113
2333.45 2333.45 0.0 104822.5808
2347.59 2347.59 0.0 104800.2549
2361.74 2361.74 0.0 104778.2993
2375.88 2375.88 0.0 104756.7407
2390.02 2390.02 0.0 104735.5486
2404.16 2404.16 0.0 104714.7131
2418.31 2418.31 0.0 104694.2146
2432.45 2432.45 0.0 104674.0662
2446.59 2446.59 0.0 104654.2507
2460.73 2460.73 0.0 104634.7537
2474.87 2474.87 0.0 104615.5715
2489.02 2489.02 0.0 104596.6790
2503.16 2503.16 0.0 104578.0933
2517.3 2517.3 0.0 104559.7932
2531.44 2531.44 0.0 104541.7764
2545.58 2545.58 0.0 104524.0305
2559.73 2559.73 0.0 104506.5398
2573.87 2573.87 0.0 104489.3191
2588.01 2588.01 0.0 104472.3459
2602.15 2602.15 0.0 104455.6248
2616.3 2616.3 0.0 104439.1274
2630.44 2630.44 0.0 104422.8757
2644.58 2644.58 0.0 104406.8511
2658.72 2658.72 0.0 104391.0496
2672.86 2672.86 0.0 104375.4639
2687.01 2687.01 0.0 104360.0789
2701.15 2701.15 0.0 104344.9106
2715.29 2715.29 0.0 104329.9409
2729.43 2729.43 0.0 104315.1724
2743.57 2743.57 0.0 104300.5920
2757.72 2757.72 0.0 104286.1902
2771.86 2771.86 0.0 104271.9814
2786.0 2786.0 0.0 104257.9524
2800.14 2800.14 0.0 104244.0984
2814.28 2814.28 0.0 104230.4150
2828.43 2828.43 0.0 104216.8892
2842.57 2842.57 0.0 104203.5386
2856.71 2856.71 0.0 104190.3479
2870.85 2870.85 0.0 104177.3154
2885.0 2885.0 0.0 104164.4258
2899.14 2899.14 0.0 104151.6968
2913.28 2913.28 0.0 104139.1172
2927.42 2927.42 0.0 104126.6829
2941.56 2941.56 0.0 104114.3896
2955.71 2955.71 0.0 104102.2280
2969.85 2969.85 0.0 104090.2107
2983.99 2983.99 0.0 104078.3289
2998.13 2998.13 0.0 104066.5791
3012.27 3012.27 0.0 104054.9629
3026.42 3026.42 0.0 104043.4602
3040.56 3040.56 0.0 104032.0962
3054.7 3054.7 0.0 104020.8542
3068.84 3068.84 0.0 104009.7329
3082.99 3082.99 0.0 103998.7224
3097.13 3097.13 0.0 103987.8394
3111.27 3111.27 0.0 103977.0737
3125.41 3125.41 0.0 103966.4211
3139.55 3139.55 0.0 103955.8811
3153.7 3153.7 0.0 103945.4453
3167.84 3167.84 0.0 103935.1245
3181.98 3181.98 0.0 103924.9121
3196.12 3196.12 0.0 103914.8079
3210.26 3210.26 0.0 103904.8076
3224.41 3224.41 0.0 103894.9036
3238.55 3238.55 0.0 103885.1106
3252.69 3252.69 0.0 103875.4182
3266.83 3266.83 0.0 103865.8267
3280.98 3280.98 0.0 103856.3274
3295.12 3295.12 0.0 103846.9321
3309.26 3309.26 0.0 103837.6306
3323.4 3323.4 0.0 103828.4275
3337.54 3337.54 0.0 103819.3188
3351.69 3351.69 0.0 103810.2976
3365.83 3365.83 0.0 103801.3740
3379.97 3379.97 0.0 103792.5420
3394.11 3394.11 0.0 103783.7988
3408.25 3408.25 0.0 103775.1511
3422.4 3422.4 0.0 103766.5801
3436.54 3436.54 0.0 103758.1062
3450.68 3450.68 0.0 103749.7195
3464.82 3464.82 0.0 103741.4194
3478.97 3478.97 0.0 103733.1978
3493.11 3493.11 0.0 103725.0684
3507.25 3507.25 0.0 103717.0188
3521.39 3521.39 0.0 103709.0574
3535.53 3535.53 0.0 103701.1741
3549.68 3549.68 0.0 103693.3694
3563.82 3563.82 0.0 103685.6528
3577.96 3577.96 0.0 103678.0132
3592.1 3592.1 0.0 103670.4539
3606.24 3606.24 0.0 103662.9746
3620.39 3620.39 0.0 103655.5669
3634.53 3634.53 0.0 103648.2446
3648.67 3648.67 0.0 103640.9949
3662.81 3662.81 0.0 103633.8250
3676.96 3676.96 0.0 103626.7256
3691.1 3691.1 0.0 103619.7024
3705.24 3705.24 0.0 103612.7554
3719.38 3719.38 0.0 103605.8835
3733.52 3733.52 0.0 103599.0845
3747.67 3747.67 0.0 103592.3496
3761.81 3761.81 0.0 103585.6951
3775.95 3775.95 0.0 103579.1106
3790.09 3790.09 0.0 103572.5955
3804.23 3804.23 0.0 103566.1528
3818.38 3818.38 0.0 103559.7708
3832.52 3832.52 0.0 103553.4668
3846.66 3846.66 0.0 103547.2256
3860.8 3860.8 0.0 103541.0569
3874.95 3874.95 0.0 103534.9475
3889.09 3889.09 0.0 103528.9097
3903.23 3903.23 0.0 103522.9382
3917.37 3917.37 0.0 103517.0293
3931.51 3931.51 0.0 103511.1880
3945.66 3945.66 0.0 103505.4016
3959.8 3959.8 0.0 103499.6865
3973.94 3973.94 0.0 103494.0320
3988.08 3988.08 0.0 103488.4417
4002.22 4002.22 0.0 103482.9109
4016.37 4016.37 0.0 103477.4373
4030.51 4030.51 0.0 103472.0288
4044.65 4044.65 0.0 103466.6785
4058.79 4058.79 0.0 103461.3894
4072.94 4072.94 0.0 103456.1521
4087.08 4087.08 0.0 103450.9751
4101.22 4101.22 0.0 103445.8574
4115.36 4115.36 0.0 103440.7979
4129.5 4129.5 0.0 103435.7910
4143.65 4143.65 0.0 103430.8379
4157.79 4157.79 0.0 103425.9414
4171.93 4171.93 0.0 103421.1013
4186.07 4186.07 0.0 103416.3132
4200.21 4200.21 0.0 103411.5789
4214.36 4214.36 0.0 103406.8911
4228.5 4228.5 0.0 103402.2607
4242.64 4242.64 0.0 103397.6826
4256.78 4256.78 0.0 103393.1516
4270.92 4270.92 0.0 103388.6702
4285.07 4285.07 0.0 103384.2375
4299.21 4299.21 0.0 103379.8557
4313.35 4313.35 0.0 103375.5210
4327.49 4327.49 0.0 103371.2346
4341.64 4341.64 0.0 103366.9932
4355.78 4355.78 0.0 103362.8004
4369.92 4369.92 0.0 103358.6521
4384.06 4384.06 0.0 103354.5505
4398.2 4398.2 0.0 103350.4913
4412.35 4412.35 0.0 103346.4739
4426.49 4426.49 0.0 103342.5037
4440.63 4440.63 0.0 103338.5767
4454.77 4454.77 0.0 103334.6891
4468.91 4468.91 0.0 103330.8441
4483.06 4483.06 0.0 103327.0383
4497.2 4497.2 0.0 103323.2737
4511.34 4511.34 0.0 103319.5504
4525.48 4525.48 0.0 103315.8685
4539.63 4539.63 0.0 103312.2186
4553.77 4553.77 0.0 103308.6113
4567.91 4567.91 0.0 103305.0409
4582.05 4582.05 0.0 103301.5070
4596.19 4596.19 0.0 103298.0094
4610.34 4610.34 0.0 103294.5460
4624.48 4624.48 0.0 103291.1190
4638.62 4638.62 0.0 103287.7277
4652.76 4652.76 0.0 103284.3702
4666.9 4666.9 0.0 103281.0485
4681.05 4681.05 0.0 103277.7552
4695.19 4695.19 0.0 103274.4966
4709.33 4709.33 0.0 103271.2693
4723.47 4723.47 0.0 103268.0762
4737.62 4737.62 0.0 103264.9093
4751.76 4751.76 0.0 103261.7754
4765.9 4765.9 0.0 103258.6704
4780.04 4780.04 0.0 103255.5952
4794.18 4794.18 0.0 103252.5490
4808.33 4808.33 0.0 103249.5303
4822.47 4822.47 0.0 103246.5400
4836.61 4836.61 0.0 103243.5756
4850.75 4850.75 0.0 103240.6395
4864.89 4864.89 0.0 103237.7306
4879.04 4879.04 0.0 103234.8442
4893.18 4893.18 0.0 103231.9823
4907.32 4907.32 0.0 103229.1500
4921.46 4921.46 0.0 103226.3383
4935.61 4935.61 0.0 103223.5505
4949.75 4949.75 0.0 103220.7867
4963.89 4963.89 0.0 103218.0452
4978.03 4978.03 0.0 103215.3271
4992.17 4992.17 0.0 103212.6311
5006.32 5006.32 0.0 103209.9532
5020.46 5020.46 0.0 103207.2988
5034.6 5034.6 0.0 103204.6644
5048.74 5048.74 0.0 103202.0498
5062.88 5062.88 0.0 103199.4565
5077.03 5077.03 0.0 103196.8776
5091.17 5091.17 0.0 103194.3209
5105.31 5105.31 0.0 103191.7810
5119.45 5119.45 0.0 103189.2607
5133.6 5133.6 0.0 103186.7561
5147.74 5147.74 0.0 103184.2673
5161.88 5161.88 0.0 103181.7968
5176.02 5176.02 0.0 103179.3429
5190.16 5190.16 0.0 103176.9045
5204.31 5204.31 0.0 103174.4800
5218.45 5218.45 0.0 103172.0718
5232.59 5232.59 0.0 103169.6772
5246.73 5246.73 0.0 103167.2972
5260.87 5260.87 0.0 103164.9308
5275.02 5275.02 0.0 103162.5762
5289.16 5289.16 0.0 103160.2367
5303.3 5303.3 0.0 103157.9073
5317.44 5317.44 0.0 103155.5930
5331.59 5331.59 0.0 103153.2878
5345.73 5345.73 0.0 103150.9960
5359.87 5359.87 0.0 103148.7113
5374.01 5374.01 0.0 103146.4415
5388.15 5388.15 0.0 103144.1808
5402.3 5402.3 0.0 103141.9315
5416.44 5416.44 0.0 103139.6918
5430.58 5430.58 0.0 103137.4583
5444.72 5444.72 0.0 103135.2362
5458.86 5458.86 0.0 103133.0231
5473.01 5473.01 0.0 103130.8167
5487.15 5487.15 0.0 103128.6191
5501.29 5501.29 0.0 103126.4293
5515.43 5515.43 0.0 103124.2456
5529.58 5529.58 0.0 103122.0697
5543.72 5543.72 0.0 103119.8999
5557.86 5557.86 0.0 103117.7394
5572.0 5572.0 0.0 103115.5817
5586.14 5586.14 0.0 103113.4314
5600.29 5600.29 0.0 103111.2839
5614.43 5614.43 0.0 103109.1459
5628.57 5628.57 0.0 103107.0103
5642.71 5642.71 0.0 103104.8806
5656.85 5656.85 0.0 103102.7552
5671.0 5671.0 0.0 103100.6340
5685.14 5685.14 0.0 103098.5171
5699.28 5699.28 0.0 103096.4026
5713.42 5713.42 0.0 103094.2922
5727.56 5727.56 0.0 103092.1837
5741.71 5741.71 0.0 103090.0785
5755.85 5755.85 0.0 103087.9768
5769.99 5769.99 0.0 103085.8757
5784.13 5784.13 0.0 103083.7780
5798.28 5798.28 0.0 103081.6819
5812.42 5812.42 0.0 103079.5875
5826.56 5826.56 0.0 103077.4948
5840.7 5840.7 0.0 103075.4028
5854.84 5854.84 0.0 103073.3126
5868.99 5868.99 0.0 103071.2224
5883.13 5883.13 0.0 103069.1305
5897.27 5897.27 0.0 103067.0452
5911.41 5911.41 0.0 103064.9534
5925.55 5925.55 0.0 103062.8647
5939.7 5939.7 0.0 103060.7739
5953.84 5953.84 0.0 103058.6844
5967.98 5967.98 0.0 103056.5935
5982.12 5982.12 0.0 103054.5002
5996.27 5996.27 0.0 103052.4061
6010.41 6010.41 0.0 103050.3121
6024.55 6024.55 0.0 103048.2173
6038.69 6038.69 0.0 103046.1194
6052.83 6052.83 0.0 103044.0190
6066.98 6066.98 0.0 103041.9180
6081.12 6081.12 0.0 103039.8146
6095.26 6095.26 0.0 103037.7089
6109.4 6109.4 0.0 103035.5984
6123.54 6123.54 0.0 103033.4880
6137.69 6137.69 0.0 103031.3738
6151.83 6151.83 0.0 103029.2565
6165.97 6165.97 0.0 103027.1338
6180.11 6180.11 0.0 103025.0120
6194.26 6194.26 0.0 103022.8832
6208.4 6208.4 0.0 103020.7523
6222.54 6222.54 0.0 103018.6191
6236.68 6236.68 0.0 103016.4805
6250.82 6250.82 0.0 103014.3374
6264.97 6264.97 0.0 103012.1899
6279.11 6279.11 0.0 103010.0394
6293.25 6293.25 0.0 103007.8843
6307.39 6307.39 0.0 103005.7242
6321.53 6321.53 0.0 103003.5594
6335.68 6335.68 0.0 103001.3896
6349.82 6349.82 0.0 102999.2153
6363.96 6363.96 0.0 102997.0344
6378.1 6378.1 0.0 102994.8523
6392.25 6392.25 0.0 102992.6587
6406.39 6406.39 0.0 102990.4640
6420.53 6420.53 0.0 102988.2644
6434.67 6434.67 0.0 102986.0581
6448.81 6448.81 0.0 102983.8452
6462.96 6462.96 0.0 102981.6266
6477.1 6477.1 0.0 102979.4038
6491.24 6491.24 0.0 102977.1732
6505.38 6505.38 0.0 102974.9382
6519.52 6519.52 0.0 102972.6963
6533.67 6533.67 0.0 102970.4464
6547.81 6547.81 0.0 102968.1917
6561.95 6561.95 0.0 102965.9323
6576.09 6576.09 0.0 102963.6650
6590.24 6590.24 0.0 102961.3915
6604.38 6604.38 0.0 102959.1088
6618.52 6618.52 0.0 102956.8236
6632.66 6632.66 0.0 102954.5284
6646.8 6646.8 0.0 102952.2281
6660.95 6660.95 0.0 102949.9194
6675.09 6675.09 0.0 102947.6046
6689.23 6689.23 0.0 102945.2839
6703.37 6703.37 0.0 102942.9543
6717.51 6717.51 0.0 102940.6187
6731.66 6731.66 0.0 102938.2734
6745.8 6745.8 0.0 102935.9238
6759.94 6759.94 0.0 102933.5676
6774.08 6774.08 0.0 102931.2004
6788.23 6788.23 0.0 102928.8275
6802.37 6802.37 0.0 102926.4467
6816.51 6816.51 0.0 102924.0618
6830.65 6830.65 0.0 102921.6666
6844.79 6844.79 0.0 102919.2645
6858.94 6858.94 0.0 102916.8523
6873.08 6873.08 0.0 102914.4347
6887.22 6887.22 0.0 102912.0085
6901.36 6901.36 0.0 102909.5757
6915.5 6915.5 0.0 102907.1359
6929.65 6929.65 0.0 102904.6864
6943.79 6943.79 0.0 102902.2286
6957.93 6957.93 0.0 102899.7642
6972.07 6972.07 0.0 102897.2947
6986.21 6986.21 0.0 102894.8138
7000.36 7000.36 0.0 102892.3252
7014.5 7014.5 0.0 102889.8291
7028.64 7028.64 0.0 102887.3259
7042.78 7042.78 0.0 102884.8151
7056.93 7056.93 0.0 102882.2939
7071.07 7071.07 0.0 102879.7671
7085.21 7085.21 0.0 102877.2312
7099.35 7099.35 0.0 102874.6884
7113.49 7113.49 0.0 102872.1373
7127.64 7127.64 0.0 102869.5769
7141.78 7141.78 0.0 102867.0092
7155.92 7155.92 0.0 102864.4340
7170.06 7170.06 0.0 102861.8527
7184.2 7184.2 0.0 102859.2598
7198.35 7198.35 0.0 102856.6610
7212.49 7212.49 0.0 102854.0527
7226.63 7226.63 0.0 102851.4387
7240.77 7240.77 0.0 102848.8176
7254.92 7254.92 0.0 102846.1849
7269.06 7269.06 0.0 102843.5453
7283.2 7283.2 0.0 102840.8994
7297.34 7297.34 0.0 102838.2452
7311.48 7311.48 0.0 102835.5835
7325.63 7325.63 0.0 102832.9103
7339.77 7339.77 0.0 102830.2343
7353.91 7353.91 0.0 102827.5486
7368.05 7368.05 0.0 102824.8555
7382.19 7382.19 0.0 102822.1543
7396.34 7396.34 0.0 102819.4438
7410.48 7410.48 0.0 102816.7249
7424.62 7424.62 0.0 102814.0029
7438.76 7438.76 0.0 102811.2710
7452.91 7452.91 0.0 102808.5302
7467.05 7467.05 0.0 102805.7828
7481.19 7481.19 0.0 102803.0281
7495.33 7495.33 0.0 102800.2671
7509.47 7509.47 0.0 102797.4973
7523.62 7523.62 0.0 102794.7188
7537.76 7537.76 0.0 102791.9341
7551.9 7551.9 0.0 102789.1422
7566.04 7566.04 0.0 102786.3446
7580.18 7580.18 0.0 102783.5376
7594.33 7594.33 0.0 102780.7195
7608.47 7608.47 0.0 102777.9011
7622.61 7622.61 0.0 102775.0725
7636.75 7636.75 0.0 102772.2390
7650.9 7650.9 0.0 102769.3950
7665.04 7665.04 0.0 102766.5459
7679.18 7679.18 0.0 102763.6898
7693.32 7693.32 0.0 102760.8286
7707.46 7707.46 0.0 102757.9579
7721.61 7721.61 0.0 102755.0793
7735.75 7735.75 0.0 102752.1970
7749.89 7749.89 0.0 102749.3071
7764.03 7764.03 0.0 102746.4108
7778.17 7778.17 0.0 102743.5073
