0.0 0.0 0.0 681317.0625
14.1421 14.1421 0.0 1494079.3750
28.2843 28.2843 0.0 1496180.6250
42.4264 42.4264 0.0 1490033.8750
56.5685 56.5685 0.0 1482273.3750
70.7107 70.7107 0.0 1473730.2500
84.8528 84.8528 0.0 1463976.5000
98.9949 98.9949 0.0 1452632.6250
113.137 113.137 0.0 1439592.8750
127.279 127.279 0.0 1424971.5000
141.421 141.421 0.0 1408992.8750
155.563 155.563 0.0 1391915.3750
169.706 169.706 0.0 1373974.8750
183.848 183.848 0.0 1355369.5000
197.99 197.99 0.0 1336247.8750
212.132 212.132 0.0 1316718.1250
226.274 226.274 0.0 1296856.6250
240.416 240.416 0.0 1276719.2500
254.558 254.558 0.0 1256343.6250
268.701 268.701 0.0 1235757.8750
282.843 282.843 0.0 1214995.5000
296.985 296.985 0.0 1194077.8750
311.127 311.127 0.0 1173030.8750
325.269 325.269 0.0 1151881.3750
339.411 339.411 0.0 1130657.1875
353.553 353.553 0.0 1109387.8125
367.696 367.696 0.0 1088099.8125
381.838 381.838 0.0 1066826.8750
395.98 395.98 0.0 1045594.5625
410.122 410.122 0.0 1024432.1250
424.264 424.264 0.0 1003364.8125
438.406 438.406 0.0 982418.9375
452.548 452.548 0.0 961617.5000
466.69 466.69 0.0 940981.6250
480.833 480.833 0.0 920531.8750
494.975 494.975 0.0 900288.1250
509.117 509.117 0.0 880267.6250
523.259 523.259 0.0 860485.8125
537.401 537.401 0.0 840957.3750
551.543 551.543 0.0 821696.5625
565.685 565.685 0.0 802715.6875
579.828 579.828 0.0 784025.7500
593.97 593.97 0.0 765640.5625
608.112 608.112 0.0 747568.5000
622.254 622.254 0.0 729821.2500
636.396 636.396 0.0 712407.1875
650.538 650.538 0.0 695335.3125
664.68 664.68 0.0 678613.9375
678.823 678.823 0.0 662250.0000
692.965 692.965 0.0 646253.5000
707.107 707.107 0.0 630628.7500
721.249 721.249 0.0 615383.3438
735.391 735.391 0.0 600522.7812
749.533 749.533 0.0 586050.9688
763.675 763.675 0.0 571972.4062
777.817 777.817 0.0 558291.5938
791.96 791.96 0.0 545007.6250
806.102 806.102 0.0 532126.0938
820.244 820.244 0.0 519645.8750
834.386 834.386 0.0 507566.5625
848.528 848.528 0.0 495886.6562
862.67 862.67 0.0 484603.6562
876.812 876.812 0.0 473714.0312
890.955 890.955 0.0 463212.4688
905.097 905.097 0.0 453094.9375
919.239 919.239 0.0 443353.7812
933.381 933.381 0.0 433981.7188
947.523 947.523 0.0 424969.5938
961.665 961.665 0.0 416309.1250
975.807 975.807 0.0 407989.7500
989.949 989.949 0.0 400000.9062
1004.09 1004.09 0.0 392332.0938
1018.23 1018.23 0.0 384972.0312
1032.38 1032.38 0.0 377902.7500
1046.52 1046.52 0.0 371122.4688
1060.66 1060.66 0.0 364614.0312
1074.8 1074.8 0.0 358365.0000
1088.94 1088.94 0.0 352363.3438
1103.09 1103.09 0.0 346592.8906
1117.23 1117.23 0.0 341050.5781
1131.37 1131.37 0.0 335720.4375
1145.51 1145.51 0.0 330591.2344
1159.66 1159.66 0.0 325649.2188
1173.8 1173.8 0.0 320890.9219
1187.94 1187.94 0.0 316302.8438
1202.08 1202.08 0.0 311875.9219
1216.22 1216.22 0.0 307601.2188
1230.37 1230.37 0.0 303467.5156
1244.51 1244.51 0.0 299472.9219
1258.65 1258.65 0.0 295607.0469
1272.79 1272.79 0.0 291863.0312
1286.93 1286.93 0.0 288234.5625
1301.08 1301.08 0.0 284713.2812
1315.22 1315.22 0.0 281298.3125
1329.36 1329.36 0.0 277982.2969
1343.5 1343.5 0.0 274760.4531
1357.65 1357.65 0.0 271626.0156
1371.79 1371.79 0.0 268579.3438
1385.93 1385.93 0.0 265614.6562
1400.07 1400.07 0.0 262728.1094
1414.21 1414.21 0.0 259916.6719
1428.36 1428.36 0.0 257175.4219
1442.5 1442.5 0.0 254505.3594
1456.64 1456.64 0.0 251901.9844
1470.78 1470.78 0.0 249362.7500
1484.92 1484.92 0.0 246885.5000
1499.07 1499.07 0.0 244466.3750
1513.21 1513.21 0.0 242106.9219
1527.35 1527.35 0.0 239803.5156
1541.49 1541.49 0.0 237554.1875
1555.63 1555.63 0.0 235357.5938
1569.78 1569.78 0.0 233210.4844
1583.92 1583.92 0.0 231114.4297
1598.06 1598.06 0.0 229066.5625
1612.2 1612.2 0.0 227065.4375
1626.35 1626.35 0.0 225108.5625
1640.49 1640.49 0.0 223197.3906
1654.63 1654.63 0.0 221329.2969
1668.77 1668.77 0.0 219503.2188
1682.91 1682.91 0.0 217718.1875
1697.06 1697.06 0.0 215971.9375
1711.2 1711.2 0.0 214265.8281
1725.34 1725.34 0.0 212597.6562
1739.48 1739.48 0.0 210966.7109
1753.62 1753.62 0.0 209372.0000
1767.77 1767.77 0.0 207811.5312
1781.91 1781.91 0.0 206286.7812
1796.05 1796.05 0.0 204795.8125
1810.19 1810.19 0.0 203337.8125
1824.34 1824.34 0.0 201911.0938
1838.48 1838.48 0.0 200516.8516
1852.62 1852.62 0.0 199153.4297
1866.76 1866.76 0.0 197820.0547
1880.9 1880.9 0.0 196516.1250
1895.05 1895.05 0.0 195239.9219
1909.19 1909.19 0.0 193992.7031
1923.33 1923.33 0.0 192772.7812
1937.47 1937.47 0.0 191579.5703
1951.61 1951.61 0.0 190412.3281
1965.76 1965.76 0.0 189269.5703
1979.9 1979.9 0.0 188152.3984
1994.04 1994.04 0.0 187059.1562
2008.18 2008.18 0.0 185989.3594
2022.33 2022.33 0.0 184941.4922
2036.47 2036.47 0.0 183916.4609
2050.61 2050.61 0.0 182912.8984
2064.75 2064.75 0.0 181930.1328
2078.89 2078.89 0.0 180967.5078
2093.04 2093.04 0.0 180023.8828
2107.18 2107.18 0.0 179099.8906
2121.32 2121.32 0.0 178194.2734
2135.46 2135.46 0.0 177306.5000
2149.6 2149.6 0.0 176436.0000
2163.75 2163.75 0.0 175581.6719
2177.89 2177.89 0.0 174744.1484
2192.03 2192.03 0.0 173922.3906
2206.17 2206.17 0.0 173115.8906
2220.32 2220.32 0.0 172323.6172
2234.46 2234.46 0.0 171546.3203
2248.6 2248.6 0.0 170782.9375
2262.74 2262.74 0.0 170033.1406
2276.88 2276.88 0.0 169296.5703
2291.03 2291.03 0.0 168572.3672
2305.17 2305.17 0.0 167861.2266
2319.31 2319.31 0.0 167162.3125
2333.45 2333.45 0.0 166475.3516
2347.59 2347.59 0.0 165800.0977
2361.74 2361.74 0.0 165135.8047
2375.88 2375.88 0.0 164483.1484
2390.02 2390.02 0.0 163841.4883
2404.16 2404.16 0.0 163210.5234
2418.31 2418.31 0.0 162589.6484
2432.45 2432.45 0.0 161979.5273
2446.59 2446.59 0.0 161379.4492
2460.73 2460.73 0.0 160789.1836
2474.87 2474.87 0.0 160208.4766
2489.02 2489.02 0.0 159636.6992
2503.16 2503.16 0.0 159074.3008
2517.3 2517.3 0.0 158520.5664
2531.44 2531.44 0.0 157975.1953
2545.58 2545.58 0.0 157437.7695
2559.73 2559.73 0.0 156907.6211
2573.87 2573.87 0.0 156385.0234
2588.01 2588.01 0.0 155869.2891
2602.15 2602.15 0.0 155360.0312
2616.3 2616.3 0.0 154856.6680
2630.44 2630.44 0.0 154359.6250
2644.58 2644.58 0.0 153868.4297
2658.72 2658.72 0.0 153383.0547
2672.86 2672.86 0.0 152903.6172
2687.01 2687.01 0.0 152429.9727
2701.15 2701.15 0.0 151963.2266
2715.29 2715.29 0.0 151503.4648
2729.43 2729.43 0.0 151051.2422
2743.57 2743.57 0.0 150607.1758
2757.72 2757.72 0.0 150171.5508
2771.86 2771.86 0.0 149745.5234
2786.0 2786.0 0.0 149329.2773
2800.14 2800.14 0.0 148923.1094
2814.28 2814.28 0.0 148527.2461
2828.43 2828.43 0.0 148141.4297
2842.57 2842.57 0.0 147766.1094
2856.71 2856.71 0.0 147400.7695
2870.85 2870.85 0.0 147045.0781
2885.0 2885.0 0.0 146698.4141
2899.14 2899.14 0.0 146360.8320
2913.28 2913.28 0.0 146031.7109
2927.42 2927.42 0.0 145710.6406
2941.56 2941.56 0.0 145397.2969
2955.71 2955.71 0.0 145091.2031
2969.85 2969.85 0.0 144792.5586
2983.99 2983.99 0.0 144500.9258
2998.13 2998.13 0.0 144216.1523
3012.27 3012.27 0.0 143938.0703
3026.42 3026.42 0.0 143666.3750
3040.56 3040.56 0.0 143401.2070
3054.7 3054.7 0.0 143142.2148
3068.84 3068.84 0.0 142889.1211
3082.99 3082.99 0.0 142641.4648
3097.13 3097.13 0.0 142399.3164
3111.27 3111.27 0.0 142162.0703
3125.41 3125.41 0.0 141929.3906
3139.55 3139.55 0.0 141700.7852
3153.7 3153.7 0.0 141475.6562
3167.84 3167.84 0.0 141253.8242
3181.98 3181.98 0.0 141034.6797
3196.12 3196.12 0.0 140817.7031
3210.26 3210.26 0.0 140602.3945
3224.41 3224.41 0.0 140388.1133
3238.55 3238.55 0.0 140174.6797
3252.69 3252.69 0.0 139961.5078
3266.83 3266.83 0.0 139748.1562
3280.98 3280.98 0.0 139534.0781
3295.12 3295.12 0.0 139319.1602
3309.26 3309.26 0.0 139102.9766
3323.4 3323.4 0.0 138885.1523
3337.54 3337.54 0.0 138665.4492
3351.69 3351.69 0.0 138443.4609
3365.83 3365.83 0.0 138219.3047
3379.97 3379.97 0.0 137992.6562
3394.11 3394.11 0.0 137763.3828
3408.25 3408.25 0.0 137531.3984
3422.4 3422.4 0.0 137296.4805
3436.54 3436.54 0.0 137058.9531
3450.68 3450.68 0.0 136818.6250
3464.82 3464.82 0.0 136575.5469
3478.97 3478.97 0.0 136329.6133
3493.11 3493.11 0.0 136081.2852
3507.25 3507.25 0.0 135830.4844
3521.39 3521.39 0.0 135577.3555
3535.53 3535.53 0.0 135322.0547
3549.68 3549.68 0.0 135064.6211
3563.82 3563.82 0.0 134805.5547
3577.96 3577.96 0.0 134544.9258
3592.1 3592.1 0.0 134282.9531
3606.24 3606.24 0.0 134019.8359
3620.39 3620.39 0.0 133755.6562
3634.53 3634.53 0.0 133491.0156
3648.67 3648.67 0.0 133225.9824
3662.81 3662.81 0.0 132960.8125
3676.96 3676.96 0.0 132695.5234
3691.1 3691.1 0.0 132430.8008
3705.24 3705.24 0.0 132166.6719
3719.38 3719.38 0.0 131903.4160
3733.52 3733.52 0.0 131641.2559
3747.67 3747.67 0.0 131380.2793
3761.81 3761.81 0.0 131121.1309
3775.95 3775.95 0.0 130863.8789
3790.09 3790.09 0.0 130608.7520
3804.23 3804.23 0.0 130356.1055
3818.38 3818.38 0.0 130105.9863
3832.52 3832.52 0.0 129859.0703
3846.66 3846.66 0.0 129615.5059
3860.8 3860.8 0.0 129375.5762
3874.95 3874.95 0.0 129139.4551
3889.09 3889.09 0.0 128907.8008
3903.23 3903.23 0.0 128680.7832
3917.37 3917.37 0.0 128458.7344
3931.51 3931.51 0.0 128241.9609
3945.66 3945.66 0.0 128030.6270
3959.8 3959.8 0.0 127825.2812
3973.94 3973.94 0.0 127626.0742
3988.08 3988.08 0.0 127433.1816
4002.22 4002.22 0.0 127246.7832
4016.37 4016.37 0.0 127066.8965
4030.51 4030.51 0.0 126893.8145
4044.65 4044.65 0.0 126727.4219
4058.79 4058.79 0.0 126567.6855
4072.94 4072.94 0.0 126414.3613
4087.08 4087.08 0.0 126267.5332
4101.22 4101.22 0.0 126126.8711
4115.36 4115.36 0.0 125992.0723
4129.5 4129.5 0.0 125862.8828
4143.65 4143.65 0.0 125738.8262
4157.79 4157.79 0.0 125619.7402
4171.93 4171.93 0.0 125505.1211
4186.07 4186.07 0.0 125394.5840
4200.21 4200.21 0.0 125287.7207
4214.36 4214.36 0.0 125184.0430
4228.5 4228.5 0.0 125083.3145
4242.64 4242.64 0.0 124985.0859
4256.78 4256.78 0.0 124889.0098
4270.92 4270.92 0.0 124794.7266
4285.07 4285.07 0.0 124701.9023
4299.21 4299.21 0.0 124610.3750
4313.35 4313.35 0.0 124519.8496
4327.49 4327.49 0.0 124430.1016
4341.64 4341.64 0.0 124340.8945
4355.78 4355.78 0.0 124252.1953
4369.92 4369.92 0.0 124163.8223
4384.06 4384.06 0.0 124075.6699
4398.2 4398.2 0.0 123987.7051
4412.35 4412.35 0.0 123899.7715
4426.49 4426.49 0.0 123811.9727
4440.63 4440.63 0.0 123724.2637
4454.77 4454.77 0.0 123636.6230
4468.91 4468.91 0.0 123549.0781
4483.06 4483.06 0.0 123461.6016
4497.2 4497.2 0.0 123374.3145
4511.34 4511.34 0.0 123287.2441
4525.48 4525.48 0.0 123200.4062
4539.63 4539.63 0.0 123113.7969
4553.77 4553.77 0.0 123027.5918
4567.91 4567.91 0.0 122941.7656
4582.05 4582.05 0.0 122856.3691
4596.19 4596.19 0.0 122771.4785
4610.34 4610.34 0.0 122687.0566
4624.48 4624.48 0.0 122603.2480
4638.62 4638.62 0.0 122520.0742
4652.76 4652.76 0.0 122437.5410
4666.9 4666.9 0.0 122355.6895
4681.05 4681.05 0.0 122274.4941
4695.19 4695.19 0.0 122194.0684
4709.33 4709.33 0.0 122114.4062
4723.47 4723.47 0.0 122035.5215
4737.62 4737.62 0.0 121957.3613
4751.76 4751.76 0.0 121880.0410
4765.9 4765.9 0.0 121803.5430
4780.04 4780.04 0.0 121727.8164
4794.18 4794.18 0.0 121652.9180
4808.33 4808.33 0.0 121578.7617
4822.47 4822.47 0.0 121505.4590
4836.61 4836.61 0.0 121432.9473
4850.75 4850.75 0.0 121361.2324
4864.89 4864.89 0.0 121290.2891
4879.04 4879.04 0.0 121220.0645
4893.18 4893.18 0.0 121150.6387
4907.32 4907.32 0.0 121081.9668
4921.46 4921.46 0.0 121014.0371
4935.61 4935.61 0.0 120946.7598
4949.75 4949.75 0.0 120880.2500
4963.89 4963.89 0.0 120814.4160
4978.03 4978.03 0.0 120749.2578
4992.17 4992.17 0.0 120684.7559
5006.32 5006.32 0.0 120620.8516
5020.46 5020.46 0.0 120557.6270
5034.6 5034.6 0.0 120495.0059
5048.74 5048.74 0.0 120432.9883
5062.88 5062.88 0.0 120371.5352
5077.03 5077.03 0.0 120310.6074
5091.17 5091.17 0.0 120250.2832
5105.31 5105.31 0.0 120190.4961
5119.45 5119.45 0.0 120131.2129
5133.6 5133.6 0.0 120072.4043
5147.74 5147.74 0.0 120014.1309
5161.88 5161.88 0.0 119956.3379
5176.02 5176.02 0.0 119899.0020
5190.16 5190.16 0.0 119842.1250
5204.31 5204.31 0.0 119785.6543
5218.45 5218.45 0.0 119729.6328
5232.59 5232.59 0.0 119674.0430
5246.73 5246.73 0.0 119618.8516
5260.87 5260.87 0.0 119564.0469
5275.02 5275.02 0.0 119509.5996
5289.16 5289.16 0.0 119455.5566
5303.3 5303.3 0.0 119401.8672
5317.44 5317.44 0.0 119348.5371
5331.59 5331.59 0.0 119295.5176
5345.73 5345.73 0.0 119242.8574
5359.87 5359.87 0.0 119190.5156
5374.01 5374.01 0.0 119138.5137
5388.15 5388.15 0.0 119086.8027
5402.3 5402.3 0.0 119035.3574
5416.44 5416.44 0.0 118984.2383
5430.58 5430.58 0.0 118933.4121
5444.72 5444.72 0.0 118882.8652
5458.86 5458.86 0.0 118832.5762
5473.01 5473.01 0.0 118782.5137
5487.15 5487.15 0.0 118732.7578
5501.29 5501.29 0.0 118683.2559
5515.43 5515.43 0.0 118633.9941
5529.58 5529.58 0.0 118584.9492
5543.72 5543.72 0.0 118536.1699
5557.86 5557.86 0.0 118487.6211
5572.0 5572.0 0.0 118439.3047
5586.14 5586.14 0.0 118391.2031
5600.29 5600.29 0.0 118343.2930
5614.43 5614.43 0.0 118295.6387
5628.57 5628.57 0.0 118248.1934
5642.71 5642.71 0.0 118200.9531
5656.85 5656.85 0.0 118153.9199
5671.0 5671.0 0.0 118107.0703
5685.14 5685.14 0.0 118060.4414
5699.28 5699.28 0.0 118014.0039
5713.42 5713.42 0.0 117967.7734
5727.56 5727.56 0.0 117921.7324
5741.71 5741.71 0.0 117875.8594
5755.85 5755.85 0.0 117830.2090
5769.99 5769.99 0.0 117784.7344
5784.13 5784.13 0.0 117739.4590
5798.28 5798.28 0.0 117694.3320
5812.42 5812.42 0.0 117649.4287
5826.56 5826.56 0.0 117604.7158
5840.7 5840.7 0.0 117560.1709
5854.84 5854.84 0.0 117515.8154
5868.99 5868.99 0.0 117471.6260
5883.13 5883.13 0.0 117427.6328
5897.27 5897.27 0.0 117383.8340
5911.41 5911.41 0.0 117340.2002
5925.55 5925.55 0.0 117296.7725
5939.7 5939.7 0.0 117253.4922
5953.84 5953.84 0.0 117210.4199
5967.98 5967.98 0.0 117167.5361
5982.12 5982.12 0.0 117124.8301
5996.27 5996.27 0.0 117082.2871
6010.41 6010.41 0.0 117039.9561
6024.55 6024.55 0.0 116997.8105
6038.69 6038.69 0.0 116955.8613
6052.83 6052.83 0.0 116914.0869
6066.98 6066.98 0.0 116872.4844
6081.12 6081.12 0.0 116831.0947
6095.26 6095.26 0.0 116789.9014
6109.4 6109.4 0.0 116748.8955
6123.54 6123.54 0.0 116708.0791
6137.69 6137.69 0.0 116667.4287
6151.83 6151.83 0.0 116627.0059
6165.97 6165.97 0.0 116586.7764
6180.11 6180.11 0.0 116546.7402
6194.26 6194.26 0.0 116506.8779
6208.4 6208.4 0.0 116467.2480
6222.54 6222.54 0.0 116427.8008
6236.68 6236.68 0.0 116388.5537
6250.82 6250.82 0.0 116349.5293
6264.97 6264.97 0.0 116310.6699
6279.11 6279.11 0.0 116272.0459
6293.25 6293.25 0.0 116233.6172
6307.39 6307.39 0.0 116195.3994
6321.53 6321.53 0.0 116157.3848
6335.68 6335.68 0.0 116119.5508
6349.82 6349.82 0.0 116081.9453
6363.96 6363.96 0.0 116044.5596
6378.1 6378.1 0.0 116007.3721
6392.25 6392.25 0.0 115970.3682
6406.39 6406.39 0.0 115933.5957
6420.53 6420.53 0.0 115897.0459
6434.67 6434.67 0.0 115860.7031
6448.81 6448.81 0.0 115824.5596
6462.96 6462.96 0.0 115788.6094
6477.1 6477.1 0.0 115752.9102
6491.24 6491.24 0.0 115717.4023
6505.38 6505.38 0.0 115682.1162
6519.52 6519.52 0.0 115647.0381
6533.67 6533.67 0.0 115612.1543
6547.81 6547.81 0.0 115577.5078
6561.95 6561.95 0.0 115543.0820
6576.09 6576.09 0.0 115508.8447
6590.24 6590.24 0.0 115474.8096
6604.38 6604.38 0.0 115441.0107
6618.52 6618.52 0.0 115407.4170
6632.66 6632.66 0.0 115374.0508
6646.8 6646.8 0.0 115340.8945
6660.95 6660.95 0.0 115307.9219
6675.09 6675.09 0.0 115275.1846
6689.23 6689.23 0.0 115242.6553
6703.37 6703.37 0.0 115210.3408
6717.51 6717.51 0.0 115178.2441
6731.66 6731.66 0.0 115146.3262
6745.8 6745.8 0.0 115114.6445
6759.94 6759.94 0.0 115083.1719
6774.08 6774.08 0.0 115051.9072
6788.23 6788.23 0.0 115020.8350
6802.37 6802.37 0.0 114989.9893
6816.51 6816.51 0.0 114959.3535
6830.65 6830.65 0.0 114928.9297
6844.79 6844.79 0.0 114898.7070
6858.94 6858.94 0.0 114868.6660
6873.08 6873.08 0.0 114838.8574
6887.22 6887.22 0.0 114809.2559
6901.36 6901.36 0.0 114779.8516
6915.5 6915.5 0.0 114750.6562
6929.65 6929.65 0.0 114721.6465
6943.79 6943.79 0.0 114692.8555
6957.93 6957.93 0.0 114664.2676
6972.07 6972.07 0.0 114635.8887
6986.21 6986.21 0.0 114607.7041
7000.36 7000.36 0.0 114579.7031
7014.5 7014.5 0.0 114551.9111
7028.64 7028.64 0.0 114524.3271
7042.78 7042.78 0.0 114496.9385
7056.93 7056.93 0.0 114469.7305
7071.07 7071.07 0.0 114442.7334
7085.21 7085.21 0.0 114415.9404
7099.35 7099.35 0.0 114389.3369
7113.49 7113.49 0.0 114362.9180
7127.64 7127.64 0.0 114336.6943
7141.78 7141.78 0.0 114310.6631
7155.92 7155.92 0.0 114284.8379
7170.06 7170.06 0.0 114259.2041
7184.2 7184.2 0.0 114233.7568
7198.35 7198.35 0.0 114208.4736
7212.49 7212.49 0.0 114183.4043
7226.63 7226.63 0.0 114158.5176
7240.77 7240.77 0.0 114133.8252
7254.92 7254.92 0.0 114109.3115
7269.06 7269.06 0.0 114084.9854
7283.2 7283.2 0.0 114060.8369
7297.34 7297.34 0.0 114036.8906
7311.48 7311.48 0.0 114013.1270
7325.63 7325.63 0.0 113989.5166
7339.77 7339.77 0.0 113966.1172
7353.91 7353.91 0.0 113942.8857
7368.05 7368.05 0.0 113919.8447
7382.19 7382.19 0.0 113896.9854
7396.34 7396.34 0.0 113874.2725
7410.48 7410.48 0.0 113851.7666
7424.62 7424.62 0.0 113829.4316
7438.76 7438.76 0.0 113807.2725
7452.91 7452.91 0.0 113785.2695
7467.05 7467.05 0.0 113763.4648
7481.19 7481.19 0.0 113741.8281
7495.33 7495.33 0.0 113720.3691
7509.47 7509.47 0.0 113699.0762
7523.62 7523.62 0.0 113677.9365
7537.76 7537.76 0.0 113656.9854
7551.9 7551.9 0.0 113636.2031
7566.04 7566.04 0.0 113615.5898
7580.18 7580.18 0.0 113595.1377
7594.33 7594.33 0.0 113574.8486
7608.47 7608.47 0.0 113554.7256
7622.61 7622.61 0.0 113534.7793
7636.75 7636.75 0.0 113514.9932
7650.9 7650.9 0.0 113495.3496
7665.04 7665.04 0.0 113475.8857
7679.18 7679.18 0.0 113456.5859
7693.32 7693.32 0.0 113437.4424
7707.46 7707.46 0.0 113418.4609
7721.61 7721.61 0.0 113399.6230
7735.75 7735.75 0.0 113380.9570
7749.89 7749.89 0.0 113362.4463
7764.03 7764.03 0.0 113344.0879
7778.17 7778.17 0.0 113325.8955
