0.0 0.0 0.0 1279369.5000
14.1421 14.1421 0.0 8790670.0000
28.2843 28.2843 0.0 8958918.0000
42.4264 42.4264 0.0 8787853.0000
56.5685 56.5685 0.0 8337014.0000
70.7107 70.7107 0.0 7725262.0000
84.8528 84.8528 0.0 7044342.5000
98.9949 98.9949 0.0 6350186.0000
113.137 113.137 0.0 5664981.0000
127.279 127.279 0.0 4993520.0000
141.421 141.421 0.0 4335026.0000
155.563 155.563 0.0 3690209.7500
169.706 169.706 0.0 3067923.7500
183.848 183.848 0.0 2491887.0000
197.99 197.99 0.0 1998967.5000
212.132 212.132 0.0 1619940.3750
226.274 226.274 0.0 1355020.6250
240.416 240.416 0.0 1175488.2500
254.558 254.558 0.0 1046881.3125
268.701 268.701 0.0 944921.1875
282.843 282.843 0.0 857084.5625
296.985 296.985 0.0 778306.8750
311.127 311.127 0.0 707066.6250
325.269 325.269 0.0 643092.8125
339.411 339.411 0.0 586326.6562
353.553 353.553 0.0 536556.1562
367.696 367.696 0.0 493341.9688
381.838 381.838 0.0 456081.1562
395.98 395.98 0.0 424066.3750
410.122 410.122 0.0 396572.9375
424.264 424.264 0.0 372907.1250
438.406 438.406 0.0 352440.5312
452.548 452.548 0.0 334626.3906
466.69 466.69 0.0 319001.7812
480.833 480.833 0.0 305184.2969
494.975 494.975 0.0 292864.7969
509.117 509.117 0.0 281793.1094
523.259 523.259 0.0 271769.9062
537.401 537.401 0.0 262636.8281
551.543 551.543 0.0 254268.1875
565.685 565.685 0.0 246563.4375
579.828 579.828 0.0 239441.4844
593.97 593.97 0.0 232837.8125
608.112 608.112 0.0 226697.8828
622.254 622.254 0.0 220977.2656
636.396 636.396 0.0 215637.8516
650.538 650.538 0.0 210647.4141
664.68 664.68 0.0 205977.7188
678.823 678.823 0.0 201603.5078
692.965 692.965 0.0 197503.3438
707.107 707.107 0.0 193656.7656
721.249 721.249 0.0 190045.5391
735.391 735.391 0.0 186652.8906
749.533 749.533 0.0 183463.3516
763.675 763.675 0.0 180462.7578
777.817 777.817 0.0 177637.7031
791.96 791.96 0.0 174975.6406
806.102 806.102 0.0 172465.3906
820.244 820.244 0.0 170096.0859
834.386 834.386 0.0 167857.6875
848.528 848.528 0.0 165740.8125
862.67 862.67 0.0 163736.8086
876.812 876.812 0.0 161837.6094
890.955 890.955 0.0 160035.6250
905.097 905.097 0.0 158324.1562
919.239 919.239 0.0 156696.7109
933.381 933.381 0.0 155147.2656
947.523 947.523 0.0 153670.4648
961.665 961.665 0.0 152261.2305
975.807 975.807 0.0 150914.9688
989.949 989.949 0.0 149627.4102
1004.09 1004.09 0.0 148394.8086
1018.23 1018.23 0.0 147213.5156
1032.38 1032.38 0.0 146079.4141
1046.52 1046.52 0.0 144991.0820
1060.66 1060.66 0.0 143945.0156
1074.8 1074.8 0.0 142938.6250
1088.94 1088.94 0.0 141969.6211
1103.09 1103.09 0.0 141035.2188
1117.23 1117.23 0.0 140134.8008
1131.37 1131.37 0.0 139265.9023
1145.51 1145.51 0.0 138426.8477
1159.66 1159.66 0.0 137615.5781
1173.8 1173.8 0.0 136831.7969
1187.94 1187.94 0.0 136073.6133
1202.08 1202.08 0.0 135339.8945
1216.22 1216.22 0.0 134629.4922
1230.37 1230.37 0.0 133940.9375
1244.51 1244.51 0.0 133274.2324
1258.65 1258.65 0.0 132628.0449
1272.79 1272.79 0.0 132001.5801
1286.93 1286.93 0.0 131394.1465
1301.08 1301.08 0.0 130804.6387
1315.22 1315.22 0.0 130233.3262
1329.36 1329.36 0.0 129679.2422
1343.5 1343.5 0.0 129141.9082
1357.65 1357.65 0.0 128620.5312
1371.79 1371.79 0.0 128115.4766
1385.93 1385.93 0.0 127626.0410
1400.07 1400.07 0.0 127151.9531
1414.21 1414.21 0.0 126692.9570
1428.36 1428.36 0.0 126248.5234
1442.5 1442.5 0.0 125819.1328
1456.64 1456.64 0.0 125404.3145
1470.78 1470.78 0.0 125003.9473
1484.92 1484.92 0.0 124617.9336
1499.07 1499.07 0.0 124245.9414
1513.21 1513.21 0.0 123888.4277
1527.35 1527.35 0.0 123545.0527
1541.49 1541.49 0.0 123215.7363
1555.63 1555.63 0.0 122900.4160
1569.78 1569.78 0.0 122598.8008
1583.92 1583.92 0.0 122311.2148
1598.06 1598.06 0.0 122037.3359
1612.2 1612.2 0.0 121777.0039
1626.35 1626.35 0.0 121529.9082
1640.49 1640.49 0.0 121296.1797
1654.63 1654.63 0.0 121075.4199
1668.77 1668.77 0.0 120867.3672
1682.91 1682.91 0.0 120671.7617
1697.06 1697.06 0.0 120488.1289
1711.2 1711.2 0.0 120316.3613
1725.34 1725.34 0.0 120155.9375
1739.48 1739.48 0.0 120006.4668
1753.62 1753.62 0.0 119867.4941
1767.77 1767.77 0.0 119738.4473
1781.91 1781.91 0.0 119619.0371
1796.05 1796.05 0.0 119508.6523
1810.19 1810.19 0.0 119406.7695
1824.34 1824.34 0.0 119312.7988
1838.48 1838.48 0.0 119226.3164
1852.62 1852.62 0.0 119146.7305
1866.76 1866.76 0.0 119073.4844
1880.9 1880.9 0.0 119006.0078
1895.05 1895.05 0.0 118943.7676
1909.19 1909.19 0.0 118886.2988
1923.33 1923.33 0.0 118833.0488
1937.47 1937.47 0.0 118783.5039
1951.61 1951.61 0.0 118737.2012
1965.76 1965.76 0.0 118693.6230
1979.9 1979.9 0.0 118652.4141
1994.04 1994.04 0.0 118613.1074
2008.18 2008.18 0.0 118575.3008
2022.33 2022.33 0.0 118538.6191
2036.47 2036.47 0.0 118502.7422
2050.61 2050.61 0.0 118467.3379
2064.75 2064.75 0.0 118432.1270
2078.89 2078.89 0.0 118396.8281
2093.04 2093.04 0.0 118361.1816
2107.18 2107.18 0.0 118325.0391
2121.32 2121.32 0.0 118288.1680
2135.46 2135.46 0.0 118250.4355
2149.6 2149.6 0.0 118211.6797
2163.75 2163.75 0.0 118171.8105
2177.89 2177.89 0.0 118130.7637
2192.03 2192.03 0.0 118088.4707
2206.17 2206.17 0.0 118044.8906
2220.32 2220.32 0.0 117999.9785
2234.46 2234.46 0.0 117953.8184
2248.6 2248.6 0.0 117906.4043
2262.74 2262.74 0.0 117857.7871
2276.88 2276.88 0.0 117808.0430
2291.03 2291.03 0.0 117757.2168
2305.17 2305.17 0.0 117705.4922
2319.31 2319.31 0.0 117652.9492
2333.45 2333.45 0.0 117599.7354
2347.59 2347.59 0.0 117545.9717
2361.74 2361.74 0.0 117491.7871
2375.88 2375.88 0.0 117437.4316
2390.02 2390.02 0.0 117383.0059
2404.16 2404.16 0.0 117328.7021
2418.31 2418.31 0.0 117274.6201
2432.45 2432.45 0.0 117221.0186
2446.59 2446.59 0.0 117168.0000
2460.73 2460.73 0.0 117115.6973
2474.87 2474.87 0.0 117064.2412
2489.02 2489.02 0.0 117013.7119
2503.16 2503.16 0.0 116964.2344
2517.3 2517.3 0.0 116915.8662
2531.44 2531.44 0.0 116868.6299
2545.58 2545.58 0.0 116822.5410
2559.73 2559.73 0.0 116777.5459
2573.87 2573.87 0.0 116733.6572
2588.01 2588.01 0.0 116690.8018
2602.15 2602.15 0.0 116648.8457
2616.3 2616.3 0.0 116607.6426
2630.44 2630.44 0.0 116567.0947
2644.58 2644.58 0.0 116527.0146
2658.72 2658.72 0.0 116487.2188
2672.86 2672.86 0.0 116447.4902
2687.01 2687.01 0.0 116407.5869
2701.15 2701.15 0.0 116367.3398
2715.29 2715.29 0.0 116326.5098
2729.43 2729.43 0.0 116284.8477
2743.57 2743.57 0.0 116242.1436
2757.72 2757.72 0.0 116198.1729
2771.86 2771.86 0.0 116152.7793
2786.0 2786.0 0.0 116105.7617
2800.14 2800.14 0.0 116056.9658
2814.28 2814.28 0.0 116006.2598
2828.43 2828.43 0.0 115953.4971
2842.57 2842.57 0.0 115898.6807
2856.71 2856.71 0.0 115841.7158
2870.85 2870.85 0.0 115782.5986
2885.0 2885.0 0.0 115721.3066
2899.14 2899.14 0.0 115657.9531
2913.28 2913.28 0.0 115592.5986
2927.42 2927.42 0.0 115525.3271
2941.56 2941.56 0.0 115456.2979
2955.71 2955.71 0.0 115385.5830
2969.85 2969.85 0.0 115313.4990
2983.99 2983.99 0.0 115240.1523
2998.13 2998.13 0.0 115165.7930
3012.27 3012.27 0.0 115090.6211
3026.42 3026.42 0.0 115014.8174
3040.56 3040.56 0.0 114938.7129
3054.7 3054.7 0.0 114862.5098
3068.84 3068.84 0.0 114786.4238
3082.99 3082.99 0.0 114710.6240
3097.13 3097.13 0.0 114635.4346
3111.27 3111.27 0.0 114561.0127
3125.41 3125.41 0.0 114487.5264
3139.55 3139.55 0.0 114415.1709
3153.7 3153.7 0.0 114344.0254
3167.84 3167.84 0.0 114274.3369
3181.98 3181.98 0.0 114206.1729
3196.12 3196.12 0.0 114139.6035
3210.26 3210.26 0.0 114074.7119
3224.41 3224.41 0.0 114011.4980
3238.55 3238.55 0.0 113950.0918
3252.69 3252.69 0.0 113890.4326
3266.83 3266.83 0.0 113832.5195
3280.98 3280.98 0.0 113776.2686
3295.12 3295.12 0.0 113721.7207
3309.26 3309.26 0.0 113668.7852
3323.4 3323.4 0.0 113617.3721
3337.54 3337.54 0.0 113567.4141
3351.69 3351.69 0.0 113518.7725
3365.83 3365.83 0.0 113471.4287
3379.97 3379.97 0.0 113425.2539
3394.11 3394.11 0.0 113380.1348
3408.25 3408.25 0.0 113335.9902
3422.4 3422.4 0.0 113292.6875
3436.54 3436.54 0.0 113250.2012
3450.68 3450.68 0.0 113208.4277
3464.82 3464.82 0.0 113167.2812
3478.97 3478.97 0.0 113126.6816
3493.11 3493.11 0.0 113086.6094
3507.25 3507.25 0.0 113047.0117
3521.39 3521.39 0.0 113007.8516
3535.53 3535.53 0.0 112969.0908
3549.68 3549.68 0.0 112930.6895
3563.82 3563.82 0.0 112892.6826
3577.96 3577.96 0.0 112855.0566
3592.1 3592.1 0.0 112817.7969
3606.24 3606.24 0.0 112780.9141
3620.39 3620.39 0.0 112744.4072
3634.53 3634.53 0.0 112708.3193
3648.67 3648.67 0.0 112672.6562
3662.81 3662.81 0.0 112637.4424
3676.96 3676.96 0.0 112602.6514
3691.1 3691.1 0.0 112568.3633
3705.24 3705.24 0.0 112534.5537
3719.38 3719.38 0.0 112501.2666
3733.52 3733.52 0.0 112468.4727
3747.67 3747.67 0.0 112436.1855
3761.81 3761.81 0.0 112404.4551
3775.95 3775.95 0.0 112373.2529
3790.09 3790.09 0.0 112342.5791
3804.23 3804.23 0.0 112312.4463
3818.38 3818.38 0.0 112282.8174
3832.52 3832.52 0.0 112253.7285
3846.66 3846.66 0.0 112225.1465
3860.8 3860.8 0.0 112197.0664
3874.95 3874.95 0.0 112169.4648
3889.09 3889.09 0.0 112142.3369
3903.23 3903.23 0.0 112115.6768
3917.37 3917.37 0.0 112089.4600
3931.51 3931.51 0.0 112063.6582
3945.66 3945.66 0.0 112038.2471
3959.8 3959.8 0.0 112013.2412
3973.94 3973.94 0.0 111988.6064
3988.08 3988.08 0.0 111964.3164
4002.22 4002.22 0.0 111940.3584
4016.37 4016.37 0.0 111916.7041
4030.51 4030.51 0.0 111893.3594
4044.65 4044.65 0.0 111870.2949
4058.79 4058.79 0.0 111847.4854
4072.94 4072.94 0.0 111824.9248
4087.08 4087.08 0.0 111802.6006
4101.22 4101.22 0.0 111780.4932
4115.36 4115.36 0.0 111758.6035
4129.5 4129.5 0.0 111736.8896
4143.65 4143.65 0.0 111715.3477
4157.79 4157.79 0.0 111693.9922
4171.93 4171.93 0.0 111672.7900
4186.07 4186.07 0.0 111651.7373
4200.21 4200.21 0.0 111630.8262
4214.36 4214.36 0.0 111610.0352
4228.5 4228.5 0.0 111589.3721
4242.64 4242.64 0.0 111568.8350
4256.78 4256.78 0.0 111548.3955
4270.92 4270.92 0.0 111528.0645
4285.07 4285.07 0.0 111507.8223
4299.21 4299.21 0.0 111487.6787
4313.35 4313.35 0.0 111467.6309
4327.49 4327.49 0.0 111447.6621
4341.64 4341.64 0.0 111427.7607
4355.78 4355.78 0.0 111407.9551
4369.92 4369.92 0.0 111388.2178
4384.06 4384.06 0.0 111368.5557
4398.2 4398.2 0.0 111348.9629
4412.35 4412.35 0.0 111329.4258
4426.49 4426.49 0.0 111309.9727
4440.63 4440.63 0.0 111290.5762
4454.77 4454.77 0.0 111271.2520
4468.91 4468.91 0.0 111251.9834
4483.06 4483.06 0.0 111232.7695
4497.2 4497.2 0.0 111213.6406
4511.34 4511.34 0.0 111194.5625
4525.48 4525.48 0.0 111175.5391
4539.63 4539.63 0.0 111156.5811
4553.77 4553.77 0.0 111137.6924
4567.91 4567.91 0.0 111118.8613
4582.05 4582.05 0.0 111100.0996
4596.19 4596.19 0.0 111081.3975
4610.34 4610.34 0.0 111062.7432
4624.48 4624.48 0.0 111044.1719
4638.62 4638.62 0.0 111025.6621
4652.76 4652.76 0.0 111007.2217
4666.9 4666.9 0.0 110988.8477
4681.05 4681.05 0.0 110970.5254
4695.19 4695.19 0.0 110952.2881
4709.33 4709.33 0.0 110934.1133
4723.47 4723.47 0.0 110916.0137
4737.62 4737.62 0.0 110897.9746
4751.76 4751.76 0.0 110880.0137
4765.9 4765.9 0.0 110862.1289
4780.04 4780.04 0.0 110844.3174
4794.18 4794.18 0.0 110826.5840
4808.33 4808.33 0.0 110808.9053
4822.47 4822.47 0.0 110791.3242
4836.61 4836.61 0.0 110773.8193
4850.75 4850.75 0.0 110756.3867
4864.89 4864.89 0.0 110739.0400
4879.04 4879.04 0.0 110721.7559
4893.18 4893.18 0.0 110704.5654
4907.32 4907.32 0.0 110687.4551
4921.46 4921.46 0.0 110670.4297
4935.61 4935.61 0.0 110653.4668
4949.75 4949.75 0.0 110636.6045
4963.89 4963.89 0.0 110619.8252
4978.03 4978.03 0.0 110603.1250
4992.17 4992.17 0.0 110586.5156
5006.32 5006.32 0.0 110569.9707
5020.46 5020.46 0.0 110553.5254
5034.6 5034.6 0.0 110537.1670
5048.74 5048.74 0.0 110520.8896
5062.88 5062.88 0.0 110504.6973
5077.03 5077.03 0.0 110488.5850
5091.17 5091.17 0.0 110472.5654
5105.31 5105.31 0.0 110456.6201
5119.45 5119.45 0.0 110440.7686
5133.6 5133.6 0.0 110424.9941
5147.74 5147.74 0.0 110409.3047
5161.88 5161.88 0.0 110393.7080
5176.02 5176.02 0.0 110378.1904
5190.16 5190.16 0.0 110362.7578
5204.31 5204.31 0.0 110347.3994
5218.45 5218.45 0.0 110332.1357
5232.59 5232.59 0.0 110316.9531
5246.73 5246.73 0.0 110301.8457
5260.87 5260.87 0.0 110286.8330
5275.02 5275.02 0.0 110271.8799
5289.16 5289.16 0.0 110257.0186
5303.3 5303.3 0.0 110242.2402
5317.44 5317.44 0.0 110227.5381
5331.59 5331.59 0.0 110212.9023
5345.73 5345.73 0.0 110198.3574
5359.87 5359.87 0.0 110183.8916
5374.01 5374.01 0.0 110169.4951
5388.15 5388.15 0.0 110155.1758
5402.3 5402.3 0.0 110140.9258
5416.44 5416.44 0.0 110126.7490
5430.58 5430.58 0.0 110112.6650
5444.72 5444.72 0.0 110098.6299
5458.86 5458.86 0.0 110084.6797
5473.01 5473.01 0.0 110070.7881
5487.15 5487.15 0.0 110056.9766
5501.29 5501.29 0.0 110043.2314
5515.43 5515.43 0.0 110029.5576
5529.58 5529.58 0.0 110015.9395
5543.72 5543.72 0.0 110002.3877
5557.86 5557.86 0.0 109988.9141
5572.0 5572.0 0.0 109975.4971
5586.14 5586.14 0.0 109962.1484
5600.29 5600.29 0.0 109948.8545
5614.43 5614.43 0.0 109935.6279
5628.57 5628.57 0.0 109922.4648
5642.71 5642.71 0.0 109909.3682
5656.85 5656.85 0.0 109896.3232
5671.0 5671.0 0.0 109883.3262
5685.14 5685.14 0.0 109870.4023
5699.28 5699.28 0.0 109857.5283
5713.42 5713.42 0.0 109844.7207
5727.56 5727.56 0.0 109831.9717
5741.71 5741.71 0.0 109819.2568
5755.85 5755.85 0.0 109806.6094
5769.99 5769.99 0.0 109794.0215
5784.13 5784.13 0.0 109781.4854
5798.28 5798.28 0.0 109768.9902
5812.42 5812.42 0.0 109756.5547
5826.56 5826.56 0.0 109744.1680
5840.7 5840.7 0.0 109731.8359
5854.84 5854.84 0.0 109719.5537
5868.99 5868.99 0.0 109707.3096
5883.13 5883.13 0.0 109695.1348
5897.27 5897.27 0.0 109682.9980
5911.41 5911.41 0.0 109670.9131
5925.55 5925.55 0.0 109658.8750
5939.7 5939.7 0.0 109646.8760
5953.84 5953.84 0.0 109634.9268
5967.98 5967.98 0.0 109623.0303
5982.12 5982.12 0.0 109611.1777
5996.27 5996.27 0.0 109599.3584
6010.41 6010.41 0.0 109587.5977
6024.55 6024.55 0.0 109575.8750
6038.69 6038.69 0.0 109564.1992
6052.83 6052.83 0.0 109552.5713
6066.98 6066.98 0.0 109540.9824
6081.12 6081.12 0.0 109529.4346
6095.26 6095.26 0.0 109517.9336
6109.4 6109.4 0.0 109506.4751
6123.54 6123.54 0.0 109495.0635
6137.69 6137.69 0.0 109483.6802
6151.83 6151.83 0.0 109472.3477
6165.97 6165.97 0.0 109461.0571
6180.11 6180.11 0.0 109449.8105
6194.26 6194.26 0.0 109438.5894
6208.4 6208.4 0.0 109427.4263
6222.54 6222.54 0.0 109416.3027
6236.68 6236.68 0.0 109405.2163
6250.82 6250.82 0.0 109394.1714
6264.97 6264.97 0.0 109383.1538
6279.11 6279.11 0.0 109372.1934
6293.25 6293.25 0.0 109361.2661
6307.39 6307.39 0.0 109350.3843
6321.53 6321.53 0.0 109339.5337
6335.68 6335.68 0.0 109328.7192
6349.82 6349.82 0.0 109317.9531
6363.96 6363.96 0.0 109307.2300
6378.1 6378.1 0.0 109296.5410
6392.25 6392.25 0.0 109285.8877
6406.39 6406.39 0.0 109275.2734
6420.53 6420.53 0.0 109264.7012
6434.67 6434.67 0.0 109254.1675
6448.81 6448.81 0.0 109243.6743
6462.96 6462.96 0.0 109233.2148
6477.1 6477.1 0.0 109222.7979
6491.24 6491.24 0.0 109212.4229
6505.38 6505.38 0.0 109202.0815
6519.52 6519.52 0.0 109191.7812
6533.67 6533.67 0.0 109181.5088
6547.81 6547.81 0.0 109171.2876
6561.95 6561.95 0.0 109161.1006
6576.09 6576.09 0.0 109150.9541
6590.24 6590.24 0.0 109140.8423
6604.38 6604.38 0.0 109130.7666
6618.52 6618.52 0.0 109120.7329
6632.66 6632.66 0.0 109110.7344
6646.8 6646.8 0.0 109100.7852
6660.95 6660.95 0.0 109090.8525
6675.09 6675.09 0.0 109080.9697
6689.23 6689.23 0.0 109071.1353
6703.37 6703.37 0.0 109061.3218
6717.51 6717.51 0.0 109051.5601
6731.66 6731.66 0.0 109041.8262
6745.8 6745.8 0.0 109032.1328
6759.94 6759.94 0.0 109022.4814
6774.08 6774.08 0.0 109012.8638
6788.23 6788.23 0.0 109003.2803
6802.37 6802.37 0.0 108993.7373
6816.51 6816.51 0.0 108984.2358
6830.65 6830.65 0.0 108974.7749
6844.79 6844.79 0.0 108965.3472
6858.94 6858.94 0.0 108955.9531
6873.08 6873.08 0.0 108946.6030
6887.22 6887.22 0.0 108937.2900
6901.36 6901.36 0.0 108928.0205
6915.5 6915.5 0.0 108918.7764
6929.65 6929.65 0.0 108909.5767
6943.79 6943.79 0.0 108900.4121
6957.93 6957.93 0.0 108891.2915
6972.07 6972.07 0.0 108882.2070
6986.21 6986.21 0.0 108873.1592
7000.36 7000.36 0.0 108864.1494
7014.5 7014.5 0.0 108855.1797
7028.64 7028.64 0.0 108846.2461
7042.78 7042.78 0.0 108837.3579
7056.93 7056.93 0.0 108828.4946
7071.07 7071.07 0.0 108819.6816
7085.21 7085.21 0.0 108810.8989
7099.35 7099.35 0.0 108802.1631
7113.49 7113.49 0.0 108793.4653
7127.64 7127.64 0.0 108784.7993
7141.78 7141.78 0.0 108776.1787
7155.92 7155.92 0.0 108767.5957
7170.06 7170.06 0.0 108759.0479
7184.2 7184.2 0.0 108750.5483
7198.35 7198.35 0.0 108742.0762
7212.49 7212.49 0.0 108733.6494
7226.63 7226.63 0.0 108725.2666
7240.77 7240.77 0.0 108716.9175
7254.92 7254.92 0.0 108708.6069
7269.06 7269.06 0.0 108700.3394
7283.2 7283.2 0.0 108692.1138
7297.34 7297.34 0.0 108683.9248
7311.48 7311.48 0.0 108675.7832
7325.63 7325.63 0.0 108667.6685
7339.77 7339.77 0.0 108659.6074
7353.91 7353.91 0.0 108651.5864
7368.05 7368.05 0.0 108643.6025
7382.19 7382.19 0.0 108635.6621
7396.34 7396.34 0.0 108627.7534
7410.48 7410.48 0.0 108619.8960
7424.62 7424.62 0.0 108612.0815
7438.76 7438.76 0.0 108604.3096
7452.91 7452.91 0.0 108596.5703
7467.05 7467.05 0.0 108588.8809
7481.19 7481.19 0.0 108581.2363
7495.33 7495.33 0.0 108573.6284
7509.47 7509.47 0.0 108566.0693
7523.62 7523.62 0.0 108558.5430
7537.76 7537.76 0.0 108551.0713
7551.9 7551.9 0.0 108543.6387
7566.04 7566.04 0.0 108536.2515
7580.18 7580.18 0.0 108528.9097
7594.33 7594.33 0.0 108521.6055
7608.47 7608.47 0.0 108514.3535
7622.61 7622.61 0.0 108507.1426
7636.75 7636.75 0.0 108499.9805
7650.9 7650.9 0.0 108492.8560
7665.04 7665.04 0.0 108485.7852
7679.18 7679.18 0.0 108478.7598
7693.32 7693.32 0.0 108471.7783
7707.46 7707.46 0.0 108464.8438
7721.61 7721.61 0.0 108457.9541
7735.75 7735.75 0.0 108451.1108
7749.89 7749.89 0.0 108444.3223
7764.03 7764.03 0.0 108437.5703
7778.17 7778.17 0.0 108430.8789
