0.0 0.0 0.0 252172.8438
14.1421 14.1421 0.0 303807.2656
28.2843 28.2843 0.0 285583.7812
42.4264 42.4264 0.0 268063.1406
56.5685 56.5685 0.0 251720.5938
70.7107 70.7107 0.0 236219.1250
84.8528 84.8528 0.0 221735.7031
98.9949 98.9949 0.0 208611.5391
113.137 113.137 0.0 197047.7578
127.279 127.279 0.0 187021.0156
141.421 141.421 0.0 178342.1172
155.563 155.563 0.0 170760.6797
169.706 169.706 0.0 164058.3516
183.848 183.848 0.0 158097.5195
197.99 197.99 0.0 152802.9062
212.132 212.132 0.0 148119.0898
226.274 226.274 0.0 143983.4531
240.416 240.416 0.0 140331.2070
254.558 254.558 0.0 137111.4258
268.701 268.701 0.0 134293.8594
282.843 282.843 0.0 131862.3809
296.985 296.985 0.0 129799.1055
311.127 311.127 0.0 128070.3359
325.269 325.269 0.0 126617.7148
339.411 339.411 0.0 125361.6602
353.553 353.553 0.0 124218.4531
367.696 367.696 0.0 123122.1074
381.838 381.838 0.0 122038.6953
395.98 395.98 0.0 120964.7422
410.122 410.122 0.0 119915.8457
424.264 424.264 0.0 118913.0254
438.406 438.406 0.0 117973.8828
452.548 452.548 0.0 117109.1318
466.69 466.69 0.0 116322.7900
480.833 480.833 0.0 115614.0615
494.975 494.975 0.0 114979.5479
509.117 509.117 0.0 114414.6133
523.259 523.259 0.0 113914.7617
537.401 537.401 0.0 113476.2090
551.543 551.543 0.0 113096.0859
565.685 565.685 0.0 112772.2168
579.828 579.828 0.0 112502.3525
593.97 593.97 0.0 112282.7295
608.112 608.112 0.0 112105.5020
622.254 622.254 0.0 111956.0137
636.396 636.396 0.0 111811.0029
650.538 650.538 0.0 111641.1855
664.68 664.68 0.0 111419.3379
678.823 678.823 0.0 111128.6719
692.965 692.965 0.0 110761.5537
707.107 707.107 0.0 110312.2373
721.249 721.249 0.0 109783.0234
735.391 735.391 0.0 109199.2578
749.533 749.533 0.0 108606.1841
763.675 763.675 0.0 108048.0215
777.817 777.817 0.0 107552.1738
791.96 791.96 0.0 107127.4326
806.102 806.102 0.0 106770.0908
820.244 820.244 0.0 106470.2773
834.386 834.386 0.0 106216.6436
848.528 848.528 0.0 105998.7231
862.67 862.67 0.0 105807.8677
876.812 876.812 0.0 105637.4268
890.955 890.955 0.0 105482.4834
905.097 905.097 0.0 105339.5718
919.239 919.239 0.0 105206.2551
933.381 933.381 0.0 105080.8652
947.523 947.523 0.0 104962.2439
961.665 961.665 0.0 104849.5952
975.807 975.807 0.0 104742.3059
989.949 989.949 0.0 104639.9324
1004.09 1004.09 0.0 104542.0964
1018.23 1018.23 0.0 104448.4683
1032.38 1032.38 0.0 104358.7063
1046.52 1046.52 0.0 104272.6665
1060.66 1060.66 0.0 104190.0601
1074.8 1074.8 0.0 104110.6887
1088.94 1088.94 0.0 104034.3752
1103.09 1103.09 0.0 103960.9348
1117.23 1117.23 0.0 103890.3635
1131.37 1131.37 0.0 103822.5259
1145.51 1145.51 0.0 103757.3694
1159.66 1159.66 0.0 103694.8203
1173.8 1173.8 0.0 103634.9500
1187.94 1187.94 0.0 103577.7151
1202.08 1202.08 0.0 103523.1140
1216.22 1216.22 0.0 103471.1606
1230.37 1230.37 0.0 103421.8176
1244.51 1244.51 0.0 103375.1609
1258.65 1258.65 0.0 103331.1461
1272.79 1272.79 0.0 103289.7595
1286.93 1286.93 0.0 103250.9757
1301.08 1301.08 0.0 103214.7347
1315.22 1315.22 0.0 103181.0398
1329.36 1329.36 0.0 103149.8114
1343.5 1343.5 0.0 103120.9819
1357.65 1357.65 0.0 103094.4559
1371.79 1371.79 0.0 103070.1852
1385.93 1385.93 0.0 103048.0507
1400.07 1400.07 0.0 103027.9432
1414.21 1414.21 0.0 103009.7439
1428.36 1428.36 0.0 102993.3199
1442.5 1442.5 0.0 102978.5599
1456.64 1456.64 0.0 102965.3132
1470.78 1470.78 0.0 102953.4349
1484.92 1484.92 0.0 102942.7847
1499.07 1499.07 0.0 102933.2113
1513.21 1513.21 0.0 102924.5853
1527.35 1527.35 0.0 102916.7697
1541.49 1541.49 0.0 102909.6300
1555.63 1555.63 0.0 102903.0496
1569.78 1569.78 0.0 102896.9141
1583.92 1583.92 0.0 102891.1271
1598.06 1598.06 0.0 102885.6022
1612.2 1612.2 0.0 102880.2546
1626.35 1626.35 0.0 102875.0186
1640.49 1640.49 0.0 102869.8450
1654.63 1654.63 0.0 102864.6768
1668.77 1668.77 0.0 102859.4835
1682.91 1682.91 0.0 102854.2334
1697.06 1697.06 0.0 102848.9011
1711.2 1711.2 0.0 102843.4781
1725.34 1725.34 0.0 102837.9510
1739.48 1739.48 0.0 102832.3164
1753.62 1753.62 0.0 102826.5715
1767.77 1767.77 0.0 102820.7156
1781.91 1781.91 0.0 102814.7579
1796.05 1796.05 0.0 102808.7053
1810.19 1810.19 0.0 102802.5662
1824.34 1824.34 0.0 102796.3414
1838.48 1838.48 0.0 102790.0524
1852.62 1852.62 0.0 102783.7067
1866.76 1866.76 0.0 102777.3129
1880.9 1880.9 0.0 102770.8838
1895.05 1895.05 0.0 102764.4235
1909.19 1909.19 0.0 102757.9530
1923.33 1923.33 0.0 102751.4797
1937.47 1937.47 0.0 102745.0134
1951.61 1951.61 0.0 102738.5602
1965.76 1965.76 0.0 102732.1309
1979.9 1979.9 0.0 102725.7382
1994.04 1994.04 0.0 102719.3862
2008.18 2008.18 0.0 102713.0865
2022.33 2022.33 0.0 102706.8395
2036.47 2036.47 0.0 102700.6619
2050.61 2050.61 0.0 102694.5562
2064.75 2064.75 0.0 102688.5283
2078.89 2078.89 0.0 102682.5846
2093.04 2093.04 0.0 102676.7234
2107.18 2107.18 0.0 102670.9598
2121.32 2121.32 0.0 102665.2924
2135.46 2135.46 0.0 102659.7245
2149.6 2149.6 0.0 102654.2596
2163.75 2163.75 0.0 102648.8953
2177.89 2177.89 0.0 102643.6405
2192.03 2192.03 0.0 102638.4949
2206.17 2206.17 0.0 102633.4547
2220.32 2220.32 0.0 102628.5151
2234.46 2234.46 0.0 102623.6853
2248.6 2248.6 0.0 102618.9553
2262.74 2262.74 0.0 102614.3262
2276.88 2276.88 0.0 102609.7925
2291.03 2291.03 0.0 102605.3467
2305.17 2305.17 0.0 102600.9918
2319.31 2319.31 0.0 102596.7152
2333.45 2333.45 0.0 102592.5170
2347.59 2347.59 0.0 102588.3862
2361.74 2361.74 0.0 102584.3206
2375.88 2375.88 0.0 102580.3145
2390.02 2390.02 0.0 102576.3619
2404.16 2404.16 0.0 102572.4561
2418.31 2418.31 0.0 102568.5927
2432.45 2432.45 0.0 102564.7697
2446.59 2446.59 0.0 102560.9789
2460.73 2460.73 0.0 102557.2188
2474.87 2474.87 0.0 102553.4884
2489.02 2489.02 0.0 102549.7784
2503.16 2503.16 0.0 102546.0940
2517.3 2517.3 0.0 102542.4307
2531.44 2531.44 0.0 102538.7845
2545.58 2545.58 0.0 102535.1599
2559.73 2559.73 0.0 102531.5458
2573.87 2573.87 0.0 102527.9563
2588.01 2588.01 0.0 102524.3821
2602.15 2602.15 0.0 102520.8256
2616.3 2616.3 0.0 102517.2832
2630.44 2630.44 0.0 102513.7622
2644.58 2644.58 0.0 102510.2585
2658.72 2658.72 0.0 102506.7734
2672.86 2672.86 0.0 102503.3051
2687.01 2687.01 0.0 102499.8553
2701.15 2701.15 0.0 102496.4261
2715.29 2715.29 0.0 102493.0156
2729.43 2729.43 0.0 102489.6240
2743.57 2743.57 0.0 102486.2500
2757.72 2757.72 0.0 102482.8940
2771.86 2771.86 0.0 102479.5599
2786.0 2786.0 0.0 102476.2446
2800.14 2800.14 0.0 102472.9482
2814.28 2814.28 0.0 102469.6698
2828.43 2828.43 0.0 102466.4058
2842.57 2842.57 0.0 102463.1631
2856.71 2856.71 0.0 102459.9376
2870.85 2870.85 0.0 102456.7300
2885.0 2885.0 0.0 102453.5371
2899.14 2899.14 0.0 102450.3621
2913.28 2913.28 0.0 102447.2054
2927.42 2927.42 0.0 102444.0630
2941.56 2941.56 0.0 102440.9336
2955.71 2955.71 0.0 102437.8220
2969.85 2969.85 0.0 102434.7261
2983.99 2983.99 0.0 102431.6432
2998.13 2998.13 0.0 102428.5748
3012.27 3012.27 0.0 102425.5203
3026.42 3026.42 0.0 102422.4783
3040.56 3040.56 0.0 102419.4521
3054.7 3054.7 0.0 102416.4384
3068.84 3068.84 0.0 102413.4360
3082.99 3082.99 0.0 102410.4438
3097.13 3097.13 0.0 102407.4674
3111.27 3111.27 0.0 102404.5015
3125.41 3125.41 0.0 102401.5490
3139.55 3139.55 0.0 102398.6058
3153.7 3153.7 0.0 102395.6730
3167.84 3167.84 0.0 102392.7543
3181.98 3181.98 0.0 102389.8469
3196.12 3196.12 0.0 102386.9491
3210.26 3210.26 0.0 102384.0604
3224.41 3224.41 0.0 102381.1833
3238.55 3238.55 0.0 102378.3186
3252.69 3252.69 0.0 102375.4626
3266.83 3266.83 0.0 102372.6179
3280.98 3280.98 0.0 102369.7798
3295.12 3295.12 0.0 102366.9568
3309.26 3309.26 0.0 102364.1426
3323.4 3323.4 0.0 102361.3374
3337.54 3337.54 0.0 102358.5436
3351.69 3351.69 0.0 102355.7584
3365.83 3365.83 0.0 102352.9843
3379.97 3379.97 0.0 102350.2202
3394.11 3394.11 0.0 102347.4677
3408.25 3408.25 0.0 102344.7244
3422.4 3422.4 0.0 102341.9890
3436.54 3436.54 0.0 102339.2672
3450.68 3450.68 0.0 102336.5532
3464.82 3464.82 0.0 102333.8527
3478.97 3478.97 0.0 102331.1576
3493.11 3493.11 0.0 102328.4762
3507.25 3507.25 0.0 102325.8063
3521.39 3521.39 0.0 102323.1465
3535.53 3535.53 0.0 102320.4983
3549.68 3549.68 0.0 102317.8562
3563.82 3563.82 0.0 102315.2297
3577.96 3577.96 0.0 102312.6138
3592.1 3592.1 0.0 102310.0087
3606.24 3606.24 0.0 102307.4141
3620.39 3620.39 0.0 102304.8296
3634.53 3634.53 0.0 102302.2581
3648.67 3648.67 0.0 102299.6998
3662.81 3662.81 0.0 102297.1508
3676.96 3676.96 0.0 102294.6128
3691.1 3691.1 0.0 102292.0896
3705.24 3705.24 0.0 102289.5771
3719.38 3719.38 0.0 102287.0754
3733.52 3733.52 0.0 102284.5879
3747.67 3747.67 0.0 102282.1104
3761.81 3761.81 0.0 102279.6462
3775.95 3775.95 0.0 102277.1955
3790.09 3790.09 0.0 102274.7580
3804.23 3804.23 0.0 102272.3312
3818.38 3818.38 0.0 102269.9173
3832.52 3832.52 0.0 102267.5164
3846.66 3846.66 0.0 102265.1291
3860.8 3860.8 0.0 102262.7542
3874.95 3874.95 0.0 102260.3915
3889.09 3889.09 0.0 102258.0432
3903.23 3903.23 0.0 102255.7083
3917.37 3917.37 0.0 102253.3864
3931.51 3931.51 0.0 102251.0776
3945.66 3945.66 0.0 102248.7800
3959.8 3959.8 0.0 102246.4996
3973.94 3973.94 0.0 102244.2316
3988.08 3988.08 0.0 102241.9772
4002.22 4002.22 0.0 102239.7361
4016.37 4016.37 0.0 102237.5053
4030.51 4030.51 0.0 102235.2921
4044.65 4044.65 0.0 102233.0903
4058.79 4058.79 0.0 102230.9042
4072.94 4072.94 0.0 102228.7298
4087.08 4087.08 0.0 102226.5684
4101.22 4101.22 0.0 102224.4246
4115.36 4115.36 0.0 102222.2905
4129.5 4129.5 0.0 102220.1722
4143.65 4143.65 0.0 102218.0661
4157.79 4157.79 0.0 102215.9756
4171.93 4171.93 0.0 102213.8964
4186.07 4186.07 0.0 102211.8317
4200.21 4200.21 0.0 102209.7814
4214.36 4214.36 0.0 102207.7432
4228.5 4228.5 0.0 102205.7188
4242.64 4242.64 0.0 102203.7091
