0.0 0.0 0.0 197770.5703
14.1421 14.1421 0.0 204908.2656
28.2843 28.2843 0.0 203883.5312
42.4264 42.4264 0.0 203007.2500
56.5685 56.5685 0.0 202280.8750
70.7107 70.7107 0.0 201640.0234
84.8528 84.8528 0.0 201037.9609
98.9949 98.9949 0.0 200443.7109
113.137 113.137 0.0 199837.1719
127.279 127.279 0.0 199205.3594
141.421 141.421 0.0 198540.1875
155.563 155.563 0.0 197837.6094
169.706 169.706 0.0 197096.0391
183.848 183.848 0.0 196316.1641
197.99 197.99 0.0 195499.9531
212.132 212.132 0.0 194650.3203
226.274 226.274 0.0 193770.7812
240.416 240.416 0.0 192865.2109
254.558 254.558 0.0 191937.4766
268.701 268.701 0.0 190991.4766
282.843 282.843 0.0 190030.8672
296.985 296.985 0.0 189059.0547
311.127 311.127 0.0 188079.0000
325.269 325.269 0.0 187093.4453
339.411 339.411 0.0 186104.7812
353.553 353.553 0.0 185115.0469
367.696 367.696 0.0 184125.8672
381.838 381.838 0.0 183138.8672
395.98 395.98 0.0 182155.1797
410.122 410.122 0.0 181175.7266
424.264 424.264 0.0 180201.3672
438.406 438.406 0.0 179232.7500
452.548 452.548 0.0 178270.3750
466.69 466.69 0.0 177314.7500
480.833 480.833 0.0 176366.1719
494.975 494.975 0.0 175425.1328
509.117 509.117 0.0 174491.8516
523.259 523.259 0.0 173566.7109
537.401 537.401 0.0 172649.9453
551.543 551.543 0.0 171741.9609
565.685 565.685 0.0 170843.0703
579.828 579.828 0.0 169953.5938
593.97 593.97 0.0 169074.0625
608.112 608.112 0.0 168204.7734
622.254 622.254 0.0 167346.2734
636.396 636.396 0.0 166498.9609
650.538 650.538 0.0 165663.3125
664.68 664.68 0.0 164839.8203
678.823 678.823 0.0 164028.8984
692.965 692.965 0.0 163231.1484
707.107 707.107 0.0 162446.8828
721.249 721.249 0.0 161676.5859
735.391 735.391 0.0 160920.6445
749.533 749.533 0.0 160179.3633
763.675 763.675 0.0 159453.0703
777.817 777.817 0.0 158741.9336
791.96 791.96 0.0 158046.1211
806.102 806.102 0.0 157365.7891
820.244 820.244 0.0 156700.9102
834.386 834.386 0.0 156051.3594
848.528 848.528 0.0 155417.0469
862.67 862.67 0.0 154797.6953
876.812 876.812 0.0 154192.9375
890.955 890.955 0.0 153602.3672
905.097 905.097 0.0 153025.5312
919.239 919.239 0.0 152461.8398
933.381 933.381 0.0 151910.6211
947.523 947.523 0.0 151371.1328
961.665 961.665 0.0 150842.6445
975.807 975.807 0.0 150324.2500
989.949 989.949 0.0 149815.0469
1004.09 1004.09 0.0 149314.1133
1018.23 1018.23 0.0 148820.4180
1032.38 1032.38 0.0 148332.4844
1046.52 1046.52 0.0 147849.9180
1060.66 1060.66 0.0 147371.1992
1074.8 1074.8 0.0 146895.0781
1088.94 1088.94 0.0 146420.3750
1103.09 1103.09 0.0 145945.5195
1117.23 1117.23 0.0 145469.9922
1131.37 1131.37 0.0 144992.3477
1145.51 1145.51 0.0 144511.6016
1159.66 1159.66 0.0 144026.6445
1173.8 1173.8 0.0 143537.6641
1187.94 1187.94 0.0 143044.2539
1202.08 1202.08 0.0 142546.8477
1216.22 1216.22 0.0 142046.4727
1230.37 1230.37 0.0 141544.7188
1244.51 1244.51 0.0 141045.0625
1258.65 1258.65 0.0 140551.0664
1272.79 1272.79 0.0 140067.8828
1286.93 1286.93 0.0 139601.8125
1301.08 1301.08 0.0 139160.2422
1315.22 1315.22 0.0 138752.3672
1329.36 1329.36 0.0 138387.0273
1343.5 1343.5 0.0 138072.9141
1357.65 1357.65 0.0 137816.2891
1371.79 1371.79 0.0 137618.8477
1385.93 1385.93 0.0 137472.1523
1400.07 1400.07 0.0 137351.9688
1414.21 1414.21 0.0 137210.0547
1428.36 1428.36 0.0 136965.6328
1442.5 1442.5 0.0 136501.4375
1456.64 1456.64 0.0 135668.9805
1470.78 1470.78 0.0 134314.5703
1484.92 1484.92 0.0 132330.3828
1499.07 1499.07 0.0 129721.8496
1513.21 1513.21 0.0 126679.0977
1527.35 1527.35 0.0 123581.0469
1541.49 1541.49 0.0 120920.8301
1555.63 1555.63 0.0 119088.6484
1569.78 1569.78 0.0 118119.5957
1583.92 1583.92 0.0 117701.2715
1598.06 1598.06 0.0 117480.4102
1612.2 1612.2 0.0 117282.4463
1626.35 1626.35 0.0 117074.7822
1640.49 1640.49 0.0 116871.1016
1654.63 1654.63 0.0 116684.1719
1668.77 1668.77 0.0 116518.2695
1682.91 1682.91 0.0 116372.0664
1697.06 1697.06 0.0 116242.0303
1711.2 1711.2 0.0 116124.6641
1725.34 1725.34 0.0 116016.6807
1739.48 1739.48 0.0 115915.5029
1753.62 1753.62 0.0 115819.0566
1767.77 1767.77 0.0 115725.5811
1781.91 1781.91 0.0 115633.7617
1796.05 1796.05 0.0 115542.2461
1810.19 1810.19 0.0 115449.9824
1824.34 1824.34 0.0 115355.9668
1838.48 1838.48 0.0 115259.5908
1852.62 1852.62 0.0 115160.3213
1866.76 1866.76 0.0 115057.8945
1880.9 1880.9 0.0 114952.3115
1895.05 1895.05 0.0 114843.7354
1909.19 1909.19 0.0 114732.7188
1923.33 1923.33 0.0 114619.7324
1937.47 1937.47 0.0 114505.3594
1951.61 1951.61 0.0 114390.2158
1965.76 1965.76 0.0 114274.8096
1979.9 1979.9 0.0 114159.8066
1994.04 1994.04 0.0 114045.5605
2008.18 2008.18 0.0 113932.4805
2022.33 2022.33 0.0 113820.7832
2036.47 2036.47 0.0 113710.8916
2050.61 2050.61 0.0 113602.9033
2064.75 2064.75 0.0 113496.9365
2078.89 2078.89 0.0 113393.0615
2093.04 2093.04 0.0 113291.2012
2107.18 2107.18 0.0 113191.4502
2121.32 2121.32 0.0 113093.6201
2135.46 2135.46 0.0 112997.5654
2149.6 2149.6 0.0 112903.0801
2163.75 2163.75 0.0 112809.8936
2177.89 2177.89 0.0 112717.8770
2192.03 2192.03 0.0 112626.6973
2206.17 2206.17 0.0 112536.0918
2220.32 2220.32 0.0 112445.7051
2234.46 2234.46 0.0 112355.4023
2248.6 2248.6 0.0 112264.8359
2262.74 2262.74 0.0 112173.7549
2276.88 2276.88 0.0 112081.9121
2291.03 2291.03 0.0 111988.9912
2305.17 2305.17 0.0 111894.9482
2319.31 2319.31 0.0 111799.5146
2333.45 2333.45 0.0 111702.5693
2347.59 2347.59 0.0 111603.9824
2361.74 2361.74 0.0 111503.6396
2375.88 2375.88 0.0 111401.6719
2390.02 2390.02 0.0 111298.0654
2404.16 2404.16 0.0 111192.9434
2418.31 2418.31 0.0 111086.4258
2432.45 2432.45 0.0 110978.9600
2446.59 2446.59 0.0 110870.8594
2460.73 2460.73 0.0 110762.6328
2474.87 2474.87 0.0 110654.8398
2489.02 2489.02 0.0 110548.1221
2503.16 2503.16 0.0 110443.4004
2517.3 2517.3 0.0 110341.4268
2531.44 2531.44 0.0 110243.0967
2545.58 2545.58 0.0 110149.2412
2559.73 2559.73 0.0 110060.6123
2573.87 2573.87 0.0 109977.9619
2588.01 2588.01 0.0 109901.6797
2602.15 2602.15 0.0 109831.9268
2616.3 2616.3 0.0 109768.5332
2630.44 2630.44 0.0 109711.0840
2644.58 2644.58 0.0 109658.7002
2658.72 2658.72 0.0 109610.2217
2672.86 2672.86 0.0 109564.2617
2687.01 2687.01 0.0 109519.2207
2701.15 2701.15 0.0 109473.5703
2715.29 2715.29 0.0 109425.7603
2729.43 2729.43 0.0 109374.4712
2743.57 2743.57 0.0 109318.6675
2757.72 2757.72 0.0 109257.6172
2771.86 2771.86 0.0 109191.1201
2786.0 2786.0 0.0 109119.2002
2800.14 2800.14 0.0 109042.2690
2814.28 2814.28 0.0 108961.0151
2828.43 2828.43 0.0 108876.2607
2842.57 2842.57 0.0 108789.1167
2856.71 2856.71 0.0 108700.5571
2870.85 2870.85 0.0 108611.5552
2885.0 2885.0 0.0 108522.9702
2899.14 2899.14 0.0 108435.6846
2913.28 2913.28 0.0 108350.2817
2927.42 2927.42 0.0 108267.2236
2941.56 2941.56 0.0 108186.8491
2955.71 2955.71 0.0 108109.3110
2969.85 2969.85 0.0 108034.8262
2983.99 2983.99 0.0 107963.3398
2998.13 2998.13 0.0 107894.8228
3012.27 3012.27 0.0 107829.1738
3026.42 3026.42 0.0 107766.2305
3040.56 3040.56 0.0 107705.9556
3054.7 3054.7 0.0 107648.1670
3068.84 3068.84 0.0 107592.7256
3082.99 3082.99 0.0 107539.4526
3097.13 3097.13 0.0 107488.3037
3111.27 3111.27 0.0 107439.1177
3125.41 3125.41 0.0 107391.7646
3139.55 3139.55 0.0 107346.1431
3153.7 3153.7 0.0 107302.1021
3167.84 3167.84 0.0 107259.6006
3181.98 3181.98 0.0 107218.4995
3196.12 3196.12 0.0 107178.7085
3210.26 3210.26 0.0 107140.1177
3224.41 3224.41 0.0 107102.6230
3238.55 3238.55 0.0 107066.1802
3252.69 3252.69 0.0 107030.6948
3266.83 3266.83 0.0 106996.0737
3280.98 3280.98 0.0 106962.2393
3295.12 3295.12 0.0 106929.1650
3309.26 3309.26 0.0 106896.7593
3323.4 3323.4 0.0 106864.9849
3337.54 3337.54 0.0 106833.7715
3351.69 3351.69 0.0 106803.0610
3365.83 3365.83 0.0 106772.8486
3379.97 3379.97 0.0 106743.0728
3394.11 3394.11 0.0 106713.6948
3408.25 3408.25 0.0 106684.6870
3422.4 3422.4 0.0 106655.9902
3436.54 3436.54 0.0 106627.6196
3450.68 3450.68 0.0 106599.5308
3464.82 3464.82 0.0 106571.7026
3478.97 3478.97 0.0 106544.0835
3493.11 3493.11 0.0 106516.7021
3507.25 3507.25 0.0 106489.5210
3521.39 3521.39 0.0 106462.5229
3535.53 3535.53 0.0 106435.6953
3549.68 3549.68 0.0 106409.0029
3563.82 3563.82 0.0 106382.4727
3577.96 3577.96 0.0 106356.0815
3592.1 3592.1 0.0 106329.8203
3606.24 3606.24 0.0 106303.6860
3620.39 3620.39 0.0 106277.6406
3634.53 3634.53 0.0 106251.7227
3648.67 3648.67 0.0 106225.9185
3662.81 3662.81 0.0 106200.2183
3676.96 3676.96 0.0 106174.6050
3691.1 3691.1 0.0 106149.1099
3705.24 3705.24 0.0 106123.7163
3719.38 3719.38 0.0 106098.4282
3733.52 3733.52 0.0 106073.2427
3747.67 3747.67 0.0 106048.1484
3761.81 3761.81 0.0 106023.1748
3775.95 3775.95 0.0 105998.3145
3790.09 3790.09 0.0 105973.5732
3804.23 3804.23 0.0 105948.9453
3818.38 3818.38 0.0 105924.4253
3832.52 3832.52 0.0 105900.0508
3846.66 3846.66 0.0 105875.8096
3860.8 3860.8 0.0 105851.7051
3874.95 3874.95 0.0 105827.7295
3889.09 3889.09 0.0 105803.9150
3903.23 3903.23 0.0 105780.2603
3917.37 3917.37 0.0 105756.7598
3931.51 3931.51 0.0 105733.4287
3945.66 3945.66 0.0 105710.2456
3959.8 3959.8 0.0 105687.2632
3973.94 3973.94 0.0 105664.4541
3988.08 3988.08 0.0 105641.8325
4002.22 4002.22 0.0 105619.4058
4016.37 4016.37 0.0 105597.1499
4030.51 4030.51 0.0 105575.1089
4044.65 4044.65 0.0 105553.2710
4058.79 4058.79 0.0 105531.6362
4072.94 4072.94 0.0 105510.1948
4087.08 4087.08 0.0 105488.9697
4101.22 4101.22 0.0 105467.9526
4115.36 4115.36 0.0 105447.1431
4129.5 4129.5 0.0 105426.5396
4143.65 4143.65 0.0 105406.1343
4157.79 4157.79 0.0 105385.9441
4171.93 4171.93 0.0 105365.9592
4186.07 4186.07 0.0 105346.1733
4200.21 4200.21 0.0 105326.5881
4214.36 4214.36 0.0 105307.1863
4228.5 4228.5 0.0 105287.9885
4242.64 4242.64 0.0 105268.9802
4256.78 4256.78 0.0 105250.1562
4270.92 4270.92 0.0 105231.5168
4285.07 4285.07 0.0 105213.0437
4299.21 4299.21 0.0 105194.7571
4313.35 4313.35 0.0 105176.6423
4327.49 4327.49 0.0 105158.7002
4341.64 4341.64 0.0 105140.9116
4355.78 4355.78 0.0 105123.3037
4369.92 4369.92 0.0 105105.8574
4384.06 4384.06 0.0 105088.5774
4398.2 4398.2 0.0 105071.4561
4412.35 4412.35 0.0 105054.4893
4426.49 4426.49 0.0 105037.6926
4440.63 4440.63 0.0 105021.0610
4454.77 4454.77 0.0 105004.5898
4468.91 4468.91 0.0 104988.2876
4483.06 4483.06 0.0 104972.1340
4497.2 4497.2 0.0 104956.1638
4511.34 4511.34 0.0 104940.3633
4525.48 4525.48 0.0 104924.7324
4539.63 4539.63 0.0 104909.2610
4553.77 4553.77 0.0 104893.9836
4567.91 4567.91 0.0 104878.8760
4582.05 4582.05 0.0 104863.9468
4596.19 4596.19 0.0 104849.1958
4610.34 4610.34 0.0 104834.6184
4624.48 4624.48 0.0 104820.2305
4638.62 4638.62 0.0 104806.0229
4652.76 4652.76 0.0 104792.0032
4666.9 4666.9 0.0 104778.1631
4681.05 4681.05 0.0 104764.4961
4695.19 4695.19 0.0 104751.0200
4709.33 4709.33 0.0 104737.7246
4723.47 4723.47 0.0 104724.6125
4737.62 4737.62 0.0 104711.6665
4751.76 4751.76 0.0 104698.9077
4765.9 4765.9 0.0 104686.3264
4780.04 4780.04 0.0 104673.9165
4794.18 4794.18 0.0 104661.6763
4808.33 4808.33 0.0 104649.6008
4822.47 4822.47 0.0 104637.6921
4836.61 4836.61 0.0 104625.9517
4850.75 4850.75 0.0 104614.3687
4864.89 4864.89 0.0 104602.9417
4879.04 4879.04 0.0 104591.6648
4893.18 4893.18 0.0 104580.5459
4907.32 4907.32 0.0 104569.5710
4921.46 4921.46 0.0 104558.7429
4935.61 4935.61 0.0 104548.0505
4949.75 4949.75 0.0 104537.5002
4963.89 4963.89 0.0 104527.0916
4978.03 4978.03 0.0 104516.8076
4992.17 4992.17 0.0 104506.6548
5006.32 5006.32 0.0 104496.6204
5020.46 5020.46 0.0 104486.7170
5034.6 5034.6 0.0 104476.9299
5048.74 5048.74 0.0 104467.2600
5062.88 5062.88 0.0 104457.7063
5077.03 5077.03 0.0 104448.2527
5091.17 5091.17 0.0 104438.9165
5105.31 5105.31 0.0 104429.6853
5119.45 5119.45 0.0 104420.5581
5133.6 5133.6 0.0 104411.5222
5147.74 5147.74 0.0 104402.5945
5161.88 5161.88 0.0 104393.7573
5176.02 5176.02 0.0 104385.0181
5190.16 5190.16 0.0 104376.3674
5204.31 5204.31 0.0 104367.8005
5218.45 5218.45 0.0 104359.3245
5232.59 5232.59 0.0 104350.9353
5246.73 5246.73 0.0 104342.6265
5260.87 5260.87 0.0 104334.4011
5275.02 5275.02 0.0 104326.2461
5289.16 5289.16 0.0 104318.1748
5303.3 5303.3 0.0 104310.1792
5317.44 5317.44 0.0 104302.2588
5331.59 5331.59 0.0 104294.4031
5345.73 5345.73 0.0 104286.6230
5359.87 5359.87 0.0 104278.9153
5374.01 5374.01 0.0 104271.2686
5388.15 5388.15 0.0 104263.6934
5402.3 5402.3 0.0 104256.1777
5416.44 5416.44 0.0 104248.7334
5430.58 5430.58 0.0 104241.3506
5444.72 5444.72 0.0 104234.0195
5458.86 5458.86 0.0 104226.7595
5473.01 5473.01 0.0 104219.5491
5487.15 5487.15 0.0 104212.4011
5501.29 5501.29 0.0 104205.3101
5515.43 5515.43 0.0 104198.2749
5529.58 5529.58 0.0 104191.2896
5543.72 5543.72 0.0 104184.3647
5557.86 5557.86 0.0 104177.4863
5572.0 5572.0 0.0 104170.6655
5586.14 5586.14 0.0 104163.8943
5600.29 5600.29 0.0 104157.1692
5614.43 5614.43 0.0 104150.4990
5628.57 5628.57 0.0 104143.8740
5642.71 5642.71 0.0 104137.2993
5656.85 5656.85 0.0 104130.7678
5671.0 5671.0 0.0 104124.2812
5685.14 5685.14 0.0 104117.8423
5699.28 5699.28 0.0 104111.4490
5713.42 5713.42 0.0 104105.1047
5727.56 5727.56 0.0 104098.8000
5741.71 5741.71 0.0 104092.5330
5755.85 5755.85 0.0 104086.3147
5769.99 5769.99 0.0 104080.1377
5784.13 5784.13 0.0 104074.0007
5798.28 5798.28 0.0 104067.8997
5812.42 5812.42 0.0 104061.8457
5826.56 5826.56 0.0 104055.8313
5840.7 5840.7 0.0 104049.8562
5854.84 5854.84 0.0 104043.9170
5868.99 5868.99 0.0 104038.0144
5883.13 5883.13 0.0 104032.1531
5897.27 5897.27 0.0 104026.3247
5911.41 5911.41 0.0 104020.5371
5925.55 5925.55 0.0 104014.7876
5939.7 5939.7 0.0 104009.0657
5953.84 5953.84 0.0 104003.3867
5967.98 5967.98 0.0 103997.7422
5982.12 5982.12 0.0 103992.1313
5996.27 5996.27 0.0 103986.5527
6010.41 6010.41 0.0 103981.0107
6024.55 6024.55 0.0 103975.5020
6038.69 6038.69 0.0 103970.0273
6052.83 6052.83 0.0 103964.5850
6066.98 6066.98 0.0 103959.1704
6081.12 6081.12 0.0 103953.7920
6095.26 6095.26 0.0 103948.4470
6109.4 6109.4 0.0 103943.1340
6123.54 6123.54 0.0 103937.8516
6137.69 6137.69 0.0 103932.5986
6151.83 6151.83 0.0 103927.3760
6165.97 6165.97 0.0 103922.1863
6180.11 6180.11 0.0 103917.0212
6194.26 6194.26 0.0 103911.8914
6208.4 6208.4 0.0 103906.7852
6222.54 6222.54 0.0 103901.7148
6236.68 6236.68 0.0 103896.6702
6250.82 6250.82 0.0 103891.6562
6264.97 6264.97 0.0 103886.6667
6279.11 6279.11 0.0 103881.7063
6293.25 6293.25 0.0 103876.7778
6307.39 6307.39 0.0 103871.8728
6321.53 6321.53 0.0 103866.9980
6335.68 6335.68 0.0 103862.1445
6349.82 6349.82 0.0 103857.3232
6363.96 6363.96 0.0 103852.5254
6378.1 6378.1 0.0 103847.7588
6392.25 6392.25 0.0 103843.0115
6406.39 6406.39 0.0 103838.2925
6420.53 6420.53 0.0 103833.5999
6434.67 6434.67 0.0 103828.9319
6448.81 6448.81 0.0 103824.2905
6462.96 6462.96 0.0 103819.6682
6477.1 6477.1 0.0 103815.0747
6491.24 6491.24 0.0 103810.5081
6505.38 6505.38 0.0 103805.9624
6519.52 6519.52 0.0 103801.4421
6533.67 6533.67 0.0 103796.9399
6547.81 6547.81 0.0 103792.4658
6561.95 6561.95 0.0 103788.0171
6576.09 6576.09 0.0 103783.5872
6590.24 6590.24 0.0 103779.1792
6604.38 6604.38 0.0 103774.7939
6618.52 6618.52 0.0 103770.4368
6632.66 6632.66 0.0 103766.0964
6646.8 6646.8 0.0 103761.7776
6660.95 6660.95 0.0 103757.4807
6675.09 6675.09 0.0 103753.2073
6689.23 6689.23 0.0 103748.9551
6703.37 6703.37 0.0 103744.7209
6717.51 6717.51 0.0 103740.5100
6731.66 6731.66 0.0 103736.3149
6745.8 6745.8 0.0 103732.1440
6759.94 6759.94 0.0 103727.9954
6774.08 6774.08 0.0 103723.8638
6788.23 6788.23 0.0 103719.7476
6802.37 6802.37 0.0 103715.6565
6816.51 6816.51 0.0 103711.5859
6830.65 6830.65 0.0 103707.5303
6844.79 6844.79 0.0 103703.4966
6858.94 6858.94 0.0 103699.4751
6873.08 6873.08 0.0 103695.4795
6887.22 6887.22 0.0 103691.4998
6901.36 6901.36 0.0 103687.5378
6915.5 6915.5 0.0 103683.5940
6929.65 6929.65 0.0 103679.6677
6943.79 6943.79 0.0 103675.7551
6957.93 6957.93 0.0 103671.8662
6972.07 6972.07 0.0 103667.9888
6986.21 6986.21 0.0 103664.1306
7000.36 7000.36 0.0 103660.2869
7014.5 7014.5 0.0 103656.4629
7028.64 7028.64 0.0 103652.6550
7042.78 7042.78 0.0 103648.8633
7056.93 7056.93 0.0 103645.0823
7071.07 7071.07 0.0 103641.3215
7085.21 7085.21 0.0 103637.5757
7099.35 7099.35 0.0 103633.8469
7113.49 7113.49 0.0 103630.1309
7127.64 7127.64 0.0 103626.4297
7141.78 7141.78 0.0 103622.7451
7155.92 7155.92 0.0 103619.0752
7170.06 7170.06 0.0 103615.4189
7184.2 7184.2 0.0 103611.7769
7198.35 7198.35 0.0 103608.1487
7212.49 7212.49 0.0 103604.5347
7226.63 7226.63 0.0 103600.9351
7240.77 7240.77 0.0 103597.3486
7254.92 7254.92 0.0 103593.7744
7269.06 7269.06 0.0 103590.2156
7283.2 7283.2 0.0 103586.6675
7297.34 7297.34 0.0 103583.1372
7311.48 7311.48 0.0 103579.6172
7325.63 7325.63 0.0 103576.1096
7339.77 7339.77 0.0 103572.6135
7353.91 7353.91 0.0 103569.1306
7368.05 7368.05 0.0 103565.6594
7382.19 7382.19 0.0 103562.2043
7396.34 7396.34 0.0 103558.7556
7410.48 7410.48 0.0 103555.3250
7424.62 7424.62 0.0 103551.9006
7438.76 7438.76 0.0 103548.4919
7452.91 7452.91 0.0 103545.0896
7467.05 7467.05 0.0 103541.7031
7481.19 7481.19 0.0 103538.3279
7495.33 7495.33 0.0 103534.9634
7509.47 7509.47 0.0 103531.6091
7523.62 7523.62 0.0 103528.2642
7537.76 7537.76 0.0 103524.9324
7551.9 7551.9 0.0 103521.6113
7566.04 7566.04 0.0 103518.3013
7580.18 7580.18 0.0 103514.9983
7594.33 7594.33 0.0 103511.7065
7608.47 7608.47 0.0 103508.4280
7622.61 7622.61 0.0 103505.1597
7636.75 7636.75 0.0 103501.8992
7650.9 7650.9 0.0 103498.6511
7665.04 7665.04 0.0 103495.4109
7679.18 7679.18 0.0 103492.1816
7693.32 7693.32 0.0 103488.9612
7707.46 7707.46 0.0 103485.7517
7721.61 7721.61 0.0 103482.5493
7735.75 7735.75 0.0 103479.3574
7749.89 7749.89 0.0 103476.1765
7764.03 7764.03 0.0 103473.0027
7778.17 7778.17 0.0 103469.8403
