0.0 0.0 0.0 956882.5000
14.1421 14.1421 0.0 2142643.6250
28.2843 28.2843 0.0 1703718.8750
42.4264 42.4264 0.0 1234427.1250
56.5685 56.5685 0.0 851493.5625
70.7107 70.7107 0.0 595634.9688
84.8528 84.8528 0.0 440145.0312
98.9949 98.9949 0.0 347539.0625
113.137 113.137 0.0 290223.1250
127.279 127.279 0.0 251694.6719
141.421 141.421 0.0 224014.9453
155.563 155.563 0.0 203465.5469
169.706 169.706 0.0 187911.4531
183.848 183.848 0.0 175897.4141
197.99 197.99 0.0 166401.1641
212.132 212.132 0.0 158729.1523
226.274 226.274 0.0 152418.5977
240.416 240.416 0.0 147155.9180
254.558 254.558 0.0 142720.3203
268.701 268.701 0.0 138949.2344
282.843 282.843 0.0 135718.8516
296.985 296.985 0.0 132931.4609
311.127 311.127 0.0 130509.4746
325.269 325.269 0.0 128390.4277
339.411 339.411 0.0 126523.6562
353.553 353.553 0.0 124867.8340
367.696 367.696 0.0 123388.9453
381.838 381.838 0.0 122059.1113
395.98 395.98 0.0 120855.0645
410.122 410.122 0.0 119757.5840
424.264 424.264 0.0 118751.0195
438.406 438.406 0.0 117822.7188
452.548 452.548 0.0 116962.6807
466.69 466.69 0.0 116163.1846
480.833 480.833 0.0 115418.3828
494.975 494.975 0.0 114723.9688
509.117 509.117 0.0 114076.6328
523.259 523.259 0.0 113473.7959
537.401 537.401 0.0 112913.2832
551.543 551.543 0.0 112393.0859
565.685 565.685 0.0 111911.1650
579.828 579.828 0.0 111465.3408
593.97 593.97 0.0 111053.3076
608.112 608.112 0.0 110672.4570
622.254 622.254 0.0 110319.9590
636.396 636.396 0.0 109992.7480
650.538 650.538 0.0 109687.5830
664.68 664.68 0.0 109401.0234
678.823 678.823 0.0 109129.5508
692.965 692.965 0.0 108869.7026
707.107 707.107 0.0 108618.2256
721.249 721.249 0.0 108372.3179
735.391 735.391 0.0 108129.8726
749.533 749.533 0.0 107889.7349
763.675 763.675 0.0 107651.9072
777.817 777.817 0.0 107417.7720
791.96 791.96 0.0 107189.9941
806.102 806.102 0.0 106972.1089
820.244 820.244 0.0 106767.5688
834.386 834.386 0.0 106578.8237
848.528 848.528 0.0 106406.8413
862.67 862.67 0.0 106251.0688
876.812 876.812 0.0 106109.8228
890.955 890.955 0.0 105980.8213
905.097 905.097 0.0 105861.6523
919.239 919.239 0.0 105750.1040
933.381 933.381 0.0 105644.2959
947.523 947.523 0.0 105542.8101
961.665 961.665 0.0 105444.6367
975.807 975.807 0.0 105349.1489
989.949 989.949 0.0 105256.0227
1004.09 1004.09 0.0 105165.1934
1018.23 1018.23 0.0 105076.8022
1032.38 1032.38 0.0 104991.0625
1046.52 1046.52 0.0 104908.4697
1060.66 1060.66 0.0 104829.4150
1074.8 1074.8 0.0 104754.3486
1088.94 1088.94 0.0 104683.7129
1103.09 1103.09 0.0 104617.8560
1117.23 1117.23 0.0 104557.1545
1131.37 1131.37 0.0 104501.7253
1145.51 1145.51 0.0 104451.5601
1159.66 1159.66 0.0 104406.4624
1173.8 1173.8 0.0 104366.1438
1187.94 1187.94 0.0 104330.0842
1202.08 1202.08 0.0 104297.6792
1216.22 1216.22 0.0 104268.2849
1230.37 1230.37 0.0 104241.2283
1244.51 1244.51 0.0 104215.9546
1258.65 1258.65 0.0 104191.9460
1272.79 1272.79 0.0 104168.8015
1286.93 1286.93 0.0 104146.2400
1301.08 1301.08 0.0 104124.0596
1315.22 1315.22 0.0 104102.1899
1329.36 1329.36 0.0 104080.5732
1343.5 1343.5 0.0 104059.2144
1357.65 1357.65 0.0 104038.1333
1371.79 1371.79 0.0 104017.3994
1385.93 1385.93 0.0 103997.0513
1400.07 1400.07 0.0 103977.1309
1414.21 1414.21 0.0 103957.6870
1428.36 1428.36 0.0 103938.7302
1442.5 1442.5 0.0 103920.3181
1456.64 1456.64 0.0 103902.4426
1470.78 1470.78 0.0 103885.1118
1484.92 1484.92 0.0 103868.3225
1499.07 1499.07 0.0 103852.0527
1513.21 1513.21 0.0 103836.3110
1527.35 1527.35 0.0 103821.0706
1541.49 1541.49 0.0 103806.3000
1555.63 1555.63 0.0 103791.9861
1569.78 1569.78 0.0 103778.0889
1583.92 1583.92 0.0 103764.5994
1598.06 1598.06 0.0 103751.4871
1612.2 1612.2 0.0 103738.7278
1626.35 1626.35 0.0 103726.2822
1640.49 1640.49 0.0 103714.1470
1654.63 1654.63 0.0 103702.2949
1668.77 1668.77 0.0 103690.6975
1682.91 1682.91 0.0 103679.3438
1697.06 1697.06 0.0 103668.2029
1711.2 1711.2 0.0 103657.2803
1725.34 1725.34 0.0 103646.5466
1739.48 1739.48 0.0 103635.9902
1753.62 1753.62 0.0 103625.6011
1767.77 1767.77 0.0 103615.3611
1781.91 1781.91 0.0 103605.2751
1796.05 1796.05 0.0 103595.3257
1810.19 1810.19 0.0 103585.5046
1824.34 1824.34 0.0 103575.7996
1838.48 1838.48 0.0 103566.2190
1852.62 1852.62 0.0 103556.7466
1866.76 1866.76 0.0 103547.3792
1880.9 1880.9 0.0 103538.1140
1895.05 1895.05 0.0 103528.9387
1909.19 1909.19 0.0 103519.8625
1923.33 1923.33 0.0 103510.8726
1937.47 1937.47 0.0 103501.9707
1951.61 1951.61 0.0 103493.1541
1965.76 1965.76 0.0 103484.4099
1979.9 1979.9 0.0 103475.7515
1994.04 1994.04 0.0 103467.1682
2008.18 2008.18 0.0 103458.6580
2022.33 2022.33 0.0 103450.2117
2036.47 2036.47 0.0 103441.8462
2050.61 2050.61 0.0 103433.5442
2064.75 2064.75 0.0 103425.3162
2078.89 2078.89 0.0 103417.1504
2093.04 2093.04 0.0 103409.0437
2107.18 2107.18 0.0 103401.0046
2121.32 2121.32 0.0 103393.0325
2135.46 2135.46 0.0 103385.1228
2149.6 2149.6 0.0 103377.2712
2163.75 2163.75 0.0 103369.4781
2177.89 2177.89 0.0 103361.7433
2192.03 2192.03 0.0 103354.0751
2206.17 2206.17 0.0 103346.4670
2220.32 2220.32 0.0 103338.9076
2234.46 2234.46 0.0 103331.4158
2248.6 2248.6 0.0 103323.9801
2262.74 2262.74 0.0 103316.6063
2276.88 2276.88 0.0 103309.2880
2291.03 2291.03 0.0 103302.0239
2305.17 2305.17 0.0 103294.8239
2319.31 2319.31 0.0 103287.6790
2333.45 2333.45 0.0 103280.5946
2347.59 2347.59 0.0 103273.5691
2361.74 2361.74 0.0 103266.5992
2375.88 2375.88 0.0 103259.6893
2390.02 2390.02 0.0 103252.8390
2404.16 2404.16 0.0 103246.0469
2418.31 2418.31 0.0 103239.3113
2432.45 2432.45 0.0 103232.6356
2446.59 2446.59 0.0 103226.0195
2460.73 2460.73 0.0 103219.4624
2474.87 2474.87 0.0 103212.9637
2489.02 2489.02 0.0 103206.5199
2503.16 2503.16 0.0 103200.1389
2517.3 2517.3 0.0 103193.8160
2531.44 2531.44 0.0 103187.5500
2545.58 2545.58 0.0 103181.3440
2559.73 2559.73 0.0 103175.1885
2573.87 2573.87 0.0 103169.0973
2588.01 2588.01 0.0 103163.0613
2602.15 2602.15 0.0 103157.0814
2616.3 2616.3 0.0 103151.1543
2630.44 2630.44 0.0 103145.2860
2644.58 2644.58 0.0 103139.4783
2658.72 2658.72 0.0 103133.7217
2672.86 2672.86 0.0 103128.0177
2687.01 2687.01 0.0 103122.3660
2701.15 2701.15 0.0 103116.7737
2715.29 2715.29 0.0 103111.2319
2729.43 2729.43 0.0 103105.7457
2743.57 2743.57 0.0 103100.3082
2757.72 2757.72 0.0 103094.9197
2771.86 2771.86 0.0 103089.5868
2786.0 2786.0 0.0 103084.3002
2800.14 2800.14 0.0 103079.0652
2814.28 2814.28 0.0 103073.8792
2828.43 2828.43 0.0 103068.7401
2842.57 2842.57 0.0 103063.6499
2856.71 2856.71 0.0 103058.6052
2870.85 2870.85 0.0 103053.6115
2885.0 2885.0 0.0 103048.6565
2899.14 2899.14 0.0 103043.7512
2913.28 2913.28 0.0 103038.8892
2927.42 2927.42 0.0 103034.0718
2941.56 2941.56 0.0 103029.2957
2955.71 2955.71 0.0 103024.5619
2969.85 2969.85 0.0 103019.8734
2983.99 2983.99 0.0 103015.2238
2998.13 2998.13 0.0 103010.6143
3012.27 3012.27 0.0 103006.0477
3026.42 3026.42 0.0 103001.5157
3040.56 3040.56 0.0 102997.0248
3054.7 3054.7 0.0 102992.5768
3068.84 3068.84 0.0 102988.1614
3082.99 3082.99 0.0 102983.7837
3097.13 3097.13 0.0 102979.4440
3111.27 3111.27 0.0 102975.1412
3125.41 3125.41 0.0 102970.8713
3139.55 3139.55 0.0 102966.6392
3153.7 3153.7 0.0 102962.4381
3167.84 3167.84 0.0 102958.2759
3181.98 3181.98 0.0 102954.1434
3196.12 3196.12 0.0 102950.0457
3210.26 3210.26 0.0 102945.9821
3224.41 3224.41 0.0 102941.9448
3238.55 3238.55 0.0 102937.9445
3252.69 3252.69 0.0 102933.9746
3266.83 3266.83 0.0 102930.0339
3280.98 3280.98 0.0 102926.1233
3295.12 3295.12 0.0 102922.2441
3309.26 3309.26 0.0 102918.3942
3323.4 3323.4 0.0 102914.5732
3337.54 3337.54 0.0 102910.7804
3351.69 3351.69 0.0 102907.0153
3365.83 3365.83 0.0 102903.2788
3379.97 3379.97 0.0 102899.5684
3394.11 3394.11 0.0 102895.8883
3408.25 3408.25 0.0 102892.2333
3422.4 3422.4 0.0 102888.6031
3436.54 3436.54 0.0 102885.0015
3450.68 3450.68 0.0 102881.4244
3464.82 3464.82 0.0 102877.8743
3478.97 3478.97 0.0 102874.3466
3493.11 3493.11 0.0 102870.8456
3507.25 3507.25 0.0 102867.3671
3521.39 3521.39 0.0 102863.9139
3535.53 3535.53 0.0 102860.4862
3549.68 3549.68 0.0 102857.0792
3563.82 3563.82 0.0 102853.6973
3577.96 3577.96 0.0 102850.3373
3592.1 3592.1 0.0 102847.0021
3606.24 3606.24 0.0 102843.6871
3620.39 3620.39 0.0 102840.3910
3634.53 3634.53 0.0 102837.1230
3648.67 3648.67 0.0 102833.8749
3662.81 3662.81 0.0 102830.6482
3676.96 3676.96 0.0 102827.4404
3691.1 3691.1 0.0 102824.2546
3705.24 3705.24 0.0 102821.0905
3719.38 3719.38 0.0 102817.9457
3733.52 3733.52 0.0 102814.8204
3747.67 3747.67 0.0 102811.7145
3761.81 3761.81 0.0 102808.6318
3775.95 3775.95 0.0 102805.5656
3790.09 3790.09 0.0 102802.5210
3804.23 3804.23 0.0 102799.4941
3818.38 3818.38 0.0 102796.4832
3832.52 3832.52 0.0 102793.4937
3846.66 3846.66 0.0 102790.5229
3860.8 3860.8 0.0 102787.5720
3874.95 3874.95 0.0 102784.6327
3889.09 3889.09 0.0 102781.7186
3903.23 3903.23 0.0 102778.8174
3917.37 3917.37 0.0 102775.9357
3931.51 3931.51 0.0 102773.0708
3945.66 3945.66 0.0 102770.2212
3959.8 3959.8 0.0 102767.3937
3973.94 3973.94 0.0 102764.5792
3988.08 3988.08 0.0 102761.7804
4002.22 4002.22 0.0 102759.0002
4016.37 4016.37 0.0 102756.2328
4030.51 4030.51 0.0 102753.4838
4044.65 4044.65 0.0 102750.7521
4058.79 4058.79 0.0 102748.0350
4072.94 4072.94 0.0 102745.3329
4087.08 4087.08 0.0 102742.6487
4101.22 4101.22 0.0 102739.9788
4115.36 4115.36 0.0 102737.3235
4129.5 4129.5 0.0 102734.6831
4143.65 4143.65 0.0 102732.0565
4157.79 4157.79 0.0 102729.4456
4171.93 4171.93 0.0 102726.8492
4186.07 4186.07 0.0 102724.2705
4200.21 4200.21 0.0 102721.7031
4214.36 4214.36 0.0 102719.1492
4228.5 4228.5 0.0 102716.6104
4242.64 4242.64 0.0 102714.0863
