0.0 0.0 0.0 193760.6328
14.1421 14.1421 0.0 196391.2656
28.2843 28.2843 0.0 195304.4062
42.4264 42.4264 0.0 194504.2031
56.5685 56.5685 0.0 193582.9219
70.7107 70.7107 0.0 192445.1484
84.8528 84.8528 0.0 191084.8672
98.9949 98.9949 0.0 189544.2500
113.137 113.137 0.0 187881.2656
127.279 127.279 0.0 186146.1953
141.421 141.421 0.0 184373.1172
155.563 155.563 0.0 182580.6250
169.706 169.706 0.0 180775.9062
183.848 183.848 0.0 178959.3906
197.99 197.99 0.0 177127.8281
212.132 212.132 0.0 175277.9062
226.274 226.274 0.0 173408.8672
240.416 240.416 0.0 171523.9844
254.558 254.558 0.0 169630.8125
268.701 268.701 0.0 167740.0156
282.843 282.843 0.0 165864.3359
296.985 296.985 0.0 164015.6523
311.127 311.127 0.0 162204.2344
325.269 325.269 0.0 160437.4688
339.411 339.411 0.0 158719.8281
353.553 353.553 0.0 157053.1445
367.696 367.696 0.0 155437.7344
381.838 381.838 0.0 153874.0156
395.98 395.98 0.0 152362.9297
410.122 410.122 0.0 150907.0781
424.264 424.264 0.0 149510.5430
438.406 438.406 0.0 148178.2578
452.548 452.548 0.0 146915.0078
466.69 466.69 0.0 145724.2148
480.833 480.833 0.0 144607.0703
494.975 494.975 0.0 143562.3789
509.117 509.117 0.0 142585.9766
523.259 523.259 0.0 141671.5742
537.401 537.401 0.0 140811.1406
551.543 551.543 0.0 139995.6680
565.685 565.685 0.0 139215.9258
579.828 579.828 0.0 138462.8672
593.97 593.97 0.0 137728.4062
608.112 608.112 0.0 137005.4531
622.254 622.254 0.0 136288.3008
636.396 636.396 0.0 135572.7188
650.538 650.538 0.0 134856.0977
664.68 664.68 0.0 134137.3008
678.823 678.823 0.0 133416.5215
692.965 692.965 0.0 132695.3613
707.107 707.107 0.0 131976.1660
721.249 721.249 0.0 131262.0078
735.391 735.391 0.0 130556.3066
749.533 749.533 0.0 129862.5098
763.675 763.675 0.0 129183.8984
777.817 777.817 0.0 128523.2051
791.96 791.96 0.0 127882.6113
806.102 806.102 0.0 127263.6758
820.244 820.244 0.0 126667.2402
834.386 834.386 0.0 126093.4863
848.528 848.528 0.0 125542.0703
862.67 862.67 0.0 125012.2402
876.812 876.812 0.0 124502.9219
890.955 890.955 0.0 124012.7852
905.097 905.097 0.0 123540.3652
919.239 919.239 0.0 123083.7812
933.381 933.381 0.0 122640.6719
947.523 947.523 0.0 122207.7520
961.665 961.665 0.0 121780.9746
975.807 975.807 0.0 121356.2441
989.949 989.949 0.0 120931.8438
1004.09 1004.09 0.0 120511.3652
1018.23 1018.23 0.0 120103.6484
1032.38 1032.38 0.0 119715.1035
1046.52 1046.52 0.0 119340.6016
1060.66 1060.66 0.0 118962.6230
1074.8 1074.8 0.0 118568.6895
1088.94 1088.94 0.0 118163.5938
1103.09 1103.09 0.0 117763.3965
1117.23 1117.23 0.0 117383.5303
1131.37 1131.37 0.0 117030.1680
1145.51 1145.51 0.0 116702.2715
1159.66 1159.66 0.0 116394.9014
1173.8 1173.8 0.0 116102.9844
1187.94 1187.94 0.0 115821.6084
1202.08 1202.08 0.0 115547.2080
1216.22 1216.22 0.0 115277.3652
1230.37 1230.37 0.0 115010.2285
1244.51 1244.51 0.0 114745.0566
1258.65 1258.65 0.0 114480.8936
1272.79 1272.79 0.0 114217.1436
1286.93 1286.93 0.0 113953.3398
1301.08 1301.08 0.0 113688.8125
1315.22 1315.22 0.0 113423.4199
1329.36 1329.36 0.0 113156.3633
1343.5 1343.5 0.0 112886.9697
1357.65 1357.65 0.0 112614.3633
1371.79 1371.79 0.0 112338.2949
1385.93 1385.93 0.0 112058.0508
1400.07 1400.07 0.0 111773.3877
1414.21 1414.21 0.0 111484.3281
1428.36 1428.36 0.0 111191.0098
1442.5 1442.5 0.0 110894.5537
1456.64 1456.64 0.0 110595.9189
1470.78 1470.78 0.0 110296.7764
1484.92 1484.92 0.0 109999.5742
1499.07 1499.07 0.0 109707.5732
1513.21 1513.21 0.0 109425.8989
1527.35 1527.35 0.0 109160.2856
1541.49 1541.49 0.0 108917.4238
1555.63 1555.63 0.0 108703.7285
1569.78 1569.78 0.0 108523.5957
1583.92 1583.92 0.0 108378.3413
1598.06 1598.06 0.0 108264.6377
1612.2 1612.2 0.0 108175.4854
1626.35 1626.35 0.0 108101.7227
1640.49 1640.49 0.0 108034.4951
1654.63 1654.63 0.0 107966.8491
1668.77 1668.77 0.0 107894.8789
1682.91 1682.91 0.0 107817.7026
1697.06 1697.06 0.0 107736.4731
1711.2 1711.2 0.0 107653.6030
1725.34 1725.34 0.0 107571.4688
1739.48 1739.48 0.0 107492.0195
1753.62 1753.62 0.0 107416.5288
1767.77 1767.77 0.0 107345.5020
1781.91 1781.91 0.0 107279.0723
1796.05 1796.05 0.0 107216.8691
1810.19 1810.19 0.0 107158.4272
1824.34 1824.34 0.0 107103.1592
1838.48 1838.48 0.0 107050.6475
1852.62 1852.62 0.0 107000.4224
1866.76 1866.76 0.0 106952.1187
1880.9 1880.9 0.0 106905.4614
1895.05 1895.05 0.0 106860.2163
1909.19 1909.19 0.0 106816.2822
1923.33 1923.33 0.0 106773.5068
1937.47 1937.47 0.0 106731.8042
1951.61 1951.61 0.0 106691.1118
1965.76 1965.76 0.0 106651.3296
1979.9 1979.9 0.0 106612.4653
1994.04 1994.04 0.0 106574.4429
2008.18 2008.18 0.0 106537.2192
2022.33 2022.33 0.0 106500.7241
2036.47 2036.47 0.0 106464.9551
2050.61 2050.61 0.0 106429.8604
2064.75 2064.75 0.0 106395.3877
2078.89 2078.89 0.0 106361.4922
2093.04 2093.04 0.0 106328.1133
2107.18 2107.18 0.0 106295.2627
2121.32 2121.32 0.0 106262.8755
2135.46 2135.46 0.0 106230.9146
2149.6 2149.6 0.0 106199.3540
2163.75 2163.75 0.0 106168.1592
2177.89 2177.89 0.0 106137.3384
2192.03 2192.03 0.0 106106.8623
2206.17 2206.17 0.0 106076.7246
2220.32 2220.32 0.0 106046.9014
2234.46 2234.46 0.0 106017.4346
2248.6 2248.6 0.0 105988.3242
2262.74 2262.74 0.0 105959.5845
2276.88 2276.88 0.0 105931.2334
2291.03 2291.03 0.0 105903.2993
2305.17 2305.17 0.0 105875.8423
2319.31 2319.31 0.0 105848.8862
2333.45 2333.45 0.0 105822.4780
2347.59 2347.59 0.0 105796.6636
2361.74 2361.74 0.0 105771.4678
2375.88 2375.88 0.0 105746.9697
2390.02 2390.02 0.0 105723.1885
2404.16 2404.16 0.0 105700.1484
2418.31 2418.31 0.0 105677.8667
2432.45 2432.45 0.0 105656.3682
2446.59 2446.59 0.0 105635.6318
2460.73 2460.73 0.0 105615.6230
2474.87 2474.87 0.0 105596.2842
2489.02 2489.02 0.0 105577.5381
2503.16 2503.16 0.0 105559.2954
2517.3 2517.3 0.0 105541.4297
2531.44 2531.44 0.0 105523.7852
2545.58 2545.58 0.0 105506.2056
2559.73 2559.73 0.0 105488.5024
2573.87 2573.87 0.0 105470.5161
2588.01 2588.01 0.0 105452.0737
2602.15 2602.15 0.0 105433.0205
2616.3 2616.3 0.0 105413.1978
2630.44 2630.44 0.0 105392.5449
2644.58 2644.58 0.0 105370.9851
2658.72 2658.72 0.0 105348.4895
2672.86 2672.86 0.0 105325.0728
2687.01 2687.01 0.0 105300.7654
2701.15 2701.15 0.0 105275.6658
2715.29 2715.29 0.0 105249.8386
2729.43 2729.43 0.0 105223.3716
2743.57 2743.57 0.0 105196.3523
2757.72 2757.72 0.0 105168.8359
2771.86 2771.86 0.0 105140.9189
2786.0 2786.0 0.0 105112.6475
2800.14 2800.14 0.0 105084.0588
2814.28 2814.28 0.0 105055.1833
2828.43 2828.43 0.0 105026.0393
2842.57 2842.57 0.0 104996.6946
2856.71 2856.71 0.0 104967.1655
2870.85 2870.85 0.0 104937.4805
2885.0 2885.0 0.0 104907.6680
2899.14 2899.14 0.0 104877.8188
2913.28 2913.28 0.0 104847.9648
2927.42 2927.42 0.0 104818.1665
2941.56 2941.56 0.0 104788.4783
2955.71 2955.71 0.0 104758.9438
2969.85 2969.85 0.0 104729.6558
2983.99 2983.99 0.0 104700.6489
2998.13 2998.13 0.0 104671.9722
3012.27 3012.27 0.0 104643.6741
3026.42 3026.42 0.0 104615.7720
3040.56 3040.56 0.0 104588.3384
3054.7 3054.7 0.0 104561.3767
3068.84 3068.84 0.0 104534.9109
3082.99 3082.99 0.0 104508.9382
3097.13 3097.13 0.0 104483.5066
3111.27 3111.27 0.0 104458.6042
3125.41 3125.41 0.0 104434.2324
3139.55 3139.55 0.0 104410.3940
3153.7 3153.7 0.0 104387.0698
3167.84 3167.84 0.0 104364.2854
3181.98 3181.98 0.0 104342.0173
3196.12 3196.12 0.0 104320.2561
3210.26 3210.26 0.0 104298.9944
3224.41 3224.41 0.0 104278.2039
3238.55 3238.55 0.0 104257.9048
3252.69 3252.69 0.0 104238.0710
3266.83 3266.83 0.0 104218.6936
3280.98 3280.98 0.0 104199.7417
3295.12 3295.12 0.0 104181.2322
3309.26 3309.26 0.0 104163.1404
3323.4 3323.4 0.0 104145.4529
3337.54 3337.54 0.0 104128.1599
3351.69 3351.69 0.0 104111.2351
3365.83 3365.83 0.0 104094.6926
3379.97 3379.97 0.0 104078.5125
3394.11 3394.11 0.0 104062.6785
3408.25 3408.25 0.0 104047.1843
3422.4 3422.4 0.0 104032.0110
3436.54 3436.54 0.0 104017.1636
3450.68 3450.68 0.0 104002.6262
3464.82 3464.82 0.0 103988.3857
3478.97 3478.97 0.0 103974.4280
3493.11 3493.11 0.0 103960.7617
3507.25 3507.25 0.0 103947.3689
3521.39 3521.39 0.0 103934.2383
3535.53 3535.53 0.0 103921.3650
3549.68 3549.68 0.0 103908.7324
3563.82 3563.82 0.0 103896.3481
3577.96 3577.96 0.0 103884.1965
3592.1 3592.1 0.0 103872.2744
3606.24 3606.24 0.0 103860.5718
3620.39 3620.39 0.0 103849.0720
3634.53 3634.53 0.0 103837.7849
3648.67 3648.67 0.0 103826.6995
3662.81 3662.81 0.0 103815.8064
3676.96 3676.96 0.0 103805.0938
3691.1 3691.1 0.0 103794.5723
3705.24 3705.24 0.0 103784.2253
3719.38 3719.38 0.0 103774.0476
3733.52 3733.52 0.0 103764.0369
3747.67 3747.67 0.0 103754.1812
3761.81 3761.81 0.0 103744.4836
3775.95 3775.95 0.0 103734.9382
3790.09 3790.09 0.0 103725.5391
3804.23 3804.23 0.0 103716.2781
3818.38 3818.38 0.0 103707.1504
3832.52 3832.52 0.0 103698.1636
3846.66 3846.66 0.0 103689.3005
3860.8 3860.8 0.0 103680.5674
3874.95 3874.95 0.0 103671.9446
3889.09 3889.09 0.0 103663.4480
3903.23 3903.23 0.0 103655.0676
3917.37 3917.37 0.0 103646.7947
3931.51 3931.51 0.0 103638.6289
3945.66 3945.66 0.0 103630.5659
3959.8 3959.8 0.0 103622.6072
3973.94 3973.94 0.0 103614.7493
3988.08 3988.08 0.0 103606.9832
4002.22 4002.22 0.0 103599.3152
4016.37 4016.37 0.0 103591.7310
4030.51 4030.51 0.0 103584.2388
4044.65 4044.65 0.0 103576.8354
4058.79 4058.79 0.0 103569.5166
4072.94 4072.94 0.0 103562.2778
4087.08 4087.08 0.0 103555.1189
4101.22 4101.22 0.0 103548.0427
4115.36 4115.36 0.0 103541.0420
4129.5 4129.5 0.0 103534.1140
4143.65 4143.65 0.0 103527.2588
4157.79 4157.79 0.0 103520.4814
4171.93 4171.93 0.0 103513.7717
4186.07 4186.07 0.0 103507.1304
4200.21 4200.21 0.0 103500.5610
4214.36 4214.36 0.0 103494.0537
4228.5 4228.5 0.0 103487.6133
4242.64 4242.64 0.0 103481.2422
4256.78 4256.78 0.0 103474.9351
4270.92 4270.92 0.0 103468.6880
4285.07 4285.07 0.0 103462.5020
4299.21 4299.21 0.0 103456.3777
4313.35 4313.35 0.0 103450.3179
4327.49 4327.49 0.0 103444.3162
4341.64 4341.64 0.0 103438.3704
4355.78 4355.78 0.0 103432.4854
4369.92 4369.92 0.0 103426.6611
4384.06 4384.06 0.0 103420.8938
4398.2 4398.2 0.0 103415.1838
4412.35 4412.35 0.0 103409.5264
4426.49 4426.49 0.0 103403.9277
4440.63 4440.63 0.0 103398.3818
4454.77 4454.77 0.0 103392.8958
4468.91 4468.91 0.0 103387.4617
4483.06 4483.06 0.0 103382.0781
4497.2 4497.2 0.0 103376.7534
4511.34 4511.34 0.0 103371.4803
4525.48 4525.48 0.0 103366.2631
4539.63 4539.63 0.0 103361.0897
4553.77 4553.77 0.0 103355.9771
4567.91 4567.91 0.0 103350.9139
4582.05 4582.05 0.0 103345.9048
4596.19 4596.19 0.0 103340.9443
4610.34 4610.34 0.0 103336.0334
4624.48 4624.48 0.0 103331.1748
4638.62 4638.62 0.0 103326.3699
4652.76 4652.76 0.0 103321.6084
4666.9 4666.9 0.0 103316.9006
4681.05 4681.05 0.0 103312.2405
4695.19 4695.19 0.0 103307.6288
4709.33 4709.33 0.0 103303.0686
4723.47 4723.47 0.0 103298.5544
4737.62 4737.62 0.0 103294.0846
4751.76 4751.76 0.0 103289.6669
4765.9 4765.9 0.0 103285.2925
4780.04 4780.04 0.0 103280.9702
4794.18 4794.18 0.0 103276.6904
4808.33 4808.33 0.0 103272.4526
4822.47 4822.47 0.0 103268.2649
4836.61 4836.61 0.0 103264.1221
4850.75 4850.75 0.0 103260.0231
4864.89 4864.89 0.0 103255.9678
4879.04 4879.04 0.0 103251.9521
4893.18 4893.18 0.0 103247.9833
4907.32 4907.32 0.0 103244.0574
4921.46 4921.46 0.0 103240.1741
4935.61 4935.61 0.0 103236.3279
4949.75 4949.75 0.0 103232.5265
4963.89 4963.89 0.0 103228.7628
4978.03 4978.03 0.0 103225.0436
4992.17 4992.17 0.0 103221.3612
5006.32 5006.32 0.0 103217.7133
5020.46 5020.46 0.0 103214.1082
5034.6 5034.6 0.0 103210.5416
5048.74 5048.74 0.0 103207.0111
5062.88 5062.88 0.0 103203.5177
5077.03 5077.03 0.0 103200.0566
5091.17 5091.17 0.0 103196.6368
5105.31 5105.31 0.0 103193.2465
5119.45 5119.45 0.0 103189.8932
5133.6 5133.6 0.0 103186.5725
5147.74 5147.74 0.0 103183.2861
5161.88 5161.88 0.0 103180.0328
5176.02 5176.02 0.0 103176.8129
5190.16 5190.16 0.0 103173.6211
5204.31 5204.31 0.0 103170.4604
5218.45 5218.45 0.0 103167.3296
5232.59 5232.59 0.0 103164.2288
5246.73 5246.73 0.0 103161.1586
5260.87 5260.87 0.0 103158.1135
5275.02 5275.02 0.0 103155.0978
5289.16 5289.16 0.0 103152.1080
5303.3 5303.3 0.0 103149.1476
5317.44 5317.44 0.0 103146.2125
5331.59 5331.59 0.0 103143.2996
5345.73 5345.73 0.0 103140.4154
5359.87 5359.87 0.0 103137.5516
5374.01 5374.01 0.0 103134.7146
5388.15 5388.15 0.0 103131.9019
5402.3 5402.3 0.0 103129.1038
5416.44 5416.44 0.0 103126.3350
5430.58 5430.58 0.0 103123.5858
5444.72 5444.72 0.0 103120.8578
5458.86 5458.86 0.0 103118.1495
5473.01 5473.01 0.0 103115.4570
5487.15 5487.15 0.0 103112.7866
5501.29 5501.29 0.0 103110.1364
5515.43 5515.43 0.0 103107.5052
5529.58 5529.58 0.0 103104.8865
5543.72 5543.72 0.0 103102.2894
5557.86 5557.86 0.0 103099.7089
5572.0 5572.0 0.0 103097.1404
5586.14 5586.14 0.0 103094.5934
5600.29 5600.29 0.0 103092.0551
5614.43 5614.43 0.0 103089.5345
5628.57 5628.57 0.0 103087.0287
5642.71 5642.71 0.0 103084.5365
5656.85 5656.85 0.0 103082.0569
5671.0 5671.0 0.0 103079.5901
5685.14 5685.14 0.0 103077.1359
5699.28 5699.28 0.0 103074.6926
5713.42 5713.42 0.0 103072.2651
5727.56 5727.56 0.0 103069.8459
5741.71 5741.71 0.0 103067.4354
5755.85 5755.85 0.0 103065.0380
5769.99 5769.99 0.0 103062.6520
5784.13 5784.13 0.0 103060.2744
5798.28 5798.28 0.0 103057.9033
5812.42 5812.42 0.0 103055.5454
5826.56 5826.56 0.0 103053.1940
5840.7 5840.7 0.0 103050.8514
5854.84 5854.84 0.0 103048.5186
5868.99 5868.99 0.0 103046.1915
5883.13 5883.13 0.0 103043.8716
5897.27 5897.27 0.0 103041.5580
5911.41 5911.41 0.0 103039.2566
5925.55 5925.55 0.0 103036.9567
5939.7 5939.7 0.0 103034.6647
5953.84 5953.84 0.0 103032.3773
5967.98 5967.98 0.0 103030.0980
5982.12 5982.12 0.0 103027.8264
5996.27 5996.27 0.0 103025.5547
6010.41 6010.41 0.0 103023.2933
6024.55 6024.55 0.0 103021.0334
6038.69 6038.69 0.0 103018.7797
6052.83 6052.83 0.0 103016.5321
6066.98 6066.98 0.0 103014.2867
6081.12 6081.12 0.0 103012.0475
6095.26 6095.26 0.0 103009.8107
6109.4 6109.4 0.0 103007.5765
6123.54 6123.54 0.0 103005.3486
6137.69 6137.69 0.0 103003.1205
6151.83 6151.83 0.0 103000.9023
6165.97 6165.97 0.0 102998.6826
6180.11 6180.11 0.0 102996.4689
6194.26 6194.26 0.0 102994.2550
6208.4 6208.4 0.0 102992.0477
6222.54 6222.54 0.0 102989.8428
6236.68 6236.68 0.0 102987.6377
6250.82 6250.82 0.0 102985.4409
6264.97 6264.97 0.0 102983.2415
6279.11 6279.11 0.0 102981.0458
6293.25 6293.25 0.0 102978.8538
6307.39 6307.39 0.0 102976.6622
6321.53 6321.53 0.0 102974.4769
6335.68 6335.68 0.0 102972.2897
6349.82 6349.82 0.0 102970.1046
6363.96 6363.96 0.0 102967.9247
6378.1 6378.1 0.0 102965.7445
6392.25 6392.25 0.0 102963.5673
6406.39 6406.39 0.0 102961.3931
6420.53 6420.53 0.0 102959.2200
6434.67 6434.67 0.0 102957.0483
6448.81 6448.81 0.0 102954.8802
6462.96 6462.96 0.0 102952.7120
6477.1 6477.1 0.0 102950.5450
6491.24 6491.24 0.0 102948.3842
6505.38 6505.38 0.0 102946.2223
6519.52 6519.52 0.0 102944.0632
6533.67 6533.67 0.0 102941.9047
6547.81 6547.81 0.0 102939.7498
6561.95 6561.95 0.0 102937.5963
6576.09 6576.09 0.0 102935.4449
6590.24 6590.24 0.0 102933.2941
6604.38 6604.38 0.0 102931.1461
6618.52 6618.52 0.0 102929.0017
6632.66 6632.66 0.0 102926.8563
6646.8 6646.8 0.0 102924.7156
6660.95 6660.95 0.0 102922.5745
6675.09 6675.09 0.0 102920.4377
6689.23 6689.23 0.0 102918.3031
6703.37 6703.37 0.0 102916.1698
6717.51 6717.51 0.0 102914.0393
6731.66 6731.66 0.0 102911.9080
6745.8 6745.8 0.0 102909.7810
6759.94 6759.94 0.0 102907.6583
6774.08 6774.08 0.0 102905.5364
6788.23 6788.23 0.0 102903.4135
6802.37 6802.37 0.0 102901.3002
6816.51 6816.51 0.0 102899.1865
6830.65 6830.65 0.0 102897.0721
6844.79 6844.79 0.0 102894.9634
6858.94 6858.94 0.0 102892.8547
6873.08 6873.08 0.0 102890.7510
6887.22 6887.22 0.0 102888.6508
6901.36 6901.36 0.0 102886.5514
6915.5 6915.5 0.0 102884.4561
6929.65 6929.65 0.0 102882.3636
6943.79 6943.79 0.0 102880.2733
6957.93 6957.93 0.0 102878.1870
6972.07 6972.07 0.0 102876.1023
6986.21 6986.21 0.0 102874.0233
7000.36 7000.36 0.0 102871.9441
7014.5 7014.5 0.0 102869.8699
7028.64 7028.64 0.0 102867.7993
7042.78 7042.78 0.0 102865.7319
7056.93 7056.93 0.0 102863.6661
7071.07 7071.07 0.0 102861.6075
7085.21 7085.21 0.0 102859.5500
7099.35 7099.35 0.0 102857.4976
7113.49 7113.49 0.0 102855.4492
7127.64 7127.64 0.0 102853.4016
7141.78 7141.78 0.0 102851.3602
7155.92 7155.92 0.0 102849.3223
7170.06 7170.06 0.0 102847.2878
7184.2 7184.2 0.0 102845.2576
7198.35 7198.35 0.0 102843.2321
7212.49 7212.49 0.0 102841.2101
7226.63 7226.63 0.0 102839.1930
7240.77 7240.77 0.0 102837.1807
7254.92 7254.92 0.0 102835.1703
7269.06 7269.06 0.0 102833.1655
7283.2 7283.2 0.0 102831.1670
7297.34 7297.34 0.0 102829.1704
7311.48 7311.48 0.0 102827.1813
7325.63 7325.63 0.0 102825.1964
7339.77 7339.77 0.0 102823.2126
7353.91 7353.91 0.0 102821.2358
7368.05 7368.05 0.0 102819.2637
7382.19 7382.19 0.0 102817.2993
7396.34 7396.34 0.0 102815.3352
7410.48 7410.48 0.0 102813.3788
7424.62 7424.62 0.0 102811.4276
7438.76 7438.76 0.0 102809.4834
7452.91 7452.91 0.0 102807.5387
7467.05 7467.05 0.0 102805.6038
7481.19 7481.19 0.0 102803.6747
7495.33 7495.33 0.0 102801.7496
7509.47 7509.47 0.0 102799.8320
7523.62 7523.62 0.0 102797.9156
7537.76 7537.76 0.0 102796.0093
7551.9 7551.9 0.0 102794.1074
7566.04 7566.04 0.0 102792.2109
7580.18 7580.18 0.0 102790.3198
7594.33 7594.33 0.0 102788.4343
7608.47 7608.47 0.0 102786.5563
7622.61 7622.61 0.0 102784.6841
7636.75 7636.75 0.0 102782.8179
7650.9 7650.9 0.0 102780.9567
7665.04 7665.04 0.0 102779.1021
7679.18 7679.18 0.0 102777.2540
7693.32 7693.32 0.0 102775.4131
7707.46 7707.46 0.0 102773.5781
7721.61 7721.61 0.0 102771.7488
7735.75 7735.75 0.0 102769.9264
7749.89 7749.89 0.0 102768.1121
7764.03 7764.03 0.0 102766.3027
7778.17 7778.17 0.0 102764.5004
