0.0 0.0 0.0 261949.3281
14.1421 14.1421 0.0 322194.2188
28.2843 28.2843 0.0 316233.5938
42.4264 42.4264 0.0 311006.5469
56.5685 56.5685 0.0 305087.8125
70.7107 70.7107 0.0 298721.8906
84.8528 84.8528 0.0 292115.4375
98.9949 98.9949 0.0 285391.8438
113.137 113.137 0.0 278631.7031
127.279 127.279 0.0 271895.2812
141.421 141.421 0.0 265230.3906
155.563 155.563 0.0 258675.0781
169.706 169.706 0.0 252257.7188
183.848 183.848 0.0 246000.3906
197.99 197.99 0.0 239917.9219
212.132 212.132 0.0 234021.3125
226.274 226.274 0.0 228319.0156
240.416 240.416 0.0 222818.4375
254.558 254.558 0.0 217526.7422
268.701 268.701 0.0 212451.1406
282.843 282.843 0.0 207600.2109
296.985 296.985 0.0 202981.0469
311.127 311.127 0.0 198600.1953
325.269 325.269 0.0 194462.0625
339.411 339.411 0.0 190567.8359
353.553 353.553 0.0 186915.1875
367.696 367.696 0.0 183497.1641
381.838 381.838 0.0 180303.6172
395.98 395.98 0.0 177320.2578
410.122 410.122 0.0 174530.4062
424.264 424.264 0.0 171915.8203
438.406 438.406 0.0 169457.8359
452.548 452.548 0.0 167138.1797
466.69 466.69 0.0 164939.7109
480.833 480.833 0.0 162846.8320
494.975 494.975 0.0 160846.2188
509.117 509.117 0.0 158926.0391
523.259 523.259 0.0 157076.4766
537.401 537.401 0.0 155289.4180
551.543 551.543 0.0 153558.2422
565.685 565.685 0.0 151877.7852
579.828 579.828 0.0 150243.8711
593.97 593.97 0.0 148653.8086
608.112 608.112 0.0 147105.6914
622.254 622.254 0.0 145598.6445
636.396 636.396 0.0 144132.6680
650.538 650.538 0.0 142708.5859
664.68 664.68 0.0 141327.9766
678.823 678.823 0.0 139992.6680
692.965 692.965 0.0 138705.2070
707.107 707.107 0.0 137467.8945
721.249 721.249 0.0 136283.0078
735.391 735.391 0.0 135152.4258
749.533 749.533 0.0 134077.5391
763.675 763.675 0.0 133059.0273
777.817 777.817 0.0 132096.8750
791.96 791.96 0.0 131190.1992
806.102 806.102 0.0 130337.5879
820.244 820.244 0.0 129536.7715
834.386 834.386 0.0 128784.9980
848.528 848.528 0.0 128079.0859
862.67 862.67 0.0 127415.3672
876.812 876.812 0.0 126789.7207
890.955 890.955 0.0 126197.3359
905.097 905.097 0.0 125632.6973
919.239 919.239 0.0 125089.1816
933.381 933.381 0.0 124559.5762
947.523 947.523 0.0 124037.4785
961.665 961.665 0.0 123520.0918
975.807 975.807 0.0 123011.5234
989.949 989.949 0.0 122523.6992
1004.09 1004.09 0.0 122070.4453
1018.23 1018.23 0.0 121655.0879
1032.38 1032.38 0.0 121262.3008
1046.52 1046.52 0.0 120867.8203
1060.66 1060.66 0.0 120456.1523
1074.8 1074.8 0.0 120031.8477
1088.94 1088.94 0.0 119612.2246
1103.09 1103.09 0.0 119214.1816
1117.23 1117.23 0.0 118847.7188
1131.37 1131.37 0.0 118513.7754
1145.51 1145.51 0.0 118208.1914
1159.66 1159.66 0.0 117924.1992
1173.8 1173.8 0.0 117655.2197
1187.94 1187.94 0.0 117394.7012
1202.08 1202.08 0.0 117137.2705
1216.22 1216.22 0.0 116878.5771
1230.37 1230.37 0.0 116615.0488
1244.51 1244.51 0.0 116344.4766
1258.65 1258.65 0.0 116064.8418
1272.79 1272.79 0.0 115774.9561
1286.93 1286.93 0.0 115474.2002
1301.08 1301.08 0.0 115162.1875
1315.22 1315.22 0.0 114839.5430
1329.36 1329.36 0.0 114506.5576
1343.5 1343.5 0.0 114163.8701
1357.65 1357.65 0.0 113812.0469
1371.79 1371.79 0.0 113452.5615
1385.93 1385.93 0.0 113086.3867
1400.07 1400.07 0.0 112715.0879
1414.21 1414.21 0.0 112340.8389
1428.36 1428.36 0.0 111966.2949
1442.5 1442.5 0.0 111595.8809
1456.64 1456.64 0.0 111234.3447
1470.78 1470.78 0.0 110887.7441
1484.92 1484.92 0.0 110562.9268
1499.07 1499.07 0.0 110266.6484
1513.21 1513.21 0.0 110005.3662
1527.35 1527.35 0.0 109782.6328
1541.49 1541.49 0.0 109598.9375
1555.63 1555.63 0.0 109450.9404
1569.78 1569.78 0.0 109331.8140
1583.92 1583.92 0.0 109232.9482
1598.06 1598.06 0.0 109145.1880
1612.2 1612.2 0.0 109060.9502
1626.35 1626.35 0.0 108975.0913
1640.49 1640.49 0.0 108885.4785
1654.63 1654.63 0.0 108792.1709
1668.77 1668.77 0.0 108696.8262
1682.91 1682.91 0.0 108601.7368
1697.06 1697.06 0.0 108509.0405
1711.2 1711.2 0.0 108420.5474
1725.34 1725.34 0.0 108337.1719
1739.48 1739.48 0.0 108259.2549
1753.62 1753.62 0.0 108186.6343
1767.77 1767.77 0.0 108118.7642
1781.91 1781.91 0.0 108055.0991
1796.05 1796.05 0.0 107994.8750
1810.19 1810.19 0.0 107937.4385
1824.34 1824.34 0.0 107882.1704
1838.48 1838.48 0.0 107828.6855
1852.62 1852.62 0.0 107776.5684
1866.76 1866.76 0.0 107725.5425
1880.9 1880.9 0.0 107675.4316
1895.05 1895.05 0.0 107626.0718
1909.19 1909.19 0.0 107577.4751
1923.33 1923.33 0.0 107529.5762
1937.47 1937.47 0.0 107482.3613
1951.61 1951.61 0.0 107435.8574
1965.76 1965.76 0.0 107390.0522
1979.9 1979.9 0.0 107345.0386
1994.04 1994.04 0.0 107300.7896
2008.18 2008.18 0.0 107257.3359
2022.33 2022.33 0.0 107214.6396
2036.47 2036.47 0.0 107172.7612
2050.61 2050.61 0.0 107131.6489
2064.75 2064.75 0.0 107091.2720
2078.89 2078.89 0.0 107051.6001
2093.04 2093.04 0.0 107012.5542
2107.18 2107.18 0.0 106974.1426
2121.32 2121.32 0.0 106936.2847
2135.46 2135.46 0.0 106898.9263
2149.6 2149.6 0.0 106862.0171
2163.75 2163.75 0.0 106825.4766
2177.89 2177.89 0.0 106789.3086
2192.03 2192.03 0.0 106753.4536
2206.17 2206.17 0.0 106717.8730
2220.32 2220.32 0.0 106682.5156
2234.46 2234.46 0.0 106647.4224
2248.6 2248.6 0.0 106612.5508
2262.74 2262.74 0.0 106577.9019
2276.88 2276.88 0.0 106543.5044
2291.03 2291.03 0.0 106509.3418
2305.17 2305.17 0.0 106475.4922
2319.31 2319.31 0.0 106441.9956
2333.45 2333.45 0.0 106408.8862
2347.59 2347.59 0.0 106376.2393
2361.74 2361.74 0.0 106344.0947
2375.88 2375.88 0.0 106312.5742
2390.02 2390.02 0.0 106281.7393
2404.16 2404.16 0.0 106251.6753
2418.31 2418.31 0.0 106222.4268
2432.45 2432.45 0.0 106194.1260
2446.59 2446.59 0.0 106166.8066
2460.73 2460.73 0.0 106140.5117
2474.87 2474.87 0.0 106115.2910
2489.02 2489.02 0.0 106091.1201
2503.16 2503.16 0.0 106068.0186
2517.3 2517.3 0.0 106045.9067
2531.44 2531.44 0.0 106024.6909
2545.58 2545.58 0.0 106004.2339
2559.73 2559.73 0.0 105984.3535
2573.87 2573.87 0.0 105964.8569
2588.01 2588.01 0.0 105945.4907
2602.15 2602.15 0.0 105925.9771
2616.3 2616.3 0.0 105906.0073
2630.44 2630.44 0.0 105885.3237
2644.58 2644.58 0.0 105863.6426
2658.72 2658.72 0.0 105840.7178
2672.86 2672.86 0.0 105816.3516
2687.01 2687.01 0.0 105790.3809
2701.15 2701.15 0.0 105762.7671
2715.29 2715.29 0.0 105733.4731
2729.43 2729.43 0.0 105702.5493
2743.57 2743.57 0.0 105670.0986
2757.72 2757.72 0.0 105636.2305
2771.86 2771.86 0.0 105601.1479
2786.0 2786.0 0.0 105565.0132
2800.14 2800.14 0.0 105527.9946
2814.28 2814.28 0.0 105490.2500
2828.43 2828.43 0.0 105451.9160
2842.57 2842.57 0.0 105413.1899
2856.71 2856.71 0.0 105374.1707
2870.85 2870.85 0.0 105334.9873
2885.0 2885.0 0.0 105295.7207
2899.14 2899.14 0.0 105256.5386
2913.28 2913.28 0.0 105217.5151
2927.42 2927.42 0.0 105178.7639
2941.56 2941.56 0.0 105140.3833
2955.71 2955.71 0.0 105102.4346
2969.85 2969.85 0.0 105065.0708
2983.99 2983.99 0.0 105028.3477
2998.13 2998.13 0.0 104992.3333
3012.27 3012.27 0.0 104957.1077
3026.42 3026.42 0.0 104922.6890
3040.56 3040.56 0.0 104889.1760
3054.7 3054.7 0.0 104856.5864
3068.84 3068.84 0.0 104824.9375
3082.99 3082.99 0.0 104794.2317
3097.13 3097.13 0.0 104764.5159
3111.27 3111.27 0.0 104735.7678
3125.41 3125.41 0.0 104707.9878
3139.55 3139.55 0.0 104681.1621
3153.7 3153.7 0.0 104655.2576
3167.84 3167.84 0.0 104630.2869
3181.98 3181.98 0.0 104606.2141
3196.12 3196.12 0.0 104583.0125
3210.26 3210.26 0.0 104560.6572
3224.41 3224.41 0.0 104539.1006
3238.55 3238.55 0.0 104518.3516
3252.69 3252.69 0.0 104498.3589
3266.83 3266.83 0.0 104479.0977
3280.98 3280.98 0.0 104460.5232
3295.12 3295.12 0.0 104442.6370
3309.26 3309.26 0.0 104425.3958
3323.4 3323.4 0.0 104408.7695
3337.54 3337.54 0.0 104392.7273
3351.69 3351.69 0.0 104377.2463
3365.83 3365.83 0.0 104362.3108
3379.97 3379.97 0.0 104347.8926
3394.11 3394.11 0.0 104333.9639
3408.25 3408.25 0.0 104320.4988
3422.4 3422.4 0.0 104307.4741
3436.54 3436.54 0.0 104294.8811
3450.68 3450.68 0.0 104282.6929
3464.82 3464.82 0.0 104270.8887
3478.97 3478.97 0.0 104259.4358
3493.11 3493.11 0.0 104248.3423
3507.25 3507.25 0.0 104237.5747
3521.39 3521.39 0.0 104227.1204
3535.53 3535.53 0.0 104216.9634
3549.68 3549.68 0.0 104207.0798
3563.82 3563.82 0.0 104197.4651
3577.96 3577.96 0.0 104188.1057
3592.1 3592.1 0.0 104178.9785
3606.24 3606.24 0.0 104170.0762
3620.39 3620.39 0.0 104161.3799
3634.53 3634.53 0.0 104152.8865
3648.67 3648.67 0.0 104144.5801
3662.81 3662.81 0.0 104136.4478
3676.96 3676.96 0.0 104128.4788
3691.1 3691.1 0.0 104120.6670
3705.24 3705.24 0.0 104113.0002
3719.38 3719.38 0.0 104105.4700
3733.52 3733.52 0.0 104098.0630
3747.67 3747.67 0.0 104090.7705
3761.81 3761.81 0.0 104083.5916
3775.95 3775.95 0.0 104076.5149
3790.09 3790.09 0.0 104069.5273
3804.23 3804.23 0.0 104062.6318
3818.38 3818.38 0.0 104055.8066
3832.52 3832.52 0.0 104049.0623
3846.66 3846.66 0.0 104042.3860
3860.8 3860.8 0.0 104035.7688
3874.95 3874.95 0.0 104029.2063
3889.09 3889.09 0.0 104022.6970
3903.23 3903.23 0.0 104016.2327
3917.37 3917.37 0.0 104009.8149
3931.51 3931.51 0.0 104003.4297
3945.66 3945.66 0.0 103997.0791
3959.8 3959.8 0.0 103990.7600
3973.94 3973.94 0.0 103984.4685
3988.08 3988.08 0.0 103978.2029
4002.22 4002.22 0.0 103971.9551
4016.37 4016.37 0.0 103965.7241
4030.51 4030.51 0.0 103959.5105
4044.65 4044.65 0.0 103953.3113
4058.79 4058.79 0.0 103947.1270
4072.94 4072.94 0.0 103940.9497
4087.08 4087.08 0.0 103934.7839
4101.22 4101.22 0.0 103928.6257
4115.36 4115.36 0.0 103922.4756
4129.5 4129.5 0.0 103916.3328
4143.65 4143.65 0.0 103910.1895
4157.79 4157.79 0.0 103904.0586
4171.93 4171.93 0.0 103897.9294
4186.07 4186.07 0.0 103891.8079
4200.21 4200.21 0.0 103885.6887
4214.36 4214.36 0.0 103879.5730
4228.5 4228.5 0.0 103873.4658
4242.64 4242.64 0.0 103867.3650
4256.78 4256.78 0.0 103861.2722
4270.92 4270.92 0.0 103855.1848
4285.07 4285.07 0.0 103849.1001
4299.21 4299.21 0.0 103843.0305
4313.35 4313.35 0.0 103836.9688
4327.49 4327.49 0.0 103830.9216
4341.64 4341.64 0.0 103824.8796
4355.78 4355.78 0.0 103818.8579
4369.92 4369.92 0.0 103812.8447
4384.06 4384.06 0.0 103806.8530
4398.2 4398.2 0.0 103800.8750
4412.35 4412.35 0.0 103794.9136
4426.49 4426.49 0.0 103788.9756
4440.63 4440.63 0.0 103783.0579
4454.77 4454.77 0.0 103777.1624
4468.91 4468.91 0.0 103771.2917
4483.06 4483.06 0.0 103765.4434
4497.2 4497.2 0.0 103759.6238
4511.34 4511.34 0.0 103753.8340
4525.48 4525.48 0.0 103748.0720
4539.63 4539.63 0.0 103742.3401
4553.77 4553.77 0.0 103736.6409
4567.91 4567.91 0.0 103730.9761
4582.05 4582.05 0.0 103725.3472
4596.19 4596.19 0.0 103719.7544
4610.34 4610.34 0.0 103714.1926
4624.48 4624.48 0.0 103708.6748
4638.62 4638.62 0.0 103703.1929
4652.76 4652.76 0.0 103697.7542
4666.9 4666.9 0.0 103692.3518
4681.05 4681.05 0.0 103686.9956
4695.19 4695.19 0.0 103681.6785
4709.33 4709.33 0.0 103676.4077
4723.47 4723.47 0.0 103671.1802
4737.62 4737.62 0.0 103665.9907
4751.76 4751.76 0.0 103660.8542
4765.9 4765.9 0.0 103655.7612
4780.04 4780.04 0.0 103650.7122
4794.18 4794.18 0.0 103645.7107
4808.33 4808.33 0.0 103640.7534
4822.47 4822.47 0.0 103635.8450
4836.61 4836.61 0.0 103630.9819
4850.75 4850.75 0.0 103626.1646
4864.89 4864.89 0.0 103621.3950
4879.04 4879.04 0.0 103616.6682
4893.18 4893.18 0.0 103611.9905
4907.32 4907.32 0.0 103607.3616
4921.46 4921.46 0.0 103602.7732
4935.61 4935.61 0.0 103598.2307
4949.75 4949.75 0.0 103593.7344
4963.89 4963.89 0.0 103589.2847
4978.03 4978.03 0.0 103584.8748
4992.17 4992.17 0.0 103580.5110
5006.32 5006.32 0.0 103576.1880
5020.46 5020.46 0.0 103571.9104
5034.6 5034.6 0.0 103567.6724
5048.74 5048.74 0.0 103563.4768
5062.88 5062.88 0.0 103559.3206
5077.03 5077.03 0.0 103555.2036
5091.17 5091.17 0.0 103551.1265
5105.31 5105.31 0.0 103547.0869
5119.45 5119.45 0.0 103543.0876
5133.6 5133.6 0.0 103539.1201
5147.74 5147.74 0.0 103535.1897
5161.88 5161.88 0.0 103531.2959
5176.02 5176.02 0.0 103527.4343
5190.16 5190.16 0.0 103523.6096
5204.31 5204.31 0.0 103519.8125
5218.45 5218.45 0.0 103516.0488
5232.59 5232.59 0.0 103512.3179
5246.73 5246.73 0.0 103508.6174
5260.87 5260.87 0.0 103504.9446
5275.02 5275.02 0.0 103501.2971
5289.16 5289.16 0.0 103497.6812
5303.3 5303.3 0.0 103494.0930
5317.44 5317.44 0.0 103490.5286
5331.59 5331.59 0.0 103486.9871
5345.73 5345.73 0.0 103483.4753
5359.87 5359.87 0.0 103479.9824
5374.01 5374.01 0.0 103476.5168
5388.15 5388.15 0.0 103473.0732
5402.3 5402.3 0.0 103469.6472
5416.44 5416.44 0.0 103466.2439
5430.58 5430.58 0.0 103462.8623
5444.72 5444.72 0.0 103459.4985
5458.86 5458.86 0.0 103456.1562
5473.01 5473.01 0.0 103452.8291
5487.15 5487.15 0.0 103449.5203
5501.29 5501.29 0.0 103446.2300
5515.43 5515.43 0.0 103442.9558
5529.58 5529.58 0.0 103439.6958
5543.72 5543.72 0.0 103436.4526
5557.86 5557.86 0.0 103433.2246
5572.0 5572.0 0.0 103430.0107
5586.14 5586.14 0.0 103426.8113
5600.29 5600.29 0.0 103423.6238
5614.43 5614.43 0.0 103420.4507
5628.57 5628.57 0.0 103417.2898
5642.71 5642.71 0.0 103414.1428
5656.85 5656.85 0.0 103411.0066
5671.0 5671.0 0.0 103407.8809
5685.14 5685.14 0.0 103404.7659
5699.28 5699.28 0.0 103401.6614
5713.42 5713.42 0.0 103398.5684
5727.56 5727.56 0.0 103395.4871
5741.71 5741.71 0.0 103392.4092
5755.85 5755.85 0.0 103389.3477
5769.99 5769.99 0.0 103386.2927
5784.13 5784.13 0.0 103383.2454
5798.28 5798.28 0.0 103380.2061
5812.42 5812.42 0.0 103377.1794
5826.56 5826.56 0.0 103374.1560
5840.7 5840.7 0.0 103371.1432
5854.84 5854.84 0.0 103368.1394
5868.99 5868.99 0.0 103365.1364
5883.13 5883.13 0.0 103362.1451
5897.27 5897.27 0.0 103359.1605
5911.41 5911.41 0.0 103356.1821
5925.55 5925.55 0.0 103353.2119
5939.7 5939.7 0.0 103350.2461
5953.84 5953.84 0.0 103347.2866
5967.98 5967.98 0.0 103344.3351
5982.12 5982.12 0.0 103341.3900
5996.27 5996.27 0.0 103338.4470
6010.41 6010.41 0.0 103335.5135
6024.55 6024.55 0.0 103332.5841
6038.69 6038.69 0.0 103329.6616
6052.83 6052.83 0.0 103326.7454
6066.98 6066.98 0.0 103323.8297
6081.12 6081.12 0.0 103320.9240
6095.26 6095.26 0.0 103318.0215
6109.4 6109.4 0.0 103315.1241
6123.54 6123.54 0.0 103312.2338
6137.69 6137.69 0.0 103309.3467
6151.83 6151.83 0.0 103306.4656
6165.97 6165.97 0.0 103303.5897
6180.11 6180.11 0.0 103300.7201
6194.26 6194.26 0.0 103297.8516
6208.4 6208.4 0.0 103294.9889
6222.54 6222.54 0.0 103292.1337
6236.68 6236.68 0.0 103289.2804
6250.82 6250.82 0.0 103286.4352
6264.97 6264.97 0.0 103283.5902
6279.11 6279.11 0.0 103280.7542
6293.25 6293.25 0.0 103277.9227
6307.39 6307.39 0.0 103275.0939
6321.53 6321.53 0.0 103272.2727
6335.68 6335.68 0.0 103269.4540
6349.82 6349.82 0.0 103266.6410
6363.96 6363.96 0.0 103263.8339
6378.1 6378.1 0.0 103261.0328
6392.25 6392.25 0.0 103258.2329
6406.39 6406.39 0.0 103255.4417
6420.53 6420.53 0.0 103252.6517
6434.67 6434.67 0.0 103249.8712
6448.81 6448.81 0.0 103247.0930
6462.96 6462.96 0.0 103244.3217
6477.1 6477.1 0.0 103241.5577
6491.24 6491.24 0.0 103238.7952
6505.38 6505.38 0.0 103236.0410
6519.52 6519.52 0.0 103233.2910
6533.67 6533.67 0.0 103230.5457
6547.81 6547.81 0.0 103227.8080
6561.95 6561.95 0.0 103225.0770
6576.09 6576.09 0.0 103222.3499
6590.24 6590.24 0.0 103219.6276
6604.38 6604.38 0.0 103216.9154
6618.52 6618.52 0.0 103214.2072
6632.66 6632.66 0.0 103211.5055
6646.8 6646.8 0.0 103208.8096
6660.95 6660.95 0.0 103206.1193
6675.09 6675.09 0.0 103203.4381
6689.23 6689.23 0.0 103200.7599
6703.37 6703.37 0.0 103198.0917
6717.51 6717.51 0.0 103195.4309
6731.66 6731.66 0.0 103192.7748
6745.8 6745.8 0.0 103190.1260
6759.94 6759.94 0.0 103187.4871
6774.08 6774.08 0.0 103184.8528
6788.23 6788.23 0.0 103182.2267
6802.37 6802.37 0.0 103179.6079
6816.51 6816.51 0.0 103176.9963
6830.65 6830.65 0.0 103174.3936
6844.79 6844.79 0.0 103171.7998
6858.94 6858.94 0.0 103169.2089
6873.08 6873.08 0.0 103166.6329
6887.22 6887.22 0.0 103164.0615
6901.36 6901.36 0.0 103161.4979
6915.5 6915.5 0.0 103158.9451
6929.65 6929.65 0.0 103156.3982
6943.79 6943.79 0.0 103153.8611
6957.93 6957.93 0.0 103151.3369
6972.07 6972.07 0.0 103148.8163
6986.21 6986.21 0.0 103146.3053
7000.36 7000.36 0.0 103143.8037
7014.5 7014.5 0.0 103141.3143
7028.64 7028.64 0.0 103138.8318
7042.78 7042.78 0.0 103136.3605
7056.93 7056.93 0.0 103133.8966
7071.07 7071.07 0.0 103131.4431
7085.21 7085.21 0.0 103129.0023
7099.35 7099.35 0.0 103126.5701
7113.49 7113.49 0.0 103124.1479
7127.64 7127.64 0.0 103121.7340
7141.78 7141.78 0.0 103119.3346
7155.92 7155.92 0.0 103116.9418
7170.06 7170.06 0.0 103114.5616
7184.2 7184.2 0.0 103112.1930
7198.35 7198.35 0.0 103109.8311
7212.49 7212.49 0.0 103107.4857
7226.63 7226.63 0.0 103105.1503
7240.77 7240.77 0.0 103102.8246
7254.92 7254.92 0.0 103100.5114
7269.06 7269.06 0.0 103098.2078
7283.2 7283.2 0.0 103095.9182
7297.34 7297.34 0.0 103093.6400
7311.48 7311.48 0.0 103091.3732
7325.63 7325.63 0.0 103089.1144
7339.77 7339.77 0.0 103086.8735
7353.91 7353.91 0.0 103084.6437
7368.05 7368.05 0.0 103082.4235
7382.19 7382.19 0.0 103080.2179
7396.34 7396.34 0.0 103078.0250
7410.48 7410.48 0.0 103075.8441
7424.62 7424.62 0.0 103073.6758
7438.76 7438.76 0.0 103071.5220
7452.91 7452.91 0.0 103069.3772
7467.05 7467.05 0.0 103067.2469
7481.19 7481.19 0.0 103065.1333
7495.33 7495.33 0.0 103063.0311
7509.47 7509.47 0.0 103060.9409
7523.62 7523.62 0.0 103058.8646
7537.76 7537.76 0.0 103056.8032
7551.9 7551.9 0.0 103054.7540
7566.04 7566.04 0.0 103052.7198
7580.18 7580.18 0.0 103050.6976
7594.33 7594.33 0.0 103048.6903
7608.47 7608.47 0.0 103046.6984
7622.61 7622.61 0.0 103044.7211
7636.75 7636.75 0.0 103042.7574
7650.9 7650.9 0.0 103040.8059
7665.04 7665.04 0.0 103038.8695
7679.18 7679.18 0.0 103036.9509
7693.32 7693.32 0.0 103035.0443
7707.46 7707.46 0.0 103033.1537
7721.61 7721.61 0.0 103031.2764
7735.75 7735.75 0.0 103029.4149
7749.89 7749.89 0.0 103027.5685
7764.03 7764.03 0.0 103025.7388
7778.17 7778.17 0.0 103023.9222
