0.0 0.0 0.0 503323.5000
14.1421 14.1421 0.0 1066624.5625
28.2843 28.2843 0.0 1022134.9375
42.4264 42.4264 0.0 958265.3750
56.5685 56.5685 0.0 898991.5000
70.7107 70.7107 0.0 841690.0000
84.8528 84.8528 0.0 783965.3750
98.9949 98.9949 0.0 725436.8125
113.137 113.137 0.0 666946.0625
127.279 127.279 0.0 609839.0000
141.421 141.421 0.0 555493.9688
155.563 155.563 0.0 505063.2812
169.706 169.706 0.0 459347.0625
183.848 183.848 0.0 418772.8750
197.99 197.99 0.0 383391.5000
212.132 212.132 0.0 352948.9844
226.274 226.274 0.0 326972.0781
240.416 240.416 0.0 304867.8906
254.558 254.558 0.0 286018.1719
268.701 268.701 0.0 269846.2188
282.843 282.843 0.0 255858.1406
296.985 296.985 0.0 243648.7500
311.127 311.127 0.0 232900.8438
325.269 325.269 0.0 223369.5469
339.411 339.411 0.0 214866.5547
353.553 353.553 0.0 207245.3672
367.696 367.696 0.0 200388.7812
381.838 381.838 0.0 194202.2031
395.98 395.98 0.0 188605.2500
410.122 410.122 0.0 183528.9141
424.264 424.264 0.0 178913.2109
438.406 438.406 0.0 174704.7422
452.548 452.548 0.0 170856.5703
466.69 466.69 0.0 167326.7109
480.833 480.833 0.0 164077.7539
494.975 494.975 0.0 161077.2109
509.117 509.117 0.0 158295.9102
523.259 523.259 0.0 155708.5938
537.401 537.401 0.0 153293.3320
551.543 551.543 0.0 151031.2344
565.685 565.685 0.0 148906.2773
579.828 579.828 0.0 146904.8516
593.97 593.97 0.0 145016.0117
608.112 608.112 0.0 143230.5195
622.254 622.254 0.0 141540.8633
636.396 636.396 0.0 139941.0586
650.538 650.538 0.0 138426.2891
664.68 664.68 0.0 136992.5938
678.823 678.823 0.0 135636.5391
692.965 692.965 0.0 134355.4141
707.107 707.107 0.0 133146.3320
721.249 721.249 0.0 132006.6816
735.391 735.391 0.0 130933.7852
749.533 749.533 0.0 129924.9316
763.675 763.675 0.0 128977.2773
777.817 777.817 0.0 128087.9238
791.96 791.96 0.0 127253.8242
806.102 806.102 0.0 126472.0527
820.244 820.244 0.0 125739.4180
834.386 834.386 0.0 125052.7266
848.528 848.528 0.0 124408.6777
862.67 862.67 0.0 123803.8633
876.812 876.812 0.0 123234.7148
890.955 890.955 0.0 122697.4844
905.097 905.097 0.0 122188.4570
919.239 919.239 0.0 121703.7930
933.381 933.381 0.0 121240.0254
947.523 947.523 0.0 120794.2734
961.665 961.665 0.0 120364.5352
975.807 975.807 0.0 119949.8125
989.949 989.949 0.0 119549.7188
1004.09 1004.09 0.0 119163.8203
1018.23 1018.23 0.0 118790.7598
1032.38 1032.38 0.0 118427.8906
1046.52 1046.52 0.0 118073.0293
1060.66 1060.66 0.0 117724.2832
1074.8 1074.8 0.0 117381.7764
1088.94 1088.94 0.0 117047.3770
1103.09 1103.09 0.0 116723.2930
1117.23 1117.23 0.0 116411.8848
1131.37 1131.37 0.0 116113.4736
1145.51 1145.51 0.0 115827.2783
1159.66 1159.66 0.0 115551.2686
1173.8 1173.8 0.0 115283.5771
1187.94 1187.94 0.0 115021.7500
1202.08 1202.08 0.0 114763.9160
1216.22 1216.22 0.0 114508.6309
1230.37 1230.37 0.0 114254.7930
1244.51 1244.51 0.0 114002.2275
1258.65 1258.65 0.0 113750.5342
1272.79 1272.79 0.0 113499.7051
1286.93 1286.93 0.0 113249.8555
1301.08 1301.08 0.0 113001.0293
1315.22 1315.22 0.0 112753.8428
1329.36 1329.36 0.0 112508.4658
1343.5 1343.5 0.0 112265.3340
1357.65 1357.65 0.0 112024.8311
1371.79 1371.79 0.0 111787.9297
1385.93 1385.93 0.0 111555.1533
1400.07 1400.07 0.0 111327.2510
1414.21 1414.21 0.0 111104.9336
1428.36 1428.36 0.0 110888.6924
1442.5 1442.5 0.0 110679.3184
1456.64 1456.64 0.0 110477.0225
1470.78 1470.78 0.0 110281.9844
1484.92 1484.92 0.0 110094.3154
1499.07 1499.07 0.0 109913.9463
1513.21 1513.21 0.0 109741.2588
1527.35 1527.35 0.0 109576.3838
1541.49 1541.49 0.0 109419.7803
1555.63 1555.63 0.0 109272.1367
1569.78 1569.78 0.0 109134.2637
1583.92 1583.92 0.0 109007.4316
1598.06 1598.06 0.0 108892.6147
1612.2 1612.2 0.0 108790.7554
1626.35 1626.35 0.0 108702.4106
1640.49 1640.49 0.0 108627.7510
1654.63 1654.63 0.0 108566.0557
1668.77 1668.77 0.0 108515.8911
1682.91 1682.91 0.0 108475.0630
1697.06 1697.06 0.0 108440.7979
1711.2 1711.2 0.0 108410.1177
1725.34 1725.34 0.0 108380.0776
1739.48 1739.48 0.0 108348.2222
1753.62 1753.62 0.0 108312.8901
1767.77 1767.77 0.0 108273.3228
1781.91 1781.91 0.0 108229.7773
1796.05 1796.05 0.0 108183.1719
1810.19 1810.19 0.0 108134.9902
1824.34 1824.34 0.0 108086.8184
1838.48 1838.48 0.0 108040.3008
1852.62 1852.62 0.0 107996.6504
1866.76 1866.76 0.0 107956.7334
1880.9 1880.9 0.0 107920.9722
1895.05 1895.05 0.0 107889.4048
1909.19 1909.19 0.0 107861.8198
1923.33 1923.33 0.0 107837.7432
1937.47 1937.47 0.0 107816.5986
1951.61 1951.61 0.0 107797.7700
1965.76 1965.76 0.0 107780.6416
1979.9 1979.9 0.0 107764.6631
1994.04 1994.04 0.0 107749.3257
2008.18 2008.18 0.0 107734.1885
2022.33 2022.33 0.0 107718.8896
2036.47 2036.47 0.0 107703.1538
2050.61 2050.61 0.0 107686.7432
2064.75 2064.75 0.0 107669.4883
2078.89 2078.89 0.0 107651.2720
2093.04 2093.04 0.0 107632.0112
2107.18 2107.18 0.0 107611.6938
2121.32 2121.32 0.0 107590.3096
2135.46 2135.46 0.0 107567.9033
2149.6 2149.6 0.0 107544.5356
2163.75 2163.75 0.0 107520.3154
2177.89 2177.89 0.0 107495.3721
2192.03 2192.03 0.0 107469.8672
2206.17 2206.17 0.0 107443.9619
2220.32 2220.32 0.0 107417.8555
2234.46 2234.46 0.0 107391.8086
2248.6 2248.6 0.0 107366.0215
2262.74 2262.74 0.0 107340.7524
2276.88 2276.88 0.0 107316.2305
2291.03 2291.03 0.0 107292.6836
2305.17 2305.17 0.0 107270.3320
2319.31 2319.31 0.0 107249.3257
2333.45 2333.45 0.0 107229.7715
2347.59 2347.59 0.0 107211.6890
2361.74 2361.74 0.0 107194.9985
2375.88 2375.88 0.0 107179.5381
2390.02 2390.02 0.0 107164.9985
2404.16 2404.16 0.0 107150.9854
2418.31 2418.31 0.0 107136.9751
2432.45 2432.45 0.0 107122.4385
2446.59 2446.59 0.0 107106.8413
2460.73 2460.73 0.0 107089.7129
2474.87 2474.87 0.0 107070.7524
2489.02 2489.02 0.0 107049.8770
2503.16 2503.16 0.0 107027.2988
2517.3 2517.3 0.0 107003.4482
2531.44 2531.44 0.0 106978.9819
2545.58 2545.58 0.0 106954.6396
2559.73 2559.73 0.0 106931.1133
2573.87 2573.87 0.0 106908.9756
2588.01 2588.01 0.0 106888.4932
2602.15 2602.15 0.0 106869.6182
2616.3 2616.3 0.0 106852.0049
2630.44 2630.44 0.0 106835.0889
2644.58 2644.58 0.0 106818.1157
2658.72 2658.72 0.0 106800.3081
2672.86 2672.86 0.0 106780.9297
2687.01 2687.01 0.0 106759.3501
2701.15 2701.15 0.0 106735.1558
2715.29 2715.29 0.0 106708.0830
2729.43 2729.43 0.0 106678.0518
2743.57 2743.57 0.0 106645.1704
2757.72 2757.72 0.0 106609.6299
2771.86 2771.86 0.0 106571.8198
2786.0 2786.0 0.0 106532.1152
2800.14 2800.14 0.0 106490.9458
2814.28 2814.28 0.0 106448.7334
2828.43 2828.43 0.0 106405.8799
2842.57 2842.57 0.0 106362.8291
2856.71 2856.71 0.0 106319.9009
2870.85 2870.85 0.0 106277.3984
2885.0 2885.0 0.0 106235.5464
2899.14 2899.14 0.0 106194.6001
2913.28 2913.28 0.0 106154.6987
2927.42 2927.42 0.0 106115.9590
2941.56 2941.56 0.0 106078.4604
2955.71 2955.71 0.0 106042.2358
2969.85 2969.85 0.0 106007.3555
2983.99 2983.99 0.0 105973.8052
2998.13 2998.13 0.0 105941.5596
3012.27 3012.27 0.0 105910.6040
3026.42 3026.42 0.0 105880.8765
3040.56 3040.56 0.0 105852.3657
3054.7 3054.7 0.0 105825.0186
3068.84 3068.84 0.0 105798.7612
3082.99 3082.99 0.0 105773.5376
3097.13 3097.13 0.0 105749.3203
3111.27 3111.27 0.0 105726.0396
3125.41 3125.41 0.0 105703.6450
3139.55 3139.55 0.0 105682.0771
3153.7 3153.7 0.0 105661.2822
3167.84 3167.84 0.0 105641.2324
3181.98 3181.98 0.0 105621.8770
3196.12 3196.12 0.0 105603.1675
3210.26 3210.26 0.0 105585.0640
3224.41 3224.41 0.0 105567.5215
3238.55 3238.55 0.0 105550.5259
3252.69 3252.69 0.0 105534.0327
3266.83 3266.83 0.0 105518.0127
3280.98 3280.98 0.0 105502.4170
3295.12 3295.12 0.0 105487.2578
3309.26 3309.26 0.0 105472.4854
3323.4 3323.4 0.0 105458.0840
3337.54 3337.54 0.0 105444.0234
3351.69 3351.69 0.0 105430.2788
3365.83 3365.83 0.0 105416.8508
3379.97 3379.97 0.0 105403.7090
3394.11 3394.11 0.0 105390.8438
3408.25 3408.25 0.0 105378.2271
3422.4 3422.4 0.0 105365.8438
3436.54 3436.54 0.0 105353.6951
3450.68 3450.68 0.0 105341.7617
3464.82 3464.82 0.0 105330.0308
3478.97 3478.97 0.0 105318.4763
3493.11 3493.11 0.0 105307.1128
3507.25 3507.25 0.0 105295.9197
3521.39 3521.39 0.0 105284.8796
3535.53 3535.53 0.0 105273.9944
3549.68 3549.68 0.0 105263.2427
3563.82 3563.82 0.0 105252.6284
3577.96 3577.96 0.0 105242.1470
3592.1 3592.1 0.0 105231.7808
3606.24 3606.24 0.0 105221.5259
3620.39 3620.39 0.0 105211.3750
3634.53 3634.53 0.0 105201.3301
3648.67 3648.67 0.0 105191.3772
3662.81 3662.81 0.0 105181.5178
3676.96 3676.96 0.0 105171.7385
3691.1 3691.1 0.0 105162.0496
3705.24 3705.24 0.0 105152.4343
3719.38 3719.38 0.0 105142.8958
3733.52 3733.52 0.0 105133.4260
3747.67 3747.67 0.0 105124.0159
3761.81 3761.81 0.0 105114.6797
3775.95 3775.95 0.0 105105.4023
3790.09 3790.09 0.0 105096.1868
3804.23 3804.23 0.0 105087.0300
3818.38 3818.38 0.0 105077.9238
3832.52 3832.52 0.0 105068.8716
3846.66 3846.66 0.0 105059.8784
3860.8 3860.8 0.0 105050.9316
3874.95 3874.95 0.0 105042.0332
3889.09 3889.09 0.0 105033.1875
3903.23 3903.23 0.0 105024.3906
3917.37 3917.37 0.0 105015.6433
3931.51 3931.51 0.0 105006.9424
3945.66 3945.66 0.0 104998.2832
3959.8 3959.8 0.0 104989.6721
3973.94 3973.94 0.0 104981.1108
3988.08 3988.08 0.0 104972.5974
4002.22 4002.22 0.0 104964.1282
4016.37 4016.37 0.0 104955.7024
4030.51 4030.51 0.0 104947.3289
4044.65 4044.65 0.0 104939.0039
4058.79 4058.79 0.0 104930.7258
4072.94 4072.94 0.0 104922.4919
4087.08 4087.08 0.0 104914.3079
4101.22 4101.22 0.0 104906.1743
4115.36 4115.36 0.0 104898.0884
4129.5 4129.5 0.0 104890.0549
4143.65 4143.65 0.0 104882.0696
4157.79 4157.79 0.0 104874.1357
4171.93 4171.93 0.0 104866.2554
4186.07 4186.07 0.0 104858.4260
4200.21 4200.21 0.0 104850.6489
4214.36 4214.36 0.0 104842.9192
4228.5 4228.5 0.0 104835.2449
4242.64 4242.64 0.0 104827.6272
4256.78 4256.78 0.0 104820.0627
4270.92 4270.92 0.0 104812.5510
4285.07 4285.07 0.0 104805.0886
4299.21 4299.21 0.0 104797.6848
4313.35 4313.35 0.0 104790.3401
4327.49 4327.49 0.0 104783.0471
4341.64 4341.64 0.0 104775.8018
4355.78 4355.78 0.0 104768.6179
4369.92 4369.92 0.0 104761.4878
4384.06 4384.06 0.0 104754.4104
4398.2 4398.2 0.0 104747.3931
4412.35 4412.35 0.0 104740.4194
4426.49 4426.49 0.0 104733.5071
4440.63 4440.63 0.0 104726.6489
4454.77 4454.77 0.0 104719.8450
4468.91 4468.91 0.0 104713.0920
4483.06 4483.06 0.0 104706.3889
4497.2 4497.2 0.0 104699.7397
4511.34 4511.34 0.0 104693.1499
4525.48 4525.48 0.0 104686.6050
4539.63 4539.63 0.0 104680.1077
4553.77 4553.77 0.0 104673.6646
4567.91 4567.91 0.0 104667.2737
4582.05 4582.05 0.0 104660.9314
4596.19 4596.19 0.0 104654.6375
4610.34 4610.34 0.0 104648.3872
4624.48 4624.48 0.0 104642.1895
4638.62 4638.62 0.0 104636.0366
4652.76 4652.76 0.0 104629.9326
4666.9 4666.9 0.0 104623.8701
4681.05 4681.05 0.0 104617.8545
4695.19 4695.19 0.0 104611.8828
4709.33 4709.33 0.0 104605.9546
4723.47 4723.47 0.0 104600.0732
4737.62 4737.62 0.0 104594.2253
4751.76 4751.76 0.0 104588.4224
4765.9 4765.9 0.0 104582.6636
4780.04 4780.04 0.0 104576.9441
4794.18 4794.18 0.0 104571.2632
4808.33 4808.33 0.0 104565.6179
4822.47 4822.47 0.0 104560.0117
4836.61 4836.61 0.0 104554.4460
4850.75 4850.75 0.0 104548.9177
4864.89 4864.89 0.0 104543.4246
4879.04 4879.04 0.0 104537.9622
4893.18 4893.18 0.0 104532.5398
4907.32 4907.32 0.0 104527.1511
4921.46 4921.46 0.0 104521.7939
4935.61 4935.61 0.0 104516.4688
4949.75 4949.75 0.0 104511.1794
4963.89 4963.89 0.0 104505.9202
4978.03 4978.03 0.0 104500.6953
4992.17 4992.17 0.0 104495.5002
5006.32 5006.32 0.0 104490.3347
5020.46 5020.46 0.0 104485.2002
5034.6 5034.6 0.0 104480.0964
5048.74 5048.74 0.0 104475.0159
5062.88 5062.88 0.0 104469.9690
5077.03 5077.03 0.0 104464.9451
5091.17 5091.17 0.0 104459.9517
5105.31 5105.31 0.0 104454.9885
5119.45 5119.45 0.0 104450.0496
5133.6 5133.6 0.0 104445.1345
5147.74 5147.74 0.0 104440.2483
5161.88 5161.88 0.0 104435.3860
5176.02 5176.02 0.0 104430.5500
5190.16 5190.16 0.0 104425.7412
5204.31 5204.31 0.0 104420.9531
5218.45 5218.45 0.0 104416.1870
5232.59 5232.59 0.0 104411.4500
5246.73 5246.73 0.0 104406.7351
5260.87 5260.87 0.0 104402.0437
5275.02 5275.02 0.0 104397.3667
5289.16 5289.16 0.0 104392.7200
5303.3 5303.3 0.0 104388.0938
5317.44 5317.44 0.0 104383.4885
5331.59 5331.59 0.0 104378.9048
5345.73 5345.73 0.0 104374.3398
5359.87 5359.87 0.0 104369.8020
5374.01 5374.01 0.0 104365.2795
5388.15 5388.15 0.0 104360.7781
5402.3 5402.3 0.0 104356.2920
5416.44 5416.44 0.0 104351.8357
5430.58 5430.58 0.0 104347.3887
5444.72 5444.72 0.0 104342.9688
5458.86 5458.86 0.0 104338.5632
5473.01 5473.01 0.0 104334.1731
5487.15 5487.15 0.0 104329.8064
5501.29 5501.29 0.0 104325.4531
5515.43 5515.43 0.0 104321.1233
5529.58 5529.58 0.0 104316.8042
5543.72 5543.72 0.0 104312.5054
5557.86 5557.86 0.0 104308.2212
5572.0 5572.0 0.0 104303.9546
5586.14 5586.14 0.0 104299.7053
5600.29 5600.29 0.0 104295.4707
5614.43 5614.43 0.0 104291.2534
5628.57 5628.57 0.0 104287.0532
5642.71 5642.71 0.0 104282.8647
5656.85 5656.85 0.0 104278.6946
5671.0 5671.0 0.0 104274.5364
5685.14 5685.14 0.0 104270.3936
5699.28 5699.28 0.0 104266.2634
5713.42 5713.42 0.0 104262.1477
5727.56 5727.56 0.0 104258.0474
5741.71 5741.71 0.0 104253.9568
5755.85 5755.85 0.0 104249.8806
5769.99 5769.99 0.0 104245.8228
5784.13 5784.13 0.0 104241.7727
5798.28 5798.28 0.0 104237.7368
5812.42 5812.42 0.0 104233.7119
5826.56 5826.56 0.0 104229.7014
5840.7 5840.7 0.0 104225.7012
5854.84 5854.84 0.0 104221.7126
5868.99 5868.99 0.0 104217.7361
5883.13 5883.13 0.0 104213.7681
5897.27 5897.27 0.0 104209.8188
5911.41 5911.41 0.0 104205.8711
5925.55 5925.55 0.0 104201.9382
5939.7 5939.7 0.0 104198.0122
5953.84 5953.84 0.0 104194.1052
5967.98 5967.98 0.0 104190.2021
5982.12 5982.12 0.0 104186.3098
5996.27 5996.27 0.0 104182.4211
6010.41 6010.41 0.0 104178.5488
6024.55 6024.55 0.0 104174.6858
6038.69 6038.69 0.0 104170.8308
6052.83 6052.83 0.0 104166.9836
6066.98 6066.98 0.0 104163.1418
6081.12 6081.12 0.0 104159.3142
6095.26 6095.26 0.0 104155.4922
6109.4 6109.4 0.0 104151.6807
6123.54 6123.54 0.0 104147.8794
6137.69 6137.69 0.0 104144.0791
6151.83 6151.83 0.0 104140.2883
6165.97 6165.97 0.0 104136.5066
6180.11 6180.11 0.0 104132.7339
6194.26 6194.26 0.0 104128.9634
6208.4 6208.4 0.0 104125.2063
6222.54 6222.54 0.0 104121.4514
6236.68 6236.68 0.0 104117.7068
6250.82 6250.82 0.0 104113.9673
6264.97 6264.97 0.0 104110.2349
6279.11 6279.11 0.0 104106.5068
6293.25 6293.25 0.0 104102.7874
6307.39 6307.39 0.0 104099.0771
6321.53 6321.53 0.0 104095.3677
6335.68 6335.68 0.0 104091.6648
6349.82 6349.82 0.0 104087.9692
6363.96 6363.96 0.0 104084.2825
6378.1 6378.1 0.0 104080.5967
6392.25 6392.25 0.0 104076.9172
6406.39 6406.39 0.0 104073.2441
6420.53 6420.53 0.0 104069.5796
6434.67 6434.67 0.0 104065.9150
6448.81 6448.81 0.0 104062.2573
6462.96 6462.96 0.0 104058.6038
6477.1 6477.1 0.0 104054.9587
6491.24 6491.24 0.0 104051.3149
6505.38 6505.38 0.0 104047.6797
6519.52 6519.52 0.0 104044.0469
6533.67 6533.67 0.0 104040.4211
6547.81 6547.81 0.0 104036.7939
6561.95 6561.95 0.0 104033.1780
6576.09 6576.09 0.0 104029.5657
6590.24 6590.24 0.0 104025.9556
6604.38 6604.38 0.0 104022.3503
6618.52 6618.52 0.0 104018.7510
6632.66 6632.66 0.0 104015.1538
6646.8 6646.8 0.0 104011.5615
6660.95 6660.95 0.0 104007.9717
6675.09 6675.09 0.0 104004.3865
6689.23 6689.23 0.0 104000.8088
6703.37 6703.37 0.0 103997.2332
6717.51 6717.51 0.0 103993.6599
6731.66 6731.66 0.0 103990.0886
6745.8 6745.8 0.0 103986.5271
6759.94 6759.94 0.0 103982.9644
6774.08 6774.08 0.0 103979.4077
6788.23 6788.23 0.0 103975.8516
6802.37 6802.37 0.0 103972.3020
6816.51 6816.51 0.0 103968.7517
6830.65 6830.65 0.0 103965.2085
6844.79 6844.79 0.0 103961.6704
6858.94 6858.94 0.0 103958.1321
6873.08 6873.08 0.0 103954.5959
6887.22 6887.22 0.0 103951.0645
6901.36 6901.36 0.0 103947.5352
6915.5 6915.5 0.0 103944.0132
6929.65 6929.65 0.0 103940.4885
6943.79 6943.79 0.0 103936.9685
6957.93 6957.93 0.0 103933.4534
6972.07 6972.07 0.0 103929.9402
6986.21 6986.21 0.0 103926.4280
7000.36 7000.36 0.0 103922.9185
7014.5 7014.5 0.0 103919.4121
7028.64 7028.64 0.0 103915.9082
7042.78 7042.78 0.0 103912.4053
7056.93 7056.93 0.0 103908.9070
7071.07 7071.07 0.0 103905.4111
7085.21 7085.21 0.0 103901.9158
7099.35 7099.35 0.0 103898.4221
7113.49 7113.49 0.0 103894.9319
7127.64 7127.64 0.0 103891.4436
7141.78 7141.78 0.0 103887.9565
7155.92 7155.92 0.0 103884.4705
7170.06 7170.06 0.0 103880.9893
7184.2 7184.2 0.0 103877.5093
7198.35 7198.35 0.0 103874.0254
7212.49 7212.49 0.0 103870.5498
7226.63 7226.63 0.0 103867.0732
7240.77 7240.77 0.0 103863.5959
7254.92 7254.92 0.0 103860.1226
7269.06 7269.06 0.0 103856.6504
7283.2 7283.2 0.0 103853.1804
7297.34 7297.34 0.0 103849.7104
7311.48 7311.48 0.0 103846.2417
7325.63 7325.63 0.0 103842.7717
7339.77 7339.77 0.0 103839.3052
7353.91 7353.91 0.0 103835.8386
7368.05 7368.05 0.0 103832.3735
7382.19 7382.19 0.0 103828.9104
7396.34 7396.34 0.0 103825.4463
7410.48 7410.48 0.0 103821.9858
7424.62 7424.62 0.0 103818.5208
7438.76 7438.76 0.0 103815.0591
7452.91 7452.91 0.0 103811.5952
7467.05 7467.05 0.0 103808.1396
7481.19 7481.19 0.0 103804.6770
7495.33 7495.33 0.0 103801.2192
7509.47 7509.47 0.0 103797.7593
7523.62 7523.62 0.0 103794.2971
7537.76 7537.76 0.0 103790.8398
7551.9 7551.9 0.0 103787.3801
7566.04 7566.04 0.0 103783.9219
7580.18 7580.18 0.0 103780.4651
7594.33 7594.33 0.0 103777.0046
7608.47 7608.47 0.0 103773.5481
7622.61 7622.61 0.0 103770.0874
7636.75 7636.75 0.0 103766.6311
7650.9 7650.9 0.0 103763.1685
7665.04 7665.04 0.0 103759.7129
7679.18 7679.18 0.0 103756.2529
7693.32 7693.32 0.0 103752.7957
7707.46 7707.46 0.0 103749.3359
7721.61 7721.61 0.0 103745.8774
7735.75 7735.75 0.0 103742.4150
7749.89 7749.89 0.0 103738.9575
7764.03 7764.03 0.0 103735.4973
7778.17 7778.17 0.0 103732.0374
