0.0 0.0 0.0 603256.0000
14.1421 14.1421 0.0 1399060.6250
28.2843 28.2843 0.0 1402778.2500
42.4264 42.4264 0.0 1397636.0000
56.5685 56.5685 0.0 1389329.6250
70.7107 70.7107 0.0 1377559.1250
84.8528 84.8528 0.0 1361320.3750
98.9949 98.9949 0.0 1340629.6250
113.137 113.137 0.0 1316411.0000
127.279 127.279 0.0 1289821.6250
141.421 141.421 0.0 1261819.5000
155.563 155.563 0.0 1233042.8750
169.706 169.706 0.0 1203865.3750
183.848 183.848 0.0 1174489.3750
197.99 197.99 0.0 1145007.1875
212.132 212.132 0.0 1115470.3750
226.274 226.274 0.0 1085909.3125
240.416 240.416 0.0 1056359.8750
254.558 254.558 0.0 1026859.5000
268.701 268.701 0.0 997456.5000
282.843 282.843 0.0 968208.8750
296.985 296.985 0.0 939173.6250
311.127 311.127 0.0 910413.0000
325.269 325.269 0.0 881986.3750
339.411 339.411 0.0 853952.5000
353.553 353.553 0.0 826366.1250
367.696 367.696 0.0 799274.9375
381.838 381.838 0.0 772730.3125
395.98 395.98 0.0 746772.0000
410.122 410.122 0.0 721438.5000
424.264 424.264 0.0 696764.0000
438.406 438.406 0.0 672779.4375
452.548 452.548 0.0 649512.0000
466.69 466.69 0.0 626985.4375
480.833 480.833 0.0 605219.9375
494.975 494.975 0.0 584234.6562
509.117 509.117 0.0 564042.6250
523.259 523.259 0.0 544653.0938
537.401 537.401 0.0 526073.1250
551.543 551.543 0.0 508304.3125
565.685 565.685 0.0 491345.7812
579.828 579.828 0.0 475189.2500
593.97 593.97 0.0 459827.3125
608.112 608.112 0.0 445244.2812
622.254 622.254 0.0 431422.1250
636.396 636.396 0.0 418339.0625
650.538 650.538 0.0 405969.7500
664.68 664.68 0.0 394286.5312
678.823 678.823 0.0 383258.7188
692.965 692.965 0.0 372855.9688
707.107 707.107 0.0 363044.4688
721.249 721.249 0.0 353790.4531
735.391 735.391 0.0 345060.1562
749.533 749.533 0.0 336819.8594
763.675 763.675 0.0 329036.7812
777.817 777.817 0.0 321679.5312
791.96 791.96 0.0 314716.5469
806.102 806.102 0.0 308120.4531
820.244 820.244 0.0 301863.3281
834.386 834.386 0.0 295919.9531
848.528 848.528 0.0 290266.5312
862.67 862.67 0.0 284881.7812
876.812 876.812 0.0 279745.4531
890.955 890.955 0.0 274839.0156
905.097 905.097 0.0 270146.7812
919.239 919.239 0.0 265653.4844
933.381 933.381 0.0 261345.3594
947.523 947.523 0.0 257210.2500
961.665 961.665 0.0 253237.0938
975.807 975.807 0.0 249415.8906
989.949 989.949 0.0 245737.8594
1004.09 1004.09 0.0 242194.6875
1018.23 1018.23 0.0 238779.4688
1032.38 1032.38 0.0 235482.6406
1046.52 1046.52 0.0 232302.9609
1060.66 1060.66 0.0 229232.4844
1074.8 1074.8 0.0 226266.1484
1088.94 1088.94 0.0 223399.3047
1103.09 1103.09 0.0 220625.6797
1117.23 1117.23 0.0 217945.2266
1131.37 1131.37 0.0 215352.2656
1145.51 1145.51 0.0 212843.3203
1159.66 1159.66 0.0 210413.4688
1173.8 1173.8 0.0 208063.0234
1187.94 1187.94 0.0 205787.3906
1202.08 1202.08 0.0 203583.8594
1216.22 1216.22 0.0 201449.7734
1230.37 1230.37 0.0 199381.2109
1244.51 1244.51 0.0 197378.8203
1258.65 1258.65 0.0 195438.7656
1272.79 1272.79 0.0 193559.0234
1286.93 1286.93 0.0 191737.4531
1301.08 1301.08 0.0 189970.7812
1315.22 1315.22 0.0 188259.7891
1329.36 1329.36 0.0 186601.2500
1343.5 1343.5 0.0 184993.4844
1357.65 1357.65 0.0 183433.8047
1371.79 1371.79 0.0 181922.7109
1385.93 1385.93 0.0 180457.5469
1400.07 1400.07 0.0 179036.9062
1414.21 1414.21 0.0 177659.2109
1428.36 1428.36 0.0 176322.2500
1442.5 1442.5 0.0 175026.5000
1456.64 1456.64 0.0 173769.7109
1470.78 1470.78 0.0 172550.5781
1484.92 1484.92 0.0 171367.9062
1499.07 1499.07 0.0 170219.6406
1513.21 1513.21 0.0 169106.2578
1527.35 1527.35 0.0 168025.7812
1541.49 1541.49 0.0 166977.1641
1555.63 1555.63 0.0 165959.2578
1569.78 1569.78 0.0 164970.3164
1583.92 1583.92 0.0 164010.8477
1598.06 1598.06 0.0 163079.1211
1612.2 1612.2 0.0 162174.1367
1626.35 1626.35 0.0 161294.3750
1640.49 1640.49 0.0 160440.1758
1654.63 1654.63 0.0 159609.9531
1668.77 1668.77 0.0 158802.8984
1682.91 1682.91 0.0 158018.0586
1697.06 1697.06 0.0 157254.0898
1711.2 1711.2 0.0 156511.1250
1725.34 1725.34 0.0 155787.8164
1739.48 1739.48 0.0 155083.2383
1753.62 1753.62 0.0 154396.5820
1767.77 1767.77 0.0 153726.5234
1781.91 1781.91 0.0 153073.1602
1796.05 1796.05 0.0 152435.2461
1810.19 1810.19 0.0 151811.9844
1824.34 1824.34 0.0 151202.2344
1838.48 1838.48 0.0 150606.0859
1852.62 1852.62 0.0 150022.4453
1866.76 1866.76 0.0 149450.7070
1880.9 1880.9 0.0 148890.2188
1895.05 1895.05 0.0 148340.1211
1909.19 1909.19 0.0 147800.6445
1923.33 1923.33 0.0 147270.9297
1937.47 1937.47 0.0 146750.6094
1951.61 1951.61 0.0 146239.2773
1965.76 1965.76 0.0 145736.2500
1979.9 1979.9 0.0 145241.9766
1994.04 1994.04 0.0 144755.8047
2008.18 2008.18 0.0 144277.5234
2022.33 2022.33 0.0 143806.6250
2036.47 2036.47 0.0 143343.6016
2050.61 2050.61 0.0 142887.9844
2064.75 2064.75 0.0 142439.6523
2078.89 2078.89 0.0 141998.5039
2093.04 2093.04 0.0 141564.1016
2107.18 2107.18 0.0 141136.9883
2121.32 2121.32 0.0 140716.8047
2135.46 2135.46 0.0 140303.4258
2149.6 2149.6 0.0 139896.8047
2163.75 2163.75 0.0 139496.5820
2177.89 2177.89 0.0 139103.2852
2192.03 2192.03 0.0 138716.5430
2206.17 2206.17 0.0 138336.3125
2220.32 2220.32 0.0 137962.2969
2234.46 2234.46 0.0 137595.0703
2248.6 2248.6 0.0 137234.3047
2262.74 2262.74 0.0 136880.0664
2276.88 2276.88 0.0 136532.4531
2291.03 2291.03 0.0 136191.2969
2305.17 2305.17 0.0 135857.2109
2319.31 2319.31 0.0 135530.0234
2333.45 2333.45 0.0 135209.8711
2347.59 2347.59 0.0 134896.8672
2361.74 2361.74 0.0 134590.8398
2375.88 2375.88 0.0 134292.2070
2390.02 2390.02 0.0 134000.6992
2404.16 2404.16 0.0 133716.1602
2418.31 2418.31 0.0 133438.1387
2432.45 2432.45 0.0 133166.7246
2446.59 2446.59 0.0 132901.2949
2460.73 2460.73 0.0 132641.3848
2474.87 2474.87 0.0 132386.4492
2489.02 2489.02 0.0 132135.7539
2503.16 2503.16 0.0 131889.0879
2517.3 2517.3 0.0 131645.7051
2531.44 2531.44 0.0 131405.0664
2545.58 2545.58 0.0 131166.7227
2559.73 2559.73 0.0 130930.0488
2573.87 2573.87 0.0 130695.0410
2588.01 2588.01 0.0 130461.2168
2602.15 2602.15 0.0 130228.3672
2616.3 2616.3 0.0 129996.1582
2630.44 2630.44 0.0 129764.7969
2644.58 2644.58 0.0 129534.0938
2658.72 2658.72 0.0 129303.9922
2672.86 2672.86 0.0 129074.5469
2687.01 2687.01 0.0 128845.6055
2701.15 2701.15 0.0 128617.5723
2715.29 2715.29 0.0 128390.3438
2729.43 2729.43 0.0 128163.9727
2743.57 2743.57 0.0 127938.5820
2757.72 2757.72 0.0 127714.0781
2771.86 2771.86 0.0 127490.8555
2786.0 2786.0 0.0 127268.8262
2800.14 2800.14 0.0 127048.0840
2814.28 2814.28 0.0 126828.6543
2828.43 2828.43 0.0 126610.4766
2842.57 2842.57 0.0 126393.8945
2856.71 2856.71 0.0 126178.7988
2870.85 2870.85 0.0 125965.2129
2885.0 2885.0 0.0 125753.0625
2899.14 2899.14 0.0 125542.6582
2913.28 2913.28 0.0 125333.8750
2927.42 2927.42 0.0 125126.7031
2941.56 2941.56 0.0 124921.1797
2955.71 2955.71 0.0 124717.1777
2969.85 2969.85 0.0 124514.9922
2983.99 2983.99 0.0 124314.4883
2998.13 2998.13 0.0 124115.6797
3012.27 3012.27 0.0 123918.5488
3026.42 3026.42 0.0 123722.9785
3040.56 3040.56 0.0 123529.2578
3054.7 3054.7 0.0 123337.2461
3068.84 3068.84 0.0 123146.9863
3082.99 3082.99 0.0 122958.3535
3097.13 3097.13 0.0 122771.6504
3111.27 3111.27 0.0 122586.7812
3125.41 3125.41 0.0 122403.7832
3139.55 3139.55 0.0 122222.7344
3153.7 3153.7 0.0 122043.5781
3167.84 3167.84 0.0 121866.6484
3181.98 3181.98 0.0 121691.9316
3196.12 3196.12 0.0 121519.5293
3210.26 3210.26 0.0 121349.5645
3224.41 3224.41 0.0 121182.0586
3238.55 3238.55 0.0 121017.3887
3252.69 3252.69 0.0 120855.6074
3266.83 3266.83 0.0 120696.8320
3280.98 3280.98 0.0 120541.1211
3295.12 3295.12 0.0 120388.8398
3309.26 3309.26 0.0 120239.9980
3323.4 3323.4 0.0 120094.7070
3337.54 3337.54 0.0 119953.0605
3351.69 3351.69 0.0 119815.0078
3365.83 3365.83 0.0 119680.8105
3379.97 3379.97 0.0 119550.3203
3394.11 3394.11 0.0 119423.5078
3408.25 3408.25 0.0 119300.3066
3422.4 3422.4 0.0 119180.5039
3436.54 3436.54 0.0 119064.0918
3450.68 3450.68 0.0 118950.8320
3464.82 3464.82 0.0 118840.4805
3478.97 3478.97 0.0 118732.7422
3493.11 3493.11 0.0 118627.5059
3507.25 3507.25 0.0 118524.4297
3521.39 3521.39 0.0 118423.2598
3535.53 3535.53 0.0 118323.7051
3549.68 3549.68 0.0 118225.4668
3563.82 3563.82 0.0 118128.4609
3577.96 3577.96 0.0 118032.3867
3592.1 3592.1 0.0 117937.0449
3606.24 3606.24 0.0 117842.2988
3620.39 3620.39 0.0 117747.9336
3634.53 3634.53 0.0 117653.9756
3648.67 3648.67 0.0 117560.2773
3662.81 3662.81 0.0 117466.7998
3676.96 3676.96 0.0 117373.4766
3691.1 3691.1 0.0 117280.3848
3705.24 3705.24 0.0 117187.5000
3719.38 3719.38 0.0 117094.8691
3733.52 3733.52 0.0 117002.5361
3747.67 3747.67 0.0 116910.4668
3761.81 3761.81 0.0 116818.8750
3775.95 3775.95 0.0 116727.7666
3790.09 3790.09 0.0 116637.1973
3804.23 3804.23 0.0 116547.2500
3818.38 3818.38 0.0 116457.9072
3832.52 3832.52 0.0 116369.3691
3846.66 3846.66 0.0 116281.6270
3860.8 3860.8 0.0 116194.7246
3874.95 3874.95 0.0 116108.6367
3889.09 3889.09 0.0 116023.5459
3903.23 3903.23 0.0 115939.3848
3917.37 3917.37 0.0 115856.1895
3931.51 3931.51 0.0 115773.9775
3945.66 3945.66 0.0 115692.7031
3959.8 3959.8 0.0 115612.4717
3973.94 3973.94 0.0 115533.2305
3988.08 3988.08 0.0 115454.9521
4002.22 4002.22 0.0 115377.6631
4016.37 4016.37 0.0 115301.2500
4030.51 4030.51 0.0 115225.8223
4044.65 4044.65 0.0 115151.3076
4058.79 4058.79 0.0 115077.6865
4072.94 4072.94 0.0 115004.8691
4087.08 4087.08 0.0 114932.9365
4101.22 4101.22 0.0 114861.8164
4115.36 4115.36 0.0 114791.4805
4129.5 4129.5 0.0 114721.9131
4143.65 4143.65 0.0 114653.0186
4157.79 4157.79 0.0 114584.8838
4171.93 4171.93 0.0 114517.4326
4186.07 4186.07 0.0 114450.6455
4200.21 4200.21 0.0 114384.4990
4214.36 4214.36 0.0 114318.9229
4228.5 4228.5 0.0 114253.9902
4242.64 4242.64 0.0 114189.6377
4256.78 4256.78 0.0 114125.8594
4270.92 4270.92 0.0 114062.6289
4285.07 4285.07 0.0 113999.8779
4299.21 4299.21 0.0 113937.7021
4313.35 4313.35 0.0 113876.0381
4327.49 4327.49 0.0 113814.8818
4341.64 4341.64 0.0 113754.1787
4355.78 4355.78 0.0 113693.9980
4369.92 4369.92 0.0 113634.3008
4384.06 4384.06 0.0 113575.0869
4398.2 4398.2 0.0 113516.3457
4412.35 4412.35 0.0 113458.0225
4426.49 4426.49 0.0 113400.2295
4440.63 4440.63 0.0 113342.9043
4454.77 4454.77 0.0 113286.0352
4468.91 4468.91 0.0 113229.6484
4483.06 4483.06 0.0 113173.7002
4497.2 4497.2 0.0 113118.2598
4511.34 4511.34 0.0 113063.3154
4525.48 4525.48 0.0 113008.8535
4539.63 4539.63 0.0 112954.8408
4553.77 4553.77 0.0 112901.3672
4567.91 4567.91 0.0 112848.3896
4582.05 4582.05 0.0 112795.9248
4596.19 4596.19 0.0 112743.9854
4610.34 4610.34 0.0 112692.5225
4624.48 4624.48 0.0 112641.6318
4638.62 4638.62 0.0 112591.2832
4652.76 4652.76 0.0 112541.4775
4666.9 4666.9 0.0 112492.2246
4681.05 4681.05 0.0 112443.4971
4695.19 4695.19 0.0 112395.3730
4709.33 4709.33 0.0 112347.8301
4723.47 4723.47 0.0 112300.8643
4737.62 4737.62 0.0 112254.4648
4751.76 4751.76 0.0 112208.6846
4765.9 4765.9 0.0 112163.5146
4780.04 4780.04 0.0 112118.9580
4794.18 4794.18 0.0 112075.0166
4808.33 4808.33 0.0 112031.6641
4822.47 4822.47 0.0 111988.9707
4836.61 4836.61 0.0 111946.9111
4850.75 4850.75 0.0 111905.4717
4864.89 4864.89 0.0 111864.6904
4879.04 4879.04 0.0 111824.5107
4893.18 4893.18 0.0 111785.0068
4907.32 4907.32 0.0 111746.1582
4921.46 4921.46 0.0 111707.9424
4935.61 4935.61 0.0 111670.3604
4949.75 4949.75 0.0 111633.4463
4963.89 4963.89 0.0 111597.1758
4978.03 4978.03 0.0 111561.5615
4992.17 4992.17 0.0 111526.5928
5006.32 5006.32 0.0 111492.2402
5020.46 5020.46 0.0 111458.5547
5034.6 5034.6 0.0 111425.5068
5048.74 5048.74 0.0 111393.0938
5062.88 5062.88 0.0 111361.3066
5077.03 5077.03 0.0 111330.1279
5091.17 5091.17 0.0 111299.5938
5105.31 5105.31 0.0 111269.6611
5119.45 5119.45 0.0 111240.3418
5133.6 5133.6 0.0 111211.6045
5147.74 5147.74 0.0 111183.4795
5161.88 5161.88 0.0 111155.9473
5176.02 5176.02 0.0 111128.9932
5190.16 5190.16 0.0 111102.6055
5204.31 5204.31 0.0 111076.7637
5218.45 5218.45 0.0 111051.4854
5232.59 5232.59 0.0 111026.7637
5246.73 5246.73 0.0 111002.5732
5260.87 5260.87 0.0 110978.9043
5275.02 5275.02 0.0 110955.7471
5289.16 5289.16 0.0 110933.0957
5303.3 5303.3 0.0 110910.9629
5317.44 5317.44 0.0 110889.3057
5331.59 5331.59 0.0 110868.1016
5345.73 5345.73 0.0 110847.3857
5359.87 5359.87 0.0 110827.1260
5374.01 5374.01 0.0 110807.3125
5388.15 5388.15 0.0 110787.9238
5402.3 5402.3 0.0 110768.9502
5416.44 5416.44 0.0 110750.4033
5430.58 5430.58 0.0 110732.2598
5444.72 5444.72 0.0 110714.5068
5458.86 5458.86 0.0 110697.1250
5473.01 5473.01 0.0 110680.1094
5487.15 5487.15 0.0 110663.4648
5501.29 5501.29 0.0 110647.1602
5515.43 5515.43 0.0 110631.2041
5529.58 5529.58 0.0 110615.5557
5543.72 5543.72 0.0 110600.2363
5557.86 5557.86 0.0 110585.2275
5572.0 5572.0 0.0 110570.5107
5586.14 5586.14 0.0 110556.0850
5600.29 5600.29 0.0 110541.9180
5614.43 5614.43 0.0 110528.0322
5628.57 5628.57 0.0 110514.4053
5642.71 5642.71 0.0 110501.0156
5656.85 5656.85 0.0 110487.8760
5671.0 5671.0 0.0 110474.9463
5685.14 5685.14 0.0 110462.2510
5699.28 5699.28 0.0 110449.7646
5713.42 5713.42 0.0 110437.4766
5727.56 5727.56 0.0 110425.3857
5741.71 5741.71 0.0 110413.4629
5755.85 5755.85 0.0 110401.7373
5769.99 5769.99 0.0 110390.1670
5784.13 5784.13 0.0 110378.7656
5798.28 5798.28 0.0 110367.5088
5812.42 5812.42 0.0 110356.4033
5826.56 5826.56 0.0 110345.4346
5840.7 5840.7 0.0 110334.5947
5854.84 5854.84 0.0 110323.8789
5868.99 5868.99 0.0 110313.2744
5883.13 5883.13 0.0 110302.7881
5897.27 5897.27 0.0 110292.4092
5911.41 5911.41 0.0 110282.1211
5925.55 5925.55 0.0 110271.9297
5939.7 5939.7 0.0 110261.8154
5953.84 5953.84 0.0 110251.7910
5967.98 5967.98 0.0 110241.8428
5982.12 5982.12 0.0 110231.9600
5996.27 5996.27 0.0 110222.1387
6010.41 6010.41 0.0 110212.3877
6024.55 6024.55 0.0 110202.6895
6038.69 6038.69 0.0 110193.0352
6052.83 6052.83 0.0 110183.4365
6066.98 6066.98 0.0 110173.8701
6081.12 6081.12 0.0 110164.3564
6095.26 6095.26 0.0 110154.8701
6109.4 6109.4 0.0 110145.4219
6123.54 6123.54 0.0 110135.9922
6137.69 6137.69 0.0 110126.5898
6151.83 6151.83 0.0 110117.2139
6165.97 6165.97 0.0 110107.8574
6180.11 6180.11 0.0 110098.5127
6194.26 6194.26 0.0 110089.1758
6208.4 6208.4 0.0 110079.8604
6222.54 6222.54 0.0 110070.5508
6236.68 6236.68 0.0 110061.2559
6250.82 6250.82 0.0 110051.9619
6264.97 6264.97 0.0 110042.6562
6279.11 6279.11 0.0 110033.3613
6293.25 6293.25 0.0 110024.0723
6307.39 6307.39 0.0 110014.7764
6321.53 6321.53 0.0 110005.4824
6335.68 6335.68 0.0 109996.1641
6349.82 6349.82 0.0 109986.8564
6363.96 6363.96 0.0 109977.5439
6378.1 6378.1 0.0 109968.2148
6392.25 6392.25 0.0 109958.8887
6406.39 6406.39 0.0 109949.5430
6420.53 6420.53 0.0 109940.1875
6434.67 6434.67 0.0 109930.8213
6448.81 6448.81 0.0 109921.4492
6462.96 6462.96 0.0 109912.0586
6477.1 6477.1 0.0 109902.6611
6491.24 6491.24 0.0 109893.2471
6505.38 6505.38 0.0 109883.8301
6519.52 6519.52 0.0 109874.3994
6533.67 6533.67 0.0 109864.9463
6547.81 6547.81 0.0 109855.4834
6561.95 6561.95 0.0 109846.0146
6576.09 6576.09 0.0 109836.5283
6590.24 6590.24 0.0 109827.0283
6604.38 6604.38 0.0 109817.5225
6618.52 6618.52 0.0 109808.0000
6632.66 6632.66 0.0 109798.4707
6646.8 6646.8 0.0 109788.9365
6660.95 6660.95 0.0 109779.3818
6675.09 6675.09 0.0 109769.8242
6689.23 6689.23 0.0 109760.2539
6703.37 6703.37 0.0 109750.6787
6717.51 6717.51 0.0 109741.0898
6731.66 6731.66 0.0 109731.5000
6745.8 6745.8 0.0 109721.8984
6759.94 6759.94 0.0 109712.2979
6774.08 6774.08 0.0 109702.6865
6788.23 6788.23 0.0 109693.0684
6802.37 6802.37 0.0 109683.4570
6816.51 6816.51 0.0 109673.8389
6830.65 6830.65 0.0 109664.2148
6844.79 6844.79 0.0 109654.5938
6858.94 6858.94 0.0 109644.9561
6873.08 6873.08 0.0 109635.3447
6887.22 6887.22 0.0 109625.7178
6901.36 6901.36 0.0 109616.0938
6915.5 6915.5 0.0 109606.4805
6929.65 6929.65 0.0 109596.8604
6943.79 6943.79 0.0 109587.2520
6957.93 6957.93 0.0 109577.6494
6972.07 6972.07 0.0 109568.0498
6986.21 6986.21 0.0 109558.4639
7000.36 7000.36 0.0 109548.8730
7014.5 7014.5 0.0 109539.2979
7028.64 7028.64 0.0 109529.7383
7042.78 7042.78 0.0 109520.1826
7056.93 7056.93 0.0 109510.6333
7071.07 7071.07 0.0 109501.1030
7085.21 7085.21 0.0 109491.5889
7099.35 7099.35 0.0 109482.0840
7113.49 7113.49 0.0 109472.5918
7127.64 7127.64 0.0 109463.1172
7141.78 7141.78 0.0 109453.6577
7155.92 7155.92 0.0 109444.2207
7170.06 7170.06 0.0 109434.7988
7184.2 7184.2 0.0 109425.3989
7198.35 7198.35 0.0 109416.0063
7212.49 7212.49 0.0 109406.6475
7226.63 7226.63 0.0 109397.3027
7240.77 7240.77 0.0 109387.9849
7254.92 7254.92 0.0 109378.6772
7269.06 7269.06 0.0 109369.4067
7283.2 7283.2 0.0 109360.1597
7297.34 7297.34 0.0 109350.9331
7311.48 7311.48 0.0 109341.7373
7325.63 7325.63 0.0 109332.5552
7339.77 7339.77 0.0 109323.4067
7353.91 7353.91 0.0 109314.2949
7368.05 7368.05 0.0 109305.2012
7382.19 7382.19 0.0 109296.1440
7396.34 7396.34 0.0 109287.1050
7410.48 7410.48 0.0 109278.1025
7424.62 7424.62 0.0 109269.1333
7438.76 7438.76 0.0 109260.1987
7452.91 7452.91 0.0 109251.2832
7467.05 7467.05 0.0 109242.4116
7481.19 7481.19 0.0 109233.5713
7495.33 7495.33 0.0 109224.7642
7509.47 7509.47 0.0 109215.9966
7523.62 7523.62 0.0 109207.2466
7537.76 7537.76 0.0 109198.5474
7551.9 7551.9 0.0 109189.8794
7566.04 7566.04 0.0 109181.2554
7580.18 7580.18 0.0 109172.6665
7594.33 7594.33 0.0 109164.1050
7608.47 7608.47 0.0 109155.5947
7622.61 7622.61 0.0 109147.1187
7636.75 7636.75 0.0 109138.6753
7650.9 7650.9 0.0 109130.2773
7665.04 7665.04 0.0 109121.9248
7679.18 7679.18 0.0 109113.6045
7693.32 7693.32 0.0 109105.3291
7707.46 7707.46 0.0 109097.0962
7721.61 7721.61 0.0 109088.8940
7735.75 7735.75 0.0 109080.7480
7749.89 7749.89 0.0 109072.6440
7764.03 7764.03 0.0 109064.5820
7778.17 7778.17 0.0 109056.5601
