0.0 0.0 0.0 199848.5547
14.1421 14.1421 0.0 207652.4297
28.2843 28.2843 0.0 205400.3516
42.4264 42.4264 0.0 204494.4688
56.5685 56.5685 0.0 203972.9062
70.7107 70.7107 0.0 203610.4531
84.8528 84.8528 0.0 203323.7500
98.9949 98.9949 0.0 203074.3281
113.137 113.137 0.0 202842.1016
127.279 127.279 0.0 202615.6406
141.421 141.421 0.0 202388.2422
155.563 155.563 0.0 202155.7656
169.706 169.706 0.0 201915.5547
183.848 183.848 0.0 201666.2344
197.99 197.99 0.0 201406.6875
212.132 212.132 0.0 201136.4766
226.274 226.274 0.0 200855.4297
240.416 240.416 0.0 200563.5391
254.558 254.558 0.0 200260.9297
268.701 268.701 0.0 199947.8594
282.843 282.843 0.0 199624.7266
296.985 296.985 0.0 199291.8438
311.127 311.127 0.0 198949.6562
325.269 325.269 0.0 198598.6953
339.411 339.411 0.0 198239.2969
353.553 353.553 0.0 197872.0234
367.696 367.696 0.0 197497.2656
381.838 381.838 0.0 197115.5312
395.98 395.98 0.0 196727.3359
410.122 410.122 0.0 196333.1016
424.264 424.264 0.0 195933.1484
438.406 438.406 0.0 195528.0000
452.548 452.548 0.0 195118.0859
466.69 466.69 0.0 194703.7188
480.833 480.833 0.0 194285.2266
494.975 494.975 0.0 193863.0391
509.117 509.117 0.0 193437.5078
523.259 523.259 0.0 193008.8516
537.401 537.401 0.0 192577.4219
551.543 551.543 0.0 192143.4766
565.685 565.685 0.0 191707.3203
579.828 579.828 0.0 191269.1094
593.97 593.97 0.0 190829.1953
608.112 608.112 0.0 190387.7422
622.254 622.254 0.0 189944.9766
636.396 636.396 0.0 189501.0469
650.538 650.538 0.0 189056.2266
664.68 664.68 0.0 188610.6328
678.823 678.823 0.0 188164.3906
692.965 692.965 0.0 187717.7969
707.107 707.107 0.0 187270.9453
721.249 721.249 0.0 186823.8984
735.391 735.391 0.0 186376.8906
749.533 749.533 0.0 185930.0781
763.675 763.675 0.0 185483.4531
777.817 777.817 0.0 185037.2812
791.96 791.96 0.0 184591.5938
806.102 806.102 0.0 184146.5938
820.244 820.244 0.0 183702.3047
834.386 834.386 0.0 183258.9141
848.528 848.528 0.0 182816.4531
862.67 862.67 0.0 182375.1016
876.812 876.812 0.0 181934.8984
890.955 890.955 0.0 181495.9141
905.097 905.097 0.0 181058.3359
919.239 919.239 0.0 180622.2109
933.381 933.381 0.0 180187.5781
947.523 947.523 0.0 179754.6406
961.665 961.665 0.0 179323.3750
975.807 975.807 0.0 178893.8828
989.949 989.949 0.0 178466.2188
1004.09 1004.09 0.0 178040.5938
1018.23 1018.23 0.0 177616.9688
1032.38 1032.38 0.0 177195.1172
1046.52 1046.52 0.0 176775.7188
1060.66 1060.66 0.0 176358.5078
1074.8 1074.8 0.0 175943.5312
1088.94 1088.94 0.0 175530.8594
1103.09 1103.09 0.0 175120.2500
1117.23 1117.23 0.0 174712.3594
1131.37 1131.37 0.0 174306.9219
1145.51 1145.51 0.0 173903.9453
1159.66 1159.66 0.0 173503.2109
1173.8 1173.8 0.0 173105.2891
1187.94 1187.94 0.0 172709.9766
1202.08 1202.08 0.0 172317.2344
1216.22 1216.22 0.0 171927.0938
1230.37 1230.37 0.0 171539.3516
1244.51 1244.51 0.0 171154.5078
1258.65 1258.65 0.0 170772.3672
1272.79 1272.79 0.0 170392.8125
1286.93 1286.93 0.0 170015.9688
1301.08 1301.08 0.0 169641.5312
1315.22 1315.22 0.0 169270.0078
1329.36 1329.36 0.0 168901.1797
1343.5 1343.5 0.0 168534.9453
1357.65 1357.65 0.0 168171.1406
1371.79 1371.79 0.0 167810.1641
1385.93 1385.93 0.0 167451.8672
1400.07 1400.07 0.0 167096.1641
1414.21 1414.21 0.0 166743.0117
1428.36 1428.36 0.0 166392.1797
1442.5 1442.5 0.0 166044.1250
1456.64 1456.64 0.0 165698.6055
1470.78 1470.78 0.0 165355.6016
1484.92 1484.92 0.0 165015.0430
1499.07 1499.07 0.0 164676.6992
1513.21 1513.21 0.0 164341.0039
1527.35 1527.35 0.0 164007.7344
1541.49 1541.49 0.0 163676.8125
1555.63 1555.63 0.0 163348.2539
1569.78 1569.78 0.0 163021.7891
1583.92 1583.92 0.0 162697.8711
1598.06 1598.06 0.0 162376.2148
1612.2 1612.2 0.0 162056.8359
1626.35 1626.35 0.0 161739.4375
1640.49 1640.49 0.0 161424.5000
1654.63 1654.63 0.0 161111.7266
1668.77 1668.77 0.0 160801.1445
1682.91 1682.91 0.0 160492.6992
1697.06 1697.06 0.0 160186.2070
1711.2 1711.2 0.0 159882.0195
1725.34 1725.34 0.0 159579.9258
1739.48 1739.48 0.0 159279.9648
1753.62 1753.62 0.0 158982.0117
1767.77 1767.77 0.0 158685.9688
1781.91 1781.91 0.0 158392.1953
1796.05 1796.05 0.0 158100.4414
1810.19 1810.19 0.0 157810.7383
1824.34 1824.34 0.0 157522.8750
1838.48 1838.48 0.0 157237.2461
1852.62 1852.62 0.0 156953.6328
1866.76 1866.76 0.0 156672.0312
1880.9 1880.9 0.0 156392.4883
1895.05 1895.05 0.0 156114.7305
1909.19 1909.19 0.0 155839.2227
1923.33 1923.33 0.0 155565.7305
1937.47 1937.47 0.0 155294.2773
1951.61 1951.61 0.0 155024.8164
1965.76 1965.76 0.0 154757.2148
1979.9 1979.9 0.0 154491.8516
1994.04 1994.04 0.0 154228.5039
2008.18 2008.18 0.0 153967.2344
2022.33 2022.33 0.0 153707.7852
2036.47 2036.47 0.0 153450.5898
2050.61 2050.61 0.0 153195.4180
2064.75 2064.75 0.0 152942.3242
2078.89 2078.89 0.0 152691.2422
2093.04 2093.04 0.0 152442.0195
2107.18 2107.18 0.0 152195.0391
2121.32 2121.32 0.0 151950.0664
2135.46 2135.46 0.0 151707.1055
2149.6 2149.6 0.0 151466.1602
2163.75 2163.75 0.0 151227.0312
2177.89 2177.89 0.0 150990.0234
2192.03 2192.03 0.0 150754.9922
2206.17 2206.17 0.0 150521.8672
2220.32 2220.32 0.0 150290.4805
2234.46 2234.46 0.0 150061.1406
2248.6 2248.6 0.0 149833.6016
2262.74 2262.74 0.0 149607.8789
2276.88 2276.88 0.0 149383.8867
2291.03 2291.03 0.0 149161.4141
2305.17 2305.17 0.0 148940.7773
2319.31 2319.31 0.0 148721.7266
2333.45 2333.45 0.0 148504.2188
2347.59 2347.59 0.0 148288.1992
2361.74 2361.74 0.0 148073.4453
2375.88 2375.88 0.0 147860.1758
2390.02 2390.02 0.0 147648.2344
2404.16 2404.16 0.0 147437.5000
2418.31 2418.31 0.0 147227.7930
2432.45 2432.45 0.0 147019.3203
2446.59 2446.59 0.0 146811.8633
2460.73 2460.73 0.0 146605.3867
2474.87 2474.87 0.0 146399.8008
2489.02 2489.02 0.0 146194.9102
2503.16 2503.16 0.0 145990.9492
2517.3 2517.3 0.0 145787.7109
2531.44 2531.44 0.0 145585.1445
2545.58 2545.58 0.0 145383.1953
2559.73 2559.73 0.0 145181.7188
2573.87 2573.87 0.0 144980.9336
2588.01 2588.01 0.0 144780.6523
2602.15 2602.15 0.0 144580.8945
2616.3 2616.3 0.0 144381.5156
2630.44 2630.44 0.0 144182.7383
2644.58 2644.58 0.0 143984.5078
2658.72 2658.72 0.0 143786.7930
2672.86 2672.86 0.0 143589.6523
2687.01 2687.01 0.0 143393.0039
2701.15 2701.15 0.0 143197.1680
2715.29 2715.29 0.0 143002.0742
2729.43 2729.43 0.0 142807.8086
2743.57 2743.57 0.0 142614.4766
2757.72 2757.72 0.0 142422.0312
2771.86 2771.86 0.0 142230.8672
2786.0 2786.0 0.0 142040.9062
2800.14 2800.14 0.0 141852.3008
2814.28 2814.28 0.0 141665.1250
2828.43 2828.43 0.0 141479.3359
2842.57 2842.57 0.0 141295.2812
2856.71 2856.71 0.0 141112.8789
2870.85 2870.85 0.0 140932.1367
2885.0 2885.0 0.0 140752.8867
2899.14 2899.14 0.0 140575.3945
2913.28 2913.28 0.0 140399.4180
2927.42 2927.42 0.0 140224.7891
2941.56 2941.56 0.0 140051.3281
2955.71 2955.71 0.0 139878.6836
2969.85 2969.85 0.0 139706.7852
2983.99 2983.99 0.0 139535.1680
2998.13 2998.13 0.0 139363.4531
3012.27 3012.27 0.0 139191.2188
3026.42 3026.42 0.0 139017.8711
3040.56 3040.56 0.0 138843.2227
3054.7 3054.7 0.0 138666.6641
3068.84 3068.84 0.0 138487.7852
3082.99 3082.99 0.0 138306.0391
3097.13 3097.13 0.0 138121.3945
3111.27 3111.27 0.0 137933.4297
3125.41 3125.41 0.0 137742.0781
3139.55 3139.55 0.0 137547.2852
3153.7 3153.7 0.0 137349.1016
3167.84 3167.84 0.0 137148.1406
3181.98 3181.98 0.0 136944.8008
3196.12 3196.12 0.0 136739.7773
3210.26 3210.26 0.0 136533.9922
3224.41 3224.41 0.0 136328.4648
3238.55 3238.55 0.0 136124.7695
3252.69 3252.69 0.0 135924.3125
3266.83 3266.83 0.0 135728.7734
3280.98 3280.98 0.0 135539.8203
3295.12 3295.12 0.0 135359.6836
3309.26 3309.26 0.0 135190.1758
3323.4 3323.4 0.0 135033.2617
3337.54 3337.54 0.0 134890.8203
3351.69 3351.69 0.0 134764.4609
3365.83 3365.83 0.0 134655.6797
3379.97 3379.97 0.0 134565.2188
3394.11 3394.11 0.0 134493.1406
3408.25 3408.25 0.0 134438.5312
3422.4 3422.4 0.0 134399.1602
3436.54 3436.54 0.0 134371.1484
3450.68 3450.68 0.0 134348.5859
3464.82 3464.82 0.0 134323.1875
3478.97 3478.97 0.0 134284.0234
3493.11 3493.11 0.0 134217.5273
3507.25 3507.25 0.0 134107.5312
3521.39 3521.39 0.0 133935.8477
3535.53 3535.53 0.0 133683.1953
3549.68 3549.68 0.0 133330.4219
3563.82 3563.82 0.0 132861.4668
3577.96 3577.96 0.0 132264.1602
3592.1 3592.1 0.0 131533.6465
3606.24 3606.24 0.0 130674.4160
3620.39 3620.39 0.0 129701.2930
3634.53 3634.53 0.0 128642.8613
3648.67 3648.67 0.0 127536.6895
3662.81 3662.81 0.0 126429.2773
3676.96 3676.96 0.0 125370.3555
3691.1 3691.1 0.0 124409.4863
3705.24 3705.24 0.0 123584.4707
3719.38 3719.38 0.0 122918.1680
3733.52 3733.52 0.0 122414.1602
3747.67 3747.67 0.0 122057.3516
3761.81 3761.81 0.0 121819.9316
3775.95 3775.95 0.0 121667.4648
3790.09 3790.09 0.0 121567.2930
3804.23 3804.23 0.0 121493.1113
3818.38 3818.38 0.0 121426.7617
3832.52 3832.52 0.0 121357.8262
3846.66 3846.66 0.0 121281.4863
3860.8 3860.8 0.0 121196.6816
3874.95 3874.95 0.0 121104.2930
3889.09 3889.09 0.0 121006.2246
3903.23 3903.23 0.0 120904.3027
3917.37 3917.37 0.0 120800.2070
3931.51 3931.51 0.0 120695.2031
3945.66 3945.66 0.0 120590.2090
3959.8 3959.8 0.0 120485.9883
3973.94 3973.94 0.0 120382.8691
3988.08 3988.08 0.0 120281.0684
4002.22 4002.22 0.0 120180.6895
4016.37 4016.37 0.0 120081.7012
4030.51 4030.51 0.0 119984.2461
4044.65 4044.65 0.0 119888.2305
4058.79 4058.79 0.0 119793.6348
4072.94 4072.94 0.0 119700.3809
4087.08 4087.08 0.0 119608.6191
4101.22 4101.22 0.0 119518.2656
4115.36 4115.36 0.0 119429.3223
4129.5 4129.5 0.0 119341.8340
4143.65 4143.65 0.0 119255.7305
4157.79 4157.79 0.0 119171.1562
4171.93 4171.93 0.0 119088.0371
4186.07 4186.07 0.0 119006.3691
4200.21 4200.21 0.0 118926.1230
4214.36 4214.36 0.0 118847.1953
4228.5 4228.5 0.0 118769.6699
4242.64 4242.64 0.0 118693.3945
4256.78 4256.78 0.0 118618.2891
4270.92 4270.92 0.0 118544.2500
4285.07 4285.07 0.0 118471.1152
4299.21 4299.21 0.0 118398.8613
4313.35 4313.35 0.0 118327.2910
4327.49 4327.49 0.0 118256.2773
4341.64 4341.64 0.0 118185.6230
4355.78 4355.78 0.0 118115.2598
4369.92 4369.92 0.0 118045.0098
4384.06 4384.06 0.0 117974.7148
4398.2 4398.2 0.0 117904.2480
4412.35 4412.35 0.0 117833.3965
4426.49 4426.49 0.0 117762.1348
4440.63 4440.63 0.0 117690.2988
4454.77 4454.77 0.0 117617.7803
4468.91 4468.91 0.0 117544.4746
4483.06 4483.06 0.0 117470.2363
4497.2 4497.2 0.0 117395.0879
4511.34 4511.34 0.0 117318.9326
4525.48 4525.48 0.0 117241.6973
4539.63 4539.63 0.0 117163.2969
4553.77 4553.77 0.0 117083.8311
4567.91 4567.91 0.0 117003.2266
4582.05 4582.05 0.0 116921.4795
4596.19 4596.19 0.0 116838.6006
4610.34 4610.34 0.0 116754.5820
4624.48 4624.48 0.0 116669.5625
4638.62 4638.62 0.0 116583.5352
4652.76 4652.76 0.0 116496.5566
4666.9 4666.9 0.0 116408.7002
4681.05 4681.05 0.0 116319.9932
4695.19 4695.19 0.0 116230.6250
4709.33 4709.33 0.0 116140.6152
4723.47 4723.47 0.0 116050.0713
4737.62 4737.62 0.0 115959.0371
4751.76 4751.76 0.0 115867.7158
4765.9 4765.9 0.0 115776.1729
4780.04 4780.04 0.0 115684.4883
4794.18 4794.18 0.0 115592.7666
4808.33 4808.33 0.0 115501.0439
4822.47 4822.47 0.0 115409.5449
4836.61 4836.61 0.0 115318.2949
4850.75 4850.75 0.0 115227.3809
4864.89 4864.89 0.0 115136.8984
4879.04 4879.04 0.0 115046.8369
4893.18 4893.18 0.0 114957.4229
4907.32 4907.32 0.0 114868.6279
4921.46 4921.46 0.0 114780.5469
4935.61 4935.61 0.0 114693.1602
4949.75 4949.75 0.0 114606.6221
4963.89 4963.89 0.0 114520.9395
4978.03 4978.03 0.0 114436.1348
4992.17 4992.17 0.0 114352.2559
5006.32 5006.32 0.0 114269.2646
5020.46 5020.46 0.0 114187.2988
5034.6 5034.6 0.0 114106.3145
5048.74 5048.74 0.0 114026.3428
5062.88 5062.88 0.0 113947.4004
5077.03 5077.03 0.0 113869.4326
5091.17 5091.17 0.0 113792.5527
5105.31 5105.31 0.0 113716.7148
5119.45 5119.45 0.0 113641.9502
5133.6 5133.6 0.0 113568.1621
5147.74 5147.74 0.0 113495.4883
5161.88 5161.88 0.0 113423.8672
5176.02 5176.02 0.0 113353.2861
5190.16 5190.16 0.0 113283.7559
5204.31 5204.31 0.0 113215.2109
5218.45 5218.45 0.0 113147.7568
5232.59 5232.59 0.0 113081.3193
5246.73 5246.73 0.0 113015.9004
5260.87 5260.87 0.0 112951.4951
5275.02 5275.02 0.0 112888.0391
5289.16 5289.16 0.0 112825.6133
5303.3 5303.3 0.0 112764.1699
5317.44 5317.44 0.0 112703.6885
5331.59 5331.59 0.0 112644.1055
5345.73 5345.73 0.0 112585.5049
5359.87 5359.87 0.0 112527.8223
5374.01 5374.01 0.0 112471.0371
5388.15 5388.15 0.0 112415.1465
5402.3 5402.3 0.0 112360.0635
5416.44 5416.44 0.0 112305.8779
5430.58 5430.58 0.0 112252.5117
5444.72 5444.72 0.0 112199.9531
5458.86 5458.86 0.0 112148.1611
5473.01 5473.01 0.0 112097.0947
5487.15 5487.15 0.0 112046.7969
5501.29 5501.29 0.0 111997.1943
5515.43 5515.43 0.0 111948.2656
5529.58 5529.58 0.0 111899.9482
5543.72 5543.72 0.0 111852.2842
5557.86 5557.86 0.0 111805.1904
5572.0 5572.0 0.0 111758.6533
5586.14 5586.14 0.0 111712.6367
5600.29 5600.29 0.0 111667.0771
5614.43 5614.43 0.0 111621.9902
5628.57 5628.57 0.0 111577.3232
5642.71 5642.71 0.0 111533.0566
5656.85 5656.85 0.0 111489.1445
5671.0 5671.0 0.0 111445.5205
5685.14 5685.14 0.0 111402.2363
5699.28 5699.28 0.0 111359.2217
5713.42 5713.42 0.0 111316.4746
5727.56 5727.56 0.0 111273.9619
5741.71 5741.71 0.0 111231.6426
5755.85 5755.85 0.0 111189.5713
5769.99 5769.99 0.0 111147.7129
5784.13 5784.13 0.0 111106.0752
5798.28 5798.28 0.0 111064.6250
5812.42 5812.42 0.0 111023.4307
5826.56 5826.56 0.0 110982.4971
5840.7 5840.7 0.0 110941.8271
5854.84 5854.84 0.0 110901.4590
5868.99 5868.99 0.0 110861.3916
5883.13 5883.13 0.0 110821.7061
5897.27 5897.27 0.0 110782.4326
5911.41 5911.41 0.0 110743.5801
5925.55 5925.55 0.0 110705.2070
5939.7 5939.7 0.0 110667.3086
5953.84 5953.84 0.0 110629.9863
5967.98 5967.98 0.0 110593.2393
5982.12 5982.12 0.0 110557.1006
5996.27 5996.27 0.0 110521.5752
6010.41 6010.41 0.0 110486.7285
6024.55 6024.55 0.0 110452.5547
6038.69 6038.69 0.0 110419.0605
6052.83 6052.83 0.0 110386.2520
6066.98 6066.98 0.0 110354.1133
6081.12 6081.12 0.0 110322.6660
6095.26 6095.26 0.0 110291.8896
6109.4 6109.4 0.0 110261.7637
6123.54 6123.54 0.0 110232.2686
6137.69 6137.69 0.0 110203.3467
6151.83 6151.83 0.0 110175.0176
6165.97 6165.97 0.0 110147.2354
6180.11 6180.11 0.0 110119.9531
6194.26 6194.26 0.0 110093.1211
6208.4 6208.4 0.0 110066.7451
6222.54 6222.54 0.0 110040.7568
6236.68 6236.68 0.0 110015.1309
6250.82 6250.82 0.0 109989.8350
6264.97 6264.97 0.0 109964.8057
6279.11 6279.11 0.0 109940.0605
6293.25 6293.25 0.0 109915.5371
6307.39 6307.39 0.0 109891.2139
6321.53 6321.53 0.0 109867.0664
6335.68 6335.68 0.0 109843.0527
6349.82 6349.82 0.0 109819.1924
6363.96 6363.96 0.0 109795.4463
6378.1 6378.1 0.0 109771.7979
6392.25 6392.25 0.0 109748.2148
6406.39 6406.39 0.0 109724.7373
6420.53 6420.53 0.0 109701.3174
6434.67 6434.67 0.0 109677.9668
6448.81 6448.81 0.0 109654.6641
6462.96 6462.96 0.0 109631.4111
6477.1 6477.1 0.0 109608.2227
6491.24 6491.24 0.0 109585.0918
6505.38 6505.38 0.0 109562.0205
6519.52 6519.52 0.0 109539.0049
6533.67 6533.67 0.0 109516.0342
6547.81 6547.81 0.0 109493.1479
6561.95 6561.95 0.0 109470.3247
6576.09 6576.09 0.0 109447.5874
6590.24 6590.24 0.0 109424.9062
6604.38 6604.38 0.0 109402.3262
6618.52 6618.52 0.0 109379.8403
6632.66 6632.66 0.0 109357.4507
6646.8 6646.8 0.0 109335.1611
6660.95 6660.95 0.0 109312.9707
6675.09 6675.09 0.0 109290.8989
6689.23 6689.23 0.0 109268.9434
6703.37 6703.37 0.0 109247.1167
6717.51 6717.51 0.0 109225.4092
6731.66 6731.66 0.0 109203.8149
6745.8 6745.8 0.0 109182.3750
6759.94 6759.94 0.0 109161.0645
6774.08 6774.08 0.0 109139.8999
6788.23 6788.23 0.0 109118.8555
6802.37 6802.37 0.0 109097.9790
6816.51 6816.51 0.0 109077.2344
6830.65 6830.65 0.0 109056.6484
6844.79 6844.79 0.0 109036.2119
6858.94 6858.94 0.0 109015.9102
6873.08 6873.08 0.0 108995.7705
6887.22 6887.22 0.0 108975.7852
6901.36 6901.36 0.0 108955.9492
6915.5 6915.5 0.0 108936.2632
6929.65 6929.65 0.0 108916.7207
6943.79 6943.79 0.0 108897.3438
6957.93 6957.93 0.0 108878.1157
6972.07 6972.07 0.0 108859.0405
6986.21 6986.21 0.0 108840.1025
7000.36 7000.36 0.0 108821.3154
7014.5 7014.5 0.0 108802.6816
7028.64 7028.64 0.0 108784.1973
7042.78 7042.78 0.0 108765.8564
7056.93 7056.93 0.0 108747.6460
7071.07 7071.07 0.0 108729.5850
7085.21 7085.21 0.0 108711.6733
7099.35 7099.35 0.0 108693.8955
7113.49 7113.49 0.0 108676.2549
7127.64 7127.64 0.0 108658.7432
7141.78 7141.78 0.0 108641.3740
7155.92 7155.92 0.0 108624.1294
7170.06 7170.06 0.0 108607.0215
7184.2 7184.2 0.0 108590.0400
7198.35 7198.35 0.0 108573.1738
7212.49 7212.49 0.0 108556.4434
7226.63 7226.63 0.0 108539.8330
7240.77 7240.77 0.0 108523.3462
7254.92 7254.92 0.0 108506.9658
7269.06 7269.06 0.0 108490.7168
7283.2 7283.2 0.0 108474.5801
7297.34 7297.34 0.0 108458.5576
7311.48 7311.48 0.0 108442.6479
7325.63 7325.63 0.0 108426.8350
7339.77 7339.77 0.0 108411.1475
7353.91 7353.91 0.0 108395.5620
7368.05 7368.05 0.0 108380.0776
7382.19 7382.19 0.0 108364.7041
7396.34 7396.34 0.0 108349.4170
7410.48 7410.48 0.0 108334.2466
7424.62 7424.62 0.0 108319.1753
7438.76 7438.76 0.0 108304.1958
7452.91 7452.91 0.0 108289.3052
7467.05 7467.05 0.0 108274.5244
7481.19 7481.19 0.0 108259.8315
7495.33 7495.33 0.0 108245.2285
7509.47 7509.47 0.0 108230.7222
7523.62 7523.62 0.0 108216.2954
7537.76 7537.76 0.0 108201.9634
7551.9 7551.9 0.0 108187.7231
7566.04 7566.04 0.0 108173.5649
7580.18 7580.18 0.0 108159.4941
7594.33 7594.33 0.0 108145.5034
7608.47 7608.47 0.0 108131.6030
7622.61 7622.61 0.0 108117.7822
7636.75 7636.75 0.0 108104.0449
7650.9 7650.9 0.0 108090.3735
7665.04 7665.04 0.0 108076.7998
7679.18 7679.18 0.0 108063.2983
7693.32 7693.32 0.0 108049.8813
7707.46 7707.46 0.0 108036.5391
7721.61 7721.61 0.0 108023.2637
7735.75 7735.75 0.0 108010.0703
7749.89 7749.89 0.0 107996.9580
7764.03 7764.03 0.0 107983.9229
7778.17 7778.17 0.0 107970.9536
