0.0 0.0 0.0 271588.7188
14.1421 14.1421 0.0 340719.5312
28.2843 28.2843 0.0 337500.1719
42.4264 42.4264 0.0 334915.6719
56.5685 56.5685 0.0 332717.9531
70.7107 70.7107 0.0 330525.5312
84.8528 84.8528 0.0 328184.7656
98.9949 98.9949 0.0 325658.0469
113.137 113.137 0.0 322951.8750
127.279 127.279 0.0 320086.9375
141.421 141.421 0.0 317086.9844
155.563 155.563 0.0 313975.2656
169.706 169.706 0.0 310772.1406
183.848 183.848 0.0 307496.4531
197.99 197.99 0.0 304163.6562
212.132 212.132 0.0 300787.0000
226.274 226.274 0.0 297378.0938
240.416 240.416 0.0 293946.4688
254.558 254.558 0.0 290500.6250
268.701 268.701 0.0 287047.4531
282.843 282.843 0.0 283593.9531
296.985 296.985 0.0 280145.4531
311.127 311.127 0.0 276707.1719
325.269 325.269 0.0 273283.9375
339.411 339.411 0.0 269880.1094
353.553 353.553 0.0 266499.8125
367.696 367.696 0.0 263146.6562
381.838 381.838 0.0 259824.7188
395.98 395.98 0.0 256537.1562
410.122 410.122 0.0 253286.9219
424.264 424.264 0.0 250076.9062
438.406 438.406 0.0 246909.6875
452.548 452.548 0.0 243787.3281
466.69 466.69 0.0 240711.8281
480.833 480.833 0.0 237684.7969
494.975 494.975 0.0 234708.0781
509.117 509.117 0.0 231782.8750
523.259 523.259 0.0 228910.3047
537.401 537.401 0.0 226091.8594
551.543 551.543 0.0 223328.6016
565.685 565.685 0.0 220622.0000
579.828 579.828 0.0 217973.4219
593.97 593.97 0.0 215385.0547
608.112 608.112 0.0 212858.6719
622.254 622.254 0.0 210396.3438
636.396 636.396 0.0 208000.2812
650.538 650.538 0.0 205672.6797
664.68 664.68 0.0 203415.6250
678.823 678.823 0.0 201230.7266
692.965 692.965 0.0 199119.7109
707.107 707.107 0.0 197083.2578
721.249 721.249 0.0 195121.7344
735.391 735.391 0.0 193234.7344
749.533 749.533 0.0 191421.1953
763.675 763.675 0.0 189679.4219
777.817 777.817 0.0 188007.0391
791.96 791.96 0.0 186401.0156
806.102 806.102 0.0 184858.1953
820.244 820.244 0.0 183374.6719
834.386 834.386 0.0 181946.5938
848.528 848.528 0.0 180569.6250
862.67 862.67 0.0 179239.6250
876.812 876.812 0.0 177952.3672
890.955 890.955 0.0 176703.6875
905.097 905.097 0.0 175489.7656
919.239 919.239 0.0 174306.8047
933.381 933.381 0.0 173151.1719
947.523 947.523 0.0 172019.6484
961.665 961.665 0.0 170909.1797
975.807 975.807 0.0 169816.9922
989.949 989.949 0.0 168740.5938
1004.09 1004.09 0.0 167677.9219
1018.23 1018.23 0.0 166626.9492
1032.38 1032.38 0.0 165585.2656
1046.52 1046.52 0.0 164553.0391
1060.66 1060.66 0.0 163528.4375
1074.8 1074.8 0.0 162510.7344
1088.94 1088.94 0.0 161499.5859
1103.09 1103.09 0.0 160494.1719
1117.23 1117.23 0.0 159496.2891
1131.37 1131.37 0.0 158505.9648
1145.51 1145.51 0.0 157524.3750
1159.66 1159.66 0.0 156552.3867
1173.8 1173.8 0.0 155593.5078
1187.94 1187.94 0.0 154649.5742
1202.08 1202.08 0.0 153723.6992
1216.22 1216.22 0.0 152819.3789
1230.37 1230.37 0.0 151939.9922
1244.51 1244.51 0.0 151091.1133
1258.65 1258.65 0.0 150276.6367
1272.79 1272.79 0.0 149501.0742
1286.93 1286.93 0.0 148768.5469
1301.08 1301.08 0.0 148081.6680
1315.22 1315.22 0.0 147442.6992
1329.36 1329.36 0.0 146849.5391
1343.5 1343.5 0.0 146296.0664
1357.65 1357.65 0.0 145769.2773
1371.79 1371.79 0.0 145248.6758
1385.93 1385.93 0.0 144701.8359
1400.07 1400.07 0.0 144084.7109
1414.21 1414.21 0.0 143341.8164
1428.36 1428.36 0.0 142409.9336
1442.5 1442.5 0.0 141230.1328
1456.64 1456.64 0.0 139759.1016
1470.78 1470.78 0.0 137991.2930
1484.92 1484.92 0.0 135978.3203
1499.07 1499.07 0.0 133838.3320
1513.21 1513.21 0.0 131753.3281
1527.35 1527.35 0.0 129920.4629
1541.49 1541.49 0.0 128491.0605
1555.63 1555.63 0.0 127505.8945
1569.78 1569.78 0.0 126883.5742
1583.92 1583.92 0.0 126480.4570
1598.06 1598.06 0.0 126167.8926
1612.2 1612.2 0.0 125874.8594
1626.35 1626.35 0.0 125579.9414
1640.49 1640.49 0.0 125287.3379
1654.63 1654.63 0.0 125006.1113
1668.77 1668.77 0.0 124742.5195
1682.91 1682.91 0.0 124498.3027
1697.06 1697.06 0.0 124271.6562
1711.2 1711.2 0.0 124059.4785
1725.34 1725.34 0.0 123857.6328
1739.48 1739.48 0.0 123662.3398
1753.62 1753.62 0.0 123470.3613
1767.77 1767.77 0.0 123278.9414
1781.91 1781.91 0.0 123086.4199
1796.05 1796.05 0.0 122891.2266
1810.19 1810.19 0.0 122692.4727
1824.34 1824.34 0.0 122489.5312
1838.48 1838.48 0.0 122282.5078
1852.62 1852.62 0.0 122071.4160
1866.76 1866.76 0.0 121856.6445
1880.9 1880.9 0.0 121638.8555
1895.05 1895.05 0.0 121418.7246
1909.19 1909.19 0.0 121197.5430
1923.33 1923.33 0.0 120976.2227
1937.47 1937.47 0.0 120755.8809
1951.61 1951.61 0.0 120537.6445
1965.76 1965.76 0.0 120322.3730
1979.9 1979.9 0.0 120111.2344
1994.04 1994.04 0.0 119904.8262
2008.18 2008.18 0.0 119703.6895
2022.33 2022.33 0.0 119508.0547
2036.47 2036.47 0.0 119318.4023
2050.61 2050.61 0.0 119134.6406
2064.75 2064.75 0.0 118956.7324
2078.89 2078.89 0.0 118784.5098
2093.04 2093.04 0.0 118617.6855
2107.18 2107.18 0.0 118456.2227
2121.32 2121.32 0.0 118299.7383
2135.46 2135.46 0.0 118147.9785
2149.6 2149.6 0.0 118000.6641
2163.75 2163.75 0.0 117857.4434
2177.89 2177.89 0.0 117718.2578
2192.03 2192.03 0.0 117582.7705
2206.17 2206.17 0.0 117450.7666
2220.32 2220.32 0.0 117321.9443
2234.46 2234.46 0.0 117196.2920
2248.6 2248.6 0.0 117073.5234
2262.74 2262.74 0.0 116953.4873
2276.88 2276.88 0.0 116836.0107
2291.03 2291.03 0.0 116720.8672
2305.17 2305.17 0.0 116608.0615
2319.31 2319.31 0.0 116497.3682
2333.45 2333.45 0.0 116388.6689
2347.59 2347.59 0.0 116281.8242
2361.74 2361.74 0.0 116176.6191
2375.88 2375.88 0.0 116073.0977
2390.02 2390.02 0.0 115971.0400
2404.16 2404.16 0.0 115870.3184
2418.31 2418.31 0.0 115770.7285
2432.45 2432.45 0.0 115672.2852
2446.59 2446.59 0.0 115574.7754
2460.73 2460.73 0.0 115478.0674
2474.87 2474.87 0.0 115381.9951
2489.02 2489.02 0.0 115286.3467
2503.16 2503.16 0.0 115191.1025
2517.3 2517.3 0.0 115096.0332
2531.44 2531.44 0.0 115000.9570
2545.58 2545.58 0.0 114905.6895
2559.73 2559.73 0.0 114809.9902
2573.87 2573.87 0.0 114713.7998
2588.01 2588.01 0.0 114616.8613
2602.15 2602.15 0.0 114518.9639
2616.3 2616.3 0.0 114419.8232
2630.44 2630.44 0.0 114319.3770
2644.58 2644.58 0.0 114217.3271
2658.72 2658.72 0.0 114113.4678
2672.86 2672.86 0.0 114007.5791
2687.01 2687.01 0.0 113899.3682
2701.15 2701.15 0.0 113788.7783
2715.29 2715.29 0.0 113675.5488
2729.43 2729.43 0.0 113559.4668
2743.57 2743.57 0.0 113440.3760
2757.72 2757.72 0.0 113318.0361
2771.86 2771.86 0.0 113192.4746
2786.0 2786.0 0.0 113063.5166
2800.14 2800.14 0.0 112931.0537
2814.28 2814.28 0.0 112795.0557
2828.43 2828.43 0.0 112655.4189
2842.57 2842.57 0.0 112512.3486
2856.71 2856.71 0.0 112365.8262
2870.85 2870.85 0.0 112215.9951
2885.0 2885.0 0.0 112062.9238
2899.14 2899.14 0.0 111907.0674
2913.28 2913.28 0.0 111748.6348
2927.42 2927.42 0.0 111588.0088
2941.56 2941.56 0.0 111425.6572
2955.71 2955.71 0.0 111261.9824
2969.85 2969.85 0.0 111097.8457
2983.99 2983.99 0.0 110933.7988
2998.13 2998.13 0.0 110770.5859
3012.27 3012.27 0.0 110609.0059
3026.42 3026.42 0.0 110449.7773
3040.56 3040.56 0.0 110293.9590
3054.7 3054.7 0.0 110142.2617
3068.84 3068.84 0.0 109995.4648
3082.99 3082.99 0.0 109854.2158
3097.13 3097.13 0.0 109719.3115
3111.27 3111.27 0.0 109591.1738
3125.41 3125.41 0.0 109470.1729
3139.55 3139.55 0.0 109356.5469
3153.7 3153.7 0.0 109250.3169
3167.84 3167.84 0.0 109151.5713
3181.98 3181.98 0.0 109060.0542
3196.12 3196.12 0.0 108975.4658
3210.26 3210.26 0.0 108897.4116
3224.41 3224.41 0.0 108825.3765
3238.55 3238.55 0.0 108758.9561
3252.69 3252.69 0.0 108697.5581
3266.83 3266.83 0.0 108640.6235
3280.98 3280.98 0.0 108587.5864
3295.12 3295.12 0.0 108537.9927
3309.26 3309.26 0.0 108491.3130
3323.4 3323.4 0.0 108447.1035
3337.54 3337.54 0.0 108404.9419
3351.69 3351.69 0.0 108364.4331
3365.83 3365.83 0.0 108325.3062
3379.97 3379.97 0.0 108287.2368
3394.11 3394.11 0.0 108249.9653
3408.25 3408.25 0.0 108213.2798
3422.4 3422.4 0.0 108176.9536
3436.54 3436.54 0.0 108140.8794
3450.68 3450.68 0.0 108104.8828
3464.82 3464.82 0.0 108068.8408
3478.97 3478.97 0.0 108032.6172
3493.11 3493.11 0.0 107996.1816
3507.25 3507.25 0.0 107959.4321
3521.39 3521.39 0.0 107922.3140
3535.53 3535.53 0.0 107884.7822
3549.68 3549.68 0.0 107846.7876
3563.82 3563.82 0.0 107808.3652
3577.96 3577.96 0.0 107769.5039
3592.1 3592.1 0.0 107730.2173
3606.24 3606.24 0.0 107690.5576
3620.39 3620.39 0.0 107650.5415
3634.53 3634.53 0.0 107610.3164
3648.67 3648.67 0.0 107569.9331
3662.81 3662.81 0.0 107529.4932
3676.96 3676.96 0.0 107489.0835
3691.1 3691.1 0.0 107448.8828
3705.24 3705.24 0.0 107408.9756
3719.38 3719.38 0.0 107369.4888
3733.52 3733.52 0.0 107330.5342
3747.67 3747.67 0.0 107292.1987
3761.81 3761.81 0.0 107254.6343
3775.95 3775.95 0.0 107217.8887
3790.09 3790.09 0.0 107182.0215
3804.23 3804.23 0.0 107147.0977
3818.38 3818.38 0.0 107113.1104
3832.52 3832.52 0.0 107080.1357
3846.66 3846.66 0.0 107048.1265
3860.8 3860.8 0.0 107017.0781
3874.95 3874.95 0.0 106986.9482
3889.09 3889.09 0.0 106957.7241
3903.23 3903.23 0.0 106929.3491
3917.37 3917.37 0.0 106901.7661
3931.51 3931.51 0.0 106874.9097
3945.66 3945.66 0.0 106848.7261
3959.8 3959.8 0.0 106823.1724
3973.94 3973.94 0.0 106798.1792
3988.08 3988.08 0.0 106773.6982
4002.22 4002.22 0.0 106749.6807
4016.37 4016.37 0.0 106726.0581
4030.51 4030.51 0.0 106702.8247
4044.65 4044.65 0.0 106679.9355
4058.79 4058.79 0.0 106657.3486
4072.94 4072.94 0.0 106635.0264
4087.08 4087.08 0.0 106612.9785
4101.22 4101.22 0.0 106591.1646
4115.36 4115.36 0.0 106569.5796
4129.5 4129.5 0.0 106548.2051
4143.65 4143.65 0.0 106527.0259
4157.79 4157.79 0.0 106506.0562
4171.93 4171.93 0.0 106485.2783
4186.07 4186.07 0.0 106464.6938
4200.21 4200.21 0.0 106444.3003
4214.36 4214.36 0.0 106424.0845
4228.5 4228.5 0.0 106404.0771
4242.64 4242.64 0.0 106384.2559
4256.78 4256.78 0.0 106364.6367
4270.92 4270.92 0.0 106345.2100
4285.07 4285.07 0.0 106325.9653
4299.21 4299.21 0.0 106306.9365
4313.35 4313.35 0.0 106288.1138
4327.49 4327.49 0.0 106269.4946
4341.64 4341.64 0.0 106251.0664
4355.78 4355.78 0.0 106232.8604
4369.92 4369.92 0.0 106214.8550
4384.06 4384.06 0.0 106197.0610
4398.2 4398.2 0.0 106179.4771
4412.35 4412.35 0.0 106162.0884
4426.49 4426.49 0.0 106144.9165
4440.63 4440.63 0.0 106127.9551
4454.77 4454.77 0.0 106111.1982
4468.91 4468.91 0.0 106094.6401
4483.06 4483.06 0.0 106078.2778
4497.2 4497.2 0.0 106062.1265
4511.34 4511.34 0.0 106046.1782
4525.48 4525.48 0.0 106030.4268
4539.63 4539.63 0.0 106014.8550
4553.77 4553.77 0.0 105999.4902
4567.91 4567.91 0.0 105984.3115
4582.05 4582.05 0.0 105969.3228
4596.19 4596.19 0.0 105954.5166
4610.34 4610.34 0.0 105939.8843
4624.48 4624.48 0.0 105925.4385
4638.62 4638.62 0.0 105911.1670
4652.76 4652.76 0.0 105897.0698
4666.9 4666.9 0.0 105883.1416
4681.05 4681.05 0.0 105869.3726
4695.19 4695.19 0.0 105855.7749
4709.33 4709.33 0.0 105842.3374
4723.47 4723.47 0.0 105829.0537
4737.62 4737.62 0.0 105815.9238
4751.76 4751.76 0.0 105802.9473
4765.9 4765.9 0.0 105790.1216
4780.04 4780.04 0.0 105777.4375
4794.18 4794.18 0.0 105764.8931
4808.33 4808.33 0.0 105752.4897
4822.47 4822.47 0.0 105740.2217
4836.61 4836.61 0.0 105728.0879
4850.75 4850.75 0.0 105716.0811
4864.89 4864.89 0.0 105704.2056
4879.04 4879.04 0.0 105692.4424
4893.18 4893.18 0.0 105680.8062
4907.32 4907.32 0.0 105669.2925
4921.46 4921.46 0.0 105657.8975
4935.61 4935.61 0.0 105646.5986
4949.75 4949.75 0.0 105635.4180
4963.89 4963.89 0.0 105624.3491
4978.03 4978.03 0.0 105613.3794
4992.17 4992.17 0.0 105602.5137
5006.32 5006.32 0.0 105591.7383
5020.46 5020.46 0.0 105581.0645
5034.6 5034.6 0.0 105570.4878
5048.74 5048.74 0.0 105559.9985
5062.88 5062.88 0.0 105549.6011
5077.03 5077.03 0.0 105539.2788
5091.17 5091.17 0.0 105529.0527
5105.31 5105.31 0.0 105518.9004
5119.45 5119.45 0.0 105508.8325
5133.6 5133.6 0.0 105498.8325
5147.74 5147.74 0.0 105488.9160
5161.88 5161.88 0.0 105479.0723
5176.02 5176.02 0.0 105469.2915
5190.16 5190.16 0.0 105459.5825
5204.31 5204.31 0.0 105449.9336
5218.45 5218.45 0.0 105440.3540
5232.59 5232.59 0.0 105430.8374
5246.73 5246.73 0.0 105421.3828
5260.87 5260.87 0.0 105411.9839
5275.02 5275.02 0.0 105402.6338
5289.16 5289.16 0.0 105393.3425
5303.3 5303.3 0.0 105384.1067
5317.44 5317.44 0.0 105374.9187
5331.59 5331.59 0.0 105365.7781
5345.73 5345.73 0.0 105356.6895
5359.87 5359.87 0.0 105347.6477
5374.01 5374.01 0.0 105338.6492
5388.15 5388.15 0.0 105329.6936
5402.3 5402.3 0.0 105320.7729
5416.44 5416.44 0.0 105311.8970
5430.58 5430.58 0.0 105303.0647
5444.72 5444.72 0.0 105294.2661
5458.86 5458.86 0.0 105285.5051
5473.01 5473.01 0.0 105276.7754
5487.15 5487.15 0.0 105268.0833
5501.29 5501.29 0.0 105259.4248
5515.43 5515.43 0.0 105250.7988
5529.58 5529.58 0.0 105242.1990
5543.72 5543.72 0.0 105233.6313
5557.86 5557.86 0.0 105225.0969
5572.0 5572.0 0.0 105216.5867
5586.14 5586.14 0.0 105208.1101
5600.29 5600.29 0.0 105199.6497
5614.43 5614.43 0.0 105191.2263
5628.57 5628.57 0.0 105182.8247
5642.71 5642.71 0.0 105174.4490
5656.85 5656.85 0.0 105166.0981
5671.0 5671.0 0.0 105157.7625
5685.14 5685.14 0.0 105149.4624
5699.28 5699.28 0.0 105141.1807
5713.42 5713.42 0.0 105132.9255
5727.56 5727.56 0.0 105124.6885
5741.71 5741.71 0.0 105116.4692
5755.85 5755.85 0.0 105108.2769
5769.99 5769.99 0.0 105100.1052
5784.13 5784.13 0.0 105091.9570
5798.28 5798.28 0.0 105083.8264
5812.42 5812.42 0.0 105075.7202
5826.56 5826.56 0.0 105067.6353
5840.7 5840.7 0.0 105059.5674
5854.84 5854.84 0.0 105051.5261
5868.99 5868.99 0.0 105043.4980
5883.13 5883.13 0.0 105035.4949
5897.27 5897.27 0.0 105027.5142
5911.41 5911.41 0.0 105019.5554
5925.55 5925.55 0.0 105011.6191
5939.7 5939.7 0.0 105003.6951
5953.84 5953.84 0.0 104995.7981
5967.98 5967.98 0.0 104987.9233
5982.12 5982.12 0.0 104980.0706
5996.27 5996.27 0.0 104972.2349
6010.41 6010.41 0.0 104964.4243
6024.55 6024.55 0.0 104956.6357
6038.69 6038.69 0.0 104948.8743
6052.83 6052.83 0.0 104941.1309
6066.98 6066.98 0.0 104933.4109
6081.12 6081.12 0.0 104925.7144
6095.26 6095.26 0.0 104918.0444
6109.4 6109.4 0.0 104910.3943
6123.54 6123.54 0.0 104902.7737
6137.69 6137.69 0.0 104895.1694
6151.83 6151.83 0.0 104887.5952
6165.97 6165.97 0.0 104880.0466
6180.11 6180.11 0.0 104872.5247
6194.26 6194.26 0.0 104865.0215
6208.4 6208.4 0.0 104857.5496
6222.54 6222.54 0.0 104850.1050
6236.68 6236.68 0.0 104842.6882
6250.82 6250.82 0.0 104835.2981
6264.97 6264.97 0.0 104827.9275
6279.11 6279.11 0.0 104820.5918
6293.25 6293.25 0.0 104813.2815
6307.39 6307.39 0.0 104806.0029
6321.53 6321.53 0.0 104798.7512
6335.68 6335.68 0.0 104791.5227
6349.82 6349.82 0.0 104784.3293
6363.96 6363.96 0.0 104777.1672
6378.1 6378.1 0.0 104770.0310
6392.25 6392.25 0.0 104762.9211
6406.39 6406.39 0.0 104755.8459
6420.53 6420.53 0.0 104748.8044
6434.67 6434.67 0.0 104741.7903
6448.81 6448.81 0.0 104734.8069
6462.96 6462.96 0.0 104727.8506
6477.1 6477.1 0.0 104720.9312
6491.24 6491.24 0.0 104714.0420
6505.38 6505.38 0.0 104707.1860
6519.52 6519.52 0.0 104700.3582
6533.67 6533.67 0.0 104693.5620
6547.81 6547.81 0.0 104686.8003
6561.95 6561.95 0.0 104680.0728
6576.09 6576.09 0.0 104673.3745
6590.24 6590.24 0.0 104666.7056
6604.38 6604.38 0.0 104660.0754
6618.52 6618.52 0.0 104653.4775
6632.66 6632.66 0.0 104646.9114
6646.8 6646.8 0.0 104640.3787
6660.95 6660.95 0.0 104633.8730
6675.09 6675.09 0.0 104627.4070
6689.23 6689.23 0.0 104620.9768
6703.37 6703.37 0.0 104614.5737
6717.51 6717.51 0.0 104608.2078
6731.66 6731.66 0.0 104601.8679
6745.8 6745.8 0.0 104595.5688
6759.94 6759.94 0.0 104589.2986
6774.08 6774.08 0.0 104583.0654
6788.23 6788.23 0.0 104576.8579
6802.37 6802.37 0.0 104570.6882
6816.51 6816.51 0.0 104564.5535
6830.65 6830.65 0.0 104558.4458
6844.79 6844.79 0.0 104552.3789
6858.94 6858.94 0.0 104546.3340
6873.08 6873.08 0.0 104540.3281
6887.22 6887.22 0.0 104534.3542
6901.36 6901.36 0.0 104528.4165
6915.5 6915.5 0.0 104522.5063
6929.65 6929.65 0.0 104516.6250
6943.79 6943.79 0.0 104510.7822
6957.93 6957.93 0.0 104504.9675
6972.07 6972.07 0.0 104499.1868
6986.21 6986.21 0.0 104493.4346
7000.36 7000.36 0.0 104487.7122
7014.5 7014.5 0.0 104482.0210
7028.64 7028.64 0.0 104476.3674
7042.78 7042.78 0.0 104470.7417
7056.93 7056.93 0.0 104465.1423
7071.07 7071.07 0.0 104459.5740
7085.21 7085.21 0.0 104454.0393
7099.35 7099.35 0.0 104448.5354
7113.49 7113.49 0.0 104443.0574
7127.64 7127.64 0.0 104437.6079
7141.78 7141.78 0.0 104432.1917
7155.92 7155.92 0.0 104426.8027
7170.06 7170.06 0.0 104421.4424
7184.2 7184.2 0.0 104416.1135
7198.35 7198.35 0.0 104410.8052
7212.49 7212.49 0.0 104405.5293
7226.63 7226.63 0.0 104400.2817
7240.77 7240.77 0.0 104395.0637
7254.92 7254.92 0.0 104389.8687
7269.06 7269.06 0.0 104384.7031
7283.2 7283.2 0.0 104379.5652
7297.34 7297.34 0.0 104374.4519
7311.48 7311.48 0.0 104369.3643
7325.63 7325.63 0.0 104364.3057
7339.77 7339.77 0.0 104359.2725
7353.91 7353.91 0.0 104354.2607
7368.05 7368.05 0.0 104349.2788
7382.19 7382.19 0.0 104344.3225
7396.34 7396.34 0.0 104339.3855
7410.48 7410.48 0.0 104334.4771
7424.62 7424.62 0.0 104329.5918
7438.76 7438.76 0.0 104324.7334
7452.91 7452.91 0.0 104319.8911
7467.05 7467.05 0.0 104315.0781
7481.19 7481.19 0.0 104310.2900
7495.33 7495.33 0.0 104305.5237
7509.47 7509.47 0.0 104300.7793
7523.62 7523.62 0.0 104296.0520
7537.76 7537.76 0.0 104291.3538
7551.9 7551.9 0.0 104286.6782
7566.04 7566.04 0.0 104282.0200
7580.18 7580.18 0.0 104277.3857
7594.33 7594.33 0.0 104272.7715
7608.47 7608.47 0.0 104268.1787
7622.61 7622.61 0.0 104263.6079
7636.75 7636.75 0.0 104259.0586
7650.9 7650.9 0.0 104254.5273
7665.04 7665.04 0.0 104250.0186
7679.18 7679.18 0.0 104245.5276
7693.32 7693.32 0.0 104241.0576
7707.46 7707.46 0.0 104236.6096
7721.61 7721.61 0.0 104232.1738
7735.75 7735.75 0.0 104227.7629
7749.89 7749.89 0.0 104223.3711
7764.03 7764.03 0.0 104218.9980
7778.17 7778.17 0.0 104214.6416
