0.0 0.0 0.0 0
14.1421 14.1421 0.0 0
28.2843 28.2843 0.0 0
42.4264 42.4264 0.0 0
56.5685 56.5685 0.0 0
70.7107 70.7107 0.0 0
84.8528 84.8528 0.0 0
98.9949 98.9949 0.0 0
113.137 113.137 0.0 0
127.279 127.279 0.0 0
141.421 141.421 0.0 0
155.563 155.563 0.0 0
169.706 169.706 0.0 0
183.848 183.848 0.0 0
197.99 197.99 0.0 0
212.132 212.132 0.0 0
226.274 226.274 0.0 0
240.416 240.416 0.0 0
254.558 254.558 0.0 0
268.701 268.701 0.0 0
282.843 282.843 0.0 0
296.985 296.985 0.0 0
311.127 311.127 0.0 0
325.269 325.269 0.0 0
339.411 339.411 0.0 0
353.553 353.553 0.0 0
367.696 367.696 0.0 0
381.838 381.838 0.0 0
395.98 395.98 0.0 0
410.122 410.122 0.0 0
424.264 424.264 0.0 0
438.406 438.406 0.0 0
452.548 452.548 0.0 0
466.69 466.69 0.0 0
480.833 480.833 0.0 0
494.975 494.975 0.0 0
509.117 509.117 0.0 0
523.259 523.259 0.0 0
537.401 537.401 0.0 0
551.543 551.543 0.0 0
565.685 565.685 0.0 0
579.828 579.828 0.0 0
593.97 593.97 0.0 0
608.112 608.112 0.0 0
622.254 622.254 0.0 0
636.396 636.396 0.0 0
650.538 650.538 0.0 0
664.68 664.68 0.0 0
678.823 678.823 0.0 0
692.965 692.965 0.0 0
707.107 707.107 0.0 0
721.249 721.249 0.0 0
735.391 735.391 0.0 0
749.533 749.533 0.0 0
763.675 763.675 0.0 0
777.817 777.817 0.0 0
791.96 791.96 0.0 0
806.102 806.102 0.0 0
820.244 820.244 0.0 0
834.386 834.386 0.0 0
848.528 848.528 0.0 0
862.67 862.67 0.0 0
876.812 876.812 0.0 0
890.955 890.955 0.0 0
905.097 905.097 0.0 0
919.239 919.239 0.0 0
933.381 933.381 0.0 0
947.523 947.523 0.0 0
961.665 961.665 0.0 0
975.807 975.807 0.0 0
989.949 989.949 0.0 0
1004.09 1004.09 0.0 0
1018.23 1018.23 0.0 0
1032.38 1032.38 0.0 0
1046.52 1046.52 0.0 0
1060.66 1060.66 0.0 0
1074.8 1074.8 0.0 0
1088.94 1088.94 0.0 0
1103.09 1103.09 0.0 0
1117.23 1117.23 0.0 0
1131.37 1131.37 0.0 12560.7
1145.51 1145.51 0.0 12560.7
1159.66 1159.66 0.0 12808.0
1173.8 1173.8 0.0 12977.3
1187.94 1187.94 0.0 12977.3
1202.08 1202.08 0.0 13096.9
1216.22 1216.22 0.0 13144.6
1230.37 1230.37 0.0 13144.6
1244.51 1244.51 0.0 13105.7
1258.65 1258.65 0.0 13024.3
1272.79 1272.79 0.0 13024.3
1286.93 1286.93 0.0 12939.6
1301.08 1301.08 0.0 12855.7
1315.22 1315.22 0.0 12855.7
1329.36 1329.36 0.0 12772.9
1343.5 1343.5 0.0 12691.5
1357.65 1357.65 0.0 12691.5
1371.79 1371.79 0.0 12611.3
1385.93 1385.93 0.0 12532.4
1400.07 1400.07 0.0 12532.4
1414.21 1414.21 0.0 12454.8
1428.36 1428.36 0.0 12378.4
1442.5 1442.5 0.0 12378.4
1456.64 1456.64 0.0 12303.4
1470.78 1470.78 0.0 12229.6
1484.92 1484.92 0.0 12229.6
1499.07 1499.07 0.0 12157.0
1513.21 1513.21 0.0 12085.5
1527.35 1527.35 0.0 12085.5
1541.49 1541.49 0.0 12015.3
1555.63 1555.63 0.0 11946.1
1569.78 1569.78 0.0 11946.1
1583.92 1583.92 0.0 11878.0
1598.06 1598.06 0.0 11811.1
1612.2 1612.2 0.0 11811.1
1626.35 1626.35 0.0 11745.1
1640.49 1640.49 0.0 11680.3
1654.63 1654.63 0.0 11680.3
1668.77 1668.77 0.0 11616.4
1682.91 1682.91 0.0 11553.5
1697.06 1697.06 0.0 11553.5
1711.2 1711.2 0.0 11491.6
1725.34 1725.34 0.0 11430.7
1739.48 1739.48 0.0 11430.7
1753.62 1753.62 0.0 11370.6
1767.77 1767.77 0.0 11311.3
1781.91 1781.91 0.0 11311.3
1796.05 1796.05 0.0 11252.9
1810.19 1810.19 0.0 11195.2
1824.34 1824.34 0.0 11195.2
1838.48 1838.48 0.0 11138.3
1852.62 1852.62 0.0 11082.2
1866.76 1866.76 0.0 11082.2
1880.9 1880.9 0.0 11026.8
1895.05 1895.05 0.0 10972.2
1909.19 1909.19 0.0 10972.2
1923.33 1923.33 0.0 10918.2
1937.47 1937.47 0.0 10865.0
1951.61 1951.61 0.0 10865.0
1965.76 1965.76 0.0 10812.5
1979.9 1979.9 0.0 10760.7
1994.04 1994.04 0.0 10760.7
2008.18 2008.18 0.0 10709.5
2022.33 2022.33 0.0 10659.0
2036.47 2036.47 0.0 10659.0
2050.61 2050.61 0.0 10609.1
2064.75 2064.75 0.0 10559.8
2078.89 2078.89 0.0 10559.8
2093.04 2093.04 0.0 10511.2
2107.18 2107.18 0.0 10463.1
2121.32 2121.32 0.0 10463.1
2135.46 2135.46 0.0 10415.6
2149.6 2149.6 0.0 10368.4
2163.75 2163.75 0.0 10368.4
2177.89 2177.89 0.0 10320.9
2192.03 2192.03 0.0 10273.3
2206.17 2206.17 0.0 10273.3
2220.32 2220.32 0.0 10225.5
2234.46 2234.46 0.0 10177.5
2248.6 2248.6 0.0 10177.5
2262.74 2262.74 0.0 10129.3
2276.88 2276.88 0.0 10080.9
2291.03 2291.03 0.0 10080.9
2305.17 2305.17 0.0 10032.3
2319.31 2319.31 0.0 9983.49
2333.45 2333.45 0.0 9983.49
2347.59 2347.59 0.0 9934.43
2361.74 2361.74 0.0 9885.14
2375.88 2375.88 0.0 9885.14
2390.02 2390.02 0.0 9835.6
2404.16 2404.16 0.0 9785.8
2418.31 2418.31 0.0 9785.8
2432.45 2432.45 0.0 9735.75
2446.59 2446.59 0.0 9685.43
2460.73 2460.73 0.0 9685.43
2474.87 2474.87 0.0 9634.84
2489.02 2489.02 0.0 9583.97
2503.16 2503.16 0.0 9583.97
2517.3 2517.3 0.0 9532.81
2531.44 2531.44 0.0 9481.35
2545.58 2545.58 0.0 9481.35
2559.73 2559.73 0.0 9429.59
2573.87 2573.87 0.0 9377.52
2588.01 2588.01 0.0 9377.52
2602.15 2602.15 0.0 9325.14
2616.3 2616.3 0.0 9272.42
2630.44 2630.44 0.0 9272.42
2644.58 2644.58 0.0 9219.36
2658.72 2658.72 0.0 9165.97
2672.86 2672.86 0.0 9165.97
2687.01 2687.01 0.0 9112.23
2701.15 2701.15 0.0 9058.14
2715.29 2715.29 0.0 9058.14
2729.43 2729.43 0.0 9003.68
2743.57 2743.57 0.0 8948.85
2757.72 2757.72 0.0 8948.85
2771.86 2771.86 0.0 8893.65
2786.0 2786.0 0.0 8838.06
2800.14 2800.14 0.0 8838.06
2814.28 2814.28 0.0 8782.07
2828.43 2828.43 0.0 8725.7
2842.57 2842.57 0.0 8725.7
2856.71 2856.71 0.0 8668.92
2870.85 2870.85 0.0 8611.73
2885.0 2885.0 0.0 8611.73
2899.14 2899.14 0.0 8554.13
2913.28 2913.28 0.0 8496.11
2927.42 2927.42 0.0 8496.11
2941.56 2941.56 0.0 8437.66
2955.71 2955.71 0.0 8378.78
2969.85 2969.85 0.0 8378.78
2983.99 2983.99 0.0 8319.45
2998.13 2998.13 0.0 8259.68
3012.27 3012.27 0.0 8259.68
3026.42 3026.42 0.0 8199.46
3040.56 3040.56 0.0 8138.78
3054.7 3054.7 0.0 8138.78
3068.84 3068.84 0.0 8077.64
3082.99 3082.99 0.0 8016.02
3097.13 3097.13 0.0 8016.02
3111.27 3111.27 0.0 7953.92
3125.41 3125.41 0.0 7891.33
3139.55 3139.55 0.0 7891.33
3153.7 3153.7 0.0 7828.25
3167.84 3167.84 0.0 7764.68
3181.98 3181.98 0.0 7764.68
3196.12 3196.12 0.0 7700.59
3210.26 3210.26 0.0 7636.0
3224.41 3224.41 0.0 7636.0
3238.55 3238.55 0.0 7570.89
3252.69 3252.69 0.0 7505.26
3266.83 3266.83 0.0 7505.26
3280.98 3280.98 0.0 7439.1
3295.12 3295.12 0.0 7372.4
3309.26 3309.26 0.0 7372.4
3323.4 3323.4 0.0 7305.16
3337.54 3337.54 0.0 7237.37
3351.69 3351.69 0.0 7237.37
3365.83 3365.83 0.0 7169.03
3379.97 3379.97 0.0 7100.13
3394.11 3394.11 0.0 7100.13
3408.25 3408.25 0.0 7030.67
3422.4 3422.4 0.0 6960.64
3436.54 3436.54 0.0 6960.64
3450.68 3450.68 0.0 6890.03
3464.82 3464.82 0.0 6818.84
3478.97 3478.97 0.0 6818.84
3493.11 3493.11 0.0 6747.07
3507.25 3507.25 0.0 6674.69
3521.39 3521.39 0.0 6674.69
3535.53 3535.53 0.0 6601.71
3549.68 3549.68 0.0 6528.11
3563.82 3563.82 0.0 6528.11
3577.96 3577.96 0.0 6453.9
3592.1 3592.1 0.0 6379.05
3606.24 3606.24 0.0 6379.05
3620.39 3620.39 0.0 6303.56
3634.53 3634.53 0.0 6227.43
3648.67 3648.67 0.0 6227.43
3662.81 3662.81 0.0 6150.64
3676.96 3676.96 0.0 6073.18
3691.1 3691.1 0.0 6073.18
3705.24 3705.24 0.0 5995.06
3719.38 3719.38 0.0 5916.27
3733.52 3733.52 0.0 5916.27
3747.67 3747.67 0.0 5836.81
3761.81 3761.81 0.0 5756.67
3775.95 3775.95 0.0 5756.67
3790.09 3790.09 0.0 5675.84
3804.23 3804.23 0.0 5594.33
3818.38 3818.38 0.0 5594.33
3832.52 3832.52 0.0 5512.14
3846.66 3846.66 0.0 5429.24
3860.8 3860.8 0.0 5429.24
3874.95 3874.95 0.0 5345.65
3889.09 3889.09 0.0 5261.36
3903.23 3903.23 0.0 5261.36
3917.37 3917.37 0.0 5176.35
3931.51 3931.51 0.0 5090.63
3945.66 3945.66 0.0 5090.63
3959.8 3959.8 0.0 5004.18
3973.94 3973.94 0.0 4917.0
3988.08 3988.08 0.0 4917.0
4002.22 4002.22 0.0 4829.08
4016.37 4016.37 0.0 4740.43
4030.51 4030.51 0.0 4740.43
4044.65 4044.65 0.0 4651.04
4058.79 4058.79 0.0 4560.89
4072.94 4072.94 0.0 4560.89
4087.08 4087.08 0.0 4470.0
4101.22 4101.22 0.0 4378.34
4115.36 4115.36 0.0 4378.34
4129.5 4129.5 0.0 4285.91
4143.65 4143.65 0.0 4192.69
4157.79 4157.79 0.0 4192.69
4171.93 4171.93 0.0 4098.7
4186.07 4186.07 0.0 4003.92
4200.21 4200.21 0.0 4003.92
4214.36 4214.36 0.0 3908.35
4228.5 4228.5 0.0 3811.95
4242.64 4242.64 0.0 3811.95
