0.0 0.0 0.0 48498.5
70.7107 70.7107 0.0 41686.6
141.421 141.421 0.0 28468.4
212.132 212.132 0.0 19665.5
282.843 282.843 0.0 15232.5
353.553 353.553 0.0 12448.9
424.264 424.264 0.0 11066.3
494.975 494.975 0.0 9561.15
565.685 565.685 0.0 8565.77
636.396 636.396 0.0 8133.09
707.107 707.107 0.0 7359.49
777.817 777.817 0.0 7436.29
848.528 848.528 0.0 6780.96
919.239 919.239 0.0 6358.75
989.949 989.949 0.0 6136.03
1060.66 1060.66 0.0 5748.42
1131.37 1131.37 0.0 5519.8
1202.08 1202.08 0.0 5278.4
1272.79 1272.79 0.0 5156.31
1343.5 1343.5 0.0 5058.81
1414.21 1414.21 0.0 4854.43
1484.92 1484.92 0.0 4754.47
1555.63 1555.63 0.0 4565.39
1626.35 1626.35 0.0 4476.61
1697.06 1697.06 0.0 4391.61
1767.77 1767.77 0.0 4231.29
1838.48 1838.48 0.0 4155.29
1909.19 1909.19 0.0 4011.24
1979.9 1979.9 0.0 3943.04
2050.61 2050.61 0.0 3813.32
2121.32 2121.32 0.0 3751.61
2192.03 2192.03 0.0 3692.03
2262.74 2262.74 0.0 3578.32
2333.45 2333.45 0.0 3524.0
2404.16 2404.16 0.0 3419.81
2474.87 2474.87 0.0 3369.85
2545.58 2545.58 0.0 3321.13
2616.3 2616.3 0.0 3227.45
2687.01 2687.01 0.0 3182.25
2757.72 2757.72 0.0 3095.01
2828.43 2828.43 0.0 3052.99
2899.14 2899.14 0.0 3011.88
2969.85 2969.85 0.0 2932.23
3040.56 3040.56 0.0 2893.7
3111.27 3111.27 0.0 2819.07
3181.98 3181.98 0.0 2782.84
3252.69 3252.69 0.0 2712.44
3323.4 3323.4 0.0 2678.28
3394.11 3394.11 0.0 2644.76
3464.82 3464.82 0.0 2579.45
3535.53 3535.53 0.0 2547.73
3606.24 3606.24 0.0 2485.9
3676.96 3676.96 0.0 2455.78
3747.67 3747.67 0.0 2426.13
3818.38 3818.38 0.0 2368.29
3889.09 3889.09 0.0 2340.06
3959.8 3959.8 0.0 2284.9
4030.51 4030.51 0.0 2257.9
4101.22 4101.22 0.0 2205.24
4171.93 4171.93 0.0 2179.45
4242.64 4242.64 0.0 2153.98
4313.35 4313.35 0.0 2104.16
4384.06 4384.06 0.0 2079.77
4454.77 4454.77 0.0 2031.93
4525.48 4525.48 0.0 2008.49
4596.19 4596.19 0.0 1985.38
4666.9 4666.9 0.0 1939.97
4737.62 4737.62 0.0 1917.67
4808.33 4808.33 0.0 1873.97
4879.04 4879.04 0.0 1852.46
4949.75 4949.75 0.0 1830.01
5020.46 5020.46 0.0 1791.13
5091.17 5091.17 0.0 1802.19
5161.88 5161.88 0.0 1930.85
5232.59 5232.59 0.0 2027.34
5303.3 5303.3 0.0 2255.77
5374.01 5374.01 0.0 2355.42
5444.72 5444.72 0.0 2418.67
5515.43 5515.43 0.0 0
5586.14 5586.14 0.0 0
5656.85 5656.85 0.0 0
5727.56 5727.56 0.0 0
5798.28 5798.28 0.0 0
5868.99 5868.99 0.0 0
5939.7 5939.7 0.0 0
6010.41 6010.41 0.0 0
6081.12 6081.12 0.0 0
6151.83 6151.83 0.0 0
6222.54 6222.54 0.0 0
6293.25 6293.25 0.0 0
6363.96 6363.96 0.0 0
6434.67 6434.67 0.0 0
6505.38 6505.38 0.0 0
6576.09 6576.09 0.0 0
6646.8 6646.8 0.0 0
6717.51 6717.51 0.0 0
6788.23 6788.23 0.0 0
6858.94 6858.94 0.0 0
6929.65 6929.65 0.0 0
7000.36 7000.36 0.0 0
7071.07 7071.07 0.0 0
7141.78 7141.78 0.0 0
7212.49 7212.49 0.0 0
7283.2 7283.2 0.0 0
7353.91 7353.91 0.0 0
7424.62 7424.62 0.0 0
7495.33 7495.33 0.0 0
7566.04 7566.04 0.0 0
7636.75 7636.75 0.0 0
7707.46 7707.46 0.0 0
7778.17 7778.17 0.0 0
