0.0 0.0 0.0 17276.8
70.7107 70.7107 0.0 16845.5
141.421 141.421 0.0 15571.2
212.132 212.132 0.0 13804.8
282.843 282.843 0.0 12112.2
353.553 353.553 0.0 10660.6
424.264 424.264 0.0 9824.21
494.975 494.975 0.0 8748.64
565.685 565.685 0.0 7823.41
636.396 636.396 0.0 7145.35
707.107 707.107 0.0 6084.49
777.817 777.817 0.0 5676.69
848.528 848.528 0.0 5369.23
919.239 919.239 0.0 4811.14
989.949 989.949 0.0 4508.66
1060.66 1060.66 0.0 4298.58
1131.37 1131.37 0.0 4162.78
1202.08 1202.08 0.0 3901.96
1272.79 1272.79 0.0 3783.82
1343.5 1343.5 0.0 3672.36
1414.21 1414.21 0.0 3465.26
1484.92 1484.92 0.0 3367.77
1555.63 1555.63 0.0 3184.11
1626.35 1626.35 0.0 3097.14
1697.06 1697.06 0.0 3012.84
1767.77 1767.77 0.0 2851.72
1838.48 1838.48 0.0 2775.01
1909.19 1909.19 0.0 2629.62
1979.9 1979.9 0.0 2560.93
2050.61 2050.61 0.0 2431.91
2121.32 2121.32 0.0 2371.71
2192.03 2192.03 0.0 2314.28
2262.74 2262.74 0.0 2208.0
2333.45 2333.45 0.0 2158.96
2404.16 2404.16 0.0 2068.48
2474.87 2474.87 0.0 2026.89
2545.58 2545.58 0.0 1987.49
2616.3 2616.3 0.0 1914.55
2687.01 2687.01 0.0 1880.77
2757.72 2757.72 0.0 1817.8
2828.43 2828.43 0.0 1788.33
2899.14 2899.14 0.0 1760.02
2969.85 2969.85 0.0 1706.58
3040.56 3040.56 0.0 1681.22
3111.27 3111.27 0.0 1632.76
3181.98 3181.98 0.0 1609.54
3252.69 3252.69 0.0 1564.9
3323.4 3323.4 0.0 1543.3
3394.11 3394.11 0.0 1522.14
3464.82 3464.82 0.0 1481.01
3535.53 3535.53 0.0 1460.91
3606.24 3606.24 0.0 1421.44
3676.96 3676.96 0.0 1402.08
3747.67 3747.67 0.0 1382.96
3818.38 3818.38 0.0 1345.25
3889.09 3889.09 0.0 1326.64
3959.8 3959.8 0.0 1289.97
4030.51 4030.51 0.0 1271.84
4101.22 4101.22 0.0 1235.9
4171.93 4171.93 0.0 1218.17
4242.64 4242.64 0.0 1200.57
4313.35 4313.35 0.0 1165.68
4384.06 4384.06 0.0 1148.43
4454.77 4454.77 0.0 1114.36
4525.48 4525.48 0.0 1097.51
4596.19 4596.19 0.0 1080.75
4666.9 4666.9 0.0 1047.71
4737.62 4737.62 0.0 1031.41
4808.33 4808.33 0.0 999.252
4879.04 4879.04 0.0 983.215
4949.75 4949.75 0.0 966.583
5020.46 5020.46 0.0 940.152
5091.17 5091.17 0.0 949.422
5161.88 5161.88 0.0 1031.26
5232.59 5232.59 0.0 1090.56
5303.3 5303.3 0.0 1226.55
5374.01 5374.01 0.0 1281.97
5444.72 5444.72 0.0 1315.62
5515.43 5515.43 0.0 0
5586.14 5586.14 0.0 0
5656.85 5656.85 0.0 0
5727.56 5727.56 0.0 0
5798.28 5798.28 0.0 0
5868.99 5868.99 0.0 0
5939.7 5939.7 0.0 0
6010.41 6010.41 0.0 0
6081.12 6081.12 0.0 0
6151.83 6151.83 0.0 0
6222.54 6222.54 0.0 0
6293.25 6293.25 0.0 0
6363.96 6363.96 0.0 0
6434.67 6434.67 0.0 0
6505.38 6505.38 0.0 0
6576.09 6576.09 0.0 0
6646.8 6646.8 0.0 0
6717.51 6717.51 0.0 0
6788.23 6788.23 0.0 0
6858.94 6858.94 0.0 0
6929.65 6929.65 0.0 0
7000.36 7000.36 0.0 0
7071.07 7071.07 0.0 0
7141.78 7141.78 0.0 0
7212.49 7212.49 0.0 0
7283.2 7283.2 0.0 0
7353.91 7353.91 0.0 0
7424.62 7424.62 0.0 0
7495.33 7495.33 0.0 0
7566.04 7566.04 0.0 0
7636.75 7636.75 0.0 0
7707.46 7707.46 0.0 0
7778.17 7778.17 0.0 0
