0.0 0.0 0.0 73020.9
70.7107 70.7107 0.0 73020.9
141.421 141.421 0.0 71687.8
212.132 212.132 0.0 68805.7
282.843 282.843 0.0 65533.2
353.553 353.553 0.0 61344.7
424.264 424.264 0.0 57472.3
494.975 494.975 0.0 52998.7
565.685 565.685 0.0 49182.1
636.396 636.396 0.0 45515.7
707.107 707.107 0.0 42172.9
777.817 777.817 0.0 39214.5
848.528 848.528 0.0 36635.1
919.239 919.239 0.0 34315.4
989.949 989.949 0.0 32274.8
1060.66 1060.66 0.0 30414.4
1131.37 1131.37 0.0 28774.0
1202.08 1202.08 0.0 27236.9
1272.79 1272.79 0.0 27236.9
1343.5 1343.5 0.0 25893.5
1414.21 1414.21 0.0 24612.2
1484.92 1484.92 0.0 23505.3
1555.63 1555.63 0.0 22419.4
1626.35 1626.35 0.0 21477.1
1697.06 1697.06 0.0 20539.9
1767.77 1767.77 0.0 19728.7
1838.48 1838.48 0.0 18901.6
1909.19 1909.19 0.0 18166.5
1979.9 1979.9 0.0 17065.4
2050.61 2050.61 0.0 17377.8
2121.32 2121.32 0.0 15649.0
2192.03 2192.03 0.0 15812.1
2262.74 2262.74 0.0 14389.3
2333.45 2333.45 0.0 15067.3
2404.16 2404.16 0.0 13451.4
2474.87 2474.87 0.0 13451.4
2545.58 2545.58 0.0 13477.0
2616.3 2616.3 0.0 12363.2
2687.01 2687.01 0.0 12585.8
2757.72 2757.72 0.0 11251.1
2828.43 2828.43 0.0 11251.1
2899.14 2899.14 0.0 10666.4
2969.85 2969.85 0.0 10666.4
3040.56 3040.56 0.0 10148.3
3111.27 3111.27 0.0 10148.3
3181.98 3181.98 0.0 9850.89
3252.69 3252.69 0.0 9850.89
3323.4 3323.4 0.0 9542.34
3394.11 3394.11 0.0 9542.34
3464.82 3464.82 0.0 9242.9
3535.53 3535.53 0.0 9242.9
3606.24 3606.24 0.0 8968.93
3676.96 3676.96 0.0 8968.93
3747.67 3747.67 0.0 8968.93
3818.38 3818.38 0.0 8712.05
3889.09 3889.09 0.0 8712.05
3959.8 3959.8 0.0 8468.16
4030.51 4030.51 0.0 8468.16
4101.22 4101.22 0.0 8234.31
4171.93 4171.93 0.0 8234.31
4242.64 4242.64 0.0 8009.54
4313.35 4313.35 0.0 8009.54
4384.06 4384.06 0.0 7793.74
4454.77 4454.77 0.0 7793.74
4525.48 4525.48 0.0 7587.5
4596.19 4596.19 0.0 7587.5
4666.9 4666.9 0.0 7389.61
4737.62 4737.62 0.0 7389.61
4808.33 4808.33 0.0 7201.24
4879.04 4879.04 0.0 7201.24
4949.75 4949.75 0.0 7201.24
5020.46 5020.46 0.0 7023.42
5091.17 5091.17 0.0 7023.42
5161.88 5161.88 0.0 6855.66
5232.59 5232.59 0.0 6855.66
5303.3 5303.3 0.0 6698.51
5374.01 5374.01 0.0 6698.51
5444.72 5444.72 0.0 6552.35
5515.43 5515.43 0.0 6552.35
5586.14 5586.14 0.0 6415.59
5656.85 5656.85 0.0 6415.59
5727.56 5727.56 0.0 6287.3
5798.28 5798.28 0.0 6287.3
5868.99 5868.99 0.0 6166.87
5939.7 5939.7 0.0 6166.87
6010.41 6010.41 0.0 6052.53
6081.12 6081.12 0.0 6052.53
6151.83 6151.83 0.0 5938.73
6222.54 6222.54 0.0 5938.73
6293.25 6293.25 0.0 5938.73
6363.96 6363.96 0.0 5835.05
6434.67 6434.67 0.0 5835.05
6505.38 6505.38 0.0 5818.34
6576.09 6576.09 0.0 5818.34
6646.8 6646.8 0.0 5975.56
6717.51 6717.51 0.0 5975.56
6788.23 6788.23 0.0 6249.39
6858.94 6858.94 0.0 6249.39
6929.65 6929.65 0.0 6609.26
7000.36 7000.36 0.0 6609.26
7071.07 7071.07 0.0 6975.95
7141.78 7141.78 0.0 6975.95
7212.49 7212.49 0.0 7252.23
7283.2 7283.2 0.0 7252.23
7353.91 7353.91 0.0 7216.77
7424.62 7424.62 0.0 7216.77
7495.33 7495.33 0.0 7216.77
7566.04 7566.04 0.0 0
7636.75 7636.75 0.0 0
7707.46 7707.46 0.0 0
7778.17 7778.17 0.0 0
