0.0 0.0 0.0 272544.6719
14.1421 14.1421 0.0 290534.7031
28.2843 28.2843 0.0 281771.8438
42.4264 42.4264 0.0 270994.1875
56.5685 56.5685 0.0 259329.5312
70.7107 70.7107 0.0 247115.0625
84.8528 84.8528 0.0 234756.8750
98.9949 98.9949 0.0 222737.9219
113.137 113.137 0.0 211486.7109
127.279 127.279 0.0 201297.8281
141.421 141.421 0.0 192289.0000
155.563 155.563 0.0 184420.2500
169.706 169.706 0.0 177557.5547
183.848 183.848 0.0 171538.4297
197.99 197.99 0.0 166209.5508
212.132 212.132 0.0 161446.0039
226.274 226.274 0.0 157152.2461
240.416 240.416 0.0 153257.3008
254.558 254.558 0.0 149708.4805
268.701 268.701 0.0 146465.3750
282.843 282.843 0.0 143496.6797
296.985 296.985 0.0 140775.8242
311.127 311.127 0.0 138280.2578
325.269 325.269 0.0 135989.9844
339.411 339.411 0.0 133887.0586
353.553 353.553 0.0 131955.0137
367.696 367.696 0.0 130178.7969
381.838 381.838 0.0 128544.9922
395.98 395.98 0.0 127040.9746
410.122 410.122 0.0 125655.3613
424.264 424.264 0.0 124377.7285
438.406 438.406 0.0 123198.6191
452.548 452.548 0.0 122109.3398
466.69 466.69 0.0 121101.7734
480.833 480.833 0.0 120168.2480
494.975 494.975 0.0 119301.4883
509.117 509.117 0.0 118494.1934
523.259 523.259 0.0 117738.9629
537.401 537.401 0.0 117028.3613
551.543 551.543 0.0 116354.9424
565.685 565.685 0.0 115711.5840
579.828 579.828 0.0 115092.0879
593.97 593.97 0.0 114492.0977
608.112 608.112 0.0 113909.5605
622.254 622.254 0.0 113345.3535
636.396 636.396 0.0 112803.0303
650.538 650.538 0.0 112287.9004
664.68 664.68 0.0 111805.5381
678.823 678.823 0.0 111359.9062
692.965 692.965 0.0 110951.6621
707.107 707.107 0.0 110576.5684
721.249 721.249 0.0 110225.1299
735.391 735.391 0.0 109883.7578
749.533 749.533 0.0 109538.5488
763.675 763.675 0.0 109181.0542
777.817 777.817 0.0 108813.8091
791.96 791.96 0.0 108451.6602
806.102 806.102 0.0 108116.7754
820.244 820.244 0.0 107829.5083
834.386 834.386 0.0 107600.7480
848.528 848.528 0.0 107429.5361
862.67 862.67 0.0 107305.8545
876.812 876.812 0.0 107215.7065
890.955 890.955 0.0 107145.5752
905.097 905.097 0.0 107085.0000
919.239 919.239 0.0 107027.2715
933.381 933.381 0.0 106968.9790
947.523 947.523 0.0 106909.0898
961.665 961.665 0.0 106847.9697
975.807 975.807 0.0 106786.6255
989.949 989.949 0.0 106726.1167
1004.09 1004.09 0.0 106667.3042
1018.23 1018.23 0.0 106610.7334
1032.38 1032.38 0.0 106556.5757
1046.52 1046.52 0.0 106504.8784
1060.66 1060.66 0.0 106455.3838
1074.8 1074.8 0.0 106407.7646
1088.94 1088.94 0.0 106361.6509
1103.09 1103.09 0.0 106316.6138
1117.23 1117.23 0.0 106272.3408
1131.37 1131.37 0.0 106228.4692
1145.51 1145.51 0.0 106184.7173
1159.66 1159.66 0.0 106140.8647
1173.8 1173.8 0.0 106096.8867
1187.94 1187.94 0.0 106052.7900
1202.08 1202.08 0.0 106008.7256
1216.22 1216.22 0.0 105964.9673
1230.37 1230.37 0.0 105921.8662
1244.51 1244.51 0.0 105879.8745
1258.65 1258.65 0.0 105839.3750
1272.79 1272.79 0.0 105800.6733
1286.93 1286.93 0.0 105763.9873
1301.08 1301.08 0.0 105729.3325
1315.22 1315.22 0.0 105696.6582
1329.36 1329.36 0.0 105665.7139
1343.5 1343.5 0.0 105636.1753
1357.65 1357.65 0.0 105607.6724
1371.79 1371.79 0.0 105579.9058
1385.93 1385.93 0.0 105552.5649
1400.07 1400.07 0.0 105525.4375
1414.21 1414.21 0.0 105498.3784
1428.36 1428.36 0.0 105471.3037
1442.5 1442.5 0.0 105444.2451
1456.64 1456.64 0.0 105417.2244
1470.78 1470.78 0.0 105390.3022
1484.92 1484.92 0.0 105363.5657
1499.07 1499.07 0.0 105337.0581
1513.21 1513.21 0.0 105310.9084
1527.35 1527.35 0.0 105285.1582
1541.49 1541.49 0.0 105259.8594
1555.63 1555.63 0.0 105235.0493
1569.78 1569.78 0.0 105210.7463
1583.92 1583.92 0.0 105186.9966
1598.06 1598.06 0.0 105163.7974
1612.2 1612.2 0.0 105141.1516
1626.35 1626.35 0.0 105119.0378
1640.49 1640.49 0.0 105097.4812
1654.63 1654.63 0.0 105076.4612
1668.77 1668.77 0.0 105055.9573
1682.91 1682.91 0.0 105035.9524
1697.06 1697.06 0.0 105016.4268
1711.2 1711.2 0.0 104997.3850
1725.34 1725.34 0.0 104978.7939
1739.48 1739.48 0.0 104960.6394
1753.62 1753.62 0.0 104942.8972
1767.77 1767.77 0.0 104925.5430
1781.91 1781.91 0.0 104908.5769
1796.05 1796.05 0.0 104891.9675
1810.19 1810.19 0.0 104875.7007
1824.34 1824.34 0.0 104859.7446
1838.48 1838.48 0.0 104844.1050
1852.62 1852.62 0.0 104828.7510
1866.76 1866.76 0.0 104813.6633
1880.9 1880.9 0.0 104798.8257
1895.05 1895.05 0.0 104784.2124
1909.19 1909.19 0.0 104769.8296
1923.33 1923.33 0.0 104755.6467
1937.47 1937.47 0.0 104741.6504
1951.61 1951.61 0.0 104727.8264
1965.76 1965.76 0.0 104714.1516
1979.9 1979.9 0.0 104700.6328
1994.04 1994.04 0.0 104687.2468
2008.18 2008.18 0.0 104673.9836
2022.33 2022.33 0.0 104660.8250
2036.47 2036.47 0.0 104647.7717
2050.61 2050.61 0.0 104634.8169
2064.75 2064.75 0.0 104621.9438
2078.89 2078.89 0.0 104609.1519
2093.04 2093.04 0.0 104596.4192
2107.18 2107.18 0.0 104583.7600
2121.32 2121.32 0.0 104571.1641
2135.46 2135.46 0.0 104558.6230
2149.6 2149.6 0.0 104546.1331
2163.75 2163.75 0.0 104533.6855
2177.89 2177.89 0.0 104521.2947
2192.03 2192.03 0.0 104508.9490
2206.17 2206.17 0.0 104496.6521
2220.32 2220.32 0.0 104484.3862
2234.46 2234.46 0.0 104472.1736
2248.6 2248.6 0.0 104460.0129
2262.74 2262.74 0.0 104447.8960
2276.88 2276.88 0.0 104435.8286
2291.03 2291.03 0.0 104423.8108
2305.17 2305.17 0.0 104411.8513
2319.31 2319.31 0.0 104399.9509
2333.45 2333.45 0.0 104388.1140
2347.59 2347.59 0.0 104376.3413
2361.74 2361.74 0.0 104364.6367
2375.88 2375.88 0.0 104353.0132
2390.02 2390.02 0.0 104341.4731
2404.16 2404.16 0.0 104330.0181
2418.31 2418.31 0.0 104318.6479
2432.45 2432.45 0.0 104307.3806
2446.59 2446.59 0.0 104296.2178
2460.73 2460.73 0.0 104285.1584
2474.87 2474.87 0.0 104274.2161
2489.02 2489.02 0.0 104263.3813
2503.16 2503.16 0.0 104252.6743
2517.3 2517.3 0.0 104242.0935
2531.44 2531.44 0.0 104231.6394
2545.58 2545.58 0.0 104221.3210
2559.73 2559.73 0.0 104211.1270
2573.87 2573.87 0.0 104201.0752
2588.01 2588.01 0.0 104191.1614
2602.15 2602.15 0.0 104181.3901
2616.3 2616.3 0.0 104171.7456
2630.44 2630.44 0.0 104162.2473
2644.58 2644.58 0.0 104152.8894
2658.72 2658.72 0.0 104143.6672
2672.86 2672.86 0.0 104134.5781
2687.01 2687.01 0.0 104125.6130
2701.15 2701.15 0.0 104116.7878
2715.29 2715.29 0.0 104108.0862
2729.43 2729.43 0.0 104099.5090
2743.57 2743.57 0.0 104091.0547
2757.72 2757.72 0.0 104082.7063
2771.86 2771.86 0.0 104074.4795
2786.0 2786.0 0.0 104066.3599
2800.14 2800.14 0.0 104058.3450
2814.28 2814.28 0.0 104050.4321
2828.43 2828.43 0.0 104042.6074
2842.57 2842.57 0.0 104034.8821
2856.71 2856.71 0.0 104027.2407
2870.85 2870.85 0.0 104019.6848
2885.0 2885.0 0.0 104012.2039
2899.14 2899.14 0.0 104004.8040
2913.28 2913.28 0.0 103997.4773
2927.42 2927.42 0.0 103990.2205
2941.56 2941.56 0.0 103983.0237
2955.71 2955.71 0.0 103975.8906
2969.85 2969.85 0.0 103968.8193
2983.99 2983.99 0.0 103961.8035
2998.13 2998.13 0.0 103954.8416
3012.27 3012.27 0.0 103947.9312
3026.42 3026.42 0.0 103941.0640
3040.56 3040.56 0.0 103934.2498
3054.7 3054.7 0.0 103927.4778
3068.84 3068.84 0.0 103920.7507
3082.99 3082.99 0.0 103914.0581
3097.13 3097.13 0.0 103907.4097
3111.27 3111.27 0.0 103900.7983
3125.41 3125.41 0.0 103894.2268
3139.55 3139.55 0.0 103887.6882
3153.7 3153.7 0.0 103881.1755
3167.84 3167.84 0.0 103874.7039
3181.98 3181.98 0.0 103868.2656
3196.12 3196.12 0.0 103861.8560
3210.26 3210.26 0.0 103855.4763
3224.41 3224.41 0.0 103849.1238
3238.55 3238.55 0.0 103842.8040
3252.69 3252.69 0.0 103836.5144
3266.83 3266.83 0.0 103830.2488
3280.98 3280.98 0.0 103824.0110
3295.12 3295.12 0.0 103817.8010
3309.26 3309.26 0.0 103811.6189
3323.4 3323.4 0.0 103805.4636
3337.54 3337.54 0.0 103799.3354
3351.69 3351.69 0.0 103793.2295
3365.83 3365.83 0.0 103787.1538
3379.97 3379.97 0.0 103781.1038
3394.11 3394.11 0.0 103775.0786
3408.25 3408.25 0.0 103769.0779
3422.4 3422.4 0.0 103763.0964
3436.54 3436.54 0.0 103757.1482
3450.68 3450.68 0.0 103751.2222
3464.82 3464.82 0.0 103745.3225
3478.97 3478.97 0.0 103739.4429
3493.11 3493.11 0.0 103733.5901
3507.25 3507.25 0.0 103727.7629
3521.39 3521.39 0.0 103721.9612
3535.53 3535.53 0.0 103716.1780
3549.68 3549.68 0.0 103710.4211
3563.82 3563.82 0.0 103704.6873
3577.96 3577.96 0.0 103698.9800
3592.1 3592.1 0.0 103693.2971
3606.24 3606.24 0.0 103687.6370
3620.39 3620.39 0.0 103681.9927
3634.53 3634.53 0.0 103676.3774
3648.67 3648.67 0.0 103670.7837
3662.81 3662.81 0.0 103665.2163
3676.96 3676.96 0.0 103659.6665
3691.1 3691.1 0.0 103654.1389
3705.24 3705.24 0.0 103648.6353
3719.38 3719.38 0.0 103643.1536
3733.52 3733.52 0.0 103637.6946
3747.67 3747.67 0.0 103632.2498
3761.81 3761.81 0.0 103626.8352
3775.95 3775.95 0.0 103621.4375
3790.09 3790.09 0.0 103616.0635
3804.23 3804.23 0.0 103610.7078
3818.38 3818.38 0.0 103605.3684
3832.52 3832.52 0.0 103600.0547
3846.66 3846.66 0.0 103594.7603
3860.8 3860.8 0.0 103589.4844
3874.95 3874.95 0.0 103584.2246
3889.09 3889.09 0.0 103578.9861
3903.23 3903.23 0.0 103573.7690
3917.37 3917.37 0.0 103568.5706
3931.51 3931.51 0.0 103563.3896
3945.66 3945.66 0.0 103558.2205
3959.8 3959.8 0.0 103553.0737
3973.94 3973.94 0.0 103547.9475
3988.08 3988.08 0.0 103542.8374
4002.22 4002.22 0.0 103537.7419
4016.37 4016.37 0.0 103532.6604
4030.51 4030.51 0.0 103527.6030
4044.65 4044.65 0.0 103522.5596
4058.79 4058.79 0.0 103517.5303
4072.94 4072.94 0.0 103512.5151
4087.08 4087.08 0.0 103507.5183
4101.22 4101.22 0.0 103502.5393
4115.36 4115.36 0.0 103497.5713
4129.5 4129.5 0.0 103492.6245
4143.65 4143.65 0.0 103487.6836
4157.79 4157.79 0.0 103482.7607
4171.93 4171.93 0.0 103477.8545
4186.07 4186.07 0.0 103472.9614
4200.21 4200.21 0.0 103468.0828
4214.36 4214.36 0.0 103463.2129
4228.5 4228.5 0.0 103458.3621
4242.64 4242.64 0.0 103453.5244
