0.0 0.0 0.0 1467177.3750
14.1421 14.1421 0.0 2318519.7500
28.2843 28.2843 0.0 2235934.2500
42.4264 42.4264 0.0 2029203.7500
56.5685 56.5685 0.0 1762573.5000
70.7107 70.7107 0.0 1468554.7500
84.8528 84.8528 0.0 1177995.1250
98.9949 98.9949 0.0 921388.5625
113.137 113.137 0.0 718847.5000
127.279 127.279 0.0 574075.8750
141.421 141.421 0.0 476901.2812
155.563 155.563 0.0 411719.4688
169.706 169.706 0.0 365236.6562
183.848 183.848 0.0 329369.9688
197.99 197.99 0.0 300164.0312
212.132 212.132 0.0 275840.7500
226.274 226.274 0.0 255486.6406
240.416 240.416 0.0 238462.7031
254.558 254.558 0.0 224214.9844
268.701 268.701 0.0 212243.0547
282.843 282.843 0.0 202112.4609
296.985 296.985 0.0 193458.6094
311.127 311.127 0.0 185989.3984
325.269 325.269 0.0 179475.9844
339.411 339.411 0.0 173741.7188
353.553 353.553 0.0 168650.7734
367.696 367.696 0.0 164097.9375
381.838 381.838 0.0 160002.3242
395.98 395.98 0.0 156299.2305
410.122 410.122 0.0 152936.9531
424.264 424.264 0.0 149873.4141
438.406 438.406 0.0 147073.6953
452.548 452.548 0.0 144508.3984
466.69 466.69 0.0 142152.3242
480.833 480.833 0.0 139983.7891
494.975 494.975 0.0 137984.1836
509.117 509.117 0.0 136136.7383
523.259 523.259 0.0 134426.9727
537.401 537.401 0.0 132841.8613
551.543 551.543 0.0 131369.9473
565.685 565.685 0.0 130000.9707
579.828 579.828 0.0 128725.7578
593.97 593.97 0.0 127536.3125
608.112 608.112 0.0 126425.2656
622.254 622.254 0.0 125386.1465
636.396 636.396 0.0 124413.1328
650.538 650.538 0.0 123501.0645
664.68 664.68 0.0 122645.2988
678.823 678.823 0.0 121841.7188
692.965 692.965 0.0 121086.8418
707.107 707.107 0.0 120377.4570
721.249 721.249 0.0 119710.8984
735.391 735.391 0.0 119085.0234
749.533 749.533 0.0 118498.1230
763.675 763.675 0.0 117949.0684
777.817 777.817 0.0 117437.2861
791.96 791.96 0.0 116962.6357
806.102 806.102 0.0 116525.4541
820.244 820.244 0.0 116125.9111
834.386 834.386 0.0 115763.5430
848.528 848.528 0.0 115436.2930
862.67 862.67 0.0 115139.5732
876.812 876.812 0.0 114866.1709
890.955 890.955 0.0 114607.7227
905.097 905.097 0.0 114358.6816
919.239 919.239 0.0 114120.4014
933.381 933.381 0.0 113902.5146
947.523 947.523 0.0 113718.3252
961.665 961.665 0.0 113576.6719
975.807 975.807 0.0 113475.8291
989.949 989.949 0.0 113403.7441
1004.09 1004.09 0.0 113343.4277
1018.23 1018.23 0.0 113279.6357
1032.38 1032.38 0.0 113203.2568
1046.52 1046.52 0.0 113112.6260
1060.66 1060.66 0.0 113011.7725
1074.8 1074.8 0.0 112907.9990
1088.94 1088.94 0.0 112809.1436
1103.09 1103.09 0.0 112721.4102
1117.23 1117.23 0.0 112648.6104
1131.37 1131.37 0.0 112591.4551
1145.51 1145.51 0.0 112548.3193
1159.66 1159.66 0.0 112515.8301
1173.8 1173.8 0.0 112489.6455
1187.94 1187.94 0.0 112465.0391
1202.08 1202.08 0.0 112437.4561
1216.22 1216.22 0.0 112402.7422
1230.37 1230.37 0.0 112357.3320
1244.51 1244.51 0.0 112298.4336
1258.65 1258.65 0.0 112223.8740
1272.79 1272.79 0.0 112132.1533
1286.93 1286.93 0.0 112022.4814
1301.08 1301.08 0.0 111894.5625
1315.22 1315.22 0.0 111749.0156
1329.36 1329.36 0.0 111586.7344
1343.5 1343.5 0.0 111409.2383
1357.65 1357.65 0.0 111218.3760
1371.79 1371.79 0.0 111016.8145
1385.93 1385.93 0.0 110807.0967
1400.07 1400.07 0.0 110592.1611
1414.21 1414.21 0.0 110375.0322
1428.36 1428.36 0.0 110158.5469
1442.5 1442.5 0.0 109945.8994
1456.64 1456.64 0.0 109739.5479
1470.78 1470.78 0.0 109541.7949
1484.92 1484.92 0.0 109354.5029
1499.07 1499.07 0.0 109178.9346
1513.21 1513.21 0.0 109016.2573
1527.35 1527.35 0.0 108866.7324
1541.49 1541.49 0.0 108730.3271
1555.63 1555.63 0.0 108606.5786
1569.78 1569.78 0.0 108494.6538
1583.92 1583.92 0.0 108393.6943
1598.06 1598.06 0.0 108302.4546
1612.2 1612.2 0.0 108219.7051
1626.35 1626.35 0.0 108144.1748
1640.49 1640.49 0.0 108074.8174
1654.63 1654.63 0.0 108010.5210
1668.77 1668.77 0.0 107950.3667
1682.91 1682.91 0.0 107893.5679
1697.06 1697.06 0.0 107839.4272
1711.2 1711.2 0.0 107787.5186
1725.34 1725.34 0.0 107737.3940
1739.48 1739.48 0.0 107688.7271
1753.62 1753.62 0.0 107641.2725
1767.77 1767.77 0.0 107594.8267
1781.91 1781.91 0.0 107549.3125
1796.05 1796.05 0.0 107504.6006
1810.19 1810.19 0.0 107460.6055
1824.34 1824.34 0.0 107417.2500
1838.48 1838.48 0.0 107374.5483
1852.62 1852.62 0.0 107332.4243
1866.76 1866.76 0.0 107290.8657
1880.9 1880.9 0.0 107249.8467
1895.05 1895.05 0.0 107209.3271
1909.19 1909.19 0.0 107169.3452
1923.33 1923.33 0.0 107129.8770
1937.47 1937.47 0.0 107090.9160
1951.61 1951.61 0.0 107052.4556
1965.76 1965.76 0.0 107014.4810
1979.9 1979.9 0.0 106977.0522
1994.04 1994.04 0.0 106940.1445
2008.18 2008.18 0.0 106903.7739
2022.33 2022.33 0.0 106867.9233
2036.47 2036.47 0.0 106832.6636
2050.61 2050.61 0.0 106797.9761
2064.75 2064.75 0.0 106763.8745
2078.89 2078.89 0.0 106730.3828
2093.04 2093.04 0.0 106697.4927
2107.18 2107.18 0.0 106665.2515
2121.32 2121.32 0.0 106633.6655
2135.46 2135.46 0.0 106602.7378
2149.6 2149.6 0.0 106572.4790
2163.75 2163.75 0.0 106542.8867
2177.89 2177.89 0.0 106513.9990
2192.03 2192.03 0.0 106485.8032
2206.17 2206.17 0.0 106458.3052
2220.32 2220.32 0.0 106431.4775
2234.46 2234.46 0.0 106405.3599
2248.6 2248.6 0.0 106379.9287
2262.74 2262.74 0.0 106355.1675
2276.88 2276.88 0.0 106331.0601
2291.03 2291.03 0.0 106307.5762
2305.17 2305.17 0.0 106284.7295
2319.31 2319.31 0.0 106262.4648
2333.45 2333.45 0.0 106240.7676
2347.59 2347.59 0.0 106219.5952
2361.74 2361.74 0.0 106198.9014
2375.88 2375.88 0.0 106178.6738
2390.02 2390.02 0.0 106158.8608
2404.16 2404.16 0.0 106139.4077
2418.31 2418.31 0.0 106120.2637
2432.45 2432.45 0.0 106101.4067
2446.59 2446.59 0.0 106082.7705
2460.73 2460.73 0.0 106064.3076
2474.87 2474.87 0.0 106045.9873
2489.02 2489.02 0.0 106027.7236
2503.16 2503.16 0.0 106009.5166
2517.3 2517.3 0.0 105991.3071
2531.44 2531.44 0.0 105973.0576
2545.58 2545.58 0.0 105954.7407
2559.73 2559.73 0.0 105936.3096
2573.87 2573.87 0.0 105917.7695
2588.01 2588.01 0.0 105899.0889
2602.15 2602.15 0.0 105880.2563
2616.3 2616.3 0.0 105861.2554
2630.44 2630.44 0.0 105842.1118
2644.58 2644.58 0.0 105822.8198
2658.72 2658.72 0.0 105803.3892
2672.86 2672.86 0.0 105783.8379
2687.01 2687.01 0.0 105764.1753
2701.15 2701.15 0.0 105744.4546
2715.29 2715.29 0.0 105724.6914
2729.43 2729.43 0.0 105704.9204
2743.57 2743.57 0.0 105685.1733
2757.72 2757.72 0.0 105665.4766
2771.86 2771.86 0.0 105645.8906
2786.0 2786.0 0.0 105626.4448
2800.14 2800.14 0.0 105607.1670
2814.28 2814.28 0.0 105588.1016
2828.43 2828.43 0.0 105569.2661
2842.57 2842.57 0.0 105550.7148
2856.71 2856.71 0.0 105532.4707
2870.85 2870.85 0.0 105514.5522
2885.0 2885.0 0.0 105496.9766
2899.14 2899.14 0.0 105479.7822
2913.28 2913.28 0.0 105462.9795
2927.42 2927.42 0.0 105446.5781
2941.56 2941.56 0.0 105430.5938
2955.71 2955.71 0.0 105415.0112
2969.85 2969.85 0.0 105399.8623
2983.99 2983.99 0.0 105385.1379
2998.13 2998.13 0.0 105370.8347
3012.27 3012.27 0.0 105356.9502
3026.42 3026.42 0.0 105343.4614
3040.56 3040.56 0.0 105330.3870
3054.7 3054.7 0.0 105317.7046
3068.84 3068.84 0.0 105305.3982
3082.99 3082.99 0.0 105293.4521
3097.13 3097.13 0.0 105281.8604
3111.27 3111.27 0.0 105270.6077
3125.41 3125.41 0.0 105259.6721
3139.55 3139.55 0.0 105249.0435
3153.7 3153.7 0.0 105238.6921
3167.84 3167.84 0.0 105228.6216
3181.98 3181.98 0.0 105218.7988
3196.12 3196.12 0.0 105209.2153
3210.26 3210.26 0.0 105199.8528
3224.41 3224.41 0.0 105190.6912
3238.55 3238.55 0.0 105181.7217
3252.69 3252.69 0.0 105172.9321
3266.83 3266.83 0.0 105164.2964
3280.98 3280.98 0.0 105155.8074
3295.12 3295.12 0.0 105147.4497
3309.26 3309.26 0.0 105139.2195
3323.4 3323.4 0.0 105131.0955
3337.54 3337.54 0.0 105123.0706
3351.69 3351.69 0.0 105115.1287
3365.83 3365.83 0.0 105107.2703
3379.97 3379.97 0.0 105099.4839
3394.11 3394.11 0.0 105091.7524
3408.25 3408.25 0.0 105084.0769
3422.4 3422.4 0.0 105076.4431
3436.54 3436.54 0.0 105068.8555
3450.68 3450.68 0.0 105061.3027
3464.82 3464.82 0.0 105053.7773
3478.97 3478.97 0.0 105046.2710
3493.11 3493.11 0.0 105038.7900
3507.25 3507.25 0.0 105031.3276
3521.39 3521.39 0.0 105023.8787
3535.53 3535.53 0.0 105016.4426
3549.68 3549.68 0.0 105009.0042
3563.82 3563.82 0.0 105001.5786
3577.96 3577.96 0.0 104994.1597
3592.1 3592.1 0.0 104986.7415
3606.24 3606.24 0.0 104979.3242
3620.39 3620.39 0.0 104971.9014
3634.53 3634.53 0.0 104964.4900
3648.67 3648.67 0.0 104957.0747
3662.81 3662.81 0.0 104949.6589
3676.96 3676.96 0.0 104942.2397
3691.1 3691.1 0.0 104934.8230
3705.24 3705.24 0.0 104927.4082
3719.38 3719.38 0.0 104919.9963
3733.52 3733.52 0.0 104912.5825
3747.67 3747.67 0.0 104905.1675
3761.81 3761.81 0.0 104897.7568
3775.95 3775.95 0.0 104890.3481
3790.09 3790.09 0.0 104882.9468
3804.23 3804.23 0.0 104875.5486
3818.38 3818.38 0.0 104868.1523
3832.52 3832.52 0.0 104860.7644
3846.66 3846.66 0.0 104853.3835
3860.8 3860.8 0.0 104846.0151
3874.95 3874.95 0.0 104838.6484
3889.09 3889.09 0.0 104831.2937
3903.23 3903.23 0.0 104823.9509
3917.37 3917.37 0.0 104816.6208
3931.51 3931.51 0.0 104809.2988
3945.66 3945.66 0.0 104801.9822
3959.8 3959.8 0.0 104794.6926
3973.94 3973.94 0.0 104787.4116
3988.08 3988.08 0.0 104780.1460
4002.22 4002.22 0.0 104772.8938
4016.37 4016.37 0.0 104765.6523
4030.51 4030.51 0.0 104758.4336
4044.65 4044.65 0.0 104751.2302
4058.79 4058.79 0.0 104744.0405
4072.94 4072.94 0.0 104736.8691
4087.08 4087.08 0.0 104729.7139
4101.22 4101.22 0.0 104722.5806
4115.36 4115.36 0.0 104715.4619
4129.5 4129.5 0.0 104708.3613
4143.65 4143.65 0.0 104701.2759
4157.79 4157.79 0.0 104694.2148
4171.93 4171.93 0.0 104687.1633
4186.07 4186.07 0.0 104680.1399
4200.21 4200.21 0.0 104673.1292
4214.36 4214.36 0.0 104666.1331
4228.5 4228.5 0.0 104659.1611
4242.64 4242.64 0.0 104652.2070
