0.0 0.0 0.0 1836215.6250
70.7107 70.7107 0.0 185346.2734
141.421 141.421 0.0 121082.6191
212.132 212.132 0.0 109505.5464
282.843 282.843 0.0 105602.8740
353.553 353.553 0.0 103969.7275
424.264 424.264 0.0 103165.1078
494.975 494.975 0.0 102723.1494
565.685 565.685 0.0 102463.3058
636.396 636.396 0.0 102255.8001
707.107 707.107 0.0 102066.9913
777.817 777.817 0.0 101943.8724
848.528 848.528 0.0 101873.0095
919.239 919.239 0.0 101832.0582
989.949 989.949 0.0 101807.4483
1060.66 1060.66 0.0 101790.9371
1131.37 1131.37 0.0 101776.9543
1202.08 1202.08 0.0 101761.4922
1272.79 1272.79 0.0 101742.2013
1343.5 1343.5 0.0 101719.0427
1414.21 1414.21 0.0 101694.1583
1484.92 1484.92 0.0 101670.4371
1555.63 1555.63 0.0 101649.9185
1626.35 1626.35 0.0 101633.2201
1697.06 1697.06 0.0 101619.9379
1767.77 1767.77 0.0 101609.2650
1838.48 1838.48 0.0 101600.4281
1909.19 1909.19 0.0 101592.8478
1979.9 1979.9 0.0 101586.1410
2050.61 2050.61 0.0 101580.0710
2121.32 2121.32 0.0 101574.4900
2192.03 2192.03 0.0 101569.2971
2262.74 2262.74 0.0 101564.4184
2333.45 2333.45 0.0 101559.7920
2404.16 2404.16 0.0 101555.3632
2474.87 2474.87 0.0 101551.0852
2545.58 2545.58 0.0 101546.9155
2616.3 2616.3 0.0 101542.8189
2687.01 2687.01 0.0 101538.7673
2757.72 2757.72 0.0 101534.7388
2828.43 2828.43 0.0 101530.7208
2899.14 2899.14 0.0 101526.7057
2969.85 2969.85 0.0 101522.6929
3040.56 3040.56 0.0 101518.6882
3111.27 3111.27 0.0 101514.7012
3181.98 3181.98 0.0 101510.7474
3252.69 3252.69 0.0 101506.8433
3323.4 3323.4 0.0 101503.0084
3394.11 3394.11 0.0 101499.2627
3464.82 3464.82 0.0 101495.6252
3535.53 3535.53 0.0 101492.1147
3606.24 3606.24 0.0 101488.7450
3676.96 3676.96 0.0 101485.5272
3747.67 3747.67 0.0 101482.4682
3818.38 3818.38 0.0 101479.5677
3889.09 3889.09 0.0 101476.8210
3959.8 3959.8 0.0 101474.2164
4030.51 4030.51 0.0 101471.7370
4101.22 4101.22 0.0 101469.3614
4171.93 4171.93 0.0 101467.0638
4242.64 4242.64 0.0 101464.8164
4313.35 4313.35 0.0 101462.5907
4384.06 4384.06 0.0 101460.3592
4454.77 4454.77 0.0 101458.0968
4525.48 4525.48 0.0 101455.7833
4596.19 4596.19 0.0 101453.4028
4666.9 4666.9 0.0 101450.9458
4737.62 4737.62 0.0 101448.4083
4808.33 4808.33 0.0 101445.7918
4879.04 4879.04 0.0 101443.1023
4949.75 4949.75 0.0 101440.3472
5020.46 5020.46 0.0 101437.5387
5091.17 5091.17 0.0 101434.6878
5161.88 5161.88 0.0 101431.8069
5232.59 5232.59 0.0 101428.9070
5303.3 5303.3 0.0 101425.9994
5374.01 5374.01 0.0 101423.0937
5444.72 5444.72 0.0 101420.1989
5515.43 5515.43 0.0 101417.3230
5586.14 5586.14 0.0 101414.4726
5656.85 5656.85 0.0 101411.6541
5727.56 5727.56 0.0 101408.8731
5798.28 5798.28 0.0 101406.1339
5868.99 5868.99 0.0 101403.4413
5939.7 5939.7 0.0 101400.7986
6010.41 6010.41 0.0 101398.2086
6081.12 6081.12 0.0 101395.6739
6151.83 6151.83 0.0 101393.1967
6222.54 6222.54 0.0 101390.7782
6293.25 6293.25 0.0 101388.4203
6363.96 6363.96 0.0 101386.1232
6434.67 6434.67 0.0 101383.8878
6505.38 6505.38 0.0 101381.7144
6576.09 6576.09 0.0 101379.6031
6646.8 6646.8 0.0 101377.5539
6717.51 6717.51 0.0 101375.5663
6788.23 6788.23 0.0 101373.6395
6858.94 6858.94 0.0 101371.7736
6929.65 6929.65 0.0 101369.9674
7000.36 7000.36 0.0 101368.2202
7071.07 7071.07 0.0 101366.5309
7141.78 7141.78 0.0 101364.8986
7212.49 7212.49 0.0 101363.3221
7283.2 7283.2 0.0 101361.8001
7353.91 7353.91 0.0 101360.3316
7424.62 7424.62 0.0 101358.9152
7495.33 7495.33 0.0 101357.5497
7566.04 7566.04 0.0 101356.2336
7636.75 7636.75 0.0 101354.9658
7707.46 7707.46 0.0 101353.7448
7778.17 7778.17 0.0 101352.5693
