0.0 0.0 0.0 203261.3281
14.1421 14.1421 0.0 203842.5469
28.2843 28.2843 0.0 204068.4453
42.4264 42.4264 0.0 204275.4141
56.5685 56.5685 0.0 204428.2344
70.7107 70.7107 0.0 204529.6953
84.8528 84.8528 0.0 204587.1250
98.9949 98.9949 0.0 204607.8516
113.137 113.137 0.0 204598.2344
127.279 127.279 0.0 204563.5234
141.421 141.421 0.0 204507.9766
155.563 155.563 0.0 204435.0938
169.706 169.706 0.0 204347.7031
183.848 183.848 0.0 204248.1328
197.99 197.99 0.0 204138.2188
212.132 212.132 0.0 204019.5078
226.274 226.274 0.0 203893.2344
240.416 240.416 0.0 203760.3906
254.558 254.558 0.0 203621.9297
268.701 268.701 0.0 203478.4219
282.843 282.843 0.0 203330.5469
296.985 296.985 0.0 203178.7266
311.127 311.127 0.0 203023.4609
325.269 325.269 0.0 202864.9375
339.411 339.411 0.0 202703.5234
353.553 353.553 0.0 202539.4453
367.696 367.696 0.0 202372.8203
381.838 381.838 0.0 202203.8906
395.98 395.98 0.0 202032.6484
410.122 410.122 0.0 201859.2891
424.264 424.264 0.0 201683.9141
438.406 438.406 0.0 201506.5312
452.548 452.548 0.0 201327.1875
466.69 466.69 0.0 201145.9219
480.833 480.833 0.0 200962.7031
494.975 494.975 0.0 200777.6641
509.117 509.117 0.0 200590.7266
523.259 523.259 0.0 200401.9453
537.401 537.401 0.0 200211.2656
551.543 551.543 0.0 200018.7734
565.685 565.685 0.0 199824.3984
579.828 579.828 0.0 199628.1875
593.97 593.97 0.0 199430.0469
608.112 608.112 0.0 199230.0703
622.254 622.254 0.0 199028.2812
636.396 636.396 0.0 198824.5703
650.538 650.538 0.0 198619.0469
664.68 664.68 0.0 198411.7266
678.823 678.823 0.0 198202.5781
692.965 692.965 0.0 197991.6406
707.107 707.107 0.0 197778.9219
721.249 721.249 0.0 197564.4453
735.391 735.391 0.0 197348.3281
749.533 749.533 0.0 197130.4922
763.675 763.675 0.0 196911.0781
777.817 777.817 0.0 196690.0469
791.96 791.96 0.0 196467.5391
806.102 806.102 0.0 196243.5234
820.244 820.244 0.0 196018.1562
834.386 834.386 0.0 195791.4062
848.528 848.528 0.0 195563.3594
862.67 862.67 0.0 195334.1094
876.812 876.812 0.0 195103.6797
890.955 890.955 0.0 194872.2266
905.097 905.097 0.0 194639.7344
919.239 919.239 0.0 194406.3516
933.381 933.381 0.0 194172.0781
947.523 947.523 0.0 193937.0547
961.665 961.665 0.0 193701.3359
975.807 975.807 0.0 193464.9531
989.949 989.949 0.0 193228.0625
1004.09 1004.09 0.0 192990.6797
1018.23 1018.23 0.0 192753.0000
1032.38 1032.38 0.0 192514.7266
1046.52 1046.52 0.0 192276.4375
1060.66 1060.66 0.0 192037.9141
1074.8 1074.8 0.0 191799.2891
1088.94 1088.94 0.0 191560.6016
1103.09 1103.09 0.0 191321.7266
1117.23 1117.23 0.0 191083.1406
1131.37 1131.37 0.0 190844.6328
1145.51 1145.51 0.0 190606.3828
1159.66 1159.66 0.0 190368.1406
1173.8 1173.8 0.0 190130.2812
1187.94 1187.94 0.0 189892.8203
1202.08 1202.08 0.0 189655.6875
1216.22 1216.22 0.0 189418.9453
1230.37 1230.37 0.0 189182.4141
1244.51 1244.51 0.0 188946.6250
1258.65 1258.65 0.0 188711.2188
1272.79 1272.79 0.0 188476.3125
1286.93 1286.93 0.0 188241.8906
1301.08 1301.08 0.0 188007.9141
1315.22 1315.22 0.0 187774.5547
1329.36 1329.36 0.0 187541.7969
1343.5 1343.5 0.0 187309.5469
1357.65 1357.65 0.0 187077.6953
1371.79 1371.79 0.0 186846.5234
1385.93 1385.93 0.0 186615.8750
1400.07 1400.07 0.0 186385.7734
1414.21 1414.21 0.0 186156.1641
1428.36 1428.36 0.0 185926.8672
1442.5 1442.5 0.0 185698.2031
1456.64 1456.64 0.0 185469.9609
1470.78 1470.78 0.0 185242.1328
1484.92 1484.92 0.0 185014.7500
1499.07 1499.07 0.0 184787.5703
1513.21 1513.21 0.0 184560.8828
1527.35 1527.35 0.0 184334.5156
1541.49 1541.49 0.0 184108.4375
1555.63 1555.63 0.0 183882.5938
1569.78 1569.78 0.0 183656.8438
1583.92 1583.92 0.0 183431.4766
1598.06 1598.06 0.0 183206.2734
1612.2 1612.2 0.0 182981.1641
1626.35 1626.35 0.0 182756.1016
1640.49 1640.49 0.0 182531.2344
1654.63 1654.63 0.0 182306.4141
1668.77 1668.77 0.0 182081.7500
1682.91 1682.91 0.0 181857.0547
1697.06 1697.06 0.0 181632.2344
1711.2 1711.2 0.0 181407.5859
1725.34 1725.34 0.0 181182.9375
1739.48 1739.48 0.0 180958.3125
1753.62 1753.62 0.0 180733.6641
1767.77 1767.77 0.0 180508.8906
1781.91 1781.91 0.0 180284.2500
1796.05 1796.05 0.0 180059.5938
1810.19 1810.19 0.0 179835.0156
1824.34 1824.34 0.0 179610.2656
1838.48 1838.48 0.0 179385.7266
1852.62 1852.62 0.0 179161.2656
1866.76 1866.76 0.0 178936.9219
1880.9 1880.9 0.0 178712.6562
1895.05 1895.05 0.0 178488.3984
1909.19 1909.19 0.0 178264.4609
1923.33 1923.33 0.0 178040.7266
1937.47 1937.47 0.0 177817.2344
1951.61 1951.61 0.0 177594.0312
1965.76 1965.76 0.0 177370.9062
1979.9 1979.9 0.0 177148.3672
1994.04 1994.04 0.0 176926.1719
2008.18 2008.18 0.0 176704.3828
2022.33 2022.33 0.0 176482.8672
2036.47 2036.47 0.0 176262.0156
2050.61 2050.61 0.0 176041.7266
2064.75 2064.75 0.0 175821.9297
2078.89 2078.89 0.0 175602.7422
2093.04 2093.04 0.0 175383.9688
2107.18 2107.18 0.0 175166.0547
2121.32 2121.32 0.0 174948.7578
2135.46 2135.46 0.0 174732.1562
2149.6 2149.6 0.0 174516.2656
2163.75 2163.75 0.0 174300.9844
2177.89 2177.89 0.0 174086.5312
2192.03 2192.03 0.0 173872.8906
2206.17 2206.17 0.0 173659.9688
2220.32 2220.32 0.0 173447.6797
2234.46 2234.46 0.0 173236.2891
2248.6 2248.6 0.0 173025.7266
2262.74 2262.74 0.0 172815.9297
2276.88 2276.88 0.0 172606.8906
2291.03 2291.03 0.0 172398.4297
2305.17 2305.17 0.0 172190.8594
2319.31 2319.31 0.0 171984.0625
2333.45 2333.45 0.0 171777.9609
2347.59 2347.59 0.0 171572.5938
2361.74 2361.74 0.0 171367.7891
2375.88 2375.88 0.0 171163.7344
2390.02 2390.02 0.0 170960.3672
2404.16 2404.16 0.0 170757.6328
2418.31 2418.31 0.0 170555.3281
2432.45 2432.45 0.0 170353.7500
2446.59 2446.59 0.0 170152.7422
2460.73 2460.73 0.0 169952.2422
2474.87 2474.87 0.0 169752.2422
2489.02 2489.02 0.0 169552.5781
2503.16 2503.16 0.0 169353.5156
2517.3 2517.3 0.0 169154.8828
2531.44 2531.44 0.0 168956.6250
2545.58 2545.58 0.0 168758.7969
2559.73 2559.73 0.0 168561.1484
2573.87 2573.87 0.0 168363.9922
2588.01 2588.01 0.0 168167.1484
2602.15 2602.15 0.0 167970.6172
2616.3 2616.3 0.0 167774.2344
2630.44 2630.44 0.0 167578.2656
2644.58 2644.58 0.0 167382.5625
2658.72 2658.72 0.0 167187.0938
2672.86 2672.86 0.0 166991.8984
2687.01 2687.01 0.0 166796.7852
2701.15 2701.15 0.0 166602.0234
2715.29 2715.29 0.0 166407.5273
2729.43 2729.43 0.0 166213.2695
2743.57 2743.57 0.0 166019.2695
2757.72 2757.72 0.0 165825.3242
2771.86 2771.86 0.0 165631.7969
2786.0 2786.0 0.0 165438.5117
2800.14 2800.14 0.0 165245.5195
2814.28 2814.28 0.0 165052.7969
2828.43 2828.43 0.0 164860.2500
2842.57 2842.57 0.0 164668.1680
2856.71 2856.71 0.0 164476.4180
2870.85 2870.85 0.0 164285.0195
2885.0 2885.0 0.0 164093.8906
2899.14 2899.14 0.0 163903.2695
2913.28 2913.28 0.0 163713.1055
2927.42 2927.42 0.0 163523.3906
2941.56 2941.56 0.0 163334.1484
2955.71 2955.71 0.0 163145.2773
2969.85 2969.85 0.0 162957.1055
2983.99 2983.99 0.0 162769.5039
2998.13 2998.13 0.0 162582.4531
3012.27 3012.27 0.0 162396.0391
3026.42 3026.42 0.0 162210.1484
3040.56 3040.56 0.0 162025.0508
3054.7 3054.7 0.0 161840.6602
3068.84 3068.84 0.0 161656.9961
3082.99 3082.99 0.0 161473.9570
3097.13 3097.13 0.0 161291.8477
3111.27 3111.27 0.0 161110.5195
3125.41 3125.41 0.0 160930.0000
3139.55 3139.55 0.0 160750.3438
3153.7 3153.7 0.0 160571.4258
3167.84 3167.84 0.0 160393.4961
3181.98 3181.98 0.0 160216.4844
3196.12 3196.12 0.0 160040.3672
3210.26 3210.26 0.0 159865.1523
3224.41 3224.41 0.0 159690.7578
3238.55 3238.55 0.0 159517.4102
3252.69 3252.69 0.0 159344.9883
3266.83 3266.83 0.0 159173.5312
3280.98 3280.98 0.0 159002.8750
3295.12 3295.12 0.0 158833.3242
3309.26 3309.26 0.0 158664.6797
3323.4 3323.4 0.0 158496.9531
3337.54 3337.54 0.0 158330.1797
3351.69 3351.69 0.0 158164.1641
3365.83 3365.83 0.0 157999.1797
3379.97 3379.97 0.0 157835.0312
3394.11 3394.11 0.0 157671.7695
3408.25 3408.25 0.0 157509.3555
3422.4 3422.4 0.0 157347.6406
3436.54 3436.54 0.0 157186.8242
3450.68 3450.68 0.0 157026.7695
3464.82 3464.82 0.0 156867.4805
3478.97 3478.97 0.0 156708.7734
3493.11 3493.11 0.0 156550.8242
3507.25 3507.25 0.0 156393.5547
3521.39 3521.39 0.0 156236.8945
3535.53 3535.53 0.0 156080.7891
3549.68 3549.68 0.0 155925.1016
3563.82 3563.82 0.0 155770.0508
3577.96 3577.96 0.0 155615.4258
3592.1 3592.1 0.0 155461.2383
3606.24 3606.24 0.0 155307.4180
3620.39 3620.39 0.0 155153.8359
3634.53 3634.53 0.0 155000.6680
3648.67 3648.67 0.0 154847.7227
3662.81 3662.81 0.0 154695.0273
3676.96 3676.96 0.0 154542.3789
3691.1 3691.1 0.0 154389.9766
3705.24 3705.24 0.0 154237.6680
3719.38 3719.38 0.0 154085.3750
3733.52 3733.52 0.0 153933.1328
3747.67 3747.67 0.0 153780.7656
3761.81 3761.81 0.0 153628.4609
3775.95 3775.95 0.0 153476.0273
3790.09 3790.09 0.0 153323.5000
3804.23 3804.23 0.0 153170.7617
3818.38 3818.38 0.0 153017.7734
3832.52 3832.52 0.0 152864.6328
3846.66 3846.66 0.0 152711.2656
3860.8 3860.8 0.0 152557.6328
3874.95 3874.95 0.0 152403.5742
3889.09 3889.09 0.0 152249.3359
3903.23 3903.23 0.0 152094.7500
3917.37 3917.37 0.0 151939.8086
3931.51 3931.51 0.0 151784.5000
3945.66 3945.66 0.0 151628.7227
3959.8 3959.8 0.0 151472.6562
3973.94 3973.94 0.0 151316.1797
3988.08 3988.08 0.0 151159.3203
4002.22 4002.22 0.0 151002.0625
4016.37 4016.37 0.0 150844.2617
4030.51 4030.51 0.0 150686.1602
4044.65 4044.65 0.0 150527.6602
4058.79 4058.79 0.0 150368.7539
4072.94 4072.94 0.0 150209.3477
4087.08 4087.08 0.0 150049.6484
4101.22 4101.22 0.0 149889.5703
4115.36 4115.36 0.0 149729.1055
4129.5 4129.5 0.0 149568.2734
4143.65 4143.65 0.0 149406.9453
4157.79 4157.79 0.0 149245.3828
4171.93 4171.93 0.0 149083.4570
4186.07 4186.07 0.0 148921.2031
4200.21 4200.21 0.0 148758.5820
4214.36 4214.36 0.0 148595.5391
4228.5 4228.5 0.0 148432.2500
4242.64 4242.64 0.0 148268.6602
