0.0 0.0 0.0 1575168.3750
14.1421 14.1421 0.0 3155383.7500
28.2843 28.2843 0.0 3237746.7500
42.4264 42.4264 0.0 3239613.2500
56.5685 56.5685 0.0 3180433.0000
70.7107 70.7107 0.0 3078599.7500
84.8528 84.8528 0.0 2948274.5000
98.9949 98.9949 0.0 2800520.0000
113.137 113.137 0.0 2643668.2500
127.279 127.279 0.0 2483556.7500
141.421 141.421 0.0 2323942.7500
155.563 155.563 0.0 2167031.7500
169.706 169.706 0.0 2014040.7500
183.848 183.848 0.0 1865730.2500
197.99 197.99 0.0 1722657.7500
212.132 212.132 0.0 1585398.0000
226.274 226.274 0.0 1454571.2500
240.416 240.416 0.0 1330835.2500
254.558 254.558 0.0 1214830.1250
268.701 268.701 0.0 1107106.3125
282.843 282.843 0.0 1008101.1250
296.985 296.985 0.0 918044.3125
311.127 311.127 0.0 836964.0625
325.269 325.269 0.0 764663.7500
339.411 339.411 0.0 700747.7500
353.553 353.553 0.0 644647.7500
367.696 367.696 0.0 595672.9688
381.838 381.838 0.0 553076.4688
395.98 395.98 0.0 516082.6562
410.122 410.122 0.0 483938.4375
424.264 424.264 0.0 455941.1875
438.406 438.406 0.0 431452.8438
452.548 452.548 0.0 409910.7188
466.69 466.69 0.0 390829.7188
480.833 480.833 0.0 373797.7188
494.975 494.975 0.0 358477.8594
509.117 509.117 0.0 344591.4375
523.259 523.259 0.0 331915.6250
537.401 537.401 0.0 320273.3750
551.543 551.543 0.0 309524.3125
565.685 565.685 0.0 299557.6250
579.828 579.828 0.0 290285.1719
593.97 593.97 0.0 281637.3281
608.112 608.112 0.0 273556.2656
622.254 622.254 0.0 265993.8125
636.396 636.396 0.0 258908.9062
650.538 650.538 0.0 252265.3906
664.68 664.68 0.0 246031.1250
678.823 678.823 0.0 240176.6406
692.965 692.965 0.0 234675.5938
707.107 707.107 0.0 229502.6094
721.249 721.249 0.0 224634.1719
735.391 735.391 0.0 220048.3047
749.533 749.533 0.0 215724.6719
763.675 763.675 0.0 211644.0938
777.817 777.817 0.0 207788.8203
791.96 791.96 0.0 204142.0625
806.102 806.102 0.0 200689.0078
820.244 820.244 0.0 197415.0547
834.386 834.386 0.0 194307.3438
848.528 848.528 0.0 191353.6641
862.67 862.67 0.0 188543.0391
876.812 876.812 0.0 185865.0781
890.955 890.955 0.0 183310.4375
905.097 905.097 0.0 180870.8594
919.239 919.239 0.0 178538.2812
933.381 933.381 0.0 176305.6094
947.523 947.523 0.0 174166.2188
961.665 961.665 0.0 172114.1719
975.807 975.807 0.0 170143.9453
989.949 989.949 0.0 168250.6250
1004.09 1004.09 0.0 166429.6914
1018.23 1018.23 0.0 164677.0352
1032.38 1032.38 0.0 162987.6055
1046.52 1046.52 0.0 161360.3125
1060.66 1060.66 0.0 159790.8281
1074.8 1074.8 0.0 158276.3555
1088.94 1088.94 0.0 156814.2891
1103.09 1103.09 0.0 155401.4297
1117.23 1117.23 0.0 154037.6680
1131.37 1131.37 0.0 152720.2148
1145.51 1145.51 0.0 151447.4375
1159.66 1159.66 0.0 150217.1836
1173.8 1173.8 0.0 149030.0039
1187.94 1187.94 0.0 147884.1406
1202.08 1202.08 0.0 146778.8828
1216.22 1216.22 0.0 145713.7383
1230.37 1230.37 0.0 144687.6406
1244.51 1244.51 0.0 143701.8945
1258.65 1258.65 0.0 142755.6836
1272.79 1272.79 0.0 141848.8672
1286.93 1286.93 0.0 140981.3086
1301.08 1301.08 0.0 140152.0078
1315.22 1315.22 0.0 139361.3086
1329.36 1329.36 0.0 138607.1680
1343.5 1343.5 0.0 137887.3867
1357.65 1357.65 0.0 137198.4336
1371.79 1371.79 0.0 136537.4180
1385.93 1385.93 0.0 135899.5273
1400.07 1400.07 0.0 135280.4883
1414.21 1414.21 0.0 134676.9922
1428.36 1428.36 0.0 134086.7012
1442.5 1442.5 0.0 133510.4160
1456.64 1456.64 0.0 132949.1875
1470.78 1470.78 0.0 132405.3203
1484.92 1484.92 0.0 131880.9375
1499.07 1499.07 0.0 131376.8633
1513.21 1513.21 0.0 130893.7109
1527.35 1527.35 0.0 130429.8398
1541.49 1541.49 0.0 129983.2109
1555.63 1555.63 0.0 129551.5723
1569.78 1569.78 0.0 129132.5566
1583.92 1583.92 0.0 128725.0820
1598.06 1598.06 0.0 128327.6250
1612.2 1612.2 0.0 127939.3906
1626.35 1626.35 0.0 127559.5625
1640.49 1640.49 0.0 127188.3535
1654.63 1654.63 0.0 126825.1348
1668.77 1668.77 0.0 126469.5605
1682.91 1682.91 0.0 126121.2363
1697.06 1697.06 0.0 125779.4414
1711.2 1711.2 0.0 125444.1562
1725.34 1725.34 0.0 125114.5820
1739.48 1739.48 0.0 124790.2734
1753.62 1753.62 0.0 124470.7539
1767.77 1767.77 0.0 124155.5020
1781.91 1781.91 0.0 123844.7715
1796.05 1796.05 0.0 123538.2656
1810.19 1810.19 0.0 123236.1426
1824.34 1824.34 0.0 122938.5039
1838.48 1838.48 0.0 122646.2070
1852.62 1852.62 0.0 122359.6387
1866.76 1866.76 0.0 122079.4648
1880.9 1880.9 0.0 121806.4180
1895.05 1895.05 0.0 121541.0000
1909.19 1909.19 0.0 121284.2461
1923.33 1923.33 0.0 121036.4395
1937.47 1937.47 0.0 120797.9668
1951.61 1951.61 0.0 120568.9199
1965.76 1965.76 0.0 120349.0820
1979.9 1979.9 0.0 120138.4922
1994.04 1994.04 0.0 119936.5293
2008.18 2008.18 0.0 119742.5625
2022.33 2022.33 0.0 119555.7520
2036.47 2036.47 0.0 119375.5840
2050.61 2050.61 0.0 119201.1309
2064.75 2064.75 0.0 119031.6836
2078.89 2078.89 0.0 118866.5312
2093.04 2093.04 0.0 118704.9590
2107.18 2107.18 0.0 118546.7422
2121.32 2121.32 0.0 118391.4043
2135.46 2135.46 0.0 118238.6426
2149.6 2149.6 0.0 118088.3438
2163.75 2163.75 0.0 117940.3301
2177.89 2177.89 0.0 117794.8184
2192.03 2192.03 0.0 117651.7686
2206.17 2206.17 0.0 117511.3359
2220.32 2220.32 0.0 117373.5508
2234.46 2234.46 0.0 117238.7822
2248.6 2248.6 0.0 117107.1309
2262.74 2262.74 0.0 116978.7666
2276.88 2276.88 0.0 116853.8770
2291.03 2291.03 0.0 116732.5420
2305.17 2305.17 0.0 116615.0850
2319.31 2319.31 0.0 116501.5703
2333.45 2333.45 0.0 116392.1113
2347.59 2347.59 0.0 116286.7949
2361.74 2361.74 0.0 116185.6201
2375.88 2375.88 0.0 116088.8125
2390.02 2390.02 0.0 115996.3193
2404.16 2404.16 0.0 115908.1416
2418.31 2418.31 0.0 115824.2168
2432.45 2432.45 0.0 115744.6416
2446.59 2446.59 0.0 115669.2891
2460.73 2460.73 0.0 115598.0771
2474.87 2474.87 0.0 115530.9160
2489.02 2489.02 0.0 115467.6221
2503.16 2503.16 0.0 115408.1299
2517.3 2517.3 0.0 115352.2207
2531.44 2531.44 0.0 115299.6934
2545.58 2545.58 0.0 115250.3105
2559.73 2559.73 0.0 115203.7734
2573.87 2573.87 0.0 115159.8740
2588.01 2588.01 0.0 115118.2500
2602.15 2602.15 0.0 115078.5791
2616.3 2616.3 0.0 115040.4570
2630.44 2630.44 0.0 115003.5596
2644.58 2644.58 0.0 114967.4600
2658.72 2658.72 0.0 114931.7451
2672.86 2672.86 0.0 114895.9814
2687.01 2687.01 0.0 114859.7002
2701.15 2701.15 0.0 114822.5400
2715.29 2715.29 0.0 114784.0508
2729.43 2729.43 0.0 114743.8232
2743.57 2743.57 0.0 114701.4580
2757.72 2757.72 0.0 114656.5791
2771.86 2771.86 0.0 114608.8994
2786.0 2786.0 0.0 114558.1279
2800.14 2800.14 0.0 114504.0039
2814.28 2814.28 0.0 114446.3438
2828.43 2828.43 0.0 114384.9678
2842.57 2842.57 0.0 114319.8760
2856.71 2856.71 0.0 114250.9961
2870.85 2870.85 0.0 114178.3555
2885.0 2885.0 0.0 114101.9854
2899.14 2899.14 0.0 114022.1182
2913.28 2913.28 0.0 113938.8984
2927.42 2927.42 0.0 113852.5381
2941.56 2941.56 0.0 113763.3125
2955.71 2955.71 0.0 113671.4180
2969.85 2969.85 0.0 113577.3389
2983.99 2983.99 0.0 113481.3232
2998.13 2998.13 0.0 113383.7295
3012.27 3012.27 0.0 113284.9180
3026.42 3026.42 0.0 113185.1582
3040.56 3040.56 0.0 113084.9531
3054.7 3054.7 0.0 112984.5791
3068.84 3068.84 0.0 112884.3564
3082.99 3082.99 0.0 112784.5371
3097.13 3097.13 0.0 112685.5654
3111.27 3111.27 0.0 112587.6299
3125.41 3125.41 0.0 112490.9902
3139.55 3139.55 0.0 112395.8730
3153.7 3153.7 0.0 112302.4150
3167.84 3167.84 0.0 112210.9443
3181.98 3181.98 0.0 112121.5137
3196.12 3196.12 0.0 112034.2744
3210.26 3210.26 0.0 111949.3340
3224.41 3224.41 0.0 111866.7148
3238.55 3238.55 0.0 111786.6045
3252.69 3252.69 0.0 111708.9707
3266.83 3266.83 0.0 111633.8428
3280.98 3280.98 0.0 111561.1875
3295.12 3295.12 0.0 111491.0918
3309.26 3309.26 0.0 111423.4766
3323.4 3323.4 0.0 111358.3164
3337.54 3337.54 0.0 111295.5430
3351.69 3351.69 0.0 111235.0781
3365.83 3365.83 0.0 111176.9326
3379.97 3379.97 0.0 111120.9902
3394.11 3394.11 0.0 111067.1719
3408.25 3408.25 0.0 111015.3945
3422.4 3422.4 0.0 110965.5322
3436.54 3436.54 0.0 110917.5605
3450.68 3450.68 0.0 110871.3623
3464.82 3464.82 0.0 110826.8369
3478.97 3478.97 0.0 110783.8604
3493.11 3493.11 0.0 110742.4092
3507.25 3507.25 0.0 110702.3408
3521.39 3521.39 0.0 110663.5801
3535.53 3535.53 0.0 110626.0381
3549.68 3549.68 0.0 110589.5879
3563.82 3563.82 0.0 110554.2139
3577.96 3577.96 0.0 110519.8154
3592.1 3592.1 0.0 110486.2979
3606.24 3606.24 0.0 110453.5938
3620.39 3620.39 0.0 110421.6113
3634.53 3634.53 0.0 110390.3428
3648.67 3648.67 0.0 110359.6826
3662.81 3662.81 0.0 110329.5791
3676.96 3676.96 0.0 110299.9629
3691.1 3691.1 0.0 110270.8184
3705.24 3705.24 0.0 110242.0938
3719.38 3719.38 0.0 110213.7207
3733.52 3733.52 0.0 110185.6797
3747.67 3747.67 0.0 110157.9014
3761.81 3761.81 0.0 110130.3936
3775.95 3775.95 0.0 110103.1133
3790.09 3790.09 0.0 110076.0293
3804.23 3804.23 0.0 110049.1162
3818.38 3818.38 0.0 110022.3291
3832.52 3832.52 0.0 109995.6963
3846.66 3846.66 0.0 109969.1660
3860.8 3860.8 0.0 109942.7441
3874.95 3874.95 0.0 109916.3809
3889.09 3889.09 0.0 109890.1074
3903.23 3903.23 0.0 109863.9004
3917.37 3917.37 0.0 109837.7490
3931.51 3931.51 0.0 109811.6367
3945.66 3945.66 0.0 109785.5664
3959.8 3959.8 0.0 109759.5498
3973.94 3973.94 0.0 109733.5645
3988.08 3988.08 0.0 109707.6201
4002.22 4002.22 0.0 109681.7070
4016.37 4016.37 0.0 109655.8076
4030.51 4030.51 0.0 109629.9688
4044.65 4044.65 0.0 109604.1650
4058.79 4058.79 0.0 109578.3984
4072.94 4072.94 0.0 109552.6572
4087.08 4087.08 0.0 109526.9688
4101.22 4101.22 0.0 109501.3286
4115.36 4115.36 0.0 109475.7490
4129.5 4129.5 0.0 109450.2109
4143.65 4143.65 0.0 109424.7144
4157.79 4157.79 0.0 109399.2974
4171.93 4171.93 0.0 109373.9395
4186.07 4186.07 0.0 109348.6543
4200.21 4200.21 0.0 109323.4365
4214.36 4214.36 0.0 109298.2910
4228.5 4228.5 0.0 109273.2358
4242.64 4242.64 0.0 109248.2651
