0.0 0.0 0.0 285394.0312
14.1421 14.1421 0.0 304590.1250
28.2843 28.2843 0.0 301594.6875
42.4264 42.4264 0.0 298432.7969
56.5685 56.5685 0.0 294495.3594
70.7107 70.7107 0.0 289912.2656
84.8528 84.8528 0.0 284874.0156
98.9949 98.9949 0.0 279525.7969
113.137 113.137 0.0 273959.0469
127.279 127.279 0.0 268226.3281
141.421 141.421 0.0 262360.7656
155.563 155.563 0.0 256392.4844
169.706 169.706 0.0 250357.6719
183.848 183.848 0.0 244303.8438
197.99 197.99 0.0 238285.0312
212.132 212.132 0.0 232359.5859
226.274 226.274 0.0 226584.4922
240.416 240.416 0.0 221010.2656
254.558 254.558 0.0 215677.8516
268.701 268.701 0.0 210615.8672
282.843 282.843 0.0 205841.4609
296.985 296.985 0.0 201358.8359
311.127 311.127 0.0 197162.3828
325.269 325.269 0.0 193238.6953
339.411 339.411 0.0 189568.6484
353.553 353.553 0.0 186130.5469
367.696 367.696 0.0 182901.2266
381.838 381.838 0.0 179858.8203
395.98 395.98 0.0 176982.6641
410.122 410.122 0.0 174254.3281
424.264 424.264 0.0 171658.2734
438.406 438.406 0.0 169181.3750
452.548 452.548 0.0 166812.8633
466.69 466.69 0.0 164544.2188
480.833 480.833 0.0 162368.2891
494.975 494.975 0.0 160280.0469
509.117 509.117 0.0 158274.7734
523.259 523.259 0.0 156348.7852
537.401 537.401 0.0 154499.0352
551.543 551.543 0.0 152722.5430
565.685 565.685 0.0 151016.7852
579.828 579.828 0.0 149378.9492
593.97 593.97 0.0 147806.8516
608.112 608.112 0.0 146297.8359
622.254 622.254 0.0 144849.3281
636.396 636.396 0.0 143458.8477
650.538 650.538 0.0 142123.9414
664.68 664.68 0.0 140841.9922
678.823 678.823 0.0 139610.6055
692.965 692.965 0.0 138427.5117
707.107 707.107 0.0 137290.4102
721.249 721.249 0.0 136197.0469
735.391 735.391 0.0 135145.4297
749.533 749.533 0.0 134133.5977
763.675 763.675 0.0 133159.7734
777.817 777.817 0.0 132222.4355
791.96 791.96 0.0 131320.2441
806.102 806.102 0.0 130452.4199
820.244 820.244 0.0 129618.5059
834.386 834.386 0.0 128818.5215
848.528 848.528 0.0 128052.9316
862.67 862.67 0.0 127322.0273
876.812 876.812 0.0 126624.8379
890.955 890.955 0.0 125957.2891
905.097 905.097 0.0 125311.0586
919.239 919.239 0.0 124674.6387
933.381 933.381 0.0 124039.7988
947.523 947.523 0.0 123411.5547
961.665 961.665 0.0 122812.9395
975.807 975.807 0.0 122276.2227
989.949 989.949 0.0 121823.9473
1004.09 1004.09 0.0 121455.2441
1018.23 1018.23 0.0 121147.9629
1032.38 1032.38 0.0 120871.6230
1046.52 1046.52 0.0 120600.7871
1060.66 1060.66 0.0 120319.5059
1074.8 1074.8 0.0 120021.4473
1088.94 1088.94 0.0 119706.4004
1103.09 1103.09 0.0 119376.9980
1117.23 1117.23 0.0 119037.6934
1131.37 1131.37 0.0 118692.6309
1145.51 1145.51 0.0 118346.3027
1159.66 1159.66 0.0 118002.8418
1173.8 1173.8 0.0 117666.6865
1187.94 1187.94 0.0 117340.5244
1202.08 1202.08 0.0 117025.8730
1216.22 1216.22 0.0 116722.6367
1230.37 1230.37 0.0 116428.9941
1244.51 1244.51 0.0 116142.5801
1258.65 1258.65 0.0 115859.7246
1272.79 1272.79 0.0 115576.8809
1286.93 1286.93 0.0 115290.7900
1301.08 1301.08 0.0 114998.5996
1315.22 1315.22 0.0 114698.9365
1329.36 1329.36 0.0 114390.7607
1343.5 1343.5 0.0 114074.1738
1357.65 1357.65 0.0 113749.8740
1371.79 1371.79 0.0 113420.0381
1385.93 1385.93 0.0 113086.7217
1400.07 1400.07 0.0 112752.5322
1414.21 1414.21 0.0 112420.3066
1428.36 1428.36 0.0 112092.6357
1442.5 1442.5 0.0 111772.6094
1456.64 1456.64 0.0 111462.3438
1470.78 1470.78 0.0 111163.8145
1484.92 1484.92 0.0 110878.6631
1499.07 1499.07 0.0 110607.9648
1513.21 1513.21 0.0 110353.1494
1527.35 1527.35 0.0 110114.8564
1541.49 1541.49 0.0 109893.8164
1555.63 1555.63 0.0 109690.6807
1569.78 1569.78 0.0 109505.8770
1583.92 1583.92 0.0 109339.9937
1598.06 1598.06 0.0 109192.8828
1612.2 1612.2 0.0 109064.0747
1626.35 1626.35 0.0 108952.4307
1640.49 1640.49 0.0 108856.4458
1654.63 1654.63 0.0 108773.8320
1668.77 1668.77 0.0 108701.9863
1682.91 1682.91 0.0 108638.1631
1697.06 1697.06 0.0 108579.6240
1711.2 1711.2 0.0 108524.0679
1725.34 1725.34 0.0 108469.5063
1739.48 1739.48 0.0 108414.5254
1753.62 1753.62 0.0 108358.2412
1767.77 1767.77 0.0 108300.1978
1781.91 1781.91 0.0 108240.4521
1796.05 1796.05 0.0 108179.1968
1810.19 1810.19 0.0 108116.8369
1824.34 1824.34 0.0 108053.7817
1838.48 1838.48 0.0 107990.6035
1852.62 1852.62 0.0 107927.6812
1866.76 1866.76 0.0 107865.3662
1880.9 1880.9 0.0 107803.9448
1895.05 1895.05 0.0 107743.5659
1909.19 1909.19 0.0 107684.4399
1923.33 1923.33 0.0 107626.5781
1937.47 1937.47 0.0 107570.0112
1951.61 1951.61 0.0 107514.6934
1965.76 1965.76 0.0 107460.5503
1979.9 1979.9 0.0 107407.5757
1994.04 1994.04 0.0 107355.6543
2008.18 2008.18 0.0 107304.7114
2022.33 2022.33 0.0 107254.6206
2036.47 2036.47 0.0 107205.3921
2050.61 2050.61 0.0 107156.9214
2064.75 2064.75 0.0 107109.1533
2078.89 2078.89 0.0 107062.0547
2093.04 2093.04 0.0 107015.5547
2107.18 2107.18 0.0 106969.7095
2121.32 2121.32 0.0 106924.4722
2135.46 2135.46 0.0 106879.8555
2149.6 2149.6 0.0 106835.8652
2163.75 2163.75 0.0 106792.4902
2177.89 2177.89 0.0 106749.8301
2192.03 2192.03 0.0 106707.8628
2206.17 2206.17 0.0 106666.6382
2220.32 2220.32 0.0 106626.1523
2234.46 2234.46 0.0 106586.5005
2248.6 2248.6 0.0 106547.6758
2262.74 2262.74 0.0 106509.7119
2276.88 2276.88 0.0 106472.6367
2291.03 2291.03 0.0 106436.4419
2305.17 2305.17 0.0 106401.1787
2319.31 2319.31 0.0 106366.8447
2333.45 2333.45 0.0 106333.4277
2347.59 2347.59 0.0 106300.9253
2361.74 2361.74 0.0 106269.2920
2375.88 2375.88 0.0 106238.5483
2390.02 2390.02 0.0 106208.6416
2404.16 2404.16 0.0 106179.5215
2418.31 2418.31 0.0 106151.1206
2432.45 2432.45 0.0 106123.4238
2446.59 2446.59 0.0 106096.3379
2460.73 2460.73 0.0 106069.7852
2474.87 2474.87 0.0 106043.6924
2489.02 2489.02 0.0 106017.9463
2503.16 2503.16 0.0 105992.4956
2517.3 2517.3 0.0 105967.2241
2531.44 2531.44 0.0 105942.0298
2545.58 2545.58 0.0 105916.8169
2559.73 2559.73 0.0 105891.4619
2573.87 2573.87 0.0 105865.8999
2588.01 2588.01 0.0 105840.0210
2602.15 2602.15 0.0 105813.7236
2616.3 2616.3 0.0 105786.9082
2630.44 2630.44 0.0 105759.5317
2644.58 2644.58 0.0 105731.4995
2658.72 2658.72 0.0 105702.7534
2672.86 2672.86 0.0 105673.2402
2687.01 2687.01 0.0 105642.8984
2701.15 2701.15 0.0 105611.7476
2715.29 2715.29 0.0 105579.7563
2729.43 2729.43 0.0 105546.9160
2743.57 2743.57 0.0 105513.2451
2757.72 2757.72 0.0 105478.7500
2771.86 2771.86 0.0 105443.5181
2786.0 2786.0 0.0 105407.5774
2800.14 2800.14 0.0 105370.9890
2814.28 2814.28 0.0 105333.8311
2828.43 2828.43 0.0 105296.1631
2842.57 2842.57 0.0 105258.1294
2856.71 2856.71 0.0 105219.7925
2870.85 2870.85 0.0 105181.2590
2885.0 2885.0 0.0 105142.6084
2899.14 2899.14 0.0 105103.9939
2913.28 2913.28 0.0 105065.4980
2927.42 2927.42 0.0 105027.2268
2941.56 2941.56 0.0 104989.2712
2955.71 2955.71 0.0 104951.7090
2969.85 2969.85 0.0 104914.6802
2983.99 2983.99 0.0 104878.2400
2998.13 2998.13 0.0 104842.4688
3012.27 3012.27 0.0 104807.4348
3026.42 3026.42 0.0 104773.1777
3040.56 3040.56 0.0 104739.8000
3054.7 3054.7 0.0 104707.3179
3068.84 3068.84 0.0 104675.7729
3082.99 3082.99 0.0 104645.1721
3097.13 3097.13 0.0 104615.5808
3111.27 3111.27 0.0 104586.9934
3125.41 3125.41 0.0 104559.4143
3139.55 3139.55 0.0 104532.8452
3153.7 3153.7 0.0 104507.2715
3167.84 3167.84 0.0 104482.7036
3181.98 3181.98 0.0 104459.1235
3196.12 3196.12 0.0 104436.5039
3210.26 3210.26 0.0 104414.8245
3224.41 3224.41 0.0 104394.0449
3238.55 3238.55 0.0 104374.1660
3252.69 3252.69 0.0 104355.1404
3266.83 3266.83 0.0 104336.9397
3280.98 3280.98 0.0 104319.5120
3295.12 3295.12 0.0 104302.8513
3309.26 3309.26 0.0 104286.9094
3323.4 3323.4 0.0 104271.6489
3337.54 3337.54 0.0 104257.0308
3351.69 3351.69 0.0 104243.0188
3365.83 3365.83 0.0 104229.5894
3379.97 3379.97 0.0 104216.7007
3394.11 3394.11 0.0 104204.3171
3408.25 3408.25 0.0 104192.4102
3422.4 3422.4 0.0 104180.9373
3436.54 3436.54 0.0 104169.8877
3450.68 3450.68 0.0 104159.2212
3464.82 3464.82 0.0 104148.9080
3478.97 3478.97 0.0 104138.9214
3493.11 3493.11 0.0 104129.2466
3507.25 3507.25 0.0 104119.8538
3521.39 3521.39 0.0 104110.7153
3535.53 3535.53 0.0 104101.8208
3549.68 3549.68 0.0 104093.1406
3563.82 3563.82 0.0 104084.6663
3577.96 3577.96 0.0 104076.3799
3592.1 3592.1 0.0 104068.2651
3606.24 3606.24 0.0 104060.3018
3620.39 3620.39 0.0 104052.4783
3634.53 3634.53 0.0 104044.7900
3648.67 3648.67 0.0 104037.2251
3662.81 3662.81 0.0 104029.7703
3676.96 3676.96 0.0 104022.4094
3691.1 3691.1 0.0 104015.1477
3705.24 3705.24 0.0 104007.9717
3719.38 3719.38 0.0 104000.8750
3733.52 3733.52 0.0 103993.8530
3747.67 3747.67 0.0 103986.8923
3761.81 3761.81 0.0 103980.0005
3775.95 3775.95 0.0 103973.1680
3790.09 3790.09 0.0 103966.3896
3804.23 3804.23 0.0 103959.6648
3818.38 3818.38 0.0 103952.9834
3832.52 3832.52 0.0 103946.3540
3846.66 3846.66 0.0 103939.7698
3860.8 3860.8 0.0 103933.2258
3874.95 3874.95 0.0 103926.7217
3889.09 3889.09 0.0 103920.2598
3903.23 3903.23 0.0 103913.8362
3917.37 3917.37 0.0 103907.4517
3931.51 3931.51 0.0 103901.1074
3945.66 3945.66 0.0 103894.7910
3959.8 3959.8 0.0 103888.5144
3973.94 3973.94 0.0 103882.2786
3988.08 3988.08 0.0 103876.0752
4002.22 4002.22 0.0 103869.9087
4016.37 4016.37 0.0 103863.7715
4030.51 4030.51 0.0 103857.6743
4044.65 4044.65 0.0 103851.6121
4058.79 4058.79 0.0 103845.5886
4072.94 4072.94 0.0 103839.5950
4087.08 4087.08 0.0 103833.6382
4101.22 4101.22 0.0 103827.7205
4115.36 4115.36 0.0 103821.8384
4129.5 4129.5 0.0 103815.9900
4143.65 4143.65 0.0 103810.1794
4157.79 4157.79 0.0 103804.4045
4171.93 4171.93 0.0 103798.6675
4186.07 4186.07 0.0 103792.9688
4200.21 4200.21 0.0 103787.3074
4214.36 4214.36 0.0 103781.6777
4228.5 4228.5 0.0 103776.0928
4242.64 4242.64 0.0 103770.5415
