0.0 0.0 0.0 1427507.8750
14.1421 14.1421 0.0 1669169.5000
28.2843 28.2843 0.0 766105.6250
42.4264 42.4264 0.0 383566.4375
56.5685 56.5685 0.0 264045.0625
70.7107 70.7107 0.0 202666.3203
84.8528 84.8528 0.0 170840.7422
98.9949 98.9949 0.0 152646.7500
113.137 113.137 0.0 141037.0938
127.279 127.279 0.0 133040.5801
141.421 141.421 0.0 127230.5645
155.563 155.563 0.0 122837.6797
169.706 169.706 0.0 119419.8633
183.848 183.848 0.0 116711.5381
197.99 197.99 0.0 114541.2461
212.132 212.132 0.0 112789.5322
226.274 226.274 0.0 111367.1367
240.416 240.416 0.0 110204.6865
254.558 254.558 0.0 109247.5918
268.701 268.701 0.0 108452.8042
282.843 282.843 0.0 107786.7080
296.985 296.985 0.0 107222.9453
311.127 311.127 0.0 106741.0527
325.269 325.269 0.0 106325.1113
339.411 339.411 0.0 105962.7559
353.553 353.553 0.0 105644.3633
367.696 367.696 0.0 105362.3840
381.838 381.838 0.0 105110.9443
395.98 395.98 0.0 104885.3557
410.122 410.122 0.0 104681.9148
424.264 424.264 0.0 104497.6536
438.406 438.406 0.0 104330.1870
452.548 452.548 0.0 104177.5994
466.69 466.69 0.0 104038.3274
480.833 480.833 0.0 103911.0884
494.975 494.975 0.0 103794.8452
509.117 509.117 0.0 103688.6904
523.259 523.259 0.0 103591.8108
537.401 537.401 0.0 103503.4004
551.543 551.543 0.0 103422.5647
565.685 565.685 0.0 103348.2194
579.828 579.828 0.0 103278.9900
593.97 593.97 0.0 103213.1852
608.112 608.112 0.0 103148.8303
622.254 622.254 0.0 103083.9261
636.396 636.396 0.0 103016.8110
650.538 650.538 0.0 102946.5969
664.68 664.68 0.0 102873.4270
678.823 678.823 0.0 102798.4125
692.965 692.965 0.0 102723.2919
707.107 707.107 0.0 102649.9146
721.249 721.249 0.0 102579.8666
735.391 735.391 0.0 102514.2621
749.533 749.533 0.0 102453.7169
763.675 763.675 0.0 102398.4344
777.817 777.817 0.0 102348.3218
791.96 791.96 0.0 102303.0973
806.102 806.102 0.0 102262.3882
820.244 820.244 0.0 102225.7678
834.386 834.386 0.0 102192.8113
848.528 848.528 0.0 102163.1094
862.67 862.67 0.0 102136.2885
876.812 876.812 0.0 102112.0117
890.955 890.955 0.0 102089.9797
905.097 905.097 0.0 102069.9380
919.239 919.239 0.0 102051.6597
933.381 933.381 0.0 102034.9524
947.523 947.523 0.0 102019.6489
961.665 961.665 0.0 102005.6047
975.807 975.807 0.0 101992.6935
989.949 989.949 0.0 101980.8042
1004.09 1004.09 0.0 101969.8377
1018.23 1018.23 0.0 101959.7050
1032.38 1032.38 0.0 101950.3178
1046.52 1046.52 0.0 101941.6168
1060.66 1060.66 0.0 101933.5277
1074.8 1074.8 0.0 101925.9912
1088.94 1088.94 0.0 101918.9499
1103.09 1103.09 0.0 101912.3491
1117.23 1117.23 0.0 101906.1527
1131.37 1131.37 0.0 101900.3125
1145.51 1145.51 0.0 101894.7919
1159.66 1159.66 0.0 101889.5502
1173.8 1173.8 0.0 101884.5646
1187.94 1187.94 0.0 101879.8010
1202.08 1202.08 0.0 101875.2347
1216.22 1216.22 0.0 101870.8397
1230.37 1230.37 0.0 101866.5926
1244.51 1244.51 0.0 101862.4794
1258.65 1258.65 0.0 101858.4774
1272.79 1272.79 0.0 101854.5720
1286.93 1286.93 0.0 101850.7491
1301.08 1301.08 0.0 101846.9943
1315.22 1315.22 0.0 101843.3002
1329.36 1329.36 0.0 101839.6565
1343.5 1343.5 0.0 101836.0550
1357.65 1357.65 0.0 101832.4866
1371.79 1371.79 0.0 101828.9538
1385.93 1385.93 0.0 101825.4496
1400.07 1400.07 0.0 101821.9721
1414.21 1414.21 0.0 101818.5209
1428.36 1428.36 0.0 101815.0941
1442.5 1442.5 0.0 101811.6979
1456.64 1456.64 0.0 101808.3305
1470.78 1470.78 0.0 101804.9957
1484.92 1484.92 0.0 101801.6951
1499.07 1499.07 0.0 101798.4308
1513.21 1513.21 0.0 101795.2087
1527.35 1527.35 0.0 101792.0308
1541.49 1541.49 0.0 101788.8991
1555.63 1555.63 0.0 101785.8170
1569.78 1569.78 0.0 101782.7846
1583.92 1583.92 0.0 101779.8071
1598.06 1598.06 0.0 101776.8853
1612.2 1612.2 0.0 101774.0200
1626.35 1626.35 0.0 101771.2094
1640.49 1640.49 0.0 101768.4583
1654.63 1654.63 0.0 101765.7649
1668.77 1668.77 0.0 101763.1284
1682.91 1682.91 0.0 101760.5491
1697.06 1697.06 0.0 101758.0225
1711.2 1711.2 0.0 101755.5523
1725.34 1725.34 0.0 101753.1350
1739.48 1739.48 0.0 101750.7692
1753.62 1753.62 0.0 101748.4531
1767.77 1767.77 0.0 101746.1828
1781.91 1781.91 0.0 101743.9605
1796.05 1796.05 0.0 101741.7819
1810.19 1810.19 0.0 101739.6457
1824.34 1824.34 0.0 101737.5486
1838.48 1838.48 0.0 101735.4918
1852.62 1852.62 0.0 101733.4725
1866.76 1866.76 0.0 101731.4875
1880.9 1880.9 0.0 101729.5365
1895.05 1895.05 0.0 101727.6167
1909.19 1909.19 0.0 101725.7294
1923.33 1923.33 0.0 101723.8714
1937.47 1937.47 0.0 101722.0413
1951.61 1951.61 0.0 101720.2385
1965.76 1965.76 0.0 101718.4600
1979.9 1979.9 0.0 101716.7084
1994.04 1994.04 0.0 101714.9805
2008.18 2008.18 0.0 101713.2756
2022.33 2022.33 0.0 101711.5922
2036.47 2036.47 0.0 101709.9313
2050.61 2050.61 0.0 101708.2916
2064.75 2064.75 0.0 101706.6718
2078.89 2078.89 0.0 101705.0721
2093.04 2093.04 0.0 101703.4900
2107.18 2107.18 0.0 101701.9276
2121.32 2121.32 0.0 101700.3836
2135.46 2135.46 0.0 101698.8562
2149.6 2149.6 0.0 101697.3468
2163.75 2163.75 0.0 101695.8523
2177.89 2177.89 0.0 101694.3754
2192.03 2192.03 0.0 101692.9138
2206.17 2206.17 0.0 101691.4678
2220.32 2220.32 0.0 101690.0363
2234.46 2234.46 0.0 101688.6199
2248.6 2248.6 0.0 101687.2180
2262.74 2262.74 0.0 101685.8303
2276.88 2276.88 0.0 101684.4557
2291.03 2291.03 0.0 101683.0933
2305.17 2305.17 0.0 101681.7446
2319.31 2319.31 0.0 101680.4088
2333.45 2333.45 0.0 101679.0847
2347.59 2347.59 0.0 101677.7724
2361.74 2361.74 0.0 101676.4710
2375.88 2375.88 0.0 101675.1816
2390.02 2390.02 0.0 101673.9033
2404.16 2404.16 0.0 101672.6353
2418.31 2418.31 0.0 101671.3770
2432.45 2432.45 0.0 101670.1286
2446.59 2446.59 0.0 101668.8904
2460.73 2460.73 0.0 101667.6618
2474.87 2474.87 0.0 101666.4413
2489.02 2489.02 0.0 101665.2291
2503.16 2503.16 0.0 101664.0267
2517.3 2517.3 0.0 101662.8318
2531.44 2531.44 0.0 101661.6446
2545.58 2545.58 0.0 101660.4650
2559.73 2559.73 0.0 101659.2917
2573.87 2573.87 0.0 101658.1259
2588.01 2588.01 0.0 101656.9676
2602.15 2602.15 0.0 101655.8148
2616.3 2616.3 0.0 101654.6677
2630.44 2630.44 0.0 101653.5270
2644.58 2644.58 0.0 101652.3919
2658.72 2658.72 0.0 101651.2622
2672.86 2672.86 0.0 101650.1373
2687.01 2687.01 0.0 101649.0167
2701.15 2701.15 0.0 101647.9014
2715.29 2715.29 0.0 101646.7903
2729.43 2729.43 0.0 101645.6827
2743.57 2743.57 0.0 101644.5798
2757.72 2757.72 0.0 101643.4792
2771.86 2771.86 0.0 101642.3830
2786.0 2786.0 0.0 101641.2900
2800.14 2800.14 0.0 101640.1995
2814.28 2814.28 0.0 101639.1122
2828.43 2828.43 0.0 101638.0266
2842.57 2842.57 0.0 101636.9438
2856.71 2856.71 0.0 101635.8635
2870.85 2870.85 0.0 101634.7849
2885.0 2885.0 0.0 101633.7072
2899.14 2899.14 0.0 101632.6320
2913.28 2913.28 0.0 101631.5582
2927.42 2927.42 0.0 101630.4853
2941.56 2941.56 0.0 101629.4140
2955.71 2955.71 0.0 101628.3425
2969.85 2969.85 0.0 101627.2727
2983.99 2983.99 0.0 101626.2036
2998.13 2998.13 0.0 101625.1348
3012.27 3012.27 0.0 101624.0666
3026.42 3026.42 0.0 101622.9972
3040.56 3040.56 0.0 101621.9290
3054.7 3054.7 0.0 101620.8612
3068.84 3068.84 0.0 101619.7925
3082.99 3082.99 0.0 101618.7235
3097.13 3097.13 0.0 101617.6547
3111.27 3111.27 0.0 101616.5854
3125.41 3125.41 0.0 101615.5158
3139.55 3139.55 0.0 101614.4460
3153.7 3153.7 0.0 101613.3738
3167.84 3167.84 0.0 101612.3018
3181.98 3181.98 0.0 101611.2293
3196.12 3196.12 0.0 101610.1565
3210.26 3210.26 0.0 101609.0815
3224.41 3224.41 0.0 101608.0055
3238.55 3238.55 0.0 101606.9294
3252.69 3252.69 0.0 101605.8524
3266.83 3266.83 0.0 101604.7737
3280.98 3280.98 0.0 101603.6937
3295.12 3295.12 0.0 101602.6129
3309.26 3309.26 0.0 101601.5318
3323.4 3323.4 0.0 101600.4489
3337.54 3337.54 0.0 101599.3652
3351.69 3351.69 0.0 101598.2793
3365.83 3365.83 0.0 101597.1932
3379.97 3379.97 0.0 101596.1060
3394.11 3394.11 0.0 101595.0178
3408.25 3408.25 0.0 101593.9286
3422.4 3422.4 0.0 101592.8376
3436.54 3436.54 0.0 101591.7463
3450.68 3450.68 0.0 101590.6543
3464.82 3464.82 0.0 101589.5612
3478.97 3478.97 0.0 101588.4661
3493.11 3493.11 0.0 101587.3715
3507.25 3507.25 0.0 101586.2757
3521.39 3521.39 0.0 101585.1794
3535.53 3535.53 0.0 101584.0821
3549.68 3549.68 0.0 101582.9833
3563.82 3563.82 0.0 101581.8853
3577.96 3577.96 0.0 101580.7866
3592.1 3592.1 0.0 101579.6873
3606.24 3606.24 0.0 101578.5876
3620.39 3620.39 0.0 101577.4871
3634.53 3634.53 0.0 101576.3868
3648.67 3648.67 0.0 101575.2863
3662.81 3662.81 0.0 101574.1861
3676.96 3676.96 0.0 101573.0849
3691.1 3691.1 0.0 101571.9847
3705.24 3705.24 0.0 101570.8840
3719.38 3719.38 0.0 101569.7840
3733.52 3733.52 0.0 101568.6841
3747.67 3747.67 0.0 101567.5837
3761.81 3761.81 0.0 101566.4854
3775.95 3775.95 0.0 101565.3860
3790.09 3790.09 0.0 101564.2885
3804.23 3804.23 0.0 101563.1908
3818.38 3818.38 0.0 101562.0936
3832.52 3832.52 0.0 101560.9973
3846.66 3846.66 0.0 101559.9024
3860.8 3860.8 0.0 101558.8087
3874.95 3874.95 0.0 101557.7146
3889.09 3889.09 0.0 101556.6225
3903.23 3903.23 0.0 101555.5315
3917.37 3917.37 0.0 101554.4422
3931.51 3931.51 0.0 101553.3537
3945.66 3945.66 0.0 101552.2654
3959.8 3959.8 0.0 101551.1801
3973.94 3973.94 0.0 101550.0961
3988.08 3988.08 0.0 101549.0129
4002.22 4002.22 0.0 101547.9318
4016.37 4016.37 0.0 101546.8516
4030.51 4030.51 0.0 101545.7736
4044.65 4044.65 0.0 101544.6971
4058.79 4058.79 0.0 101543.6229
4072.94 4072.94 0.0 101542.5494
4087.08 4087.08 0.0 101541.4791
4101.22 4101.22 0.0 101540.4104
4115.36 4115.36 0.0 101539.3437
4129.5 4129.5 0.0 101538.2790
4143.65 4143.65 0.0 101537.2156
4157.79 4157.79 0.0 101536.1548
4171.93 4171.93 0.0 101535.0966
4186.07 4186.07 0.0 101534.0406
4200.21 4200.21 0.0 101532.9868
4214.36 4214.36 0.0 101531.9340
4228.5 4228.5 0.0 101530.8845
4242.64 4242.64 0.0 101529.8376
