0.0 0.0 0.0 190268.5625
14.1421 14.1421 0.0 192286.5469
28.2843 28.2843 0.0 191326.4141
42.4264 42.4264 0.0 190477.7109
56.5685 56.5685 0.0 189426.3125
70.7107 70.7107 0.0 188131.3438
84.8528 84.8528 0.0 186582.7734
98.9949 98.9949 0.0 184791.8906
113.137 113.137 0.0 182792.9453
127.279 127.279 0.0 180634.0234
141.421 141.421 0.0 178365.5078
155.563 155.563 0.0 176033.1406
169.706 169.706 0.0 173675.1094
183.848 183.848 0.0 171322.7109
197.99 197.99 0.0 169000.2266
212.132 212.132 0.0 166726.4961
226.274 226.274 0.0 164515.7969
240.416 240.416 0.0 162378.3633
254.558 254.558 0.0 160321.1172
268.701 268.701 0.0 158347.9414
282.843 282.843 0.0 156460.6133
296.985 296.985 0.0 154658.5898
311.127 311.127 0.0 152939.8750
325.269 325.269 0.0 151301.2773
339.411 339.411 0.0 149738.8086
353.553 353.553 0.0 148248.0234
367.696 367.696 0.0 146823.9766
381.838 381.838 0.0 145462.2227
395.98 395.98 0.0 144157.9414
410.122 410.122 0.0 142906.7969
424.264 424.264 0.0 141704.5859
438.406 438.406 0.0 140547.6367
452.548 452.548 0.0 139432.5156
466.69 466.69 0.0 138356.1250
480.833 480.833 0.0 137315.7539
494.975 494.975 0.0 136309.1484
509.117 509.117 0.0 135334.1367
523.259 523.259 0.0 134388.8984
537.401 537.401 0.0 133471.9199
551.543 551.543 0.0 132581.8164
565.685 565.685 0.0 131717.5234
579.828 579.828 0.0 130878.0801
593.97 593.97 0.0 130062.9414
608.112 608.112 0.0 129271.6445
622.254 622.254 0.0 128504.0352
636.396 636.396 0.0 127760.2891
650.538 650.538 0.0 127041.0371
664.68 664.68 0.0 126347.3730
678.823 678.823 0.0 125681.1270
692.965 692.965 0.0 125045.0449
707.107 707.107 0.0 124442.8535
721.249 721.249 0.0 123879.2109
735.391 735.391 0.0 123358.7832
749.533 749.533 0.0 122883.6191
763.675 763.675 0.0 122447.4102
777.817 777.817 0.0 122027.3555
791.96 791.96 0.0 121579.2480
806.102 806.102 0.0 121051.0254
820.244 820.244 0.0 120422.8242
834.386 834.386 0.0 119747.6562
848.528 848.528 0.0 119135.3457
862.67 862.67 0.0 118674.6270
876.812 876.812 0.0 118369.6094
890.955 890.955 0.0 118150.5723
905.097 905.097 0.0 117930.4805
919.239 919.239 0.0 117649.9541
933.381 933.381 0.0 117289.6943
947.523 947.523 0.0 116861.5635
961.665 961.665 0.0 116393.6025
975.807 975.807 0.0 115916.8838
989.949 989.949 0.0 115457.1670
1004.09 1004.09 0.0 115031.1123
1018.23 1018.23 0.0 114646.2148
1032.38 1032.38 0.0 114302.4961
1046.52 1046.52 0.0 113996.1738
1060.66 1060.66 0.0 113720.4980
1074.8 1074.8 0.0 113468.5166
1088.94 1088.94 0.0 113233.7412
1103.09 1103.09 0.0 113010.6377
1117.23 1117.23 0.0 112795.3047
1131.37 1131.37 0.0 112584.4805
1145.51 1145.51 0.0 112376.0830
1159.66 1159.66 0.0 112168.6514
1173.8 1173.8 0.0 111961.7930
1187.94 1187.94 0.0 111755.1396
1202.08 1202.08 0.0 111548.7148
1216.22 1216.22 0.0 111342.7998
1230.37 1230.37 0.0 111137.6084
1244.51 1244.51 0.0 110933.7754
1258.65 1258.65 0.0 110731.5547
1272.79 1272.79 0.0 110531.2451
1286.93 1286.93 0.0 110333.1025
1301.08 1301.08 0.0 110137.1436
1315.22 1315.22 0.0 109943.7715
1329.36 1329.36 0.0 109752.8711
1343.5 1343.5 0.0 109564.4570
1357.65 1357.65 0.0 109378.4053
1371.79 1371.79 0.0 109195.0137
1385.93 1385.93 0.0 109014.2227
1400.07 1400.07 0.0 108836.2124
1414.21 1414.21 0.0 108661.2769
1428.36 1428.36 0.0 108489.7300
1442.5 1442.5 0.0 108322.3965
1456.64 1456.64 0.0 108159.8569
1470.78 1470.78 0.0 108002.9375
1484.92 1484.92 0.0 107852.5000
1499.07 1499.07 0.0 107709.2837
1513.21 1513.21 0.0 107574.2393
1527.35 1527.35 0.0 107447.8467
1541.49 1541.49 0.0 107330.4482
1555.63 1555.63 0.0 107222.1040
1569.78 1569.78 0.0 107122.5298
1583.92 1583.92 0.0 107031.3564
1598.06 1598.06 0.0 106947.7964
1612.2 1612.2 0.0 106870.9658
1626.35 1626.35 0.0 106799.8140
1640.49 1640.49 0.0 106733.4502
1654.63 1654.63 0.0 106670.8848
1668.77 1668.77 0.0 106611.2661
1682.91 1682.91 0.0 106553.8765
1697.06 1697.06 0.0 106498.1201
1711.2 1711.2 0.0 106443.6304
1725.34 1725.34 0.0 106390.0894
1739.48 1739.48 0.0 106337.3101
1753.62 1753.62 0.0 106285.2065
1767.77 1767.77 0.0 106233.7085
1781.91 1781.91 0.0 106182.9146
1796.05 1796.05 0.0 106132.8193
1810.19 1810.19 0.0 106083.4854
1824.34 1824.34 0.0 106034.9395
1838.48 1838.48 0.0 105987.2910
1852.62 1852.62 0.0 105940.5522
1866.76 1866.76 0.0 105894.7646
1880.9 1880.9 0.0 105849.9395
1895.05 1895.05 0.0 105806.0654
1909.19 1909.19 0.0 105763.2017
1923.33 1923.33 0.0 105721.3159
1937.47 1937.47 0.0 105680.3921
1951.61 1951.61 0.0 105640.4175
1965.76 1965.76 0.0 105601.3516
1979.9 1979.9 0.0 105563.2163
1994.04 1994.04 0.0 105525.9712
2008.18 2008.18 0.0 105489.5879
2022.33 2022.33 0.0 105454.0259
2036.47 2036.47 0.0 105419.3032
2050.61 2050.61 0.0 105385.3740
2064.75 2064.75 0.0 105352.2158
2078.89 2078.89 0.0 105319.8052
2093.04 2093.04 0.0 105288.0974
2107.18 2107.18 0.0 105257.1157
2121.32 2121.32 0.0 105226.8091
2135.46 2135.46 0.0 105197.1594
2149.6 2149.6 0.0 105168.1411
2163.75 2163.75 0.0 105139.7097
2177.89 2177.89 0.0 105111.8813
2192.03 2192.03 0.0 105084.6064
2206.17 2206.17 0.0 105057.8542
2220.32 2220.32 0.0 105031.5801
2234.46 2234.46 0.0 105005.7915
2248.6 2248.6 0.0 104980.4341
2262.74 2262.74 0.0 104955.4829
2276.88 2276.88 0.0 104930.8938
2291.03 2291.03 0.0 104906.6177
2305.17 2305.17 0.0 104882.6536
2319.31 2319.31 0.0 104858.9473
2333.45 2333.45 0.0 104835.4604
2347.59 2347.59 0.0 104812.1592
2361.74 2361.74 0.0 104788.9893
2375.88 2375.88 0.0 104765.9468
2390.02 2390.02 0.0 104742.9746
2404.16 2404.16 0.0 104720.0454
2418.31 2418.31 0.0 104697.1125
2432.45 2432.45 0.0 104674.1763
2446.59 2446.59 0.0 104651.1965
2460.73 2460.73 0.0 104628.1489
2474.87 2474.87 0.0 104605.0132
2489.02 2489.02 0.0 104581.7549
2503.16 2503.16 0.0 104558.4043
2517.3 2517.3 0.0 104534.9321
2531.44 2531.44 0.0 104511.3296
2545.58 2545.58 0.0 104487.6113
2559.73 2559.73 0.0 104463.7524
2573.87 2573.87 0.0 104439.8062
2588.01 2588.01 0.0 104415.7717
2602.15 2602.15 0.0 104391.6614
2616.3 2616.3 0.0 104367.4834
2630.44 2630.44 0.0 104343.2932
2644.58 2644.58 0.0 104319.1025
2658.72 2658.72 0.0 104294.9446
2672.86 2672.86 0.0 104270.8535
2687.01 2687.01 0.0 104246.8379
2701.15 2701.15 0.0 104222.9734
2715.29 2715.29 0.0 104199.2710
2729.43 2729.43 0.0 104175.7703
2743.57 2743.57 0.0 104152.5073
2757.72 2757.72 0.0 104129.4922
2771.86 2771.86 0.0 104106.7969
2786.0 2786.0 0.0 104084.4297
2800.14 2800.14 0.0 104062.4243
2814.28 2814.28 0.0 104040.8054
2828.43 2828.43 0.0 104019.5798
2842.57 2842.57 0.0 103998.8037
2856.71 2856.71 0.0 103978.4773
2870.85 2870.85 0.0 103958.6213
2885.0 2885.0 0.0 103939.2410
2899.14 2899.14 0.0 103920.3638
2913.28 2913.28 0.0 103901.9946
2927.42 2927.42 0.0 103884.1367
2941.56 2941.56 0.0 103866.7920
2955.71 2955.71 0.0 103849.9583
2969.85 2969.85 0.0 103833.6538
2983.99 2983.99 0.0 103817.8652
2998.13 2998.13 0.0 103802.5950
3012.27 3012.27 0.0 103787.8284
3026.42 3026.42 0.0 103773.5552
3040.56 3040.56 0.0 103759.7871
3054.7 3054.7 0.0 103746.5022
3068.84 3068.84 0.0 103733.6887
3082.99 3082.99 0.0 103721.3333
3097.13 3097.13 0.0 103709.4353
3111.27 3111.27 0.0 103697.9771
3125.41 3125.41 0.0 103686.9438
3139.55 3139.55 0.0 103676.3215
3153.7 3153.7 0.0 103666.0891
3167.84 3167.84 0.0 103656.2463
3181.98 3181.98 0.0 103646.7712
3196.12 3196.12 0.0 103637.6531
3210.26 3210.26 0.0 103628.8708
3224.41 3224.41 0.0 103620.4119
3238.55 3238.55 0.0 103612.2673
3252.69 3252.69 0.0 103604.4185
3266.83 3266.83 0.0 103596.8564
3280.98 3280.98 0.0 103589.5554
3295.12 3295.12 0.0 103582.5132
3309.26 3309.26 0.0 103575.7161
3323.4 3323.4 0.0 103569.1479
3337.54 3337.54 0.0 103562.7979
3351.69 3351.69 0.0 103556.6467
3365.83 3365.83 0.0 103550.6926
3379.97 3379.97 0.0 103544.9214
3394.11 3394.11 0.0 103539.3225
3408.25 3408.25 0.0 103533.8804
3422.4 3422.4 0.0 103528.5862
3436.54 3436.54 0.0 103523.4343
3450.68 3450.68 0.0 103518.4182
3464.82 3464.82 0.0 103513.5176
3478.97 3478.97 0.0 103508.7278
3493.11 3493.11 0.0 103504.0457
3507.25 3507.25 0.0 103499.4556
3521.39 3521.39 0.0 103494.9580
3535.53 3535.53 0.0 103490.5388
3549.68 3549.68 0.0 103486.1860
3563.82 3563.82 0.0 103481.9080
3577.96 3577.96 0.0 103477.6863
3592.1 3592.1 0.0 103473.5203
3606.24 3606.24 0.0 103469.4009
3620.39 3620.39 0.0 103465.3181
3634.53 3634.53 0.0 103461.2766
3648.67 3648.67 0.0 103457.2637
3662.81 3662.81 0.0 103453.2793
3676.96 3676.96 0.0 103449.3088
3691.1 3691.1 0.0 103445.3643
3705.24 3705.24 0.0 103441.4290
3719.38 3719.38 0.0 103437.5007
3733.52 3733.52 0.0 103433.5791
3747.67 3747.67 0.0 103429.6548
3761.81 3761.81 0.0 103425.7295
3775.95 3775.95 0.0 103421.7993
3790.09 3790.09 0.0 103417.8579
3804.23 3804.23 0.0 103413.9060
3818.38 3818.38 0.0 103409.9365
3832.52 3832.52 0.0 103405.9509
3846.66 3846.66 0.0 103401.9463
3860.8 3860.8 0.0 103397.9214
3874.95 3874.95 0.0 103393.8672
3889.09 3889.09 0.0 103389.7891
3903.23 3903.23 0.0 103385.6841
3917.37 3917.37 0.0 103381.5488
3931.51 3931.51 0.0 103377.3828
3945.66 3945.66 0.0 103373.1775
3959.8 3959.8 0.0 103368.9425
3973.94 3973.94 0.0 103364.6698
3988.08 3988.08 0.0 103360.3645
4002.22 4002.22 0.0 103356.0187
4016.37 4016.37 0.0 103351.6301
4030.51 4030.51 0.0 103347.2056
4044.65 4044.65 0.0 103342.7408
4058.79 4058.79 0.0 103338.2361
4072.94 4072.94 0.0 103333.6852
4087.08 4087.08 0.0 103329.0977
4101.22 4101.22 0.0 103324.4620
4115.36 4115.36 0.0 103319.7910
4129.5 4129.5 0.0 103315.0718
4143.65 4143.65 0.0 103310.3092
4157.79 4157.79 0.0 103305.5068
4171.93 4171.93 0.0 103300.6619
4186.07 4186.07 0.0 103295.7720
4200.21 4200.21 0.0 103290.8418
4214.36 4214.36 0.0 103285.8662
4228.5 4228.5 0.0 103280.8507
4242.64 4242.64 0.0 103275.7925
