0.0 0.0 0.0 880107.3750
14.1421 14.1421 0.0 1213369.1250
28.2843 28.2843 0.0 1205975.3750
42.4264 42.4264 0.0 1201950.8750
56.5685 56.5685 0.0 1190975.2500
70.7107 70.7107 0.0 1173047.5000
84.8528 84.8528 0.0 1149427.6250
98.9949 98.9949 0.0 1121434.1875
113.137 113.137 0.0 1090229.1250
127.279 127.279 0.0 1056791.6875
141.421 141.421 0.0 1021915.5625
155.563 155.563 0.0 986226.3750
169.706 169.706 0.0 950199.5625
183.848 183.848 0.0 914194.2500
197.99 197.99 0.0 878462.5625
212.132 212.132 0.0 843180.0625
226.274 226.274 0.0 808471.6250
240.416 240.416 0.0 774425.5000
254.558 254.558 0.0 741112.8125
268.701 268.701 0.0 708595.6875
282.843 282.843 0.0 676945.1250
296.985 296.985 0.0 646231.6875
311.127 311.127 0.0 616535.2812
325.269 325.269 0.0 587942.0312
339.411 339.411 0.0 560539.0938
353.553 353.553 0.0 534411.3438
367.696 367.696 0.0 509630.6875
381.838 381.838 0.0 486258.8438
395.98 395.98 0.0 464330.9062
410.122 410.122 0.0 443858.0312
424.264 424.264 0.0 424825.1250
438.406 438.406 0.0 407190.3125
452.548 452.548 0.0 390889.3750
466.69 466.69 0.0 375840.1562
480.833 480.833 0.0 361947.9844
494.975 494.975 0.0 349114.7031
509.117 509.117 0.0 337239.9531
523.259 523.259 0.0 326228.8281
537.401 537.401 0.0 315993.5625
551.543 551.543 0.0 306456.3906
565.685 565.685 0.0 297548.7031
579.828 579.828 0.0 289212.0781
593.97 593.97 0.0 281397.3750
608.112 608.112 0.0 274061.5312
622.254 622.254 0.0 267168.1094
636.396 636.396 0.0 260685.6094
650.538 650.538 0.0 254585.8281
664.68 664.68 0.0 248843.5000
678.823 678.823 0.0 243435.2031
692.965 692.965 0.0 238340.0938
707.107 707.107 0.0 233537.5000
721.249 721.249 0.0 229008.0312
735.391 735.391 0.0 224733.5234
749.533 749.533 0.0 220696.4141
763.675 763.675 0.0 216880.0703
777.817 777.817 0.0 213268.8047
791.96 791.96 0.0 209847.4453
806.102 806.102 0.0 206602.4375
820.244 820.244 0.0 203520.4453
834.386 834.386 0.0 200589.0547
848.528 848.528 0.0 197796.9844
862.67 862.67 0.0 195133.4766
876.812 876.812 0.0 192588.9609
890.955 890.955 0.0 190154.1562
905.097 905.097 0.0 187821.2266
919.239 919.239 0.0 185582.3984
933.381 933.381 0.0 183431.0000
947.523 947.523 0.0 181360.6641
961.665 961.665 0.0 179365.8203
975.807 975.807 0.0 177441.4062
989.949 989.949 0.0 175582.7812
1004.09 1004.09 0.0 173785.9766
1018.23 1018.23 0.0 172047.2109
1032.38 1032.38 0.0 170361.7656
1046.52 1046.52 0.0 168729.0469
1060.66 1060.66 0.0 167145.0469
1074.8 1074.8 0.0 165607.1406
1088.94 1088.94 0.0 164113.1133
1103.09 1103.09 0.0 162659.8359
1117.23 1117.23 0.0 161247.3320
1131.37 1131.37 0.0 159872.7891
1145.51 1145.51 0.0 158534.6016
1159.66 1159.66 0.0 157230.3086
1173.8 1173.8 0.0 155960.4570
1187.94 1187.94 0.0 154722.9531
1202.08 1202.08 0.0 153516.7656
1216.22 1216.22 0.0 152341.1836
1230.37 1230.37 0.0 151194.8555
1244.51 1244.51 0.0 150079.1484
1258.65 1258.65 0.0 148993.2578
1272.79 1272.79 0.0 147937.4141
1286.93 1286.93 0.0 146912.2383
1301.08 1301.08 0.0 145917.7891
1315.22 1315.22 0.0 144956.4414
1329.36 1329.36 0.0 144028.6172
1343.5 1343.5 0.0 143135.3008
1357.65 1357.65 0.0 142276.7812
1371.79 1371.79 0.0 141454.7031
1385.93 1385.93 0.0 140668.2812
1400.07 1400.07 0.0 139916.9141
1414.21 1414.21 0.0 139199.4570
1428.36 1428.36 0.0 138514.3438
1442.5 1442.5 0.0 137861.7930
1456.64 1456.64 0.0 137241.3672
1470.78 1470.78 0.0 136653.5859
1484.92 1484.92 0.0 136098.8906
1499.07 1499.07 0.0 135576.0938
1513.21 1513.21 0.0 135083.1836
1527.35 1527.35 0.0 134614.6914
1541.49 1541.49 0.0 134163.9688
1555.63 1555.63 0.0 133723.7793
1569.78 1569.78 0.0 133287.3418
1583.92 1583.92 0.0 132850.4375
1598.06 1598.06 0.0 132409.9824
1612.2 1612.2 0.0 131965.3633
1626.35 1626.35 0.0 131517.3691
1640.49 1640.49 0.0 131069.0234
1654.63 1654.63 0.0 130623.0957
1668.77 1668.77 0.0 130182.9395
1682.91 1682.91 0.0 129751.7305
1697.06 1697.06 0.0 129332.0488
1711.2 1711.2 0.0 128926.7188
1725.34 1725.34 0.0 128537.0410
1739.48 1739.48 0.0 128164.0488
1753.62 1753.62 0.0 127808.0449
1767.77 1767.77 0.0 127468.6250
1781.91 1781.91 0.0 127145.5938
1796.05 1796.05 0.0 126837.6133
1810.19 1810.19 0.0 126543.3145
1824.34 1824.34 0.0 126260.8809
1838.48 1838.48 0.0 125988.9199
1852.62 1852.62 0.0 125725.3926
1866.76 1866.76 0.0 125468.4453
1880.9 1880.9 0.0 125216.2715
1895.05 1895.05 0.0 124967.0195
1909.19 1909.19 0.0 124719.5801
1923.33 1923.33 0.0 124472.5156
1937.47 1937.47 0.0 124224.9082
1951.61 1951.61 0.0 123976.1445
1965.76 1965.76 0.0 123725.7656
1979.9 1979.9 0.0 123474.2148
1994.04 1994.04 0.0 123221.7207
2008.18 2008.18 0.0 122968.9688
2022.33 2022.33 0.0 122716.7266
2036.47 2036.47 0.0 122466.3828
2050.61 2050.61 0.0 122218.8965
2064.75 2064.75 0.0 121975.3203
2078.89 2078.89 0.0 121736.6406
2093.04 2093.04 0.0 121503.5293
2107.18 2107.18 0.0 121276.8691
2121.32 2121.32 0.0 121056.8633
2135.46 2135.46 0.0 120843.6250
2149.6 2149.6 0.0 120637.0664
2163.75 2163.75 0.0 120436.7520
2177.89 2177.89 0.0 120242.5605
2192.03 2192.03 0.0 120053.8301
2206.17 2206.17 0.0 119870.0117
2220.32 2220.32 0.0 119690.4219
2234.46 2234.46 0.0 119514.7910
2248.6 2248.6 0.0 119342.5156
2262.74 2262.74 0.0 119173.1816
2276.88 2276.88 0.0 119006.4863
2291.03 2291.03 0.0 118842.0527
2305.17 2305.17 0.0 118679.9570
2319.31 2319.31 0.0 118520.0156
2333.45 2333.45 0.0 118362.1895
2347.59 2347.59 0.0 118206.4922
2361.74 2361.74 0.0 118052.9004
2375.88 2375.88 0.0 117901.7383
2390.02 2390.02 0.0 117752.9902
2404.16 2404.16 0.0 117606.7871
2418.31 2418.31 0.0 117463.1592
2432.45 2432.45 0.0 117322.4355
2446.59 2446.59 0.0 117184.5967
2460.73 2460.73 0.0 117049.7354
2474.87 2474.87 0.0 116917.9170
2489.02 2489.02 0.0 116789.0811
2503.16 2503.16 0.0 116663.4072
2517.3 2517.3 0.0 116540.7764
2531.44 2531.44 0.0 116421.0977
2545.58 2545.58 0.0 116304.2822
2559.73 2559.73 0.0 116190.1074
2573.87 2573.87 0.0 116078.5293
2588.01 2588.01 0.0 115969.2656
2602.15 2602.15 0.0 115862.0312
2616.3 2616.3 0.0 115756.4697
2630.44 2630.44 0.0 115652.3691
2644.58 2644.58 0.0 115549.3369
2658.72 2658.72 0.0 115446.9600
2672.86 2672.86 0.0 115344.8574
2687.01 2687.01 0.0 115242.5244
2701.15 2701.15 0.0 115139.7109
2715.29 2715.29 0.0 115035.9170
2729.43 2729.43 0.0 114930.7588
2743.57 2743.57 0.0 114823.8633
2757.72 2757.72 0.0 114714.8086
2771.86 2771.86 0.0 114603.4189
2786.0 2786.0 0.0 114489.3906
2800.14 2800.14 0.0 114372.5146
2814.28 2814.28 0.0 114252.6309
2828.43 2828.43 0.0 114129.5771
2842.57 2842.57 0.0 114003.5127
2856.71 2856.71 0.0 113874.3682
2870.85 2870.85 0.0 113742.2520
2885.0 2885.0 0.0 113607.2334
2899.14 2899.14 0.0 113469.7080
2913.28 2913.28 0.0 113329.8438
2927.42 2927.42 0.0 113187.9648
2941.56 2941.56 0.0 113044.3779
2955.71 2955.71 0.0 112899.3486
2969.85 2969.85 0.0 112753.4746
2983.99 2983.99 0.0 112607.0762
2998.13 2998.13 0.0 112460.5127
3012.27 3012.27 0.0 112314.2129
3026.42 3026.42 0.0 112168.4570
3040.56 3040.56 0.0 112023.8350
3054.7 3054.7 0.0 111880.6035
3068.84 3068.84 0.0 111739.1113
3082.99 3082.99 0.0 111599.5693
3097.13 3097.13 0.0 111462.4834
3111.27 3111.27 0.0 111328.0107
3125.41 3125.41 0.0 111196.3887
3139.55 3139.55 0.0 111067.8232
3153.7 3153.7 0.0 110942.3926
3167.84 3167.84 0.0 110820.4355
3181.98 3181.98 0.0 110701.9746
3196.12 3196.12 0.0 110587.1094
3210.26 3210.26 0.0 110475.8936
3224.41 3224.41 0.0 110368.3115
3238.55 3238.55 0.0 110264.5273
3252.69 3252.69 0.0 110164.4531
3266.83 3266.83 0.0 110068.0850
3280.98 3280.98 0.0 109975.3047
3295.12 3295.12 0.0 109886.2158
3309.26 3309.26 0.0 109800.6689
3323.4 3323.4 0.0 109718.5811
3337.54 3337.54 0.0 109639.8770
3351.69 3351.69 0.0 109564.4141
3365.83 3365.83 0.0 109492.1812
3379.97 3379.97 0.0 109423.0259
3394.11 3394.11 0.0 109356.8208
3408.25 3408.25 0.0 109293.4834
3422.4 3422.4 0.0 109232.8208
3436.54 3436.54 0.0 109174.8174
3450.68 3450.68 0.0 109119.3032
3464.82 3464.82 0.0 109066.1738
3478.97 3478.97 0.0 109015.2671
3493.11 3493.11 0.0 108966.5522
3507.25 3507.25 0.0 108919.8730
3521.39 3521.39 0.0 108875.1167
3535.53 3535.53 0.0 108832.1958
3549.68 3549.68 0.0 108790.9683
3563.82 3563.82 0.0 108751.3950
3577.96 3577.96 0.0 108713.3647
3592.1 3592.1 0.0 108676.7715
3606.24 3606.24 0.0 108641.5439
3620.39 3620.39 0.0 108607.5820
3634.53 3634.53 0.0 108574.8481
3648.67 3648.67 0.0 108543.2373
3662.81 3662.81 0.0 108512.6973
3676.96 3676.96 0.0 108483.1357
3691.1 3691.1 0.0 108454.5317
3705.24 3705.24 0.0 108426.8213
3719.38 3719.38 0.0 108399.9238
3733.52 3733.52 0.0 108373.8149
3747.67 3747.67 0.0 108348.4194
3761.81 3761.81 0.0 108323.7300
3775.95 3775.95 0.0 108299.6802
3790.09 3790.09 0.0 108276.2422
3804.23 3804.23 0.0 108253.3696
3818.38 3818.38 0.0 108231.0176
3832.52 3832.52 0.0 108209.1895
3846.66 3846.66 0.0 108187.8408
3860.8 3860.8 0.0 108166.9321
3874.95 3874.95 0.0 108146.4272
3889.09 3889.09 0.0 108126.3428
3903.23 3903.23 0.0 108106.6221
3917.37 3917.37 0.0 108087.2686
3931.51 3931.51 0.0 108068.2383
3945.66 3945.66 0.0 108049.5044
3959.8 3959.8 0.0 108031.0869
3973.94 3973.94 0.0 108012.9424
3988.08 3988.08 0.0 107995.0654
4002.22 4002.22 0.0 107977.4351
4016.37 4016.37 0.0 107960.0342
4030.51 4030.51 0.0 107942.8643
4044.65 4044.65 0.0 107925.9053
4058.79 4058.79 0.0 107909.1455
4072.94 4072.94 0.0 107892.5625
4087.08 4087.08 0.0 107876.1675
4101.22 4101.22 0.0 107859.9536
4115.36 4115.36 0.0 107843.8936
4129.5 4129.5 0.0 107827.9868
4143.65 4143.65 0.0 107812.2188
4157.79 4157.79 0.0 107796.5947
4171.93 4171.93 0.0 107781.1138
4186.07 4186.07 0.0 107765.7583
4200.21 4200.21 0.0 107750.5254
4214.36 4214.36 0.0 107735.4009
4228.5 4228.5 0.0 107720.3970
4242.64 4242.64 0.0 107705.5068
