0.0 0.0 0.0 743837.1250
14.1421 14.1421 0.0 818938.2500
28.2843 28.2843 0.0 724173.3750
42.4264 42.4264 0.0 608329.4375
56.5685 56.5685 0.0 479183.5000
70.7107 70.7107 0.0 373505.2188
84.8528 84.8528 0.0 305372.6562
98.9949 98.9949 0.0 259559.6094
113.137 113.137 0.0 227360.5859
127.279 127.279 0.0 204438.7891
141.421 141.421 0.0 187577.5469
155.563 155.563 0.0 174607.0469
169.706 169.706 0.0 164296.8828
183.848 183.848 0.0 155982.7617
197.99 197.99 0.0 149245.1680
212.132 212.132 0.0 143761.3203
226.274 226.274 0.0 139262.1367
240.416 240.416 0.0 135526.9922
254.558 254.558 0.0 132381.8711
268.701 268.701 0.0 129694.0801
282.843 282.843 0.0 127365.4395
296.985 296.985 0.0 125323.3242
311.127 311.127 0.0 123514.5605
325.269 325.269 0.0 121899.9102
339.411 339.411 0.0 120449.9336
353.553 353.553 0.0 119142.1582
367.696 367.696 0.0 117958.7090
381.838 381.838 0.0 116885.4736
395.98 395.98 0.0 115910.4053
410.122 410.122 0.0 115023.4229
424.264 424.264 0.0 114215.7275
438.406 438.406 0.0 113479.6064
452.548 452.548 0.0 112808.2715
466.69 466.69 0.0 112195.6221
480.833 480.833 0.0 111636.2441
494.975 494.975 0.0 111125.3652
509.117 509.117 0.0 110658.6973
523.259 523.259 0.0 110232.4502
537.401 537.401 0.0 109843.3408
551.543 551.543 0.0 109488.4941
565.685 565.685 0.0 109165.4648
579.828 579.828 0.0 108872.1978
593.97 593.97 0.0 108607.0283
608.112 608.112 0.0 108368.5420
622.254 622.254 0.0 108155.5259
636.396 636.396 0.0 107966.8105
650.538 650.538 0.0 107800.9985
664.68 664.68 0.0 107656.0796
678.823 678.823 0.0 107528.8711
692.965 692.965 0.0 107414.4648
707.107 707.107 0.0 107305.6382
721.249 721.249 0.0 107192.8945
735.391 735.391 0.0 107065.4219
749.533 749.533 0.0 106913.5020
763.675 763.675 0.0 106731.7373
777.817 777.817 0.0 106521.8555
791.96 791.96 0.0 106293.0435
806.102 806.102 0.0 106059.3237
820.244 820.244 0.0 105834.8130
834.386 834.386 0.0 105629.6387
848.528 848.528 0.0 105448.2080
862.67 862.67 0.0 105289.9355
876.812 876.812 0.0 105151.3611
890.955 890.955 0.0 105028.2666
905.097 905.097 0.0 104917.0300
919.239 919.239 0.0 104815.0254
933.381 933.381 0.0 104720.6013
947.523 947.523 0.0 104632.7786
961.665 961.665 0.0 104550.9778
975.807 975.807 0.0 104474.7983
989.949 989.949 0.0 104403.9138
1004.09 1004.09 0.0 104338.0410
1018.23 1018.23 0.0 104276.8655
1032.38 1032.38 0.0 104220.0359
1046.52 1046.52 0.0 104167.3286
1060.66 1060.66 0.0 104118.4075
1074.8 1074.8 0.0 104072.9692
1088.94 1088.94 0.0 104030.7432
1103.09 1103.09 0.0 103991.4407
1117.23 1117.23 0.0 103954.8789
1131.37 1131.37 0.0 103920.8210
1145.51 1145.51 0.0 103889.0771
1159.66 1159.66 0.0 103859.4661
1173.8 1173.8 0.0 103831.8755
1187.94 1187.94 0.0 103806.1440
1202.08 1202.08 0.0 103782.1284
1216.22 1216.22 0.0 103759.6873
1230.37 1230.37 0.0 103738.6355
1244.51 1244.51 0.0 103718.8408
1258.65 1258.65 0.0 103700.1050
1272.79 1272.79 0.0 103682.2498
1286.93 1286.93 0.0 103665.0991
1301.08 1301.08 0.0 103648.4927
1315.22 1315.22 0.0 103632.3103
1329.36 1329.36 0.0 103616.4424
1343.5 1343.5 0.0 103600.8049
1357.65 1357.65 0.0 103585.3354
1371.79 1371.79 0.0 103570.0308
1385.93 1385.93 0.0 103554.8638
1400.07 1400.07 0.0 103539.8445
1414.21 1414.21 0.0 103524.9807
1428.36 1428.36 0.0 103510.2852
1442.5 1442.5 0.0 103495.7974
1456.64 1456.64 0.0 103481.5237
1470.78 1470.78 0.0 103467.4846
1484.92 1484.92 0.0 103453.6929
1499.07 1499.07 0.0 103440.1492
1513.21 1513.21 0.0 103426.8794
1527.35 1527.35 0.0 103413.8789
1541.49 1541.49 0.0 103401.1428
1555.63 1555.63 0.0 103388.6741
1569.78 1569.78 0.0 103376.4553
1583.92 1583.92 0.0 103364.5026
1598.06 1598.06 0.0 103352.7938
1612.2 1612.2 0.0 103341.3236
1626.35 1626.35 0.0 103330.0723
1640.49 1640.49 0.0 103319.0477
1654.63 1654.63 0.0 103308.2297
1668.77 1668.77 0.0 103297.6127
1682.91 1682.91 0.0 103287.1854
1697.06 1697.06 0.0 103276.9302
1711.2 1711.2 0.0 103266.8556
1725.34 1725.34 0.0 103256.9448
1739.48 1739.48 0.0 103247.1938
1753.62 1753.62 0.0 103237.5912
1767.77 1767.77 0.0 103228.1281
1781.91 1781.91 0.0 103218.8153
1796.05 1796.05 0.0 103209.6372
1810.19 1810.19 0.0 103200.5874
1824.34 1824.34 0.0 103191.6647
1838.48 1838.48 0.0 103182.8737
1852.62 1852.62 0.0 103174.2032
1866.76 1866.76 0.0 103165.6567
1880.9 1880.9 0.0 103157.2290
1895.05 1895.05 0.0 103148.9137
1909.19 1909.19 0.0 103140.7167
1923.33 1923.33 0.0 103132.6354
1937.47 1937.47 0.0 103124.6639
1951.61 1951.61 0.0 103116.8053
1965.76 1965.76 0.0 103109.0464
1979.9 1979.9 0.0 103101.4023
1994.04 1994.04 0.0 103093.8625
2008.18 2008.18 0.0 103086.4253
2022.33 2022.33 0.0 103079.0842
2036.47 2036.47 0.0 103071.8473
2050.61 2050.61 0.0 103064.7072
2064.75 2064.75 0.0 103057.6624
2078.89 2078.89 0.0 103050.7108
2093.04 2093.04 0.0 103043.8446
2107.18 2107.18 0.0 103037.0724
2121.32 2121.32 0.0 103030.3881
2135.46 2135.46 0.0 103023.7910
2149.6 2149.6 0.0 103017.2761
2163.75 2163.75 0.0 103010.8376
2177.89 2177.89 0.0 103004.4867
2192.03 2192.03 0.0 102998.2090
2206.17 2206.17 0.0 102992.0121
2220.32 2220.32 0.0 102985.8832
2234.46 2234.46 0.0 102979.8328
2248.6 2248.6 0.0 102973.8530
2262.74 2262.74 0.0 102967.9426
2276.88 2276.88 0.0 102962.0995
2291.03 2291.03 0.0 102956.3160
2305.17 2305.17 0.0 102950.6040
2319.31 2319.31 0.0 102944.9529
2333.45 2333.45 0.0 102939.3615
2347.59 2347.59 0.0 102933.8275
2361.74 2361.74 0.0 102928.3431
2375.88 2375.88 0.0 102922.9163
2390.02 2390.02 0.0 102917.5426
2404.16 2404.16 0.0 102912.2203
2418.31 2418.31 0.0 102906.9370
2432.45 2432.45 0.0 102901.7042
2446.59 2446.59 0.0 102896.5133
2460.73 2460.73 0.0 102891.3651
2474.87 2474.87 0.0 102886.2559
2489.02 2489.02 0.0 102881.1783
2503.16 2503.16 0.0 102876.1385
2517.3 2517.3 0.0 102871.1313
2531.44 2531.44 0.0 102866.1565
2545.58 2545.58 0.0 102861.2085
2559.73 2559.73 0.0 102856.2866
2573.87 2573.87 0.0 102851.3928
2588.01 2588.01 0.0 102846.5221
2602.15 2602.15 0.0 102841.6753
2616.3 2616.3 0.0 102836.8478
2630.44 2630.44 0.0 102832.0413
2644.58 2644.58 0.0 102827.2557
2658.72 2658.72 0.0 102822.4855
2672.86 2672.86 0.0 102817.7351
2687.01 2687.01 0.0 102812.9950
2701.15 2701.15 0.0 102808.2755
2715.29 2715.29 0.0 102803.5690
2729.43 2729.43 0.0 102798.8760
2743.57 2743.57 0.0 102794.1964
2757.72 2757.72 0.0 102789.5248
2771.86 2771.86 0.0 102784.8705
2786.0 2786.0 0.0 102780.2272
2800.14 2800.14 0.0 102775.5950
2814.28 2814.28 0.0 102770.9720
2828.43 2828.43 0.0 102766.3589
2842.57 2842.57 0.0 102761.7593
2856.71 2856.71 0.0 102757.1688
2870.85 2870.85 0.0 102752.5875
2885.0 2885.0 0.0 102748.0155
2899.14 2899.14 0.0 102743.4553
2913.28 2913.28 0.0 102738.9038
2927.42 2927.42 0.0 102734.3647
2941.56 2941.56 0.0 102729.8330
2955.71 2955.71 0.0 102725.3083
2969.85 2969.85 0.0 102720.7969
2983.99 2983.99 0.0 102716.2954
2998.13 2998.13 0.0 102711.8052
3012.27 3012.27 0.0 102707.3209
3026.42 3026.42 0.0 102702.8451
3040.56 3040.56 0.0 102698.3826
3054.7 3054.7 0.0 102693.9319
3068.84 3068.84 0.0 102689.4902
3082.99 3082.99 0.0 102685.0554
3097.13 3097.13 0.0 102680.6328
3111.27 3111.27 0.0 102676.2230
3125.41 3125.41 0.0 102671.8214
3139.55 3139.55 0.0 102667.4304
3153.7 3153.7 0.0 102663.0487
3167.84 3167.84 0.0 102658.6780
3181.98 3181.98 0.0 102654.3203
3196.12 3196.12 0.0 102649.9707
3210.26 3210.26 0.0 102645.6333
3224.41 3224.41 0.0 102641.3031
3238.55 3238.55 0.0 102636.9867
3252.69 3252.69 0.0 102632.6798
3266.83 3266.83 0.0 102628.3866
3280.98 3280.98 0.0 102624.0992
3295.12 3295.12 0.0 102619.8257
3309.26 3309.26 0.0 102615.5629
3323.4 3323.4 0.0 102611.3130
3337.54 3337.54 0.0 102607.0714
3351.69 3351.69 0.0 102602.8391
3365.83 3365.83 0.0 102598.6206
3379.97 3379.97 0.0 102594.4126
3394.11 3394.11 0.0 102590.2153
3408.25 3408.25 0.0 102586.0283
3422.4 3422.4 0.0 102581.8506
3436.54 3436.54 0.0 102577.6864
3450.68 3450.68 0.0 102573.5337
3464.82 3464.82 0.0 102569.3906
3478.97 3478.97 0.0 102565.2554
3493.11 3493.11 0.0 102561.1356
3507.25 3507.25 0.0 102557.0249
3521.39 3521.39 0.0 102552.9254
3535.53 3535.53 0.0 102548.8384
3549.68 3549.68 0.0 102544.7557
3563.82 3563.82 0.0 102540.6903
3577.96 3577.96 0.0 102536.6335
3592.1 3592.1 0.0 102532.5891
3606.24 3606.24 0.0 102528.5533
3620.39 3620.39 0.0 102524.5275
3634.53 3634.53 0.0 102520.5155
3648.67 3648.67 0.0 102516.5125
3662.81 3662.81 0.0 102512.5205
3676.96 3676.96 0.0 102508.5375
3691.1 3691.1 0.0 102504.5685
3705.24 3705.24 0.0 102500.6082
3719.38 3719.38 0.0 102496.6600
3733.52 3733.52 0.0 102492.7229
3747.67 3747.67 0.0 102488.7930
3761.81 3761.81 0.0 102484.8762
3775.95 3775.95 0.0 102480.9716
3790.09 3790.09 0.0 102477.0767
3804.23 3804.23 0.0 102473.1945
3818.38 3818.38 0.0 102469.3170
3832.52 3832.52 0.0 102465.4565
3846.66 3846.66 0.0 102461.6047
3860.8 3860.8 0.0 102457.7649
3874.95 3874.95 0.0 102453.9336
3889.09 3889.09 0.0 102450.1149
3903.23 3903.23 0.0 102446.3085
3917.37 3917.37 0.0 102442.5111
3931.51 3931.51 0.0 102438.7256
3945.66 3945.66 0.0 102434.9498
3959.8 3959.8 0.0 102431.1857
3973.94 3973.94 0.0 102427.4342
3988.08 3988.08 0.0 102423.6946
4002.22 4002.22 0.0 102419.9650
4016.37 4016.37 0.0 102416.2444
4030.51 4030.51 0.0 102412.5378
4044.65 4044.65 0.0 102408.8420
4058.79 4058.79 0.0 102405.1582
4072.94 4072.94 0.0 102401.4832
4087.08 4087.08 0.0 102397.8232
4101.22 4101.22 0.0 102394.1738
4115.36 4115.36 0.0 102390.5367
4129.5 4129.5 0.0 102386.9120
4143.65 4143.65 0.0 102383.2952
4157.79 4157.79 0.0 102379.6925
4171.93 4171.93 0.0 102376.1027
4186.07 4186.07 0.0 102372.5239
4200.21 4200.21 0.0 102368.9585
4214.36 4214.36 0.0 102365.4011
4228.5 4228.5 0.0 102361.8590
4242.64 4242.64 0.0 102358.3289
