0.0 0.0 0.0 318053.5625
14.1421 14.1421 0.0 341364.9844
28.2843 28.2843 0.0 341695.3281
42.4264 42.4264 0.0 342288.3438
56.5685 56.5685 0.0 342778.1094
70.7107 70.7107 0.0 343127.5000
84.8528 84.8528 0.0 343334.0000
98.9949 98.9949 0.0 343399.5469
113.137 113.137 0.0 343327.8906
127.279 127.279 0.0 343123.8906
141.421 141.421 0.0 342792.9531
155.563 155.563 0.0 342341.1719
169.706 169.706 0.0 341775.5156
183.848 183.848 0.0 341102.8125
197.99 197.99 0.0 340330.3906
212.132 212.132 0.0 339465.4844
226.274 226.274 0.0 338514.9062
240.416 240.416 0.0 337485.7188
254.558 254.558 0.0 336384.1562
268.701 268.701 0.0 335216.7344
282.843 282.843 0.0 333989.1094
296.985 296.985 0.0 332707.0312
311.127 311.127 0.0 331375.5625
325.269 325.269 0.0 329999.3906
339.411 339.411 0.0 328583.3125
353.553 353.553 0.0 327130.8750
367.696 367.696 0.0 325646.2031
381.838 381.838 0.0 324132.6094
395.98 395.98 0.0 322593.4219
410.122 410.122 0.0 321031.2031
424.264 424.264 0.0 319448.5156
438.406 438.406 0.0 317847.9844
452.548 452.548 0.0 316231.5312
466.69 466.69 0.0 314600.8281
480.833 480.833 0.0 312957.7969
494.975 494.975 0.0 311303.8125
509.117 509.117 0.0 309640.3438
523.259 523.259 0.0 307968.4531
537.401 537.401 0.0 306289.0156
551.543 551.543 0.0 304603.0625
565.685 565.685 0.0 302911.5312
579.828 579.828 0.0 301214.7500
593.97 593.97 0.0 299513.8125
608.112 608.112 0.0 297808.9062
622.254 622.254 0.0 296100.6406
636.396 636.396 0.0 294389.4219
650.538 650.538 0.0 292675.7656
664.68 664.68 0.0 290959.9062
678.823 678.823 0.0 289242.0156
692.965 692.965 0.0 287522.8281
707.107 707.107 0.0 285802.4688
721.249 721.249 0.0 284081.2812
735.391 735.391 0.0 282359.5469
749.533 749.533 0.0 280637.7031
763.675 763.675 0.0 278916.1094
777.817 777.817 0.0 277195.0781
791.96 791.96 0.0 275475.0781
806.102 806.102 0.0 273756.7188
820.244 820.244 0.0 272040.2812
834.386 834.386 0.0 270326.3750
848.528 848.528 0.0 268615.6250
862.67 862.67 0.0 266908.5469
876.812 876.812 0.0 265205.6719
890.955 890.955 0.0 263507.6094
905.097 905.097 0.0 261815.3594
919.239 919.239 0.0 260129.5000
933.381 933.381 0.0 258450.7500
947.523 947.523 0.0 256779.9688
961.665 961.665 0.0 255117.8906
975.807 975.807 0.0 253465.2656
989.949 989.949 0.0 251823.1719
1004.09 1004.09 0.0 250192.3438
1018.23 1018.23 0.0 248573.7969
1032.38 1032.38 0.0 246967.0781
1046.52 1046.52 0.0 245375.3594
1060.66 1060.66 0.0 243798.2656
1074.8 1074.8 0.0 242236.7344
1088.94 1088.94 0.0 240691.5469
1103.09 1103.09 0.0 239162.4531
1117.23 1117.23 0.0 237652.3906
1131.37 1131.37 0.0 236161.0000
1145.51 1145.51 0.0 234688.9375
1159.66 1159.66 0.0 233236.0312
1173.8 1173.8 0.0 231804.7109
1187.94 1187.94 0.0 230394.5781
1202.08 1202.08 0.0 229006.2812
1216.22 1216.22 0.0 227640.1328
1230.37 1230.37 0.0 226295.6562
1244.51 1244.51 0.0 224975.0156
1258.65 1258.65 0.0 223677.6875
1272.79 1272.79 0.0 222403.6406
1286.93 1286.93 0.0 221153.2578
1301.08 1301.08 0.0 219925.7188
1315.22 1315.22 0.0 218722.6562
1329.36 1329.36 0.0 217543.2656
1343.5 1343.5 0.0 216387.3438
1357.65 1357.65 0.0 215254.0234
1371.79 1371.79 0.0 214144.6328
1385.93 1385.93 0.0 213058.1250
1400.07 1400.07 0.0 211994.2344
1414.21 1414.21 0.0 210952.3750
1428.36 1428.36 0.0 209931.6250
1442.5 1442.5 0.0 208932.8672
1456.64 1456.64 0.0 207954.8672
1470.78 1470.78 0.0 206997.0625
1484.92 1484.92 0.0 206058.9844
1499.07 1499.07 0.0 205139.3672
1513.21 1513.21 0.0 204238.7344
1527.35 1527.35 0.0 203356.0312
1541.49 1541.49 0.0 202490.4141
1555.63 1555.63 0.0 201641.3438
1569.78 1569.78 0.0 200807.5703
1583.92 1583.92 0.0 199989.5625
1598.06 1598.06 0.0 199186.0625
1612.2 1612.2 0.0 198396.3828
1626.35 1626.35 0.0 197619.3281
1640.49 1640.49 0.0 196855.3438
1654.63 1654.63 0.0 196103.2969
1668.77 1668.77 0.0 195362.4609
1682.91 1682.91 0.0 194632.3203
1697.06 1697.06 0.0 193911.7500
1711.2 1711.2 0.0 193201.1641
1725.34 1725.34 0.0 192499.5391
1739.48 1739.48 0.0 191806.3438
1753.62 1753.62 0.0 191121.0938
1767.77 1767.77 0.0 190442.7734
1781.91 1781.91 0.0 189771.9766
1796.05 1796.05 0.0 189107.7266
1810.19 1810.19 0.0 188449.6562
1824.34 1824.34 0.0 187796.9297
1838.48 1838.48 0.0 187150.1016
1852.62 1852.62 0.0 186508.4219
1866.76 1866.76 0.0 185871.5234
1880.9 1880.9 0.0 185239.2344
1895.05 1895.05 0.0 184610.8281
1909.19 1909.19 0.0 183986.9844
1923.33 1923.33 0.0 183367.0391
1937.47 1937.47 0.0 182750.8203
1951.61 1951.61 0.0 182138.1875
1965.76 1965.76 0.0 181528.5781
1979.9 1979.9 0.0 180922.7266
1994.04 1994.04 0.0 180320.1406
2008.18 2008.18 0.0 179720.7578
2022.33 2022.33 0.0 179124.0859
2036.47 2036.47 0.0 178530.9062
2050.61 2050.61 0.0 177940.8125
2064.75 2064.75 0.0 177353.8047
2078.89 2078.89 0.0 176769.8750
2093.04 2093.04 0.0 176188.6328
2107.18 2107.18 0.0 175610.9531
2121.32 2121.32 0.0 175036.4219
2135.46 2135.46 0.0 174465.1328
2149.6 2149.6 0.0 173897.1484
2163.75 2163.75 0.0 173332.0703
2177.89 2177.89 0.0 172770.8203
2192.03 2192.03 0.0 172213.0156
2206.17 2206.17 0.0 171658.7500
2220.32 2220.32 0.0 171107.6562
2234.46 2234.46 0.0 170560.6250
2248.6 2248.6 0.0 170017.2812
2262.74 2262.74 0.0 169477.6484
2276.88 2276.88 0.0 168941.7734
2291.03 2291.03 0.0 168409.3125
2305.17 2305.17 0.0 167881.0000
2319.31 2319.31 0.0 167356.4141
2333.45 2333.45 0.0 166835.6094
2347.59 2347.59 0.0 166318.4727
2361.74 2361.74 0.0 165804.6250
2375.88 2375.88 0.0 165294.6797
2390.02 2390.02 0.0 164788.2539
2404.16 2404.16 0.0 164285.2539
2418.31 2418.31 0.0 163785.2656
2432.45 2432.45 0.0 163288.8594
2446.59 2446.59 0.0 162795.7461
2460.73 2460.73 0.0 162305.8750
2474.87 2474.87 0.0 161819.2734
2489.02 2489.02 0.0 161335.7109
2503.16 2503.16 0.0 160856.1016
2517.3 2517.3 0.0 160380.3750
2531.44 2531.44 0.0 159908.9961
2545.58 2545.58 0.0 159442.5273
2559.73 2559.73 0.0 158981.4883
2573.87 2573.87 0.0 158527.5273
2588.01 2588.01 0.0 158081.5586
2602.15 2602.15 0.0 157645.1641
2616.3 2616.3 0.0 157219.8984
2630.44 2630.44 0.0 156808.5273
2644.58 2644.58 0.0 156413.2344
2658.72 2658.72 0.0 156036.7852
2672.86 2672.86 0.0 155682.2109
2687.01 2687.01 0.0 155352.3047
2701.15 2701.15 0.0 155050.4648
2715.29 2715.29 0.0 154778.7539
2729.43 2729.43 0.0 154538.2969
2743.57 2743.57 0.0 154328.1172
2757.72 2757.72 0.0 154143.6055
2771.86 2771.86 0.0 153975.2070
2786.0 2786.0 0.0 153805.3594
2800.14 2800.14 0.0 153606.6055
2814.28 2814.28 0.0 153339.7383
2828.43 2828.43 0.0 152953.5977
2842.57 2842.57 0.0 152390.2539
2856.71 2856.71 0.0 151592.8984
2870.85 2870.85 0.0 150521.5703
2885.0 2885.0 0.0 149168.8711
2899.14 2899.14 0.0 147576.4766
2913.28 2913.28 0.0 145829.9766
2927.42 2927.42 0.0 144047.3203
2941.56 2941.56 0.0 142351.3555
2955.71 2955.71 0.0 140841.1523
2969.85 2969.85 0.0 139577.6094
2983.99 2983.99 0.0 138573.1719
2998.13 2998.13 0.0 137805.0742
3012.27 3012.27 0.0 137229.3711
3026.42 3026.42 0.0 136795.5430
3040.56 3040.56 0.0 136458.4297
3054.7 3054.7 0.0 136181.7734
3068.84 3068.84 0.0 135940.6211
3082.99 3082.99 0.0 135719.3242
3097.13 3097.13 0.0 135509.5508
3111.27 3111.27 0.0 135306.9648
3125.41 3125.41 0.0 135109.8477
3139.55 3139.55 0.0 134917.6523
3153.7 3153.7 0.0 134730.0391
3167.84 3167.84 0.0 134546.9805
3181.98 3181.98 0.0 134367.9648
3196.12 3196.12 0.0 134192.3516
3210.26 3210.26 0.0 134019.3574
3224.41 3224.41 0.0 133848.1113
3238.55 3238.55 0.0 133678.0332
3252.69 3252.69 0.0 133508.2969
3266.83 3266.83 0.0 133338.3223
3280.98 3280.98 0.0 133167.5117
3295.12 3295.12 0.0 132995.8086
3309.26 3309.26 0.0 132822.8965
3323.4 3323.4 0.0 132648.7266
3337.54 3337.54 0.0 132473.3574
3351.69 3351.69 0.0 132296.8027
3365.83 3365.83 0.0 132119.5469
3379.97 3379.97 0.0 131941.7109
3394.11 3394.11 0.0 131763.5762
3408.25 3408.25 0.0 131585.5059
3422.4 3422.4 0.0 131407.6387
3436.54 3436.54 0.0 131230.5508
3450.68 3450.68 0.0 131054.4180
3464.82 3464.82 0.0 130879.4688
3478.97 3478.97 0.0 130705.8633
3493.11 3493.11 0.0 130534.0332
3507.25 3507.25 0.0 130364.0117
3521.39 3521.39 0.0 130195.9570
3535.53 3535.53 0.0 130029.9805
3549.68 3549.68 0.0 129866.0449
3563.82 3563.82 0.0 129704.4277
3577.96 3577.96 0.0 129545.0371
3592.1 3592.1 0.0 129387.8770
3606.24 3606.24 0.0 129232.9453
3620.39 3620.39 0.0 129080.0996
3634.53 3634.53 0.0 128929.5000
3648.67 3648.67 0.0 128781.0078
3662.81 3662.81 0.0 128634.5371
3676.96 3676.96 0.0 128489.9297
3691.1 3691.1 0.0 128347.2988
3705.24 3705.24 0.0 128206.4727
3719.38 3719.38 0.0 128067.3477
3733.52 3733.52 0.0 127929.8867
3747.67 3747.67 0.0 127793.8613
3761.81 3761.81 0.0 127659.4023
3775.95 3775.95 0.0 127526.3281
3790.09 3790.09 0.0 127394.5625
3804.23 3804.23 0.0 127264.0293
3818.38 3818.38 0.0 127134.5234
3832.52 3832.52 0.0 127006.2363
3846.66 3846.66 0.0 126878.9238
3860.8 3860.8 0.0 126752.5684
3874.95 3874.95 0.0 126627.0137
3889.09 3889.09 0.0 126502.3613
3903.23 3903.23 0.0 126378.4648
3917.37 3917.37 0.0 126255.2930
3931.51 3931.51 0.0 126132.8047
3945.66 3945.66 0.0 126010.8398
3959.8 3959.8 0.0 125889.5391
3973.94 3973.94 0.0 125768.8086
3988.08 3988.08 0.0 125648.5762
4002.22 4002.22 0.0 125528.8340
4016.37 4016.37 0.0 125409.4648
4030.51 4030.51 0.0 125290.6230
4044.65 4044.65 0.0 125172.2012
4058.79 4058.79 0.0 125054.1855
4072.94 4072.94 0.0 124936.4668
4087.08 4087.08 0.0 124819.2109
4101.22 4101.22 0.0 124702.3301
4115.36 4115.36 0.0 124585.8086
4129.5 4129.5 0.0 124469.6426
4143.65 4143.65 0.0 124353.7734
4157.79 4157.79 0.0 124238.3203
4171.93 4171.93 0.0 124123.2578
4186.07 4186.07 0.0 124008.5645
4200.21 4200.21 0.0 123894.2324
4214.36 4214.36 0.0 123780.2031
4228.5 4228.5 0.0 123666.6602
4242.64 4242.64 0.0 123553.5176
