0.0 0.0 0.0 1884150.8750
14.1421 14.1421 0.0 8752616.0000
28.2843 28.2843 0.0 8876028.0000
42.4264 42.4264 0.0 8600679.0000
56.5685 56.5685 0.0 8095887.5000
70.7107 70.7107 0.0 7471662.5000
84.8528 84.8528 0.0 6790102.0000
98.9949 98.9949 0.0 6086162.5000
113.137 113.137 0.0 5381358.0000
127.279 127.279 0.0 4692239.0000
141.421 141.421 0.0 4035501.7500
155.563 155.563 0.0 3429772.2500
169.706 169.706 0.0 2893317.7500
183.848 183.848 0.0 2438688.5000
197.99 197.99 0.0 2067624.8750
212.132 212.132 0.0 1771286.0000
226.274 226.274 0.0 1534932.3750
240.416 240.416 0.0 1343535.0000
254.558 254.558 0.0 1185050.8750
268.701 268.701 0.0 1051181.6250
282.843 282.843 0.0 936698.8125
296.985 296.985 0.0 838331.3125
311.127 311.127 0.0 753889.0625
325.269 325.269 0.0 681657.3750
339.411 339.411 0.0 620089.7812
353.553 353.553 0.0 567705.9688
367.696 367.696 0.0 523092.7188
381.838 381.838 0.0 484961.3125
395.98 395.98 0.0 452171.2812
410.122 410.122 0.0 423760.6250
424.264 424.264 0.0 398941.1562
438.406 438.406 0.0 377080.6875
452.548 452.548 0.0 357679.9219
466.69 466.69 0.0 340345.3281
480.833 480.833 0.0 324766.1719
494.975 494.975 0.0 310699.4062
509.117 509.117 0.0 297946.4219
523.259 523.259 0.0 286346.7656
537.401 537.401 0.0 275767.3438
551.543 551.543 0.0 266096.5781
565.685 565.685 0.0 257238.4219
579.828 579.828 0.0 249109.8750
593.97 593.97 0.0 241639.2031
608.112 608.112 0.0 234761.7344
622.254 622.254 0.0 228420.0000
636.396 636.396 0.0 222562.6250
650.538 650.538 0.0 217143.3984
664.68 664.68 0.0 212120.2344
678.823 678.823 0.0 207455.2266
692.965 692.965 0.0 203114.4531
707.107 707.107 0.0 199066.8125
721.249 721.249 0.0 195284.1562
735.391 735.391 0.0 191741.0625
749.533 749.533 0.0 188414.8672
763.675 763.675 0.0 185285.0391
777.817 777.817 0.0 182333.0547
791.96 791.96 0.0 179542.3594
806.102 806.102 0.0 176898.6641
820.244 820.244 0.0 174388.5859
834.386 834.386 0.0 172000.5469
848.528 848.528 0.0 169724.3203
862.67 862.67 0.0 167550.7812
876.812 876.812 0.0 165471.9961
890.955 890.955 0.0 163480.8203
905.097 905.097 0.0 161571.4180
919.239 919.239 0.0 159738.2891
933.381 933.381 0.0 157976.8281
947.523 947.523 0.0 156283.0547
961.665 961.665 0.0 154653.4727
975.807 975.807 0.0 153085.0781
989.949 989.949 0.0 151575.3672
1004.09 1004.09 0.0 150122.1914
1018.23 1018.23 0.0 148723.7344
1032.38 1032.38 0.0 147377.3359
1046.52 1046.52 0.0 146083.5781
1060.66 1060.66 0.0 144840.3398
1074.8 1074.8 0.0 143646.6719
1088.94 1088.94 0.0 142501.7969
1103.09 1103.09 0.0 141404.2383
1117.23 1117.23 0.0 140355.0273
1131.37 1131.37 0.0 139352.8633
1145.51 1145.51 0.0 138397.3477
1159.66 1159.66 0.0 137487.5273
1173.8 1173.8 0.0 136624.3672
1187.94 1187.94 0.0 135806.8945
1202.08 1202.08 0.0 135034.7695
1216.22 1216.22 0.0 134307.4883
1230.37 1230.37 0.0 133623.9746
1244.51 1244.51 0.0 132984.1934
1258.65 1258.65 0.0 132386.2266
1272.79 1272.79 0.0 131827.9219
1286.93 1286.93 0.0 131306.1973
1301.08 1301.08 0.0 130816.5020
1315.22 1315.22 0.0 130353.9141
1329.36 1329.36 0.0 129911.0957
1343.5 1343.5 0.0 129479.8574
1357.65 1357.65 0.0 129051.0742
1371.79 1371.79 0.0 128616.7637
1385.93 1385.93 0.0 128169.5371
1400.07 1400.07 0.0 127704.8965
1414.21 1414.21 0.0 127221.8418
1428.36 1428.36 0.0 126722.7988
1442.5 1442.5 0.0 126214.2852
1456.64 1456.64 0.0 125703.8164
1470.78 1470.78 0.0 125199.7598
1484.92 1484.92 0.0 124709.6719
1499.07 1499.07 0.0 124239.0781
1513.21 1513.21 0.0 123792.5527
1527.35 1527.35 0.0 123371.6777
1541.49 1541.49 0.0 122976.8203
1555.63 1555.63 0.0 122607.3184
1569.78 1569.78 0.0 122261.5742
1583.92 1583.92 0.0 121938.4941
1598.06 1598.06 0.0 121636.1855
1612.2 1612.2 0.0 121353.1562
1626.35 1626.35 0.0 121087.8926
1640.49 1640.49 0.0 120839.6680
1654.63 1654.63 0.0 120607.4219
1668.77 1668.77 0.0 120390.4473
1682.91 1682.91 0.0 120188.2207
1697.06 1697.06 0.0 120000.2129
1711.2 1711.2 0.0 119826.3672
1725.34 1725.34 0.0 119666.2852
1739.48 1739.48 0.0 119519.7148
1753.62 1753.62 0.0 119386.3496
1767.77 1767.77 0.0 119265.7500
1781.91 1781.91 0.0 119157.6426
1796.05 1796.05 0.0 119061.3438
1810.19 1810.19 0.0 118976.1504
1824.34 1824.34 0.0 118901.1797
1838.48 1838.48 0.0 118835.5566
1852.62 1852.62 0.0 118778.1406
1866.76 1866.76 0.0 118727.8203
1880.9 1880.9 0.0 118683.3887
1895.05 1895.05 0.0 118643.6094
1909.19 1909.19 0.0 118607.4121
1923.33 1923.33 0.0 118573.6699
1937.47 1937.47 0.0 118541.3770
1951.61 1951.61 0.0 118509.6465
1965.76 1965.76 0.0 118477.7246
1979.9 1979.9 0.0 118445.0508
1994.04 1994.04 0.0 118411.1133
2008.18 2008.18 0.0 118375.5879
2022.33 2022.33 0.0 118338.2168
2036.47 2036.47 0.0 118298.9492
2050.61 2050.61 0.0 118257.7480
2064.75 2064.75 0.0 118214.6504
2078.89 2078.89 0.0 118169.7812
2093.04 2093.04 0.0 118123.2734
2107.18 2107.18 0.0 118075.3809
2121.32 2121.32 0.0 118026.2969
2135.46 2135.46 0.0 117976.2305
2149.6 2149.6 0.0 117925.4297
2163.75 2163.75 0.0 117874.0430
2177.89 2177.89 0.0 117822.4062
2192.03 2192.03 0.0 117770.6504
2206.17 2206.17 0.0 117718.9883
2220.32 2220.32 0.0 117667.5371
2234.46 2234.46 0.0 117616.5234
2248.6 2248.6 0.0 117566.0459
2262.74 2262.74 0.0 117516.2139
2276.88 2276.88 0.0 117467.1602
2291.03 2291.03 0.0 117418.8740
2305.17 2305.17 0.0 117371.5332
2319.31 2319.31 0.0 117325.1289
2333.45 2333.45 0.0 117279.6748
2347.59 2347.59 0.0 117235.2012
2361.74 2361.74 0.0 117191.6650
2375.88 2375.88 0.0 117149.0869
2390.02 2390.02 0.0 117107.4385
2404.16 2404.16 0.0 117066.6260
2418.31 2418.31 0.0 117026.5859
2432.45 2432.45 0.0 116987.2793
2446.59 2446.59 0.0 116948.5918
2460.73 2460.73 0.0 116910.4219
2474.87 2474.87 0.0 116872.6455
2489.02 2489.02 0.0 116835.1230
2503.16 2503.16 0.0 116797.7617
2517.3 2517.3 0.0 116760.3945
2531.44 2531.44 0.0 116722.8770
2545.58 2545.58 0.0 116685.0645
2559.73 2559.73 0.0 116646.7646
2573.87 2573.87 0.0 116607.8730
2588.01 2588.01 0.0 116568.2207
2602.15 2602.15 0.0 116527.6328
2616.3 2616.3 0.0 116485.9561
2630.44 2630.44 0.0 116443.1123
2644.58 2644.58 0.0 116398.9160
2658.72 2658.72 0.0 116353.2646
2672.86 2672.86 0.0 116306.0400
2687.01 2687.01 0.0 116257.1191
2701.15 2701.15 0.0 116206.5029
2715.29 2715.29 0.0 116154.0996
2729.43 2729.43 0.0 116099.8379
2743.57 2743.57 0.0 116043.7090
2757.72 2757.72 0.0 115985.6836
2771.86 2771.86 0.0 115925.8379
2786.0 2786.0 0.0 115864.1631
2800.14 2800.14 0.0 115800.7139
2814.28 2814.28 0.0 115735.5596
2828.43 2828.43 0.0 115668.7119
2842.57 2842.57 0.0 115600.4014
2856.71 2856.71 0.0 115530.6533
2870.85 2870.85 0.0 115459.6162
2885.0 2885.0 0.0 115387.3613
2899.14 2899.14 0.0 115314.1211
2913.28 2913.28 0.0 115240.0273
2927.42 2927.42 0.0 115165.1895
2941.56 2941.56 0.0 115089.7861
2955.71 2955.71 0.0 115013.9229
2969.85 2969.85 0.0 114937.8682
2983.99 2983.99 0.0 114861.7207
2998.13 2998.13 0.0 114785.6455
3012.27 3012.27 0.0 114709.7734
3026.42 3026.42 0.0 114634.1992
3040.56 3040.56 0.0 114559.1943
3054.7 3054.7 0.0 114484.8203
3068.84 3068.84 0.0 114411.1895
3082.99 3082.99 0.0 114338.3887
3097.13 3097.13 0.0 114266.6279
3111.27 3111.27 0.0 114195.9307
3125.41 3125.41 0.0 114126.3926
3139.55 3139.55 0.0 114058.0918
3153.7 3153.7 0.0 113991.0645
3167.84 3167.84 0.0 113925.4268
3181.98 3181.98 0.0 113861.2031
3196.12 3196.12 0.0 113798.4092
3210.26 3210.26 0.0 113737.0918
3224.41 3224.41 0.0 113677.2061
3238.55 3238.55 0.0 113618.8506
3252.69 3252.69 0.0 113561.9785
3266.83 3266.83 0.0 113506.5908
3280.98 3280.98 0.0 113452.6182
3295.12 3295.12 0.0 113400.1211
3309.26 3309.26 0.0 113349.0293
3323.4 3323.4 0.0 113299.2920
3337.54 3337.54 0.0 113250.9023
3351.69 3351.69 0.0 113203.7529
3365.83 3365.83 0.0 113157.8613
3379.97 3379.97 0.0 113113.1611
3394.11 3394.11 0.0 113069.5771
3408.25 3408.25 0.0 113027.0791
3422.4 3422.4 0.0 112985.5527
3436.54 3436.54 0.0 112945.0098
3450.68 3450.68 0.0 112905.3633
3464.82 3464.82 0.0 112866.5596
3478.97 3478.97 0.0 112828.5049
3493.11 3493.11 0.0 112791.1953
3507.25 3507.25 0.0 112754.5586
3521.39 3521.39 0.0 112718.5303
3535.53 3535.53 0.0 112683.0566
3549.68 3549.68 0.0 112648.0605
3563.82 3563.82 0.0 112613.5605
3577.96 3577.96 0.0 112579.4668
3592.1 3592.1 0.0 112545.7324
3606.24 3606.24 0.0 112512.3369
3620.39 3620.39 0.0 112479.2051
3634.53 3634.53 0.0 112446.3447
3648.67 3648.67 0.0 112413.7002
3662.81 3662.81 0.0 112381.2461
3676.96 3676.96 0.0 112348.9170
3691.1 3691.1 0.0 112316.7510
3705.24 3705.24 0.0 112284.6885
3719.38 3719.38 0.0 112252.7129
3733.52 3733.52 0.0 112220.8105
3747.67 3747.67 0.0 112188.9121
3761.81 3761.81 0.0 112157.0869
3775.95 3775.95 0.0 112125.2773
3790.09 3790.09 0.0 112093.4785
3804.23 3804.23 0.0 112061.6758
3818.38 3818.38 0.0 112029.8564
3832.52 3832.52 0.0 111998.0283
3846.66 3846.66 0.0 111966.1943
3860.8 3860.8 0.0 111934.3330
3874.95 3874.95 0.0 111902.4258
3889.09 3889.09 0.0 111870.5146
3903.23 3903.23 0.0 111838.5791
3917.37 3917.37 0.0 111806.6211
3931.51 3931.51 0.0 111774.6309
3945.66 3945.66 0.0 111742.6045
3959.8 3959.8 0.0 111710.5820
3973.94 3973.94 0.0 111678.5488
3988.08 3988.08 0.0 111646.5020
4002.22 4002.22 0.0 111614.4600
4016.37 4016.37 0.0 111582.3818
4030.51 4030.51 0.0 111550.3301
4044.65 4044.65 0.0 111518.2959
4058.79 4058.79 0.0 111486.2754
4072.94 4072.94 0.0 111454.2578
4087.08 4087.08 0.0 111422.2793
4101.22 4101.22 0.0 111390.3389
4115.36 4115.36 0.0 111358.4355
4129.5 4129.5 0.0 111326.5684
4143.65 4143.65 0.0 111294.7334
4157.79 4157.79 0.0 111262.9736
4171.93 4171.93 0.0 111231.2705
4186.07 4186.07 0.0 111199.6406
4200.21 4200.21 0.0 111168.0742
4214.36 4214.36 0.0 111136.5596
4228.5 4228.5 0.0 111105.1484
4242.64 4242.64 0.0 111073.8262
