0.0 0.0 0.0 197932.6953
14.1421 14.1421 0.0 202345.5312
28.2843 28.2843 0.0 202346.5156
42.4264 42.4264 0.0 202334.2891
56.5685 56.5685 0.0 202248.0469
70.7107 70.7107 0.0 202098.8359
84.8528 84.8528 0.0 201897.6328
98.9949 98.9949 0.0 201651.4531
113.137 113.137 0.0 201365.4219
127.279 127.279 0.0 201043.0938
141.421 141.421 0.0 200687.7422
155.563 155.563 0.0 200302.0703
169.706 169.706 0.0 199888.6484
183.848 183.848 0.0 199449.7812
197.99 197.99 0.0 198987.7266
212.132 212.132 0.0 198504.5234
226.274 226.274 0.0 198002.0469
240.416 240.416 0.0 197482.0703
254.558 254.558 0.0 196946.2031
268.701 268.701 0.0 196395.9453
282.843 282.843 0.0 195832.7422
296.985 296.985 0.0 195257.7656
311.127 311.127 0.0 194672.2109
325.269 325.269 0.0 194077.2734
339.411 339.411 0.0 193473.7891
353.553 353.553 0.0 192862.7734
367.696 367.696 0.0 192244.9531
381.838 381.838 0.0 191621.2031
395.98 395.98 0.0 190992.2344
410.122 410.122 0.0 190358.6328
424.264 424.264 0.0 189721.0938
438.406 438.406 0.0 189080.1875
452.548 452.548 0.0 188436.3594
466.69 466.69 0.0 187790.2422
480.833 480.833 0.0 187142.1094
494.975 494.975 0.0 186492.6172
509.117 509.117 0.0 185842.1172
523.259 523.259 0.0 185190.9688
537.401 537.401 0.0 184539.5703
551.543 551.543 0.0 183888.3438
565.685 565.685 0.0 183237.5547
579.828 579.828 0.0 182587.5625
593.97 593.97 0.0 181938.8125
608.112 608.112 0.0 181291.5547
622.254 622.254 0.0 180646.1328
636.396 636.396 0.0 180002.8594
650.538 650.538 0.0 179361.9922
664.68 664.68 0.0 178723.8750
678.823 678.823 0.0 178088.6875
692.965 692.965 0.0 177456.8906
707.107 707.107 0.0 176828.6328
721.249 721.249 0.0 176204.2344
735.391 735.391 0.0 175583.8828
749.533 749.533 0.0 174967.8906
763.675 763.675 0.0 174356.4453
777.817 777.817 0.0 173749.7266
791.96 791.96 0.0 173147.9375
806.102 806.102 0.0 172551.3516
820.244 820.244 0.0 171960.0781
834.386 834.386 0.0 171374.2812
848.528 848.528 0.0 170794.0391
862.67 862.67 0.0 170219.5859
876.812 876.812 0.0 169650.9375
890.955 890.955 0.0 169088.1797
905.097 905.097 0.0 168531.4609
919.239 919.239 0.0 167980.7891
933.381 933.381 0.0 167436.2031
947.523 947.523 0.0 166897.7500
961.665 961.665 0.0 166365.4180
975.807 975.807 0.0 165839.2266
989.949 989.949 0.0 165319.1602
1004.09 1004.09 0.0 164805.2344
1018.23 1018.23 0.0 164297.4180
1032.38 1032.38 0.0 163795.2266
1046.52 1046.52 0.0 163299.3789
1060.66 1060.66 0.0 162809.4688
1074.8 1074.8 0.0 162325.3711
1088.94 1088.94 0.0 161847.0430
1103.09 1103.09 0.0 161374.0977
1117.23 1117.23 0.0 160907.0781
1131.37 1131.37 0.0 160445.5664
1145.51 1145.51 0.0 159989.5391
1159.66 1159.66 0.0 159538.5156
1173.8 1173.8 0.0 159093.0859
1187.94 1187.94 0.0 158652.8047
1202.08 1202.08 0.0 158217.6250
1216.22 1216.22 0.0 157787.3945
1230.37 1230.37 0.0 157361.7383
1244.51 1244.51 0.0 156941.1719
1258.65 1258.65 0.0 156525.2852
1272.79 1272.79 0.0 156114.0039
1286.93 1286.93 0.0 155707.1680
1301.08 1301.08 0.0 155304.4961
1315.22 1315.22 0.0 154906.3750
1329.36 1329.36 0.0 154512.4336
1343.5 1343.5 0.0 154122.6211
1357.65 1357.65 0.0 153736.5039
1371.79 1371.79 0.0 153354.5469
1385.93 1385.93 0.0 152976.3867
1400.07 1400.07 0.0 152601.9180
1414.21 1414.21 0.0 152231.0352
1428.36 1428.36 0.0 151863.3516
1442.5 1442.5 0.0 151499.3086
1456.64 1456.64 0.0 151138.5156
1470.78 1470.78 0.0 150780.8828
1484.92 1484.92 0.0 150426.2734
1499.07 1499.07 0.0 150074.3320
1513.21 1513.21 0.0 149725.4531
1527.35 1527.35 0.0 149379.2617
1541.49 1541.49 0.0 149035.6250
1555.63 1555.63 0.0 148694.4492
1569.78 1569.78 0.0 148355.3281
1583.92 1583.92 0.0 148018.6445
1598.06 1598.06 0.0 147684.0625
1612.2 1612.2 0.0 147351.3945
1626.35 1626.35 0.0 147020.3203
1640.49 1640.49 0.0 146691.1602
1654.63 1654.63 0.0 146363.6055
1668.77 1668.77 0.0 146037.4727
1682.91 1682.91 0.0 145712.6797
1697.06 1697.06 0.0 145388.8984
1711.2 1711.2 0.0 145066.4648
1725.34 1725.34 0.0 144745.0664
1739.48 1739.48 0.0 144424.6289
1753.62 1753.62 0.0 144105.1094
1767.77 1767.77 0.0 143786.2109
1781.91 1781.91 0.0 143468.4102
1796.05 1796.05 0.0 143151.5117
1810.19 1810.19 0.0 142835.5664
1824.34 1824.34 0.0 142520.4727
1838.48 1838.48 0.0 142206.8789
1852.62 1852.62 0.0 141894.7969
1866.76 1866.76 0.0 141584.5703
1880.9 1880.9 0.0 141276.6094
1895.05 1895.05 0.0 140971.2422
1909.19 1909.19 0.0 140669.5703
1923.33 1923.33 0.0 140372.0898
1937.47 1937.47 0.0 140079.7539
1951.61 1951.61 0.0 139793.5469
1965.76 1965.76 0.0 139514.3984
1979.9 1979.9 0.0 139243.9492
1994.04 1994.04 0.0 138983.2148
2008.18 2008.18 0.0 138733.4180
2022.33 2022.33 0.0 138495.4570
2036.47 2036.47 0.0 138270.4492
2050.61 2050.61 0.0 138058.5547
2064.75 2064.75 0.0 137859.3711
2078.89 2078.89 0.0 137671.5664
2093.04 2093.04 0.0 137492.4805
2107.18 2107.18 0.0 137318.2031
2121.32 2121.32 0.0 137142.6641
2135.46 2135.46 0.0 136957.6484
2149.6 2149.6 0.0 136752.1406
2163.75 2163.75 0.0 136511.3594
2177.89 2177.89 0.0 136216.1172
2192.03 2192.03 0.0 135839.8281
2206.17 2206.17 0.0 135347.5469
2220.32 2220.32 0.0 134694.5430
2234.46 2234.46 0.0 133831.9941
2248.6 2248.6 0.0 132714.5566
2262.74 2262.74 0.0 131320.2949
2276.88 2276.88 0.0 129671.1484
2291.03 2291.03 0.0 127844.2852
2305.17 2305.17 0.0 125969.2891
2319.31 2319.31 0.0 124189.9668
2333.45 2333.45 0.0 122629.2500
2347.59 2347.59 0.0 121358.5039
2361.74 2361.74 0.0 120389.6504
2375.88 2375.88 0.0 119690.6113
2390.02 2390.02 0.0 119203.2461
2404.16 2404.16 0.0 118866.2734
2418.31 2418.31 0.0 118627.0645
2432.45 2432.45 0.0 118447.1211
2446.59 2446.59 0.0 118300.5723
2460.73 2460.73 0.0 118171.9297
2474.87 2474.87 0.0 118052.6953
2489.02 2489.02 0.0 117938.3965
2503.16 2503.16 0.0 117827.1367
2517.3 2517.3 0.0 117717.8848
2531.44 2531.44 0.0 117610.1992
2545.58 2545.58 0.0 117503.8652
2559.73 2559.73 0.0 117398.6465
2573.87 2573.87 0.0 117294.5518
2588.01 2588.01 0.0 117191.3818
2602.15 2602.15 0.0 117089.0879
2616.3 2616.3 0.0 116987.5381
2630.44 2630.44 0.0 116886.8877
2644.58 2644.58 0.0 116787.1064
2658.72 2658.72 0.0 116688.2490
2672.86 2672.86 0.0 116590.4326
2687.01 2687.01 0.0 116493.6777
2701.15 2701.15 0.0 116398.2246
2715.29 2715.29 0.0 116304.0908
2729.43 2729.43 0.0 116211.3643
2743.57 2743.57 0.0 116120.0898
2757.72 2757.72 0.0 116030.2207
2771.86 2771.86 0.0 115941.9375
2786.0 2786.0 0.0 115855.1221
2800.14 2800.14 0.0 115769.7295
2814.28 2814.28 0.0 115685.7197
2828.43 2828.43 0.0 115602.9307
2842.57 2842.57 0.0 115521.4082
2856.71 2856.71 0.0 115440.9629
2870.85 2870.85 0.0 115361.5029
2885.0 2885.0 0.0 115282.8301
2899.14 2899.14 0.0 115204.9639
2913.28 2913.28 0.0 115127.7246
2927.42 2927.42 0.0 115050.9902
2941.56 2941.56 0.0 114974.6396
2955.71 2955.71 0.0 114898.5449
2969.85 2969.85 0.0 114822.7256
2983.99 2983.99 0.0 114746.9893
2998.13 2998.13 0.0 114671.3135
3012.27 3012.27 0.0 114595.5977
3026.42 3026.42 0.0 114519.7402
3040.56 3040.56 0.0 114443.7891
3054.7 3054.7 0.0 114367.6436
3068.84 3068.84 0.0 114291.2744
3082.99 3082.99 0.0 114214.5664
3097.13 3097.13 0.0 114137.6309
3111.27 3111.27 0.0 114060.3779
3125.41 3125.41 0.0 113982.7910
3139.55 3139.55 0.0 113904.8633
3153.7 3153.7 0.0 113826.5293
3167.84 3167.84 0.0 113747.8789
3181.98 3181.98 0.0 113668.8779
3196.12 3196.12 0.0 113589.5273
3210.26 3210.26 0.0 113509.8125
3224.41 3224.41 0.0 113429.6943
3238.55 3238.55 0.0 113349.2910
3252.69 3252.69 0.0 113268.5576
3266.83 3266.83 0.0 113187.5137
3280.98 3280.98 0.0 113106.1016
3295.12 3295.12 0.0 113024.4561
3309.26 3309.26 0.0 112942.5371
3323.4 3323.4 0.0 112860.3545
3337.54 3337.54 0.0 112777.9482
3351.69 3351.69 0.0 112695.2432
3365.83 3365.83 0.0 112612.4102
3379.97 3379.97 0.0 112529.3896
3394.11 3394.11 0.0 112446.2119
3408.25 3408.25 0.0 112362.8945
3422.4 3422.4 0.0 112279.4189
3436.54 3436.54 0.0 112195.9111
3450.68 3450.68 0.0 112112.3203
3464.82 3464.82 0.0 112028.7139
3478.97 3478.97 0.0 111945.0312
3493.11 3493.11 0.0 111861.4307
3507.25 3507.25 0.0 111777.8633
3521.39 3521.39 0.0 111694.3623
3535.53 3535.53 0.0 111610.9561
3549.68 3549.68 0.0 111527.6299
3563.82 3563.82 0.0 111444.5068
3577.96 3577.96 0.0 111361.5732
3592.1 3592.1 0.0 111278.8467
3606.24 3606.24 0.0 111196.3711
3620.39 3620.39 0.0 111114.1084
3634.53 3634.53 0.0 111032.1934
3648.67 3648.67 0.0 110950.6211
3662.81 3662.81 0.0 110869.3965
3676.96 3676.96 0.0 110788.5127
3691.1 3691.1 0.0 110708.0918
3705.24 3705.24 0.0 110628.1230
3719.38 3719.38 0.0 110548.6133
3733.52 3733.52 0.0 110469.6152
3747.67 3747.67 0.0 110391.0791
3761.81 3761.81 0.0 110313.1514
3775.95 3775.95 0.0 110235.8037
3790.09 3790.09 0.0 110159.0635
3804.23 3804.23 0.0 110082.9414
3818.38 3818.38 0.0 110007.4150
3832.52 3832.52 0.0 109932.6191
3846.66 3846.66 0.0 109858.5127
3860.8 3860.8 0.0 109785.1240
3874.95 3874.95 0.0 109712.4141
3889.09 3889.09 0.0 109640.5117
3903.23 3903.23 0.0 109569.3779
3917.37 3917.37 0.0 109499.0337
3931.51 3931.51 0.0 109429.5039
3945.66 3945.66 0.0 109360.7363
3959.8 3959.8 0.0 109292.8472
3973.94 3973.94 0.0 109225.8154
3988.08 3988.08 0.0 109159.6421
4002.22 4002.22 0.0 109094.3320
4016.37 4016.37 0.0 109029.8706
4030.51 4030.51 0.0 108966.3345
4044.65 4044.65 0.0 108903.7021
4058.79 4058.79 0.0 108841.9736
4072.94 4072.94 0.0 108781.1284
4087.08 4087.08 0.0 108721.2422
4101.22 4101.22 0.0 108662.2773
4115.36 4115.36 0.0 108604.2407
4129.5 4129.5 0.0 108547.1450
4143.65 4143.65 0.0 108490.9385
4157.79 4157.79 0.0 108435.7153
4171.93 4171.93 0.0 108381.4253
4186.07 4186.07 0.0 108328.0752
4200.21 4200.21 0.0 108275.6670
4214.36 4214.36 0.0 108224.1621
4228.5 4228.5 0.0 108173.6299
4242.64 4242.64 0.0 108124.0283
