0.0 0.0 0.0 188458.1719
14.1421 14.1421 0.0 188053.4531
28.2843 28.2843 0.0 186161.0156
42.4264 42.4264 0.0 183434.6875
56.5685 56.5685 0.0 179544.4375
70.7107 70.7107 0.0 174895.2188
84.8528 84.8528 0.0 169948.1797
98.9949 98.9949 0.0 165011.8906
113.137 113.137 0.0 160273.8906
127.279 127.279 0.0 155838.8945
141.421 141.421 0.0 151753.3398
155.563 155.563 0.0 148025.2422
169.706 169.706 0.0 144639.0195
183.848 183.848 0.0 141568.3359
197.99 197.99 0.0 138781.7344
212.132 212.132 0.0 136248.3906
226.274 226.274 0.0 133939.7793
240.416 240.416 0.0 131830.5371
254.558 254.558 0.0 129898.4648
268.701 268.701 0.0 128124.2871
282.843 282.843 0.0 126491.7227
296.985 296.985 0.0 124986.1855
311.127 311.127 0.0 123595.1738
325.269 325.269 0.0 122307.6934
339.411 339.411 0.0 121114.1953
353.553 353.553 0.0 120006.1797
367.696 367.696 0.0 118976.1172
381.838 381.838 0.0 118017.6523
395.98 395.98 0.0 117124.9492
410.122 410.122 0.0 116292.9424
424.264 424.264 0.0 115517.2822
438.406 438.406 0.0 114794.1855
452.548 452.548 0.0 114120.4014
466.69 466.69 0.0 113493.1572
480.833 480.833 0.0 112910.0479
494.975 494.975 0.0 112369.0986
509.117 509.117 0.0 111868.4648
523.259 523.259 0.0 111406.4150
537.401 537.401 0.0 110981.2188
551.543 551.543 0.0 110590.9531
565.685 565.685 0.0 110233.5498
579.828 579.828 0.0 109906.7227
593.97 593.97 0.0 109608.1602
608.112 608.112 0.0 109335.3276
622.254 622.254 0.0 109085.3213
636.396 636.396 0.0 108853.9678
650.538 650.538 0.0 108634.7134
664.68 664.68 0.0 108417.7026
678.823 678.823 0.0 108190.3037
692.965 692.965 0.0 107939.9272
707.107 707.107 0.0 107658.6475
721.249 721.249 0.0 107347.6318
735.391 735.391 0.0 107018.1875
749.533 749.533 0.0 106688.3872
763.675 763.675 0.0 106376.7847
777.817 777.817 0.0 106096.9893
791.96 791.96 0.0 105855.2773
806.102 806.102 0.0 105651.4331
820.244 820.244 0.0 105481.1152
834.386 834.386 0.0 105338.3796
848.528 848.528 0.0 105217.3723
862.67 862.67 0.0 105113.1433
876.812 876.812 0.0 105021.8262
890.955 890.955 0.0 104940.5388
905.097 905.097 0.0 104867.1926
919.239 919.239 0.0 104800.2317
933.381 933.381 0.0 104738.5063
947.523 947.523 0.0 104681.1702
961.665 961.665 0.0 104627.5894
975.807 975.807 0.0 104577.2944
989.949 989.949 0.0 104529.9631
1004.09 1004.09 0.0 104485.3730
1018.23 1018.23 0.0 104443.3691
1032.38 1032.38 0.0 104403.8169
1046.52 1046.52 0.0 104366.6870
1060.66 1060.66 0.0 104331.8386
1074.8 1074.8 0.0 104299.1277
1088.94 1088.94 0.0 104268.3550
1103.09 1103.09 0.0 104239.2517
1117.23 1117.23 0.0 104211.5542
1131.37 1131.37 0.0 104184.9065
1145.51 1145.51 0.0 104158.9783
1159.66 1159.66 0.0 104133.4238
1173.8 1173.8 0.0 104108.0051
1187.94 1187.94 0.0 104082.4709
1202.08 1202.08 0.0 104056.6597
1216.22 1216.22 0.0 104030.4763
1230.37 1230.37 0.0 104003.8608
1244.51 1244.51 0.0 103976.8594
1258.65 1258.65 0.0 103949.5117
1272.79 1272.79 0.0 103921.8843
1286.93 1286.93 0.0 103894.0801
1301.08 1301.08 0.0 103866.1726
1315.22 1315.22 0.0 103838.3093
1329.36 1329.36 0.0 103810.5627
1343.5 1343.5 0.0 103783.0227
1357.65 1357.65 0.0 103755.7502
1371.79 1371.79 0.0 103728.8525
1385.93 1385.93 0.0 103702.3718
1400.07 1400.07 0.0 103676.3530
1414.21 1414.21 0.0 103650.8398
1428.36 1428.36 0.0 103625.8433
1442.5 1442.5 0.0 103601.4282
1456.64 1456.64 0.0 103577.5994
1470.78 1470.78 0.0 103554.3711
1484.92 1484.92 0.0 103531.7542
1499.07 1499.07 0.0 103509.7385
1513.21 1513.21 0.0 103488.3633
1527.35 1527.35 0.0 103467.6121
1541.49 1541.49 0.0 103447.4863
1555.63 1555.63 0.0 103427.9819
1569.78 1569.78 0.0 103409.0818
1583.92 1583.92 0.0 103390.8044
1598.06 1598.06 0.0 103373.1287
1612.2 1612.2 0.0 103356.0448
1626.35 1626.35 0.0 103339.5294
1640.49 1640.49 0.0 103323.5917
1654.63 1654.63 0.0 103308.2079
1668.77 1668.77 0.0 103293.3633
1682.91 1682.91 0.0 103279.0405
1697.06 1697.06 0.0 103265.2161
1711.2 1711.2 0.0 103251.8851
1725.34 1725.34 0.0 103239.0286
1739.48 1739.48 0.0 103226.6228
1753.62 1753.62 0.0 103214.6536
1767.77 1767.77 0.0 103203.0863
1781.91 1781.91 0.0 103191.9279
1796.05 1796.05 0.0 103181.1458
1810.19 1810.19 0.0 103170.7223
1824.34 1824.34 0.0 103160.6321
1838.48 1838.48 0.0 103150.8724
1852.62 1852.62 0.0 103141.4191
1866.76 1866.76 0.0 103132.2505
1880.9 1880.9 0.0 103123.3510
1895.05 1895.05 0.0 103114.6998
1909.19 1909.19 0.0 103106.2947
1923.33 1923.33 0.0 103098.1116
1937.47 1937.47 0.0 103090.1349
1951.61 1951.61 0.0 103082.3550
1965.76 1965.76 0.0 103074.7510
1979.9 1979.9 0.0 103067.3208
1994.04 1994.04 0.0 103060.0479
2008.18 2008.18 0.0 103052.9207
2022.33 2022.33 0.0 103045.9259
2036.47 2036.47 0.0 103039.0640
2050.61 2050.61 0.0 103032.3179
2064.75 2064.75 0.0 103025.6829
2078.89 2078.89 0.0 103019.1501
2093.04 2093.04 0.0 103012.7100
2107.18 2107.18 0.0 103006.3616
2121.32 2121.32 0.0 103000.0979
2135.46 2135.46 0.0 102993.9122
2149.6 2149.6 0.0 102987.7992
2163.75 2163.75 0.0 102981.7529
2177.89 2177.89 0.0 102975.7750
2192.03 2192.03 0.0 102969.8584
2206.17 2206.17 0.0 102964.0007
2220.32 2220.32 0.0 102958.1934
2234.46 2234.46 0.0 102952.4421
2248.6 2248.6 0.0 102946.7429
2262.74 2262.74 0.0 102941.0884
2276.88 2276.88 0.0 102935.4817
2291.03 2291.03 0.0 102929.9130
2305.17 2305.17 0.0 102924.3923
2319.31 2319.31 0.0 102918.9091
2333.45 2333.45 0.0 102913.4657
2347.59 2347.59 0.0 102908.0566
2361.74 2361.74 0.0 102902.6812
2375.88 2375.88 0.0 102897.3433
2390.02 2390.02 0.0 102892.0377
2404.16 2404.16 0.0 102886.7664
2418.31 2418.31 0.0 102881.5209
2432.45 2432.45 0.0 102876.3115
2446.59 2446.59 0.0 102871.1271
2460.73 2460.73 0.0 102865.9751
2474.87 2474.87 0.0 102860.8491
2489.02 2489.02 0.0 102855.7468
2503.16 2503.16 0.0 102850.6724
2517.3 2517.3 0.0 102845.6262
2531.44 2531.44 0.0 102840.6047
2545.58 2545.58 0.0 102835.6057
2559.73 2559.73 0.0 102830.6302
2573.87 2573.87 0.0 102825.6798
2588.01 2588.01 0.0 102820.7524
2602.15 2602.15 0.0 102815.8488
2616.3 2616.3 0.0 102810.9639
2630.44 2630.44 0.0 102806.1061
2644.58 2644.58 0.0 102801.2684
2658.72 2658.72 0.0 102796.4508
2672.86 2672.86 0.0 102791.6573
2687.01 2687.01 0.0 102786.8809
2701.15 2701.15 0.0 102782.1268
2715.29 2715.29 0.0 102777.3973
2729.43 2729.43 0.0 102772.6843
2743.57 2743.57 0.0 102767.9946
2757.72 2757.72 0.0 102763.3203
2771.86 2771.86 0.0 102758.6703
2786.0 2786.0 0.0 102754.0392
2800.14 2800.14 0.0 102749.4279
2814.28 2814.28 0.0 102744.8376
2828.43 2828.43 0.0 102740.2646
2842.57 2842.57 0.0 102735.7133
2856.71 2856.71 0.0 102731.1803
2870.85 2870.85 0.0 102726.6675
2885.0 2885.0 0.0 102722.1718
2899.14 2899.14 0.0 102717.6998
2913.28 2913.28 0.0 102713.2446
2927.42 2927.42 0.0 102708.8091
2941.56 2941.56 0.0 102704.3922
2955.71 2955.71 0.0 102699.9921
2969.85 2969.85 0.0 102695.6165
2983.99 2983.99 0.0 102691.2581
2998.13 2998.13 0.0 102686.9180
3012.27 3012.27 0.0 102682.5980
3026.42 3026.42 0.0 102678.2933
3040.56 3040.56 0.0 102674.0103
3054.7 3054.7 0.0 102669.7474
3068.84 3068.84 0.0 102665.5032
3082.99 3082.99 0.0 102661.2754
3097.13 3097.13 0.0 102657.0686
3111.27 3111.27 0.0 102652.8806
3125.41 3125.41 0.0 102648.7123
3139.55 3139.55 0.0 102644.5620
3153.7 3153.7 0.0 102640.4272
3167.84 3167.84 0.0 102636.3159
3181.98 3181.98 0.0 102632.2238
3196.12 3196.12 0.0 102628.1500
3210.26 3210.26 0.0 102624.0957
3224.41 3224.41 0.0 102620.0564
3238.55 3238.55 0.0 102616.0402
3252.69 3252.69 0.0 102612.0425
3266.83 3266.83 0.0 102608.0659
3280.98 3280.98 0.0 102604.1027
3295.12 3295.12 0.0 102600.1620
3309.26 3309.26 0.0 102596.2432
3323.4 3323.4 0.0 102592.3406
3337.54 3337.54 0.0 102588.4591
3351.69 3351.69 0.0 102584.5942
3365.83 3365.83 0.0 102580.7526
3379.97 3379.97 0.0 102576.9297
3394.11 3394.11 0.0 102573.1261
3408.25 3408.25 0.0 102569.3427
3422.4 3422.4 0.0 102565.5770
3436.54 3436.54 0.0 102561.8333
3450.68 3450.68 0.0 102558.1105
3464.82 3464.82 0.0 102554.4075
3478.97 3478.97 0.0 102550.7214
3493.11 3493.11 0.0 102547.0587
3507.25 3507.25 0.0 102543.4174
3521.39 3521.39 0.0 102539.7960
3535.53 3535.53 0.0 102536.1948
3549.68 3549.68 0.0 102532.6122
3563.82 3563.82 0.0 102529.0530
3577.96 3577.96 0.0 102525.5155
3592.1 3592.1 0.0 102522.0000
3606.24 3606.24 0.0 102518.5027
3620.39 3620.39 0.0 102515.0269
3634.53 3634.53 0.0 102511.5758
3648.67 3648.67 0.0 102508.1439
3662.81 3662.81 0.0 102504.7349
3676.96 3676.96 0.0 102501.3451
3691.1 3691.1 0.0 102497.9790
3705.24 3705.24 0.0 102494.6355
3719.38 3719.38 0.0 102491.3125
3733.52 3733.52 0.0 102488.0144
3747.67 3747.67 0.0 102484.7358
3761.81 3761.81 0.0 102481.4796
3775.95 3775.95 0.0 102478.2467
3790.09 3790.09 0.0 102475.0360
3804.23 3804.23 0.0 102471.8491
3818.38 3818.38 0.0 102468.6797
3832.52 3832.52 0.0 102465.5359
3846.66 3846.66 0.0 102462.4137
3860.8 3860.8 0.0 102459.3163
3874.95 3874.95 0.0 102456.2382
3889.09 3889.09 0.0 102453.1821
3903.23 3903.23 0.0 102450.1508
3917.37 3917.37 0.0 102447.1423
3931.51 3931.51 0.0 102444.1537
3945.66 3945.66 0.0 102441.1869
3959.8 3959.8 0.0 102438.2427
3973.94 3973.94 0.0 102435.3206
3988.08 3988.08 0.0 102432.4210
4002.22 4002.22 0.0 102429.5421
4016.37 4016.37 0.0 102426.6831
4030.51 4030.51 0.0 102423.8479
4044.65 4044.65 0.0 102421.0331
4058.79 4058.79 0.0 102418.2385
4072.94 4072.94 0.0 102415.4629
4087.08 4087.08 0.0 102412.7079
4101.22 4101.22 0.0 102409.9755
4115.36 4115.36 0.0 102407.2604
4129.5 4129.5 0.0 102404.5658
4143.65 4143.65 0.0 102401.8885
4157.79 4157.79 0.0 102399.2313
4171.93 4171.93 0.0 102396.5918
4186.07 4186.07 0.0 102393.9709
4200.21 4200.21 0.0 102391.3657
4214.36 4214.36 0.0 102388.7771
4228.5 4228.5 0.0 102386.2073
4242.64 4242.64 0.0 102383.6527
