0.0 0.0 0.0 787029.9375
14.1421 14.1421 0.0 942342.5000
28.2843 28.2843 0.0 945188.3750
42.4264 42.4264 0.0 917428.5000
56.5685 56.5685 0.0 873059.2500
70.7107 70.7107 0.0 822247.3750
84.8528 84.8528 0.0 769741.0625
98.9949 98.9949 0.0 717011.3750
113.137 113.137 0.0 664054.6875
127.279 127.279 0.0 610822.4688
141.421 141.421 0.0 558096.7188
155.563 155.563 0.0 507572.3750
169.706 169.706 0.0 461211.7812
183.848 183.848 0.0 420420.8438
197.99 197.99 0.0 385578.5312
212.132 212.132 0.0 356176.1562
226.274 226.274 0.0 331272.6875
240.416 240.416 0.0 309918.0000
254.558 254.558 0.0 291364.0156
268.701 268.701 0.0 275091.3594
282.843 282.843 0.0 260752.4688
296.985 296.985 0.0 248092.8906
311.127 311.127 0.0 236906.8438
325.269 325.269 0.0 227010.0391
339.411 339.411 0.0 218232.0781
353.553 353.553 0.0 210416.0781
367.696 367.696 0.0 203422.2578
381.838 381.838 0.0 197130.2500
395.98 395.98 0.0 191437.5781
410.122 410.122 0.0 186259.8828
424.264 424.264 0.0 181527.8594
438.406 438.406 0.0 177185.1953
452.548 452.548 0.0 173185.8672
466.69 466.69 0.0 169491.8750
480.833 480.833 0.0 166071.2227
494.975 494.975 0.0 162897.4180
509.117 509.117 0.0 159947.0117
523.259 523.259 0.0 157199.8398
537.401 537.401 0.0 154638.0078
551.543 551.543 0.0 152245.7930
565.685 565.685 0.0 150008.9766
579.828 579.828 0.0 147914.7344
593.97 593.97 0.0 145951.9531
608.112 608.112 0.0 144110.2227
622.254 622.254 0.0 142380.2617
636.396 636.396 0.0 140753.8125
650.538 650.538 0.0 139223.3633
664.68 664.68 0.0 137782.2109
678.823 678.823 0.0 136424.1172
692.965 692.965 0.0 135143.8125
707.107 707.107 0.0 133936.1426
721.249 721.249 0.0 132796.5020
735.391 735.391 0.0 131720.5996
749.533 749.533 0.0 130704.4219
763.675 763.675 0.0 129744.1543
777.817 777.817 0.0 128836.1797
791.96 791.96 0.0 127976.9668
806.102 806.102 0.0 127163.4062
820.244 820.244 0.0 126392.4551
834.386 834.386 0.0 125661.5215
848.528 848.528 0.0 124968.4570
862.67 862.67 0.0 124311.7012
876.812 876.812 0.0 123690.1348
890.955 890.955 0.0 123102.8906
905.097 905.097 0.0 122548.9453
919.239 919.239 0.0 122026.1328
933.381 933.381 0.0 121530.5742
947.523 947.523 0.0 121056.4941
961.665 961.665 0.0 120597.3887
975.807 975.807 0.0 120148.6895
989.949 989.949 0.0 119710.7676
1004.09 1004.09 0.0 119290.1094
1018.23 1018.23 0.0 118896.8203
1032.38 1032.38 0.0 118539.4395
1046.52 1046.52 0.0 118221.7910
1060.66 1060.66 0.0 117940.2031
1074.8 1074.8 0.0 117686.4209
1088.94 1088.94 0.0 117450.3545
1103.09 1103.09 0.0 117222.3057
1117.23 1117.23 0.0 116994.9199
1131.37 1131.37 0.0 116762.5215
1145.51 1145.51 0.0 116521.5850
1159.66 1159.66 0.0 116270.2412
1173.8 1173.8 0.0 116008.6709
1187.94 1187.94 0.0 115737.8369
1202.08 1202.08 0.0 115459.7764
1216.22 1216.22 0.0 115177.0508
1230.37 1230.37 0.0 114892.1641
1244.51 1244.51 0.0 114608.0371
1258.65 1258.65 0.0 114326.5449
1272.79 1272.79 0.0 114049.2441
1286.93 1286.93 0.0 113777.1592
1301.08 1301.08 0.0 113510.6621
1315.22 1315.22 0.0 113250.3027
1329.36 1329.36 0.0 112995.8496
1343.5 1343.5 0.0 112747.1201
1357.65 1357.65 0.0 112503.7051
1371.79 1371.79 0.0 112265.7285
1385.93 1385.93 0.0 112032.8613
1400.07 1400.07 0.0 111804.9854
1414.21 1414.21 0.0 111582.0566
1428.36 1428.36 0.0 111363.9922
1442.5 1442.5 0.0 111151.2549
1456.64 1456.64 0.0 110943.9951
1470.78 1470.78 0.0 110742.6504
1484.92 1484.92 0.0 110547.8818
1499.07 1499.07 0.0 110360.3643
1513.21 1513.21 0.0 110181.3770
1527.35 1527.35 0.0 110011.8555
1541.49 1541.49 0.0 109852.9355
1555.63 1555.63 0.0 109705.6338
1569.78 1569.78 0.0 109570.6494
1583.92 1583.92 0.0 109448.5942
1598.06 1598.06 0.0 109339.3550
1612.2 1612.2 0.0 109242.4189
1626.35 1626.35 0.0 109156.7329
1640.49 1640.49 0.0 109081.0396
1654.63 1654.63 0.0 109013.6382
1668.77 1668.77 0.0 108952.7681
1682.91 1682.91 0.0 108896.7349
1697.06 1697.06 0.0 108843.9741
1711.2 1711.2 0.0 108793.3096
1725.34 1725.34 0.0 108743.7715
1739.48 1739.48 0.0 108694.7495
1753.62 1753.62 0.0 108645.9219
1767.77 1767.77 0.0 108597.1543
1781.91 1781.91 0.0 108548.5864
1796.05 1796.05 0.0 108500.3481
1810.19 1810.19 0.0 108452.6387
1824.34 1824.34 0.0 108405.6445
1838.48 1838.48 0.0 108359.6011
1852.62 1852.62 0.0 108314.6064
1866.76 1866.76 0.0 108270.7710
1880.9 1880.9 0.0 108228.1104
1895.05 1895.05 0.0 108186.5952
1909.19 1909.19 0.0 108146.2524
1923.33 1923.33 0.0 108106.9863
1937.47 1937.47 0.0 108068.7095
1951.61 1951.61 0.0 108031.3232
1965.76 1965.76 0.0 107994.7104
1979.9 1979.9 0.0 107958.8267
1994.04 1994.04 0.0 107923.5464
2008.18 2008.18 0.0 107888.7773
2022.33 2022.33 0.0 107854.4175
2036.47 2036.47 0.0 107820.4443
2050.61 2050.61 0.0 107786.7720
2064.75 2064.75 0.0 107753.3574
2078.89 2078.89 0.0 107720.1538
2093.04 2093.04 0.0 107687.1123
2107.18 2107.18 0.0 107654.2651
2121.32 2121.32 0.0 107621.5776
2135.46 2135.46 0.0 107589.0474
2149.6 2149.6 0.0 107556.6870
2163.75 2163.75 0.0 107524.4907
2177.89 2177.89 0.0 107492.5298
2192.03 2192.03 0.0 107460.8071
2206.17 2206.17 0.0 107429.3623
2220.32 2220.32 0.0 107398.2114
2234.46 2234.46 0.0 107367.4351
2248.6 2248.6 0.0 107337.0474
2262.74 2262.74 0.0 107307.1084
2276.88 2276.88 0.0 107277.6519
2291.03 2291.03 0.0 107248.7007
2305.17 2305.17 0.0 107220.3213
2319.31 2319.31 0.0 107192.5293
2333.45 2333.45 0.0 107165.3516
2347.59 2347.59 0.0 107138.8071
2361.74 2361.74 0.0 107112.8789
2375.88 2375.88 0.0 107087.6025
2390.02 2390.02 0.0 107062.9434
2404.16 2404.16 0.0 107038.8853
2418.31 2418.31 0.0 107015.3706
2432.45 2432.45 0.0 106992.3779
2446.59 2446.59 0.0 106969.8271
2460.73 2460.73 0.0 106947.6440
2474.87 2474.87 0.0 106925.7446
2489.02 2489.02 0.0 106904.0020
2503.16 2503.16 0.0 106882.3354
2517.3 2517.3 0.0 106860.6113
2531.44 2531.44 0.0 106838.7090
2545.58 2545.58 0.0 106816.4907
2559.73 2559.73 0.0 106793.8188
2573.87 2573.87 0.0 106770.5825
2588.01 2588.01 0.0 106746.6450
2602.15 2602.15 0.0 106721.8960
2616.3 2616.3 0.0 106696.2051
2630.44 2630.44 0.0 106669.5303
2644.58 2644.58 0.0 106641.7734
2658.72 2658.72 0.0 106612.8901
2672.86 2672.86 0.0 106582.8506
2687.01 2687.01 0.0 106551.6240
2701.15 2701.15 0.0 106519.2832
2715.29 2715.29 0.0 106485.8330
2729.43 2729.43 0.0 106451.3491
2743.57 2743.57 0.0 106415.9111
2757.72 2757.72 0.0 106379.5923
2771.86 2771.86 0.0 106342.5645
2786.0 2786.0 0.0 106304.9316
2800.14 2800.14 0.0 106266.8350
2814.28 2814.28 0.0 106228.4082
2828.43 2828.43 0.0 106189.7827
2842.57 2842.57 0.0 106151.1523
2856.71 2856.71 0.0 106112.6440
2870.85 2870.85 0.0 106074.3784
2885.0 2885.0 0.0 106036.4790
2899.14 2899.14 0.0 105999.1123
2913.28 2913.28 0.0 105962.3589
2927.42 2927.42 0.0 105926.3232
2941.56 2941.56 0.0 105891.1011
2955.71 2955.71 0.0 105856.7319
2969.85 2969.85 0.0 105823.3403
2983.99 2983.99 0.0 105790.9438
2998.13 2998.13 0.0 105759.5967
3012.27 3012.27 0.0 105729.3115
3026.42 3026.42 0.0 105700.1006
3040.56 3040.56 0.0 105672.0098
3054.7 3054.7 0.0 105645.0215
3068.84 3068.84 0.0 105619.1235
3082.99 3082.99 0.0 105594.2930
3097.13 3097.13 0.0 105570.5347
3111.27 3111.27 0.0 105547.8125
3125.41 3125.41 0.0 105526.0889
3139.55 3139.55 0.0 105505.3345
3153.7 3153.7 0.0 105485.4961
3167.84 3167.84 0.0 105466.5571
3181.98 3181.98 0.0 105448.4658
3196.12 3196.12 0.0 105431.1758
3210.26 3210.26 0.0 105414.6433
3224.41 3224.41 0.0 105398.8057
3238.55 3238.55 0.0 105383.6506
3252.69 3252.69 0.0 105369.1118
3266.83 3266.83 0.0 105355.1472
3280.98 3280.98 0.0 105341.7100
3295.12 3295.12 0.0 105328.7710
3309.26 3309.26 0.0 105316.2839
3323.4 3323.4 0.0 105304.2051
3337.54 3337.54 0.0 105292.4985
3351.69 3351.69 0.0 105281.1218
3365.83 3365.83 0.0 105270.0596
3379.97 3379.97 0.0 105259.2637
3394.11 3394.11 0.0 105248.7146
3408.25 3408.25 0.0 105238.3816
3422.4 3422.4 0.0 105228.2278
3436.54 3436.54 0.0 105218.2432
3450.68 3450.68 0.0 105208.4077
3464.82 3464.82 0.0 105198.6965
3478.97 3478.97 0.0 105189.0813
3493.11 3493.11 0.0 105179.5635
3507.25 3507.25 0.0 105170.1240
3521.39 3521.39 0.0 105160.7439
3535.53 3535.53 0.0 105151.4180
3549.68 3549.68 0.0 105142.1250
3563.82 3563.82 0.0 105132.8677
3577.96 3577.96 0.0 105123.6399
3592.1 3592.1 0.0 105114.4292
3606.24 3606.24 0.0 105105.2349
3620.39 3620.39 0.0 105096.0435
3634.53 3634.53 0.0 105086.8618
3648.67 3648.67 0.0 105077.6846
3662.81 3662.81 0.0 105068.5117
3676.96 3676.96 0.0 105059.3362
3691.1 3691.1 0.0 105050.1660
3705.24 3705.24 0.0 105041.0002
3719.38 3719.38 0.0 105031.8376
3733.52 3733.52 0.0 105022.6763
3747.67 3747.67 0.0 105013.5149
3761.81 3761.81 0.0 105004.3657
3775.95 3775.95 0.0 104995.2288
3790.09 3790.09 0.0 104986.1001
3804.23 3804.23 0.0 104976.9873
3818.38 3818.38 0.0 104967.8870
3832.52 3832.52 0.0 104958.8091
3846.66 3846.66 0.0 104949.7502
3860.8 3860.8 0.0 104940.7246
3874.95 3874.95 0.0 104931.7178
3889.09 3889.09 0.0 104922.7471
3903.23 3903.23 0.0 104913.8088
3917.37 3917.37 0.0 104904.9116
3931.51 3931.51 0.0 104896.0483
3945.66 3945.66 0.0 104887.2219
3959.8 3959.8 0.0 104878.4482
3973.94 3973.94 0.0 104869.7192
3988.08 3988.08 0.0 104861.0405
4002.22 4002.22 0.0 104852.4097
4016.37 4016.37 0.0 104843.8284
4030.51 4030.51 0.0 104835.3101
4044.65 4044.65 0.0 104826.8472
4058.79 4058.79 0.0 104818.4392
4072.94 4072.94 0.0 104810.0901
4087.08 4087.08 0.0 104801.8032
4101.22 4101.22 0.0 104793.5847
4115.36 4115.36 0.0 104785.4246
4129.5 4129.5 0.0 104777.3313
4143.65 4143.65 0.0 104769.2966
4157.79 4157.79 0.0 104761.3411
4171.93 4171.93 0.0 104753.4446
4186.07 4186.07 0.0 104745.6147
4200.21 4200.21 0.0 104737.8582
4214.36 4214.36 0.0 104730.1565
4228.5 4228.5 0.0 104722.5352
4242.64 4242.64 0.0 104714.9792
