0.0 0.0 0.0 979390.3750
14.1421 14.1421 0.0 1442860.6250
28.2843 28.2843 0.0 1438161.5000
42.4264 42.4264 0.0 1438905.3750
56.5685 56.5685 0.0 1435547.3750
70.7107 70.7107 0.0 1427374.1250
84.8528 84.8528 0.0 1414809.7500
98.9949 98.9949 0.0 1398379.2500
113.137 113.137 0.0 1378563.7500
127.279 127.279 0.0 1355805.2500
141.421 141.421 0.0 1330521.1250
155.563 155.563 0.0 1303100.5000
169.706 169.706 0.0 1273917.8750
183.848 183.848 0.0 1243327.7500
197.99 197.99 0.0 1211655.3750
212.132 212.132 0.0 1179202.3750
226.274 226.274 0.0 1146241.7500
240.416 240.416 0.0 1113016.4375
254.558 254.558 0.0 1079739.4375
268.701 268.701 0.0 1046591.2500
282.843 282.843 0.0 1013732.3750
296.985 296.985 0.0 981292.5000
311.127 311.127 0.0 949374.0625
325.269 325.269 0.0 918062.9375
339.411 339.411 0.0 887424.5625
353.553 353.553 0.0 857507.8125
367.696 367.696 0.0 828347.7500
381.838 381.838 0.0 799973.8750
395.98 395.98 0.0 772401.1875
410.122 410.122 0.0 745641.6875
424.264 424.264 0.0 719702.0000
438.406 438.406 0.0 694587.3125
452.548 452.548 0.0 670300.5625
466.69 466.69 0.0 646843.6250
480.833 480.833 0.0 624216.1562
494.975 494.975 0.0 602423.5625
509.117 509.117 0.0 581465.2188
523.259 523.259 0.0 561343.0000
537.401 537.401 0.0 542055.2500
551.543 551.543 0.0 523600.6562
565.685 565.685 0.0 505975.9688
579.828 579.828 0.0 489173.0312
593.97 593.97 0.0 473184.7812
608.112 608.112 0.0 457996.6250
622.254 622.254 0.0 443592.2500
636.396 636.396 0.0 429951.0312
650.538 650.538 0.0 417049.0000
664.68 664.68 0.0 404859.1250
678.823 678.823 0.0 393350.8125
692.965 692.965 0.0 382492.7188
707.107 707.107 0.0 372251.0312
721.249 721.249 0.0 362590.3906
735.391 735.391 0.0 353475.3594
749.533 749.533 0.0 344871.2188
763.675 763.675 0.0 336743.3125
777.817 777.817 0.0 329058.6250
791.96 791.96 0.0 321784.5000
806.102 806.102 0.0 314892.5312
820.244 820.244 0.0 308353.7344
834.386 834.386 0.0 302142.4219
848.528 848.528 0.0 296234.3125
862.67 862.67 0.0 290607.5312
876.812 876.812 0.0 285242.2500
890.955 890.955 0.0 280119.5938
905.097 905.097 0.0 275223.7188
919.239 919.239 0.0 270539.3906
933.381 933.381 0.0 266052.6875
947.523 947.523 0.0 261751.4062
961.665 961.665 0.0 257624.0938
975.807 975.807 0.0 253660.4531
989.949 989.949 0.0 249850.9219
1004.09 1004.09 0.0 246187.1094
1018.23 1018.23 0.0 242660.7656
1032.38 1032.38 0.0 239262.1094
1046.52 1046.52 0.0 235988.5938
1060.66 1060.66 0.0 232831.5625
1074.8 1074.8 0.0 229784.9922
1088.94 1088.94 0.0 226843.2031
1103.09 1103.09 0.0 223998.9766
1117.23 1117.23 0.0 221251.3516
1131.37 1131.37 0.0 218593.6875
1145.51 1145.51 0.0 216021.7344
1159.66 1159.66 0.0 213529.5469
1173.8 1173.8 0.0 211117.0391
1187.94 1187.94 0.0 208778.7109
1202.08 1202.08 0.0 206511.4844
1216.22 1216.22 0.0 204312.0938
1230.37 1230.37 0.0 202176.2734
1244.51 1244.51 0.0 200104.3828
1258.65 1258.65 0.0 198092.5000
1272.79 1272.79 0.0 196138.2969
1286.93 1286.93 0.0 194239.7266
1301.08 1301.08 0.0 192393.5391
1315.22 1315.22 0.0 190600.5938
1329.36 1329.36 0.0 188857.9531
1343.5 1343.5 0.0 187164.1328
1357.65 1357.65 0.0 185516.5391
1371.79 1371.79 0.0 183916.2500
1385.93 1385.93 0.0 182360.9453
1400.07 1400.07 0.0 180849.4922
1414.21 1414.21 0.0 179380.7812
1428.36 1428.36 0.0 177952.9375
1442.5 1442.5 0.0 176567.0156
1456.64 1456.64 0.0 175221.0625
1470.78 1470.78 0.0 173914.1719
1484.92 1484.92 0.0 172645.5469
1499.07 1499.07 0.0 171413.4844
1513.21 1513.21 0.0 170218.7812
1527.35 1527.35 0.0 169059.8203
1541.49 1541.49 0.0 167935.6719
1555.63 1555.63 0.0 166845.5547
1569.78 1569.78 0.0 165787.9062
1583.92 1583.92 0.0 164763.4609
1598.06 1598.06 0.0 163770.6445
1612.2 1612.2 0.0 162808.8398
1626.35 1626.35 0.0 161876.8203
1640.49 1640.49 0.0 160975.3906
1654.63 1654.63 0.0 160103.4258
1668.77 1668.77 0.0 159260.6641
1682.91 1682.91 0.0 158446.8164
1697.06 1697.06 0.0 157661.0352
1711.2 1711.2 0.0 156903.9727
1725.34 1725.34 0.0 156174.2891
1739.48 1739.48 0.0 155470.8047
1753.62 1753.62 0.0 154791.9141
1767.77 1767.77 0.0 154135.3359
1781.91 1781.91 0.0 153500.1797
1796.05 1796.05 0.0 152884.7930
1810.19 1810.19 0.0 152288.9062
1824.34 1824.34 0.0 151712.9141
1838.48 1838.48 0.0 151158.9375
1852.62 1852.62 0.0 150627.6992
1866.76 1866.76 0.0 150119.0469
1880.9 1880.9 0.0 149630.9766
1895.05 1895.05 0.0 149159.2266
1909.19 1909.19 0.0 148699.0586
1923.33 1923.33 0.0 148244.3711
1937.47 1937.47 0.0 147789.7422
1951.61 1951.61 0.0 147330.9805
1965.76 1965.76 0.0 146865.1719
1979.9 1979.9 0.0 146392.0391
1994.04 1994.04 0.0 145911.6992
2008.18 2008.18 0.0 145425.7734
2022.33 2022.33 0.0 144936.1836
2036.47 2036.47 0.0 144446.2070
2050.61 2050.61 0.0 143958.1602
2064.75 2064.75 0.0 143474.4961
2078.89 2078.89 0.0 142997.3398
2093.04 2093.04 0.0 142528.0586
2107.18 2107.18 0.0 142068.5781
2121.32 2121.32 0.0 141619.3945
2135.46 2135.46 0.0 141180.9180
2149.6 2149.6 0.0 140753.2383
2163.75 2163.75 0.0 140335.8320
2177.89 2177.89 0.0 139928.8945
2192.03 2192.03 0.0 139531.5195
2206.17 2206.17 0.0 139142.9922
2220.32 2220.32 0.0 138762.2969
2234.46 2234.46 0.0 138389.2031
2248.6 2248.6 0.0 138022.7383
2262.74 2262.74 0.0 137662.2383
2276.88 2276.88 0.0 137307.1133
2291.03 2291.03 0.0 136956.6836
2305.17 2305.17 0.0 136611.0898
2319.31 2319.31 0.0 136269.8516
2333.45 2333.45 0.0 135932.8672
2347.59 2347.59 0.0 135600.0977
2361.74 2361.74 0.0 135271.4062
2375.88 2375.88 0.0 134947.3750
2390.02 2390.02 0.0 134627.9609
2404.16 2404.16 0.0 134313.3516
2418.31 2418.31 0.0 134003.5566
2432.45 2432.45 0.0 133699.1816
2446.59 2446.59 0.0 133400.1562
2460.73 2460.73 0.0 133106.6367
2474.87 2474.87 0.0 132818.6523
2489.02 2489.02 0.0 132536.0254
2503.16 2503.16 0.0 132259.1035
2517.3 2517.3 0.0 131987.5820
2531.44 2531.44 0.0 131721.3203
2545.58 2545.58 0.0 131460.1035
2559.73 2559.73 0.0 131203.5391
2573.87 2573.87 0.0 130951.6953
2588.01 2588.01 0.0 130704.1250
2602.15 2602.15 0.0 130460.4961
2616.3 2616.3 0.0 130220.3809
2630.44 2630.44 0.0 129983.7852
2644.58 2644.58 0.0 129750.2129
2658.72 2658.72 0.0 129519.4062
2672.86 2672.86 0.0 129291.0566
2687.01 2687.01 0.0 129064.7402
2701.15 2701.15 0.0 128840.5215
2715.29 2715.29 0.0 128618.0215
2729.43 2729.43 0.0 128397.0176
2743.57 2743.57 0.0 128177.2871
2757.72 2757.72 0.0 127958.5332
2771.86 2771.86 0.0 127740.8906
2786.0 2786.0 0.0 127524.0898
2800.14 2800.14 0.0 127307.9590
2814.28 2814.28 0.0 127092.4531
2828.43 2828.43 0.0 126877.3477
2842.57 2842.57 0.0 126662.8262
2856.71 2856.71 0.0 126448.7363
2870.85 2870.85 0.0 126235.0586
2885.0 2885.0 0.0 126021.6016
2899.14 2899.14 0.0 125808.7148
2913.28 2913.28 0.0 125596.2422
2927.42 2927.42 0.0 125384.2656
2941.56 2941.56 0.0 125172.7910
2955.71 2955.71 0.0 124961.7852
2969.85 2969.85 0.0 124751.6113
2983.99 2983.99 0.0 124542.2227
2998.13 2998.13 0.0 124333.7383
3012.27 3012.27 0.0 124126.2871
3026.42 3026.42 0.0 123919.8340
3040.56 3040.56 0.0 123714.8301
3054.7 3054.7 0.0 123511.2461
3068.84 3068.84 0.0 123309.2441
3082.99 3082.99 0.0 123108.8184
3097.13 3097.13 0.0 122910.4551
3111.27 3111.27 0.0 122714.0977
3125.41 3125.41 0.0 122519.9199
3139.55 3139.55 0.0 122328.0605
3153.7 3153.7 0.0 122138.5391
3167.84 3167.84 0.0 121951.7324
3181.98 3181.98 0.0 121767.6367
3196.12 3196.12 0.0 121586.3633
3210.26 3210.26 0.0 121408.0020
3224.41 3224.41 0.0 121232.5430
3238.55 3238.55 0.0 121060.2812
3252.69 3252.69 0.0 120891.1777
3266.83 3266.83 0.0 120725.2793
3280.98 3280.98 0.0 120562.4863
3295.12 3295.12 0.0 120403.1113
3309.26 3309.26 0.0 120246.9668
3323.4 3323.4 0.0 120094.0957
3337.54 3337.54 0.0 119944.4727
3351.69 3351.69 0.0 119797.9648
3365.83 3365.83 0.0 119654.7461
3379.97 3379.97 0.0 119514.6562
3394.11 3394.11 0.0 119377.6309
3408.25 3408.25 0.0 119243.6016
3422.4 3422.4 0.0 119112.4062
3436.54 3436.54 0.0 118984.1367
3450.68 3450.68 0.0 118858.6055
3464.82 3464.82 0.0 118735.7285
3478.97 3478.97 0.0 118615.3145
3493.11 3493.11 0.0 118497.4316
3507.25 3507.25 0.0 118381.8867
3521.39 3521.39 0.0 118268.5859
3535.53 3535.53 0.0 118157.4102
3549.68 3549.68 0.0 118048.1641
3563.82 3563.82 0.0 117940.9277
3577.96 3577.96 0.0 117835.4883
3592.1 3592.1 0.0 117731.7617
3606.24 3606.24 0.0 117629.6514
3620.39 3620.39 0.0 117528.9775
3634.53 3634.53 0.0 117429.8193
3648.67 3648.67 0.0 117331.9893
3662.81 3662.81 0.0 117235.4189
3676.96 3676.96 0.0 117139.9639
3691.1 3691.1 0.0 117045.6748
3705.24 3705.24 0.0 116952.4229
3719.38 3719.38 0.0 116860.1465
3733.52 3733.52 0.0 116768.7891
3747.67 3747.67 0.0 116678.2354
3761.81 3761.81 0.0 116588.5537
3775.95 3775.95 0.0 116499.6367
3790.09 3790.09 0.0 116411.4561
3804.23 3804.23 0.0 116323.9688
3818.38 3818.38 0.0 116237.0957
3832.52 3832.52 0.0 116150.9268
3846.66 3846.66 0.0 116065.3711
3860.8 3860.8 0.0 115980.4375
3874.95 3874.95 0.0 115896.0176
3889.09 3889.09 0.0 115812.2441
3903.23 3903.23 0.0 115729.0508
3917.37 3917.37 0.0 115646.4209
3931.51 3931.51 0.0 115564.3701
3945.66 3945.66 0.0 115482.8389
3959.8 3959.8 0.0 115401.9375
3973.94 3973.94 0.0 115321.6221
3988.08 3988.08 0.0 115241.9121
4002.22 4002.22 0.0 115162.7979
4016.37 4016.37 0.0 115084.2529
4030.51 4030.51 0.0 115006.3975
4044.65 4044.65 0.0 114929.1865
4058.79 4058.79 0.0 114852.6396
4072.94 4072.94 0.0 114776.7236
4087.08 4087.08 0.0 114701.5605
4101.22 4101.22 0.0 114627.1104
4115.36 4115.36 0.0 114553.3955
4129.5 4129.5 0.0 114480.4316
4143.65 4143.65 0.0 114408.1904
4157.79 4157.79 0.0 114336.7861
4171.93 4171.93 0.0 114266.1865
4186.07 4186.07 0.0 114196.4062
4200.21 4200.21 0.0 114127.4609
4214.36 4214.36 0.0 114059.3232
4228.5 4228.5 0.0 113992.0967
4242.64 4242.64 0.0 113925.7549
