0.0000 0.0000 0.0000 5928530.0000
14.1421 14.1421 0.0000 5620540.0000
28.2843 28.2843 0.0000 5603410.0000
42.4264 42.4264 0.0000 4389220.0000
56.5685 56.5685 0.0000 3662460.0000
70.7107 70.7107 0.0000 2463940.0000
84.8528 84.8528 0.0000 1931290.0000
98.9949 98.9949 0.0000 1500260.0000
113.1370 113.1370 0.0000 941778.0000
127.2790 127.2790 0.0000 782895.0000
141.4210 141.4210 0.0000 587654.0000
155.5630 155.5630 0.0000 519437.0000
169.7060 169.7060 0.0000 463912.0000
183.8480 183.8480 0.0000 380663.0000
197.9900 197.9900 0.0000 349316.0000
212.1320 212.1320 0.0000 300900.0000
226.2740 226.2740 0.0000 282166.0000
240.4160 240.4160 0.0000 251707.0000
254.5580 254.5580 0.0000 239357.0000
268.7010 268.7010 0.0000 228553.0000
282.8430 282.8430 0.0000 210680.0000
296.9850 296.9850 0.0000 203237.0000
311.1270 311.1270 0.0000 190622.0000
325.2690 325.2690 0.0000 185242.0000
339.4110 339.4110 0.0000 180375.0000
353.5530 353.5530 0.0000 171936.0000
367.6960 367.6960 0.0000 168263.0000
381.8380 381.8380 0.0000 161819.0000
395.9800 395.9800 0.0000 158984.0000
410.1220 410.1220 0.0000 153956.0000
424.2640 424.2640 0.0000 151720.0000
438.4060 438.4060 0.0000 149645.0000
452.5480 452.5480 0.0000 145923.0000
466.6900 466.6900 0.0000 144249.0000
480.8330 480.8330 0.0000 141231.0000
494.9750 494.9750 0.0000 139869.0000
509.1170 509.1170 0.0000 138567.0000
523.2590 523.2590 0.0000 136114.0000
537.4010 537.4010 0.0000 134994.0000
551.5430 551.5430 0.0000 132753.0000
565.6850 565.6850 0.0000 131643.0000
579.8280 579.8280 0.0000 130584.0000
593.9700 593.9700 0.0000 128625.0000
608.1120 608.1120 0.0000 127739.0000
622.2540 622.2540 0.0000 126180.0000
636.3960 636.3960 0.0000 125489.0000
650.5380 650.5380 0.0000 124211.0000
664.6800 664.6800 0.0000 123617.0000
678.8230 678.8230 0.0000 123029.0000
692.9650 692.9650 0.0000 121933.0000
707.1070 707.1070 0.0000 121459.0000
721.2490 721.2490 0.0000 120539.0000
735.3910 735.3910 0.0000 120077.0000
749.5330 749.5330 0.0000 119710.0000
763.6750 763.6750 0.0000 118968.0000
777.8170 777.8170 0.0000 118608.0000
791.9600 791.9600 0.0000 117994.0000
806.1020 806.1020 0.0000 117644.0000
820.2440 820.2440 0.0000 117034.0000
834.3860 834.3860 0.0000 116832.0000
848.5280 848.5280 0.0000 116447.0000
862.6700 862.6700 0.0000 115904.0000
876.8120 876.8120 0.0000 115758.0000
890.9550 890.9550 0.0000 115257.0000
905.0970 905.0970 0.0000 114908.0000
919.2390 919.2390 0.0000 114776.0000
933.3810 933.3810 0.0000 114303.0000
947.5230 947.5230 0.0000 114013.0000
961.6650 961.6650 0.0000 113591.0000
975.8070 975.8070 0.0000 113453.0000
989.9490 989.9490 0.0000 113161.0000
1004.0900 1004.0900 0.0000 112696.0000
1018.2300 1018.2300 0.0000 112638.0000
1032.3800 1032.3800 0.0000 112170.0000
1046.5200 1046.5200 0.0000 111814.0000
1060.6600 1060.6600 0.0000 111411.0000
1074.8000 1074.8000 0.0000 111411.0000
1088.9400 1088.9400 0.0000 111088.3411
1103.0900 1103.0900 0.0000 111088.3411
1117.2300 1117.2300 0.0000 110858.7772
1131.3700 1131.3700 0.0000 110634.5028
1145.5100 1145.5100 0.0000 110634.5028
1159.6600 1159.6600 0.0000 110492.7445
1173.8000 1173.8000 0.0000 110358.3914
1187.9400 1187.9400 0.0000 110358.3914
1202.0800 1202.0800 0.0000 110249.4279
1216.2200 1216.2200 0.0000 110151.0434
1230.3700 1230.3700 0.0000 110151.0434
1244.5100 1244.5100 0.0000 110064.2958
1258.6500 1258.6500 0.0000 109981.7797
1272.7900 1272.7900 0.0000 109981.7797
1286.9300 1286.9300 0.0000 109887.6268
1301.0800 1301.0800 0.0000 109795.5897
1315.2200 1315.2200 0.0000 109795.5897
1329.3600 1329.3600 0.0000 109700.3789
1343.5000 1343.5000 0.0000 109604.1101
1357.6500 1357.6500 0.0000 109604.1101
1371.7900 1371.7900 0.0000 109508.8993
1385.9300 1385.9300 0.0000 109414.7464
1400.0700 1400.0700 0.0000 109414.7464
1414.2100 1414.2100 0.0000 109323.7671
1428.3600 1428.3600 0.0000 109235.9616
1442.5000 1442.5000 0.0000 109235.9616
1456.6400 1456.6400 0.0000 109152.3877
1470.7800 1470.7800 0.0000 109071.9874
1484.9200 1484.9200 0.0000 109071.9874
1499.0700 1499.0700 0.0000 108992.6451
1513.2100 1513.2100 0.0000 108913.3027
1527.3500 1527.3500 0.0000 108913.3027
1541.4900 1541.4900 0.0000 108833.9604
1555.6300 1555.6300 0.0000 108753.5601
1569.7800 1569.7800 0.0000 108753.5601
1583.9200 1583.9200 0.0000 108673.1598
1598.0600 1598.0600 0.0000 108593.8175
1612.2000 1612.2000 0.0000 108593.8175
1626.3500 1626.3500 0.0000 108514.4751
1640.4900 1640.4900 0.0000 108435.1328
1654.6300 1654.6300 0.0000 108435.1328
1668.7700 1668.7700 0.0000 108356.8483
1682.9100 1682.9100 0.0000 108279.6218
1697.0600 1697.0600 0.0000 108279.6218
1711.2000 1711.2000 0.0000 108203.4531
1725.3400 1725.3400 0.0000 108128.3424
1739.4800 1739.4800 0.0000 108128.3424
1753.6200 1753.6200 0.0000 108055.3474
1767.7700 1767.7700 0.0000 107983.4103
1781.9100 1781.9100 0.0000 107983.4103
1796.0500 1796.0500 0.0000 107913.5890
1810.1900 1810.1900 0.0000 107843.7678
1824.3400 1824.3400 0.0000 107843.7678
1838.4800 1838.4800 0.0000 107777.1202
1852.6200 1852.6200 0.0000 107710.4726
1866.7600 1866.7600 0.0000 107710.4726
1880.9000 1880.9000 0.0000 107645.9408
1895.0500 1895.0500 0.0000 107583.5249
1909.1900 1909.1900 0.0000 107583.5249
1923.3300 1923.3300 0.0000 107522.1668
1937.4700 1937.4700 0.0000 107462.9245
1951.6100 1951.6100 0.0000 107462.9245
1965.7600 1965.7600 0.0000 107403.6822
1979.9000 1979.9000 0.0000 107347.6136
1994.0400 1994.0400 0.0000 107347.6136
2008.1800 2008.1800 0.0000 107291.5450
2022.3300 2022.3300 0.0000 107237.5922
2036.4700 2036.4700 0.0000 107184.6973
2050.6100 2050.6100 0.0000 107184.6973
2064.7500 2064.7500 0.0000 107133.9182
2078.8900 2078.8900 0.0000 107084.1970
2093.0400 2093.0400 0.0000 107084.1970
2107.1800 2107.1800 0.0000 107034.4758
2121.3200 2121.3200 0.0000 106986.8704
2135.4600 2135.4600 0.0000 106986.8704
2149.6000 2149.6000 0.0000 106941.3807
2163.7500 2163.7500 0.0000 106895.8911
2177.8900 2177.8900 0.0000 106895.8911
2192.0300 2192.0300 0.0000 106851.4594
2206.1700 2206.1700 0.0000 106808.0856
2220.3200 2220.3200 0.0000 106808.0856
2234.4600 2234.4600 0.0000 106766.8276
2248.6000 2248.6000 0.0000 106725.5695
2262.7400 2262.7400 0.0000 106648.3430
2276.8800 2276.8800 0.0000 106648.3430
2291.0300 2291.0300 0.0000 106648.3430
2305.1700 2305.1700 0.0000 106520.3373
2319.3100 2319.3100 0.0000 106520.3373
2333.4500 2333.4500 0.0000 106431.4739
2347.5900 2347.5900 0.0000 106431.4739
2361.7400 2361.7400 0.0000 106431.4739
2375.8800 2375.8800 0.0000 106351.0736
2390.0200 2390.0200 0.0000 106351.0736
2404.1600 2404.1600 0.0000 106279.1366
2418.3100 2418.3100 0.0000 106279.1366
2432.4500 2432.4500 0.0000 106279.1366
2446.5900 2446.5900 0.0000 106214.6048
2460.7300 2460.7300 0.0000 106214.6048
2474.8700 2474.8700 0.0000 106157.4783
2489.0200 2489.0200 0.0000 106157.4783
2503.1600 2503.1600 0.0000 106157.4783
2517.3000 2517.3000 0.0000 106104.5834
2531.4400 2531.4400 0.0000 106104.5834
2545.5800 2545.5800 0.0000 106054.8622
2559.7300 2559.7300 0.0000 106054.8622
2573.8700 2573.8700 0.0000 106054.8622
2588.0100 2588.0100 0.0000 106008.3147
2602.1500 2602.1500 0.0000 106008.3147
2616.3000 2616.3000 0.0000 105962.8250
2630.4400 2630.4400 0.0000 105962.8250
2644.5800 2644.5800 0.0000 105962.8250
2658.7200 2658.7200 0.0000 105920.5091
2672.8600 2672.8600 0.0000 105920.5091
2687.0100 2687.0100 0.0000 105878.1932
2701.1500 2701.1500 0.0000 105878.1932
2715.2900 2715.2900 0.0000 105878.1932
2729.4300 2729.4300 0.0000 105836.9352
2743.5700 2743.5700 0.0000 105836.9352
2757.7200 2757.7200 0.0000 105797.7930
2771.8600 2771.8600 0.0000 105797.7930
2786.0000 2786.0000 0.0000 105797.7930
2800.1400 2800.1400 0.0000 105758.6507
2814.2800 2814.2800 0.0000 105758.6507
2828.4300 2828.4300 0.0000 105720.5664
2842.5700 2842.5700 0.0000 105720.5664
2856.7100 2856.7100 0.0000 105720.5664
2870.8500 2870.8500 0.0000 105683.5400
2885.0000 2885.0000 0.0000 105683.5400
2899.1400 2899.1400 0.0000 105648.6293
2913.2800 2913.2800 0.0000 105648.6293
2927.4200 2927.4200 0.0000 105648.6293
2941.5600 2941.5600 0.0000 105613.7187
2955.7100 2955.7100 0.0000 105613.7187
2969.8500 2969.8500 0.0000 105580.9239
2983.9900 2983.9900 0.0000 105580.9239
2998.1300 2998.1300 0.0000 105580.9239
3012.2700 3012.2700 0.0000 105549.1869
3026.4200 3026.4200 0.0000 105549.1869
3040.5600 3040.5600 0.0000 105518.5079
3054.7000 3054.7000 0.0000 105518.5079
3068.8400 3068.8400 0.0000 105518.5079
3082.9900 3082.9900 0.0000 105488.8867
3097.1300 3097.1300 0.0000 105488.8867
3111.2700 3111.2700 0.0000 105459.2656
3125.4100 3125.4100 0.0000 105459.2656
3139.5500 3139.5500 0.0000 105459.2656
3153.7000 3153.7000 0.0000 105430.7023
3167.8400 3167.8400 0.0000 105430.7023
3181.9800 3181.9800 0.0000 105403.1970
3196.1200 3196.1200 0.0000 105403.1970
3210.2600 3210.2600 0.0000 105403.1970
3224.4100 3224.4100 0.0000 105375.6916
3238.5500 3238.5500 0.0000 105375.6916
3252.6900 3252.6900 0.0000 105348.1863
3266.8300 3266.8300 0.0000 105348.1863
3280.9800 3280.9800 0.0000 105348.1863
3295.1200 3295.1200 0.0000 105321.7388
3309.2600 3309.2600 0.0000 105321.7388
3323.4000 3323.4000 0.0000 105296.3493
3337.5400 3337.5400 0.0000 105296.3493
3351.6900 3351.6900 0.0000 105296.3493
3365.8300 3365.8300 0.0000 105270.9597
3379.9700 3379.9700 0.0000 105270.9597
3394.1100 3394.1100 0.0000 105245.5702
3408.2500 3408.2500 0.0000 105245.5702
3422.4000 3422.4000 0.0000 105245.5702
3436.5400 3436.5400 0.0000 105221.2385
3450.6800 3450.6800 0.0000 105221.2385
3464.8200 3464.8200 0.0000 105197.9648
3478.9700 3478.9700 0.0000 105197.9648
3493.1100 3493.1100 0.0000 105197.9648
3507.2500 3507.2500 0.0000 105173.6331
3521.3900 3521.3900 0.0000 105173.6331
3535.5300 3535.5300 0.0000 105150.3593
3549.6800 3549.6800 0.0000 105150.3593
3563.8200 3563.8200 0.0000 105150.3593
3577.9600 3577.9600 0.0000 105128.1435
3592.1000 3592.1000 0.0000 105128.1435
3606.2400 3606.2400 0.0000 105105.9276
3620.3900 3620.3900 0.0000 105105.9276
3634.5300 3634.5300 0.0000 105105.9276
3648.6700 3648.6700 0.0000 105083.7118
3662.8100 3662.8100 0.0000 105083.7118
3676.9600 3676.9600 0.0000 105061.4959
3691.1000 3691.1000 0.0000 105061.4959
3705.2400 3705.2400 0.0000 105061.4959
3719.3800 3719.3800 0.0000 105040.3379
3733.5200 3733.5200 0.0000 105040.3379
3747.6700 3747.6700 0.0000 105020.2379
3761.8100 3761.8100 0.0000 105020.2379
3775.9500 3775.9500 0.0000 105020.2379
3790.0900 3790.0900 0.0000 104999.0799
3804.2300 3804.2300 0.0000 104999.0799
3818.3800 3818.3800 0.0000 104978.9799
3832.5200 3832.5200 0.0000 104978.9799
3846.6600 3846.6600 0.0000 104978.9799
3860.8000 3860.8000 0.0000 104958.8798
3874.9500 3874.9500 0.0000 104958.8798
3889.0900 3889.0900 0.0000 104939.8376
3903.2300 3903.2300 0.0000 104939.8376
3917.3700 3917.3700 0.0000 104939.8376
3931.5100 3931.5100 0.0000 104920.7955
3945.6600 3945.6600 0.0000 104920.7955
3959.8000 3959.8000 0.0000 104901.7533
3973.9400 3973.9400 0.0000 104901.7533
3988.0800 3988.0800 0.0000 104901.7533
4002.2200 4002.2200 0.0000 104882.7111
4016.3700 4016.3700 0.0000 104882.7111
4030.5100 4030.5100 0.0000 104864.7269
4044.6500 4044.6500 0.0000 104864.7269
4058.7900 4058.7900 0.0000 104864.7269
4072.9400 4072.9400 0.0000 104846.7426
4087.0800 4087.0800 0.0000 104846.7426
4101.2200 4101.2200 0.0000 104828.7583
4115.3600 4115.3600 0.0000 104828.7583
4129.5000 4129.5000 0.0000 104828.7583
4143.6500 4143.6500 0.0000 104810.7741
4157.7900 4157.7900 0.0000 104810.7741
4171.9300 4171.9300 0.0000 104793.8477
4186.0700 4186.0700 0.0000 104793.8477
4200.2100 4200.2100 0.0000 104793.8477
4214.3600 4214.3600 0.0000 104776.9213
4228.5000 4228.5000 0.0000 104776.9213
4242.6400 4242.6400 0.0000 104759.9950
4256.7800 4256.7800 0.0000 104759.9950
4270.9200 4270.9200 0.0000 104759.9950
4285.0700 4285.0700 0.0000 104743.0686
4299.2100 4299.2100 0.0000 104743.0686
4313.3500 4313.3500 0.0000 104727.2001
4327.4900 4327.4900 0.0000 104727.2001
4341.6400 4341.6400 0.0000 104727.2001
4355.7800 4355.7800 0.0000 104711.3317
4369.9200 4369.9200 0.0000 104711.3317
4384.0600 4384.0600 0.0000 104695.4632
4398.2000 4398.2000 0.0000 104695.4632
4412.3500 4412.3500 0.0000 104695.4632
4426.4900 4426.4900 0.0000 104679.5947
4440.6300 4440.6300 0.0000 104679.5947
4454.7700 4454.7700 0.0000 104663.7262
4468.9100 4468.9100 0.0000 104663.7262
4483.0600 4483.0600 0.0000 104663.7262
4497.2000 4497.2000 0.0000 104648.9157
4511.3400 4511.3400 0.0000 104648.9157
4525.4800 4525.4800 0.0000 104634.1051
4539.6300 4539.6300 0.0000 104634.1051
4553.7700 4553.7700 0.0000 104634.1051
4567.9100 4567.9100 0.0000 104619.2945
4582.0500 4582.0500 0.0000 104619.2945
4596.1900 4596.1900 0.0000 104604.4840
4610.3400 4610.3400 0.0000 104604.4840
4624.4800 4624.4800 0.0000 104604.4840
4638.6200 4638.6200 0.0000 104589.6734
4652.7600 4652.7600 0.0000 104589.6734
4666.9000 4666.9000 0.0000 104574.8628
4681.0500 4681.0500 0.0000 104574.8628
4695.1900 4695.1900 0.0000 104574.8628
4709.3300 4709.3300 0.0000 104561.1101
4723.4700 4723.4700 0.0000 104561.1101
4737.6200 4737.6200 0.0000 104547.3575
4751.7600 4751.7600 0.0000 104547.3575
4765.9000 4765.9000 0.0000 104547.3575
4780.0400 4780.0400 0.0000 104533.6048
4794.1800 4794.1800 0.0000 104533.6048
4808.3300 4808.3300 0.0000 104519.8521
4822.4700 4822.4700 0.0000 104519.8521
4836.6100 4836.6100 0.0000 104519.8521
4850.7500 4850.7500 0.0000 104506.0994
4864.8900 4864.8900 0.0000 104506.0994
4879.0400 4879.0400 0.0000 104493.4047
4893.1800 4893.1800 0.0000 104493.4047
4907.3200 4907.3200 0.0000 104493.4047
4921.4600 4921.4600 0.0000 104479.6520
4935.6100 4935.6100 0.0000 104479.6520
4949.7500 4949.7500 0.0000 104466.9572
4963.8900 4963.8900 0.0000 104466.9572
4978.0300 4978.0300 0.0000 104466.9572
4992.1700 4992.1700 0.0000 104454.2624
5006.3200 5006.3200 0.0000 104454.2624
5020.4600 5020.4600 0.0000 104441.5677
5034.6000 5034.6000 0.0000 104441.5677
5048.7400 5048.7400 0.0000 104441.5677
5062.8800 5062.8800 0.0000 104428.8729
5077.0300 5077.0300 0.0000 104428.8729
5091.1700 5091.1700 0.0000 104416.1781
5105.3100 5105.3100 0.0000 104416.1781
5119.4500 5119.4500 0.0000 104416.1781
5133.6000 5133.6000 0.0000 104404.5412
5147.7400 5147.7400 0.0000 104404.5412
5161.8800 5161.8800 0.0000 104391.8464
5176.0200 5176.0200 0.0000 104391.8464
5190.1600 5190.1600 0.0000 104391.8464
5204.3100 5204.3100 0.0000 104380.2096
5218.4500 5218.4500 0.0000 104380.2096
5232.5900 5232.5900 0.0000 104368.5727
5246.7300 5246.7300 0.0000 104368.5727
5260.8700 5260.8700 0.0000 104368.5727
5275.0200 5275.0200 0.0000 104356.9358
5289.1600 5289.1600 0.0000 104356.9358
5303.3000 5303.3000 0.0000 104345.2989
5317.4400 5317.4400 0.0000 104345.2989
5331.5900 5331.5900 0.0000 104345.2989
5345.7300 5345.7300 0.0000 104333.6621
5359.8700 5359.8700 0.0000 104333.6621
5374.0100 5374.0100 0.0000 104322.0252
5388.1500 5388.1500 0.0000 104322.0252
5402.3000 5402.3000 0.0000 104322.0252
5416.4400 5416.4400 0.0000 104311.4462
5430.5800 5430.5800 0.0000 104311.4462
5444.7200 5444.7200 0.0000 104299.8093
5458.8600 5458.8600 0.0000 104299.8093
5473.0100 5473.0100 0.0000 104299.8093
5487.1500 5487.1500 0.0000 104289.2303
5501.2900 5501.2900 0.0000 104289.2303
5515.4300 5515.4300 0.0000 104277.5935
5529.5800 5529.5800 0.0000 104277.5935
5543.7200 5543.7200 0.0000 104277.5935
5557.8600 5557.8600 0.0000 104267.0145
5572.0000 5572.0000 0.0000 104267.0145
5586.1400 5586.1400 0.0000 104256.4355
5600.2900 5600.2900 0.0000 104256.4355
5614.4300 5614.4300 0.0000 104256.4355
5628.5700 5628.5700 0.0000 104245.8565
5642.7100 5642.7100 0.0000 104245.8565
5656.8500 5656.8500 0.0000 104235.2775
5671.0000 5671.0000 0.0000 104235.2775
5685.1400 5685.1400 0.0000 104235.2775
5699.2800 5699.2800 0.0000 104224.6986
5713.4200 5713.4200 0.0000 104224.6986
5727.5600 5727.5600 0.0000 104215.1775
5741.7100 5741.7100 0.0000 104215.1775
5755.8500 5755.8500 0.0000 104215.1775
5769.9900 5769.9900 0.0000 104204.5985
5784.1300 5784.1300 0.0000 104204.5985
5798.2800 5798.2800 0.0000 104195.0774
5812.4200 5812.4200 0.0000 104195.0774
5826.5600 5826.5600 0.0000 104195.0774
5840.7000 5840.7000 0.0000 104184.4984
5854.8400 5854.8400 0.0000 104184.4984
5868.9900 5868.9900 0.0000 104174.9773
5883.1300 5883.1300 0.0000 104174.9773
5897.2700 5897.2700 0.0000 104174.9773
5911.4100 5911.4100 0.0000 104165.4563
5925.5500 5925.5500 0.0000 104165.4563
5939.7000 5939.7000 0.0000 104155.9352
5953.8400 5953.8400 0.0000 104155.9352
5967.9800 5967.9800 0.0000 104155.9352
5982.1200 5982.1200 0.0000 104146.4141
5996.2700 5996.2700 0.0000 104146.4141
6010.4100 6010.4100 0.0000 104136.8930
6024.5500 6024.5500 0.0000 104136.8930
6038.6900 6038.6900 0.0000 104136.8930
6052.8300 6052.8300 0.0000 104127.3719
6066.9800 6066.9800 0.0000 104127.3719
6081.1200 6081.1200 0.0000 104117.8508
6095.2600 6095.2600 0.0000 104117.8508
6109.4000 6109.4000 0.0000 104117.8508
6123.5400 6123.5400 0.0000 104108.3298
6137.6900 6137.6900 0.0000 104108.3298
6151.8300 6151.8300 0.0000 104099.8666
6165.9700 6165.9700 0.0000 104099.8666
6180.1100 6180.1100 0.0000 104099.8666
6194.2600 6194.2600 0.0000 104090.3455
6208.4000 6208.4000 0.0000 104090.3455
6222.5400 6222.5400 0.0000 104081.8823
6236.6800 6236.6800 0.0000 104081.8823
6250.8200 6250.8200 0.0000 104081.8823
6264.9700 6264.9700 0.0000 104072.3612
6279.1100 6279.1100 0.0000 104072.3612
6293.2500 6293.2500 0.0000 104063.8980
6307.3900 6307.3900 0.0000 104063.8980
6321.5300 6321.5300 0.0000 104063.8980
6335.6800 6335.6800 0.0000 104055.4349
6349.8200 6349.8200 0.0000 104055.4349
6363.9600 6363.9600 0.0000 104046.9717
6378.1000 6378.1000 0.0000 104046.9717
6392.2500 6392.2500 0.0000 104046.9717
6406.3900 6406.3900 0.0000 104037.4506
6420.5300 6420.5300 0.0000 104037.4506
6434.6700 6434.6700 0.0000 104028.9874
6448.8100 6448.8100 0.0000 104028.9874
6462.9600 6462.9600 0.0000 104028.9874
6477.1000 6477.1000 0.0000 104020.5242
6491.2400 6491.2400 0.0000 104020.5242
6505.3800 6505.3800 0.0000 104013.1189
6519.5200 6519.5200 0.0000 104013.1189
6533.6700 6533.6700 0.0000 104013.1189
6547.8100 6547.8100 0.0000 104004.6558
6561.9500 6561.9500 0.0000 104004.6558
6576.0900 6576.0900 0.0000 103996.1926
6590.2400 6590.2400 0.0000 103996.1926
6604.3800 6604.3800 0.0000 103996.1926
6618.5200 6618.5200 0.0000 103987.7294
6632.6600 6632.6600 0.0000 103987.7294
6646.8000 6646.8000 0.0000 103980.3241
6660.9500 6660.9500 0.0000 103980.3241
6675.0900 6675.0900 0.0000 103980.3241
6689.2300 6689.2300 0.0000 103971.8609
6703.3700 6703.3700 0.0000 103971.8609
6717.5100 6717.5100 0.0000 103964.4556
6731.6600 6731.6600 0.0000 103964.4556
6745.8000 6745.8000 0.0000 103964.4556
6759.9400 6759.9400 0.0000 103954.9346
6774.0800 6774.0800 0.0000 103954.9346
6788.2300 6788.2300 0.0000 103945.4135
6802.3700 6802.3700 0.0000 103945.4135
6816.5100 6816.5100 0.0000 103945.4135
6830.6500 6830.6500 0.0000 103933.7766
6844.7900 6844.7900 0.0000 103933.7766
6858.9400 6858.9400 0.0000 103921.0818
6873.0800 6873.0800 0.0000 103921.0818
6887.2200 6887.2200 0.0000 103921.0818
6901.3600 6901.3600 0.0000 103907.3291
6915.5000 6915.5000 0.0000 103907.3291
6929.6500 6929.6500 0.0000 103891.4607
6943.7900 6943.7900 0.0000 103891.4607
6957.9300 6957.9300 0.0000 103891.4607
6972.0700 6972.0700 0.0000 103869.2448
6986.2100 6986.2100 0.0000 103869.2448
