0.0000 0.0000 0.0000 348214.0000
14.1421 14.1421 0.0000 348214.0000
28.2843 28.2843 0.0000 346964.0000
42.4264 42.4264 0.0000 346964.0000
56.5685 56.5685 0.0000 344863.0000
70.7107 70.7107 0.0000 344863.0000
84.8528 84.8528 0.0000 342911.0000
98.9949 98.9949 0.0000 342911.0000
113.1370 113.1370 0.0000 341932.0000
127.2790 127.2790 0.0000 341346.0000
141.4210 141.4210 0.0000 341346.0000
155.5630 155.5630 0.0000 340032.0000
169.7060 169.7060 0.0000 340032.0000
183.8480 183.8480 0.0000 338408.0000
197.9900 197.9900 0.0000 338408.0000
212.1320 212.1320 0.0000 336930.0000
226.2740 226.2740 0.0000 335450.0000
240.4160 240.4160 0.0000 335450.0000
254.5580 254.5580 0.0000 333935.0000
268.7010 268.7010 0.0000 333935.0000
282.8430 282.8430 0.0000 332215.0000
296.9850 296.9850 0.0000 332215.0000
311.1270 311.1270 0.0000 329804.0000
325.2690 325.2690 0.0000 326852.0000
339.4110 339.4110 0.0000 326852.0000
353.5530 353.5530 0.0000 323804.0000
367.6960 367.6960 0.0000 323804.0000
381.8380 381.8380 0.0000 320847.0000
395.9800 395.9800 0.0000 320847.0000
410.1220 410.1220 0.0000 318413.0000
424.2640 424.2640 0.0000 318413.0000
438.4060 438.4060 0.0000 316163.0000
452.5480 452.5480 0.0000 313538.0000
466.6900 466.6900 0.0000 313538.0000
480.8330 480.8330 0.0000 310305.0000
494.9750 494.9750 0.0000 310305.0000
509.1170 509.1170 0.0000 306939.0000
523.2590 523.2590 0.0000 306939.0000
537.4010 537.4010 0.0000 303749.0000
551.5430 551.5430 0.0000 300657.0000
565.6850 565.6850 0.0000 300657.0000
579.8280 579.8280 0.0000 297554.0000
593.9700 593.9700 0.0000 297554.0000
608.1120 608.1120 0.0000 294463.0000
622.2540 622.2540 0.0000 294463.0000
636.3960 636.3960 0.0000 291390.0000
650.5380 650.5380 0.0000 288410.0000
664.6800 664.6800 0.0000 288410.0000
678.8230 678.8230 0.0000 285564.0000
692.9650 692.9650 0.0000 285564.0000
707.1070 707.1070 0.0000 282776.0000
721.2490 721.2490 0.0000 282776.0000
735.3910 735.3910 0.0000 279961.0000
749.5330 749.5330 0.0000 279961.0000
763.6750 763.6750 0.0000 277111.0000
777.8170 777.8170 0.0000 274131.0000
791.9600 791.9600 0.0000 274131.0000
806.1020 806.1020 0.0000 271050.0000
820.2440 820.2440 0.0000 271050.0000
834.3860 834.3860 0.0000 267936.0000
848.5280 848.5280 0.0000 267936.0000
862.6700 862.6700 0.0000 264847.0000
876.8120 876.8120 0.0000 261798.0000
890.9550 890.9550 0.0000 261798.0000
905.0970 905.0970 0.0000 258795.0000
919.2390 919.2390 0.0000 258795.0000
933.3810 933.3810 0.0000 255820.0000
947.5230 947.5230 0.0000 255820.0000
961.6650 961.6650 0.0000 252871.0000
975.8070 975.8070 0.0000 249924.0000
989.9490 989.9490 0.0000 249924.0000
1004.0900 1004.0900 0.0000 246982.0000
1018.2300 1018.2300 0.0000 246982.0000
1032.3800 1032.3800 0.0000 244068.0000
1046.5200 1046.5200 0.0000 244068.0000
1060.6600 1060.6600 0.0000 241185.0000
1074.8000 1074.8000 0.0000 241185.0000
1088.9400 1088.9400 0.0000 238353.0000
1103.0900 1103.0900 0.0000 235591.0000
1117.2300 1117.2300 0.0000 235591.0000
1131.3700 1131.3700 0.0000 232932.0000
1145.5100 1145.5100 0.0000 232932.0000
1159.6600 1159.6600 0.0000 230343.0000
1173.8000 1173.8000 0.0000 230343.0000
1187.9400 1187.9400 0.0000 227805.0000
1202.0800 1202.0800 0.0000 225322.0000
1216.2200 1216.2200 0.0000 225322.0000
1230.3700 1230.3700 0.0000 222913.0000
1244.5100 1244.5100 0.0000 222913.0000
1258.6500 1258.6500 0.0000 220594.0000
1272.7900 1272.7900 0.0000 220594.0000
1286.9300 1286.9300 0.0000 218378.0000
1301.0800 1301.0800 0.0000 216253.0000
1315.2200 1315.2200 0.0000 216253.0000
1329.3600 1329.3600 0.0000 214221.0000
1343.5000 1343.5000 0.0000 214221.0000
1357.6500 1357.6500 0.0000 212268.0000
1371.7900 1371.7900 0.0000 212268.0000
1385.9300 1385.9300 0.0000 210396.0000
1400.0700 1400.0700 0.0000 208606.0000
1414.2100 1414.2100 0.0000 208606.0000
1428.3600 1428.3600 0.0000 206905.0000
1442.5000 1442.5000 0.0000 206905.0000
1456.6400 1456.6400 0.0000 205288.0000
1470.7800 1470.7800 0.0000 205288.0000
1484.9200 1484.9200 0.0000 203759.0000
1499.0700 1499.0700 0.0000 203759.0000
1513.2100 1513.2100 0.0000 202310.0000
1527.3500 1527.3500 0.0000 200927.0000
1541.4900 1541.4900 0.0000 200927.0000
1555.6300 1555.6300 0.0000 199597.0000
1569.7800 1569.7800 0.0000 199597.0000
1583.9200 1583.9200 0.0000 198317.0000
1598.0600 1598.0600 0.0000 198317.0000
1612.2000 1612.2000 0.0000 197082.0000
1626.3500 1626.3500 0.0000 195880.0000
1640.4900 1640.4900 0.0000 195880.0000
1654.6300 1654.6300 0.0000 194694.0000
1668.7700 1668.7700 0.0000 194694.0000
1682.9100 1682.9100 0.0000 193522.0000
1697.0600 1697.0600 0.0000 193522.0000
1711.2000 1711.2000 0.0000 192365.0000
1725.3400 1725.3400 0.0000 191223.0000
1739.4800 1739.4800 0.0000 191223.0000
1753.6200 1753.6200 0.0000 190093.0000
1767.7700 1767.7700 0.0000 190093.0000
1781.9100 1781.9100 0.0000 188966.0000
1796.0500 1796.0500 0.0000 188966.0000
1810.1900 1810.1900 0.0000 187835.0000
1824.3400 1824.3400 0.0000 187835.0000
1838.4800 1838.4800 0.0000 186708.0000
1852.6200 1852.6200 0.0000 185569.0000
1866.7600 1866.7600 0.0000 185569.0000
1880.9000 1880.9000 0.0000 184440.0000
1895.0500 1895.0500 0.0000 184440.0000
1909.1900 1909.1900 0.0000 183329.0000
1923.3300 1923.3300 0.0000 183329.0000
1937.4700 1937.4700 0.0000 182197.0000
1951.6100 1951.6100 0.0000 181062.0000
1965.7600 1965.7600 0.0000 181062.0000
1979.9000 1979.9000 0.0000 179943.0000
1994.0400 1994.0400 0.0000 179943.0000
2008.1800 2008.1800 0.0000 178861.0000
2022.3300 2022.3300 0.0000 178861.0000
2036.4700 2036.4700 0.0000 177794.0000
2050.6100 2050.6100 0.0000 176768.0000
2064.7500 2064.7500 0.0000 176768.0000
2078.8900 2078.8900 0.0000 175727.0000
2093.0400 2093.0400 0.0000 175727.0000
2107.1800 2107.1800 0.0000 174709.0000
2121.3200 2121.3200 0.0000 174709.0000
2135.4600 2135.4600 0.0000 171678.7870
2149.6000 2149.6000 0.0000 171678.7870
2163.7500 2163.7500 0.0000 170628.5807
2177.8900 2177.8900 0.0000 170628.5807
2192.0300 2192.0300 0.0000 168072.1868
2206.1700 2206.1700 0.0000 166221.5049
2220.3200 2220.3200 0.0000 166221.5049
2234.4600 2234.4600 0.0000 165091.0280
2248.6000 2248.6000 0.0000 165091.0280
2262.7400 2262.7400 0.0000 164079.8422
2276.8800 2276.8800 0.0000 162971.6627
2291.0300 2291.0300 0.0000 162971.6627
2305.1700 2305.1700 0.0000 161767.6046
2319.3100 2319.3100 0.0000 161767.6046
2333.4500 2333.4500 0.0000 160619.2898
2347.5900 2347.5900 0.0000 160619.2898
2361.7400 2361.7400 0.0000 159470.9751
2375.8800 2375.8800 0.0000 158372.8295
2390.0200 2390.0200 0.0000 158372.8295
2404.1600 2404.1600 0.0000 157332.6570
2418.3100 2418.3100 0.0000 157332.6570
2432.4500 2432.4500 0.0000 156265.7277
2446.5900 2446.5900 0.0000 156265.7277
2460.7300 2460.7300 0.0000 155276.8392
2474.8700 2474.8700 0.0000 154334.7752
2489.0200 2489.0200 0.0000 154334.7752
2503.1600 2503.1600 0.0000 153495.2791
2517.3000 2517.3000 0.0000 153495.2791
2531.4400 2531.4400 0.0000 152713.7561
2545.5800 2545.5800 0.0000 152713.7561
2559.7300 2559.7300 0.0000 151964.5644
2573.8700 2573.8700 0.0000 151300.1027
2588.0100 2588.0100 0.0000 151300.1027
2602.1500 2602.1500 0.0000 150572.0934
2616.3000 2616.3000 0.0000 150572.0934
2630.4400 2630.4400 0.0000 149863.0370
2644.5800 2644.5800 0.0000 149863.0370
2658.7200 2658.7200 0.0000 149106.0412
2672.8600 2672.8600 0.0000 148463.8768
2687.0100 2687.0100 0.0000 148463.8768
2701.1500 2701.1500 0.0000 147752.5906
2715.2900 2715.2900 0.0000 147752.5906
2729.4300 2729.4300 0.0000 146997.8245
2743.5700 2743.5700 0.0000 146997.8245
2757.7200 2757.7200 0.0000 146315.5249
2771.8600 2771.8600 0.0000 145686.7390
2786.0000 2786.0000 0.0000 145686.7390
2800.1400 2800.1400 0.0000 145083.5950
2814.2800 2814.2800 0.0000 145083.5950
2828.4300 2828.4300 0.0000 144510.5525
2842.5700 2842.5700 0.0000 144510.5525
2856.7100 2856.7100 0.0000 143976.5304
2870.8500 2870.8500 0.0000 143463.6909
2885.0000 2885.0000 0.0000 143463.6909
2899.1400 2899.1400 0.0000 142972.0338
2913.2800 2913.2800 0.0000 142972.0338
2927.4200 2927.4200 0.0000 142483.7213
2941.5600 2941.5600 0.0000 142483.7213
2955.7100 2955.7100 0.0000 141985.3750
2969.8500 2969.8500 0.0000 141539.4275
2983.9900 2983.9900 0.0000 141539.4275
2998.1300 2998.1300 0.0000 141093.4801
3012.2700 3012.2700 0.0000 141093.4801
3026.4200 3026.4200 0.0000 140660.9110
3040.5600 3040.5600 0.0000 140230.5717
3054.7000 3054.7000 0.0000 140230.5717
3068.8400 3068.8400 0.0000 139815.8406
3082.9900 3082.9900 0.0000 139815.8406
3097.1300 3097.1300 0.0000 139401.1094
3111.2700 3111.2700 0.0000 139401.1094
3125.4100 3125.4100 0.0000 138996.4121
3139.5500 3139.5500 0.0000 138588.3702
3153.7000 3153.7000 0.0000 138588.3702
3167.8400 3167.8400 0.0000 138203.7405
3181.9800 3181.9800 0.0000 138203.7405
3196.1200 3196.1200 0.0000 137826.9149
3210.2600 3210.2600 0.0000 137826.9149
3224.4100 3224.4100 0.0000 137460.1231
3238.5500 3238.5500 0.0000 137089.9867
3252.6900 3252.6900 0.0000 137089.9867
3266.8300 3266.8300 0.0000 136736.5733
3280.9800 3280.9800 0.0000 136736.5733
3295.1200 3295.1200 0.0000 136386.5046
3309.2600 3309.2600 0.0000 136386.5046
3323.4000 3323.4000 0.0000 136029.7466
3337.5400 3337.5400 0.0000 135684.1373
3351.6900 3351.6900 0.0000 135684.1373
3365.8300 3365.8300 0.0000 135332.9537
3379.9700 3379.9700 0.0000 135332.9537
3394.1100 3394.1100 0.0000 135005.1823
3408.2500 3408.2500 0.0000 135005.1823
3422.4000 3422.4000 0.0000 134695.2488
3436.5400 3436.5400 0.0000 134383.0856
3450.6800 3450.6800 0.0000 134383.0856
3464.8200 3464.8200 0.0000 134063.1183
3478.9700 3478.9700 0.0000 134063.1183
3493.1100 3493.1100 0.0000 133766.5632
3507.2500 3507.2500 0.0000 133766.5632
3521.3900 3521.3900 0.0000 133472.2379
3535.5300 3535.5300 0.0000 133191.2910
3549.6800 3549.6800 0.0000 133191.2910
3563.8200 3563.8200 0.0000 132891.3913
3577.9600 3577.9600 0.0000 132988.3849
3592.1000 3592.1000 0.0000 131756.4550
3606.2400 3606.2400 0.0000 131756.4550
3620.3900 3620.3900 0.0000 131756.4550
3634.5300 3634.5300 0.0000 130744.1543
3648.6700 3648.6700 0.0000 130744.1543
3662.8100 3662.8100 0.0000 130744.1543
3676.9600 3676.9600 0.0000 130600.3362
3691.1000 3691.1000 0.0000 130600.3362
3705.2400 3705.2400 0.0000 130600.3362
3719.3800 3719.3800 0.0000 129906.8879
3733.5200 3733.5200 0.0000 129906.8879
3747.6700 3747.6700 0.0000 129447.5620
3761.8100 3761.8100 0.0000 129447.5620
3775.9500 3775.9500 0.0000 129447.5620
3790.0900 3790.0900 0.0000 128926.9184
3804.2300 3804.2300 0.0000 128926.9184
3818.3800 3818.3800 0.0000 128926.9184
3832.5200 3832.5200 0.0000 128482.0858
3846.6600 3846.6600 0.0000 128482.0858
3860.8000 3860.8000 0.0000 128482.0858
3874.9500 3874.9500 0.0000 128062.8951
3889.0900 3889.0900 0.0000 128062.8951
3903.2300 3903.2300 0.0000 127649.2789
3917.3700 3917.3700 0.0000 127649.2789
3931.5100 3931.5100 0.0000 127649.2789
3945.6600 3945.6600 0.0000 127265.7640
3959.8000 3959.8000 0.0000 127265.7640
3973.9400 3973.9400 0.0000 127265.7640
3988.0800 3988.0800 0.0000 126894.5128
4002.2200 4002.2200 0.0000 126894.5128
4016.3700 4016.3700 0.0000 126894.5128
4030.5100 4030.5100 0.0000 126550.0184
4044.6500 4044.6500 0.0000 126550.0184
4058.7900 4058.7900 0.0000 126204.4091
4072.9400 4072.9400 0.0000 126204.4091
4087.0800 4087.0800 0.0000 126204.4091
4101.2200 4101.2200 0.0000 125878.8674
4115.3600 4115.3600 0.0000 125878.8674
4129.5000 4129.5000 0.0000 125878.8674
4143.6500 4143.6500 0.0000 125552.2109
4157.7900 4157.7900 0.0000 125552.2109
4171.9300 4171.9300 0.0000 125552.2109
4186.0700 4186.0700 0.0000 125214.4057
4200.2100 4200.2100 0.0000 125214.4057
4214.3600 4214.3600 0.0000 124903.3574
4228.5000 4228.5000 0.0000 124903.3574
4242.6400 4242.6400 0.0000 124903.3574
4256.7800 4256.7800 0.0000 124584.5049
4270.9200 4270.9200 0.0000 124584.5049
4285.0700 4285.0700 0.0000 124584.5049
4299.2100 4299.2100 0.0000 124290.1796
4313.3500 4313.3500 0.0000 124290.1796
4327.4900 4327.4900 0.0000 124290.1796
4341.6400 4341.6400 0.0000 123954.6041
4355.7800 4355.7800 0.0000 123954.6041
4369.9200 4369.9200 0.0000 123644.6706
4384.0600 4384.0600 0.0000 123644.6706
4398.2000 4398.2000 0.0000 123644.6706
4412.3500 4412.3500 0.0000 123301.2911
4426.4900 4426.4900 0.0000 123301.2911
4440.6300 4440.6300 0.0000 123301.2911
4454.7700 4454.7700 0.0000 123043.7564
4468.9100 4468.9100 0.0000 123043.7564
4483.0600 4483.0600 0.0000 122720.4445
4497.2000 4497.2000 0.0000 122720.4445
4511.3400 4511.3400 0.0000 122720.4445
4525.4800 4525.4800 0.0000 122462.9098
4539.6300 4539.6300 0.0000 122462.9098
4553.7700 4553.7700 0.0000 122462.9098
4567.9100 4567.9100 0.0000 122164.1250
4582.0500 4582.0500 0.0000 122164.1250
4596.1900 4596.1900 0.0000 122164.1250
4610.3400 4610.3400 0.0000 121894.3268
4624.4800 4624.4800 0.0000 121894.3268
4638.6200 4638.6200 0.0000 121605.5758
4652.7600 4652.7600 0.0000 121605.5758
4666.9000 4666.9000 0.0000 121605.5758
4681.0500 4681.0500 0.0000 121369.2237
4695.1900 4695.1900 0.0000 121369.2237
4709.3300 4709.3300 0.0000 121369.2237
4723.4700 4723.4700 0.0000 121082.7024
4737.6200 4737.6200 0.0000 121082.7024
4751.7600 4751.7600 0.0000 121082.7024
4765.9000 4765.9000 0.0000 120860.8436
4780.0400 4780.0400 0.0000 120860.8436
4794.1800 4794.1800 0.0000 120596.6197
4808.3300 4808.3300 0.0000 120596.6197
4822.4700 4822.4700 0.0000 120596.6197
4836.6100 4836.6100 0.0000 120361.3824
4850.7500 4850.7500 0.0000 120361.3824
4864.8900 4864.8900 0.0000 120361.3824
4879.0400 4879.0400 0.0000 120116.1113
4893.1800 4893.1800 0.0000 120116.1113
4907.3200 4907.3200 0.0000 120116.1113
4921.4600 4921.4600 0.0000 119927.6985
4935.6100 4935.6100 0.0000 119927.6985
4949.7500 4949.7500 0.0000 119684.6571
4963.8900 4963.8900 0.0000 119684.6571
4978.0300 4978.0300 0.0000 119684.6571
4992.1700 4992.1700 0.0000 119478.4064
5006.3200 5006.3200 0.0000 119478.4064
5020.4600 5020.4600 0.0000 119478.4064
5034.6000 5034.6000 0.0000 119250.9732
5048.7400 5048.7400 0.0000 119250.9732
5062.8800 5062.8800 0.0000 119250.9732
5077.0300 5077.0300 0.0000 119051.4117
5091.1700 5091.1700 0.0000 119051.4117
5105.3100 5105.3100 0.0000 118857.4246
5119.4500 5119.4500 0.0000 118857.4246
5133.6000 5133.6000 0.0000 118857.4246
5147.7400 5147.7400 0.0000 118671.2415
5161.8800 5161.8800 0.0000 118671.2415
5176.0200 5176.0200 0.0000 118671.2415
5190.1600 5190.1600 0.0000 118492.8625
5204.3100 5204.3100 0.0000 118492.8625
5218.4500 5218.4500 0.0000 118492.8625
5232.5900 5232.5900 0.0000 118308.9092
5246.7300 5246.7300 0.0000 118308.9092
5260.8700 5260.8700 0.0000 118137.2194
5275.0200 5275.0200 0.0000 118137.2194
5289.1600 5289.1600 0.0000 118137.2194
5303.3000 5303.3000 0.0000 117976.6783
5317.4400 5317.4400 0.0000 117976.6783
5331.5900 5331.5900 0.0000 117976.6783
5345.7300 5345.7300 0.0000 117818.3670
5359.8700 5359.8700 0.0000 117818.3670
5374.0100 5374.0100 0.0000 117818.3670
5388.1500 5388.1500 0.0000 117666.7449
5402.3000 5402.3000 0.0000 117666.7449
5416.4400 5416.4400 0.0000 117509.5484
5430.5800 5430.5800 0.0000 117509.5484
5444.7200 5444.7200 0.0000 117509.5484
5458.8600 5458.8600 0.0000 117362.3857
5473.0100 5473.0100 0.0000 117362.3857
5487.1500 5487.1500 0.0000 117362.3857
5501.2900 5501.2900 0.0000 117220.7974
5515.4300 5515.4300 0.0000 117220.7974
5529.5800 5529.5800 0.0000 117220.7974
5543.7200 5543.7200 0.0000 117078.0942
5557.8600 5557.8600 0.0000 117078.0942
5572.0000 5572.0000 0.0000 116934.2761
5586.1400 5586.1400 0.0000 116934.2761
5600.2900 5600.2900 0.0000 116934.2761
5614.4300 5614.4300 0.0000 116788.2284
5628.5700 5628.5700 0.0000 116788.2284
5642.7100 5642.7100 0.0000 116788.2284
5656.8500 5656.8500 0.0000 116653.3292
5671.0000 5671.0000 0.0000 116653.3292
5685.1400 5685.1400 0.0000 116653.3292
5699.2800 5699.2800 0.0000 116521.7747
5713.4200 5713.4200 0.0000 116521.7747
5727.5600 5727.5600 0.0000 116383.5310
5741.7100 5741.7100 0.0000 116383.5310
5755.8500 5755.8500 0.0000 116383.5310
5769.9900 5769.9900 0.0000 116254.2063
5784.1300 5784.1300 0.0000 116254.2063
5798.2800 5798.2800 0.0000 116254.2063
5812.4200 5812.4200 0.0000 116132.6856
5826.5600 5826.5600 0.0000 116132.6856
5840.7000 5840.7000 0.0000 116010.0500
5854.8400 5854.8400 0.0000 116010.0500
5868.9900 5868.9900 0.0000 116010.0500
5883.1300 5883.1300 0.0000 115908.5970
5897.2700 5897.2700 0.0000 115908.5970
5911.4100 5911.4100 0.0000 115908.5970
5925.5500 5925.5500 0.0000 115754.7451
5939.7000 5939.7000 0.0000 115754.7451
5953.8400 5953.8400 0.0000 115754.7451
5967.9800 5967.9800 0.0000 115628.7649
5982.1200 5982.1200 0.0000 115628.7649
5996.2700 5996.2700 0.0000 115513.9335
6010.4100 6010.4100 0.0000 115513.9335
6024.5500 6024.5500 0.0000 115513.9335
6038.6900 6038.6900 0.0000 115412.4804
6052.8300 6052.8300 0.0000 115412.4804
6066.9800 6066.9800 0.0000 115412.4804
6081.1200 6081.1200 0.0000 115278.6962
6095.2600 6095.2600 0.0000 115278.6962
6109.4000 6109.4000 0.0000 115278.6962
6123.5400 6123.5400 0.0000 115171.6688
6137.6900 6137.6900 0.0000 115171.6688
6151.8300 6151.8300 0.0000 115040.1143
6165.9700 6165.9700 0.0000 115040.1143
6180.1100 6180.1100 0.0000 115040.1143
6194.2600 6194.2600 0.0000 114947.5802
6208.4000 6208.4000 0.0000 114947.5802
6222.5400 6222.5400 0.0000 114947.5802
6236.6800 6236.6800 0.0000 114805.9919
6250.8200 6250.8200 0.0000 114805.9919
6264.9700 6264.9700 0.0000 114805.9919
6279.1100 6279.1100 0.0000 114694.5050
6293.2500 6293.2500 0.0000 114694.5050
6307.3900 6307.3900 0.0000 114588.5925
6321.5300 6321.5300 0.0000 114588.5925
6335.6800 6335.6800 0.0000 114588.5925
6349.8200 6349.8200 0.0000 114491.5989
6363.9600 6363.9600 0.0000 114491.5989
6378.1000 6378.1000 0.0000 114491.5989
6392.2500 6392.2500 0.0000 114362.2741
6406.3900 6406.3900 0.0000 114362.2741
6420.5300 6420.5300 0.0000 114362.2741
6434.6700 6434.6700 0.0000 114268.6252
6448.8100 6448.8100 0.0000 114268.6252
6462.9600 6462.9600 0.0000 114135.9558
6477.1000 6477.1000 0.0000 114135.9558
6491.2400 6491.2400 0.0000 114135.9558
6505.3800 6505.3800 0.0000 114020.0095
6519.5200 6519.5200 0.0000 114020.0095
6533.6700 6533.6700 0.0000 114020.0095
6547.8100 6547.8100 0.0000 113921.9010
6561.9500 6561.9500 0.0000 113921.9010
6576.0900 6576.0900 0.0000 113921.9010
6590.2400 6590.2400 0.0000 113832.7115
6604.3800 6604.3800 0.0000 113832.7115
6618.5200 6618.5200 0.0000 113705.6165
6632.6600 6632.6600 0.0000 113705.6165
6646.8000 6646.8000 0.0000 113705.6165
6660.9500 6660.9500 0.0000 113601.9337
6675.0900 6675.0900 0.0000 113601.9337
6689.2300 6689.2300 0.0000 113601.9337
6703.3700 6703.3700 0.0000 113488.2171
6717.5100 6717.5100 0.0000 113488.2171
6731.6600 6731.6600 0.0000 113488.2171
6745.8000 6745.8000 0.0000 113381.1897
6759.9400 6759.9400 0.0000 113381.1897
6774.0800 6774.0800 0.0000 113273.0475
6788.2300 6788.2300 0.0000 113273.0475
6802.3700 6802.3700 0.0000 113273.0475
6816.5100 6816.5100 0.0000 113150.4119
6830.6500 6830.6500 0.0000 113150.4119
6844.7900 6844.7900 0.0000 113150.4119
6858.9400 6858.9400 0.0000 113034.4656
6873.0800 6873.0800 0.0000 113034.4656
6887.2200 6887.2200 0.0000 113034.4656
6901.3600 6901.3600 0.0000 112889.5326
6915.5000 6915.5000 0.0000 112889.5326
6929.6500 6929.6500 0.0000 112796.9985
6943.7900 6943.7900 0.0000 112796.9985
6957.9300 6957.9300 0.0000 112796.9985
6972.0700 6972.0700 0.0000 112634.2277
6986.2100 6986.2100 0.0000 112634.2277
7000.3600 7000.3600 0.0000 112634.2277
7014.5000 7014.5000 0.0000 112531.6598
7028.6400 7028.6400 0.0000 112531.6598
7042.7800 7042.7800 0.0000 112531.6598
7056.9300 7056.9300 0.0000 112380.0377
7071.0700 7071.0700 0.0000 112380.0377
7085.2100 7085.2100 0.0000 112168.2126
7099.3500 7099.3500 0.0000 112168.2126
7113.4900 7113.4900 0.0000 112168.2126
7127.6400 7127.6400 0.0000 112132.5368
7141.7800 7141.7800 0.0000 112132.5368
7155.9200 7155.9200 0.0000 112132.5368
7170.0600 7170.0600 0.0000 111939.6645
7184.2000 7184.2000 0.0000 111939.6645
7198.3500 7198.3500 0.0000 111939.6645
7212.4900 7212.4900 0.0000 111939.6645
7226.6300 7226.6300 0.0000 111939.6645
7240.7700 7240.7700 0.0000 111769.0896
7254.9200 7254.9200 0.0000 111769.0896
7269.0600 7269.0600 0.0000 111769.0896
7283.2000 7283.2000 0.0000 111769.0896
7297.3400 7297.3400 0.0000 111769.0896
7311.4800 7311.4800 0.0000 111769.0896
7325.6300 7325.6300 0.0000 111619.6972
7339.7700 7339.7700 0.0000 111619.6972
7353.9100 7353.9100 0.0000 111619.6972
7368.0500 7368.0500 0.0000 111619.6972
7382.1900 7382.1900 0.0000 111619.6972
7396.3400 7396.3400 0.0000 111493.7171
7410.4800 7410.4800 0.0000 111493.7171
7424.6200 7424.6200 0.0000 111493.7171
7438.7600 7438.7600 0.0000 111493.7171
7452.9100 7452.9100 0.0000 111493.7171
7467.0500 7467.0500 0.0000 111493.7171
7481.1900 7481.1900 0.0000 111358.8180
7495.3300 7495.3300 0.0000 111358.8180
7509.4700 7509.4700 0.0000 111358.8180
7523.6200 7523.6200 0.0000 111358.8180
7537.7600 7537.7600 0.0000 111358.8180
7551.9000 7551.9000 0.0000 111236.1824
7566.0400 7566.0400 0.0000 111236.1824
7580.1800 7580.1800 0.0000 111236.1824
7594.3300 7594.3300 0.0000 111236.1824
7608.4700 7608.4700 0.0000 111236.1824
7622.6100 7622.6100 0.0000 111236.1824
7636.7500 7636.7500 0.0000 111132.4996
7650.9000 7650.9000 0.0000 111132.4996
7665.0400 7665.0400 0.0000 111132.4996
7679.1800 7679.1800 0.0000 111132.4996
7693.3200 7693.3200 0.0000 111132.4996
7707.4600 7707.4600 0.0000 111031.0466
7721.6100 7721.6100 0.0000 111031.0466
7735.7500 7735.7500 0.0000 111031.0466
7749.8900 7749.8900 0.0000 111031.0466
7764.0300 7764.0300 0.0000 111031.0466
7778.1700 7778.1700 0.0000 111031.0466
