0.0000 0.0000 0.0000 996350.0000
14.1421 14.1421 0.0000 994931.0000
28.2843 28.2843 0.0000 958349.0000
42.4264 42.4264 0.0000 899034.0000
56.5685 56.5685 0.0000 828683.0000
70.7107 70.7107 0.0000 752338.0000
84.8528 84.8528 0.0000 683345.0000
98.9949 98.9949 0.0000 609372.0000
113.1370 113.1370 0.0000 538232.0000
127.2790 127.2790 0.0000 505729.0000
141.4210 141.4210 0.0000 447069.0000
155.5630 155.5630 0.0000 396809.0000
169.7060 169.7060 0.0000 355808.0000
183.8480 183.8480 0.0000 323096.0000
197.9900 197.9900 0.0000 295918.0000
212.1320 212.1320 0.0000 273261.0000
226.2740 226.2740 0.0000 254553.0000
240.4160 240.4160 0.0000 238819.0000
254.5580 254.5580 0.0000 231789.0000
268.7010 268.7010 0.0000 219440.0000
282.8430 282.8430 0.0000 208811.0000
296.9850 296.9850 0.0000 199566.0000
311.1270 311.1270 0.0000 191503.0000
325.2690 325.2690 0.0000 184427.0000
339.4110 339.4110 0.0000 178195.0000
353.5530 353.5530 0.0000 172690.0000
367.6960 367.6960 0.0000 167803.0000
381.8380 381.8380 0.0000 165565.0000
395.9800 395.9800 0.0000 161447.0000
410.1220 410.1220 0.0000 157768.0000
424.2640 424.2640 0.0000 154483.0000
438.4060 438.4060 0.0000 151523.0000
452.5480 452.5480 0.0000 148833.0000
466.6900 466.6900 0.0000 146361.0000
480.8330 480.8330 0.0000 143995.0000
494.9750 494.9750 0.0000 141753.0000
509.1170 509.1170 0.0000 140634.0000
523.2590 523.2590 0.0000 138362.0000
537.4010 537.4010 0.0000 136169.0000
551.5430 551.5430 0.0000 134197.0000
565.6850 565.6850 0.0000 132528.0000
579.8280 579.8280 0.0000 131130.0000
593.9700 593.9700 0.0000 129864.0000
608.1120 608.1120 0.0000 128699.0000
622.2540 622.2540 0.0000 127617.0000
636.3960 636.3960 0.0000 127092.0000
650.5380 650.5380 0.0000 126119.0000
664.6800 664.6800 0.0000 125208.0000
678.8230 678.8230 0.0000 124393.0000
692.9650 692.9650 0.0000 123635.0000
707.1070 707.1070 0.0000 122937.0000
721.2490 721.2490 0.0000 122280.0000
735.3910 735.3910 0.0000 121692.0000
749.5330 749.5330 0.0000 121094.0000
763.6750 763.6750 0.0000 120798.0000
777.8170 777.8170 0.0000 120227.0000
791.9600 791.9600 0.0000 119691.0000
806.1020 806.1020 0.0000 119169.0000
820.2440 820.2440 0.0000 118674.0000
834.3860 834.3860 0.0000 118214.0000
848.5280 848.5280 0.0000 117772.0000
862.6700 862.6700 0.0000 117355.0000
876.8120 876.8120 0.0000 116967.0000
890.9550 890.9550 0.0000 116851.0000
905.0970 905.0970 0.0000 116493.0000
919.2390 919.2390 0.0000 116140.0000
933.3810 933.3810 0.0000 115829.0000
947.5230 947.5230 0.0000 115530.0000
961.6650 961.6650 0.0000 115253.0000
975.8070 975.8070 0.0000 114997.0000
989.9490 989.9490 0.0000 114751.0000
1004.0900 1004.0900 0.0000 114525.0000
1018.2300 1018.2300 0.0000 114311.0000
1032.3800 1032.3800 0.0000 114105.0000
1046.5200 1046.5200 0.0000 113964.0000
1060.6600 1060.6600 0.0000 113746.0000
1074.8000 1074.8000 0.0000 113547.0000
1088.9400 1088.9400 0.0000 113452.0000
1103.0900 1103.0900 0.0000 113185.0000
1117.2300 1117.2300 0.0000 113055.0000
1131.3700 1131.3700 0.0000 112865.0000
1145.5100 1145.5100 0.0000 112865.0000
1159.6600 1159.6600 0.0000 112682.0000
1173.8000 1173.8000 0.0000 112525.0000
1187.9400 1187.9400 0.0000 112363.0000
1202.0800 1202.0800 0.0000 112130.6324
1216.2200 1216.2200 0.0000 111920.9612
1230.3700 1230.3700 0.0000 111449.7414
1244.5100 1244.5100 0.0000 111382.7331
1258.6500 1258.6500 0.0000 111080.1149
1272.7900 1272.7900 0.0000 110897.4631
1286.9300 1286.9300 0.0000 110897.4631
1301.0800 1301.0800 0.0000 110701.8421
1315.2200 1315.2200 0.0000 110461.9090
1329.3600 1329.3600 0.0000 110461.9090
1343.5000 1343.5000 0.0000 110316.0038
1357.6500 1357.6500 0.0000 110183.0680
1371.7900 1371.7900 0.0000 110183.0680
1385.9300 1385.9300 0.0000 110051.2129
1400.0700 1400.0700 0.0000 109916.1154
1414.2100 1414.2100 0.0000 109916.1154
1428.3600 1428.3600 0.0000 109788.5835
1442.5000 1442.5000 0.0000 109667.5362
1456.6400 1456.6400 0.0000 109667.5362
1470.7800 1470.7800 0.0000 109555.1351
1484.9200 1484.9200 0.0000 109447.0572
1499.0700 1499.0700 0.0000 109447.0572
1513.2100 1513.2100 0.0000 109341.1408
1527.3500 1527.3500 0.0000 109236.3052
1541.4900 1541.4900 0.0000 109236.3052
1555.6300 1555.6300 0.0000 109137.9543
1569.7800 1569.7800 0.0000 109046.0880
1583.9200 1583.9200 0.0000 109046.0880
1598.0600 1598.0600 0.0000 108961.7872
1612.2000 1612.2000 0.0000 108880.7288
1626.3500 1626.3500 0.0000 108880.7288
1640.4900 1640.4900 0.0000 108801.8319
1654.6300 1654.6300 0.0000 108724.0158
1668.7700 1668.7700 0.0000 108724.0158
1682.9100 1682.9100 0.0000 108648.3612
1697.0600 1697.0600 0.0000 108574.8682
1711.2000 1711.2000 0.0000 108574.8682
1725.3400 1725.3400 0.0000 108502.4560
1739.4800 1739.4800 0.0000 108431.1245
1753.6200 1753.6200 0.0000 108431.1245
1767.7700 1767.7700 0.0000 108360.8739
1781.9100 1781.9100 0.0000 108291.7040
1796.0500 1796.0500 0.0000 108291.7040
1810.1900 1810.1900 0.0000 108222.5341
1824.3400 1824.3400 0.0000 108154.4450
1838.4800 1838.4800 0.0000 108154.4450
1852.6200 1852.6200 0.0000 108087.4367
1866.7600 1866.7600 0.0000 108021.5092
1880.9000 1880.9000 0.0000 108021.5092
1895.0500 1895.0500 0.0000 107956.6624
1909.1900 1909.1900 0.0000 107892.8964
1923.3300 1923.3300 0.0000 107892.8964
1937.4700 1937.4700 0.0000 107831.2920
1951.6100 1951.6100 0.0000 107769.6876
1965.7600 1965.7600 0.0000 107769.6876
1979.9000 1979.9000 0.0000 107710.2447
1994.0400 1994.0400 0.0000 107652.9634
2008.1800 2008.1800 0.0000 107652.9634
2022.3300 2022.3300 0.0000 107595.6821
2036.4700 2036.4700 0.0000 107540.5623
2050.6100 2050.6100 0.0000 107540.5623
2064.7500 2064.7500 0.0000 107486.5234
2078.8900 2078.8900 0.0000 107434.6459
2093.0400 2093.0400 0.0000 107434.6459
2107.1800 2107.1800 0.0000 107382.7685
2121.3200 2121.3200 0.0000 107333.0527
2135.4600 2135.4600 0.0000 107333.0527
2149.6000 2149.6000 0.0000 107284.4176
2163.7500 2163.7500 0.0000 107236.8633
2177.8900 2177.8900 0.0000 107236.8633
2192.0300 2192.0300 0.0000 107190.3898
2206.1700 2206.1700 0.0000 107144.9971
2220.3200 2220.3200 0.0000 107144.9971
2234.4600 2234.4600 0.0000 107100.6851
2248.6000 2248.6000 0.0000 107057.4539
2262.7400 2262.7400 0.0000 107057.4539
2276.8800 2276.8800 0.0000 107014.2228
2291.0300 2291.0300 0.0000 106973.1531
2305.1700 2305.1700 0.0000 106973.1531
2319.3100 2319.3100 0.0000 106933.1643
2333.4500 2333.4500 0.0000 106893.1755
2347.5900 2347.5900 0.0000 106893.1755
2361.7400 2361.7400 0.0000 106854.2674
2375.8800 2375.8800 0.0000 106816.4401
2390.0200 2390.0200 0.0000 106816.4401
2404.1600 2404.1600 0.0000 106779.6936
2418.3100 2418.3100 0.0000 106744.0279
2432.4500 2432.4500 0.0000 106744.0279
2446.5900 2446.5900 0.0000 106708.3622
2460.7300 2460.7300 0.0000 106673.7772
2474.8700 2474.8700 0.0000 106673.7772
2489.0200 2489.0200 0.0000 106639.1923
2503.1600 2503.1600 0.0000 106606.7689
2517.3000 2517.3000 0.0000 106606.7689
2531.4400 2531.4400 0.0000 106573.2648
2545.5800 2545.5800 0.0000 106541.9222
2559.7300 2559.7300 0.0000 106541.9222
2573.8700 2573.8700 0.0000 106510.5796
2588.0100 2588.0100 0.0000 106479.2370
2602.1500 2602.1500 0.0000 106479.2370
2616.3000 2616.3000 0.0000 106448.9751
2630.4400 2630.4400 0.0000 106419.7941
2644.5800 2644.5800 0.0000 106419.7941
2658.7200 2658.7200 0.0000 106390.6130
2672.8600 2672.8600 0.0000 106361.4320
2687.0100 2687.0100 0.0000 106361.4320
2701.1500 2701.1500 0.0000 106333.3317
2715.2900 2715.2900 0.0000 106306.3122
2729.4300 2729.4300 0.0000 106306.3122
2743.5700 2743.5700 0.0000 106279.2928
2757.7200 2757.7200 0.0000 106252.2733
2771.8600 2771.8600 0.0000 106252.2733
2786.0000 2786.0000 0.0000 106225.2538
2800.1400 2800.1400 0.0000 106199.3151
2814.2800 2814.2800 0.0000 106199.3151
2828.4300 2828.4300 0.0000 106170.1340
2842.5700 2842.5700 0.0000 106100.9642
2856.7100 2856.7100 0.0000 106100.9642
2870.8500 2870.8500 0.0000 105960.4628
2885.0000 2885.0000 0.0000 106041.5213
2899.1400 2899.1400 0.0000 106006.9364
2913.2800 2913.2800 0.0000 106006.9364
2927.4200 2927.4200 0.0000 106006.9364
2941.5600 2941.5600 0.0000 105972.3514
2955.7100 2955.7100 0.0000 105972.3514
2969.8500 2969.8500 0.0000 105938.8473
2983.9900 2983.9900 0.0000 105938.8473
2998.1300 2998.1300 0.0000 105938.8473
3012.2700 3012.2700 0.0000 105905.3431
3026.4200 3026.4200 0.0000 105905.3431
3040.5600 3040.5600 0.0000 105905.3431
3054.7000 3054.7000 0.0000 105874.0005
3068.8400 3068.8400 0.0000 105874.0005
3082.9900 3082.9900 0.0000 105842.6579
3097.1300 3097.1300 0.0000 105842.6579
3111.2700 3111.2700 0.0000 105842.6579
3125.4100 3125.4100 0.0000 105811.3153
3139.5500 3139.5500 0.0000 105811.3153
3153.7000 3153.7000 0.0000 105781.0535
3167.8400 3167.8400 0.0000 105781.0535
3181.9800 3181.9800 0.0000 105781.0535
3196.1200 3196.1200 0.0000 105750.7916
3210.2600 3210.2600 0.0000 105750.7916
3224.4100 3224.4100 0.0000 105721.6106
3238.5500 3238.5500 0.0000 105721.6106
3252.6900 3252.6900 0.0000 105722.6914
3266.8300 3266.8300 0.0000 105693.5103
3280.9800 3280.9800 0.0000 105693.5103
3295.1200 3295.1200 0.0000 105665.4101
3309.2600 3309.2600 0.0000 105665.4101
3323.4000 3323.4000 0.0000 105638.3906
3337.5400 3337.5400 0.0000 105638.3906
3351.6900 3351.6900 0.0000 105638.3906
3365.8300 3365.8300 0.0000 105611.3711
3379.9700 3379.9700 0.0000 105611.3711
3394.1100 3394.1100 0.0000 105585.4324
3408.2500 3408.2500 0.0000 105585.4324
3422.4000 3422.4000 0.0000 105585.4324
3436.5400 3436.5400 0.0000 105560.5745
3450.6800 3450.6800 0.0000 105560.5745
3464.8200 3464.8200 0.0000 105534.6358
3478.9700 3478.9700 0.0000 105534.6358
3493.1100 3493.1100 0.0000 105534.6358
3507.2500 3507.2500 0.0000 105510.8586
3521.3900 3521.3900 0.0000 105510.8586
3535.5300 3535.5300 0.0000 105486.0007
3549.6800 3549.6800 0.0000 105486.0007
3563.8200 3563.8200 0.0000 105486.0007
3577.9600 3577.9600 0.0000 105462.2235
3592.1000 3592.1000 0.0000 105462.2235
3606.2400 3606.2400 0.0000 105462.2235
3620.3900 3620.3900 0.0000 105438.4464
3634.5300 3634.5300 0.0000 105438.4464
3648.6700 3648.6700 0.0000 105415.7500
3662.8100 3662.8100 0.0000 105415.7500
3676.9600 3676.9600 0.0000 105415.7500
3691.1000 3691.1000 0.0000 105393.0537
3705.2400 3705.2400 0.0000 105393.0537
3719.3800 3719.3800 0.0000 105370.3573
3733.5200 3733.5200 0.0000 105370.3573
3747.6700 3747.6700 0.0000 105370.3573
3761.8100 3761.8100 0.0000 105348.7417
3775.9500 3775.9500 0.0000 105348.7417
3790.0900 3790.0900 0.0000 105327.1261
3804.2300 3804.2300 0.0000 105327.1261
3818.3800 3818.3800 0.0000 105327.1261
3832.5200 3832.5200 0.0000 105305.5105
3846.6600 3846.6600 0.0000 105305.5105
3860.8000 3860.8000 0.0000 105284.9757
3874.9500 3874.9500 0.0000 105284.9757
3889.0900 3889.0900 0.0000 105264.4409
3903.2300 3903.2300 0.0000 105264.4409
3917.3700 3917.3700 0.0000 105264.4409
3931.5100 3931.5100 0.0000 105243.9061
3945.6600 3945.6600 0.0000 105243.9061
3959.8000 3959.8000 0.0000 105223.3713
3973.9400 3973.9400 0.0000 105223.3713
3988.0800 3988.0800 0.0000 105223.3713
4002.2200 4002.2200 0.0000 105203.9173
4016.3700 4016.3700 0.0000 105203.9173
4030.5100 4030.5100 0.0000 105184.4632
4044.6500 4044.6500 0.0000 105184.4632
4058.7900 4058.7900 0.0000 105184.4632
4072.9400 4072.9400 0.0000 105165.0092
4087.0800 4087.0800 0.0000 105165.0092
4101.2200 4101.2200 0.0000 105146.6360
4115.3600 4115.3600 0.0000 105146.6360
4129.5000 4129.5000 0.0000 105146.6360
4143.6500 4143.6500 0.0000 105127.1819
4157.7900 4157.7900 0.0000 105127.1819
4171.9300 4171.9300 0.0000 105127.1819
4186.0700 4186.0700 0.0000 105108.8087
4200.2100 4200.2100 0.0000 105108.8087
4214.3600 4214.3600 0.0000 105090.4354
4228.5000 4228.5000 0.0000 105090.4354
4242.6400 4242.6400 0.0000 105090.4354
4256.7800 4256.7800 0.0000 105073.1430
4270.9200 4270.9200 0.0000 105073.1430
4285.0700 4285.0700 0.0000 105054.7697
4299.2100 4299.2100 0.0000 105054.7697
4313.3500 4313.3500 0.0000 105054.7697
4327.4900 4327.4900 0.0000 105037.4772
4341.6400 4341.6400 0.0000 105037.4772
4355.7800 4355.7800 0.0000 105020.1848
4369.9200 4369.9200 0.0000 105020.1848
4384.0600 4384.0600 0.0000 105020.1848
4398.2000 4398.2000 0.0000 105003.9731
4412.3500 4412.3500 0.0000 105003.9731
4426.4900 4426.4900 0.0000 104986.6806
4440.6300 4440.6300 0.0000 104986.6806
4454.7700 4454.7700 0.0000 104986.6806
4468.9100 4468.9100 0.0000 104970.4689
4483.0600 4483.0600 0.0000 104970.4689
4497.2000 4497.2000 0.0000 104954.2572
4511.3400 4511.3400 0.0000 104954.2572
4525.4800 4525.4800 0.0000 104938.0455
4539.6300 4539.6300 0.0000 104938.0455
4553.7700 4553.7700 0.0000 104938.0455
4567.9100 4567.9100 0.0000 104921.8338
4582.0500 4582.0500 0.0000 104921.8338
4596.1900 4596.1900 0.0000 104906.7029
4610.3400 4610.3400 0.0000 104906.7029
4624.4800 4624.4800 0.0000 104906.7029
4638.6200 4638.6200 0.0000 104890.4912
4652.7600 4652.7600 0.0000 104890.4912
4666.9000 4666.9000 0.0000 104875.3603
4681.0500 4681.0500 0.0000 104875.3603
4695.1900 4695.1900 0.0000 104875.3603
4709.3300 4709.3300 0.0000 104860.2294
4723.4700 4723.4700 0.0000 104860.2294
4737.6200 4737.6200 0.0000 104845.0985
4751.7600 4751.7600 0.0000 104845.0985
4765.9000 4765.9000 0.0000 104845.0985
4780.0400 4780.0400 0.0000 104829.9676
4794.1800 4794.1800 0.0000 104829.9676
4808.3300 4808.3300 0.0000 104829.9676
4822.4700 4822.4700 0.0000 104815.9175
4836.6100 4836.6100 0.0000 104815.9175
4850.7500 4850.7500 0.0000 104800.7865
4864.8900 4864.8900 0.0000 104800.7865
4879.0400 4879.0400 0.0000 104800.7865
4893.1800 4893.1800 0.0000 104786.7364
4907.3200 4907.3200 0.0000 104786.7364
4921.4600 4921.4600 0.0000 104772.6863
4935.6100 4935.6100 0.0000 104772.6863
4949.7500 4949.7500 0.0000 104772.6863
4963.8900 4963.8900 0.0000 104758.6362
4978.0300 4978.0300 0.0000 104758.6362
4992.1700 4992.1700 0.0000 104744.5860
5006.3200 5006.3200 0.0000 104744.5860
5020.4600 5020.4600 0.0000 104744.5860
5034.6000 5034.6000 0.0000 104731.6167
5048.7400 5048.7400 0.0000 104731.6167
5062.8800 5062.8800 0.0000 104717.5665
5077.0300 5077.0300 0.0000 104717.5665
5091.1700 5091.1700 0.0000 104704.5972
5105.3100 5105.3100 0.0000 104704.5972
5119.4500 5119.4500 0.0000 104704.5972
5133.6000 5133.6000 0.0000 104691.6278
5147.7400 5147.7400 0.0000 104691.6278
5161.8800 5161.8800 0.0000 104678.6585
5176.0200 5176.0200 0.0000 104678.6585
5190.1600 5190.1600 0.0000 104678.6585
5204.3100 5204.3100 0.0000 104665.6891
5218.4500 5218.4500 0.0000 104665.6891
5232.5900 5232.5900 0.0000 104652.7198
5246.7300 5246.7300 0.0000 104652.7198
5260.8700 5260.8700 0.0000 104652.7198
5275.0200 5275.0200 0.0000 104639.7504
5289.1600 5289.1600 0.0000 104639.7504
5303.3000 5303.3000 0.0000 104626.7811
5317.4400 5317.4400 0.0000 104626.7811
5331.5900 5331.5900 0.0000 104626.7811
5345.7300 5345.7300 0.0000 104614.8925
5359.8700 5359.8700 0.0000 104614.8925
5374.0100 5374.0100 0.0000 104614.8925
5388.1500 5388.1500 0.0000 104601.9231
5402.3000 5402.3000 0.0000 104601.9231
5416.4400 5416.4400 0.0000 104590.0346
5430.5800 5430.5800 0.0000 104590.0346
5444.7200 5444.7200 0.0000 104590.0346
5458.8600 5458.8600 0.0000 104578.1460
5473.0100 5473.0100 0.0000 104578.1460
5487.1500 5487.1500 0.0000 104566.2574
5501.2900 5501.2900 0.0000 104566.2574
5515.4300 5515.4300 0.0000 104566.2574
5529.5800 5529.5800 0.0000 104554.3688
5543.7200 5543.7200 0.0000 104554.3688
5557.8600 5557.8600 0.0000 104542.4803
5572.0000 5572.0000 0.0000 104542.4803
5586.1400 5586.1400 0.0000 104542.4803
5600.2900 5600.2900 0.0000 104531.6725
5614.4300 5614.4300 0.0000 104531.6725
5628.5700 5628.5700 0.0000 104519.7839
5642.7100 5642.7100 0.0000 104519.7839
5656.8500 5656.8500 0.0000 104519.7839
5671.0000 5671.0000 0.0000 104508.9761
5685.1400 5685.1400 0.0000 104508.9761
5699.2800 5699.2800 0.0000 104497.0875
5713.4200 5713.4200 0.0000 104497.0875
5727.5600 5727.5600 0.0000 104486.2797
5741.7100 5741.7100 0.0000 104486.2797
5755.8500 5755.8500 0.0000 104486.2797
5769.9900 5769.9900 0.0000 104475.4719
5784.1300 5784.1300 0.0000 104475.4719
5798.2800 5798.2800 0.0000 104464.6642
5812.4200 5812.4200 0.0000 104464.6642
5826.5600 5826.5600 0.0000 104464.6642
5840.7000 5840.7000 0.0000 104453.8564
5854.8400 5854.8400 0.0000 104453.8564
5868.9900 5868.9900 0.0000 104443.0486
5883.1300 5883.1300 0.0000 104443.0486
5897.2700 5897.2700 0.0000 104443.0486
5911.4100 5911.4100 0.0000 104432.2408
5925.5500 5925.5500 0.0000 104432.2408
5939.7000 5939.7000 0.0000 104421.4330
5953.8400 5953.8400 0.0000 104421.4330
5967.9800 5967.9800 0.0000 104421.4330
5982.1200 5982.1200 0.0000 104411.7060
5996.2700 5996.2700 0.0000 104411.7060
6010.4100 6010.4100 0.0000 104411.7060
6024.5500 6024.5500 0.0000 104400.8982
6038.6900 6038.6900 0.0000 104400.8982
6052.8300 6052.8300 0.0000 104391.1712
6066.9800 6066.9800 0.0000 104391.1712
6081.1200 6081.1200 0.0000 104391.1712
6095.2600 6095.2600 0.0000 104381.4441
6109.4000 6109.4000 0.0000 104381.4441
6123.5400 6123.5400 0.0000 104370.6363
6137.6900 6137.6900 0.0000 104370.6363
6151.8300 6151.8300 0.0000 104370.6363
6165.9700 6165.9700 0.0000 104360.9093
6180.1100 6180.1100 0.0000 104360.9093
6194.2600 6194.2600 0.0000 104351.1823
6208.4000 6208.4000 0.0000 104351.1823
6222.5400 6222.5400 0.0000 104351.1823
6236.6800 6236.6800 0.0000 104341.4553
6250.8200 6250.8200 0.0000 104341.4553
6264.9700 6264.9700 0.0000 104331.7283
6279.1100 6279.1100 0.0000 104331.7283
6293.2500 6293.2500 0.0000 104322.0013
6307.3900 6307.3900 0.0000 104322.0013
6321.5300 6321.5300 0.0000 104322.0013
6335.6800 6335.6800 0.0000 104312.2743
6349.8200 6349.8200 0.0000 104312.2743
6363.9600 6363.9600 0.0000 104303.6280
6378.1000 6378.1000 0.0000 104303.6280
6392.2500 6392.2500 0.0000 104303.6280
6406.3900 6406.3900 0.0000 104293.9010
6420.5300 6420.5300 0.0000 104293.9010
6434.6700 6434.6700 0.0000 104285.2548
6448.8100 6448.8100 0.0000 104285.2548
6462.9600 6462.9600 0.0000 104285.2548
6477.1000 6477.1000 0.0000 104275.5278
6491.2400 6491.2400 0.0000 104275.5278
6505.3800 6505.3800 0.0000 104266.8815
6519.5200 6519.5200 0.0000 104266.8815
6533.6700 6533.6700 0.0000 104266.8815
6547.8100 6547.8100 0.0000 104257.1545
6561.9500 6561.9500 0.0000 104257.1545
6576.0900 6576.0900 0.0000 104257.1545
6590.2400 6590.2400 0.0000 104248.5083
6604.3800 6604.3800 0.0000 104248.5083
6618.5200 6618.5200 0.0000 104239.8620
6632.6600 6632.6600 0.0000 104239.8620
6646.8000 6646.8000 0.0000 104239.8620
6660.9500 6660.9500 0.0000 104231.2158
6675.0900 6675.0900 0.0000 104231.2158
6689.2300 6689.2300 0.0000 104222.5696
6703.3700 6703.3700 0.0000 104222.5696
6717.5100 6717.5100 0.0000 104222.5696
6731.6600 6731.6600 0.0000 104213.9233
6745.8000 6745.8000 0.0000 104213.9233
6759.9400 6759.9400 0.0000 104204.1963
6774.0800 6774.0800 0.0000 104204.1963
6788.2300 6788.2300 0.0000 104204.1963
6802.3700 6802.3700 0.0000 104193.3885
6816.5100 6816.5100 0.0000 104193.3885
6830.6500 6830.6500 0.0000 104180.4192
6844.7900 6844.7900 0.0000 104180.4192
6858.9400 6858.9400 0.0000 104166.3690
6873.0800 6873.0800 0.0000 104166.3690
6887.2200 6887.2200 0.0000 104166.3690
6901.3600 6901.3600 0.0000 104151.2381
6915.5000 6915.5000 0.0000 104151.2381
6929.6500 6929.6500 0.0000 104133.9457
6943.7900 6943.7900 0.0000 104133.9457
6957.9300 6957.9300 0.0000 104133.9457
6972.0700 6972.0700 0.0000 104110.1685
6986.2100 6986.2100 0.0000 104110.1685
