0.0000 0.0000 0.0000 334145.0000
14.1421 14.1421 0.0000 334145.0000
28.2843 28.2843 0.0000 333475.0000
42.4264 42.4264 0.0000 333498.0000
56.5685 56.5685 0.0000 333498.0000
70.7107 70.7107 0.0000 333579.0000
84.8528 84.8528 0.0000 332642.0000
98.9949 98.9949 0.0000 332642.0000
113.1370 113.1370 0.0000 330963.0000
127.2790 127.2790 0.0000 329420.0000
141.4210 141.4210 0.0000 327806.0000
155.5630 155.5630 0.0000 327806.0000
169.7060 169.7060 0.0000 325628.0000
183.8480 183.8480 0.0000 322953.0000
197.9900 197.9900 0.0000 322953.0000
212.1320 212.1320 0.0000 320014.0000
226.2740 226.2740 0.0000 317186.0000
240.4160 240.4160 0.0000 314547.0000
254.5580 254.5580 0.0000 314547.0000
268.7010 268.7010 0.0000 311619.0000
282.8430 282.8430 0.0000 308413.0000
296.9850 296.9850 0.0000 308413.0000
311.1270 311.1270 0.0000 305313.0000
325.2690 325.2690 0.0000 302160.0000
339.4110 339.4110 0.0000 302160.0000
353.5530 353.5530 0.0000 298668.0000
367.6960 367.6960 0.0000 295016.0000
381.8380 381.8380 0.0000 291484.0000
395.9800 395.9800 0.0000 291484.0000
410.1220 410.1220 0.0000 287993.0000
424.2640 424.2640 0.0000 284454.0000
438.4060 438.4060 0.0000 284454.0000
452.5480 452.5480 0.0000 280949.0000
466.6900 466.6900 0.0000 277522.0000
480.8330 480.8330 0.0000 274216.0000
494.9750 494.9750 0.0000 274216.0000
509.1170 509.1170 0.0000 271011.0000
523.2590 523.2590 0.0000 267838.0000
537.4010 537.4010 0.0000 267838.0000
551.5430 551.5430 0.0000 264676.0000
565.6850 565.6850 0.0000 261509.0000
579.8280 579.8280 0.0000 261509.0000
593.9700 593.9700 0.0000 258327.0000
608.1120 608.1120 0.0000 255171.0000
622.2540 622.2540 0.0000 252022.0000
636.3960 636.3960 0.0000 252022.0000
650.5380 650.5380 0.0000 248907.0000
664.6800 664.6800 0.0000 245860.0000
678.8230 678.8230 0.0000 245860.0000
692.9650 692.9650 0.0000 242871.0000
707.1070 707.1070 0.0000 239948.0000
721.2490 721.2490 0.0000 237080.0000
735.3910 735.3910 0.0000 237080.0000
749.5330 749.5330 0.0000 234267.0000
763.6750 763.6750 0.0000 231499.0000
777.8170 777.8170 0.0000 231499.0000
791.9600 791.9600 0.0000 228780.0000
806.1020 806.1020 0.0000 226114.0000
820.2440 820.2440 0.0000 223477.0000
834.3860 834.3860 0.0000 223477.0000
848.5280 848.5280 0.0000 220818.0000
862.6700 862.6700 0.0000 218113.0000
876.8120 876.8120 0.0000 218113.0000
890.9550 890.9550 0.0000 215362.0000
905.0970 905.0970 0.0000 212609.0000
919.2390 919.2390 0.0000 212609.0000
933.3810 933.3810 0.0000 209914.0000
947.5230 947.5230 0.0000 207327.0000
961.6650 961.6650 0.0000 204879.0000
975.8070 975.8070 0.0000 204879.0000
989.9490 989.9490 0.0000 202576.0000
1004.0900 1004.0900 0.0000 200403.0000
1018.2300 1018.2300 0.0000 200403.0000
1032.3800 1032.3800 0.0000 198351.0000
1046.5200 1046.5200 0.0000 196413.0000
1060.6600 1060.6600 0.0000 194587.0000
1074.8000 1074.8000 0.0000 194587.0000
1088.9400 1088.9400 0.0000 192851.0000
1103.0900 1103.0900 0.0000 191204.0000
1117.2300 1117.2300 0.0000 191204.0000
1131.3700 1131.3700 0.0000 189651.0000
1145.5100 1145.5100 0.0000 188179.0000
1159.6600 1159.6600 0.0000 188179.0000
1173.8000 1173.8000 0.0000 186764.0000
1187.9400 1187.9400 0.0000 185402.0000
1202.0800 1202.0800 0.0000 184076.0000
1216.2200 1216.2200 0.0000 184076.0000
1230.3700 1230.3700 0.0000 182786.0000
1244.5100 1244.5100 0.0000 181543.0000
1258.6500 1258.6500 0.0000 181543.0000
1272.7900 1272.7900 0.0000 180291.0000
1286.9300 1286.9300 0.0000 179069.0000
1301.0800 1301.0800 0.0000 177881.0000
1315.2200 1315.2200 0.0000 177881.0000
1329.3600 1329.3600 0.0000 176723.0000
1343.5000 1343.5000 0.0000 175603.0000
1357.6500 1357.6500 0.0000 175603.0000
1371.7900 1371.7900 0.0000 174501.0000
1385.9300 1385.9300 0.0000 173383.0000
1400.0700 1400.0700 0.0000 172280.0000
1414.2100 1414.2100 0.0000 172280.0000
1428.3600 1428.3600 0.0000 171202.0000
1442.5000 1442.5000 0.0000 170124.0000
1456.6400 1456.6400 0.0000 170124.0000
1470.7800 1470.7800 0.0000 169071.0000
1484.9200 1484.9200 0.0000 167999.0000
1499.0700 1499.0700 0.0000 167999.0000
1513.2100 1513.2100 0.0000 166914.0000
1527.3500 1527.3500 0.0000 165809.0000
1541.4900 1541.4900 0.0000 164757.0000
1555.6300 1555.6300 0.0000 164757.0000
1569.7800 1569.7800 0.0000 163697.0000
1583.9200 1583.9200 0.0000 162697.0000
1598.0600 1598.0600 0.0000 162697.0000
1612.2000 1612.2000 0.0000 162697.0000
1626.3500 1626.3500 0.0000 160741.0838
1640.4900 1640.4900 0.0000 159092.9166
1654.6300 1654.6300 0.0000 159092.9166
1668.7700 1668.7700 0.0000 157648.7757
1682.9100 1682.9100 0.0000 155952.7365
1697.0600 1697.0600 0.0000 155952.7365
1711.2000 1711.2000 0.0000 154852.8186
1725.3400 1725.3400 0.0000 153690.2111
1739.4800 1739.4800 0.0000 153690.2111
1753.6200 1753.6200 0.0000 152640.4448
1767.7700 1767.7700 0.0000 151550.7852
1781.9100 1781.9100 0.0000 151550.7852
1796.0500 1796.0500 0.0000 150507.8579
1810.1900 1810.1900 0.0000 149512.8026
1824.3400 1824.3400 0.0000 149512.8026
1838.4800 1838.4800 0.0000 148598.6739
1852.6200 1852.6200 0.0000 147700.5026
1866.7600 1866.7600 0.0000 147700.5026
1880.9000 1880.9000 0.0000 146825.1276
1895.0500 1895.0500 0.0000 145967.9895
1909.1900 1909.1900 0.0000 145967.9895
1923.3300 1923.3300 0.0000 145116.5504
1937.4700 1937.4700 0.0000 144307.2844
1951.6100 1951.6100 0.0000 144307.2844
1965.7600 1965.7600 0.0000 143523.0942
1979.9000 1979.9000 0.0000 142774.2382
1994.0400 1994.0400 0.0000 142774.2382
2008.1800 2008.1800 0.0000 142064.1357
2022.3300 2022.3300 0.0000 141383.6684
2036.4700 2036.4700 0.0000 141383.6684
2050.6100 2050.6100 0.0000 140720.2982
2064.7500 2064.7500 0.0000 140045.5299
2078.8900 2078.8900 0.0000 140027.2929
2093.0400 2093.0400 0.0000 139377.6005
2107.1800 2107.1800 0.0000 138762.1024
2121.3200 2121.3200 0.0000 138762.1024
2135.4600 2135.4600 0.0000 138161.4218
2149.6000 2149.6000 0.0000 137581.2579
2163.7500 2163.7500 0.0000 137581.2579
2177.8900 2177.8900 0.0000 137021.6105
2192.0300 2192.0300 0.0000 136456.2641
2206.1700 2206.1700 0.0000 136456.2641
2220.3200 2220.3200 0.0000 135903.4556
2234.4600 2234.4600 0.0000 135387.1211
2248.6000 2248.6000 0.0000 135390.5405
2262.7400 2262.7400 0.0000 134906.1207
2276.8800 2276.8800 0.0000 134431.9592
2291.0300 2291.0300 0.0000 134431.9592
2305.1700 2305.1700 0.0000 134002.2504
2319.3100 2319.3100 0.0000 133569.1221
2333.4500 2333.4500 0.0000 133569.1221
2347.5900 2347.5900 0.0000 133173.6075
2361.7400 2361.7400 0.0000 132790.6309
2375.8800 2375.8800 0.0000 132790.6309
2390.0200 2390.0200 0.0000 132423.6117
2404.1600 2404.1600 0.0000 132037.2157
2418.3100 2418.3100 0.0000 132037.2157
2432.4500 2432.4500 0.0000 131680.4547
2446.5900 2446.5900 0.0000 131319.1345
2460.7300 2460.7300 0.0000 131319.1345
2474.8700 2474.8700 0.0000 130963.5134
2489.0200 2489.0200 0.0000 130627.2691
2503.1600 2503.1600 0.0000 130627.2691
2517.3000 2517.3000 0.0000 130252.2712
2531.4400 2531.4400 0.0000 129944.5221
2545.5800 2545.5800 0.0000 129944.5221
2559.7300 2559.7300 0.0000 129647.0313
2573.8700 2573.8700 0.0000 129354.0998
2588.0100 2588.0100 0.0000 129354.0998
2602.1500 2602.1500 0.0000 129040.6517
2616.3000 2616.3000 0.0000 128753.4193
2630.4400 2630.4400 0.0000 128753.4193
2644.5800 2644.5800 0.0000 128459.3480
2658.7200 2658.7200 0.0000 128186.9331
2672.8600 2672.8600 0.0000 128186.9331
2687.0100 2687.0100 0.0000 127909.9589
2701.1500 2701.1500 0.0000 127643.2431
2715.2900 2715.2900 0.0000 127643.2431
2729.4300 2729.4300 0.0000 127325.2357
2743.5700 2743.5700 0.0000 127069.9180
2757.7200 2757.7200 0.0000 127069.9180
2771.8600 2771.8600 0.0000 126767.8680
2786.0000 2786.0000 0.0000 126530.7872
2800.1400 2800.1400 0.0000 126530.7872
2814.2800 2814.2800 0.0000 126280.0287
2828.4300 2828.4300 0.0000 126048.6471
2842.5700 2842.5700 0.0000 126048.6471
2856.7100 2856.7100 0.0000 125800.1682
2870.8500 2870.8500 0.0000 125576.7652
2885.0000 2885.0000 0.0000 125574.4856
2899.1400 2899.1400 0.0000 125322.5873
2913.2800 2913.2800 0.0000 125100.3240
2927.4200 2927.4200 0.0000 125100.3240
2941.5600 2941.5600 0.0000 124832.4684
2955.7100 2955.7100 0.0000 124621.6033
2969.8500 2969.8500 0.0000 124621.6033
2983.9900 2983.9900 0.0000 124401.6197
2998.1300 2998.1300 0.0000 124188.4750
3012.2700 3012.2700 0.0000 124188.4750
3026.4200 3026.4200 0.0000 123935.4369
3040.5600 3040.5600 0.0000 123734.8301
3054.7000 3054.7000 0.0000 123743.9486
3068.8400 3068.8400 0.0000 123536.5029
3082.9900 3082.9900 0.0000 123342.7350
3097.1300 3097.1300 0.0000 123342.7350
3111.2700 3111.2700 0.0000 123120.4718
3125.4100 3125.4100 0.0000 122923.2845
3139.5500 3139.5500 0.0000 122923.2845
3153.7000 3153.7000 0.0000 122705.5805
3167.8400 3167.8400 0.0000 122526.6301
3181.9800 3181.9800 0.0000 122526.6301
3196.1200 3196.1200 0.0000 122329.4428
3210.2600 3210.2600 0.0000 122145.9331
3224.4100 3224.4100 0.0000 122145.9331
3238.5500 3238.5500 0.0000 121949.8856
3252.6900 3252.6900 0.0000 121777.7741
3266.8300 3266.8300 0.0000 121777.7741
3280.9800 3280.9800 0.0000 121582.8664
3295.1200 3295.1200 0.0000 121413.0345
3309.2600 3309.2600 0.0000 121411.8947
3323.4000 3323.4000 0.0000 121236.3637
3337.5400 3337.5400 0.0000 121075.6503
3351.6900 3351.6900 0.0000 121075.6503
3365.8300 3365.8300 0.0000 120905.8184
3379.9700 3379.9700 0.0000 120743.9652
3394.1100 3394.1100 0.0000 120743.9652
3408.2500 3408.2500 0.0000 120572.9935
3422.4000 3422.4000 0.0000 120427.0977
3436.5400 3436.5400 0.0000 120427.0977
3450.6800 3450.6800 0.0000 120253.8464
3464.8200 3464.8200 0.0000 120103.3913
3478.9700 3478.9700 0.0000 120103.3913
3493.1100 3493.1100 0.0000 119947.2371
3507.2500 3507.2500 0.0000 119805.9005
3521.3900 3521.3900 0.0000 119805.9005
3535.5300 3535.5300 0.0000 119653.1658
3549.6800 3549.6800 0.0000 119519.8079
3563.8200 3563.8200 0.0000 119519.8079
3577.9600 3577.9600 0.0000 119379.6111
3592.1000 3592.1000 0.0000 119251.9522
3606.2400 3606.2400 0.0000 119251.9522
3620.3900 3620.3900 0.0000 119114.0351
3634.5300 3634.5300 0.0000 118981.8170
3648.6700 3648.6700 0.0000 118981.8170
3662.8100 3662.8100 0.0000 118671.7883
3676.9600 3676.9600 0.0000 117878.4796
3691.1000 3691.1000 0.0000 117878.4796
3705.2400 3705.2400 0.0000 116340.8742
3719.3800 3719.3800 0.0000 117114.8060
3733.5200 3733.5200 0.0000 116898.2419
3747.6700 3747.6700 0.0000 116898.2419
3761.8100 3761.8100 0.0000 116717.0119
3775.9500 3775.9500 0.0000 116717.0119
3790.0900 3790.0900 0.0000 116516.4051
3804.2300 3804.2300 0.0000 116516.4051
3818.3800 3818.3800 0.0000 116332.8955
3832.5200 3832.5200 0.0000 116332.8955
3846.6600 3846.6600 0.0000 116142.5470
3860.8000 3860.8000 0.0000 116142.5470
3874.9500 3874.9500 0.0000 115965.8762
3889.0900 3889.0900 0.0000 115965.8762
3903.2300 3903.2300 0.0000 115785.7860
3917.3700 3917.3700 0.0000 115785.7860
3931.5100 3931.5100 0.0000 115622.7930
3945.6600 3945.6600 0.0000 115622.7930
3959.8000 3959.8000 0.0000 115435.8640
3973.9400 3973.9400 0.0000 115435.8640
3988.0800 3988.0800 0.0000 115242.0961
4002.2200 4002.2200 0.0000 115242.0961
4016.3700 4016.3700 0.0000 115057.4466
4030.5100 4030.5100 0.0000 115057.4466
4044.6500 4044.6500 0.0000 114901.2925
4058.7900 4058.7900 0.0000 114901.2925
4072.9400 4072.9400 0.0000 114704.1051
4087.0800 4087.0800 0.0000 114704.1051
4101.2200 4101.2200 0.0000 114549.0908
4115.3600 4115.3600 0.0000 114549.0908
4129.5000 4129.5000 0.0000 114358.7423
4143.6500 4143.6500 0.0000 114358.7423
4157.7900 4157.7900 0.0000 114188.9104
4171.9300 4171.9300 0.0000 114188.9104
4186.0700 4186.0700 0.0000 113978.0453
4200.2100 4200.2100 0.0000 113978.0453
4214.3600 4214.3600 0.0000 113812.7727
4228.5000 4228.5000 0.0000 113812.7727
4242.6400 4242.6400 0.0000 113546.0568
4256.7800 4256.7800 0.0000 113546.0568
4270.9200 4270.9200 0.0000 113264.5234
4285.0700 4285.0700 0.0000 113264.5234
4299.2100 4299.2100 0.0000 113049.0991
4313.3500 4313.3500 0.0000 113049.0991
4327.4900 4327.4900 0.0000 112698.0372
4341.6400 4341.6400 0.0000 112698.0372
4355.7800 4355.7800 0.0000 112650.1651
4369.9200 4369.9200 0.0000 112650.1651
4384.0600 4384.0600 0.0000 112358.3734
4398.2000 4398.2000 0.0000 112358.3734
4412.3500 4412.3500 0.0000 112358.3734
4426.4900 4426.4900 0.0000 112358.3734
4440.6300 4440.6300 0.0000 112077.9799
4454.7700 4454.7700 0.0000 112077.9799
4468.9100 4468.9100 0.0000 112077.9799
4483.0600 4483.0600 0.0000 112077.9799
4497.2000 4497.2000 0.0000 111808.9844
4511.3400 4511.3400 0.0000 111808.9844
4525.4800 4525.4800 0.0000 111808.9844
4539.6300 4539.6300 0.0000 111808.9844
4553.7700 4553.7700 0.0000 111563.9250
4567.9100 4567.9100 0.0000 111563.9250
4582.0500 4582.0500 0.0000 111563.9250
4596.1900 4596.1900 0.0000 111563.9250
4610.3400 4610.3400 0.0000 111358.7589
4624.4800 4624.4800 0.0000 111358.7589
4638.6200 4638.6200 0.0000 111358.7589
4652.7600 4652.7600 0.0000 111358.7589
4666.9000 4666.9000 0.0000 111169.5503
4681.0500 4681.0500 0.0000 111169.5503
4695.1900 4695.1900 0.0000 111169.5503
4709.3300 4709.3300 0.0000 111169.5503
4723.4700 4723.4700 0.0000 110992.8795
4737.6200 4737.6200 0.0000 110992.8795
4751.7600 4751.7600 0.0000 110992.8795
4765.9000 4765.9000 0.0000 110992.8795
4780.0400 4780.0400 0.0000 110828.7467
4794.1800 4794.1800 0.0000 110828.7467
4808.3300 4808.3300 0.0000 110828.7467
4822.4700 4822.4700 0.0000 110828.7467
4836.6100 4836.6100 0.0000 110674.8721
4850.7500 4850.7500 0.0000 110674.8721
4864.8900 4864.8900 0.0000 110674.8721
4879.0400 4879.0400 0.0000 110674.8721
4893.1800 4893.1800 0.0000 110531.2559
4907.3200 4907.3200 0.0000 110531.2559
4921.4600 4921.4600 0.0000 110531.2559
4935.6100 4935.6100 0.0000 110531.2559
4949.7500 4949.7500 0.0000 110396.7582
4963.8900 4963.8900 0.0000 110396.7582
4978.0300 4978.0300 0.0000 110396.7582
4992.1700 4992.1700 0.0000 110396.7582
5006.3200 5006.3200 0.0000 110269.0993
5020.4600 5020.4600 0.0000 110269.0993
5034.6000 5034.6000 0.0000 110269.0993
5048.7400 5048.7400 0.0000 110269.0993
5062.8800 5062.8800 0.0000 110147.1395
5077.0300 5077.0300 0.0000 110147.1395
5091.1700 5091.1700 0.0000 110147.1395
5105.3100 5105.3100 0.0000 110147.1395
5119.4500 5119.4500 0.0000 110029.7389
5133.6000 5133.6000 0.0000 110029.7389
5147.7400 5147.7400 0.0000 110029.7389
5161.8800 5161.8800 0.0000 110029.7389
5176.0200 5176.0200 0.0000 109918.0374
5190.1600 5190.1600 0.0000 109918.0374
5204.3100 5204.3100 0.0000 109918.0374
5218.4500 5218.4500 0.0000 109918.0374
5232.5900 5232.5900 0.0000 109809.7554
5246.7300 5246.7300 0.0000 109809.7554
5260.8700 5260.8700 0.0000 109809.7554
5275.0200 5275.0200 0.0000 109809.7554
5289.1600 5289.1600 0.0000 109706.0325
5303.3000 5303.3000 0.0000 109706.0325
5317.4400 5317.4400 0.0000 109706.0325
5331.5900 5331.5900 0.0000 109706.0325
5345.7300 5345.7300 0.0000 109606.8690
5359.8700 5359.8700 0.0000 109606.8690
5374.0100 5374.0100 0.0000 109606.8690
5388.1500 5388.1500 0.0000 109606.8690
5402.3000 5402.3000 0.0000 109511.1248
5416.4400 5416.4400 0.0000 109511.1248
5430.5800 5430.5800 0.0000 109511.1248
5444.7200 5444.7200 0.0000 109511.1248
5458.8600 5458.8600 0.0000 109418.8001
5473.0100 5473.0100 0.0000 109418.8001
5487.1500 5487.1500 0.0000 109418.8001
5501.2900 5501.2900 0.0000 109418.8001
5515.4300 5515.4300 0.0000 109329.8948
5529.5800 5529.5800 0.0000 109329.8948
5543.7200 5543.7200 0.0000 109329.8948
5557.8600 5557.8600 0.0000 109329.8948
5572.0000 5572.0000 0.0000 109243.2691
5586.1400 5586.1400 0.0000 109243.2691
5600.2900 5600.2900 0.0000 109243.2691
5614.4300 5614.4300 0.0000 109243.2691
5628.5700 5628.5700 0.0000 109160.0629
5642.7100 5642.7100 0.0000 109160.0629
5656.8500 5656.8500 0.0000 109160.0629
5671.0000 5671.0000 0.0000 109160.0629
5685.1400 5685.1400 0.0000 109080.2761
5699.2800 5699.2800 0.0000 109080.2761
5713.4200 5713.4200 0.0000 109080.2761
5727.5600 5727.5600 0.0000 109080.2761
5741.7100 5741.7100 0.0000 109001.6292
5755.8500 5755.8500 0.0000 109001.6292
5769.9900 5769.9900 0.0000 109001.6292
5784.1300 5784.1300 0.0000 109001.6292
5798.2800 5798.2800 0.0000 108926.4016
5812.4200 5812.4200 0.0000 108926.4016
5826.5600 5826.5600 0.0000 108926.4016
5840.7000 5840.7000 0.0000 108926.4016
5854.8400 5854.8400 0.0000 108852.3139
5868.9900 5868.9900 0.0000 108852.3139
5883.1300 5883.1300 0.0000 108852.3139
5897.2700 5897.2700 0.0000 108852.3139
5911.4100 5911.4100 0.0000 108780.5058
5925.5500 5925.5500 0.0000 108780.5058
5939.7000 5939.7000 0.0000 108780.5058
5953.8400 5953.8400 0.0000 108780.5058
5967.9800 5967.9800 0.0000 108710.9773
5982.1200 5982.1200 0.0000 108710.9773
5996.2700 5996.2700 0.0000 108710.9773
6010.4100 6010.4100 0.0000 108710.9773
6024.5500 6024.5500 0.0000 108642.5886
6038.6900 6038.6900 0.0000 108642.5886
6052.8300 6052.8300 0.0000 108642.5886
6066.9800 6066.9800 0.0000 108642.5886
6081.1200 6081.1200 0.0000 108576.4795
6095.2600 6095.2600 0.0000 108576.4795
6109.4000 6109.4000 0.0000 108576.4795
6123.5400 6123.5400 0.0000 108576.4795
6137.6900 6137.6900 0.0000 108511.5103
6151.8300 6151.8300 0.0000 108511.5103
6165.9700 6165.9700 0.0000 108511.5103
6180.1100 6180.1100 0.0000 108511.5103
6194.2600 6194.2600 0.0000 108447.6809
6208.4000 6208.4000 0.0000 108447.6809
6222.5400 6222.5400 0.0000 108447.6809
6236.6800 6236.6800 0.0000 108447.6809
6250.8200 6250.8200 0.0000 108384.9912
6264.9700 6264.9700 0.0000 108384.9912
6279.1100 6279.1100 0.0000 108384.9912
6293.2500 6293.2500 0.0000 108384.9912
6307.3900 6307.3900 0.0000 108323.4414
6321.5300 6321.5300 0.0000 108323.4414
6335.6800 6335.6800 0.0000 108323.4414
6349.8200 6349.8200 0.0000 108323.4414
6363.9600 6363.9600 0.0000 108264.1712
6378.1000 6378.1000 0.0000 108264.1712
6392.2500 6392.2500 0.0000 108264.1712
6406.3900 6406.3900 0.0000 108264.1712
6420.5300 6420.5300 0.0000 108204.9010
6434.6700 6434.6700 0.0000 108204.9010
6448.8100 6448.8100 0.0000 108204.9010
6462.9600 6462.9600 0.0000 108204.9010
6477.1000 6477.1000 0.0000 108146.7707
6491.2400 6491.2400 0.0000 108146.7707
6505.3800 6505.3800 0.0000 108146.7707
6519.5200 6519.5200 0.0000 108146.7707
6533.6700 6533.6700 0.0000 108089.7801
6547.8100 6547.8100 0.0000 108089.7801
6561.9500 6561.9500 0.0000 108089.7801
6576.0900 6576.0900 0.0000 108089.7801
6590.2400 6590.2400 0.0000 108033.9294
6604.3800 6604.3800 0.0000 108033.9294
6618.5200 6618.5200 0.0000 108033.9294
6632.6600 6632.6600 0.0000 108033.9294
6646.8000 6646.8000 0.0000 107978.0786
6660.9500 6660.9500 0.0000 107978.0786
6675.0900 6675.0900 0.0000 107978.0786
6689.2300 6689.2300 0.0000 107978.0786
6703.3700 6703.3700 0.0000 107923.3677
6717.5100 6717.5100 0.0000 107923.3677
6731.6600 6731.6600 0.0000 107923.3677
6745.8000 6745.8000 0.0000 107923.3677
6759.9400 6759.9400 0.0000 107868.6567
6774.0800 6774.0800 0.0000 107868.6567
6788.2300 6788.2300 0.0000 107868.6567
6802.3700 6802.3700 0.0000 107868.6567
6816.5100 6816.5100 0.0000 107816.2254
6830.6500 6830.6500 0.0000 107816.2254
6844.7900 6844.7900 0.0000 107816.2254
6858.9400 6858.9400 0.0000 107816.2254
6873.0800 6873.0800 0.0000 107763.7941
6887.2200 6887.2200 0.0000 107763.7941
6901.3600 6901.3600 0.0000 107763.7941
6915.5000 6915.5000 0.0000 107763.7941
6929.6500 6929.6500 0.0000 107711.3628
6943.7900 6943.7900 0.0000 107711.3628
6957.9300 6957.9300 0.0000 107711.3628
6972.0700 6972.0700 0.0000 107711.3628
6986.2100 6986.2100 0.0000 107660.0712
7000.3600 7000.3600 0.0000 107660.0712
7014.5000 7014.5000 0.0000 107660.0712
7028.6400 7028.6400 0.0000 107660.0712
7042.7800 7042.7800 0.0000 107609.9195
7056.9300 7056.9300 0.0000 107609.9195
7071.0700 7071.0700 0.0000 107609.9195
7085.2100 7085.2100 0.0000 107609.9195
7099.3500 7099.3500 0.0000 107559.7678
7113.4900 7113.4900 0.0000 107559.7678
7127.6400 7127.6400 0.0000 107559.7678
7141.7800 7141.7800 0.0000 107559.7678
7155.9200 7155.9200 0.0000 107510.7560
7170.0600 7170.0600 0.0000 107510.7560
7184.2000 7184.2000 0.0000 107510.7560
7198.3500 7198.3500 0.0000 107510.7560
7212.4900 7212.4900 0.0000 107460.6043
7226.6300 7226.6300 0.0000 107460.6043
7240.7700 7240.7700 0.0000 107460.6043
7254.9200 7254.9200 0.0000 107460.6043
7269.0600 7269.0600 0.0000 107412.7322
7283.2000 7283.2000 0.0000 107412.7322
7297.3400 7297.3400 0.0000 107412.7322
7311.4800 7311.4800 0.0000 107412.7322
7325.6300 7325.6300 0.0000 107364.8601
7339.7700 7339.7700 0.0000 107364.8601
7353.9100 7353.9100 0.0000 107364.8601
7368.0500 7368.0500 0.0000 107364.8601
7382.1900 7382.1900 0.0000 107316.9880
7396.3400 7396.3400 0.0000 107316.9880
7410.4800 7410.4800 0.0000 107316.9880
7424.6200 7424.6200 0.0000 107316.9880
7438.7600 7438.7600 0.0000 107270.2558
7452.9100 7452.9100 0.0000 107270.2558
7467.0500 7467.0500 0.0000 107270.2558
7481.1900 7481.1900 0.0000 107270.2558
7495.3300 7495.3300 0.0000 107223.5235
7509.4700 7509.4700 0.0000 107223.5235
7523.6200 7523.6200 0.0000 107223.5235
7537.7600 7537.7600 0.0000 107223.5235
7551.9000 7551.9000 0.0000 107177.9311
7566.0400 7566.0400 0.0000 107177.9311
7580.1800 7580.1800 0.0000 107177.9311
7594.3300 7594.3300 0.0000 107177.9311
7608.4700 7608.4700 0.0000 107132.3386
7622.6100 7622.6100 0.0000 107132.3386
7636.7500 7636.7500 0.0000 107132.3386
7650.9000 7650.9000 0.0000 107132.3386
7665.0400 7665.0400 0.0000 107086.7462
7679.1800 7679.1800 0.0000 107086.7462
7693.3200 7693.3200 0.0000 107086.7462
7707.4600 7707.4600 0.0000 107086.7462
7721.6100 7721.6100 0.0000 107042.2935
7735.7500 7735.7500 0.0000 107042.2935
7749.8900 7749.8900 0.0000 107042.2935
7764.0300 7764.0300 0.0000 107042.2935
7778.1700 7778.1700 0.0000 106997.8409
