0.0000 0.0000 0.0000 195887.0000
14.1421 14.1421 0.0000 195505.0000
28.2843 28.2843 0.0000 194552.0000
42.4264 42.4264 0.0000 193645.0000
56.5685 56.5685 0.0000 192388.0000
70.7107 70.7107 0.0000 191008.0000
84.8528 84.8528 0.0000 189372.0000
98.9949 98.9949 0.0000 187068.0000
113.1370 113.1370 0.0000 184674.0000
127.2790 127.2790 0.0000 183606.0000
141.4210 141.4210 0.0000 181300.0000
155.5630 155.5630 0.0000 178886.0000
169.7060 169.7060 0.0000 176537.0000
183.8480 183.8480 0.0000 174205.0000
197.9900 197.9900 0.0000 171718.0000
212.1320 212.1320 0.0000 169169.0000
226.2740 226.2740 0.0000 166603.0000
240.4160 240.4160 0.0000 164009.0000
254.5580 254.5580 0.0000 162723.0000
268.7010 268.7010 0.0000 160176.0000
282.8430 282.8430 0.0000 157732.0000
296.9850 296.9850 0.0000 155487.0000
311.1270 311.1270 0.0000 153491.0000
325.2690 325.2690 0.0000 151692.0000
339.4110 339.4110 0.0000 150041.0000
353.5530 353.5530 0.0000 148486.0000
367.6960 367.6960 0.0000 147042.0000
381.8380 381.8380 0.0000 146335.0000
395.9800 395.9800 0.0000 144973.0000
410.1220 410.1220 0.0000 143675.0000
424.2640 424.2640 0.0000 142426.0000
438.4060 438.4060 0.0000 141242.0000
452.5480 452.5480 0.0000 140081.0000
466.6900 466.6900 0.0000 138954.0000
480.8330 480.8330 0.0000 137849.0000
494.9750 494.9750 0.0000 136790.0000
509.1170 509.1170 0.0000 136284.0000
523.2590 523.2590 0.0000 135302.0000
537.4010 537.4010 0.0000 134348.0000
551.5430 551.5430 0.0000 133424.0000
565.6850 565.6850 0.0000 132551.0000
579.8280 579.8280 0.0000 131704.0000
593.9700 593.9700 0.0000 130882.0000
608.1120 608.1120 0.0000 130082.0000
622.2540 622.2540 0.0000 129324.0000
636.3960 636.3960 0.0000 128944.0000
650.5380 650.5380 0.0000 128203.0000
664.6800 664.6800 0.0000 127444.0000
678.8230 678.8230 0.0000 126696.0000
692.9650 692.9650 0.0000 125959.0000
707.1070 707.1070 0.0000 125210.0000
721.2490 721.2490 0.0000 124400.0000
735.3910 735.3910 0.0000 123583.0000
749.5330 749.5330 0.0000 122920.0000
763.6750 763.6750 0.0000 122600.0000
777.8170 777.8170 0.0000 122028.0000
791.9600 791.9600 0.0000 121516.0000
806.1020 806.1020 0.0000 121037.0000
820.2440 820.2440 0.0000 120560.0000
834.3860 834.3860 0.0000 120088.0000
848.5280 848.5280 0.0000 119646.0000
862.6700 862.6700 0.0000 119217.0000
876.8120 876.8120 0.0000 118801.0000
890.9550 890.9550 0.0000 118616.0000
905.0970 905.0970 0.0000 118213.0000
919.2390 919.2390 0.0000 117819.0000
933.3810 933.3810 0.0000 117403.0000
947.5230 947.5230 0.0000 117011.0000
961.6650 961.6650 0.0000 116602.0000
975.8070 975.8070 0.0000 116153.0000
989.9490 989.9490 0.0000 115681.0000
1004.0900 1004.0900 0.0000 115193.0000
1018.2300 1018.2300 0.0000 114916.0000
1032.3800 1032.3800 0.0000 114288.0000
1046.5200 1046.5200 0.0000 113888.0000
1060.6600 1060.6600 0.0000 113617.0000
1074.8000 1074.8000 0.0000 113345.0000
1088.9400 1088.9400 0.0000 113119.0000
1103.0900 1103.0900 0.0000 112924.0000
1117.2300 1117.2300 0.0000 112724.0000
1131.3700 1131.3700 0.0000 112518.0000
1145.5100 1145.5100 0.0000 112518.0000
1159.6600 1159.6600 0.0000 112392.6246
1173.8000 1173.8000 0.0000 111868.4256
1187.9400 1187.9400 0.0000 111221.0127
1202.0800 1202.0800 0.0000 111170.2141
1216.2200 1216.2200 0.0000 110658.9849
1230.3700 1230.3700 0.0000 110222.3326
1244.5100 1244.5100 0.0000 110222.3326
1258.6500 1258.6500 0.0000 109857.0145
1272.7900 1272.7900 0.0000 109576.0006
1286.9300 1286.9300 0.0000 109576.0006
1301.0800 1301.0800 0.0000 109314.4415
1315.2200 1315.2200 0.0000 109101.5194
1329.3600 1329.3600 0.0000 109101.5194
1343.5000 1343.5000 0.0000 108911.2946
1357.6500 1357.6500 0.0000 108739.4438
1371.7900 1371.7900 0.0000 108739.4438
1385.9300 1385.9300 0.0000 108580.5629
1400.0700 1400.0700 0.0000 108434.6518
1414.2100 1414.2100 0.0000 108434.6518
1428.3600 1428.3600 0.0000 108300.6298
1442.5000 1442.5000 0.0000 108176.3352
1456.6400 1456.6400 0.0000 108176.3352
1470.7800 1470.7800 0.0000 108059.6063
1484.9200 1484.9200 0.0000 107949.3624
1499.0700 1499.0700 0.0000 107949.3624
1513.2100 1513.2100 0.0000 107845.6034
1527.3500 1527.3500 0.0000 107745.0869
1541.4900 1541.4900 0.0000 107745.0869
1555.6300 1555.6300 0.0000 107646.7320
1569.7800 1569.7800 0.0000 107552.7005
1583.9200 1583.9200 0.0000 107552.7005
1598.0600 1598.0600 0.0000 107460.8305
1612.2000 1612.2000 0.0000 107370.0414
1626.3500 1626.3500 0.0000 107370.0414
1640.4900 1640.4900 0.0000 107282.4948
1654.6300 1654.6300 0.0000 107196.0290
1668.7700 1668.7700 0.0000 107196.0290
1682.9100 1682.9100 0.0000 107111.7248
1697.0600 1697.0600 0.0000 107029.5823
1711.2000 1711.2000 0.0000 107029.5823
1725.3400 1725.3400 0.0000 106948.5206
1739.4800 1739.4800 0.0000 106869.6205
1753.6200 1753.6200 0.0000 106869.6205
1767.7700 1767.7700 0.0000 106791.8013
1781.9100 1781.9100 0.0000 106716.1437
1796.0500 1796.0500 0.0000 106716.1437
1810.1900 1810.1900 0.0000 106642.6477
1824.3400 1824.3400 0.0000 106570.2326
1838.4800 1838.4800 0.0000 106570.2326
1852.6200 1852.6200 0.0000 106498.8983
1866.7600 1866.7600 0.0000 106429.7257
1880.9000 1880.9000 0.0000 106429.7257
1895.0500 1895.0500 0.0000 106361.6338
1909.1900 1909.1900 0.0000 106295.7037
1923.3300 1923.3300 0.0000 106295.7037
1937.4700 1937.4700 0.0000 106230.8543
1951.6100 1951.6100 0.0000 106168.1666
1965.7600 1965.7600 0.0000 106168.1666
1979.9000 1979.9000 0.0000 106106.5597
1994.0400 1994.0400 0.0000 106046.0336
2008.1800 2008.1800 0.0000 106046.0336
2022.3300 2022.3300 0.0000 105986.5884
2036.4700 2036.4700 0.0000 105929.3048
2050.6100 2050.6100 0.0000 105929.3048
2064.7500 2064.7500 0.0000 105873.1020
2078.8900 2078.8900 0.0000 105817.9800
2093.0400 2093.0400 0.0000 105817.9800
2107.1800 2107.1800 0.0000 105763.9389
2121.3200 2121.3200 0.0000 105710.9786
2135.4600 2135.4600 0.0000 105710.9786
2149.6000 2149.6000 0.0000 105659.0991
2163.7500 2163.7500 0.0000 105608.3004
2177.8900 2177.8900 0.0000 105608.3004
2192.0300 2192.0300 0.0000 105558.5826
2206.1700 2206.1700 0.0000 105509.9455
2220.3200 2220.3200 0.0000 105509.9455
2234.4600 2234.4600 0.0000 105462.3893
2248.6000 2248.6000 0.0000 105415.9140
2262.7400 2262.7400 0.0000 105415.9140
2276.8800 2276.8800 0.0000 105369.4386
2291.0300 2291.0300 0.0000 105324.0440
2305.1700 2305.1700 0.0000 105324.0440
2319.3100 2319.3100 0.0000 105280.8111
2333.4500 2333.4500 0.0000 105236.4974
2347.5900 2347.5900 0.0000 105236.4974
2361.7400 2361.7400 0.0000 105194.3453
2375.8800 2375.8800 0.0000 105152.1932
2390.0200 2390.0200 0.0000 105152.1932
2404.1600 2404.1600 0.0000 105111.1220
2418.3100 2418.3100 0.0000 105070.0507
2432.4500 2432.4500 0.0000 105070.0507
2446.5900 2446.5900 0.0000 105031.1411
2460.7300 2460.7300 0.0000 104991.1506
2474.8700 2474.8700 0.0000 104991.1506
2489.0200 2489.0200 0.0000 104953.3218
2503.1600 2503.1600 0.0000 104915.4930
2517.3000 2517.3000 0.0000 104915.4930
2531.4400 2531.4400 0.0000 104877.6643
2545.5800 2545.5800 0.0000 104841.9971
2559.7300 2559.7300 0.0000 104841.9971
2573.8700 2573.8700 0.0000 104805.2491
2588.0100 2588.0100 0.0000 104770.6628
2602.1500 2602.1500 0.0000 104770.6628
2616.3000 2616.3000 0.0000 104736.0765
2630.4400 2630.4400 0.0000 104702.5710
2644.5800 2644.5800 0.0000 104702.5710
2658.7200 2658.7200 0.0000 104669.0655
2672.8600 2672.8600 0.0000 104636.6408
2687.0100 2687.0100 0.0000 104636.6408
2701.1500 2701.1500 0.0000 104605.2969
2715.2900 2715.2900 0.0000 104573.9531
2729.4300 2729.4300 0.0000 104573.9531
2743.5700 2743.5700 0.0000 104543.6900
2757.7200 2757.7200 0.0000 104513.4270
2771.8600 2771.8600 0.0000 104513.4270
2786.0000 2786.0000 0.0000 104484.2448
2800.1400 2800.1400 0.0000 104455.0626
2814.2800 2814.2800 0.0000 104455.0626
2828.4300 2828.4300 0.0000 104428.0420
2842.5700 2842.5700 0.0000 104399.9406
2856.7100 2856.7100 0.0000 104399.9406
2870.8500 2870.8500 0.0000 104357.7885
2885.0000 2885.0000 0.0000 104255.1104
2899.1400 2899.1400 0.0000 104255.1104
2913.2800 2913.2800 0.0000 104070.2897
2927.4200 2927.4200 0.0000 104155.6747
2941.5600 2941.5600 0.0000 104124.3308
2955.7100 2955.7100 0.0000 104124.3308
2969.8500 2969.8500 0.0000 104096.2294
2983.9900 2983.9900 0.0000 104096.2294
2998.1300 2998.1300 0.0000 104096.2294
3012.2700 3012.2700 0.0000 104070.2897
3026.4200 3026.4200 0.0000 104070.2897
3040.5600 3040.5600 0.0000 104070.2897
3054.7000 3054.7000 0.0000 104045.4308
3068.8400 3068.8400 0.0000 104045.4308
3082.9900 3082.9900 0.0000 104022.7335
3097.1300 3097.1300 0.0000 104022.7335
3111.2700 3111.2700 0.0000 104022.7335
3125.4100 3125.4100 0.0000 104001.1170
3139.5500 3139.5500 0.0000 104001.1170
3153.7000 3153.7000 0.0000 103980.5814
3167.8400 3167.8400 0.0000 103980.5814
3181.9800 3181.9800 0.0000 103980.5814
3196.1200 3196.1200 0.0000 103961.1266
3210.2600 3210.2600 0.0000 103961.1266
3224.4100 3224.4100 0.0000 103942.7526
3238.5500 3238.5500 0.0000 103942.7526
3252.6900 3252.6900 0.0000 103942.7526
3266.8300 3266.8300 0.0000 103924.3786
3280.9800 3280.9800 0.0000 103924.3786
3295.1200 3295.1200 0.0000 103908.1663
3309.2600 3309.2600 0.0000 103908.1663
3323.4000 3323.4000 0.0000 103891.9539
3337.5400 3337.5400 0.0000 103891.9539
3351.6900 3351.6900 0.0000 103891.9539
3365.8300 3365.8300 0.0000 103875.7416
3379.9700 3379.9700 0.0000 103875.7416
3394.1100 3394.1100 0.0000 103860.6101
3408.2500 3408.2500 0.0000 103860.6101
3422.4000 3422.4000 0.0000 103860.6101
3436.5400 3436.5400 0.0000 103845.4786
3450.6800 3450.6800 0.0000 103845.4786
3464.8200 3464.8200 0.0000 103831.4279
3478.9700 3478.9700 0.0000 103831.4279
3493.1100 3493.1100 0.0000 103831.4279
3507.2500 3507.2500 0.0000 103817.3772
3521.3900 3521.3900 0.0000 103817.3772
3535.5300 3535.5300 0.0000 103803.3265
3549.6800 3549.6800 0.0000 103803.3265
3563.8200 3563.8200 0.0000 103803.3265
3577.9600 3577.9600 0.0000 103789.2758
3592.1000 3592.1000 0.0000 103789.2758
3606.2400 3606.2400 0.0000 103789.2758
3620.3900 3620.3900 0.0000 103776.3059
3634.5300 3634.5300 0.0000 103776.3059
3648.6700 3648.6700 0.0000 103763.3360
3662.8100 3662.8100 0.0000 103763.3360
3676.9600 3676.9600 0.0000 103763.3360
3691.1000 3691.1000 0.0000 103750.3662
3705.2400 3705.2400 0.0000 103750.3662
3719.3800 3719.3800 0.0000 103737.3963
3733.5200 3733.5200 0.0000 103737.3963
3747.6700 3747.6700 0.0000 103737.3963
3761.8100 3761.8100 0.0000 103724.4264
3775.9500 3775.9500 0.0000 103724.4264
3790.0900 3790.0900 0.0000 103712.5374
3804.2300 3804.2300 0.0000 103712.5374
3818.3800 3818.3800 0.0000 103712.5374
3832.5200 3832.5200 0.0000 103699.5675
3846.6600 3846.6600 0.0000 103699.5675
3860.8000 3860.8000 0.0000 103687.6784
3874.9500 3874.9500 0.0000 103687.6784
3889.0900 3889.0900 0.0000 103675.7894
3903.2300 3903.2300 0.0000 103675.7894
3917.3700 3917.3700 0.0000 103675.7894
3931.5100 3931.5100 0.0000 103663.9003
3945.6600 3945.6600 0.0000 103663.9003
3959.8000 3959.8000 0.0000 103652.0113
3973.9400 3973.9400 0.0000 103652.0113
3988.0800 3988.0800 0.0000 103652.0113
4002.2200 4002.2200 0.0000 103640.1222
4016.3700 4016.3700 0.0000 103640.1222
4030.5100 4030.5100 0.0000 103628.2332
4044.6500 4044.6500 0.0000 103628.2332
4058.7900 4058.7900 0.0000 103628.2332
4072.9400 4072.9400 0.0000 103617.4250
4087.0800 4087.0800 0.0000 103617.4250
4101.2200 4101.2200 0.0000 103605.5359
4115.3600 4115.3600 0.0000 103605.5359
4129.5000 4129.5000 0.0000 103605.5359
4143.6500 4143.6500 0.0000 103594.7277
4157.7900 4157.7900 0.0000 103594.7277
4171.9300 4171.9300 0.0000 103594.7277
4186.0700 4186.0700 0.0000 103582.8386
4200.2100 4200.2100 0.0000 103582.8386
4214.3600 4214.3600 0.0000 103572.0304
4228.5000 4228.5000 0.0000 103572.0304
4242.6400 4242.6400 0.0000 103572.0304
4256.7800 4256.7800 0.0000 103561.2222
4270.9200 4270.9200 0.0000 103561.2222
4285.0700 4285.0700 0.0000 103550.4140
4299.2100 4299.2100 0.0000 103550.4140
4313.3500 4313.3500 0.0000 103550.4140
4327.4900 4327.4900 0.0000 103540.6866
4341.6400 4341.6400 0.0000 103540.6866
4355.7800 4355.7800 0.0000 103529.8783
4369.9200 4369.9200 0.0000 103529.8783
4384.0600 4384.0600 0.0000 103529.8783
4398.2000 4398.2000 0.0000 103519.0701
4412.3500 4412.3500 0.0000 103519.0701
4426.4900 4426.4900 0.0000 103509.3427
4440.6300 4440.6300 0.0000 103509.3427
4454.7700 4454.7700 0.0000 103509.3427
4468.9100 4468.9100 0.0000 103499.6153
4483.0600 4483.0600 0.0000 103499.6153
4497.2000 4497.2000 0.0000 103488.8071
4511.3400 4511.3400 0.0000 103488.8071
4525.4800 4525.4800 0.0000 103479.0797
4539.6300 4539.6300 0.0000 103479.0797
4553.7700 4553.7700 0.0000 103479.0797
4567.9100 4567.9100 0.0000 103469.3523
4582.0500 4582.0500 0.0000 103469.3523
4596.1900 4596.1900 0.0000 103459.6249
4610.3400 4610.3400 0.0000 103459.6249
4624.4800 4624.4800 0.0000 103459.6249
4638.6200 4638.6200 0.0000 103450.9783
4652.7600 4652.7600 0.0000 103450.9783
4666.9000 4666.9000 0.0000 103441.2509
4681.0500 4681.0500 0.0000 103441.2509
4695.1900 4695.1900 0.0000 103441.2509
4709.3300 4709.3300 0.0000 103431.5235
4723.4700 4723.4700 0.0000 103431.5235
4737.6200 4737.6200 0.0000 103422.8769
4751.7600 4751.7600 0.0000 103422.8769
4765.9000 4765.9000 0.0000 103422.8769
4780.0400 4780.0400 0.0000 103413.1495
4794.1800 4794.1800 0.0000 103413.1495
4808.3300 4808.3300 0.0000 103413.1495
4822.4700 4822.4700 0.0000 103404.5029
4836.6100 4836.6100 0.0000 103404.5029
4850.7500 4850.7500 0.0000 103395.8563
4864.8900 4864.8900 0.0000 103395.8563
4879.0400 4879.0400 0.0000 103395.8563
4893.1800 4893.1800 0.0000 103387.2097
4907.3200 4907.3200 0.0000 103387.2097
4921.4600 4921.4600 0.0000 103378.5632
4935.6100 4935.6100 0.0000 103378.5632
4949.7500 4949.7500 0.0000 103378.5632
4963.8900 4963.8900 0.0000 103369.9166
4978.0300 4978.0300 0.0000 103369.9166
4992.1700 4992.1700 0.0000 103361.2700
5006.3200 5006.3200 0.0000 103361.2700
5020.4600 5020.4600 0.0000 103361.2700
5034.6000 5034.6000 0.0000 103353.7042
5048.7400 5048.7400 0.0000 103353.7042
5062.8800 5062.8800 0.0000 103345.0576
5077.0300 5077.0300 0.0000 103345.0576
5091.1700 5091.1700 0.0000 103336.4111
5105.3100 5105.3100 0.0000 103336.4111
5119.4500 5119.4500 0.0000 103336.4111
5133.6000 5133.6000 0.0000 103328.8453
5147.7400 5147.7400 0.0000 103328.8453
5161.8800 5161.8800 0.0000 103321.2795
5176.0200 5176.0200 0.0000 103321.2795
5190.1600 5190.1600 0.0000 103321.2795
5204.3100 5204.3100 0.0000 103312.6330
5218.4500 5218.4500 0.0000 103312.6330
5232.5900 5232.5900 0.0000 103305.0672
5246.7300 5246.7300 0.0000 103305.0672
5260.8700 5260.8700 0.0000 103305.0672
5275.0200 5275.0200 0.0000 103297.5014
5289.1600 5289.1600 0.0000 103297.5014
5303.3000 5303.3000 0.0000 103289.9357
5317.4400 5317.4400 0.0000 103289.9357
5331.5900 5331.5900 0.0000 103289.9357
5345.7300 5345.7300 0.0000 103282.3699
5359.8700 5359.8700 0.0000 103282.3699
5374.0100 5374.0100 0.0000 103282.3699
5388.1500 5388.1500 0.0000 103274.8042
5402.3000 5402.3000 0.0000 103274.8042
5416.4400 5416.4400 0.0000 103268.3192
5430.5800 5430.5800 0.0000 103268.3192
5444.7200 5444.7200 0.0000 103268.3192
5458.8600 5458.8600 0.0000 103260.7535
5473.0100 5473.0100 0.0000 103260.7535
5487.1500 5487.1500 0.0000 103253.1877
5501.2900 5501.2900 0.0000 103253.1877
5515.4300 5515.4300 0.0000 103253.1877
5529.5800 5529.5800 0.0000 103246.7028
5543.7200 5543.7200 0.0000 103246.7028
5557.8600 5557.8600 0.0000 103239.1370
5572.0000 5572.0000 0.0000 103239.1370
5586.1400 5586.1400 0.0000 103239.1370
5600.2900 5600.2900 0.0000 103232.6521
5614.4300 5614.4300 0.0000 103232.6521
5628.5700 5628.5700 0.0000 103225.0863
5642.7100 5642.7100 0.0000 103225.0863
5656.8500 5656.8500 0.0000 103225.0863
5671.0000 5671.0000 0.0000 103218.6014
5685.1400 5685.1400 0.0000 103218.6014
5699.2800 5699.2800 0.0000 103212.1165
5713.4200 5713.4200 0.0000 103212.1165
5727.5600 5727.5600 0.0000 103205.6315
5741.7100 5741.7100 0.0000 103205.6315
5755.8500 5755.8500 0.0000 103205.6315
5769.9900 5769.9900 0.0000 103199.1466
5784.1300 5784.1300 0.0000 103199.1466
5798.2800 5798.2800 0.0000 103192.6616
5812.4200 5812.4200 0.0000 103192.6616
5826.5600 5826.5600 0.0000 103192.6616
5840.7000 5840.7000 0.0000 103186.1767
5854.8400 5854.8400 0.0000 103186.1767
5868.9900 5868.9900 0.0000 103179.6918
5883.1300 5883.1300 0.0000 103179.6918
5897.2700 5897.2700 0.0000 103179.6918
5911.4100 5911.4100 0.0000 103173.2068
5925.5500 5925.5500 0.0000 103173.2068
5939.7000 5939.7000 0.0000 103166.7219
5953.8400 5953.8400 0.0000 103166.7219
5967.9800 5967.9800 0.0000 103166.7219
5982.1200 5982.1200 0.0000 103160.2370
5996.2700 5996.2700 0.0000 103160.2370
6010.4100 6010.4100 0.0000 103160.2370
6024.5500 6024.5500 0.0000 103154.8329
6038.6900 6038.6900 0.0000 103154.8329
6052.8300 6052.8300 0.0000 103148.3479
6066.9800 6066.9800 0.0000 103148.3479
6081.1200 6081.1200 0.0000 103148.3479
6095.2600 6095.2600 0.0000 103141.8630
6109.4000 6109.4000 0.0000 103141.8630
6123.5400 6123.5400 0.0000 103136.4589
6137.6900 6137.6900 0.0000 103136.4589
6151.8300 6151.8300 0.0000 103136.4589
6165.9700 6165.9700 0.0000 103129.9739
6180.1100 6180.1100 0.0000 103129.9739
6194.2600 6194.2600 0.0000 103124.5698
6208.4000 6208.4000 0.0000 103124.5698
6222.5400 6222.5400 0.0000 103124.5698
6236.6800 6236.6800 0.0000 103119.1657
6250.8200 6250.8200 0.0000 103119.1657
6264.9700 6264.9700 0.0000 103112.6808
6279.1100 6279.1100 0.0000 103112.6808
6293.2500 6293.2500 0.0000 103107.2767
6307.3900 6307.3900 0.0000 103107.2767
6321.5300 6321.5300 0.0000 103107.2767
6335.6800 6335.6800 0.0000 103101.8725
6349.8200 6349.8200 0.0000 103101.8725
6363.9600 6363.9600 0.0000 103096.4684
6378.1000 6378.1000 0.0000 103096.4684
6392.2500 6392.2500 0.0000 103096.4684
6406.3900 6406.3900 0.0000 103089.9835
6420.5300 6420.5300 0.0000 103089.9835
6434.6700 6434.6700 0.0000 103084.5794
6448.8100 6448.8100 0.0000 103084.5794
6462.9600 6462.9600 0.0000 103084.5794
6477.1000 6477.1000 0.0000 103079.1753
6491.2400 6491.2400 0.0000 103079.1753
6505.3800 6505.3800 0.0000 103073.7711
6519.5200 6519.5200 0.0000 103073.7711
6533.6700 6533.6700 0.0000 103073.7711
6547.8100 6547.8100 0.0000 103068.3670
6561.9500 6561.9500 0.0000 103068.3670
6576.0900 6576.0900 0.0000 103068.3670
6590.2400 6590.2400 0.0000 103062.9629
6604.3800 6604.3800 0.0000 103062.9629
6618.5200 6618.5200 0.0000 103058.6396
6632.6600 6632.6600 0.0000 103058.6396
6646.8000 6646.8000 0.0000 103058.6396
6660.9500 6660.9500 0.0000 103053.2355
6675.0900 6675.0900 0.0000 103053.2355
6689.2300 6689.2300 0.0000 103047.8314
6703.3700 6703.3700 0.0000 103047.8314
6717.5100 6717.5100 0.0000 103047.8314
6731.6600 6731.6600 0.0000 103042.4273
6745.8000 6745.8000 0.0000 103042.4273
6759.9400 6759.9400 0.0000 103037.0232
6774.0800 6774.0800 0.0000 103037.0232
6788.2300 6788.2300 0.0000 103037.0232
6802.3700 6802.3700 0.0000 103029.4574
6816.5100 6816.5100 0.0000 103029.4574
6830.6500 6830.6500 0.0000 103021.8917
6844.7900 6844.7900 0.0000 103021.8917
6858.9400 6858.9400 0.0000 103013.2451
6873.0800 6873.0800 0.0000 103013.2451
6887.2200 6887.2200 0.0000 103013.2451
6901.3600 6901.3600 0.0000 103004.5985
6915.5000 6915.5000 0.0000 103004.5985
6929.6500 6929.6500 0.0000 102993.7903
6943.7900 6943.7900 0.0000 102993.7903
6957.9300 6957.9300 0.0000 102993.7903
6972.0700 6972.0700 0.0000 102979.7396
6986.2100 6986.2100 0.0000 102979.7396
