0.0000 0.0000 0.0000 191452.0000
14.1421 14.1421 0.0000 190739.0000
28.2843 28.2843 0.0000 188259.0000
42.4264 42.4264 0.0000 185582.0000
56.5685 56.5685 0.0000 180545.0000
70.7107 70.7107 0.0000 176902.0000
84.8528 84.8528 0.0000 171664.0000
98.9949 98.9949 0.0000 167865.0000
113.1370 113.1370 0.0000 162583.0000
127.2790 127.2790 0.0000 158439.0000
141.4210 141.4210 0.0000 153234.0000
155.5630 155.5630 0.0000 149793.0000
169.7060 169.7060 0.0000 145873.0000
183.8480 183.8480 0.0000 143361.0000
197.9900 197.9900 0.0000 140433.0000
212.1320 212.1320 0.0000 137779.0000
226.2740 226.2740 0.0000 135896.0000
240.4160 240.4160 0.0000 133628.0000
254.5580 254.5580 0.0000 132056.0000
268.7010 268.7010 0.0000 130163.0000
282.8430 282.8430 0.0000 128826.0000
296.9850 296.9850 0.0000 127140.0000
311.1270 311.1270 0.0000 125827.0000
325.2690 325.2690 0.0000 124145.0000
339.4110 339.4110 0.0000 122969.0000
353.5530 353.5530 0.0000 121393.0000
367.6960 367.6960 0.0000 120443.0000
381.8380 381.8380 0.0000 119358.0000
395.9800 395.9800 0.0000 118635.0000
410.1220 410.1220 0.0000 117688.0000
424.2640 424.2640 0.0000 116782.0000
438.4060 438.4060 0.0000 116077.0000
452.5480 452.5480 0.0000 115114.0000
466.6900 466.6900 0.0000 114109.0000
480.8330 480.8330 0.0000 113239.0000
494.9750 494.9750 0.0000 112942.0000
509.1170 509.1170 0.0000 112445.0000
523.2590 523.2590 0.0000 111977.0000
537.4010 537.4010 0.0000 111519.0000
551.5430 551.5430 0.0000 110822.0210
565.6850 565.6850 0.0000 110227.5709
579.8280 579.8280 0.0000 109411.7019
593.9700 593.9700 0.0000 109105.2056
608.1120 608.1120 0.0000 108831.4314
622.2540 622.2540 0.0000 108590.3792
636.3960 636.3960 0.0000 108170.4466
650.5380 650.5380 0.0000 107983.9311
664.6800 664.6800 0.0000 107807.2322
678.8230 678.8230 0.0000 107482.1935
692.9650 692.9650 0.0000 107332.7629
707.1070 707.1070 0.0000 107189.8767
721.2490 721.2490 0.0000 106922.6469
735.3910 735.3910 0.0000 106797.2125
749.5330 749.5330 0.0000 106676.1410
763.6750 763.6750 0.0000 106445.9961
777.8170 777.8170 0.0000 106336.9227
791.9600 791.9600 0.0000 106130.7740
806.1020 806.1020 0.0000 106033.6987
820.2440 820.2440 0.0000 105939.8956
834.3860 834.3860 0.0000 105765.3781
848.5280 848.5280 0.0000 105683.5731
862.6700 862.6700 0.0000 105606.1310
876.8120 876.8120 0.0000 105462.1541
890.9550 890.9550 0.0000 105395.6193
905.0970 905.0970 0.0000 105332.3567
919.2390 919.2390 0.0000 105217.8297
933.3810 933.3810 0.0000 105165.4744
947.5230 947.5230 0.0000 105115.3007
961.6650 961.6650 0.0000 105069.4898
975.8070 975.8070 0.0000 104984.4126
989.9490 989.9490 0.0000 104945.1462
1004.0900 1004.0900 0.0000 104909.1519
1018.2300 1018.2300 0.0000 104841.5264
1032.3800 1032.3800 0.0000 104809.8951
1046.5200 1046.5200 0.0000 104779.3546
1060.6600 1060.6600 0.0000 104723.7272
1074.8000 1074.8000 0.0000 104696.4588
1088.9400 1088.9400 0.0000 104670.2812
1103.0900 1103.0900 0.0000 104621.1982
1117.2300 1117.2300 0.0000 104597.2020
1131.3700 1131.3700 0.0000 104551.3912
1145.5100 1145.5100 0.0000 104528.4858
1159.6600 1159.6600 0.0000 104506.6711
1173.8000 1173.8000 0.0000 104463.0417
1187.9400 1187.9400 0.0000 104441.2270
1202.0800 1202.0800 0.0000 104420.5031
1216.2200 1216.2200 0.0000 104380.1459
1230.3700 1230.3700 0.0000 104359.4220
1244.5100 1244.5100 0.0000 104339.7888
1258.6500 1258.6500 0.0000 104300.5224
1272.7900 1272.7900 0.0000 104280.8892
1286.9300 1286.9300 0.0000 104261.2559
1301.0800 1301.0800 0.0000 104242.7135
1315.2200 1315.2200 0.0000 104204.5378
1329.3600 1329.3600 0.0000 104185.9953
1343.5000 1343.5000 0.0000 104167.4528
1357.6500 1357.6500 0.0000 104130.3679
1371.7900 1371.7900 0.0000 104111.8254
1385.9300 1385.9300 0.0000 104094.3736
1400.0700 1400.0700 0.0000 104057.2887
1414.2100 1414.2100 0.0000 104039.8369
1428.3600 1428.3600 0.0000 104004.9334
1442.5000 1442.5000 0.0000 103987.4817
1456.6400 1456.6400 0.0000 103970.0300
1470.7800 1470.7800 0.0000 103936.2172
1484.9200 1484.9200 0.0000 103918.7655
1499.0700 1499.0700 0.0000 103886.0434
1513.2100 1513.2100 0.0000 103709.3445
1527.3500 1527.3500 0.0000 103738.7944
1541.4900 1541.4900 0.0000 103712.6167
1555.6300 1555.6300 0.0000 103686.4391
1569.7800 1569.7800 0.0000 103686.4391
1583.9200 1583.9200 0.0000 103662.4430
1598.0600 1598.0600 0.0000 103639.5376
1612.2000 1612.2000 0.0000 103639.5376
1626.3500 1626.3500 0.0000 103616.6321
1640.4900 1640.4900 0.0000 103595.9082
1654.6300 1654.6300 0.0000 103595.9082
1668.7700 1668.7700 0.0000 103576.2750
1682.9100 1682.9100 0.0000 103556.6418
1697.0600 1697.0600 0.0000 103556.6418
1711.2000 1711.2000 0.0000 103538.0993
1725.3400 1725.3400 0.0000 103520.6475
1739.4800 1739.4800 0.0000 103520.6475
1753.6200 1753.6200 0.0000 103503.1958
1767.7700 1767.7700 0.0000 103486.8348
1781.9100 1781.9100 0.0000 103486.8348
1796.0500 1796.0500 0.0000 103470.4738
1810.1900 1810.1900 0.0000 103455.2035
1824.3400 1824.3400 0.0000 103455.2035
1838.4800 1838.4800 0.0000 103439.9332
1852.6200 1852.6200 0.0000 103425.7537
1866.7600 1866.7600 0.0000 103425.7537
1880.9000 1880.9000 0.0000 103411.5741
1895.0500 1895.0500 0.0000 103397.3946
1909.1900 1909.1900 0.0000 103397.3946
1923.3300 1923.3300 0.0000 103384.3058
1937.4700 1937.4700 0.0000 103371.2170
1951.6100 1951.6100 0.0000 103371.2170
1965.7600 1965.7600 0.0000 103358.1282
1979.9000 1979.9000 0.0000 103345.0394
1994.0400 1994.0400 0.0000 103345.0394
2008.1800 2008.1800 0.0000 103333.0413
2022.3300 2022.3300 0.0000 103319.9525
2036.4700 2036.4700 0.0000 103319.9525
2050.6100 2050.6100 0.0000 103307.9544
2064.7500 2064.7500 0.0000 103295.9563
2078.8900 2078.8900 0.0000 103295.9563
2093.0400 2093.0400 0.0000 103285.0490
2107.1800 2107.1800 0.0000 103273.0509
2121.3200 2121.3200 0.0000 103262.1436
2135.4600 2135.4600 0.0000 103262.1436
2149.6000 2149.6000 0.0000 103251.2363
2163.7500 2163.7500 0.0000 103240.3289
2177.8900 2177.8900 0.0000 103240.3289
2192.0300 2192.0300 0.0000 103229.4216
2206.1700 2206.1700 0.0000 103219.6050
2220.3200 2220.3200 0.0000 103219.6050
2234.4600 2234.4600 0.0000 103208.6976
2248.6000 2248.6000 0.0000 103198.8810
2262.7400 2262.7400 0.0000 103198.8810
2276.8800 2276.8800 0.0000 103187.9737
2291.0300 2291.0300 0.0000 103178.1571
2305.1700 2305.1700 0.0000 103178.1571
2319.3100 2319.3100 0.0000 103168.3405
2333.4500 2333.4500 0.0000 103158.5239
2347.5900 2347.5900 0.0000 103158.5239
2361.7400 2361.7400 0.0000 103149.7980
2375.8800 2375.8800 0.0000 103139.9814
2390.0200 2390.0200 0.0000 103139.9814
2404.1600 2404.1600 0.0000 103131.2555
2418.3100 2418.3100 0.0000 103121.4389
2432.4500 2432.4500 0.0000 103121.4389
2446.5900 2446.5900 0.0000 103112.7130
2460.7300 2460.7300 0.0000 103103.9872
2474.8700 2474.8700 0.0000 103103.9872
2489.0200 2489.0200 0.0000 103095.2613
2503.1600 2503.1600 0.0000 103086.5354
2517.3000 2517.3000 0.0000 103086.5354
2531.4400 2531.4400 0.0000 103077.8095
2545.5800 2545.5800 0.0000 103069.0837
2559.7300 2559.7300 0.0000 103069.0837
2573.8700 2573.8700 0.0000 103061.4485
2588.0100 2588.0100 0.0000 103052.7227
2602.1500 2602.1500 0.0000 103052.7227
2616.3000 2616.3000 0.0000 103045.0875
2630.4400 2630.4400 0.0000 103036.3617
2644.5800 2644.5800 0.0000 103036.3617
2658.7200 2658.7200 0.0000 103028.7265
2672.8600 2672.8600 0.0000 103021.0914
2687.0100 2687.0100 0.0000 103021.0914
2701.1500 2701.1500 0.0000 103013.4562
2715.2900 2715.2900 0.0000 103005.8211
2729.4300 2729.4300 0.0000 103005.8211
2743.5700 2743.5700 0.0000 102998.1860
2757.7200 2757.7200 0.0000 102990.5508
2771.8600 2771.8600 0.0000 102990.5508
2786.0000 2786.0000 0.0000 102982.9157
2800.1400 2800.1400 0.0000 102976.3713
2814.2800 2814.2800 0.0000 102976.3713
2828.4300 2828.4300 0.0000 102968.7361
2842.5700 2842.5700 0.0000 102962.1917
2856.7100 2856.7100 0.0000 102962.1917
2870.8500 2870.8500 0.0000 102954.5566
2885.0000 2885.0000 0.0000 102948.0122
2899.1400 2899.1400 0.0000 102948.0122
2913.2800 2913.2800 0.0000 102941.4678
2927.4200 2927.4200 0.0000 102933.8327
2941.5600 2941.5600 0.0000 102933.8327
2955.7100 2955.7100 0.0000 102927.2883
2969.8500 2969.8500 0.0000 102920.7438
2983.9900 2983.9900 0.0000 102920.7438
2998.1300 2998.1300 0.0000 102913.1087
3012.2700 3012.2700 0.0000 102904.3828
3026.4200 3026.4200 0.0000 102904.3828
3040.5600 3040.5600 0.0000 102893.4755
3054.7000 3054.7000 0.0000 102882.5682
3068.8400 3068.8400 0.0000 102882.5682
3082.9900 3082.9900 0.0000 102869.4793
3097.1300 3097.1300 0.0000 102852.0276
3111.2700 3111.2700 0.0000 102852.0276
