0.0 0.0 0.0 202184.2812
14.1421 14.1421 0.0 200388.2734
28.2843 28.2843 0.0 198622.6797
42.4264 42.4264 0.0 196874.6406
56.5685 56.5685 0.0 195103.5781
70.7107 70.7107 0.0 193324.2969
84.8528 84.8528 0.0 191577.3203
98.9949 98.9949 0.0 189862.0391
113.137 113.137 0.0 188171.5938
127.279 127.279 0.0 186490.8828
141.421 141.421 0.0 184769.3516
155.563 155.563 0.0 183036.9141
169.706 169.706 0.0 181243.5391
183.848 183.848 0.0 179482.4453
197.99 197.99 0.0 177622.4688
212.132 212.132 0.0 175747.7344
226.274 226.274 0.0 173905.3594
240.416 240.416 0.0 171992.9141
254.558 254.558 0.0 170071.7500
268.701 268.701 0.0 168200.9375
282.843 282.843 0.0 166407.1719
296.985 296.985 0.0 164900.8359
311.127 311.127 0.0 163418.8359
325.269 325.269 0.0 161970.4062
339.411 339.411 0.0 160554.7500
353.553 353.553 0.0 159159.6133
367.696 367.696 0.0 157755.3359
381.838 381.838 0.0 156364.5781
395.98 395.98 0.0 154992.2305
410.122 410.122 0.0 153621.1094
424.264 424.264 0.0 152458.5234
438.406 438.406 0.0 151359.7734
452.548 452.548 0.0 150241.9336
466.69 466.69 0.0 149140.3164
480.833 480.833 0.0 148024.6289
494.975 494.975 0.0 146906.0000
509.117 509.117 0.0 145750.9062
523.259 523.259 0.0 144603.6250
537.401 537.401 0.0 143485.3984
551.543 551.543 0.0 142395.4414
565.685 565.685 0.0 141418.0117
579.828 579.828 0.0 140620.3672
593.97 593.97 0.0 139840.2422
608.112 608.112 0.0 139075.3242
622.254 622.254 0.0 138323.8750
636.396 636.396 0.0 137571.9453
650.538 650.538 0.0 136834.9883
664.68 664.68 0.0 136101.7266
678.823 678.823 0.0 135378.7070
692.965 692.965 0.0 134670.5664
707.107 707.107 0.0 133999.6699
721.249 721.249 0.0 133339.4473
735.391 735.391 0.0 132660.3086
749.533 749.533 0.0 131970.3301
763.675 763.675 0.0 131252.3965
777.817 777.817 0.0 130547.6602
791.96 791.96 0.0 129856.3047
806.102 806.102 0.0 129181.1387
820.244 820.244 0.0 128511.1738
834.386 834.386 0.0 127840.9102
848.528 848.528 0.0 127149.8906
862.67 862.67 0.0 126571.7461
876.812 876.812 0.0 126003.4141
890.955 890.955 0.0 125447.7188
905.097 905.097 0.0 124904.4219
919.239 919.239 0.0 124373.2148
933.381 933.381 0.0 123836.5098
947.523 947.523 0.0 123308.1543
961.665 961.665 0.0 122792.0684
975.807 975.807 0.0 122287.9805
989.949 989.949 0.0 121795.6133
1004.09 1004.09 0.0 121314.7148
1018.23 1018.23 0.0 120845.0312
1032.38 1032.38 0.0 120385.9805
1046.52 1046.52 0.0 119937.9336
1060.66 1060.66 0.0 119500.2988
1074.8 1074.8 0.0 119072.8730
1088.94 1088.94 0.0 118655.4277
1103.09 1103.09 0.0 118247.4160
1117.23 1117.23 0.0 117846.0020
1131.37 1131.37 0.0 117429.8711
1145.51 1145.51 0.0 117022.6709
1159.66 1159.66 0.0 116623.7197
1173.8 1173.8 0.0 116234.7881
1187.94 1187.94 0.0 115904.1094
1202.08 1202.08 0.0 115590.7139
1216.22 1216.22 0.0 115289.9443
1230.37 1230.37 0.0 115004.8242
1244.51 1244.51 0.0 114720.9180
1258.65 1258.65 0.0 114439.5029
1272.79 1272.79 0.0 114158.4209
1286.93 1286.93 0.0 113882.5713
1301.08 1301.08 0.0 113601.3613
1315.22 1315.22 0.0 113326.2988
1329.36 1329.36 0.0 113056.3008
1343.5 1343.5 0.0 112792.3203
1357.65 1357.65 0.0 112534.5117
1371.79 1371.79 0.0 112282.6758
1385.93 1385.93 0.0 112036.4736
1400.07 1400.07 0.0 111795.7637
1414.21 1414.21 0.0 111560.4307
1428.36 1428.36 0.0 111270.6396
1442.5 1442.5 0.0 110974.9297
1456.64 1456.64 0.0 110686.7900
1470.78 1470.78 0.0 110407.0801
1484.92 1484.92 0.0 110159.3057
1499.07 1499.07 0.0 109918.6250
1513.21 1513.21 0.0 109684.9746
1527.35 1527.35 0.0 109512.3750
1541.49 1541.49 0.0 109350.8613
1555.63 1555.63 0.0 109192.2861
1569.78 1569.78 0.0 109036.2231
1583.92 1583.92 0.0 108892.8984
1598.06 1598.06 0.0 108755.9194
1612.2 1612.2 0.0 108623.9834
1626.35 1626.35 0.0 108494.2896
1640.49 1640.49 0.0 108366.9790
1654.63 1654.63 0.0 108252.2266
1668.77 1668.77 0.0 108154.4873
1682.91 1682.91 0.0 108058.1226
1697.06 1697.06 0.0 107963.0464
1711.2 1711.2 0.0 107869.3770
1725.34 1725.34 0.0 107779.1602
1739.48 1739.48 0.0 107690.7515
1753.62 1753.62 0.0 107606.7856
1767.77 1767.77 0.0 107551.3306
1781.91 1781.91 0.0 107497.1733
1796.05 1796.05 0.0 107443.2231
1810.19 1810.19 0.0 107383.4443
1824.34 1824.34 0.0 107324.1992
1838.48 1838.48 0.0 107265.5771
1852.62 1852.62 0.0 107207.5259
1866.76 1866.76 0.0 107150.0410
1880.9 1880.9 0.0 107093.1123
1895.05 1895.05 0.0 107036.7012
1909.19 1909.19 0.0 106980.9263
1923.33 1923.33 0.0 106930.2339
1937.47 1937.47 0.0 106889.6660
1951.61 1951.61 0.0 106849.3960
1965.76 1965.76 0.0 106809.3872
1979.9 1979.9 0.0 106769.6914
1994.04 1994.04 0.0 106730.2871
2008.18 2008.18 0.0 106691.1626
2022.33 2022.33 0.0 106652.2925
2036.47 2036.47 0.0 106613.7354
2050.61 2050.61 0.0 106575.4521
2064.75 2064.75 0.0 106537.4497
2078.89 2078.89 0.0 106499.7222
2093.04 2093.04 0.0 106462.2422
2107.18 2107.18 0.0 106425.0527
2121.32 2121.32 0.0 106388.7700
2135.46 2135.46 0.0 106353.9541
2149.6 2149.6 0.0 106327.6543
2163.75 2163.75 0.0 106306.5073
2177.89 2177.89 0.0 106285.4639
2192.03 2192.03 0.0 106264.5088
2206.17 2206.17 0.0 106243.6416
2220.32 2220.32 0.0 106222.8486
2234.46 2234.46 0.0 106202.1582
2248.6 2248.6 0.0 106181.5537
2262.74 2262.74 0.0 106147.8340
2276.88 2276.88 0.0 106105.6934
2291.03 2291.03 0.0 106063.8823
2305.17 2305.17 0.0 106022.4731
2319.31 2319.31 0.0 105981.2109
2333.45 2333.45 0.0 105939.8252
2347.59 2347.59 0.0 105898.7539
2361.74 2361.74 0.0 105858.0278
2375.88 2375.88 0.0 105816.8838
2390.02 2390.02 0.0 105776.1226
2404.16 2404.16 0.0 105735.7344
2418.31 2418.31 0.0 105695.6772
2432.45 2432.45 0.0 105654.2539
2446.59 2446.59 0.0 105612.1274
2460.73 2460.73 0.0 105570.3584
2474.87 2474.87 0.0 105543.0752
2489.02 2489.02 0.0 105517.0811
2503.16 2503.16 0.0 105491.2749
2517.3 2517.3 0.0 105465.6191
2531.44 2531.44 0.0 105442.0835
2545.58 2545.58 0.0 105418.9641
2559.73 2559.73 0.0 105395.9548
2573.87 2573.87 0.0 105373.0881
2588.01 2588.01 0.0 105350.3494
2602.15 2602.15 0.0 105327.7407
2616.3 2616.3 0.0 105305.2427
2630.44 2630.44 0.0 105282.6794
2644.58 2644.58 0.0 105259.0825
2658.72 2658.72 0.0 105234.5618
2672.86 2672.86 0.0 105209.4648
2687.01 2687.01 0.0 105182.4778
2701.15 2701.15 0.0 105154.8977
2715.29 2715.29 0.0 105126.4106
2729.43 2729.43 0.0 105099.3652
2743.57 2743.57 0.0 105072.3159
2757.72 2757.72 0.0 105045.2844
2771.86 2771.86 0.0 105018.0278
2786.0 2786.0 0.0 104990.7783
2800.14 2800.14 0.0 104962.6941
2814.28 2814.28 0.0 104934.3918
2828.43 2828.43 0.0 104908.5581
2842.57 2842.57 0.0 104882.9282
2856.71 2856.71 0.0 104857.4790
2870.85 2870.85 0.0 104832.2102
2885.0 2885.0 0.0 104806.6211
2899.14 2899.14 0.0 104780.5342
2913.28 2913.28 0.0 104754.6421
2927.42 2927.42 0.0 104728.9441
2941.56 2941.56 0.0 104703.3162
2955.71 2955.71 0.0 104675.8574
2969.85 2969.85 0.0 104647.5281
2983.99 2983.99 0.0 104619.1621
2998.13 2998.13 0.0 104590.2871
3012.27 3012.27 0.0 104560.5352
3026.42 3026.42 0.0 104531.0330
3040.56 3040.56 0.0 104502.2031
3054.7 3054.7 0.0 104473.9065
3068.84 3068.84 0.0 104445.8582
3082.99 3082.99 0.0 104418.0403
3097.13 3097.13 0.0 104390.4934
3111.27 3111.27 0.0 104363.5386
3125.41 3125.41 0.0 104337.8474
3139.55 3139.55 0.0 104314.8748
3153.7 3153.7 0.0 104292.0571
3167.84 3167.84 0.0 104269.4316
3181.98 3181.98 0.0 104248.1155
3196.12 3196.12 0.0 104228.6558
3210.26 3210.26 0.0 104209.3271
3224.41 3224.41 0.0 104190.1147
3238.55 3238.55 0.0 104171.0410
3252.69 3252.69 0.0 104155.8264
3266.83 3266.83 0.0 104141.7754
3280.98 3280.98 0.0 104127.7847
3295.12 3295.12 0.0 104113.8743
3309.26 3309.26 0.0 104100.0310
3323.4 3323.4 0.0 104086.2581
3337.54 3337.54 0.0 104076.3633
3351.69 3351.69 0.0 104067.7466
3365.83 3365.83 0.0 104059.1638
3379.97 3379.97 0.0 104050.6074
3394.11 3394.11 0.0 104042.7043
3408.25 3408.25 0.0 104033.7559
3422.4 3422.4 0.0 104024.1655
3436.54 3436.54 0.0 104012.5637
3450.68 3450.68 0.0 103999.9246
3464.82 3464.82 0.0 103987.3462
3478.97 3478.97 0.0 103974.8203
3493.11 3493.11 0.0 103962.3574
3507.25 3507.25 0.0 103949.9529
3521.39 3521.39 0.0 103937.6067
3535.53 3535.53 0.0 103925.3259
3549.68 3549.68 0.0 103913.0854
3563.82 3563.82 0.0 103900.9160
3577.96 3577.96 0.0 103888.7988
3592.1 3592.1 0.0 103876.7424
3606.24 3606.24 0.0 103864.7422
3620.39 3620.39 0.0 103852.7881
3634.53 3634.53 0.0 103840.8994
3648.67 3648.67 0.0 103829.0703
3662.81 3662.81 0.0 103819.2842
3676.96 3676.96 0.0 103811.0518
3691.1 3691.1 0.0 103803.1091
3705.24 3705.24 0.0 103793.5012
3719.38 3719.38 0.0 103783.4370
3733.52 3733.52 0.0 103773.4131
3747.67 3747.67 0.0 103763.4204
3761.81 3761.81 0.0 103753.4744
3775.95 3775.95 0.0 103743.5688
3790.09 3790.09 0.0 103733.7058
3804.23 3804.23 0.0 103723.8809
3818.38 3818.38 0.0 103714.0881
3832.52 3832.52 0.0 103704.3464
3846.66 3846.66 0.0 103694.6384
3860.8 3860.8 0.0 103682.6875
3874.95 3874.95 0.0 103670.7881
3889.09 3889.09 0.0 103658.9529
3903.23 3903.23 0.0 103647.1794
3917.37 3917.37 0.0 103635.8989
3931.51 3931.51 0.0 103626.5337
3945.66 3945.66 0.0 103617.2085
3959.8 3959.8 0.0 103607.9224
3973.94 3973.94 0.0 103598.6738
3988.08 3988.08 0.0 103589.4648
4002.22 4002.22 0.0 103580.2927
4016.37 4016.37 0.0 103571.1484
4030.51 4030.51 0.0 103562.0498
4044.65 4044.65 0.0 103552.9890
4058.79 4058.79 0.0 103543.9602
4072.94 4072.94 0.0 103534.9695
4087.08 4087.08 0.0 103526.0151
4101.22 4101.22 0.0 103517.0991
4115.36 4115.36 0.0 103508.2209
4129.5 4129.5 0.0 103499.3767
4143.65 4143.65 0.0 103490.5645
4157.79 4157.79 0.0 103480.7358
4171.93 4171.93 0.0 103470.3408
4186.07 4186.07 0.0 103459.9937
4200.21 4200.21 0.0 103449.6965
4214.36 4214.36 0.0 103439.4429
4228.5 4228.5 0.0 103429.2446
4242.64 4242.64 0.0 103419.2571
