0.0 0.0 0.0 377162.5625
14.1421 14.1421 0.0 376101.0625
28.2843 28.2843 0.0 375042.9688
42.4264 42.4264 0.0 373988.7500
56.5685 56.5685 0.0 372937.7188
70.7107 70.7107 0.0 371890.4062
84.8528 84.8528 0.0 370846.4688
98.9949 98.9949 0.0 369806.1875
113.137 113.137 0.0 368768.0000
127.279 127.279 0.0 367730.2812
141.421 141.421 0.0 366696.0625
155.563 155.563 0.0 365665.4375
169.706 169.706 0.0 364638.0625
183.848 183.848 0.0 363614.4375
197.99 197.99 0.0 362639.9844
212.132 212.132 0.0 361717.3750
226.274 226.274 0.0 360797.7031
240.416 240.416 0.0 359880.7969
254.558 254.558 0.0 358966.7031
268.701 268.701 0.0 358055.4062
282.843 282.843 0.0 357147.0000
296.985 296.985 0.0 356241.3750
311.127 311.127 0.0 355338.6250
325.269 325.269 0.0 354438.7188
339.411 339.411 0.0 353541.5781
353.553 353.553 0.0 352647.2344
367.696 367.696 0.0 351755.6406
381.838 381.838 0.0 350866.9062
395.98 395.98 0.0 349980.7969
410.122 410.122 0.0 349083.9062
424.264 424.264 0.0 348170.7344
438.406 438.406 0.0 347260.5781
452.548 452.548 0.0 346353.4062
466.69 466.69 0.0 345449.1094
480.833 480.833 0.0 344547.7812
494.975 494.975 0.0 343649.4375
509.117 509.117 0.0 342753.9688
523.259 523.259 0.0 341855.2812
537.401 537.401 0.0 340951.7969
551.543 551.543 0.0 340002.5000
565.685 565.685 0.0 339047.8125
579.828 579.828 0.0 338092.1406
593.97 593.97 0.0 337136.0156
608.112 608.112 0.0 336151.6250
622.254 622.254 0.0 335167.0625
636.396 636.396 0.0 334183.3750
650.538 650.538 0.0 333203.3906
664.68 664.68 0.0 332226.9531
678.823 678.823 0.0 331254.1875
692.965 692.965 0.0 330280.7969
707.107 707.107 0.0 329305.5156
721.249 721.249 0.0 328256.0781
735.391 735.391 0.0 327174.5312
749.533 749.533 0.0 326097.6094
763.675 763.675 0.0 325014.0625
777.817 777.817 0.0 323934.7344
791.96 791.96 0.0 322860.0000
806.102 806.102 0.0 321790.0000
820.244 820.244 0.0 320724.5312
834.386 834.386 0.0 319663.8125
848.528 848.528 0.0 318607.5781
862.67 862.67 0.0 317553.7969
876.812 876.812 0.0 316497.2031
890.955 890.955 0.0 315449.1094
905.097 905.097 0.0 314377.1094
919.239 919.239 0.0 313274.0156
933.381 933.381 0.0 312175.1094
947.523 947.523 0.0 311055.5469
961.665 961.665 0.0 309926.2500
975.807 975.807 0.0 308797.2812
989.949 989.949 0.0 307665.8281
1004.09 1004.09 0.0 306526.4219
1018.23 1018.23 0.0 305386.4688
1032.38 1032.38 0.0 304237.6875
1046.52 1046.52 0.0 303074.7969
1060.66 1060.66 0.0 301915.9531
1074.8 1074.8 0.0 300762.9688
1088.94 1088.94 0.0 299616.0312
1103.09 1103.09 0.0 298469.5156
1117.23 1117.23 0.0 297314.3906
1131.37 1131.37 0.0 296124.0625
1145.51 1145.51 0.0 294901.2500
1159.66 1159.66 0.0 293663.5938
1173.8 1173.8 0.0 292312.2500
1187.94 1187.94 0.0 290969.5781
1202.08 1202.08 0.0 289635.4219
1216.22 1216.22 0.0 288364.7656
1230.37 1230.37 0.0 287269.6250
1244.51 1244.51 0.0 286180.7656
1258.65 1258.65 0.0 285092.9375
1272.79 1272.79 0.0 284010.8281
1286.93 1286.93 0.0 282933.2969
1301.08 1301.08 0.0 281845.5625
1315.22 1315.22 0.0 280760.6719
1329.36 1329.36 0.0 279681.8281
1343.5 1343.5 0.0 278608.8594
1357.65 1357.65 0.0 277527.1406
1371.79 1371.79 0.0 276445.4844
1385.93 1385.93 0.0 275349.2031
1400.07 1400.07 0.0 274250.4219
1414.21 1414.21 0.0 273158.0156
1428.36 1428.36 0.0 272071.0938
1442.5 1442.5 0.0 270991.2031
1456.64 1456.64 0.0 269917.6719
1470.78 1470.78 0.0 268850.0625
1484.92 1484.92 0.0 267788.4688
1499.07 1499.07 0.0 266732.4844
1513.21 1513.21 0.0 265684.5312
1527.35 1527.35 0.0 264642.7656
1541.49 1541.49 0.0 263603.3438
1555.63 1555.63 0.0 262559.6094
1569.78 1569.78 0.0 261521.5000
1583.92 1583.92 0.0 260490.0781
1598.06 1598.06 0.0 259464.9062
1612.2 1612.2 0.0 258445.8281
1626.35 1626.35 0.0 257432.1406
1640.49 1640.49 0.0 256422.1875
1654.63 1654.63 0.0 255410.4531
1668.77 1668.77 0.0 254374.1562
1682.91 1682.91 0.0 253355.3750
1697.06 1697.06 0.0 252342.0938
1711.2 1711.2 0.0 251335.8281
1725.34 1725.34 0.0 250335.7969
1739.48 1739.48 0.0 249341.9219
1753.62 1753.62 0.0 248354.1094
1767.77 1767.77 0.0 247371.9219
1781.91 1781.91 0.0 246396.4531
1796.05 1796.05 0.0 245427.0000
1810.19 1810.19 0.0 244463.5625
1824.34 1824.34 0.0 243505.4531
1838.48 1838.48 0.0 242554.0000
1852.62 1852.62 0.0 241608.4688
1866.76 1866.76 0.0 240668.8281
1880.9 1880.9 0.0 239735.0312
1895.05 1895.05 0.0 238806.4688
1909.19 1909.19 0.0 237886.8281
1923.33 1923.33 0.0 236975.8750
1937.47 1937.47 0.0 236084.9062
1951.61 1951.61 0.0 235213.7656
1965.76 1965.76 0.0 234528.0156
1979.9 1979.9 0.0 233870.0312
1994.04 1994.04 0.0 233215.2188
2008.18 2008.18 0.0 232563.4375
2022.33 2022.33 0.0 231877.1094
2036.47 2036.47 0.0 231193.9375
2050.61 2050.61 0.0 230515.9688
2064.75 2064.75 0.0 229841.3047
2078.89 2078.89 0.0 229169.8984
2093.04 2093.04 0.0 228501.4062
2107.18 2107.18 0.0 227836.5312
2121.32 2121.32 0.0 227175.0078
2135.46 2135.46 0.0 226516.6719
2149.6 2149.6 0.0 225861.6172
2163.75 2163.75 0.0 225209.3281
2177.89 2177.89 0.0 224560.6484
2192.03 2192.03 0.0 223914.8125
2206.17 2206.17 0.0 223271.9062
2220.32 2220.32 0.0 222651.4062
2234.46 2234.46 0.0 222043.3828
2248.6 2248.6 0.0 221438.2656
2262.74 2262.74 0.0 220835.9766
2276.88 2276.88 0.0 220236.5000
2291.03 2291.03 0.0 219639.4922
2305.17 2305.17 0.0 219045.6719
2319.31 2319.31 0.0 218454.6562
2333.45 2333.45 0.0 217866.5000
2347.59 2347.59 0.0 217281.1016
2361.74 2361.74 0.0 216698.0312
2375.88 2375.88 0.0 216118.0625
2390.02 2390.02 0.0 215540.8203
2404.16 2404.16 0.0 215022.6016
2418.31 2418.31 0.0 214542.0000
2432.45 2432.45 0.0 214063.6406
2446.59 2446.59 0.0 213586.9219
2460.73 2460.73 0.0 213111.8828
2474.87 2474.87 0.0 212638.6641
2489.02 2489.02 0.0 212167.0859
2503.16 2503.16 0.0 211697.6719
2517.3 2517.3 0.0 211230.1875
2531.44 2531.44 0.0 210764.5625
2545.58 2545.58 0.0 210300.7422
2559.73 2559.73 0.0 209838.5000
2573.87 2573.87 0.0 209377.6641
2588.01 2588.01 0.0 208916.5469
2602.15 2602.15 0.0 208457.3125
2616.3 2616.3 0.0 208003.0859
2630.44 2630.44 0.0 207556.3203
2644.58 2644.58 0.0 207111.3203
2658.72 2658.72 0.0 206641.0312
2672.86 2672.86 0.0 206168.6797
2687.01 2687.01 0.0 205702.5312
2701.15 2701.15 0.0 205238.7734
2715.29 2715.29 0.0 204776.9688
2729.43 2729.43 0.0 204317.1328
2743.57 2743.57 0.0 203859.1641
2757.72 2757.72 0.0 203402.8984
2771.86 2771.86 0.0 202948.7422
2786.0 2786.0 0.0 202495.8203
2800.14 2800.14 0.0 202044.7578
2814.28 2814.28 0.0 201595.6016
2828.43 2828.43 0.0 201148.0234
2842.57 2842.57 0.0 200702.5078
2856.71 2856.71 0.0 200258.9219
2870.85 2870.85 0.0 199816.7266
2885.0 2885.0 0.0 199369.1016
2899.14 2899.14 0.0 198923.6016
2913.28 2913.28 0.0 198479.2656
2927.42 2927.42 0.0 198024.3984
2941.56 2941.56 0.0 197571.5781
2955.71 2955.71 0.0 197120.4297
2969.85 2969.85 0.0 196671.6562
2983.99 2983.99 0.0 196217.2578
2998.13 2998.13 0.0 195759.7422
3012.27 3012.27 0.0 195278.4609
3026.42 3026.42 0.0 194782.3828
3040.56 3040.56 0.0 194289.1562
3054.7 3054.7 0.0 193798.4688
3068.84 3068.84 0.0 193310.2188
3082.99 3082.99 0.0 192810.1875
3097.13 3097.13 0.0 192265.6797
3111.27 3111.27 0.0 191721.9766
3125.41 3125.41 0.0 191180.1484
3139.55 3139.55 0.0 190641.1250
3153.7 3153.7 0.0 190104.2812
3167.84 3167.84 0.0 189573.9219
3181.98 3181.98 0.0 189054.1484
3196.12 3196.12 0.0 188527.0078
3210.26 3210.26 0.0 188003.5547
3224.41 3224.41 0.0 187485.3359
3238.55 3238.55 0.0 186960.5469
3252.69 3252.69 0.0 186385.5312
3266.83 3266.83 0.0 185711.8047
3280.98 3280.98 0.0 185018.5547
3295.12 3295.12 0.0 184264.9062
3309.26 3309.26 0.0 183504.3516
3323.4 3323.4 0.0 182698.0703
3337.54 3337.54 0.0 181859.0547
3351.69 3351.69 0.0 180993.5703
3365.83 3365.83 0.0 180108.6016
3379.97 3379.97 0.0 179227.3359
3394.11 3394.11 0.0 178346.2891
3408.25 3408.25 0.0 177437.7188
3422.4 3422.4 0.0 176528.2188
3436.54 3436.54 0.0 175625.3516
3450.68 3450.68 0.0 174732.9297
3464.82 3464.82 0.0 173838.2812
3478.97 3478.97 0.0 172951.7656
3493.11 3493.11 0.0 172076.3828
3507.25 3507.25 0.0 171211.3281
3521.39 3521.39 0.0 170356.4922
3535.53 3535.53 0.0 169511.2578
3549.68 3549.68 0.0 168674.6094
3563.82 3563.82 0.0 167848.4766
3577.96 3577.96 0.0 167032.0938
3592.1 3592.1 0.0 166225.4961
3606.24 3606.24 0.0 165428.4336
3620.39 3620.39 0.0 164640.3242
3634.53 3634.53 0.0 163862.1406
3648.67 3648.67 0.0 163093.1992
3662.81 3662.81 0.0 162333.4883
3676.96 3676.96 0.0 161582.2500
3691.1 3691.1 0.0 160840.5156
3705.24 3705.24 0.0 160107.6758
3719.38 3719.38 0.0 159383.5703
3733.52 3733.52 0.0 158668.1719
3747.67 3747.67 0.0 157960.8320
3761.81 3761.81 0.0 157262.4297
3775.95 3775.95 0.0 156572.4375
3790.09 3790.09 0.0 155890.7148
3804.23 3804.23 0.0 155217.1953
3818.38 3818.38 0.0 154551.3320
3832.52 3832.52 0.0 153893.8789
3846.66 3846.66 0.0 153244.3711
3860.8 3860.8 0.0 152602.6602
3874.95 3874.95 0.0 151968.2695
3889.09 3889.09 0.0 151341.9258
3903.23 3903.23 0.0 150723.1836
3917.37 3917.37 0.0 150111.8828
3931.51 3931.51 0.0 149508.0039
3945.66 3945.66 0.0 148910.9844
3959.8 3959.8 0.0 148321.5742
3973.94 3973.94 0.0 147739.3242
3988.08 3988.08 0.0 147164.1172
4002.22 4002.22 0.0 146600.9180
4016.37 4016.37 0.0 146056.6719
4030.51 4030.51 0.0 145519.1406
4044.65 4044.65 0.0 144985.6562
4058.79 4058.79 0.0 144486.4141
4072.94 4072.94 0.0 144070.7344
4087.08 4087.08 0.0 143706.9375
4101.22 4101.22 0.0 143399.6367
4115.36 4115.36 0.0 143130.1836
4129.5 4129.5 0.0 142862.4062
4143.65 4143.65 0.0 142596.1641
4157.79 4157.79 0.0 142331.7656
4171.93 4171.93 0.0 142069.0352
4186.07 4186.07 0.0 141807.9141
4200.21 4200.21 0.0 141548.4570
4214.36 4214.36 0.0 141290.4375
4228.5 4228.5 0.0 141034.2500
4242.64 4242.64 0.0 140779.6758
