0.0 0.0 0.0 1664953.5000
14.1421 14.1421 0.0 1655534.8750
28.2843 28.2843 0.0 1646137.7500
42.4264 42.4264 0.0 1636763.5000
56.5685 56.5685 0.0 1627404.7500
70.7107 70.7107 0.0 1618044.6250
84.8528 84.8528 0.0 1608519.6250
98.9949 98.9949 0.0 1598762.0000
113.137 113.137 0.0 1588961.7500
127.279 127.279 0.0 1579190.8750
141.421 141.421 0.0 1569463.6250
155.563 155.563 0.0 1559706.6250
169.706 169.706 0.0 1549876.5000
183.848 183.848 0.0 1540057.3750
197.99 197.99 0.0 1530220.3750
212.132 212.132 0.0 1520116.8750
226.274 226.274 0.0 1509425.7500
240.416 240.416 0.0 1498742.3750
254.558 254.558 0.0 1488060.0000
268.701 268.701 0.0 1477415.2500
282.843 282.843 0.0 1466801.8750
296.985 296.985 0.0 1455922.3750
311.127 311.127 0.0 1445080.7500
325.269 325.269 0.0 1433380.0000
339.411 339.411 0.0 1421486.2500
353.553 353.553 0.0 1409572.6250
367.696 367.696 0.0 1397603.8750
381.838 381.838 0.0 1385118.2500
395.98 395.98 0.0 1372499.2500
410.122 410.122 0.0 1359465.7500
424.264 424.264 0.0 1346347.0000
438.406 438.406 0.0 1333043.1250
452.548 452.548 0.0 1318753.2500
466.69 466.69 0.0 1303868.8750
480.833 480.833 0.0 1289078.0000
494.975 494.975 0.0 1273539.7500
509.117 509.117 0.0 1256662.0000
523.259 523.259 0.0 1239502.8750
537.401 537.401 0.0 1222413.5000
551.543 551.543 0.0 1205380.3750
565.685 565.685 0.0 1188293.1250
579.828 579.828 0.0 1170982.3750
593.97 593.97 0.0 1153742.7500
608.112 608.112 0.0 1136533.5625
622.254 622.254 0.0 1119180.3125
636.396 636.396 0.0 1101788.3750
650.538 650.538 0.0 1084329.9375
664.68 664.68 0.0 1066976.1875
678.823 678.823 0.0 1049671.0625
692.965 692.965 0.0 1032494.9375
707.107 707.107 0.0 1015554.5000
721.249 721.249 0.0 999035.3750
735.391 735.391 0.0 983281.5000
749.533 749.533 0.0 970651.8125
763.675 763.675 0.0 964828.1875
777.817 777.817 0.0 958525.0000
791.96 791.96 0.0 952244.9375
806.102 806.102 0.0 945829.6875
820.244 820.244 0.0 939445.3750
834.386 834.386 0.0 933092.0000
848.528 848.528 0.0 926769.5000
862.67 862.67 0.0 920478.1250
876.812 876.812 0.0 912688.7500
890.955 890.955 0.0 904609.8125
905.097 905.097 0.0 895452.8750
919.239 919.239 0.0 885626.6250
933.381 933.381 0.0 875098.1250
947.523 947.523 0.0 863229.2500
961.665 961.665 0.0 851257.6875
975.807 975.807 0.0 839463.3125
989.949 989.949 0.0 826861.0000
1004.09 1004.09 0.0 813811.4375
1018.23 1018.23 0.0 800939.4375
1032.38 1032.38 0.0 788847.6875
1046.52 1046.52 0.0 776403.7500
1060.66 1060.66 0.0 763963.1250
1074.8 1074.8 0.0 751684.4375
1088.94 1088.94 0.0 739569.5000
1103.09 1103.09 0.0 727779.6875
1117.23 1117.23 0.0 716155.3750
1131.37 1131.37 0.0 704688.0625
1145.51 1145.51 0.0 693475.7500
1159.66 1159.66 0.0 682772.9375
1173.8 1173.8 0.0 672320.1875
1187.94 1187.94 0.0 662053.8750
1202.08 1202.08 0.0 652029.5000
1216.22 1216.22 0.0 642140.0625
1230.37 1230.37 0.0 632377.9375
1244.51 1244.51 0.0 622745.7812
1258.65 1258.65 0.0 613210.5938
1272.79 1272.79 0.0 603809.4375
1286.93 1286.93 0.0 594858.6562
1301.08 1301.08 0.0 586039.4688
1315.22 1315.22 0.0 577268.7812
1329.36 1329.36 0.0 568594.9062
1343.5 1343.5 0.0 560022.5625
1357.65 1357.65 0.0 551510.7188
1371.79 1371.79 0.0 543129.4062
1385.93 1385.93 0.0 534955.0312
1400.07 1400.07 0.0 526963.1562
1414.21 1414.21 0.0 519290.2188
1428.36 1428.36 0.0 511723.7812
1442.5 1442.5 0.0 504271.0000
1456.64 1456.64 0.0 496956.8438
1470.78 1470.78 0.0 489298.8438
1484.92 1484.92 0.0 481434.0938
1499.07 1499.07 0.0 473448.5312
1513.21 1513.21 0.0 465203.9688
1527.35 1527.35 0.0 457131.8438
1541.49 1541.49 0.0 449209.3750
1555.63 1555.63 0.0 441358.4688
1569.78 1569.78 0.0 435427.8750
1583.92 1583.92 0.0 430938.4688
1598.06 1598.06 0.0 426397.6562
1612.2 1612.2 0.0 421923.5000
1626.35 1626.35 0.0 417525.5938
1640.49 1640.49 0.0 413182.9688
1654.63 1654.63 0.0 408836.1562
1668.77 1668.77 0.0 404468.8125
1682.91 1682.91 0.0 400154.4062
1697.06 1697.06 0.0 395889.7812
1711.2 1711.2 0.0 391638.9688
1725.34 1725.34 0.0 387410.0312
1739.48 1739.48 0.0 383264.2188
1753.62 1753.62 0.0 379200.3125
1767.77 1767.77 0.0 375184.4688
1781.91 1781.91 0.0 371222.0625
1796.05 1796.05 0.0 367309.6250
1810.19 1810.19 0.0 363476.4062
1824.34 1824.34 0.0 359926.4531
1838.48 1838.48 0.0 356753.8750
1852.62 1852.62 0.0 353600.5312
1866.76 1866.76 0.0 350479.7969
1880.9 1880.9 0.0 347398.4219
1895.05 1895.05 0.0 344332.6250
1909.19 1909.19 0.0 341476.9844
1923.33 1923.33 0.0 338807.6250
1937.47 1937.47 0.0 336188.4844
1951.61 1951.61 0.0 333608.1562
1965.76 1965.76 0.0 331051.1562
1979.9 1979.9 0.0 328521.0156
1994.04 1994.04 0.0 326015.7812
2008.18 2008.18 0.0 323535.1719
2022.33 2022.33 0.0 321077.3438
2036.47 2036.47 0.0 318645.5781
2050.61 2050.61 0.0 316237.8438
2064.75 2064.75 0.0 313854.0938
2078.89 2078.89 0.0 311494.1250
2093.04 2093.04 0.0 309156.1094
2107.18 2107.18 0.0 306841.8594
2121.32 2121.32 0.0 304550.4375
2135.46 2135.46 0.0 302281.9531
2149.6 2149.6 0.0 300030.3281
2163.75 2163.75 0.0 297774.1250
2177.89 2177.89 0.0 295521.8594
2192.03 2192.03 0.0 293292.9531
2206.17 2206.17 0.0 291087.3281
2220.32 2220.32 0.0 288900.8281
2234.46 2234.46 0.0 286731.4531
2248.6 2248.6 0.0 284584.8125
2262.74 2262.74 0.0 282460.7969
2276.88 2276.88 0.0 280359.4062
2291.03 2291.03 0.0 278278.7656
2305.17 2305.17 0.0 276221.7188
2319.31 2319.31 0.0 274186.5781
2333.45 2333.45 0.0 272146.9531
2347.59 2347.59 0.0 270068.6406
2361.74 2361.74 0.0 268250.7031
2375.88 2375.88 0.0 266487.1875
2390.02 2390.02 0.0 264740.7969
2404.16 2404.16 0.0 263011.4375
2418.31 2418.31 0.0 261281.5938
2432.45 2432.45 0.0 259557.1250
2446.59 2446.59 0.0 257849.8281
2460.73 2460.73 0.0 256159.6094
2474.87 2474.87 0.0 254580.2812
2489.02 2489.02 0.0 253091.9688
2503.16 2503.16 0.0 251619.7656
2517.3 2517.3 0.0 250142.3125
2531.44 2531.44 0.0 248678.3438
2545.58 2545.58 0.0 247227.7500
2559.73 2559.73 0.0 245789.4531
2573.87 2573.87 0.0 244365.2969
2588.01 2588.01 0.0 242962.6406
2602.15 2602.15 0.0 241580.8750
2616.3 2616.3 0.0 240210.7031
2630.44 2630.44 0.0 238854.1250
2644.58 2644.58 0.0 237509.7969
2658.72 2658.72 0.0 236177.6875
2672.86 2672.86 0.0 234857.8750
2687.01 2687.01 0.0 233608.4375
2701.15 2701.15 0.0 232439.1875
2715.29 2715.29 0.0 231279.6250
2729.43 2729.43 0.0 230181.0781
2743.57 2743.57 0.0 229125.4375
2757.72 2757.72 0.0 228074.9062
2771.86 2771.86 0.0 227029.0078
2786.0 2786.0 0.0 225991.2812
2800.14 2800.14 0.0 224961.5078
2814.28 2814.28 0.0 223939.8672
2828.43 2828.43 0.0 222925.2891
2842.57 2842.57 0.0 221919.4531
2856.71 2856.71 0.0 220921.4297
2870.85 2870.85 0.0 219931.1562
2885.0 2885.0 0.0 218915.5703
2899.14 2899.14 0.0 217903.6875
2913.28 2913.28 0.0 216900.0312
2927.42 2927.42 0.0 215904.5234
2941.56 2941.56 0.0 214917.1328
2955.71 2955.71 0.0 213937.0469
2969.85 2969.85 0.0 212965.7109
2983.99 2983.99 0.0 212068.1328
2998.13 2998.13 0.0 211202.5703
3012.27 3012.27 0.0 210352.3672
3026.42 3026.42 0.0 209507.6875
3040.56 3040.56 0.0 208691.5703
3054.7 3054.7 0.0 207883.2266
3068.84 3068.84 0.0 207080.7500
3082.99 3082.99 0.0 206283.3594
3097.13 3097.13 0.0 205489.7422
3111.27 3111.27 0.0 204701.4453
3125.41 3125.41 0.0 203918.7969
3139.55 3139.55 0.0 203141.8203
3153.7 3153.7 0.0 202369.9062
3167.84 3167.84 0.0 201604.0547
3181.98 3181.98 0.0 200843.6875
3196.12 3196.12 0.0 200088.7969
3210.26 3210.26 0.0 199384.5547
3224.41 3224.41 0.0 198740.9141
3238.55 3238.55 0.0 198105.9297
3252.69 3252.69 0.0 197474.8359
3266.83 3266.83 0.0 196847.7500
3280.98 3280.98 0.0 196224.0781
3295.12 3295.12 0.0 195604.7266
3309.26 3309.26 0.0 194989.2422
3323.4 3323.4 0.0 194377.5781
3337.54 3337.54 0.0 193769.7734
3351.69 3351.69 0.0 193165.2500
3365.83 3365.83 0.0 192559.0156
3379.97 3379.97 0.0 191956.0312
3394.11 3394.11 0.0 191358.1406
3408.25 3408.25 0.0 190773.9609
3422.4 3422.4 0.0 190192.9531
3436.54 3436.54 0.0 189615.9844
3450.68 3450.68 0.0 189044.1328
3464.82 3464.82 0.0 188476.5703
3478.97 3478.97 0.0 187909.4531
3493.11 3493.11 0.0 187343.0234
3507.25 3507.25 0.0 186780.0469
3521.39 3521.39 0.0 186220.6953
3535.53 3535.53 0.0 185663.9453
3549.68 3549.68 0.0 185109.8750
3563.82 3563.82 0.0 184562.2578
3577.96 3577.96 0.0 184018.6016
3592.1 3592.1 0.0 183478.3203
3606.24 3606.24 0.0 182941.4531
3620.39 3620.39 0.0 182407.5625
3634.53 3634.53 0.0 181877.3984
3648.67 3648.67 0.0 181350.5469
3662.81 3662.81 0.0 180827.0078
3676.96 3676.96 0.0 180306.4688
3691.1 3691.1 0.0 179789.5156
3705.24 3705.24 0.0 179275.8047
3719.38 3719.38 0.0 178765.2891
3733.52 3733.52 0.0 178258.0859
3747.67 3747.67 0.0 177753.6875
3761.81 3761.81 0.0 177252.7734
3775.95 3775.95 0.0 176755.0469
3790.09 3790.09 0.0 176260.4688
3804.23 3804.23 0.0 175769.0469
3818.38 3818.38 0.0 175270.8359
3832.52 3832.52 0.0 174756.4219
3846.66 3846.66 0.0 174223.1016
3860.8 3860.8 0.0 173692.1875
3874.95 3874.95 0.0 173159.1094
3889.09 3889.09 0.0 172626.3750
3903.23 3903.23 0.0 172097.4922
3917.37 3917.37 0.0 171572.3594
3931.51 3931.51 0.0 171051.0312
3945.66 3945.66 0.0 170525.7031
3959.8 3959.8 0.0 169998.4297
3973.94 3973.94 0.0 169473.3359
3988.08 3988.08 0.0 168952.1328
4002.22 4002.22 0.0 168439.3047
4016.37 4016.37 0.0 167930.7812
4030.51 4030.51 0.0 167426.3828
4044.65 4044.65 0.0 166925.6094
4058.79 4058.79 0.0 166424.8203
4072.94 4072.94 0.0 165922.9648
4087.08 4087.08 0.0 165421.4297
4101.22 4101.22 0.0 164923.1875
4115.36 4115.36 0.0 164428.6523
4129.5 4129.5 0.0 163912.2969
4143.65 4143.65 0.0 163389.0742
4157.79 4157.79 0.0 162870.5273
4171.93 4171.93 0.0 162335.8555
4186.07 4186.07 0.0 161762.0586
4200.21 4200.21 0.0 161191.4336
4214.36 4214.36 0.0 160613.6445
4228.5 4228.5 0.0 160026.4727
4242.64 4242.64 0.0 159432.5547
