0.0 0.0 0.0 313620.1875
14.1421 14.1421 0.0 308163.7344
28.2843 28.2843 0.0 302344.1406
42.4264 42.4264 0.0 296497.8438
56.5685 56.5685 0.0 290677.3125
70.7107 70.7107 0.0 284860.6875
84.8528 84.8528 0.0 278718.7969
98.9949 98.9949 0.0 272393.0625
113.137 113.137 0.0 265706.7500
127.279 127.279 0.0 258418.8750
141.421 141.421 0.0 250647.9062
155.563 155.563 0.0 243313.1406
169.706 169.706 0.0 236565.7344
183.848 183.848 0.0 229982.8203
197.99 197.99 0.0 223489.6328
212.132 212.132 0.0 217159.7734
226.274 226.274 0.0 211089.4688
240.416 240.416 0.0 205167.1562
254.558 254.558 0.0 200639.7656
268.701 268.701 0.0 196186.6328
282.843 282.843 0.0 191722.6562
296.985 296.985 0.0 187440.8203
311.127 311.127 0.0 183272.1172
325.269 325.269 0.0 179198.8906
339.411 339.411 0.0 175674.8594
353.553 353.553 0.0 172376.4844
367.696 367.696 0.0 169188.4609
381.838 381.838 0.0 166095.9531
395.98 395.98 0.0 163049.5156
410.122 410.122 0.0 160142.2188
424.264 424.264 0.0 157352.3203
438.406 438.406 0.0 154663.1602
452.548 452.548 0.0 152445.6797
466.69 466.69 0.0 150211.7383
480.833 480.833 0.0 148346.4141
494.975 494.975 0.0 146480.7422
509.117 509.117 0.0 144627.5508
523.259 523.259 0.0 142812.2891
537.401 537.401 0.0 141187.8828
551.543 551.543 0.0 139848.2070
565.685 565.685 0.0 138545.1016
579.828 579.828 0.0 137270.1875
593.97 593.97 0.0 136014.3125
608.112 608.112 0.0 134793.4922
622.254 622.254 0.0 133608.2168
636.396 636.396 0.0 132458.7793
650.538 650.538 0.0 131349.4473
664.68 664.68 0.0 130278.4297
678.823 678.823 0.0 129245.0215
692.965 692.965 0.0 128247.9238
707.107 707.107 0.0 127400.9375
721.249 721.249 0.0 126683.5410
735.391 735.391 0.0 125985.6387
749.533 749.533 0.0 125306.7246
763.675 763.675 0.0 124646.2734
777.817 777.817 0.0 123986.8066
791.96 791.96 0.0 123312.6621
806.102 806.102 0.0 122641.9473
820.244 820.244 0.0 122102.7441
834.386 834.386 0.0 121620.3633
848.528 848.528 0.0 121139.4023
862.67 862.67 0.0 120669.7129
876.812 876.812 0.0 120211.0605
890.955 890.955 0.0 119751.5020
905.097 905.097 0.0 119311.1172
919.239 919.239 0.0 118888.7734
933.381 933.381 0.0 118501.5156
947.523 947.523 0.0 118121.1465
961.665 961.665 0.0 117745.1426
975.807 975.807 0.0 117368.9297
989.949 989.949 0.0 117001.0605
1004.09 1004.09 0.0 116641.1123
1018.23 1018.23 0.0 116288.5791
1032.38 1032.38 0.0 115943.8477
1046.52 1046.52 0.0 115607.1826
1060.66 1060.66 0.0 115278.2178
1074.8 1074.8 0.0 114968.1650
1088.94 1088.94 0.0 114673.8047
1103.09 1103.09 0.0 114385.5312
1117.23 1117.23 0.0 114104.5459
1131.37 1131.37 0.0 113829.7812
1145.51 1145.51 0.0 113560.8877
1159.66 1159.66 0.0 113295.1787
1173.8 1173.8 0.0 113033.1387
1187.94 1187.94 0.0 112774.9795
1202.08 1202.08 0.0 112520.0957
1216.22 1216.22 0.0 112270.8711
1230.37 1230.37 0.0 112025.1914
1244.51 1244.51 0.0 111783.8799
1258.65 1258.65 0.0 111547.9629
1272.79 1272.79 0.0 111317.2705
1286.93 1286.93 0.0 111090.2725
1301.08 1301.08 0.0 110866.9189
1315.22 1315.22 0.0 110646.0762
1329.36 1329.36 0.0 110423.8867
1343.5 1343.5 0.0 110205.6445
1357.65 1357.65 0.0 109988.0957
1371.79 1371.79 0.0 109775.9941
1385.93 1385.93 0.0 109565.9365
1400.07 1400.07 0.0 109356.4512
1414.21 1414.21 0.0 109147.2563
1428.36 1428.36 0.0 109000.3413
1442.5 1442.5 0.0 108860.4834
1456.64 1456.64 0.0 108722.4434
1470.78 1470.78 0.0 108586.0337
1484.92 1484.92 0.0 108445.8687
1499.07 1499.07 0.0 108305.9971
1513.21 1513.21 0.0 108168.9546
1527.35 1527.35 0.0 108034.5933
1541.49 1541.49 0.0 107901.3018
1555.63 1555.63 0.0 107768.0522
1569.78 1569.78 0.0 107637.4282
1583.92 1583.92 0.0 107518.5991
1598.06 1598.06 0.0 107439.5073
1612.2 1612.2 0.0 107361.4282
1626.35 1626.35 0.0 107290.8511
1640.49 1640.49 0.0 107221.1479
1654.63 1654.63 0.0 107152.2510
1668.77 1668.77 0.0 107084.1650
1682.91 1682.91 0.0 107016.8672
1697.06 1697.06 0.0 106950.3130
1711.2 1711.2 0.0 106885.3911
1725.34 1725.34 0.0 106820.9507
1739.48 1739.48 0.0 106751.9639
1753.62 1753.62 0.0 106682.2256
1767.77 1767.77 0.0 106613.3325
1781.91 1781.91 0.0 106545.3711
1796.05 1796.05 0.0 106478.2808
1810.19 1810.19 0.0 106412.0522
1824.34 1824.34 0.0 106346.6235
1838.48 1838.48 0.0 106282.0791
1852.62 1852.62 0.0 106213.9248
1866.76 1866.76 0.0 106143.8369
1880.9 1880.9 0.0 106074.7559
1895.05 1895.05 0.0 106025.0288
1909.19 1909.19 0.0 105982.1479
1923.33 1923.33 0.0 105939.6582
1937.47 1937.47 0.0 105897.6641
1951.61 1951.61 0.0 105856.5850
1965.76 1965.76 0.0 105816.0073
1979.9 1979.9 0.0 105775.8682
1994.04 1994.04 0.0 105736.0830
2008.18 2008.18 0.0 105697.9673
2022.33 2022.33 0.0 105662.5220
2036.47 2036.47 0.0 105634.3784
2050.61 2050.61 0.0 105608.0044
2064.75 2064.75 0.0 105581.1396
2078.89 2078.89 0.0 105555.1792
2093.04 2093.04 0.0 105529.7168
2107.18 2107.18 0.0 105504.4292
2121.32 2121.32 0.0 105479.2778
2135.46 2135.46 0.0 105453.2563
2149.6 2149.6 0.0 105427.1777
2163.75 2163.75 0.0 105401.2471
2177.89 2177.89 0.0 105375.4927
2192.03 2192.03 0.0 105347.5349
2206.17 2206.17 0.0 105319.7671
2220.32 2220.32 0.0 105292.1758
2234.46 2234.46 0.0 105264.8550
2248.6 2248.6 0.0 105237.8416
2262.74 2262.74 0.0 105211.0144
2276.88 2276.88 0.0 105184.3674
2291.03 2291.03 0.0 105167.8445
2305.17 2305.17 0.0 105149.8701
2319.31 2319.31 0.0 105129.4419
2333.45 2333.45 0.0 105109.1213
2347.59 2347.59 0.0 105089.8101
2361.74 2361.74 0.0 105070.6914
2375.88 2375.88 0.0 105051.6838
2390.02 2390.02 0.0 105032.7744
2404.16 2404.16 0.0 105012.5723
2418.31 2418.31 0.0 104992.0276
2432.45 2432.45 0.0 104971.8616
2446.59 2446.59 0.0 104952.2874
2460.73 2460.73 0.0 104931.1531
2474.87 2474.87 0.0 104905.0156
2489.02 2489.02 0.0 104878.6951
2503.16 2503.16 0.0 104852.5459
2517.3 2517.3 0.0 104826.5920
2531.44 2531.44 0.0 104801.2590
2545.58 2545.58 0.0 104776.1978
2559.73 2559.73 0.0 104751.3022
2573.87 2573.87 0.0 104726.6018
2588.01 2588.01 0.0 104702.0796
2602.15 2602.15 0.0 104677.7244
2616.3 2616.3 0.0 104653.5139
2630.44 2630.44 0.0 104629.4939
2644.58 2644.58 0.0 104605.6484
2658.72 2658.72 0.0 104581.8665
2672.86 2672.86 0.0 104558.0457
2687.01 2687.01 0.0 104533.7646
2701.15 2701.15 0.0 104509.6768
2715.29 2715.29 0.0 104485.4182
2729.43 2729.43 0.0 104461.7134
2743.57 2743.57 0.0 104441.4692
2757.72 2757.72 0.0 104421.0813
2771.86 2771.86 0.0 104400.2026
2786.0 2786.0 0.0 104379.4604
2800.14 2800.14 0.0 104358.6458
2814.28 2814.28 0.0 104337.9807
2828.43 2828.43 0.0 104317.4441
2842.57 2842.57 0.0 104297.0566
2856.71 2856.71 0.0 104276.8137
2870.85 2870.85 0.0 104256.7056
2885.0 2885.0 0.0 104236.6108
2899.14 2899.14 0.0 104215.2139
2913.28 2913.28 0.0 104193.3606
2927.42 2927.42 0.0 104171.6724
2941.56 2941.56 0.0 104149.4312
2955.71 2955.71 0.0 104124.7407
2969.85 2969.85 0.0 104099.9016
2983.99 2983.99 0.0 104075.2849
2998.13 2998.13 0.0 104050.8877
3012.27 3012.27 0.0 104026.7041
3026.42 3026.42 0.0 104000.1399
3040.56 3040.56 0.0 103976.7683
3054.7 3054.7 0.0 103955.4260
3068.84 3068.84 0.0 103934.2598
3082.99 3082.99 0.0 103913.2471
3097.13 3097.13 0.0 103892.4180
3111.27 3111.27 0.0 103871.7578
3125.41 3125.41 0.0 103851.2632
3139.55 3139.55 0.0 103830.2371
3153.7 3153.7 0.0 103808.8657
3167.84 3167.84 0.0 103787.6897
3181.98 3181.98 0.0 103766.6953
3196.12 3196.12 0.0 103746.1572
3210.26 3210.26 0.0 103725.8501
3224.41 3224.41 0.0 103705.7007
3238.55 3238.55 0.0 103685.7327
3252.69 3252.69 0.0 103665.9351
3266.83 3266.83 0.0 103646.3013
3280.98 3280.98 0.0 103626.7749
3295.12 3295.12 0.0 103607.3713
3309.26 3309.26 0.0 103588.1633
3323.4 3323.4 0.0 103570.2031
3337.54 3337.54 0.0 103555.7913
3351.69 3351.69 0.0 103541.4602
3365.83 3365.83 0.0 103527.4519
3379.97 3379.97 0.0 103514.3223
3394.11 3394.11 0.0 103501.3032
3408.25 3408.25 0.0 103489.4426
3422.4 3422.4 0.0 103481.1282
3436.54 3436.54 0.0 103472.8479
3450.68 3450.68 0.0 103464.6035
3464.82 3464.82 0.0 103456.4099
3478.97 3478.97 0.0 103448.2407
3493.11 3493.11 0.0 103440.1096
3507.25 3507.25 0.0 103432.0088
3521.39 3521.39 0.0 103423.9392
3535.53 3535.53 0.0 103415.8999
3549.68 3549.68 0.0 103408.4187
3563.82 3563.82 0.0 103401.6858
3577.96 3577.96 0.0 103395.1594
3592.1 3592.1 0.0 103391.1716
3606.24 3606.24 0.0 103388.2192
3620.39 3620.39 0.0 103384.4399
3634.53 3634.53 0.0 103379.7676
3648.67 3648.67 0.0 103374.7810
3662.81 3662.81 0.0 103368.4170
3676.96 3676.96 0.0 103362.0686
3691.1 3691.1 0.0 103355.7458
3705.24 3705.24 0.0 103349.9135
3719.38 3719.38 0.0 103344.1572
3733.52 3733.52 0.0 103338.4155
3747.67 3747.67 0.0 103332.6881
3761.81 3761.81 0.0 103326.9811
3775.95 3775.95 0.0 103321.2899
3790.09 3790.09 0.0 103316.6251
3804.23 3804.23 0.0 103311.9543
3818.38 3818.38 0.0 103307.2917
3832.52 3832.52 0.0 103302.6437
3846.66 3846.66 0.0 103298.0057
3860.8 3860.8 0.0 103293.3802
3874.95 3874.95 0.0 103288.7593
3889.09 3889.09 0.0 103284.1537
3903.23 3903.23 0.0 103279.5599
3917.37 3917.37 0.0 103274.9146
3931.51 3931.51 0.0 103269.7095
3945.66 3945.66 0.0 103264.4169
3959.8 3959.8 0.0 103259.1421
3973.94 3973.94 0.0 103253.7374
3988.08 3988.08 0.0 103247.3284
4002.22 4002.22 0.0 103240.1002
4016.37 4016.37 0.0 103232.8937
4030.51 4030.51 0.0 103225.7189
4044.65 4044.65 0.0 103218.5728
4058.79 4058.79 0.0 103211.4545
4072.94 4072.94 0.0 103204.3574
4087.08 4087.08 0.0 103197.2906
4101.22 4101.22 0.0 103190.2495
4115.36 4115.36 0.0 103183.2401
4129.5 4129.5 0.0 103176.3267
4143.65 4143.65 0.0 103169.4338
4157.79 4157.79 0.0 103162.3784
4171.93 4171.93 0.0 103154.9340
4186.07 4186.07 0.0 103147.5221
4200.21 4200.21 0.0 103140.6085
4214.36 4214.36 0.0 103134.1768
4228.5 4228.5 0.0 103127.7728
4242.64 4242.64 0.0 103121.3994
