0.0 0.0 0.0 338334.7344
14.1421 14.1421 0.0 334921.8281
28.2843 28.2843 0.0 331792.1094
42.4264 42.4264 0.0 328670.6094
56.5685 56.5685 0.0 325586.8125
70.7107 70.7107 0.0 322540.3125
84.8528 84.8528 0.0 319530.8594
98.9949 98.9949 0.0 316558.1250
113.137 113.137 0.0 313621.7500
127.279 127.279 0.0 310721.2656
141.421 141.421 0.0 307882.1562
155.563 155.563 0.0 305061.4844
169.706 169.706 0.0 302223.7500
183.848 183.848 0.0 299113.3125
197.99 197.99 0.0 295988.9688
212.132 212.132 0.0 293025.6719
226.274 226.274 0.0 290414.7188
240.416 240.416 0.0 287787.8906
254.558 254.558 0.0 285163.5781
268.701 268.701 0.0 282549.8125
282.843 282.843 0.0 279891.6250
296.985 296.985 0.0 277132.6875
311.127 311.127 0.0 274194.5469
325.269 325.269 0.0 271263.2500
339.411 339.411 0.0 268358.1094
353.553 353.553 0.0 265442.4062
367.696 367.696 0.0 262567.0625
381.838 381.838 0.0 259658.7969
395.98 395.98 0.0 256717.9219
410.122 410.122 0.0 253920.7656
424.264 424.264 0.0 251026.7656
438.406 438.406 0.0 248108.6406
452.548 452.548 0.0 245210.2812
466.69 466.69 0.0 242244.5625
480.833 480.833 0.0 239303.2969
494.975 494.975 0.0 236356.3438
509.117 509.117 0.0 233413.8438
523.259 523.259 0.0 230765.0703
537.401 537.401 0.0 228386.3203
551.543 551.543 0.0 226017.2969
565.685 565.685 0.0 223603.3516
579.828 579.828 0.0 221211.1016
593.97 593.97 0.0 218789.3594
608.112 608.112 0.0 216374.0234
622.254 622.254 0.0 213965.9219
636.396 636.396 0.0 211553.6094
650.538 650.538 0.0 209190.1641
664.68 664.68 0.0 206842.0781
678.823 678.823 0.0 204518.7734
692.965 692.965 0.0 202184.1484
707.107 707.107 0.0 199899.3047
721.249 721.249 0.0 197663.7656
735.391 735.391 0.0 195709.0703
749.533 749.533 0.0 193963.5703
763.675 763.675 0.0 192227.8594
777.817 777.817 0.0 190506.9531
791.96 791.96 0.0 188817.1484
806.102 806.102 0.0 187158.1094
820.244 820.244 0.0 185529.2188
834.386 834.386 0.0 183931.9609
848.528 848.528 0.0 182367.2031
862.67 862.67 0.0 180829.3281
876.812 876.812 0.0 179319.1719
890.955 890.955 0.0 177849.3906
905.097 905.097 0.0 176583.8438
919.239 919.239 0.0 175459.7031
933.381 933.381 0.0 174377.9922
947.523 947.523 0.0 173311.5312
961.665 961.665 0.0 172260.0859
975.807 975.807 0.0 171212.7109
989.949 989.949 0.0 170167.1875
1004.09 1004.09 0.0 169136.8281
1018.23 1018.23 0.0 168101.3125
1032.38 1032.38 0.0 167049.4297
1046.52 1046.52 0.0 165996.1211
1060.66 1060.66 0.0 164951.5508
1074.8 1074.8 0.0 163915.8984
1088.94 1088.94 0.0 162768.9922
1103.09 1103.09 0.0 161661.2969
1117.23 1117.23 0.0 160570.4766
1131.37 1131.37 0.0 159481.1094
1145.51 1145.51 0.0 158411.6680
1159.66 1159.66 0.0 157360.5664
1173.8 1173.8 0.0 156320.1016
1187.94 1187.94 0.0 155278.4727
1202.08 1202.08 0.0 154242.6797
1216.22 1216.22 0.0 153259.2422
1230.37 1230.37 0.0 152263.0938
1244.51 1244.51 0.0 151420.0117
1258.65 1258.65 0.0 150568.1758
1272.79 1272.79 0.0 149757.3359
1286.93 1286.93 0.0 148888.3672
1301.08 1301.08 0.0 147900.0039
1315.22 1315.22 0.0 146887.5000
1329.36 1329.36 0.0 145895.7812
1343.5 1343.5 0.0 144862.1484
1357.65 1357.65 0.0 143822.6797
1371.79 1371.79 0.0 142762.5312
1385.93 1385.93 0.0 141691.9805
1400.07 1400.07 0.0 140648.5352
1414.21 1414.21 0.0 139661.7227
1428.36 1428.36 0.0 138742.3164
1442.5 1442.5 0.0 137845.1953
1456.64 1456.64 0.0 136969.1680
1470.78 1470.78 0.0 136109.0508
1484.92 1484.92 0.0 135238.9492
1499.07 1499.07 0.0 134383.0625
1513.21 1513.21 0.0 133549.0293
1527.35 1527.35 0.0 132735.7246
1541.49 1541.49 0.0 131942.6016
1555.63 1555.63 0.0 131175.0449
1569.78 1569.78 0.0 130435.7637
1583.92 1583.92 0.0 129735.4824
1598.06 1598.06 0.0 129075.4941
1612.2 1612.2 0.0 128435.0801
1626.35 1626.35 0.0 127808.8105
1640.49 1640.49 0.0 127198.8789
1654.63 1654.63 0.0 126616.7812
1668.77 1668.77 0.0 126140.6875
1682.91 1682.91 0.0 125673.4531
1697.06 1697.06 0.0 125220.7266
1711.2 1711.2 0.0 124922.7520
1725.34 1725.34 0.0 124628.4473
1739.48 1739.48 0.0 124337.7578
1753.62 1753.62 0.0 124050.6660
1767.77 1767.77 0.0 123766.9121
1781.91 1781.91 0.0 123495.2461
1796.05 1796.05 0.0 123246.2734
1810.19 1810.19 0.0 123000.0645
1824.34 1824.34 0.0 122756.4141
1838.48 1838.48 0.0 122516.1289
1852.62 1852.62 0.0 122279.7578
1866.76 1866.76 0.0 122052.8691
1880.9 1880.9 0.0 121826.2227
1895.05 1895.05 0.0 121600.8047
1909.19 1909.19 0.0 121378.0098
1923.33 1923.33 0.0 121157.6484
1937.47 1937.47 0.0 120939.6680
1951.61 1951.61 0.0 120724.0859
1965.76 1965.76 0.0 120510.6836
1979.9 1979.9 0.0 120299.4238
1994.04 1994.04 0.0 120087.8516
2008.18 2008.18 0.0 119879.8340
2022.33 2022.33 0.0 119675.2480
2036.47 2036.47 0.0 119476.3438
2050.61 2050.61 0.0 119279.5840
2064.75 2064.75 0.0 119084.9473
2078.89 2078.89 0.0 118892.3848
2093.04 2093.04 0.0 118757.1953
2107.18 2107.18 0.0 118648.1953
2121.32 2121.32 0.0 118539.8789
2135.46 2135.46 0.0 118425.6992
2149.6 2149.6 0.0 118304.2559
2163.75 2163.75 0.0 118165.7910
2177.89 2177.89 0.0 117996.6895
2192.03 2192.03 0.0 117848.7891
2206.17 2206.17 0.0 117712.0020
2220.32 2220.32 0.0 117612.8945
2234.46 2234.46 0.0 117511.3730
2248.6 2248.6 0.0 117410.4961
2262.74 2262.74 0.0 117304.7686
2276.88 2276.88 0.0 117196.3203
2291.03 2291.03 0.0 117088.5283
2305.17 2305.17 0.0 116981.5293
2319.31 2319.31 0.0 116869.0498
2333.45 2333.45 0.0 116749.5752
2347.59 2347.59 0.0 116630.3301
2361.74 2361.74 0.0 116510.1758
2375.88 2375.88 0.0 116382.7734
2390.02 2390.02 0.0 116256.4326
2404.16 2404.16 0.0 116131.1514
2418.31 2418.31 0.0 116006.8086
2432.45 2432.45 0.0 115881.0566
2446.59 2446.59 0.0 115754.9463
2460.73 2460.73 0.0 115631.9111
2474.87 2474.87 0.0 115523.2500
2489.02 2489.02 0.0 115411.8525
2503.16 2503.16 0.0 115298.7148
2517.3 2517.3 0.0 115180.4688
2531.44 2531.44 0.0 115059.0527
2545.58 2545.58 0.0 114938.7061
2559.73 2559.73 0.0 114819.3184
2573.87 2573.87 0.0 114701.0459
2588.01 2588.01 0.0 114583.3447
2602.15 2602.15 0.0 114459.7715
2616.3 2616.3 0.0 114321.7119
2630.44 2630.44 0.0 114188.8770
2644.58 2644.58 0.0 114057.3916
2658.72 2658.72 0.0 113927.2422
2672.86 2672.86 0.0 113798.4023
2687.01 2687.01 0.0 113669.3984
2701.15 2701.15 0.0 113534.5322
2715.29 2715.29 0.0 113399.8457
2729.43 2729.43 0.0 113266.3945
2743.57 2743.57 0.0 113133.7490
2757.72 2757.72 0.0 113002.4639
2771.86 2771.86 0.0 112872.7334
2786.0 2786.0 0.0 112744.2334
2800.14 2800.14 0.0 112615.6270
2814.28 2814.28 0.0 112481.5918
2828.43 2828.43 0.0 112347.4697
2842.57 2842.57 0.0 112214.8018
2856.71 2856.71 0.0 112083.7334
2870.85 2870.85 0.0 111949.6260
2885.0 2885.0 0.0 111817.0527
2899.14 2899.14 0.0 111686.2236
2913.28 2913.28 0.0 111557.0176
2927.42 2927.42 0.0 111429.4189
2941.56 2941.56 0.0 111302.0498
2955.71 2955.71 0.0 111173.5674
2969.85 2969.85 0.0 111046.7549
2983.99 2983.99 0.0 110921.5820
2998.13 2998.13 0.0 110797.9932
3012.27 3012.27 0.0 110675.9990
3026.42 3026.42 0.0 110555.4854
3040.56 3040.56 0.0 110436.5947
3054.7 3054.7 0.0 110319.2324
3068.84 3068.84 0.0 110202.5088
3082.99 3082.99 0.0 110087.1582
3097.13 3097.13 0.0 109975.1084
3111.27 3111.27 0.0 109864.4805
3125.41 3125.41 0.0 109755.2646
3139.55 3139.55 0.0 109647.4375
3153.7 3153.7 0.0 109540.9092
3167.84 3167.84 0.0 109435.8154
3181.98 3181.98 0.0 109332.0542
3196.12 3196.12 0.0 109236.4976
3210.26 3210.26 0.0 109150.3188
3224.41 3224.41 0.0 109076.7153
3238.55 3238.55 0.0 109003.8530
3252.69 3252.69 0.0 108931.6724
3266.83 3266.83 0.0 108860.1646
3280.98 3280.98 0.0 108789.2803
3295.12 3295.12 0.0 108727.3936
3309.26 3309.26 0.0 108670.9268
3323.4 3323.4 0.0 108614.8828
3337.54 3337.54 0.0 108559.5254
3351.69 3351.69 0.0 108504.6562
3365.83 3365.83 0.0 108450.2344
3379.97 3379.97 0.0 108396.2305
3394.11 3394.11 0.0 108342.6411
3408.25 3408.25 0.0 108289.4507
3422.4 3422.4 0.0 108236.6216
3436.54 3436.54 0.0 108184.2319
3450.68 3450.68 0.0 108132.9360
3464.82 3464.82 0.0 108083.3013
3478.97 3478.97 0.0 108033.9849
3493.11 3493.11 0.0 107985.0688
3507.25 3507.25 0.0 107936.5015
3521.39 3521.39 0.0 107888.2842
3535.53 3535.53 0.0 107840.4575
3549.68 3549.68 0.0 107793.5757
3563.82 3563.82 0.0 107747.0723
3577.96 3577.96 0.0 107700.9019
3592.1 3592.1 0.0 107655.0566
3606.24 3606.24 0.0 107609.5483
3620.39 3620.39 0.0 107563.5630
3634.53 3634.53 0.0 107517.4507
3648.67 3648.67 0.0 107471.6816
3662.81 3662.81 0.0 107426.6382
3676.96 3676.96 0.0 107383.6372
3691.1 3691.1 0.0 107340.9673
3705.24 3705.24 0.0 107298.5996
3719.38 3719.38 0.0 107256.5264
3733.52 3733.52 0.0 107214.7437
3747.67 3747.67 0.0 107174.2739
3761.81 3761.81 0.0 107136.4307
3775.95 3775.95 0.0 107098.8311
3790.09 3790.09 0.0 107061.4790
3804.23 3804.23 0.0 107024.3638
3818.38 3818.38 0.0 106987.4624
3832.52 3832.52 0.0 106950.8262
3846.66 3846.66 0.0 106914.4248
3860.8 3860.8 0.0 106878.2622
3874.95 3874.95 0.0 106843.4541
3889.09 3889.09 0.0 106815.7939
3903.23 3903.23 0.0 106791.4556
3917.37 3917.37 0.0 106767.2456
3931.51 3931.51 0.0 106743.1553
3945.66 3945.66 0.0 106719.1504
3959.8 3959.8 0.0 106695.3623
3973.94 3973.94 0.0 106671.9990
3988.08 3988.08 0.0 106648.7261
4002.22 4002.22 0.0 106625.5752
4016.37 4016.37 0.0 106602.4746
4030.51 4030.51 0.0 106579.4688
4044.65 4044.65 0.0 106556.5635
4058.79 4058.79 0.0 106533.7573
4072.94 4072.94 0.0 106511.0332
4087.08 4087.08 0.0 106488.1772
4101.22 4101.22 0.0 106464.6860
4115.36 4115.36 0.0 106441.3062
4129.5 4129.5 0.0 106418.0273
4143.65 4143.65 0.0 106394.8403
4157.79 4157.79 0.0 106371.7725
4171.93 4171.93 0.0 106348.8071
4186.07 4186.07 0.0 106326.1694
4200.21 4200.21 0.0 106304.4077
4214.36 4214.36 0.0 106282.7363
4228.5 4228.5 0.0 106261.1777
4242.64 4242.64 0.0 106239.7031
