0.0 0.0 0.0 314909.8281
14.1421 14.1421 0.0 309984.3125
28.2843 28.2843 0.0 305161.1094
42.4264 42.4264 0.0 300434.6719
56.5685 56.5685 0.0 295562.5000
70.7107 70.7107 0.0 290474.0469
84.8528 84.8528 0.0 285291.7031
98.9949 98.9949 0.0 280230.7344
113.137 113.137 0.0 275161.5781
127.279 127.279 0.0 269803.6719
141.421 141.421 0.0 264222.6250
155.563 155.563 0.0 258810.9062
169.706 169.706 0.0 253406.3438
183.848 183.848 0.0 247625.3438
197.99 197.99 0.0 241814.0312
212.132 212.132 0.0 236080.5781
226.274 226.274 0.0 230397.5469
240.416 240.416 0.0 224785.1641
254.558 254.558 0.0 219272.5156
268.701 268.701 0.0 214503.4688
282.843 282.843 0.0 210257.9609
296.985 296.985 0.0 206105.8828
311.127 311.127 0.0 202085.3750
325.269 325.269 0.0 198103.9844
339.411 339.411 0.0 194268.7969
353.553 353.553 0.0 190540.6641
367.696 367.696 0.0 187375.3281
381.838 381.838 0.0 184267.0312
395.98 395.98 0.0 181098.7344
410.122 410.122 0.0 177991.6484
424.264 424.264 0.0 174941.4922
438.406 438.406 0.0 171952.6797
452.548 452.548 0.0 169072.3750
466.69 466.69 0.0 166292.2578
480.833 480.833 0.0 164034.3984
494.975 494.975 0.0 161764.8555
509.117 509.117 0.0 159498.8125
523.259 523.259 0.0 157291.3320
537.401 537.401 0.0 155185.0312
551.543 551.543 0.0 153416.5156
565.685 565.685 0.0 151676.3281
579.828 579.828 0.0 149961.2930
593.97 593.97 0.0 148232.5586
608.112 608.112 0.0 146616.9336
622.254 622.254 0.0 145058.1445
636.396 636.396 0.0 143535.4609
650.538 650.538 0.0 142241.1211
664.68 664.68 0.0 140977.3047
678.823 678.823 0.0 139746.1055
692.965 692.965 0.0 138544.4492
707.107 707.107 0.0 137369.6328
721.249 721.249 0.0 136219.6914
735.391 735.391 0.0 135088.2148
749.533 749.533 0.0 134141.0117
763.675 763.675 0.0 133318.5859
777.817 777.817 0.0 132516.4551
791.96 791.96 0.0 131734.0703
806.102 806.102 0.0 130971.0781
820.244 820.244 0.0 130226.9609
834.386 834.386 0.0 129501.2598
848.528 848.528 0.0 128793.5234
862.67 862.67 0.0 128097.7227
876.812 876.812 0.0 127391.4688
890.955 890.955 0.0 126693.1660
905.097 905.097 0.0 126013.3828
919.239 919.239 0.0 125351.5977
933.381 933.381 0.0 124706.7090
947.523 947.523 0.0 124072.9766
961.665 961.665 0.0 123534.1621
975.807 975.807 0.0 123042.1367
989.949 989.949 0.0 122577.9629
1004.09 1004.09 0.0 122118.6641
1018.23 1018.23 0.0 121667.1855
1032.38 1032.38 0.0 121213.2188
1046.52 1046.52 0.0 120765.7578
1060.66 1060.66 0.0 120338.9180
1074.8 1074.8 0.0 119966.0352
1088.94 1088.94 0.0 119602.7168
1103.09 1103.09 0.0 119247.6152
1117.23 1117.23 0.0 118901.3379
1131.37 1131.37 0.0 118561.6621
1145.51 1145.51 0.0 118227.9219
1159.66 1159.66 0.0 117893.9785
1173.8 1173.8 0.0 117566.7998
1187.94 1187.94 0.0 117246.0430
1202.08 1202.08 0.0 116931.5635
1216.22 1216.22 0.0 116621.0332
1230.37 1230.37 0.0 116309.9121
1244.51 1244.51 0.0 116005.2939
1258.65 1258.65 0.0 115706.5518
1272.79 1272.79 0.0 115406.9570
1286.93 1286.93 0.0 115113.2861
1301.08 1301.08 0.0 114824.4072
1315.22 1315.22 0.0 114538.9990
1329.36 1329.36 0.0 114259.5977
1343.5 1343.5 0.0 113982.9707
1357.65 1357.65 0.0 113710.3105
1371.79 1371.79 0.0 113441.6514
1385.93 1385.93 0.0 113175.1719
1400.07 1400.07 0.0 112920.3779
1414.21 1414.21 0.0 112634.3740
1428.36 1428.36 0.0 112341.1982
1442.5 1442.5 0.0 112055.7812
1456.64 1456.64 0.0 111777.7051
1470.78 1470.78 0.0 111506.7939
1484.92 1484.92 0.0 111232.8926
1499.07 1499.07 0.0 110964.0557
1513.21 1513.21 0.0 110723.9414
1527.35 1527.35 0.0 110542.0742
1541.49 1541.49 0.0 110363.7148
1555.63 1555.63 0.0 110188.7930
1569.78 1569.78 0.0 110016.3857
1583.92 1583.92 0.0 109847.3672
1598.06 1598.06 0.0 109683.9736
1612.2 1612.2 0.0 109519.5322
1626.35 1626.35 0.0 109358.1909
1640.49 1640.49 0.0 109199.4897
1654.63 1654.63 0.0 109047.9863
1668.77 1668.77 0.0 108909.1113
1682.91 1682.91 0.0 108772.7212
1697.06 1697.06 0.0 108658.4854
1711.2 1711.2 0.0 108568.5571
1725.34 1725.34 0.0 108478.0151
1739.48 1739.48 0.0 108391.6328
1753.62 1753.62 0.0 108312.5283
1767.77 1767.77 0.0 108245.3599
1781.91 1781.91 0.0 108182.4199
1796.05 1796.05 0.0 108120.0459
1810.19 1810.19 0.0 108058.2441
1824.34 1824.34 0.0 107996.9580
1838.48 1838.48 0.0 107936.2656
1852.62 1852.62 0.0 107876.1304
1866.76 1866.76 0.0 107816.5337
1880.9 1880.9 0.0 107757.4775
1895.05 1895.05 0.0 107698.9199
1909.19 1909.19 0.0 107646.8594
1923.33 1923.33 0.0 107600.0830
1937.47 1937.47 0.0 107554.2554
1951.61 1951.61 0.0 107506.2251
1965.76 1965.76 0.0 107457.1738
1979.9 1979.9 0.0 107408.5562
1994.04 1994.04 0.0 107349.9883
2008.18 2008.18 0.0 107284.9829
2022.33 2022.33 0.0 107229.9678
2036.47 2036.47 0.0 107189.8711
2050.61 2050.61 0.0 107150.0464
2064.75 2064.75 0.0 107110.4985
2078.89 2078.89 0.0 107070.9380
2093.04 2093.04 0.0 107031.5107
2107.18 2107.18 0.0 106985.0425
2121.32 2121.32 0.0 106938.7637
2135.46 2135.46 0.0 106896.4546
2149.6 2149.6 0.0 106862.5830
2163.75 2163.75 0.0 106828.9009
2177.89 2177.89 0.0 106795.4448
2192.03 2192.03 0.0 106761.6372
2206.17 2206.17 0.0 106727.4707
2220.32 2220.32 0.0 106691.6577
2234.46 2234.46 0.0 106655.2930
2248.6 2248.6 0.0 106619.4126
2262.74 2262.74 0.0 106583.7788
2276.88 2276.88 0.0 106548.3813
2291.03 2291.03 0.0 106513.5693
2305.17 2305.17 0.0 106479.0605
2319.31 2319.31 0.0 106444.7725
2333.45 2333.45 0.0 106410.7031
2347.59 2347.59 0.0 106376.8403
2361.74 2361.74 0.0 106343.2144
2375.88 2375.88 0.0 106309.9536
2390.02 2390.02 0.0 106276.8491
2404.16 2404.16 0.0 106243.9082
2418.31 2418.31 0.0 106210.0356
2432.45 2432.45 0.0 106174.5195
2446.59 2446.59 0.0 106139.2661
2460.73 2460.73 0.0 106104.2612
2474.87 2474.87 0.0 106069.3408
2489.02 2489.02 0.0 106034.4219
2503.16 2503.16 0.0 105999.7817
2517.3 2517.3 0.0 105965.2783
2531.44 2531.44 0.0 105931.0010
2545.58 2545.58 0.0 105896.9458
2559.73 2559.73 0.0 105863.6191
2573.87 2573.87 0.0 105829.8057
2588.01 2588.01 0.0 105796.1099
2602.15 2602.15 0.0 105762.6636
2616.3 2616.3 0.0 105729.4434
2630.44 2630.44 0.0 105696.4902
2644.58 2644.58 0.0 105663.9995
2658.72 2658.72 0.0 105633.2632
2672.86 2672.86 0.0 105602.4609
2687.01 2687.01 0.0 105573.5962
2701.15 2701.15 0.0 105548.0601
2715.29 2715.29 0.0 105522.6240
2729.43 2729.43 0.0 105495.3965
2743.57 2743.57 0.0 105468.3447
2757.72 2757.72 0.0 105440.6733
2771.86 2771.86 0.0 105413.8865
2786.0 2786.0 0.0 105387.5632
2800.14 2800.14 0.0 105361.4060
2814.28 2814.28 0.0 105335.4143
2828.43 2828.43 0.0 105309.5752
2842.57 2842.57 0.0 105282.7395
2856.71 2856.71 0.0 105248.7668
2870.85 2870.85 0.0 105214.3799
2885.0 2885.0 0.0 105180.2700
2899.14 2899.14 0.0 105146.4841
2913.28 2913.28 0.0 105112.9919
2927.42 2927.42 0.0 105079.7961
2941.56 2941.56 0.0 105047.1335
2955.71 2955.71 0.0 105014.7529
2969.85 2969.85 0.0 104982.6792
2983.99 2983.99 0.0 104950.8772
2998.13 2998.13 0.0 104919.2812
3012.27 3012.27 0.0 104887.8884
3026.42 3026.42 0.0 104856.7527
3040.56 3040.56 0.0 104825.9070
3054.7 3054.7 0.0 104795.3303
3068.84 3068.84 0.0 104763.8953
3082.99 3082.99 0.0 104732.1604
3097.13 3097.13 0.0 104700.7378
3111.27 3111.27 0.0 104669.6101
3125.41 3125.41 0.0 104638.7644
3139.55 3139.55 0.0 104608.2031
3153.7 3153.7 0.0 104577.9028
3167.84 3167.84 0.0 104547.8972
3181.98 3181.98 0.0 104518.1707
3196.12 3196.12 0.0 104488.7197
3210.26 3210.26 0.0 104459.5366
3224.41 3224.41 0.0 104430.6389
3238.55 3238.55 0.0 104402.0308
3252.69 3252.69 0.0 104378.6389
3266.83 3266.83 0.0 104355.8462
3280.98 3280.98 0.0 104333.2034
3295.12 3295.12 0.0 104310.7493
3309.26 3309.26 0.0 104288.4626
3323.4 3323.4 0.0 104266.3418
3337.54 3337.54 0.0 104244.5310
3351.69 3351.69 0.0 104228.4802
3365.83 3365.83 0.0 104213.0049
3379.97 3379.97 0.0 104200.9756
3394.11 3394.11 0.0 104192.0168
3408.25 3408.25 0.0 104183.6853
3422.4 3422.4 0.0 104173.4565
3436.54 3436.54 0.0 104162.9485
3450.68 3450.68 0.0 104152.4761
3464.82 3464.82 0.0 104142.0425
3478.97 3478.97 0.0 104131.4387
3493.11 3493.11 0.0 104118.6377
3507.25 3507.25 0.0 104105.1167
3521.39 3521.39 0.0 104090.3186
3535.53 3535.53 0.0 104075.5024
3549.68 3549.68 0.0 104063.4766
3563.82 3563.82 0.0 104053.1250
3577.96 3577.96 0.0 104042.8169
3592.1 3592.1 0.0 104032.5515
3606.24 3606.24 0.0 104022.3733
3620.39 3620.39 0.0 104012.2297
3634.53 3634.53 0.0 104002.6506
3648.67 3648.67 0.0 103992.8379
3662.81 3662.81 0.0 103983.0593
3676.96 3676.96 0.0 103973.3118
3691.1 3691.1 0.0 103963.6064
3705.24 3705.24 0.0 103953.9348
3719.38 3719.38 0.0 103944.3015
3733.52 3733.52 0.0 103934.7021
3747.67 3747.67 0.0 103925.1277
3761.81 3761.81 0.0 103915.6008
3775.95 3775.95 0.0 103906.1042
3790.09 3790.09 0.0 103896.6848
3804.23 3804.23 0.0 103888.5291
3818.38 3818.38 0.0 103880.3906
3832.52 3832.52 0.0 103872.2854
3846.66 3846.66 0.0 103864.2080
3860.8 3860.8 0.0 103856.1536
3874.95 3874.95 0.0 103848.0627
3889.09 3889.09 0.0 103839.9795
3903.23 3903.23 0.0 103831.9172
3917.37 3917.37 0.0 103823.8845
3931.51 3931.51 0.0 103815.8774
3945.66 3945.66 0.0 103807.8887
3959.8 3959.8 0.0 103799.8647
3973.94 3973.94 0.0 103791.0615
3988.08 3988.08 0.0 103782.2900
4002.22 4002.22 0.0 103773.5518
4016.37 4016.37 0.0 103764.8354
4030.51 4030.51 0.0 103756.1567
4044.65 4044.65 0.0 103747.5066
4058.79 4058.79 0.0 103738.8899
4072.94 4072.94 0.0 103730.2944
4087.08 4087.08 0.0 103721.7407
4101.22 4101.22 0.0 103713.2178
4115.36 4115.36 0.0 103704.7202
4129.5 4129.5 0.0 103695.8735
4143.65 4143.65 0.0 103686.7437
4157.79 4157.79 0.0 103676.8198
4171.93 4171.93 0.0 103666.9343
4186.07 4186.07 0.0 103657.0901
4200.21 4200.21 0.0 103647.2878
4214.36 4214.36 0.0 103637.4932
4228.5 4228.5 0.0 103627.6160
4242.64 4242.64 0.0 103617.7810
