0.0 0.0 0.0 311550.6875
14.1421 14.1421 0.0 303047.3125
28.2843 28.2843 0.0 294214.8125
42.4264 42.4264 0.0 284837.0938
56.5685 56.5685 0.0 274388.9062
70.7107 70.7107 0.0 263312.1250
84.8528 84.8528 0.0 251886.7188
98.9949 98.9949 0.0 240229.9375
113.137 113.137 0.0 228482.8984
127.279 127.279 0.0 217635.3047
141.421 141.421 0.0 208726.4531
155.563 155.563 0.0 200605.7734
169.706 169.706 0.0 192809.0625
183.848 183.848 0.0 185197.3906
197.99 197.99 0.0 178736.5547
212.132 212.132 0.0 172926.2266
226.274 226.274 0.0 167342.4062
240.416 240.416 0.0 162039.2500
254.558 254.558 0.0 157030.4805
268.701 268.701 0.0 152814.3477
282.843 282.843 0.0 148828.4336
296.985 296.985 0.0 145132.2539
311.127 311.127 0.0 141710.8242
325.269 325.269 0.0 138565.8047
339.411 339.411 0.0 135940.9570
353.553 353.553 0.0 133590.9238
367.696 367.696 0.0 131681.2852
381.838 381.838 0.0 130083.8066
395.98 395.98 0.0 128572.4043
410.122 410.122 0.0 127246.2812
424.264 424.264 0.0 125979.0820
438.406 438.406 0.0 124773.1055
452.548 452.548 0.0 123625.4785
466.69 466.69 0.0 122533.1094
480.833 480.833 0.0 121493.3242
494.975 494.975 0.0 120504.0781
509.117 509.117 0.0 119562.9277
523.259 523.259 0.0 118653.2656
537.401 537.401 0.0 117771.8867
551.543 551.543 0.0 116925.8496
565.685 565.685 0.0 116350.7471
579.828 579.828 0.0 115936.6104
593.97 593.97 0.0 115520.8770
608.112 608.112 0.0 115086.4229
622.254 622.254 0.0 114665.1387
636.396 636.396 0.0 114256.6680
650.538 650.538 0.0 113860.6328
664.68 664.68 0.0 113475.4131
678.823 678.823 0.0 113103.2920
692.965 692.965 0.0 112759.8701
707.107 707.107 0.0 112426.2432
721.249 721.249 0.0 112102.2930
735.391 735.391 0.0 111786.7930
749.533 749.533 0.0 111476.6084
763.675 763.675 0.0 111174.4551
777.817 777.817 0.0 110881.2344
791.96 791.96 0.0 110591.3301
806.102 806.102 0.0 110307.0342
820.244 820.244 0.0 110019.6172
834.386 834.386 0.0 109739.4561
848.528 848.528 0.0 109469.8257
862.67 862.67 0.0 109211.6958
876.812 876.812 0.0 108961.7041
890.955 890.955 0.0 108719.4077
905.097 905.097 0.0 108484.6597
919.239 919.239 0.0 108257.3311
933.381 933.381 0.0 108033.7104
947.523 947.523 0.0 107813.1187
961.665 961.665 0.0 107599.7490
975.807 975.807 0.0 107396.0957
989.949 989.949 0.0 107208.2168
1004.09 1004.09 0.0 107025.5449
1018.23 1018.23 0.0 106848.3447
1032.38 1032.38 0.0 106670.3154
1046.52 1046.52 0.0 106498.2163
1060.66 1060.66 0.0 106331.6411
1074.8 1074.8 0.0 106170.4224
1088.94 1088.94 0.0 106014.0435
1103.09 1103.09 0.0 105862.0713
1117.23 1117.23 0.0 105717.8867
1131.37 1131.37 0.0 105583.9229
1145.51 1145.51 0.0 105458.3608
1159.66 1159.66 0.0 105358.0840
1173.8 1173.8 0.0 105268.0288
1187.94 1187.94 0.0 105179.9856
1202.08 1202.08 0.0 105093.9028
1216.22 1216.22 0.0 105009.7476
1230.37 1230.37 0.0 104927.4387
1244.51 1244.51 0.0 104847.0190
1258.65 1258.65 0.0 104768.4031
1272.79 1272.79 0.0 104691.5564
1286.93 1286.93 0.0 104616.4189
1301.08 1301.08 0.0 104542.9082
1315.22 1315.22 0.0 104471.0845
1329.36 1329.36 0.0 104412.8582
1343.5 1343.5 0.0 104366.0872
1357.65 1357.65 0.0 104321.8582
1371.79 1371.79 0.0 104277.7441
1385.93 1385.93 0.0 104233.9075
1400.07 1400.07 0.0 104190.7175
1414.21 1414.21 0.0 104148.1699
1428.36 1428.36 0.0 104106.2246
1442.5 1442.5 0.0 104064.9324
1456.64 1456.64 0.0 104024.2493
1470.78 1470.78 0.0 103984.1694
1484.92 1484.92 0.0 103945.2344
1499.07 1499.07 0.0 103906.0217
1513.21 1513.21 0.0 103871.0627
1527.35 1527.35 0.0 103848.7764
1541.49 1541.49 0.0 103826.6909
1555.63 1555.63 0.0 103804.8010
1569.78 1569.78 0.0 103783.0837
1583.92 1583.92 0.0 103761.5723
1598.06 1598.06 0.0 103740.2490
1612.2 1612.2 0.0 103719.1145
1626.35 1626.35 0.0 103698.3411
1640.49 1640.49 0.0 103678.7036
1654.63 1654.63 0.0 103659.2073
1668.77 1668.77 0.0 103639.8647
1682.91 1682.91 0.0 103620.6819
1697.06 1697.06 0.0 103600.7214
1711.2 1711.2 0.0 103582.5854
1725.34 1725.34 0.0 103565.4470
1739.48 1739.48 0.0 103549.2493
1753.62 1753.62 0.0 103536.9033
1767.77 1767.77 0.0 103528.1614
1781.91 1781.91 0.0 103519.4580
1796.05 1796.05 0.0 103510.7903
1810.19 1810.19 0.0 103501.3904
1824.34 1824.34 0.0 103490.6316
1838.48 1838.48 0.0 103479.9639
1852.62 1852.62 0.0 103469.3477
1866.76 1866.76 0.0 103458.7869
1880.9 1880.9 0.0 103448.2771
1895.05 1895.05 0.0 103437.6477
1909.19 1909.19 0.0 103427.7114
1923.33 1923.33 0.0 103417.8508
1937.47 1937.47 0.0 103408.0369
1951.61 1951.61 0.0 103398.2505
1965.76 1965.76 0.0 103388.4934
1979.9 1979.9 0.0 103378.7903
1994.04 1994.04 0.0 103369.1276
2008.18 2008.18 0.0 103359.7137
2022.33 2022.33 0.0 103350.4749
2036.47 2036.47 0.0 103341.0260
2050.61 2050.61 0.0 103331.0116
2064.75 2064.75 0.0 103320.6909
2078.89 2078.89 0.0 103309.7211
2093.04 2093.04 0.0 103298.7878
2107.18 2107.18 0.0 103287.4557
2121.32 2121.32 0.0 103276.1895
2135.46 2135.46 0.0 103264.9878
2149.6 2149.6 0.0 103253.8485
2163.75 2163.75 0.0 103242.7661
2177.89 2177.89 0.0 103231.0332
2192.03 2192.03 0.0 103217.8159
2206.17 2206.17 0.0 103204.6921
2220.32 2220.32 0.0 103191.6495
2234.46 2234.46 0.0 103178.6910
2248.6 2248.6 0.0 103165.7856
2262.74 2262.74 0.0 103152.9691
2276.88 2276.88 0.0 103140.2426
2291.03 2291.03 0.0 103127.6801
2305.17 2305.17 0.0 103115.4119
2319.31 2319.31 0.0 103103.2279
2333.45 2333.45 0.0 103091.1418
2347.59 2347.59 0.0 103079.1804
2361.74 2361.74 0.0 103067.2935
2375.88 2375.88 0.0 103055.4951
2390.02 2390.02 0.0 103043.7766
2404.16 2404.16 0.0 103031.9674
2418.31 2418.31 0.0 103018.9249
2432.45 2432.45 0.0 103005.9891
2446.59 2446.59 0.0 102993.1523
2460.73 2460.73 0.0 102980.4147
2474.87 2474.87 0.0 102967.7728
2489.02 2489.02 0.0 102955.2196
2503.16 2503.16 0.0 102942.5804
2517.3 2517.3 0.0 102930.7910
2531.44 2531.44 0.0 102921.3243
2545.58 2545.58 0.0 102911.7743
2559.73 2559.73 0.0 102901.9604
2573.87 2573.87 0.0 102892.2139
2588.01 2588.01 0.0 102882.4994
2602.15 2602.15 0.0 102873.1047
2616.3 2616.3 0.0 102864.5190
2630.44 2630.44 0.0 102857.8234
2644.58 2644.58 0.0 102851.3864
2658.72 2658.72 0.0 102844.8519
2672.86 2672.86 0.0 102838.3448
2687.01 2687.01 0.0 102831.8611
2701.15 2701.15 0.0 102825.4100
2715.29 2715.29 0.0 102818.9861
2729.43 2729.43 0.0 102812.5216
2743.57 2743.57 0.0 102806.0150
2757.72 2757.72 0.0 102799.5327
2771.86 2771.86 0.0 102793.0817
2786.0 2786.0 0.0 102787.7372
2800.14 2800.14 0.0 102783.5530
2814.28 2814.28 0.0 102779.3793
2828.43 2828.43 0.0 102774.3955
2842.57 2842.57 0.0 102769.4714
2856.71 2856.71 0.0 102765.6133
2870.85 2870.85 0.0 102762.6077
2885.0 2885.0 0.0 102759.6010
2899.14 2899.14 0.0 102756.4954
2913.28 2913.28 0.0 102752.9392
2927.42 2927.42 0.0 102749.3920
2941.56 2941.56 0.0 102745.8533
2955.71 2955.71 0.0 102742.3223
2969.85 2969.85 0.0 102738.8014
2983.99 2983.99 0.0 102734.8134
2998.13 2998.13 0.0 102730.8916
3012.27 3012.27 0.0 102726.9834
3026.42 3026.42 0.0 102722.5308
3040.56 3040.56 0.0 102716.9619
3054.7 3054.7 0.0 102711.1511
3068.84 3068.84 0.0 102705.2219
3082.99 3082.99 0.0 102699.0548
3097.13 3097.13 0.0 102692.9219
3111.27 3111.27 0.0 102686.8160
3125.41 3125.41 0.0 102680.7368
3139.55 3139.55 0.0 102674.6849
3153.7 3153.7 0.0 102668.5325
3167.84 3167.84 0.0 102662.3966
3181.98 3181.98 0.0 102656.2911
3196.12 3196.12 0.0 102650.2131
3210.26 3210.26 0.0 102644.1603
3224.41 3224.41 0.0 102640.0217
3238.55 3238.55 0.0 102636.3698
3252.69 3252.69 0.0 102632.4861
3266.83 3266.83 0.0 102628.6152
3280.98 3280.98 0.0 102624.7521
3295.12 3295.12 0.0 102620.9034
3309.26 3309.26 0.0 102616.9437
3323.4 3323.4 0.0 102611.6974
3337.54 3337.54 0.0 102606.7281
3351.69 3351.69 0.0 102602.1749
3365.83 3365.83 0.0 102597.6027
3379.97 3379.97 0.0 102593.0389
3394.11 3394.11 0.0 102588.4904
3408.25 3408.25 0.0 102583.9575
3422.4 3422.4 0.0 102579.2174
3436.54 3436.54 0.0 102574.2467
3450.68 3450.68 0.0 102568.9951
3464.82 3464.82 0.0 102562.5255
3478.97 3478.97 0.0 102557.6503
3493.11 3493.11 0.0 102553.9131
3507.25 3507.25 0.0 102550.0959
3521.39 3521.39 0.0 102546.1005
3535.53 3535.53 0.0 102541.9237
3549.68 3549.68 0.0 102537.6761
3563.82 3563.82 0.0 102534.7671
3577.96 3577.96 0.0 102532.4735
3592.1 3592.1 0.0 102530.3953
3606.24 3606.24 0.0 102529.8364
3620.39 3620.39 0.0 102530.2499
3634.53 3634.53 0.0 102530.6635
3648.67 3648.67 0.0 102531.0785
3662.81 3662.81 0.0 102531.4923
3676.96 3676.96 0.0 102531.9075
3691.1 3691.1 0.0 102532.3217
3705.24 3705.24 0.0 102532.7355
3719.38 3719.38 0.0 102532.8195
3733.52 3733.52 0.0 102532.8016
3747.67 3747.67 0.0 102531.9535
3761.81 3761.81 0.0 102531.0221
3775.95 3775.95 0.0 102530.3063
3790.09 3790.09 0.0 102529.6482
3804.23 3804.23 0.0 102528.9916
3818.38 3818.38 0.0 102528.3336
3832.52 3832.52 0.0 102528.2092
3846.66 3846.66 0.0 102529.4725
3860.8 3860.8 0.0 102531.3555
3874.95 3874.95 0.0 102533.2402
3889.09 3889.09 0.0 102535.1298
3903.23 3903.23 0.0 102537.0210
3917.37 3917.37 0.0 102538.8962
3931.51 3931.51 0.0 102540.7394
3945.66 3945.66 0.0 102542.5867
3959.8 3959.8 0.0 102544.4344
3973.94 3973.94 0.0 102546.2866
3988.08 3988.08 0.0 102547.3574
4002.22 4002.22 0.0 102547.7897
4016.37 4016.37 0.0 102548.2234
4030.51 4030.51 0.0 102548.6571
4044.65 4044.65 0.0 102549.0701
4058.79 4058.79 0.0 102549.2379
4072.94 4072.94 0.0 102549.4050
4087.08 4087.08 0.0 102549.5576
4101.22 4101.22 0.0 102549.3688
4115.36 4115.36 0.0 102549.1774
4129.5 4129.5 0.0 102548.9884
4143.65 4143.65 0.0 102548.7994
4157.79 4157.79 0.0 102548.6093
4171.93 4171.93 0.0 102547.9336
4186.07 4186.07 0.0 102546.8525
4200.21 4200.21 0.0 102545.7716
4214.36 4214.36 0.0 102544.6907
4228.5 4228.5 0.0 102543.6117
4242.64 4242.64 0.0 102542.5327
