0.0 0.0 0.0 1410404.5000
70.7107 70.7107 0.0 184352.5234
141.421 141.421 0.0 125049.7207
212.132 212.132 0.0 111940.4082
282.843 282.843 0.0 107420.1904
353.553 353.553 0.0 105386.4136
424.264 424.264 0.0 104112.0195
494.975 494.975 0.0 103377.5403
565.685 565.685 0.0 102846.0509
636.396 636.396 0.0 102560.0228
707.107 707.107 0.0 102328.1219
777.817 777.817 0.0 102177.1208
848.528 848.528 0.0 102063.6798
919.239 919.239 0.0 101972.3656
989.949 989.949 0.0 101907.6660
1060.66 1060.66 0.0 101849.7100
1131.37 1131.37 0.0 101798.6669
1202.08 1202.08 0.0 101755.4632
1272.79 1272.79 0.0 101734.0737
1343.5 1343.5 0.0 101719.1868
1414.21 1414.21 0.0 101706.5870
1484.92 1484.92 0.0 101692.6480
1555.63 1555.63 0.0 101678.9117
1626.35 1626.35 0.0 101665.5545
1697.06 1697.06 0.0 101652.7382
1767.77 1767.77 0.0 101644.7878
1838.48 1838.48 0.0 101637.8165
1909.19 1909.19 0.0 101629.4347
1979.9 1979.9 0.0 101619.2887
2050.61 2050.61 0.0 101609.3295
2121.32 2121.32 0.0 101602.8560
2192.03 2192.03 0.0 101599.6508
2262.74 2262.74 0.0 101596.8399
2333.45 2333.45 0.0 101593.8986
2404.16 2404.16 0.0 101590.0617
2474.87 2474.87 0.0 101585.9294
2545.58 2545.58 0.0 101581.8562
2616.3 2616.3 0.0 101578.4029
2687.01 2687.01 0.0 101574.9601
2757.72 2757.72 0.0 101571.0644
2828.43 2828.43 0.0 101565.6386
2899.14 2899.14 0.0 101559.0217
2969.85 2969.85 0.0 101552.2303
3040.56 3040.56 0.0 101543.4202
3111.27 3111.27 0.0 101536.8022
3181.98 3181.98 0.0 101530.5692
3252.69 3252.69 0.0 101524.2381
3323.4 3323.4 0.0 101517.7903
3394.11 3394.11 0.0 101511.8795
3464.82 3464.82 0.0 101505.6976
3535.53 3535.53 0.0 101499.6740
3606.24 3606.24 0.0 101493.7075
3676.96 3676.96 0.0 101487.9436
3747.67 3747.67 0.0 101480.6924
3818.38 3818.38 0.0 101472.7195
3889.09 3889.09 0.0 101465.0466
3959.8 3959.8 0.0 101457.6394
4030.51 4030.51 0.0 101450.4978
4101.22 4101.22 0.0 101443.7409
4171.93 4171.93 0.0 101437.3474
4242.64 4242.64 0.0 101431.2984
4313.35 4313.35 0.0 101425.3876
4384.06 4384.06 0.0 101419.7741
4454.77 4454.77 0.0 101414.4739
4525.48 4525.48 0.0 101409.2632
4596.19 4596.19 0.0 101404.6299
4666.9 4666.9 0.0 101400.3184
4737.62 4737.62 0.0 101396.2397
4808.33 4808.33 0.0 101392.3485
4879.04 4879.04 0.0 101388.6263
4949.75 4949.75 0.0 101385.1099
5020.46 5020.46 0.0 101381.7474
5091.17 5091.17 0.0 101378.5521
5161.88 5161.88 0.0 101375.5368
5232.59 5232.59 0.0 101372.6913
5303.3 5303.3 0.0 101370.0241
5374.01 5374.01 0.0 101367.5541
5444.72 5444.72 0.0 101365.4569
5515.43 5515.43 0.0 101363.4430
5586.14 5586.14 0.0 101361.4873
5656.85 5656.85 0.0 101359.6310
5727.56 5727.56 0.0 101357.8692
5798.28 5798.28 0.0 101356.1969
5868.99 5868.99 0.0 101354.5865
5939.7 5939.7 0.0 101353.0575
6010.41 6010.41 0.0 101351.6074
6081.12 6081.12 0.0 101350.2323
6151.83 6151.83 0.0 101348.9282
6222.54 6222.54 0.0 101347.6915
6293.25 6293.25 0.0 101346.5188
6363.96 6363.96 0.0 101345.4066
6434.67 6434.67 0.0 101344.1700
6505.38 6505.38 0.0 101343.1031
6576.09 6576.09 0.0 101342.0945
6646.8 6646.8 0.0 101341.1411
6717.51 6717.51 0.0 101340.2401
6788.23 6788.23 0.0 101339.4066
6858.94 6858.94 0.0 101338.6095
6929.65 6929.65 0.0 101337.8562
7000.36 7000.36 0.0 101337.1445
7071.07 7071.07 0.0 101336.4722
7141.78 7141.78 0.0 101335.8372
7212.49 7212.49 0.0 101335.2373
7283.2 7283.2 0.0 101334.6706
7353.91 7353.91 0.0 101334.1351
7424.62 7424.62 0.0 101333.6113
7495.33 7495.33 0.0 101333.1170
7566.04 7566.04 0.0 101332.6511
7636.75 7636.75 0.0 101332.2119
7707.46 7707.46 0.0 101331.7968
7778.17 7778.17 0.0 101331.4051
