0.0 0.0 0.0 1145564.1875
14.1421 14.1421 0.0 1093839.4375
28.2843 28.2843 0.0 1042844.6875
42.4264 42.4264 0.0 987095.3125
56.5685 56.5685 0.0 929559.8750
70.7107 70.7107 0.0 869840.7500
84.8528 84.8528 0.0 808671.2500
98.9949 98.9949 0.0 746432.4375
113.137 113.137 0.0 685180.1875
127.279 127.279 0.0 625503.6250
141.421 141.421 0.0 565607.3750
155.563 155.563 0.0 507433.3750
169.706 169.706 0.0 452267.6875
183.848 183.848 0.0 402662.4375
197.99 197.99 0.0 366071.5312
212.132 212.132 0.0 335085.4062
226.274 226.274 0.0 320110.6406
240.416 240.416 0.0 305470.7812
254.558 254.558 0.0 291359.4531
268.701 268.701 0.0 278004.3594
282.843 282.843 0.0 265131.8906
296.985 296.985 0.0 253112.4688
311.127 311.127 0.0 241695.2969
325.269 325.269 0.0 230408.8438
339.411 339.411 0.0 220026.0391
353.553 353.553 0.0 211134.4453
367.696 367.696 0.0 203569.8594
381.838 381.838 0.0 196174.7969
395.98 395.98 0.0 189229.9219
410.122 410.122 0.0 182746.4297
424.264 424.264 0.0 176727.8906
438.406 438.406 0.0 172787.9766
452.548 452.548 0.0 169168.3047
466.69 466.69 0.0 165701.3477
480.833 480.833 0.0 162469.0195
494.975 494.975 0.0 159561.6836
509.117 509.117 0.0 157178.3477
523.259 523.259 0.0 154880.1133
537.401 537.401 0.0 152622.6133
551.543 551.543 0.0 150508.9141
565.685 565.685 0.0 148516.4609
579.828 579.828 0.0 146603.6523
593.97 593.97 0.0 144770.1484
608.112 608.112 0.0 143009.3320
622.254 622.254 0.0 141315.5234
636.396 636.396 0.0 139689.1719
650.538 650.538 0.0 138127.7539
664.68 664.68 0.0 136628.7617
678.823 678.823 0.0 135189.6992
692.965 692.965 0.0 133789.2949
707.107 707.107 0.0 132443.6426
721.249 721.249 0.0 131139.2207
735.391 735.391 0.0 130019.4238
749.533 749.533 0.0 129009.7500
763.675 763.675 0.0 128150.7246
777.817 777.817 0.0 127336.5625
791.96 791.96 0.0 126546.7812
806.102 806.102 0.0 125780.7188
820.244 820.244 0.0 125037.6602
834.386 834.386 0.0 124379.4941
848.528 848.528 0.0 123765.4121
862.67 862.67 0.0 123169.2754
876.812 876.812 0.0 122585.0898
890.955 890.955 0.0 121993.7207
905.097 905.097 0.0 121416.9414
919.239 919.239 0.0 120856.1094
933.381 933.381 0.0 120432.7812
947.523 947.523 0.0 120038.6445
961.665 961.665 0.0 119652.5723
975.807 975.807 0.0 119274.3926
989.949 989.949 0.0 118906.4004
1004.09 1004.09 0.0 118600.6816
1018.23 1018.23 0.0 118266.2402
1032.38 1032.38 0.0 117937.9707
1046.52 1046.52 0.0 117598.0107
1060.66 1060.66 0.0 117263.5928
1074.8 1074.8 0.0 116936.0010
1088.94 1088.94 0.0 116615.0918
1103.09 1103.09 0.0 116300.3340
1117.23 1117.23 0.0 115992.1807
1131.37 1131.37 0.0 115690.3232
1145.51 1145.51 0.0 115408.5781
1159.66 1159.66 0.0 115141.6797
1173.8 1173.8 0.0 114879.9795
1187.94 1187.94 0.0 114623.2158
1202.08 1202.08 0.0 114371.2461
1216.22 1216.22 0.0 114119.4258
1230.37 1230.37 0.0 113868.3633
1244.51 1244.51 0.0 113617.3076
1258.65 1258.65 0.0 113371.2422
1272.79 1272.79 0.0 113129.6855
1286.93 1286.93 0.0 112888.9541
1301.08 1301.08 0.0 112652.9326
1315.22 1315.22 0.0 112421.8633
1329.36 1329.36 0.0 112195.4941
1343.5 1343.5 0.0 111973.7070
1357.65 1357.65 0.0 111756.2725
1371.79 1371.79 0.0 111543.4014
1385.93 1385.93 0.0 111337.7588
1400.07 1400.07 0.0 111136.5654
1414.21 1414.21 0.0 110933.7393
1428.36 1428.36 0.0 110726.1445
1442.5 1442.5 0.0 110522.3789
1456.64 1456.64 0.0 110322.5889
1470.78 1470.78 0.0 110127.1123
1484.92 1484.92 0.0 109935.0508
1499.07 1499.07 0.0 109743.3730
1513.21 1513.21 0.0 109587.1738
1527.35 1527.35 0.0 109449.5752
1541.49 1541.49 0.0 109316.4619
1555.63 1555.63 0.0 109195.7246
1569.78 1569.78 0.0 109076.7153
1583.92 1583.92 0.0 108988.1548
1598.06 1598.06 0.0 108904.0767
1612.2 1612.2 0.0 108820.9102
1626.35 1626.35 0.0 108739.1279
1640.49 1640.49 0.0 108684.6064
1654.63 1654.63 0.0 108636.5195
1668.77 1668.77 0.0 108588.7393
1682.91 1682.91 0.0 108541.2695
1697.06 1697.06 0.0 108494.0820
1711.2 1711.2 0.0 108447.1201
1725.34 1725.34 0.0 108398.4751
1739.48 1739.48 0.0 108358.9663
1753.62 1753.62 0.0 108328.4473
1767.77 1767.77 0.0 108297.4341
1781.91 1781.91 0.0 108265.3408
1796.05 1796.05 0.0 108233.3906
1810.19 1810.19 0.0 108204.6729
1824.34 1824.34 0.0 108176.5825
1838.48 1838.48 0.0 108144.7090
1852.62 1852.62 0.0 108110.6426
1866.76 1866.76 0.0 108076.7456
1880.9 1880.9 0.0 108044.0576
1895.05 1895.05 0.0 108015.9146
1909.19 1909.19 0.0 107988.2881
1923.33 1923.33 0.0 107963.4819
1937.47 1937.47 0.0 107936.5332
1951.61 1951.61 0.0 107908.7451
1965.76 1965.76 0.0 107881.0454
1979.9 1979.9 0.0 107853.4834
1994.04 1994.04 0.0 107826.0371
2008.18 2008.18 0.0 107798.7090
2022.33 2022.33 0.0 107770.9653
2036.47 2036.47 0.0 107743.1050
2050.61 2050.61 0.0 107715.3647
2064.75 2064.75 0.0 107687.0127
2078.89 2078.89 0.0 107657.4038
2093.04 2093.04 0.0 107634.3320
2107.18 2107.18 0.0 107611.2153
2121.32 2121.32 0.0 107588.1865
2135.46 2135.46 0.0 107564.9424
2149.6 2149.6 0.0 107541.4028
2163.75 2163.75 0.0 107517.9365
2177.89 2177.89 0.0 107494.5796
2192.03 2192.03 0.0 107471.3018
2206.17 2206.17 0.0 107448.1172
2220.32 2220.32 0.0 107424.2861
2234.46 2234.46 0.0 107400.4663
2248.6 2248.6 0.0 107376.7432
2262.74 2262.74 0.0 107349.5825
2276.88 2276.88 0.0 107319.4751
2291.03 2291.03 0.0 107288.8555
2305.17 2305.17 0.0 107258.4106
2319.31 2319.31 0.0 107228.1157
2333.45 2333.45 0.0 107197.9824
2347.59 2347.59 0.0 107168.0059
2361.74 2361.74 0.0 107138.1548
2375.88 2375.88 0.0 107107.7490
2390.02 2390.02 0.0 107077.0308
2404.16 2404.16 0.0 107046.3232
2418.31 2418.31 0.0 107015.7549
2432.45 2432.45 0.0 106985.5054
2446.59 2446.59 0.0 106956.9023
2460.73 2460.73 0.0 106928.4380
2474.87 2474.87 0.0 106899.7886
2489.02 2489.02 0.0 106870.6602
2503.16 2503.16 0.0 106841.4185
2517.3 2517.3 0.0 106811.4663
2531.44 2531.44 0.0 106783.6343
2545.58 2545.58 0.0 106757.6963
2559.73 2559.73 0.0 106731.9453
2573.87 2573.87 0.0 106705.7974
2588.01 2588.01 0.0 106679.5996
2602.15 2602.15 0.0 106653.5264
2616.3 2616.3 0.0 106627.5620
2630.44 2630.44 0.0 106601.7417
2644.58 2644.58 0.0 106576.0439
2658.72 2658.72 0.0 106549.5864
2672.86 2672.86 0.0 106521.7866
2687.01 2687.01 0.0 106494.1309
2701.15 2701.15 0.0 106466.4756
2715.29 2715.29 0.0 106437.7549
2729.43 2729.43 0.0 106409.1938
2743.57 2743.57 0.0 106380.7871
2757.72 2757.72 0.0 106352.0679
2771.86 2771.86 0.0 106321.9849
2786.0 2786.0 0.0 106291.7603
2800.14 2800.14 0.0 106261.3096
2814.28 2814.28 0.0 106230.0415
2828.43 2828.43 0.0 106198.9409
2842.57 2842.57 0.0 106168.0620
2856.71 2856.71 0.0 106137.3770
2870.85 2870.85 0.0 106106.8872
2885.0 2885.0 0.0 106076.5703
2899.14 2899.14 0.0 106046.4590
2913.28 2913.28 0.0 106016.8545
2927.42 2927.42 0.0 105987.6772
2941.56 2941.56 0.0 105958.6782
2955.71 2955.71 0.0 105930.1445
2969.85 2969.85 0.0 105901.8340
2983.99 2983.99 0.0 105873.6968
2998.13 2998.13 0.0 105845.8662
3012.27 3012.27 0.0 105818.3540
3026.42 3026.42 0.0 105790.9946
3040.56 3040.56 0.0 105763.8208
3054.7 3054.7 0.0 105736.8071
3068.84 3068.84 0.0 105709.9619
3082.99 3082.99 0.0 105677.5708
3097.13 3097.13 0.0 105644.2729
3111.27 3111.27 0.0 105611.7803
3125.41 3125.41 0.0 105579.5322
3139.55 3139.55 0.0 105547.5254
3153.7 3153.7 0.0 105516.4185
3167.84 3167.84 0.0 105492.0835
3181.98 3181.98 0.0 105467.4341
3196.12 3196.12 0.0 105442.9341
3210.26 3210.26 0.0 105418.5781
3224.41 3224.41 0.0 105394.2346
3238.55 3238.55 0.0 105369.1350
3252.69 3252.69 0.0 105344.1863
3266.83 3266.83 0.0 105319.3960
3280.98 3280.98 0.0 105292.2339
3295.12 3295.12 0.0 105263.9868
3309.26 3309.26 0.0 105235.9368
3323.4 3323.4 0.0 105208.0879
3337.54 3337.54 0.0 105183.4583
3351.69 3351.69 0.0 105160.6782
3365.83 3365.83 0.0 105138.0525
3379.97 3379.97 0.0 105114.9124
3394.11 3394.11 0.0 105091.5305
3408.25 3408.25 0.0 105066.2871
3422.4 3422.4 0.0 105042.4312
3436.54 3436.54 0.0 105022.8223
3450.68 3450.68 0.0 105006.4011
3464.82 3464.82 0.0 104991.9163
3478.97 3478.97 0.0 104977.4758
3493.11 3493.11 0.0 104962.8325
3507.25 3507.25 0.0 104951.1636
3521.39 3521.39 0.0 104943.7068
3535.53 3535.53 0.0 104936.2683
3549.68 3549.68 0.0 104928.8333
3563.82 3563.82 0.0 104921.4272
3577.96 3577.96 0.0 104914.0293
3592.1 3592.1 0.0 104906.4795
3606.24 3606.24 0.0 104898.9407
3620.39 3620.39 0.0 104891.4143
3634.53 3634.53 0.0 104883.9070
3648.67 3648.67 0.0 104876.4192
3662.81 3662.81 0.0 104868.9431
3676.96 3676.96 0.0 104861.4797
3691.1 3691.1 0.0 104854.0391
3705.24 3705.24 0.0 104846.6101
3719.38 3719.38 0.0 104839.2019
3733.52 3733.52 0.0 104831.8047
3747.67 3747.67 0.0 104824.4124
3761.81 3761.81 0.0 104817.1807
3775.95 3775.95 0.0 104810.5908
3790.09 3790.09 0.0 104804.0105
3804.23 3804.23 0.0 104797.4485
3818.38 3818.38 0.0 104790.8977
3832.52 3832.52 0.0 104784.3523
3846.66 3846.66 0.0 104777.6587
3860.8 3860.8 0.0 104770.9546
3874.95 3874.95 0.0 104764.2634
3889.09 3889.09 0.0 104757.2473
3903.23 3903.23 0.0 104750.0642
3917.37 3917.37 0.0 104742.8948
3931.51 3931.51 0.0 104735.7422
3945.66 3945.66 0.0 104728.6008
3959.8 3959.8 0.0 104721.4758
3973.94 3973.94 0.0 104714.5276
3988.08 3988.08 0.0 104707.7383
4002.22 4002.22 0.0 104700.9607
4016.37 4016.37 0.0 104694.1970
4030.51 4030.51 0.0 104687.4468
4044.65 4044.65 0.0 104680.7163
4058.79 4058.79 0.0 104673.9929
4072.94 4072.94 0.0 104667.2800
4087.08 4087.08 0.0 104660.5854
4101.22 4101.22 0.0 104653.9036
4115.36 4115.36 0.0 104647.2358
4129.5 4129.5 0.0 104640.5825
4143.65 4143.65 0.0 104633.9363
4157.79 4157.79 0.0 104627.3113
4171.93 4171.93 0.0 104620.6960
4186.07 4186.07 0.0 104614.0911
4200.21 4200.21 0.0 104607.5061
4214.36 4214.36 0.0 104600.9292
4228.5 4228.5 0.0 104594.3501
4242.64 4242.64 0.0 104587.5588
