0.0 0.0 0.0 355038.6719
14.1421 14.1421 0.0 353173.1250
28.2843 28.2843 0.0 351304.4531
42.4264 42.4264 0.0 349444.9062
56.5685 56.5685 0.0 347597.5938
70.7107 70.7107 0.0 345762.4219
84.8528 84.8528 0.0 343939.2812
98.9949 98.9949 0.0 342128.2031
113.137 113.137 0.0 340329.0938
127.279 127.279 0.0 338541.7969
141.421 141.421 0.0 336838.9375
155.563 155.563 0.0 335644.5000
169.706 169.706 0.0 334446.7656
183.848 183.848 0.0 333254.5938
197.99 197.99 0.0 332064.6406
212.132 212.132 0.0 330846.0625
226.274 226.274 0.0 329640.7969
240.416 240.416 0.0 328362.4375
254.558 254.558 0.0 327086.5312
268.701 268.701 0.0 325816.9688
282.843 282.843 0.0 324553.9062
296.985 296.985 0.0 323276.7344
311.127 311.127 0.0 321976.0938
325.269 325.269 0.0 320682.2031
339.411 339.411 0.0 319393.3125
353.553 353.553 0.0 318110.9375
367.696 367.696 0.0 316827.5469
381.838 381.838 0.0 315506.4531
395.98 395.98 0.0 314192.5938
410.122 410.122 0.0 312885.9375
424.264 424.264 0.0 311586.5469
438.406 438.406 0.0 310294.3281
452.548 452.548 0.0 308963.2188
466.69 466.69 0.0 307607.7500
480.833 480.833 0.0 306253.7500
494.975 494.975 0.0 304903.2188
509.117 509.117 0.0 303560.7188
523.259 523.259 0.0 302226.3438
537.401 537.401 0.0 300848.4844
551.543 551.543 0.0 299458.7812
565.685 565.685 0.0 298061.8281
579.828 579.828 0.0 296628.3438
593.97 593.97 0.0 295077.6562
608.112 608.112 0.0 293431.2656
622.254 622.254 0.0 291687.3750
636.396 636.396 0.0 289934.0312
650.538 650.538 0.0 288160.1719
664.68 664.68 0.0 286373.0312
678.823 678.823 0.0 284576.5938
692.965 692.965 0.0 282781.3281
707.107 707.107 0.0 280997.5781
721.249 721.249 0.0 279224.5469
735.391 735.391 0.0 277467.5312
749.533 749.533 0.0 275675.8281
763.675 763.675 0.0 273850.3594
777.817 777.817 0.0 272012.3438
791.96 791.96 0.0 270134.6719
806.102 806.102 0.0 268325.0625
820.244 820.244 0.0 266495.4062
834.386 834.386 0.0 264610.2031
848.528 848.528 0.0 262724.0469
862.67 862.67 0.0 260755.8750
876.812 876.812 0.0 258696.3125
890.955 890.955 0.0 256617.5781
905.097 905.097 0.0 254530.5312
919.239 919.239 0.0 252372.9062
933.381 933.381 0.0 250686.2969
947.523 947.523 0.0 249124.0312
961.665 961.665 0.0 247501.7656
975.807 975.807 0.0 245871.2500
989.949 989.949 0.0 244529.9219
1004.09 1004.09 0.0 243232.8281
1018.23 1018.23 0.0 241891.0156
1032.38 1032.38 0.0 240546.5469
1046.52 1046.52 0.0 239215.0625
1060.66 1060.66 0.0 237895.3906
1074.8 1074.8 0.0 236568.5938
1088.94 1088.94 0.0 235216.8438
1103.09 1103.09 0.0 233871.5000
1117.23 1117.23 0.0 232589.9531
1131.37 1131.37 0.0 231414.6562
1145.51 1145.51 0.0 230349.3125
1159.66 1159.66 0.0 229219.7891
1173.8 1173.8 0.0 228100.3125
1187.94 1187.94 0.0 227054.8125
1202.08 1202.08 0.0 225990.9375
1216.22 1216.22 0.0 224935.5000
1230.37 1230.37 0.0 223887.7500
1244.51 1244.51 0.0 222724.5703
1258.65 1258.65 0.0 221505.3281
1272.79 1272.79 0.0 220314.7656
1286.93 1286.93 0.0 219138.7656
1301.08 1301.08 0.0 217972.9766
1315.22 1315.22 0.0 216819.8750
1329.36 1329.36 0.0 215683.5703
1343.5 1343.5 0.0 214557.4609
1357.65 1357.65 0.0 213441.0000
1371.79 1371.79 0.0 212335.7578
1385.93 1385.93 0.0 211240.8594
1400.07 1400.07 0.0 210156.0938
1414.21 1414.21 0.0 209083.3125
1428.36 1428.36 0.0 208044.0781
1442.5 1442.5 0.0 207015.1172
1456.64 1456.64 0.0 205995.5859
1470.78 1470.78 0.0 204953.0391
1484.92 1484.92 0.0 203919.2109
1499.07 1499.07 0.0 202891.6016
1513.21 1513.21 0.0 201865.6641
1527.35 1527.35 0.0 200849.6250
1541.49 1541.49 0.0 199842.0469
1555.63 1555.63 0.0 198830.4531
1569.78 1569.78 0.0 197832.6797
1583.92 1583.92 0.0 196845.4531
1598.06 1598.06 0.0 195867.7812
1612.2 1612.2 0.0 194943.8672
1626.35 1626.35 0.0 194175.8594
1640.49 1640.49 0.0 193382.1172
1654.63 1654.63 0.0 192570.3203
1668.77 1668.77 0.0 191765.3984
1682.91 1682.91 0.0 190967.2500
1697.06 1697.06 0.0 190175.3203
1711.2 1711.2 0.0 189449.5078
1725.34 1725.34 0.0 188841.3516
1739.48 1739.48 0.0 188236.8281
1753.62 1753.62 0.0 187636.3438
1767.77 1767.77 0.0 187082.7344
1781.91 1781.91 0.0 186617.5078
1796.05 1796.05 0.0 186154.6406
1810.19 1810.19 0.0 185694.2500
1824.34 1824.34 0.0 185159.9844
1838.48 1838.48 0.0 184605.6719
1852.62 1852.62 0.0 184018.2656
1866.76 1866.76 0.0 183430.2109
1880.9 1880.9 0.0 182843.5781
1895.05 1895.05 0.0 182260.5859
1909.19 1909.19 0.0 181686.5859
1923.33 1923.33 0.0 181118.6406
1937.47 1937.47 0.0 180555.0156
1951.61 1951.61 0.0 179994.4531
1965.76 1965.76 0.0 179431.6484
1979.9 1979.9 0.0 178886.0859
1994.04 1994.04 0.0 178339.2188
2008.18 2008.18 0.0 177796.9219
2022.33 2022.33 0.0 177238.2500
2036.47 2036.47 0.0 176671.1484
2050.61 2050.61 0.0 176052.2422
2064.75 2064.75 0.0 175474.9688
2078.89 2078.89 0.0 174924.2812
2093.04 2093.04 0.0 174377.1641
2107.18 2107.18 0.0 173834.3594
2121.32 2121.32 0.0 173288.0938
2135.46 2135.46 0.0 172743.6562
2149.6 2149.6 0.0 172203.2891
2163.75 2163.75 0.0 171607.8203
2177.89 2177.89 0.0 171012.2344
2192.03 2192.03 0.0 170426.3359
2206.17 2206.17 0.0 169845.0703
2220.32 2220.32 0.0 169268.1172
2234.46 2234.46 0.0 168696.3125
2248.6 2248.6 0.0 168146.0156
2262.74 2262.74 0.0 167606.3047
2276.88 2276.88 0.0 167070.8516
2291.03 2291.03 0.0 166539.1562
2305.17 2305.17 0.0 166012.0078
2319.31 2319.31 0.0 165489.0039
2333.45 2333.45 0.0 164970.0938
2347.59 2347.59 0.0 164455.2539
2361.74 2361.74 0.0 163944.0742
2375.88 2375.88 0.0 163437.2734
2390.02 2390.02 0.0 162934.4492
2404.16 2404.16 0.0 162435.5742
2418.31 2418.31 0.0 161940.2539
2432.45 2432.45 0.0 161449.1875
2446.59 2446.59 0.0 160948.7930
2460.73 2460.73 0.0 160450.9883
2474.87 2474.87 0.0 159957.2070
2489.02 2489.02 0.0 159467.1016
2503.16 2503.16 0.0 158981.3047
2517.3 2517.3 0.0 158499.4609
2531.44 2531.44 0.0 158021.9219
2545.58 2545.58 0.0 157556.7109
2559.73 2559.73 0.0 157094.8594
2573.87 2573.87 0.0 156637.0234
2588.01 2588.01 0.0 156188.8945
2602.15 2602.15 0.0 155744.4102
2616.3 2616.3 0.0 155297.3086
2630.44 2630.44 0.0 154817.1875
2644.58 2644.58 0.0 154341.3008
2658.72 2658.72 0.0 153854.5078
2672.86 2672.86 0.0 153319.1875
2687.01 2687.01 0.0 152765.8672
2701.15 2701.15 0.0 152182.5742
2715.29 2715.29 0.0 151606.3867
2729.43 2729.43 0.0 151036.5547
2743.57 2743.57 0.0 150443.3906
2757.72 2757.72 0.0 149837.9609
2771.86 2771.86 0.0 149236.0898
2786.0 2786.0 0.0 148599.1875
2800.14 2800.14 0.0 147914.2578
2814.28 2814.28 0.0 147178.4961
2828.43 2828.43 0.0 146453.5898
2842.57 2842.57 0.0 145735.1914
2856.71 2856.71 0.0 145017.1602
2870.85 2870.85 0.0 144314.6992
2885.0 2885.0 0.0 143674.8672
2899.14 2899.14 0.0 143041.2500
2913.28 2913.28 0.0 142415.1211
2927.42 2927.42 0.0 141798.1953
2941.56 2941.56 0.0 141190.3594
2955.71 2955.71 0.0 140591.0391
2969.85 2969.85 0.0 140099.1055
2983.99 2983.99 0.0 139602.0117
2998.13 2998.13 0.0 139096.5234
3012.27 3012.27 0.0 138597.5547
3026.42 3026.42 0.0 138104.6914
3040.56 3040.56 0.0 137634.0039
3054.7 3054.7 0.0 137177.0391
3068.84 3068.84 0.0 136804.1914
3082.99 3082.99 0.0 136434.8789
3097.13 3097.13 0.0 136069.6250
3111.27 3111.27 0.0 135708.2188
3125.41 3125.41 0.0 135364.2695
3139.55 3139.55 0.0 135029.3750
3153.7 3153.7 0.0 134701.2188
3167.84 3167.84 0.0 134390.9375
3181.98 3181.98 0.0 134085.4707
3196.12 3196.12 0.0 133782.7695
3210.26 3210.26 0.0 133482.8203
3224.41 3224.41 0.0 133185.3887
3238.55 3238.55 0.0 132915.8984
3252.69 3252.69 0.0 132665.6777
3266.83 3266.83 0.0 132417.4141
3280.98 3280.98 0.0 132170.9004
3295.12 3295.12 0.0 131926.4941
3309.26 3309.26 0.0 131683.9961
3323.4 3323.4 0.0 131443.3887
3337.54 3337.54 0.0 131204.6738
3351.69 3351.69 0.0 131016.5625
3365.83 3365.83 0.0 130844.0020
3379.97 3379.97 0.0 130672.4453
3394.11 3394.11 0.0 130501.8750
3408.25 3408.25 0.0 130332.2109
3422.4 3422.4 0.0 130161.7402
3436.54 3436.54 0.0 129991.4824
3450.68 3450.68 0.0 129822.1777
3464.82 3464.82 0.0 129653.8965
3478.97 3478.97 0.0 129486.4785
3493.11 3493.11 0.0 129328.1191
3507.25 3507.25 0.0 129186.0664
3521.39 3521.39 0.0 129044.8555
3535.53 3535.53 0.0 128904.3379
3549.68 3549.68 0.0 128764.4180
3563.82 3563.82 0.0 128625.3027
3577.96 3577.96 0.0 128487.0332
3592.1 3592.1 0.0 128349.5352
3606.24 3606.24 0.0 128212.7598
3620.39 3620.39 0.0 128076.5742
3634.53 3634.53 0.0 127941.0117
3648.67 3648.67 0.0 127802.1387
3662.81 3662.81 0.0 127663.9590
3676.96 3676.96 0.0 127526.4219
3691.1 3691.1 0.0 127389.9160
3705.24 3705.24 0.0 127254.4824
3719.38 3719.38 0.0 127119.6250
3733.52 3733.52 0.0 126985.4375
3747.67 3747.67 0.0 126851.8496
3761.81 3761.81 0.0 126719.0254
3775.95 3775.95 0.0 126586.9082
3790.09 3790.09 0.0 126455.4746
3804.23 3804.23 0.0 126319.1836
3818.38 3818.38 0.0 126178.2852
3832.52 3832.52 0.0 126038.2754
3846.66 3846.66 0.0 125899.0449
3860.8 3860.8 0.0 125760.5898
3874.95 3874.95 0.0 125622.8125
3889.09 3889.09 0.0 125485.8848
3903.23 3903.23 0.0 125354.4258
3917.37 3917.37 0.0 125224.6777
3931.51 3931.51 0.0 125095.5820
3945.66 3945.66 0.0 124967.1094
3959.8 3959.8 0.0 124839.4102
3973.94 3973.94 0.0 124712.3828
3988.08 3988.08 0.0 124586.0273
4002.22 4002.22 0.0 124459.4043
4016.37 4016.37 0.0 124331.1523
4030.51 4030.51 0.0 124202.9102
4044.65 4044.65 0.0 124075.3809
4058.79 4058.79 0.0 123947.6074
4072.94 4072.94 0.0 123819.9277
4087.08 4087.08 0.0 123693.0430
4101.22 4101.22 0.0 123566.8672
4115.36 4115.36 0.0 123441.4004
4129.5 4129.5 0.0 123316.6289
4143.65 4143.65 0.0 123192.4590
4157.79 4157.79 0.0 123069.0918
4171.93 4171.93 0.0 122946.3926
4186.07 4186.07 0.0 122820.7754
4200.21 4200.21 0.0 122693.8438
4214.36 4214.36 0.0 122567.5586
4228.5 4228.5 0.0 122442.0996
4242.64 4242.64 0.0 122317.3750
