0.0 0.0 0.0 2010325.5000
14.1421 14.1421 0.0 1938602.6250
28.2843 28.2843 0.0 1855645.3750
42.4264 42.4264 0.0 1762958.7500
56.5685 56.5685 0.0 1664451.6250
70.7107 70.7107 0.0 1549469.6250
84.8528 84.8528 0.0 1411878.5000
98.9949 98.9949 0.0 1261753.2500
113.137 113.137 0.0 1111028.8750
127.279 127.279 0.0 969503.8125
141.421 141.421 0.0 839739.9375
155.563 155.563 0.0 721227.3125
169.706 169.706 0.0 614481.5312
183.848 183.848 0.0 521157.3438
197.99 197.99 0.0 443320.9062
212.132 212.132 0.0 377607.4688
226.274 226.274 0.0 323145.0312
240.416 240.416 0.0 298968.8281
254.558 254.558 0.0 279797.1094
268.701 268.701 0.0 261939.2656
282.843 282.843 0.0 247378.5469
296.985 296.985 0.0 234470.3906
311.127 311.127 0.0 222646.9609
325.269 325.269 0.0 211837.3828
339.411 339.411 0.0 202299.2500
353.553 353.553 0.0 195254.1094
367.696 367.696 0.0 189735.8203
381.838 381.838 0.0 184528.7656
395.98 395.98 0.0 179616.5391
410.122 410.122 0.0 174980.6719
424.264 424.264 0.0 170560.5938
438.406 438.406 0.0 166386.5039
452.548 452.548 0.0 162440.9570
466.69 466.69 0.0 158723.1953
480.833 480.833 0.0 155799.7070
494.975 494.975 0.0 153261.2930
509.117 509.117 0.0 150803.9180
523.259 523.259 0.0 148291.1641
537.401 537.401 0.0 145894.4570
551.543 551.543 0.0 143596.9844
565.685 565.685 0.0 141563.5586
579.828 579.828 0.0 139798.5000
593.97 593.97 0.0 138109.5430
608.112 608.112 0.0 136493.4531
622.254 622.254 0.0 134947.1914
636.396 636.396 0.0 133581.3730
650.538 650.538 0.0 132559.2578
664.68 664.68 0.0 131558.3398
678.823 678.823 0.0 130588.7363
692.965 692.965 0.0 129649.8633
707.107 707.107 0.0 128740.7324
721.249 721.249 0.0 127860.3633
735.391 735.391 0.0 127007.9062
749.533 749.533 0.0 126228.1973
763.675 763.675 0.0 125472.4102
777.817 777.817 0.0 124707.2070
791.96 791.96 0.0 123966.0117
806.102 806.102 0.0 123246.3457
820.244 820.244 0.0 122551.4141
834.386 834.386 0.0 121925.7363
848.528 848.528 0.0 121318.3066
862.67 862.67 0.0 120731.2285
876.812 876.812 0.0 120162.1660
890.955 890.955 0.0 119609.5840
905.097 905.097 0.0 119073.1230
919.239 919.239 0.0 118552.2285
933.381 933.381 0.0 118046.5352
947.523 947.523 0.0 117552.6104
961.665 961.665 0.0 117089.3555
975.807 975.807 0.0 116677.2617
989.949 989.949 0.0 116275.8662
1004.09 1004.09 0.0 115973.9385
1018.23 1018.23 0.0 115707.5869
1032.38 1032.38 0.0 115445.8564
1046.52 1046.52 0.0 115189.0527
1060.66 1060.66 0.0 114942.3955
1074.8 1074.8 0.0 114704.6328
1088.94 1088.94 0.0 114471.0010
1103.09 1103.09 0.0 114240.1426
1117.23 1117.23 0.0 114004.4854
1131.37 1131.37 0.0 113768.0938
1145.51 1145.51 0.0 113547.2803
1159.66 1159.66 0.0 113338.2002
1173.8 1173.8 0.0 113123.6221
1187.94 1187.94 0.0 112912.3008
1202.08 1202.08 0.0 112704.7197
1216.22 1216.22 0.0 112500.8525
1230.37 1230.37 0.0 112301.0410
1244.51 1244.51 0.0 112110.3711
1258.65 1258.65 0.0 111923.3027
1272.79 1272.79 0.0 111739.4570
1286.93 1286.93 0.0 111558.7939
1301.08 1301.08 0.0 111381.1113
1315.22 1315.22 0.0 111206.6191
1329.36 1329.36 0.0 111035.1465
1343.5 1343.5 0.0 110866.6387
1357.65 1357.65 0.0 110700.9209
1371.79 1371.79 0.0 110538.1826
1385.93 1385.93 0.0 110378.2207
1400.07 1400.07 0.0 110239.1807
1414.21 1414.21 0.0 110122.6924
1428.36 1428.36 0.0 110006.3516
1442.5 1442.5 0.0 109884.1670
1456.64 1456.64 0.0 109762.1367
1470.78 1470.78 0.0 109647.2871
1484.92 1484.92 0.0 109533.9902
1499.07 1499.07 0.0 109421.8643
1513.21 1513.21 0.0 109342.9375
1527.35 1527.35 0.0 109269.4155
1541.49 1541.49 0.0 109195.0361
1555.63 1555.63 0.0 109120.2554
1569.78 1569.78 0.0 109046.1304
1583.92 1583.92 0.0 108972.7656
1598.06 1598.06 0.0 108899.3652
1612.2 1612.2 0.0 108843.8276
1626.35 1626.35 0.0 108802.8740
1640.49 1640.49 0.0 108762.1636
1654.63 1654.63 0.0 108721.6846
1668.77 1668.77 0.0 108681.4116
1682.91 1682.91 0.0 108641.3706
1697.06 1697.06 0.0 108601.5122
1711.2 1711.2 0.0 108561.9043
1725.34 1725.34 0.0 108522.5015
1739.48 1739.48 0.0 108482.1152
1753.62 1753.62 0.0 108440.4941
1767.77 1767.77 0.0 108398.6099
1781.91 1781.91 0.0 108351.4834
1796.05 1796.05 0.0 108301.5830
1810.19 1810.19 0.0 108252.0293
1824.34 1824.34 0.0 108204.9019
1838.48 1838.48 0.0 108159.8672
1852.62 1852.62 0.0 108114.9814
1866.76 1866.76 0.0 108070.3887
1880.9 1880.9 0.0 108026.0913
1895.05 1895.05 0.0 107982.0396
1909.19 1909.19 0.0 107937.6924
1923.33 1923.33 0.0 107893.6333
1937.47 1937.47 0.0 107850.0342
1951.61 1951.61 0.0 107810.6587
1965.76 1965.76 0.0 107771.4028
1979.9 1979.9 0.0 107733.6978
1994.04 1994.04 0.0 107696.5571
2008.18 2008.18 0.0 107658.3975
2022.33 2022.33 0.0 107613.7471
2036.47 2036.47 0.0 107564.6279
2050.61 2050.61 0.0 107515.8911
2064.75 2064.75 0.0 107467.5337
2078.89 2078.89 0.0 107420.5674
2093.04 2093.04 0.0 107373.8350
2107.18 2107.18 0.0 107326.8696
2121.32 2121.32 0.0 107280.2617
2135.46 2135.46 0.0 107234.0176
2149.6 2149.6 0.0 107188.1343
2163.75 2163.75 0.0 107142.5679
2177.89 2177.89 0.0 107097.3867
2192.03 2192.03 0.0 107058.6323
2206.17 2206.17 0.0 107029.0781
2220.32 2220.32 0.0 106999.6533
2234.46 2234.46 0.0 106969.8301
2248.6 2248.6 0.0 106939.3271
2262.74 2262.74 0.0 106908.6807
2276.88 2276.88 0.0 106876.9478
2291.03 2291.03 0.0 106841.7954
2305.17 2305.17 0.0 106806.0215
2319.31 2319.31 0.0 106769.6479
2333.45 2333.45 0.0 106732.2754
2347.59 2347.59 0.0 106695.1475
2361.74 2361.74 0.0 106662.2583
2375.88 2375.88 0.0 106631.6689
2390.02 2390.02 0.0 106601.2524
2404.16 2404.16 0.0 106571.0117
2418.31 2418.31 0.0 106540.4331
2432.45 2432.45 0.0 106510.0195
2446.59 2446.59 0.0 106479.7812
2460.73 2460.73 0.0 106449.7231
2474.87 2474.87 0.0 106419.8379
2489.02 2489.02 0.0 106390.1113
2503.16 2503.16 0.0 106360.5703
2517.3 2517.3 0.0 106331.2056
2531.44 2531.44 0.0 106302.0098
2545.58 2545.58 0.0 106272.9839
2559.73 2559.73 0.0 106243.5972
2573.87 2573.87 0.0 106213.3433
2588.01 2588.01 0.0 106183.2778
2602.15 2602.15 0.0 106153.4004
2616.3 2616.3 0.0 106123.6821
2630.44 2630.44 0.0 106094.1182
2644.58 2644.58 0.0 106064.5898
2658.72 2658.72 0.0 106035.2441
2672.86 2672.86 0.0 106005.7944
2687.01 2687.01 0.0 105976.3916
2701.15 2701.15 0.0 105947.1938
2715.29 2715.29 0.0 105917.8901
2729.43 2729.43 0.0 105887.6567
2743.57 2743.57 0.0 105857.6289
2757.72 2757.72 0.0 105827.7744
2771.86 2771.86 0.0 105798.1333
2786.0 2786.0 0.0 105768.5703
2800.14 2800.14 0.0 105739.0957
2814.28 2814.28 0.0 105709.1924
2828.43 2828.43 0.0 105678.3330
2842.57 2842.57 0.0 105647.7104
2856.71 2856.71 0.0 105617.2993
2870.85 2870.85 0.0 105587.1055
2885.0 2885.0 0.0 105557.0996
2899.14 2899.14 0.0 105527.3267
2913.28 2913.28 0.0 105497.7588
2927.42 2927.42 0.0 105468.4082
2941.56 2941.56 0.0 105438.9072
2955.71 2955.71 0.0 105408.7917
2969.85 2969.85 0.0 105378.9197
2983.99 2983.99 0.0 105349.2654
2998.13 2998.13 0.0 105320.0120
3012.27 3012.27 0.0 105291.0503
3026.42 3026.42 0.0 105262.2761
3040.56 3040.56 0.0 105233.7302
3054.7 3054.7 0.0 105205.3889
3068.84 3068.84 0.0 105177.2546
3082.99 3082.99 0.0 105149.3022
3097.13 3097.13 0.0 105121.5759
3111.27 3111.27 0.0 105094.0444
3125.41 3125.41 0.0 105070.6433
3139.55 3139.55 0.0 105050.5117
3153.7 3153.7 0.0 105030.4688
3167.84 3167.84 0.0 105010.9155
3181.98 3181.98 0.0 104991.7170
3196.12 3196.12 0.0 104970.4834
3210.26 3210.26 0.0 104948.1479
3224.41 3224.41 0.0 104930.1096
3238.55 3238.55 0.0 104912.7449
3252.69 3252.69 0.0 104895.6401
3266.83 3266.83 0.0 104878.6172
3280.98 3280.98 0.0 104861.6650
3295.12 3295.12 0.0 104844.8003
3309.26 3309.26 0.0 104827.7354
3323.4 3323.4 0.0 104810.3787
3337.54 3337.54 0.0 104793.1238
3351.69 3351.69 0.0 104776.2207
3365.83 3365.83 0.0 104759.6482
3379.97 3379.97 0.0 104743.1584
3394.11 3394.11 0.0 104732.2075
3408.25 3408.25 0.0 104721.2205
3422.4 3422.4 0.0 104710.8926
3436.54 3436.54 0.0 104701.2612
3450.68 3450.68 0.0 104691.6560
3464.82 3464.82 0.0 104680.6252
3478.97 3478.97 0.0 104667.0667
3493.11 3493.11 0.0 104653.5344
3507.25 3507.25 0.0 104638.9775
3521.39 3521.39 0.0 104622.6423
3535.53 3535.53 0.0 104606.3875
3549.68 3549.68 0.0 104590.2048
3563.82 3563.82 0.0 104578.9343
3577.96 3577.96 0.0 104569.3008
3592.1 3592.1 0.0 104559.7039
3606.24 3606.24 0.0 104550.1318
3620.39 3620.39 0.0 104540.5774
3634.53 3634.53 0.0 104531.0637
3648.67 3648.67 0.0 104522.1760
3662.81 3662.81 0.0 104513.9536
3676.96 3676.96 0.0 104505.7446
3691.1 3691.1 0.0 104497.5703
3705.24 3705.24 0.0 104489.4082
3719.38 3719.38 0.0 104481.2681
3733.52 3733.52 0.0 104473.1929
3747.67 3747.67 0.0 104465.1335
3761.81 3761.81 0.0 104459.2920
3775.95 3775.95 0.0 104454.0242
3790.09 3790.09 0.0 104448.7656
3804.23 3804.23 0.0 104443.5129
3818.38 3818.38 0.0 104438.2688
3832.52 3832.52 0.0 104433.0337
3846.66 3846.66 0.0 104427.8088
3860.8 3860.8 0.0 104422.5969
3874.95 3874.95 0.0 104417.3865
3889.09 3889.09 0.0 104412.1924
3903.23 3903.23 0.0 104406.9980
3917.37 3917.37 0.0 104401.8196
3931.51 3931.51 0.0 104396.6472
3945.66 3945.66 0.0 104391.4802
3959.8 3959.8 0.0 104386.3250
3973.94 3973.94 0.0 104381.1785
3988.08 3988.08 0.0 104376.0435
4002.22 4002.22 0.0 104370.9170
4016.37 4016.37 0.0 104365.7947
4030.51 4030.51 0.0 104360.6814
4044.65 4044.65 0.0 104355.5793
4058.79 4058.79 0.0 104350.4873
4072.94 4072.94 0.0 104345.3938
4087.08 4087.08 0.0 104340.3171
4101.22 4101.22 0.0 104335.2522
4115.36 4115.36 0.0 104330.1887
4129.5 4129.5 0.0 104325.1387
4143.65 4143.65 0.0 104320.0925
4157.79 4157.79 0.0 104315.0598
4171.93 4171.93 0.0 104310.6440
4186.07 4186.07 0.0 104306.2830
4200.21 4200.21 0.0 104301.9214
4214.36 4214.36 0.0 104297.5662
4228.5 4228.5 0.0 104293.2190
4242.64 4242.64 0.0 104288.8801
