0.0 0.0 0.0 2500362.7500
14.1421 14.1421 0.0 2460970.7500
28.2843 28.2843 0.0 2416932.5000
42.4264 42.4264 0.0 2370843.7500
56.5685 56.5685 0.0 2322422.0000
70.7107 70.7107 0.0 2267161.2500
84.8528 84.8528 0.0 2210561.5000
98.9949 98.9949 0.0 2151591.7500
113.137 113.137 0.0 2089425.7500
127.279 127.279 0.0 2022034.0000
141.421 141.421 0.0 1942976.8750
155.563 155.563 0.0 1853755.5000
169.706 169.706 0.0 1754789.8750
183.848 183.848 0.0 1649777.3750
197.99 197.99 0.0 1541394.3750
212.132 212.132 0.0 1424373.7500
226.274 226.274 0.0 1308351.1250
240.416 240.416 0.0 1196709.3750
254.558 254.558 0.0 1089595.3125
268.701 268.701 0.0 988695.9375
282.843 282.843 0.0 895299.0000
296.985 296.985 0.0 817169.1250
311.127 311.127 0.0 746572.8125
325.269 325.269 0.0 680321.6875
339.411 339.411 0.0 619241.5000
353.553 353.553 0.0 565058.0625
367.696 367.696 0.0 515839.2812
381.838 381.838 0.0 469329.9062
395.98 395.98 0.0 425403.7188
410.122 410.122 0.0 385322.2188
424.264 424.264 0.0 349049.4844
438.406 438.406 0.0 320721.5625
452.548 452.548 0.0 306208.0469
466.69 466.69 0.0 295761.5312
480.833 480.833 0.0 285489.1875
494.975 494.975 0.0 275682.8594
509.117 509.117 0.0 267598.3438
523.259 523.259 0.0 260024.7969
537.401 537.401 0.0 253130.1250
551.543 551.543 0.0 246513.7812
565.685 565.685 0.0 240166.2500
579.828 579.828 0.0 234075.6406
593.97 593.97 0.0 228216.4922
608.112 608.112 0.0 222564.5312
622.254 622.254 0.0 217144.8359
636.396 636.396 0.0 211954.5000
650.538 650.538 0.0 206984.5312
664.68 664.68 0.0 202316.3516
678.823 678.823 0.0 197849.0625
692.965 692.965 0.0 193570.7188
707.107 707.107 0.0 189810.9688
721.249 721.249 0.0 186564.5703
735.391 735.391 0.0 183432.3984
749.533 749.533 0.0 180410.8047
763.675 763.675 0.0 177492.1641
777.817 777.817 0.0 174677.0469
791.96 791.96 0.0 171962.1172
806.102 806.102 0.0 169488.8359
820.244 820.244 0.0 167440.3359
834.386 834.386 0.0 165451.4258
848.528 848.528 0.0 163520.4570
862.67 862.67 0.0 161646.0273
876.812 876.812 0.0 159826.3398
890.955 890.955 0.0 158070.5273
905.097 905.097 0.0 156387.6797
919.239 919.239 0.0 154913.3945
933.381 933.381 0.0 153595.0352
947.523 947.523 0.0 152308.2695
961.665 961.665 0.0 151052.3711
975.807 975.807 0.0 149826.7266
989.949 989.949 0.0 148618.3359
1004.09 1004.09 0.0 147426.9492
1018.23 1018.23 0.0 146223.7578
1032.38 1032.38 0.0 145041.9062
1046.52 1046.52 0.0 143943.3438
1060.66 1060.66 0.0 142884.8047
1074.8 1074.8 0.0 141881.1953
1088.94 1088.94 0.0 141033.4766
1103.09 1103.09 0.0 140182.6875
1117.23 1117.23 0.0 139335.6289
1131.37 1131.37 0.0 138506.6523
1145.51 1145.51 0.0 137695.4531
1159.66 1159.66 0.0 136901.0664
1173.8 1173.8 0.0 136124.2891
1187.94 1187.94 0.0 135364.2070
1202.08 1202.08 0.0 134620.4023
1216.22 1216.22 0.0 133892.6055
1230.37 1230.37 0.0 133179.9609
1244.51 1244.51 0.0 132483.1719
1258.65 1258.65 0.0 131800.8965
1272.79 1272.79 0.0 131128.2480
1286.93 1286.93 0.0 130470.2598
1301.08 1301.08 0.0 129826.1035
1315.22 1315.22 0.0 129196.4531
1329.36 1329.36 0.0 128580.4570
1343.5 1343.5 0.0 127977.8711
1357.65 1357.65 0.0 127388.0156
1371.79 1371.79 0.0 126811.4629
1385.93 1385.93 0.0 126247.3906
1400.07 1400.07 0.0 125695.5781
1414.21 1414.21 0.0 125188.6250
1428.36 1428.36 0.0 124810.2285
1442.5 1442.5 0.0 124443.6465
1456.64 1456.64 0.0 124082.9668
1470.78 1470.78 0.0 123727.7617
1484.92 1484.92 0.0 123378.5410
1499.07 1499.07 0.0 123125.0117
1513.21 1513.21 0.0 122880.6484
1527.35 1527.35 0.0 122638.9863
1541.49 1541.49 0.0 122400.0098
1555.63 1555.63 0.0 122163.6895
1569.78 1569.78 0.0 121930.6777
1583.92 1583.92 0.0 121719.7188
1598.06 1598.06 0.0 121510.8906
1612.2 1612.2 0.0 121304.1992
1626.35 1626.35 0.0 121100.1250
1640.49 1640.49 0.0 120898.5664
1654.63 1654.63 0.0 120692.2031
1668.77 1668.77 0.0 120462.9941
1682.91 1682.91 0.0 120220.4492
1697.06 1697.06 0.0 119980.7949
1711.2 1711.2 0.0 119744.3184
1725.34 1725.34 0.0 119510.8105
1739.48 1739.48 0.0 119280.2383
1753.62 1753.62 0.0 119053.8008
1767.77 1767.77 0.0 118844.2461
1781.91 1781.91 0.0 118637.3164
1796.05 1796.05 0.0 118495.2578
1810.19 1810.19 0.0 118374.5410
1824.34 1824.34 0.0 118254.6016
1838.48 1838.48 0.0 118135.5664
1852.62 1852.62 0.0 118026.3418
1866.76 1866.76 0.0 117977.9297
1880.9 1880.9 0.0 117929.6777
1895.05 1895.05 0.0 117883.4219
1909.19 1909.19 0.0 117837.3848
1923.33 1923.33 0.0 117791.4922
1937.47 1937.47 0.0 117766.1543
1951.61 1951.61 0.0 117749.7109
1965.76 1965.76 0.0 117733.2832
1979.9 1979.9 0.0 117712.3516
1994.04 1994.04 0.0 117667.8691
2008.18 2008.18 0.0 117622.3594
2022.33 2022.33 0.0 117576.9268
2036.47 2036.47 0.0 117531.7227
2050.61 2050.61 0.0 117487.6660
2064.75 2064.75 0.0 117443.7051
2078.89 2078.89 0.0 117400.5166
2093.04 2093.04 0.0 117358.9014
2107.18 2107.18 0.0 117317.4268
2121.32 2121.32 0.0 117276.0615
2135.46 2135.46 0.0 117234.7930
2149.6 2149.6 0.0 117193.6396
2163.75 2163.75 0.0 117152.5703
2177.89 2177.89 0.0 117111.6348
2192.03 2192.03 0.0 117070.7812
2206.17 2206.17 0.0 117030.0420
2220.32 2220.32 0.0 116989.3838
2234.46 2234.46 0.0 116958.0205
2248.6 2248.6 0.0 116931.9102
2262.74 2262.74 0.0 116904.2734
2276.88 2276.88 0.0 116876.5469
2291.03 2291.03 0.0 116848.8379
2305.17 2305.17 0.0 116821.2061
2319.31 2319.31 0.0 116793.6113
2333.45 2333.45 0.0 116766.0703
2347.59 2347.59 0.0 116730.9590
2361.74 2361.74 0.0 116695.5713
2375.88 2375.88 0.0 116660.3076
2390.02 2390.02 0.0 116625.0801
2404.16 2404.16 0.0 116589.9404
2418.31 2418.31 0.0 116554.8672
2432.45 2432.45 0.0 116519.8877
2446.59 2446.59 0.0 116484.9883
2460.73 2460.73 0.0 116449.4863
2474.87 2474.87 0.0 116404.8750
2489.02 2489.02 0.0 116360.3359
2503.16 2503.16 0.0 116316.0127
2517.3 2517.3 0.0 116272.0303
2531.44 2531.44 0.0 116228.1494
2545.58 2545.58 0.0 116184.4238
2559.73 2559.73 0.0 116140.7920
2573.87 2573.87 0.0 116094.6279
2588.01 2588.01 0.0 116030.5264
2602.15 2602.15 0.0 115966.6797
2616.3 2616.3 0.0 115903.0762
2630.44 2630.44 0.0 115839.8135
2644.58 2644.58 0.0 115776.8027
2658.72 2658.72 0.0 115714.0703
2672.86 2672.86 0.0 115651.5889
2687.01 2687.01 0.0 115592.0381
2701.15 2701.15 0.0 115535.5977
2715.29 2715.29 0.0 115479.3936
2729.43 2729.43 0.0 115423.4033
2743.57 2743.57 0.0 115367.6318
2757.72 2757.72 0.0 115312.0479
2771.86 2771.86 0.0 115256.7080
2786.0 2786.0 0.0 115201.6045
2800.14 2800.14 0.0 115146.7061
2814.28 2814.28 0.0 115092.0225
2828.43 2828.43 0.0 115035.2422
2842.57 2842.57 0.0 114965.6777
2856.71 2856.71 0.0 114896.4561
2870.85 2870.85 0.0 114827.5908
2885.0 2885.0 0.0 114759.0283
2899.14 2899.14 0.0 114690.8438
2913.28 2913.28 0.0 114623.0146
2927.42 2927.42 0.0 114555.5215
2941.56 2941.56 0.0 114488.3799
2955.71 2955.71 0.0 114421.5293
2969.85 2969.85 0.0 114354.0391
2983.99 2983.99 0.0 114286.6250
2998.13 2998.13 0.0 114204.2256
3012.27 3012.27 0.0 114117.6494
3026.42 3026.42 0.0 114031.5977
3040.56 3040.56 0.0 113946.1865
3054.7 3054.7 0.0 113871.3770
3068.84 3068.84 0.0 113820.0615
3082.99 3082.99 0.0 113766.4189
3097.13 3097.13 0.0 113706.0801
3111.27 3111.27 0.0 113645.9316
3125.41 3125.41 0.0 113578.3203
3139.55 3139.55 0.0 113509.4033
3153.7 3153.7 0.0 113440.8125
3167.84 3167.84 0.0 113372.6631
3181.98 3181.98 0.0 113304.9287
3196.12 3196.12 0.0 113240.1543
3210.26 3210.26 0.0 113175.7510
3224.41 3224.41 0.0 113111.9385
3238.55 3238.55 0.0 113063.3262
3252.69 3252.69 0.0 113014.9141
3266.83 3266.83 0.0 112966.7012
3280.98 3280.98 0.0 112918.6465
3295.12 3295.12 0.0 112871.9980
3309.26 3309.26 0.0 112820.7139
3323.4 3323.4 0.0 112768.5527
3337.54 3337.54 0.0 112716.6172
3351.69 3351.69 0.0 112664.8945
3365.83 3365.83 0.0 112601.3096
3379.97 3379.97 0.0 112537.3193
3394.11 3394.11 0.0 112473.7002
3408.25 3408.25 0.0 112409.3633
3422.4 3422.4 0.0 112339.6787
3436.54 3436.54 0.0 112270.4717
3450.68 3450.68 0.0 112201.7021
3464.82 3464.82 0.0 112133.3584
3478.97 3478.97 0.0 112065.3887
3493.11 3493.11 0.0 111997.8965
3507.25 3507.25 0.0 111931.2480
3521.39 3521.39 0.0 111884.8203
3535.53 3535.53 0.0 111838.9541
3549.68 3549.68 0.0 111790.7041
3563.82 3563.82 0.0 111763.2471
3577.96 3577.96 0.0 111747.1768
3592.1 3592.1 0.0 111731.1172
3606.24 3606.24 0.0 111715.0371
3620.39 3620.39 0.0 111695.7734
3634.53 3634.53 0.0 111676.5752
3648.67 3648.67 0.0 111657.4111
3662.81 3662.81 0.0 111638.2744
3676.96 3676.96 0.0 111619.1719
3691.1 3691.1 0.0 111600.1104
3705.24 3705.24 0.0 111583.7051
3719.38 3719.38 0.0 111570.6279
3733.52 3733.52 0.0 111557.5703
3747.67 3747.67 0.0 111544.5068
3761.81 3761.81 0.0 111531.4873
3775.95 3775.95 0.0 111511.9775
3790.09 3790.09 0.0 111489.3945
3804.23 3804.23 0.0 111466.8613
3818.38 3818.38 0.0 111444.3535
3832.52 3832.52 0.0 111421.9238
3846.66 3846.66 0.0 111399.5449
3860.8 3860.8 0.0 111373.4414
3874.95 3874.95 0.0 111346.6328
3889.09 3889.09 0.0 111319.9209
3903.23 3903.23 0.0 111292.3398
3917.37 3917.37 0.0 111263.5391
3931.51 3931.51 0.0 111234.8008
3945.66 3945.66 0.0 111206.1133
3959.8 3959.8 0.0 111177.5361
3973.94 3973.94 0.0 111147.8477
3988.08 3988.08 0.0 111117.6807
4002.22 4002.22 0.0 111082.2080
4016.37 4016.37 0.0 111041.2715
4030.51 4030.51 0.0 110999.7637
4044.65 4044.65 0.0 110958.4570
4058.79 4058.79 0.0 110916.5322
4072.94 4072.94 0.0 110874.2529
4087.08 4087.08 0.0 110831.2393
4101.22 4101.22 0.0 110787.7168
4115.36 4115.36 0.0 110744.3887
4129.5 4129.5 0.0 110701.2627
4143.65 4143.65 0.0 110658.2891
4157.79 4157.79 0.0 110615.5508
4171.93 4171.93 0.0 110573.0176
4186.07 4186.07 0.0 110530.6680
4200.21 4200.21 0.0 110486.9775
4214.36 4214.36 0.0 110442.3271
4228.5 4228.5 0.0 110397.9404
4242.64 4242.64 0.0 110353.7627
