0.0 0.0 0.0 1886050.7500
14.1421 14.1421 0.0 1694269.1250
28.2843 28.2843 0.0 1494580.0000
42.4264 42.4264 0.0 1300966.8750
56.5685 56.5685 0.0 1114052.8750
70.7107 70.7107 0.0 941876.6875
84.8528 84.8528 0.0 788600.6875
98.9949 98.9949 0.0 653840.3750
113.137 113.137 0.0 538142.7812
127.279 127.279 0.0 442393.6250
141.421 141.421 0.0 365670.8438
155.563 155.563 0.0 304929.6094
169.706 169.706 0.0 266776.1719
183.848 183.848 0.0 247426.0781
197.99 197.99 0.0 230193.2500
212.132 212.132 0.0 214879.3203
226.274 226.274 0.0 201295.3984
240.416 240.416 0.0 189444.9922
254.558 254.558 0.0 180345.1641
268.701 268.701 0.0 173688.8672
282.843 282.843 0.0 168447.2734
296.985 296.985 0.0 163712.2617
311.127 311.127 0.0 159301.6211
325.269 325.269 0.0 155194.5352
339.411 339.411 0.0 151371.1758
353.553 353.553 0.0 147812.9219
367.696 367.696 0.0 144932.7930
381.838 381.838 0.0 142537.0469
395.98 395.98 0.0 140198.4570
410.122 410.122 0.0 137950.6719
424.264 424.264 0.0 136088.9883
438.406 438.406 0.0 134479.2109
452.548 452.548 0.0 132942.7988
466.69 466.69 0.0 131490.0410
480.833 480.833 0.0 130298.2773
494.975 494.975 0.0 129140.8477
509.117 509.117 0.0 128029.0859
523.259 523.259 0.0 127233.2090
537.401 537.401 0.0 126499.4277
551.543 551.543 0.0 125796.9883
565.685 565.685 0.0 125114.9512
579.828 579.828 0.0 124452.0625
593.97 593.97 0.0 123807.4824
608.112 608.112 0.0 123180.6660
622.254 622.254 0.0 122571.1523
636.396 636.396 0.0 121978.4668
650.538 650.538 0.0 121402.1348
664.68 664.68 0.0 120841.7461
678.823 678.823 0.0 120296.2988
692.965 692.965 0.0 119760.6895
707.107 707.107 0.0 119240.0605
721.249 721.249 0.0 118733.9980
735.391 735.391 0.0 118242.1211
749.533 749.533 0.0 117764.0234
763.675 763.675 0.0 117298.9482
777.817 777.817 0.0 116845.7822
791.96 791.96 0.0 116405.3389
806.102 806.102 0.0 115977.3301
820.244 820.244 0.0 115561.3906
834.386 834.386 0.0 115157.1699
848.528 848.528 0.0 114764.3486
862.67 862.67 0.0 114382.6172
876.812 876.812 0.0 114011.6543
890.955 890.955 0.0 113651.1484
905.097 905.097 0.0 113300.8477
919.239 919.239 0.0 112960.4385
933.381 933.381 0.0 112629.6514
947.523 947.523 0.0 112394.5332
961.665 961.665 0.0 112242.8555
975.807 975.807 0.0 112078.6826
989.949 989.949 0.0 111906.3057
1004.09 1004.09 0.0 111746.8613
1018.23 1018.23 0.0 111588.2471
1032.38 1032.38 0.0 111431.9258
1046.52 1046.52 0.0 111277.7812
1060.66 1060.66 0.0 111124.8867
1074.8 1074.8 0.0 110974.3252
1088.94 1088.94 0.0 110826.0566
1103.09 1103.09 0.0 110679.9727
1117.23 1117.23 0.0 110536.2354
1131.37 1131.37 0.0 110393.9375
1145.51 1145.51 0.0 110251.5713
1159.66 1159.66 0.0 110109.4707
1173.8 1173.8 0.0 109998.8047
1187.94 1187.94 0.0 109895.6475
1202.08 1202.08 0.0 109793.7129
1216.22 1216.22 0.0 109692.9814
1230.37 1230.37 0.0 109593.3838
1244.51 1244.51 0.0 109492.7510
1258.65 1258.65 0.0 109374.5244
1272.79 1272.79 0.0 109257.8857
1286.93 1286.93 0.0 109142.9409
1301.08 1301.08 0.0 109029.5742
1315.22 1315.22 0.0 108917.9106
1329.36 1329.36 0.0 108807.8525
1343.5 1343.5 0.0 108699.3901
1357.65 1357.65 0.0 108592.4116
1371.79 1371.79 0.0 108487.0679
1385.93 1385.93 0.0 108383.2227
1400.07 1400.07 0.0 108302.3750
1414.21 1414.21 0.0 108233.7783
1428.36 1428.36 0.0 108165.8105
1442.5 1442.5 0.0 108098.5444
1456.64 1456.64 0.0 108031.7246
1470.78 1470.78 0.0 107965.3560
1484.92 1484.92 0.0 107899.3398
1499.07 1499.07 0.0 107833.9238
1513.21 1513.21 0.0 107793.9878
1527.35 1527.35 0.0 107756.9639
1541.49 1541.49 0.0 107719.0137
1555.63 1555.63 0.0 107681.2876
1569.78 1569.78 0.0 107643.7471
1583.92 1583.92 0.0 107606.9590
1598.06 1598.06 0.0 107571.3701
1612.2 1612.2 0.0 107535.9175
1626.35 1626.35 0.0 107500.5122
1640.49 1640.49 0.0 107465.4839
1654.63 1654.63 0.0 107430.7700
1668.77 1668.77 0.0 107395.7432
1682.91 1682.91 0.0 107360.3833
1697.06 1697.06 0.0 107326.5327
1711.2 1711.2 0.0 107292.8970
1725.34 1725.34 0.0 107259.4512
1739.48 1739.48 0.0 107225.6260
1753.62 1753.62 0.0 107191.9316
1767.77 1767.77 0.0 107158.3716
1781.91 1781.91 0.0 107123.2271
1796.05 1796.05 0.0 107087.9424
1810.19 1810.19 0.0 107054.6206
1824.34 1824.34 0.0 107021.0205
1838.48 1838.48 0.0 106988.5420
1852.62 1852.62 0.0 106956.1655
1866.76 1866.76 0.0 106923.9712
1880.9 1880.9 0.0 106892.1484
1895.05 1895.05 0.0 106865.1035
1909.19 1909.19 0.0 106835.4111
1923.33 1923.33 0.0 106803.1733
1937.47 1937.47 0.0 106769.8887
1951.61 1951.61 0.0 106736.8022
1965.76 1965.76 0.0 106702.6304
1979.9 1979.9 0.0 106666.6406
1994.04 1994.04 0.0 106629.6328
2008.18 2008.18 0.0 106592.8804
2022.33 2022.33 0.0 106555.7695
2036.47 2036.47 0.0 106518.7617
2050.61 2050.61 0.0 106482.0103
2064.75 2064.75 0.0 106445.5205
2078.89 2078.89 0.0 106409.2881
2093.04 2093.04 0.0 106373.2847
2107.18 2107.18 0.0 106337.5625
2121.32 2121.32 0.0 106296.9346
2135.46 2135.46 0.0 106256.2119
2149.6 2149.6 0.0 106215.8276
2163.75 2163.75 0.0 106175.7402
2177.89 2177.89 0.0 106136.0127
2192.03 2192.03 0.0 106096.1558
2206.17 2206.17 0.0 106056.4512
2220.32 2220.32 0.0 106017.0439
2234.46 2234.46 0.0 105977.9453
2248.6 2248.6 0.0 105938.1353
2262.74 2262.74 0.0 105898.6646
2276.88 2276.88 0.0 105859.8164
2291.03 2291.03 0.0 105822.9570
2305.17 2305.17 0.0 105786.0195
2319.31 2319.31 0.0 105749.3813
2333.45 2333.45 0.0 105713.0527
2347.59 2347.59 0.0 105679.0039
2361.74 2361.74 0.0 105655.2515
2375.88 2375.88 0.0 105631.7979
2390.02 2390.02 0.0 105608.1108
2404.16 2404.16 0.0 105583.4204
2418.31 2418.31 0.0 105558.7998
2432.45 2432.45 0.0 105534.3452
2446.59 2446.59 0.0 105510.0273
2460.73 2460.73 0.0 105485.2563
2474.87 2474.87 0.0 105460.3047
2489.02 2489.02 0.0 105435.4824
2503.16 2503.16 0.0 105411.1304
2517.3 2517.3 0.0 105389.0081
2531.44 2531.44 0.0 105366.6914
2545.58 2545.58 0.0 105344.4998
2559.73 2559.73 0.0 105322.4177
2573.87 2573.87 0.0 105300.4612
2588.01 2588.01 0.0 105278.6357
2602.15 2602.15 0.0 105256.9260
2616.3 2616.3 0.0 105235.3208
2630.44 2630.44 0.0 105213.8486
2644.58 2644.58 0.0 105191.8318
2658.72 2658.72 0.0 105169.4304
2672.86 2672.86 0.0 105147.1626
2687.01 2687.01 0.0 105125.0049
2701.15 2701.15 0.0 105102.9919
2715.29 2715.29 0.0 105081.1064
2729.43 2729.43 0.0 105059.3469
2743.57 2743.57 0.0 105037.7136
2757.72 2757.72 0.0 105016.1914
2771.86 2771.86 0.0 104994.8074
2786.0 2786.0 0.0 104973.5457
2800.14 2800.14 0.0 104952.4102
2814.28 2814.28 0.0 104931.3967
2828.43 2828.43 0.0 104910.4863
2842.57 2842.57 0.0 104889.5881
2856.71 2856.71 0.0 104868.7795
2870.85 2870.85 0.0 104848.4780
2885.0 2885.0 0.0 104828.6829
2899.14 2899.14 0.0 104809.2141
2913.28 2913.28 0.0 104789.8567
2927.42 2927.42 0.0 104773.6096
2941.56 2941.56 0.0 104761.3015
2955.71 2955.71 0.0 104749.0242
2969.85 2969.85 0.0 104736.8040
2983.99 2983.99 0.0 104724.6221
2998.13 2998.13 0.0 104712.4888
3012.27 3012.27 0.0 104700.3970
3026.42 3026.42 0.0 104688.3416
3040.56 3040.56 0.0 104676.3325
3054.7 3054.7 0.0 104664.3699
3068.84 3068.84 0.0 104653.9480
3082.99 3082.99 0.0 104646.5020
3097.13 3097.13 0.0 104639.0881
3111.27 3111.27 0.0 104631.6812
3125.41 3125.41 0.0 104624.2974
3139.55 3139.55 0.0 104616.9331
3153.7 3153.7 0.0 104609.5696
3167.84 3167.84 0.0 104602.2346
3181.98 3181.98 0.0 104594.9133
3196.12 3196.12 0.0 104587.6113
3210.26 3210.26 0.0 104580.3257
3224.41 3224.41 0.0 104573.0500
3238.55 3238.55 0.0 104565.7261
3252.69 3252.69 0.0 104556.9500
3266.83 3266.83 0.0 104547.3938
3280.98 3280.98 0.0 104537.9775
3295.12 3295.12 0.0 104528.7566
3309.26 3309.26 0.0 104521.2490
3323.4 3323.4 0.0 104512.1775
3337.54 3337.54 0.0 104503.7478
3351.69 3351.69 0.0 104499.9622
3365.83 3365.83 0.0 104496.1794
3379.97 3379.97 0.0 104492.4075
3394.11 3394.11 0.0 104488.6338
3408.25 3408.25 0.0 104484.8677
3422.4 3422.4 0.0 104481.1057
3436.54 3436.54 0.0 104477.3486
3450.68 3450.68 0.0 104473.5957
3464.82 3464.82 0.0 104469.8459
3478.97 3478.97 0.0 104466.1011
3493.11 3493.11 0.0 104462.3628
3507.25 3507.25 0.0 104456.2346
3521.39 3521.39 0.0 104449.9363
3535.53 3535.53 0.0 104443.6479
3549.68 3549.68 0.0 104437.3679
3563.82 3563.82 0.0 104431.0884
3577.96 3577.96 0.0 104422.6338
3592.1 3592.1 0.0 104413.5742
3606.24 3606.24 0.0 104405.8887
3620.39 3620.39 0.0 104402.9448
3634.53 3634.53 0.0 104400.0095
3648.67 3648.67 0.0 104397.0754
3662.81 3662.81 0.0 104394.1458
3676.96 3676.96 0.0 104391.2173
3691.1 3691.1 0.0 104388.2903
3705.24 3705.24 0.0 104385.3689
3719.38 3719.38 0.0 104382.4446
3733.52 3733.52 0.0 104379.5288
3747.67 3747.67 0.0 104376.6145
3761.81 3761.81 0.0 104373.7056
3775.95 3775.95 0.0 104370.7922
3790.09 3790.09 0.0 104367.8892
3804.23 3804.23 0.0 104364.9856
3818.38 3818.38 0.0 104362.0850
3832.52 3832.52 0.0 104359.1873
3846.66 3846.66 0.0 104356.2905
3860.8 3860.8 0.0 104353.3997
3874.95 3874.95 0.0 104350.5088
3889.09 3889.09 0.0 104347.6233
3903.23 3903.23 0.0 104344.7395
3917.37 3917.37 0.0 104341.8579
3931.51 3931.51 0.0 104338.9792
3945.66 3945.66 0.0 104336.1006
3959.8 3959.8 0.0 104333.2290
3973.94 3973.94 0.0 104330.3604
3988.08 3988.08 0.0 104325.3018
4002.22 4002.22 0.0 104319.2068
4016.37 4016.37 0.0 104313.1213
4030.51 4030.51 0.0 104309.4617
4044.65 4044.65 0.0 104305.9963
4058.79 4058.79 0.0 104302.5366
4072.94 4072.94 0.0 104299.0752
4087.08 4087.08 0.0 104295.6233
4101.22 4101.22 0.0 104292.1755
4115.36 4115.36 0.0 104287.7034
4129.5 4129.5 0.0 104281.7991
4143.65 4143.65 0.0 104275.8972
4157.79 4157.79 0.0 104270.0161
4171.93 4171.93 0.0 104264.0012
4186.07 4186.07 0.0 104257.3240
4200.21 4200.21 0.0 104250.2219
4214.36 4214.36 0.0 104243.0132
4228.5 4228.5 0.0 104235.6365
4242.64 4242.64 0.0 104228.0474
