0.0 0.0 0.0 204578.8281
14.1421 14.1421 0.0 203746.9219
28.2843 28.2843 0.0 202921.4219
42.4264 42.4264 0.0 202093.8828
56.5685 56.5685 0.0 201205.1406
70.7107 70.7107 0.0 200294.0625
84.8528 84.8528 0.0 199390.9688
98.9949 98.9949 0.0 198510.4688
113.137 113.137 0.0 197887.6719
127.279 127.279 0.0 197268.2891
141.421 141.421 0.0 196642.3281
155.563 155.563 0.0 196020.2812
169.706 169.706 0.0 195358.4609
183.848 183.848 0.0 194840.9922
197.99 197.99 0.0 194351.1094
212.132 212.132 0.0 193863.6484
226.274 226.274 0.0 193375.3594
240.416 240.416 0.0 192888.9922
254.558 254.558 0.0 192405.1328
268.701 268.701 0.0 191923.6172
282.843 282.843 0.0 191444.6016
296.985 296.985 0.0 190963.7891
311.127 311.127 0.0 190459.6484
325.269 325.269 0.0 189955.8906
339.411 339.411 0.0 189454.8594
353.553 353.553 0.0 188956.5469
367.696 367.696 0.0 188451.0000
381.838 381.838 0.0 187905.3438
395.98 395.98 0.0 187333.0078
410.122 410.122 0.0 186740.7266
424.264 424.264 0.0 186120.5078
438.406 438.406 0.0 185466.2500
452.548 452.548 0.0 184881.7656
466.69 466.69 0.0 184419.6250
480.833 480.833 0.0 183979.4375
494.975 494.975 0.0 183541.5469
509.117 509.117 0.0 183100.9453
523.259 523.259 0.0 182635.6250
537.401 537.401 0.0 182161.9141
551.543 551.543 0.0 181686.2188
565.685 565.685 0.0 181205.8516
579.828 579.828 0.0 180718.8516
593.97 593.97 0.0 180227.3203
608.112 608.112 0.0 179708.6094
622.254 622.254 0.0 179175.3125
636.396 636.396 0.0 178645.5469
650.538 650.538 0.0 178119.1953
664.68 664.68 0.0 177591.5078
678.823 678.823 0.0 177065.0156
692.965 692.965 0.0 176519.8359
707.107 707.107 0.0 175964.9141
721.249 721.249 0.0 175413.9219
735.391 735.391 0.0 174866.8594
749.533 749.533 0.0 174323.6953
763.675 763.675 0.0 173784.3828
777.817 777.817 0.0 173240.6953
791.96 791.96 0.0 172697.9766
806.102 806.102 0.0 172159.2734
820.244 820.244 0.0 171624.5234
834.386 834.386 0.0 171093.6484
848.528 848.528 0.0 170566.6484
862.67 862.67 0.0 170043.5000
876.812 876.812 0.0 169520.5938
890.955 890.955 0.0 168998.7656
905.097 905.097 0.0 168469.5625
919.239 919.239 0.0 167941.6328
933.381 933.381 0.0 167417.7109
947.523 947.523 0.0 166859.4570
961.665 961.665 0.0 166305.3203
975.807 975.807 0.0 165755.7500
989.949 989.949 0.0 165210.6680
1004.09 1004.09 0.0 164659.8086
1018.23 1018.23 0.0 164113.2344
1032.38 1032.38 0.0 163570.8555
1046.52 1046.52 0.0 163033.3594
1060.66 1060.66 0.0 162500.4141
1074.8 1074.8 0.0 161971.9297
1088.94 1088.94 0.0 161447.8281
1103.09 1103.09 0.0 160928.1758
1117.23 1117.23 0.0 160419.9258
1131.37 1131.37 0.0 159922.8359
1145.51 1145.51 0.0 159430.4531
1159.66 1159.66 0.0 158947.0742
1173.8 1173.8 0.0 158467.9336
1187.94 1187.94 0.0 157992.6641
1202.08 1202.08 0.0 157521.2617
1216.22 1216.22 0.0 157053.6602
1230.37 1230.37 0.0 156587.9609
1244.51 1244.51 0.0 156122.9922
1258.65 1258.65 0.0 155674.1758
1272.79 1272.79 0.0 155262.6680
1286.93 1286.93 0.0 154854.2109
1301.08 1301.08 0.0 154448.4844
1315.22 1315.22 0.0 154046.0781
1329.36 1329.36 0.0 153646.2266
1343.5 1343.5 0.0 153249.2539
1357.65 1357.65 0.0 152853.5664
1371.79 1371.79 0.0 152480.4609
1385.93 1385.93 0.0 152115.0312
1400.07 1400.07 0.0 151752.1758
1414.21 1414.21 0.0 151391.8359
1428.36 1428.36 0.0 151029.8008
1442.5 1442.5 0.0 150669.8945
1456.64 1456.64 0.0 150310.9922
1470.78 1470.78 0.0 149916.0625
1484.92 1484.92 0.0 149521.2422
1499.07 1499.07 0.0 149129.2852
1513.21 1513.21 0.0 148740.7539
1527.35 1527.35 0.0 148355.2891
1541.49 1541.49 0.0 147975.8906
1555.63 1555.63 0.0 147618.5234
1569.78 1569.78 0.0 147267.0117
1583.92 1583.92 0.0 146918.3789
1598.06 1598.06 0.0 146557.0898
1612.2 1612.2 0.0 146251.2266
1626.35 1626.35 0.0 146003.2773
1640.49 1640.49 0.0 145743.9531
1654.63 1654.63 0.0 145481.6055
1668.77 1668.77 0.0 145208.7461
1682.91 1682.91 0.0 144936.5000
1697.06 1697.06 0.0 144665.7109
1711.2 1711.2 0.0 144396.7734
1725.34 1725.34 0.0 144129.4531
1739.48 1739.48 0.0 143863.7773
1753.62 1753.62 0.0 143601.0508
1767.77 1767.77 0.0 143372.3125
1781.91 1781.91 0.0 143144.9492
1796.05 1796.05 0.0 142916.0078
1810.19 1810.19 0.0 142680.2773
1824.34 1824.34 0.0 142420.1406
1838.48 1838.48 0.0 142122.3008
1852.62 1852.62 0.0 141826.6133
1866.76 1866.76 0.0 141532.4844
1880.9 1880.9 0.0 141234.0586
1895.05 1895.05 0.0 140908.0625
1909.19 1909.19 0.0 140561.9609
1923.33 1923.33 0.0 140212.9844
1937.47 1937.47 0.0 139808.8555
1951.61 1951.61 0.0 139375.6562
1965.76 1965.76 0.0 138943.2344
1979.9 1979.9 0.0 138505.3555
1994.04 1994.04 0.0 138057.6445
2008.18 2008.18 0.0 137582.2500
2022.33 2022.33 0.0 137088.6992
2036.47 2036.47 0.0 136557.1523
2050.61 2050.61 0.0 136011.9570
2064.75 2064.75 0.0 135436.9336
2078.89 2078.89 0.0 134842.8984
2093.04 2093.04 0.0 134196.6211
2107.18 2107.18 0.0 133544.1719
2121.32 2121.32 0.0 132897.9980
2135.46 2135.46 0.0 132231.0957
2149.6 2149.6 0.0 131568.9570
2163.75 2163.75 0.0 130909.4922
2177.89 2177.89 0.0 130262.1992
2192.03 2192.03 0.0 129627.8906
2206.17 2206.17 0.0 129004.8359
2220.32 2220.32 0.0 128394.8828
2234.46 2234.46 0.0 127798.5957
2248.6 2248.6 0.0 127215.2852
2262.74 2262.74 0.0 126643.2578
2276.88 2276.88 0.0 126082.2480
2291.03 2291.03 0.0 125533.1621
2305.17 2305.17 0.0 124996.4785
2319.31 2319.31 0.0 124471.5547
2333.45 2333.45 0.0 123958.1348
2347.59 2347.59 0.0 123457.3105
2361.74 2361.74 0.0 122967.1621
2375.88 2375.88 0.0 122488.0938
2390.02 2390.02 0.0 122021.9805
2404.16 2404.16 0.0 121569.7754
2418.31 2418.31 0.0 121151.4688
2432.45 2432.45 0.0 120777.3281
2446.59 2446.59 0.0 120410.1641
2460.73 2460.73 0.0 120049.8828
2474.87 2474.87 0.0 119696.3281
2489.02 2489.02 0.0 119391.9668
2503.16 2503.16 0.0 119116.1309
2517.3 2517.3 0.0 118851.9512
2531.44 2531.44 0.0 118594.4668
2545.58 2545.58 0.0 118364.5488
2559.73 2559.73 0.0 118142.2930
2573.87 2573.87 0.0 117923.0449
2588.01 2588.01 0.0 117721.5371
2602.15 2602.15 0.0 117573.7070
2616.3 2616.3 0.0 117436.6309
2630.44 2630.44 0.0 117308.4863
2644.58 2644.58 0.0 117181.3926
2658.72 2658.72 0.0 117055.2490
2672.86 2672.86 0.0 116930.4922
2687.01 2687.01 0.0 116807.4355
2701.15 2701.15 0.0 116685.4443
2715.29 2715.29 0.0 116564.3828
2729.43 2729.43 0.0 116443.9629
2743.57 2743.57 0.0 116324.3867
2757.72 2757.72 0.0 116205.6719
2771.86 2771.86 0.0 116087.9805
2786.0 2786.0 0.0 115971.2002
2800.14 2800.14 0.0 115855.3291
2814.28 2814.28 0.0 115742.0342
2828.43 2828.43 0.0 115651.2764
2842.57 2842.57 0.0 115561.1348
2856.71 2856.71 0.0 115462.4209
2870.85 2870.85 0.0 115358.6260
2885.0 2885.0 0.0 115255.5273
2899.14 2899.14 0.0 115153.2402
2913.28 2913.28 0.0 115051.6982
2927.42 2927.42 0.0 114950.9102
2941.56 2941.56 0.0 114850.8506
2955.71 2955.71 0.0 114751.4326
2969.85 2969.85 0.0 114652.8418
2983.99 2983.99 0.0 114587.9492
2998.13 2998.13 0.0 114527.8740
3012.27 3012.27 0.0 114468.1123
3026.42 3026.42 0.0 114408.6680
3040.56 3040.56 0.0 114349.5225
3054.7 3054.7 0.0 114290.6533
3068.84 3068.84 0.0 114232.0449
3082.99 3082.99 0.0 114176.2725
3097.13 3097.13 0.0 114122.0811
3111.27 3111.27 0.0 114068.1104
3125.41 3125.41 0.0 114011.9248
3139.55 3139.55 0.0 113954.6689
3153.7 3153.7 0.0 113897.6230
3167.84 3167.84 0.0 113839.5322
3181.98 3181.98 0.0 113776.9053
3196.12 3196.12 0.0 113714.4082
3210.26 3210.26 0.0 113651.5107
3224.41 3224.41 0.0 113587.7090
3238.55 3238.55 0.0 113513.1631
3252.69 3252.69 0.0 113436.8965
3266.83 3266.83 0.0 113361.1055
3280.98 3280.98 0.0 113285.2295
3295.12 3295.12 0.0 113205.1377
3309.26 3309.26 0.0 113123.1738
3323.4 3323.4 0.0 113036.0371
3337.54 3337.54 0.0 112949.5215
3351.69 3351.69 0.0 112861.3945
3365.83 3365.83 0.0 112773.5195
3379.97 3379.97 0.0 112686.2070
3394.11 3394.11 0.0 112594.3350
3408.25 3408.25 0.0 112495.7559
3422.4 3422.4 0.0 112400.0273
3436.54 3436.54 0.0 112306.3350
3450.68 3450.68 0.0 112213.4326
3464.82 3464.82 0.0 112119.6543
3478.97 3478.97 0.0 112023.8770
3493.11 3493.11 0.0 111928.9746
3507.25 3507.25 0.0 111834.9355
3521.39 3521.39 0.0 111745.1309
3535.53 3535.53 0.0 111660.9570
3549.68 3549.68 0.0 111574.3174
3563.82 3563.82 0.0 111486.5693
3577.96 3577.96 0.0 111399.5635
3592.1 3592.1 0.0 111313.2041
3606.24 3606.24 0.0 111227.4121
3620.39 3620.39 0.0 111142.2881
3634.53 3634.53 0.0 111057.9629
3648.67 3648.67 0.0 110974.3486
3662.81 3662.81 0.0 110891.4619
3676.96 3676.96 0.0 110809.2168
3691.1 3691.1 0.0 110727.7285
3705.24 3705.24 0.0 110646.9424
3719.38 3719.38 0.0 110566.8555
3733.52 3733.52 0.0 110489.7295
3747.67 3747.67 0.0 110413.8643
3761.81 3761.81 0.0 110338.6758
3775.95 3775.95 0.0 110264.1191
3790.09 3790.09 0.0 110190.1602
3804.23 3804.23 0.0 110116.8135
3818.38 3818.38 0.0 110044.0225
3832.52 3832.52 0.0 109971.8975
3846.66 3846.66 0.0 109900.3486
3860.8 3860.8 0.0 109829.3867
3874.95 3874.95 0.0 109762.6494
3889.09 3889.09 0.0 109699.6943
3903.23 3903.23 0.0 109637.0654
3917.37 3917.37 0.0 109574.0566
3931.51 3931.51 0.0 109511.5200
3945.66 3945.66 0.0 109449.4121
3959.8 3959.8 0.0 109387.8135
3973.94 3973.94 0.0 109326.6934
3988.08 3988.08 0.0 109266.0161
4002.22 4002.22 0.0 109205.8062
4016.37 4016.37 0.0 109145.7256
4030.51 4030.51 0.0 109089.1411
4044.65 4044.65 0.0 109036.6040
4058.79 4058.79 0.0 108984.4287
4072.94 4072.94 0.0 108932.5654
4087.08 4087.08 0.0 108881.0874
4101.22 4101.22 0.0 108829.6890
4115.36 4115.36 0.0 108777.4888
4129.5 4129.5 0.0 108725.3652
4143.65 4143.65 0.0 108673.1187
4157.79 4157.79 0.0 108620.9258
4171.93 4171.93 0.0 108568.9912
4186.07 4186.07 0.0 108517.4287
4200.21 4200.21 0.0 108466.2246
4214.36 4214.36 0.0 108415.3408
4228.5 4228.5 0.0 108366.8921
4242.64 4242.64 0.0 108321.8979
