0.0 0.0 0.0 309313.6094
14.1421 14.1421 0.0 298767.3750
28.2843 28.2843 0.0 287168.9844
42.4264 42.4264 0.0 274130.8906
56.5685 56.5685 0.0 260675.1094
70.7107 70.7107 0.0 246209.5938
84.8528 84.8528 0.0 231588.8359
98.9949 98.9949 0.0 218329.9688
113.137 113.137 0.0 206456.8672
127.279 127.279 0.0 195632.7656
141.421 141.421 0.0 185586.3438
155.563 155.563 0.0 176115.9375
169.706 169.706 0.0 168468.5781
183.848 183.848 0.0 161913.1680
197.99 197.99 0.0 155634.1758
212.132 212.132 0.0 150015.4961
226.274 226.274 0.0 145556.2930
240.416 240.416 0.0 141478.0977
254.558 254.558 0.0 137707.1992
268.701 268.701 0.0 134381.3477
282.843 282.843 0.0 131573.2129
296.985 296.985 0.0 129148.3711
311.127 311.127 0.0 127126.1055
325.269 325.269 0.0 125480.8652
339.411 339.411 0.0 123939.2207
353.553 353.553 0.0 122555.8066
367.696 367.696 0.0 121295.9570
381.838 381.838 0.0 120110.1289
395.98 395.98 0.0 118992.7598
410.122 410.122 0.0 117927.2363
424.264 424.264 0.0 116924.8594
438.406 438.406 0.0 115981.7500
452.548 452.548 0.0 115092.7725
466.69 466.69 0.0 114256.7041
480.833 480.833 0.0 113617.6279
494.975 494.975 0.0 113108.1621
509.117 509.117 0.0 112716.4600
523.259 523.259 0.0 112332.7803
537.401 537.401 0.0 111957.8535
551.543 551.543 0.0 111586.3242
565.685 565.685 0.0 111219.3057
579.828 579.828 0.0 110865.3242
593.97 593.97 0.0 110523.8281
608.112 608.112 0.0 110211.4678
622.254 622.254 0.0 109909.5312
636.396 636.396 0.0 109617.7354
650.538 650.538 0.0 109334.6025
664.68 664.68 0.0 109057.8716
678.823 678.823 0.0 108790.6387
692.965 692.965 0.0 108532.6343
707.107 707.107 0.0 108283.5161
721.249 721.249 0.0 108039.4805
735.391 735.391 0.0 107786.3179
749.533 749.533 0.0 107540.4248
763.675 763.675 0.0 107304.0229
777.817 777.817 0.0 107076.0542
791.96 791.96 0.0 106866.7925
806.102 806.102 0.0 106675.7251
820.244 820.244 0.0 106488.8086
834.386 834.386 0.0 106308.4077
848.528 848.528 0.0 106131.2134
862.67 862.67 0.0 105960.2305
876.812 876.812 0.0 105795.3125
890.955 890.955 0.0 105638.3477
905.097 905.097 0.0 105489.7822
919.239 919.239 0.0 105345.4758
933.381 933.381 0.0 105204.4543
947.523 947.523 0.0 105068.3923
961.665 961.665 0.0 104937.0884
975.807 975.807 0.0 104810.3850
989.949 989.949 0.0 104688.1177
1004.09 1004.09 0.0 104570.1428
1018.23 1018.23 0.0 104456.1631
1032.38 1032.38 0.0 104356.5403
1046.52 1046.52 0.0 104272.6565
1060.66 1060.66 0.0 104191.0864
1074.8 1074.8 0.0 104111.7739
1088.94 1088.94 0.0 104034.6538
1103.09 1103.09 0.0 103962.1565
1117.23 1117.23 0.0 103893.7727
1131.37 1131.37 0.0 103827.2344
1145.51 1145.51 0.0 103762.4194
1159.66 1159.66 0.0 103701.2556
1173.8 1173.8 0.0 103642.2053
1187.94 1187.94 0.0 103584.6885
1202.08 1202.08 0.0 103529.5217
1216.22 1216.22 0.0 103488.9414
1230.37 1230.37 0.0 103448.9741
1244.51 1244.51 0.0 103409.3191
1258.65 1258.65 0.0 103370.4062
1272.79 1272.79 0.0 103332.2167
1286.93 1286.93 0.0 103294.9601
1301.08 1301.08 0.0 103259.9779
1315.22 1315.22 0.0 103226.4561
1329.36 1329.36 0.0 103193.5178
1343.5 1343.5 0.0 103167.1647
1357.65 1357.65 0.0 103148.2742
1371.79 1371.79 0.0 103129.5939
1385.93 1385.93 0.0 103111.1028
1400.07 1400.07 0.0 103092.8019
1414.21 1414.21 0.0 103074.6876
1428.36 1428.36 0.0 103056.7471
1442.5 1442.5 0.0 103038.7594
1456.64 1456.64 0.0 103020.9421
1470.78 1470.78 0.0 103004.2426
1484.92 1484.92 0.0 102988.3334
1499.07 1499.07 0.0 102972.7411
1513.21 1513.21 0.0 102957.9808
1527.35 1527.35 0.0 102943.3528
1541.49 1541.49 0.0 102928.8566
1555.63 1555.63 0.0 102914.4900
1569.78 1569.78 0.0 102901.6193
1583.92 1583.92 0.0 102890.0037
1598.06 1598.06 0.0 102878.4698
1612.2 1612.2 0.0 102867.0210
1626.35 1626.35 0.0 102859.3417
1640.49 1640.49 0.0 102852.4209
1654.63 1654.63 0.0 102845.5350
1668.77 1668.77 0.0 102838.7031
1682.91 1682.91 0.0 102832.0277
1697.06 1697.06 0.0 102825.7269
1711.2 1711.2 0.0 102819.4553
1725.34 1725.34 0.0 102813.1929
1739.48 1739.48 0.0 102806.9567
1753.62 1753.62 0.0 102800.7460
1767.77 1767.77 0.0 102794.6522
1781.91 1781.91 0.0 102788.0830
1796.05 1796.05 0.0 102781.5446
1810.19 1810.19 0.0 102775.0337
1824.34 1824.34 0.0 102768.5481
1838.48 1838.48 0.0 102762.0955
1852.62 1852.62 0.0 102755.6730
1866.76 1866.76 0.0 102749.3892
1880.9 1880.9 0.0 102743.2870
1895.05 1895.05 0.0 102737.2003
1909.19 1909.19 0.0 102730.8514
1923.33 1923.33 0.0 102724.5273
1937.47 1937.47 0.0 102718.2314
1951.61 1951.61 0.0 102711.9652
1965.76 1965.76 0.0 102705.7056
1979.9 1979.9 0.0 102699.4673
1994.04 1994.04 0.0 102693.2568
2008.18 2008.18 0.0 102686.9990
2022.33 2022.33 0.0 102680.6619
2036.47 2036.47 0.0 102674.3582
2050.61 2050.61 0.0 102668.0844
2064.75 2064.75 0.0 102661.8397
2078.89 2078.89 0.0 102655.6241
2093.04 2093.04 0.0 102649.3710
2107.18 2107.18 0.0 102643.1643
2121.32 2121.32 0.0 102639.0208
2135.46 2135.46 0.0 102634.6842
2149.6 2149.6 0.0 102630.0367
2163.75 2163.75 0.0 102625.4026
2177.89 2177.89 0.0 102620.7867
2192.03 2192.03 0.0 102616.1884
2206.17 2206.17 0.0 102611.2793
2220.32 2220.32 0.0 102604.2990
2234.46 2234.46 0.0 102597.0244
2248.6 2248.6 0.0 102589.3661
2262.74 2262.74 0.0 102581.7500
2276.88 2276.88 0.0 102574.3134
2291.03 2291.03 0.0 102570.5298
2305.17 2305.17 0.0 102568.2289
2319.31 2319.31 0.0 102565.9501
2333.45 2333.45 0.0 102563.7073
2347.59 2347.59 0.0 102561.4685
2361.74 2361.74 0.0 102559.2316
2375.88 2375.88 0.0 102556.9633
2390.02 2390.02 0.0 102554.6793
2404.16 2404.16 0.0 102552.3960
2418.31 2418.31 0.0 102550.1171
2432.45 2432.45 0.0 102547.8423
2446.59 2446.59 0.0 102545.5740
2460.73 2460.73 0.0 102543.3081
2474.87 2474.87 0.0 102541.2117
2489.02 2489.02 0.0 102539.3157
2503.16 2503.16 0.0 102537.4248
2517.3 2517.3 0.0 102535.5376
2531.44 2531.44 0.0 102533.6526
2545.58 2545.58 0.0 102531.7719
2559.73 2559.73 0.0 102529.8904
2573.87 2573.87 0.0 102528.1375
2588.01 2588.01 0.0 102525.9830
2602.15 2602.15 0.0 102523.3699
2616.3 2616.3 0.0 102520.7092
2630.44 2630.44 0.0 102518.0574
2644.58 2644.58 0.0 102515.0433
2658.72 2658.72 0.0 102511.8931
2672.86 2672.86 0.0 102508.7512
2687.01 2687.01 0.0 102505.6167
2701.15 2701.15 0.0 102502.4847
2715.29 2715.29 0.0 102499.1172
2729.43 2729.43 0.0 102495.5538
2743.57 2743.57 0.0 102492.0035
2757.72 2757.72 0.0 102488.4597
2771.86 2771.86 0.0 102484.6893
2786.0 2786.0 0.0 102480.8311
2800.14 2800.14 0.0 102477.0004
2814.28 2814.28 0.0 102473.3312
2828.43 2828.43 0.0 102469.4565
2842.57 2842.57 0.0 102465.5190
2856.71 2856.71 0.0 102461.5959
2870.85 2870.85 0.0 102457.6876
2885.0 2885.0 0.0 102453.7883
2899.14 2899.14 0.0 102449.9052
2913.28 2913.28 0.0 102445.7538
2927.42 2927.42 0.0 102442.1720
2941.56 2941.56 0.0 102438.7034
2955.71 2955.71 0.0 102435.2455
2969.85 2969.85 0.0 102431.7963
2983.99 2983.99 0.0 102427.7427
2998.13 2998.13 0.0 102423.2544
3012.27 3012.27 0.0 102418.3694
3026.42 3026.42 0.0 102413.4852
3040.56 3040.56 0.0 102408.5311
3054.7 3054.7 0.0 102403.5958
3068.84 3068.84 0.0 102398.6836
3082.99 3082.99 0.0 102393.7902
3097.13 3097.13 0.0 102388.9216
3111.27 3111.27 0.0 102384.0773
3125.41 3125.41 0.0 102379.2528
3139.55 3139.55 0.0 102374.9701
3153.7 3153.7 0.0 102372.0419
3167.84 3167.84 0.0 102369.1227
3181.98 3181.98 0.0 102366.5995
3196.12 3196.12 0.0 102365.5266
3210.26 3210.26 0.0 102364.5115
3224.41 3224.41 0.0 102363.7029
3238.55 3238.55 0.0 102362.8969
3252.69 3252.69 0.0 102362.0894
3266.83 3266.83 0.0 102361.2834
3280.98 3280.98 0.0 102360.4773
3295.12 3295.12 0.0 102359.7131
3309.26 3309.26 0.0 102358.7659
3323.4 3323.4 0.0 102357.8197
3337.54 3337.54 0.0 102356.8389
3351.69 3351.69 0.0 102355.8517
3365.83 3365.83 0.0 102354.8622
3379.97 3379.97 0.0 102353.8722
3394.11 3394.11 0.0 102352.8833
3408.25 3408.25 0.0 102351.8950
3422.4 3422.4 0.0 102350.9075
3436.54 3436.54 0.0 102351.2639
3450.68 3450.68 0.0 102352.1711
3464.82 3464.82 0.0 102352.8053
3478.97 3478.97 0.0 102353.4418
3493.11 3493.11 0.0 102354.2759
3507.25 3507.25 0.0 102356.5353
3521.39 3521.39 0.0 102359.5134
3535.53 3535.53 0.0 102362.2905
3549.68 3549.68 0.0 102364.9719
3563.82 3563.82 0.0 102367.6503
3577.96 3577.96 0.0 102370.4751
3592.1 3592.1 0.0 102374.3043
3606.24 3606.24 0.0 102378.1494
3620.39 3620.39 0.0 102381.9039
3634.53 3634.53 0.0 102384.8295
3648.67 3648.67 0.0 102387.1475
3662.81 3662.81 0.0 102389.0012
3676.96 3676.96 0.0 102390.1271
3691.1 3691.1 0.0 102391.2544
3705.24 3705.24 0.0 102391.2444
3719.38 3719.38 0.0 102391.1311
3733.52 3733.52 0.0 102391.0177
3747.67 3747.67 0.0 102390.9060
3761.81 3761.81 0.0 102390.7933
3775.95 3775.95 0.0 102391.8451
3790.09 3790.09 0.0 102393.2122
3804.23 3804.23 0.0 102394.5811
3818.38 3818.38 0.0 102395.8311
3832.52 3832.52 0.0 102396.8640
3846.66 3846.66 0.0 102397.8969
3860.8 3860.8 0.0 102398.9319
3874.95 3874.95 0.0 102399.9683
3889.09 3889.09 0.0 102401.0048
3903.23 3903.23 0.0 102402.0410
3917.37 3917.37 0.0 102403.0569
3931.51 3931.51 0.0 102404.0262
3945.66 3945.66 0.0 102404.9996
3959.8 3959.8 0.0 102405.7369
3973.94 3973.94 0.0 102405.6761
3988.08 3988.08 0.0 102405.0417
4002.22 4002.22 0.0 102404.4089
4016.37 4016.37 0.0 102403.7759
4030.51 4030.51 0.0 102403.1421
4044.65 4044.65 0.0 102402.5103
4058.79 4058.79 0.0 102401.7490
4072.94 4072.94 0.0 102400.9713
4087.08 4087.08 0.0 102400.1968
4101.22 4101.22 0.0 102399.4222
4115.36 4115.36 0.0 102398.6484
4129.5 4129.5 0.0 102397.8729
4143.65 4143.65 0.0 102397.0736
4157.79 4157.79 0.0 102396.2615
4171.93 4171.93 0.0 102395.4501
4186.07 4186.07 0.0 102394.6387
4200.21 4200.21 0.0 102393.8268
4214.36 4214.36 0.0 102393.0172
4228.5 4228.5 0.0 102392.2089
4242.64 4242.64 0.0 102391.3988
