0.0 0.0 0.0 1964370.5000
14.1421 14.1421 0.0 1860715.8750
28.2843 28.2843 0.0 1744656.1250
42.4264 42.4264 0.0 1595774.7500
56.5685 56.5685 0.0 1423486.8750
70.7107 70.7107 0.0 1247740.7500
84.8528 84.8528 0.0 1078548.1250
98.9949 98.9949 0.0 917149.1875
113.137 113.137 0.0 766628.9375
127.279 127.279 0.0 635633.7500
141.421 141.421 0.0 524806.1562
155.563 155.563 0.0 432249.2812
169.706 169.706 0.0 359155.1406
183.848 183.848 0.0 302891.7031
197.99 197.99 0.0 280145.8906
212.132 212.132 0.0 259767.6875
226.274 226.274 0.0 241551.4531
240.416 240.416 0.0 225694.7578
254.558 254.558 0.0 212273.9453
268.701 268.701 0.0 200437.7188
282.843 282.843 0.0 190501.6250
296.985 296.985 0.0 182638.5859
311.127 311.127 0.0 176549.0156
325.269 325.269 0.0 171128.0469
339.411 339.411 0.0 165925.1484
353.553 353.553 0.0 161085.7266
367.696 367.696 0.0 156577.6250
381.838 381.838 0.0 153222.9375
395.98 395.98 0.0 150222.6211
410.122 410.122 0.0 147391.7148
424.264 424.264 0.0 144721.2852
438.406 438.406 0.0 142202.4570
452.548 452.548 0.0 139967.0156
466.69 466.69 0.0 138085.4688
480.833 480.833 0.0 136293.8086
494.975 494.975 0.0 134583.6992
509.117 509.117 0.0 132929.4902
523.259 523.259 0.0 131356.1895
537.401 537.401 0.0 129860.0684
551.543 551.543 0.0 128437.5020
565.685 565.685 0.0 127089.4258
579.828 579.828 0.0 126065.2715
593.97 593.97 0.0 125083.3145
608.112 608.112 0.0 124139.8730
622.254 622.254 0.0 123233.4922
636.396 636.396 0.0 122363.4121
650.538 650.538 0.0 121527.5723
664.68 664.68 0.0 120736.9336
678.823 678.823 0.0 119984.6172
692.965 692.965 0.0 119261.2578
707.107 707.107 0.0 118578.1074
721.249 721.249 0.0 117954.6914
735.391 735.391 0.0 117368.2607
749.533 749.533 0.0 116922.7559
763.675 763.675 0.0 116540.1719
777.817 777.817 0.0 116166.9072
791.96 791.96 0.0 115824.9238
806.102 806.102 0.0 115457.3076
820.244 820.244 0.0 115104.5791
834.386 834.386 0.0 114772.6396
848.528 848.528 0.0 114448.6699
862.67 862.67 0.0 114132.4355
876.812 876.812 0.0 113822.4062
890.955 890.955 0.0 113519.4023
905.097 905.097 0.0 113278.5762
919.239 919.239 0.0 113092.3145
933.381 933.381 0.0 112908.9443
947.523 947.523 0.0 112728.4033
961.665 961.665 0.0 112550.6670
975.807 975.807 0.0 112375.6943
989.949 989.949 0.0 112203.4160
1004.09 1004.09 0.0 112033.8320
1018.23 1018.23 0.0 111866.8896
1032.38 1032.38 0.0 111702.4209
1046.52 1046.52 0.0 111540.6475
1060.66 1060.66 0.0 111381.3682
1074.8 1074.8 0.0 111224.2139
1088.94 1088.94 0.0 111069.4971
1103.09 1103.09 0.0 110917.0781
1117.23 1117.23 0.0 110767.1533
1131.37 1131.37 0.0 110618.7617
1145.51 1145.51 0.0 110471.7988
1159.66 1159.66 0.0 110327.0449
1173.8 1173.8 0.0 110181.0107
1187.94 1187.94 0.0 110024.8691
1202.08 1202.08 0.0 109876.7783
1216.22 1216.22 0.0 109733.0029
1230.37 1230.37 0.0 109591.5381
1244.51 1244.51 0.0 109452.4380
1258.65 1258.65 0.0 109314.5527
1272.79 1272.79 0.0 109176.2979
1286.93 1286.93 0.0 109039.9160
1301.08 1301.08 0.0 108936.3140
1315.22 1315.22 0.0 108840.2275
1329.36 1329.36 0.0 108745.3574
1343.5 1343.5 0.0 108651.6699
1357.65 1357.65 0.0 108559.0923
1371.79 1371.79 0.0 108467.7520
1385.93 1385.93 0.0 108377.5605
1400.07 1400.07 0.0 108302.2163
1414.21 1414.21 0.0 108251.5156
1428.36 1428.36 0.0 108199.1045
1442.5 1442.5 0.0 108143.3677
1456.64 1456.64 0.0 108088.0684
1470.78 1470.78 0.0 108033.2129
1484.92 1484.92 0.0 107972.3940
1499.07 1499.07 0.0 107911.5649
1513.21 1513.21 0.0 107851.3301
1527.35 1527.35 0.0 107818.4712
1541.49 1541.49 0.0 107790.5322
1555.63 1555.63 0.0 107762.1074
1569.78 1569.78 0.0 107732.4614
1583.92 1583.92 0.0 107702.9814
1598.06 1598.06 0.0 107673.6846
1612.2 1612.2 0.0 107643.0317
1626.35 1626.35 0.0 107604.1406
1640.49 1640.49 0.0 107564.0522
1654.63 1654.63 0.0 107523.6357
1668.77 1668.77 0.0 107482.8652
1682.91 1682.91 0.0 107442.3623
1697.06 1697.06 0.0 107402.0986
1711.2 1711.2 0.0 107362.1196
1725.34 1725.34 0.0 107322.4111
1739.48 1739.48 0.0 107285.0000
1753.62 1753.62 0.0 107249.5283
1767.77 1767.77 0.0 107213.9565
1781.91 1781.91 0.0 107178.6250
1796.05 1796.05 0.0 107143.5029
1810.19 1810.19 0.0 107108.5957
1824.34 1824.34 0.0 107073.1895
1838.48 1838.48 0.0 107033.8774
1852.62 1852.62 0.0 106997.2280
1866.76 1866.76 0.0 106960.7007
1880.9 1880.9 0.0 106924.4106
1895.05 1895.05 0.0 106888.1416
1909.19 1909.19 0.0 106851.7949
1923.33 1923.33 0.0 106815.6841
1937.47 1937.47 0.0 106779.8066
1951.61 1951.61 0.0 106744.1675
1965.76 1965.76 0.0 106708.7305
1979.9 1979.9 0.0 106674.8501
1994.04 1994.04 0.0 106640.3018
2008.18 2008.18 0.0 106605.6528
2022.33 2022.33 0.0 106568.5420
2036.47 2036.47 0.0 106543.5610
2050.61 2050.61 0.0 106521.2173
2064.75 2064.75 0.0 106498.4722
2078.89 2078.89 0.0 106477.6094
2093.04 2093.04 0.0 106457.8511
2107.18 2107.18 0.0 106434.8667
2121.32 2121.32 0.0 106410.3472
2135.46 2135.46 0.0 106385.9409
2149.6 2149.6 0.0 106360.5962
2163.75 2163.75 0.0 106335.0747
2177.89 2177.89 0.0 106309.6948
2192.03 2192.03 0.0 106284.4487
2206.17 2206.17 0.0 106259.2109
2220.32 2220.32 0.0 106233.9746
2234.46 2234.46 0.0 106208.8828
2248.6 2248.6 0.0 106183.9224
2262.74 2262.74 0.0 106159.0815
2276.88 2276.88 0.0 106134.3721
2291.03 2291.03 0.0 106109.7749
2305.17 2305.17 0.0 106084.6064
2319.31 2319.31 0.0 106064.3691
2333.45 2333.45 0.0 106044.2178
2347.59 2347.59 0.0 106022.9185
2361.74 2361.74 0.0 106001.4941
2375.88 2375.88 0.0 105980.1855
2390.02 2390.02 0.0 105958.9736
2404.16 2404.16 0.0 105937.8535
2418.31 2418.31 0.0 105916.8237
2432.45 2432.45 0.0 105895.8975
2446.59 2446.59 0.0 105875.0688
2460.73 2460.73 0.0 105854.1626
2474.87 2474.87 0.0 105833.0562
2489.02 2489.02 0.0 105812.0366
2503.16 2503.16 0.0 105791.1309
2517.3 2517.3 0.0 105770.0869
2531.44 2531.44 0.0 105748.4053
2545.58 2545.58 0.0 105726.8291
2559.73 2559.73 0.0 105705.3184
2573.87 2573.87 0.0 105683.7915
2588.01 2588.01 0.0 105661.6167
2602.15 2602.15 0.0 105639.4712
2616.3 2616.3 0.0 105617.4219
2630.44 2630.44 0.0 105594.2930
2644.58 2644.58 0.0 105571.2437
2658.72 2658.72 0.0 105546.3140
2672.86 2672.86 0.0 105521.1387
2687.01 2687.01 0.0 105496.0200
2701.15 2701.15 0.0 105470.7231
2715.29 2715.29 0.0 105444.5977
2729.43 2729.43 0.0 105418.5957
2743.57 2743.57 0.0 105392.5896
2757.72 2757.72 0.0 105366.7280
2771.86 2771.86 0.0 105341.0505
2786.0 2786.0 0.0 105315.3062
2800.14 2800.14 0.0 105289.6313
2814.28 2814.28 0.0 105264.8345
2828.43 2828.43 0.0 105240.3000
2842.57 2842.57 0.0 105215.9333
2856.71 2856.71 0.0 105191.7949
2870.85 2870.85 0.0 105168.3584
2885.0 2885.0 0.0 105145.2930
2899.14 2899.14 0.0 105122.3853
2913.28 2913.28 0.0 105099.6113
2927.42 2927.42 0.0 105076.9790
2941.56 2941.56 0.0 105054.9221
2955.71 2955.71 0.0 105039.1294
2969.85 2969.85 0.0 105022.8313
2983.99 2983.99 0.0 105006.5991
2998.13 2998.13 0.0 104989.8416
3012.27 3012.27 0.0 104972.3770
3026.42 3026.42 0.0 104954.9802
3040.56 3040.56 0.0 104937.8657
3054.7 3054.7 0.0 104920.4446
3068.84 3068.84 0.0 104902.2017
3082.99 3082.99 0.0 104884.1018
3097.13 3097.13 0.0 104866.4829
3111.27 3111.27 0.0 104848.9478
3125.41 3125.41 0.0 104831.5024
3139.55 3139.55 0.0 104814.1436
3153.7 3153.7 0.0 104797.8748
3167.84 3167.84 0.0 104785.0769
3181.98 3181.98 0.0 104772.3293
3196.12 3196.12 0.0 104759.6255
3210.26 3210.26 0.0 104746.9680
3224.41 3224.41 0.0 104734.3508
3238.55 3238.55 0.0 104721.7898
3252.69 3252.69 0.0 104709.2683
3266.83 3266.83 0.0 104696.7996
3280.98 3280.98 0.0 104685.2563
3295.12 3295.12 0.0 104674.2974
3309.26 3309.26 0.0 104664.8528
3323.4 3323.4 0.0 104655.5586
3337.54 3337.54 0.0 104646.2964
3351.69 3351.69 0.0 104637.0503
3365.83 3365.83 0.0 104627.8318
3379.97 3379.97 0.0 104619.3113
3394.11 3394.11 0.0 104616.2026
3408.25 3408.25 0.0 104613.0989
3422.4 3422.4 0.0 104609.6631
3436.54 3436.54 0.0 104605.7532
3450.68 3450.68 0.0 104601.8479
3464.82 3464.82 0.0 104597.9458
3478.97 3478.97 0.0 104594.0479
3493.11 3493.11 0.0 104589.7664
3507.25 3507.25 0.0 104582.8838
3521.39 3521.39 0.0 104575.9644
3535.53 3535.53 0.0 104569.0571
3549.68 3549.68 0.0 104562.1609
3563.82 3563.82 0.0 104555.2810
3577.96 3577.96 0.0 104552.8445
3592.1 3592.1 0.0 104550.1533
3606.24 3606.24 0.0 104547.0747
3620.39 3620.39 0.0 104543.9990
3634.53 3634.53 0.0 104540.9280
3648.67 3648.67 0.0 104537.8599
3662.81 3662.81 0.0 104534.7961
3676.96 3676.96 0.0 104531.7307
3691.1 3691.1 0.0 104525.5947
3705.24 3705.24 0.0 104518.1648
3719.38 3719.38 0.0 104510.7517
3733.52 3733.52 0.0 104503.3589
3747.67 3747.67 0.0 104495.9802
3761.81 3761.81 0.0 104488.6201
3775.95 3775.95 0.0 104481.2788
3790.09 3790.09 0.0 104474.0007
3804.23 3804.23 0.0 104469.4316
3818.38 3818.38 0.0 104464.8689
3832.52 3832.52 0.0 104460.3127
3846.66 3846.66 0.0 104455.7634
3860.8 3860.8 0.0 104451.2205
3874.95 3874.95 0.0 104446.6873
3889.09 3889.09 0.0 104442.1562
3903.23 3903.23 0.0 104437.6316
3917.37 3917.37 0.0 104433.1240
3931.51 3931.51 0.0 104428.6108
3945.66 3945.66 0.0 104424.1074
3959.8 3959.8 0.0 104419.6133
3973.94 3973.94 0.0 104415.1201
3988.08 3988.08 0.0 104410.6389
4002.22 4002.22 0.0 104406.1616
4016.37 4016.37 0.0 104401.6907
4030.51 4030.51 0.0 104397.2275
4044.65 4044.65 0.0 104392.7695
4058.79 4058.79 0.0 104388.3167
4072.94 4072.94 0.0 104383.8728
4087.08 4087.08 0.0 104379.4331
4101.22 4101.22 0.0 104375.0017
4115.36 4115.36 0.0 104370.5779
4129.5 4129.5 0.0 104366.1582
4143.65 4143.65 0.0 104361.6716
4157.79 4157.79 0.0 104356.7122
4171.93 4171.93 0.0 104351.7278
4186.07 4186.07 0.0 104346.7573
4200.21 4200.21 0.0 104341.7947
4214.36 4214.36 0.0 104336.8350
4228.5 4228.5 0.0 104331.8889
4242.64 4242.64 0.0 104326.9507
