0.0 0.0 0.0 1005095.1875
14.1421 14.1421 0.0 912606.8750
28.2843 28.2843 0.0 807568.9375
42.4264 42.4264 0.0 679711.3125
56.5685 56.5685 0.0 565735.0625
70.7107 70.7107 0.0 459392.2188
84.8528 84.8528 0.0 368891.8750
98.9949 98.9949 0.0 305619.2188
113.137 113.137 0.0 275146.8438
127.279 127.279 0.0 251201.9219
141.421 141.421 0.0 230345.8984
155.563 155.563 0.0 212232.8906
169.706 169.706 0.0 198635.8047
183.848 183.848 0.0 188656.0938
197.99 197.99 0.0 179660.1797
212.132 212.132 0.0 171558.6094
226.274 226.274 0.0 164111.2891
240.416 240.416 0.0 157525.3789
254.558 254.558 0.0 151647.1250
268.701 268.701 0.0 146388.7734
282.843 282.843 0.0 142047.4727
296.985 296.985 0.0 138796.4336
311.127 311.127 0.0 135800.4141
325.269 325.269 0.0 133040.1172
339.411 339.411 0.0 130646.5430
353.553 353.553 0.0 128561.4102
367.696 367.696 0.0 126622.5586
381.838 381.838 0.0 124850.8125
395.98 395.98 0.0 123761.1562
410.122 410.122 0.0 122739.4102
424.264 424.264 0.0 121742.2441
438.406 438.406 0.0 120791.0566
452.548 452.548 0.0 119883.7715
466.69 466.69 0.0 119018.4082
480.833 480.833 0.0 118192.9902
494.975 494.975 0.0 117412.0029
509.117 509.117 0.0 116686.0674
523.259 523.259 0.0 116019.3936
537.401 537.401 0.0 115528.1982
551.543 551.543 0.0 115096.5410
565.685 565.685 0.0 114691.7734
579.828 579.828 0.0 114297.6094
593.97 593.97 0.0 113905.9531
608.112 608.112 0.0 113509.2812
622.254 622.254 0.0 113123.4043
636.396 636.396 0.0 112747.5645
650.538 650.538 0.0 112380.4287
664.68 664.68 0.0 112014.2646
678.823 678.823 0.0 111660.1475
692.965 692.965 0.0 111317.7305
707.107 707.107 0.0 110986.6045
721.249 721.249 0.0 110659.3076
735.391 735.391 0.0 110333.0547
749.533 749.533 0.0 110015.7451
763.675 763.675 0.0 109675.0439
777.817 777.817 0.0 109337.4326
791.96 791.96 0.0 109013.3901
806.102 806.102 0.0 108702.4248
820.244 820.244 0.0 108403.9355
834.386 834.386 0.0 108117.4180
848.528 848.528 0.0 107883.1021
862.67 862.67 0.0 107665.7622
876.812 876.812 0.0 107453.5220
890.955 890.955 0.0 107243.6333
905.097 905.097 0.0 107055.0923
919.239 919.239 0.0 106875.8569
933.381 933.381 0.0 106702.2163
947.523 947.523 0.0 106539.5698
961.665 961.665 0.0 106395.4238
975.807 975.807 0.0 106255.2505
989.949 989.949 0.0 106124.6567
1004.09 1004.09 0.0 106013.5166
1018.23 1018.23 0.0 105904.9487
1032.38 1032.38 0.0 105798.8164
1046.52 1046.52 0.0 105695.2109
1060.66 1060.66 0.0 105593.9966
1074.8 1074.8 0.0 105495.1270
1088.94 1088.94 0.0 105398.5317
1103.09 1103.09 0.0 105304.0742
1117.23 1117.23 0.0 105211.8652
1131.37 1131.37 0.0 105121.7874
1145.51 1145.51 0.0 105034.4971
1159.66 1159.66 0.0 104951.0015
1173.8 1173.8 0.0 104869.4407
1187.94 1187.94 0.0 104790.4868
1202.08 1202.08 0.0 104715.3311
1216.22 1216.22 0.0 104651.3311
1230.37 1230.37 0.0 104606.2375
1244.51 1244.51 0.0 104561.7881
1258.65 1258.65 0.0 104518.5842
1272.79 1272.79 0.0 104478.9954
1286.93 1286.93 0.0 104439.9014
1301.08 1301.08 0.0 104401.2629
1315.22 1315.22 0.0 104363.1685
1329.36 1329.36 0.0 104333.8391
1343.5 1343.5 0.0 104308.6729
1357.65 1357.65 0.0 104284.3679
1371.79 1371.79 0.0 104259.4011
1385.93 1385.93 0.0 104233.9739
1400.07 1400.07 0.0 104208.7654
1414.21 1414.21 0.0 104186.2102
1428.36 1428.36 0.0 104165.2332
1442.5 1442.5 0.0 104144.6956
1456.64 1456.64 0.0 104125.1274
1470.78 1470.78 0.0 104105.6899
1484.92 1484.92 0.0 104086.2346
1499.07 1499.07 0.0 104066.9397
1513.21 1513.21 0.0 104051.5369
1527.35 1527.35 0.0 104037.0688
1541.49 1541.49 0.0 104023.1545
1555.63 1555.63 0.0 104008.8062
1569.78 1569.78 0.0 103994.7620
1583.92 1583.92 0.0 103984.6809
1598.06 1598.06 0.0 103974.6389
1612.2 1612.2 0.0 103964.6340
1626.35 1626.35 0.0 103954.6572
1640.49 1640.49 0.0 103944.7153
1654.63 1654.63 0.0 103936.2520
1668.77 1668.77 0.0 103928.2986
1682.91 1682.91 0.0 103920.3428
1697.06 1697.06 0.0 103912.4053
1711.2 1711.2 0.0 103904.4993
1725.34 1725.34 0.0 103896.6174
1739.48 1739.48 0.0 103888.7573
1753.62 1753.62 0.0 103880.9224
1767.77 1767.77 0.0 103873.1052
1781.91 1781.91 0.0 103866.1362
1796.05 1796.05 0.0 103862.9988
1810.19 1810.19 0.0 103859.8682
1824.34 1824.34 0.0 103857.4956
1838.48 1838.48 0.0 103857.5342
1852.62 1852.62 0.0 103857.5718
1866.76 1866.76 0.0 103857.5100
1880.9 1880.9 0.0 103840.7783
1895.05 1895.05 0.0 103824.0547
1909.19 1909.19 0.0 103807.4526
1923.33 1923.33 0.0 103790.7495
1937.47 1937.47 0.0 103773.8760
1951.61 1951.61 0.0 103756.6938
1965.76 1965.76 0.0 103739.6233
1979.9 1979.9 0.0 103722.6816
1994.04 1994.04 0.0 103705.8628
2008.18 2008.18 0.0 103689.1599
2022.33 2022.33 0.0 103672.5630
2036.47 2036.47 0.0 103656.0933
2050.61 2050.61 0.0 103641.5037
2064.75 2064.75 0.0 103626.8855
2078.89 2078.89 0.0 103612.3599
2093.04 2093.04 0.0 103597.9158
2107.18 2107.18 0.0 103583.9321
2121.32 2121.32 0.0 103571.8474
2135.46 2135.46 0.0 103560.4138
2149.6 2149.6 0.0 103549.0374
2163.75 2163.75 0.0 103537.7102
2177.89 2177.89 0.0 103526.4495
2192.03 2192.03 0.0 103515.2456
2206.17 2206.17 0.0 103504.0964
2220.32 2220.32 0.0 103493.0002
2234.46 2234.46 0.0 103481.9602
2248.6 2248.6 0.0 103470.9683
2262.74 2262.74 0.0 103460.0334
2276.88 2276.88 0.0 103450.8000
2291.03 2291.03 0.0 103441.7505
2305.17 2305.17 0.0 103432.7476
2319.31 2319.31 0.0 103425.6614
2333.45 2333.45 0.0 103418.7493
2347.59 2347.59 0.0 103411.7986
2361.74 2361.74 0.0 103404.8660
2375.88 2375.88 0.0 103398.2505
2390.02 2390.02 0.0 103387.6333
2404.16 2404.16 0.0 103375.1541
2418.31 2418.31 0.0 103365.9615
2432.45 2432.45 0.0 103356.8180
2446.59 2446.59 0.0 103347.7153
2460.73 2460.73 0.0 103340.5112
2474.87 2474.87 0.0 103335.2885
2489.02 2489.02 0.0 103330.0658
2503.16 2503.16 0.0 103324.8585
2517.3 2517.3 0.0 103319.6617
2531.44 2531.44 0.0 103314.4645
2545.58 2545.58 0.0 103309.2797
2559.73 2559.73 0.0 103304.1017
2573.87 2573.87 0.0 103298.9419
2588.01 2588.01 0.0 103293.7969
2602.15 2602.15 0.0 103288.4047
2616.3 2616.3 0.0 103282.8047
2630.44 2630.44 0.0 103277.6697
2644.58 2644.58 0.0 103275.8995
2658.72 2658.72 0.0 103270.7872
2672.86 2672.86 0.0 103263.4064
2687.01 2687.01 0.0 103254.8257
2701.15 2701.15 0.0 103246.4283
2715.29 2715.29 0.0 103240.4907
2729.43 2729.43 0.0 103235.0872
2743.57 2743.57 0.0 103229.7797
2757.72 2757.72 0.0 103224.4524
2771.86 2771.86 0.0 103218.9462
2786.0 2786.0 0.0 103213.4541
2800.14 2800.14 0.0 103207.9814
2814.28 2814.28 0.0 103202.4584
2828.43 2828.43 0.0 103196.8108
2842.57 2842.57 0.0 103190.6619
2856.71 2856.71 0.0 103184.5348
2870.85 2870.85 0.0 103178.1073
2885.0 2885.0 0.0 103171.6898
2899.14 2899.14 0.0 103165.2988
2913.28 2913.28 0.0 103158.9302
2927.42 2927.42 0.0 103152.1211
2941.56 2941.56 0.0 103144.2787
2955.71 2955.71 0.0 103136.4666
2969.85 2969.85 0.0 103128.6965
2983.99 2983.99 0.0 103120.4702
2998.13 2998.13 0.0 103112.2825
3012.27 3012.27 0.0 103107.5121
3026.42 3026.42 0.0 103104.1887
3040.56 3040.56 0.0 103101.9177
3054.7 3054.7 0.0 103099.0537
3068.84 3068.84 0.0 103096.0793
3082.99 3082.99 0.0 103092.8676
3097.13 3097.13 0.0 103089.5894
3111.27 3111.27 0.0 103086.3160
3125.41 3125.41 0.0 103083.0525
3139.55 3139.55 0.0 103079.7872
3153.7 3153.7 0.0 103075.9092
3167.84 3167.84 0.0 103071.7332
3181.98 3181.98 0.0 103067.5691
3196.12 3196.12 0.0 103063.4122
3210.26 3210.26 0.0 103059.2678
3224.41 3224.41 0.0 103055.1282
3238.55 3238.55 0.0 103051.0044
3252.69 3252.69 0.0 103046.8682
3266.83 3266.83 0.0 103042.7385
3280.98 3280.98 0.0 103038.5381
3295.12 3295.12 0.0 103033.7510
3309.26 3309.26 0.0 103028.9756
3323.4 3323.4 0.0 103024.2145
3337.54 3337.54 0.0 103019.4657
3351.69 3351.69 0.0 103014.7279
3365.83 3365.83 0.0 103010.0065
3379.97 3379.97 0.0 103005.2975
3394.11 3394.11 0.0 103000.6016
3408.25 3408.25 0.0 102995.9187
3422.4 3422.4 0.0 102991.2474
3436.54 3436.54 0.0 102986.5924
3450.68 3450.68 0.0 102981.0963
3464.82 3464.82 0.0 102975.4272
3478.97 3478.97 0.0 102969.7739
3493.11 3493.11 0.0 102964.1436
3507.25 3507.25 0.0 102958.5342
3521.39 3521.39 0.0 102952.9423
3535.53 3535.53 0.0 102947.3705
3549.68 3549.68 0.0 102941.8138
3563.82 3563.82 0.0 102936.5740
3577.96 3577.96 0.0 102931.4813
3592.1 3592.1 0.0 102926.0438
3606.24 3606.24 0.0 102919.6542
3620.39 3620.39 0.0 102915.2057
3634.53 3634.53 0.0 102911.7343
3648.67 3648.67 0.0 102908.2693
3662.81 3662.81 0.0 102904.8745
3676.96 3676.96 0.0 102901.6509
3691.1 3691.1 0.0 102898.4291
3705.24 3705.24 0.0 102895.2112
3719.38 3719.38 0.0 102892.0018
3733.52 3733.52 0.0 102888.7969
3747.67 3747.67 0.0 102885.5992
3761.81 3761.81 0.0 102882.4088
3775.95 3775.95 0.0 102879.2242
3790.09 3790.09 0.0 102876.0461
3804.23 3804.23 0.0 102872.8745
3818.38 3818.38 0.0 102869.9641
3832.52 3832.52 0.0 102867.3444
3846.66 3846.66 0.0 102864.7273
3860.8 3860.8 0.0 102862.1157
3874.95 3874.95 0.0 102859.5083
3889.09 3889.09 0.0 102856.9048
3903.23 3903.23 0.0 102854.3070
3917.37 3917.37 0.0 102851.4111
3931.51 3931.51 0.0 102847.5947
3945.66 3945.66 0.0 102843.7820
3959.8 3959.8 0.0 102841.0432
3973.94 3973.94 0.0 102838.9456
3988.08 3988.08 0.0 102837.1460
4002.22 4002.22 0.0 102835.3458
4016.37 4016.37 0.0 102833.5471
4030.51 4030.51 0.0 102831.7505
4044.65 4044.65 0.0 102829.9580
4058.79 4058.79 0.0 102828.1665
4072.94 4072.94 0.0 102826.0394
4087.08 4087.08 0.0 102822.9143
4101.22 4101.22 0.0 102819.7937
4115.36 4115.36 0.0 102816.6808
4129.5 4129.5 0.0 102813.5737
4143.65 4143.65 0.0 102810.4696
4157.79 4157.79 0.0 102807.3728
4171.93 4171.93 0.0 102804.2815
4186.07 4186.07 0.0 102801.1974
4200.21 4200.21 0.0 102798.1191
4214.36 4214.36 0.0 102795.0457
4228.5 4228.5 0.0 102791.9293
4242.64 4242.64 0.0 102788.6547
