0.0 0.0 0.0 2333994.0000
14.1421 14.1421 0.0 1914148.0000
28.2843 28.2843 0.0 1491446.2500
42.4264 42.4264 0.0 1117916.1875
56.5685 56.5685 0.0 805232.1875
70.7107 70.7107 0.0 564120.1250
84.8528 84.8528 0.0 400768.0938
98.9949 98.9949 0.0 305350.1094
113.137 113.137 0.0 243372.3438
127.279 127.279 0.0 217539.9766
141.421 141.421 0.0 199574.4219
155.563 155.563 0.0 184265.4141
169.706 169.706 0.0 171290.9141
183.848 183.848 0.0 160778.7617
197.99 197.99 0.0 154414.8594
212.132 212.132 0.0 148847.3086
226.274 226.274 0.0 143842.0195
240.416 240.416 0.0 139347.9531
254.558 254.558 0.0 135320.9062
268.701 268.701 0.0 131713.6113
282.843 282.843 0.0 129141.0625
296.985 296.985 0.0 126890.6738
311.127 311.127 0.0 124858.8730
325.269 325.269 0.0 122978.0762
339.411 339.411 0.0 121380.4473
353.553 353.553 0.0 119980.5273
367.696 367.696 0.0 118750.5410
381.838 381.838 0.0 117601.0205
395.98 395.98 0.0 116578.1348
410.122 410.122 0.0 115707.3701
424.264 424.264 0.0 115041.3594
438.406 438.406 0.0 114405.9961
452.548 452.548 0.0 113799.8740
466.69 466.69 0.0 113221.6777
480.833 480.833 0.0 112670.0850
494.975 494.975 0.0 112143.9688
509.117 509.117 0.0 111679.7031
523.259 523.259 0.0 111244.0273
537.401 537.401 0.0 110839.4893
551.543 551.543 0.0 110476.5928
565.685 565.685 0.0 110127.4717
579.828 579.828 0.0 109789.8730
593.97 593.97 0.0 109463.0586
608.112 608.112 0.0 109204.0684
622.254 622.254 0.0 108999.9399
636.396 636.396 0.0 108799.3892
650.538 650.538 0.0 108596.3354
664.68 664.68 0.0 108394.5811
678.823 678.823 0.0 108184.6748
692.965 692.965 0.0 107973.7754
707.107 707.107 0.0 107769.3447
721.249 721.249 0.0 107571.1802
735.391 735.391 0.0 107379.0884
749.533 749.533 0.0 107192.8862
763.675 763.675 0.0 107007.8457
777.817 777.817 0.0 106826.1167
791.96 791.96 0.0 106650.1670
806.102 806.102 0.0 106478.7935
820.244 820.244 0.0 106312.7734
834.386 834.386 0.0 106152.5527
848.528 848.528 0.0 105997.6519
862.67 862.67 0.0 105847.7031
876.812 876.812 0.0 105702.5557
890.955 890.955 0.0 105562.0322
905.097 905.097 0.0 105425.9995
919.239 919.239 0.0 105314.6528
933.381 933.381 0.0 105226.0566
947.523 947.523 0.0 105139.9512
961.665 961.665 0.0 105062.8892
975.807 975.807 0.0 104990.3213
989.949 989.949 0.0 104924.8987
1004.09 1004.09 0.0 104874.0361
1018.23 1018.23 0.0 104823.8994
1032.38 1032.38 0.0 104774.4338
1046.52 1046.52 0.0 104725.4104
1060.66 1060.66 0.0 104676.9709
1074.8 1074.8 0.0 104629.2188
1088.94 1088.94 0.0 104582.1426
1103.09 1103.09 0.0 104535.7041
1117.23 1117.23 0.0 104489.9548
1131.37 1131.37 0.0 104444.9224
1145.51 1145.51 0.0 104400.5425
1159.66 1159.66 0.0 104356.8767
1173.8 1173.8 0.0 104314.2427
1187.94 1187.94 0.0 104272.2104
1202.08 1202.08 0.0 104230.7678
1216.22 1216.22 0.0 104189.9058
1230.37 1230.37 0.0 104149.5913
1244.51 1244.51 0.0 104109.1531
1258.65 1258.65 0.0 104068.6597
1272.79 1272.79 0.0 104030.2161
1286.93 1286.93 0.0 103998.2759
1301.08 1301.08 0.0 103966.8589
1315.22 1315.22 0.0 103936.5293
1329.36 1329.36 0.0 103906.5957
1343.5 1343.5 0.0 103878.7068
1357.65 1357.65 0.0 103863.1501
1371.79 1371.79 0.0 103847.0535
1385.93 1385.93 0.0 103831.0576
1400.07 1400.07 0.0 103815.1589
1414.21 1414.21 0.0 103799.3660
1428.36 1428.36 0.0 103784.2966
1442.5 1442.5 0.0 103769.6274
1456.64 1456.64 0.0 103755.0225
1470.78 1470.78 0.0 103737.8840
1484.92 1484.92 0.0 103720.5745
1499.07 1499.07 0.0 103703.3811
1513.21 1513.21 0.0 103686.2927
1527.35 1527.35 0.0 103669.2156
1541.49 1541.49 0.0 103652.2593
1555.63 1555.63 0.0 103634.6863
1569.78 1569.78 0.0 103617.1465
1583.92 1583.92 0.0 103599.7515
1598.06 1598.06 0.0 103585.3860
1612.2 1612.2 0.0 103571.4463
1626.35 1626.35 0.0 103557.5386
1640.49 1640.49 0.0 103543.7258
1654.63 1654.63 0.0 103529.9993
1668.77 1668.77 0.0 103518.9124
1682.91 1682.91 0.0 103509.4612
1697.06 1697.06 0.0 103500.0688
1711.2 1711.2 0.0 103490.7014
1725.34 1725.34 0.0 103481.3645
1739.48 1739.48 0.0 103472.0654
1753.62 1753.62 0.0 103462.8064
1767.77 1767.77 0.0 103453.5671
1781.91 1781.91 0.0 103444.3735
1796.05 1796.05 0.0 103435.2178
1810.19 1810.19 0.0 103426.1057
1824.34 1824.34 0.0 103417.0227
1838.48 1838.48 0.0 103407.4753
1852.62 1852.62 0.0 103396.9136
1866.76 1866.76 0.0 103386.4016
1880.9 1880.9 0.0 103376.6575
1895.05 1895.05 0.0 103367.4330
1909.19 1909.19 0.0 103358.2585
1923.33 1923.33 0.0 103349.2383
1937.47 1937.47 0.0 103343.1937
1951.61 1951.61 0.0 103337.1632
1965.76 1965.76 0.0 103331.1479
1979.9 1979.9 0.0 103325.1547
1994.04 1994.04 0.0 103319.1801
2008.18 2008.18 0.0 103313.0775
2022.33 2022.33 0.0 103306.4193
2036.47 2036.47 0.0 103301.9503
2050.61 2050.61 0.0 103297.8036
2064.75 2064.75 0.0 103293.6674
2078.89 2078.89 0.0 103289.5378
2093.04 2093.04 0.0 103285.3962
2107.18 2107.18 0.0 103278.7480
2121.32 2121.32 0.0 103272.1216
2135.46 2135.46 0.0 103265.5201
2149.6 2149.6 0.0 103258.9385
2163.75 2163.75 0.0 103252.3762
2177.89 2177.89 0.0 103245.8408
2192.03 2192.03 0.0 103239.3285
2206.17 2206.17 0.0 103232.5348
2220.32 2220.32 0.0 103225.3259
2234.46 2234.46 0.0 103218.1488
2248.6 2248.6 0.0 103210.9996
2262.74 2262.74 0.0 103203.1294
2276.88 2276.88 0.0 103195.2224
2291.03 2291.03 0.0 103187.3433
2305.17 2305.17 0.0 103181.1494
2319.31 2319.31 0.0 103175.9335
2333.45 2333.45 0.0 103172.0576
2347.59 2347.59 0.0 103168.1910
2361.74 2361.74 0.0 103165.1210
2375.88 2375.88 0.0 103163.6610
2390.02 2390.02 0.0 103161.6599
2404.16 2404.16 0.0 103158.3624
2418.31 2418.31 0.0 103155.0674
2432.45 2432.45 0.0 103151.7815
2446.59 2446.59 0.0 103148.5062
2460.73 2460.73 0.0 103145.3191
2474.87 2474.87 0.0 103142.1366
2489.02 2489.02 0.0 103138.9572
2503.16 2503.16 0.0 103135.8297
2517.3 2517.3 0.0 103135.5278
2531.44 2531.44 0.0 103134.6732
2545.58 2545.58 0.0 103133.7476
2559.73 2559.73 0.0 103132.9196
2573.87 2573.87 0.0 103132.4426
2588.01 2588.01 0.0 103131.9656
2602.15 2602.15 0.0 103131.4878
2616.3 2616.3 0.0 103131.0120
2630.44 2630.44 0.0 103130.5337
2644.58 2644.58 0.0 103130.0555
2658.72 2658.72 0.0 103129.5800
2672.86 2672.86 0.0 103129.1045
2687.01 2687.01 0.0 103128.6268
2701.15 2701.15 0.0 103128.1509
2715.29 2715.29 0.0 103127.6750
2729.43 2729.43 0.0 103125.5507
2743.57 2743.57 0.0 103119.7725
2757.72 2757.72 0.0 103114.0076
2771.86 2771.86 0.0 103108.2664
2786.0 2786.0 0.0 103102.5443
2800.14 2800.14 0.0 103096.8373
2814.28 2814.28 0.0 103091.1519
2828.43 2828.43 0.0 103085.4780
2842.57 2842.57 0.0 103079.8282
2856.71 2856.71 0.0 103074.1965
2870.85 2870.85 0.0 103066.8718
2885.0 2885.0 0.0 103059.5330
2899.14 2899.14 0.0 103052.2308
2913.28 2913.28 0.0 103044.9595
2927.42 2927.42 0.0 103037.7178
2941.56 2941.56 0.0 103030.5066
2955.71 2955.71 0.0 103023.3218
2969.85 2969.85 0.0 103015.9575
2983.99 2983.99 0.0 103010.1221
2998.13 2998.13 0.0 103004.6986
3012.27 3012.27 0.0 102999.6646
3026.42 3026.42 0.0 102994.5173
3040.56 3040.56 0.0 102992.1256
3054.7 3054.7 0.0 102990.8680
3068.84 3068.84 0.0 102989.6073
3082.99 3082.99 0.0 102987.3462
3097.13 3097.13 0.0 102985.0447
3111.27 3111.27 0.0 102982.7478
3125.41 3125.41 0.0 102980.4534
3139.55 3139.55 0.0 102978.1622
3153.7 3153.7 0.0 102974.4722
3167.84 3167.84 0.0 102970.7552
3181.98 3181.98 0.0 102967.0450
3196.12 3196.12 0.0 102963.3440
3210.26 3210.26 0.0 102958.0244
3224.41 3224.41 0.0 102953.1503
3238.55 3238.55 0.0 102948.4639
3252.69 3252.69 0.0 102943.7894
3266.83 3266.83 0.0 102939.1299
3280.98 3280.98 0.0 102934.4791
3295.12 3295.12 0.0 102929.8464
3309.26 3309.26 0.0 102925.2103
3323.4 3323.4 0.0 102920.5739
3337.54 3337.54 0.0 102915.9508
3351.69 3351.69 0.0 102911.3396
3365.83 3365.83 0.0 102906.8865
3379.97 3379.97 0.0 102902.4548
3394.11 3394.11 0.0 102898.0356
3408.25 3408.25 0.0 102893.6288
3422.4 3422.4 0.0 102889.2314
3436.54 3436.54 0.0 102884.8491
3450.68 3450.68 0.0 102880.4778
3464.82 3464.82 0.0 102876.1216
3478.97 3478.97 0.0 102872.5656
3493.11 3493.11 0.0 102869.2194
3507.25 3507.25 0.0 102865.3320
3521.39 3521.39 0.0 102861.4530
3535.53 3535.53 0.0 102857.5852
3549.68 3549.68 0.0 102853.7220
3563.82 3563.82 0.0 102849.8728
3577.96 3577.96 0.0 102846.0327
3592.1 3592.1 0.0 102842.2023
3606.24 3606.24 0.0 102838.3815
3620.39 3620.39 0.0 102834.5688
3634.53 3634.53 0.0 102830.7657
3648.67 3648.67 0.0 102826.9680
3662.81 3662.81 0.0 102823.1278
3676.96 3676.96 0.0 102819.2950
3691.1 3691.1 0.0 102815.4736
3705.24 3705.24 0.0 102811.6577
3719.38 3719.38 0.0 102807.8523
3733.52 3733.52 0.0 102804.0559
3747.67 3747.67 0.0 102800.2664
3761.81 3761.81 0.0 102796.2609
3775.95 3775.95 0.0 102792.6613
3790.09 3790.09 0.0 102789.0710
3804.23 3804.23 0.0 102785.4877
3818.38 3818.38 0.0 102781.9122
3832.52 3832.52 0.0 102778.3485
3846.66 3846.66 0.0 102774.8596
3860.8 3860.8 0.0 102771.6721
3874.95 3874.95 0.0 102768.2427
3889.09 3889.09 0.0 102764.5359
3903.23 3903.23 0.0 102760.8395
3917.37 3917.37 0.0 102757.1525
3931.51 3931.51 0.0 102753.4728
3945.66 3945.66 0.0 102749.8040
3959.8 3959.8 0.0 102746.1433
3973.94 3973.94 0.0 102742.4932
3988.08 3988.08 0.0 102738.8035
4002.22 4002.22 0.0 102735.1211
4016.37 4016.37 0.0 102731.4478
4030.51 4030.51 0.0 102727.3036
4044.65 4044.65 0.0 102722.8730
4058.79 4058.79 0.0 102718.4473
4072.94 4072.94 0.0 102714.0309
4087.08 4087.08 0.0 102709.6302
4101.22 4101.22 0.0 102705.2430
4115.36 4115.36 0.0 102700.8717
4129.5 4129.5 0.0 102696.5128
4143.65 4143.65 0.0 102692.1652
4157.79 4157.79 0.0 102687.8346
4171.93 4171.93 0.0 102683.5162
4186.07 4186.07 0.0 102679.2124
4200.21 4200.21 0.0 102674.6096
4214.36 4214.36 0.0 102669.7937
4228.5 4228.5 0.0 102664.9961
4242.64 4242.64 0.0 102660.2181
