0.0 0.0 0.0 197641.4766
14.1421 14.1421 0.0 196180.9453
28.2843 28.2843 0.0 194741.4531
42.4264 42.4264 0.0 193322.8750
56.5685 56.5685 0.0 191924.9219
70.7107 70.7107 0.0 190508.5000
84.8528 84.8528 0.0 189086.7734
98.9949 98.9949 0.0 187554.9219
113.137 113.137 0.0 186020.6094
127.279 127.279 0.0 184512.5078
141.421 141.421 0.0 182992.4375
155.563 155.563 0.0 181410.5234
169.706 169.706 0.0 179831.8984
183.848 183.848 0.0 178175.0781
197.99 197.99 0.0 176410.8984
212.132 212.132 0.0 174580.9375
226.274 226.274 0.0 172740.3984
240.416 240.416 0.0 170922.3516
254.558 254.558 0.0 169112.0625
268.701 268.701 0.0 167342.7422
282.843 282.843 0.0 165615.1953
296.985 296.985 0.0 163927.1992
311.127 311.127 0.0 162282.1992
325.269 325.269 0.0 160646.8359
339.411 339.411 0.0 159034.2109
353.553 353.553 0.0 157435.3125
367.696 367.696 0.0 155858.1484
381.838 381.838 0.0 154324.4258
395.98 395.98 0.0 152836.9023
410.122 410.122 0.0 151390.1367
424.264 424.264 0.0 149982.9688
438.406 438.406 0.0 148614.4336
452.548 452.548 0.0 147306.7500
466.69 466.69 0.0 146181.0195
480.833 480.833 0.0 145082.1875
494.975 494.975 0.0 144009.8242
509.117 509.117 0.0 142963.1523
523.259 523.259 0.0 141941.6484
537.401 537.401 0.0 140944.6992
551.543 551.543 0.0 139971.7227
565.685 565.685 0.0 139006.9258
579.828 579.828 0.0 138069.2500
593.97 593.97 0.0 137352.1797
608.112 608.112 0.0 136642.2812
622.254 622.254 0.0 135946.0977
636.396 636.396 0.0 135263.4414
650.538 650.538 0.0 134598.3906
664.68 664.68 0.0 133948.7266
678.823 678.823 0.0 133311.5020
692.965 692.965 0.0 132605.0547
707.107 707.107 0.0 131873.6621
721.249 721.249 0.0 131159.0898
735.391 735.391 0.0 130531.8438
749.533 749.533 0.0 129953.3477
763.675 763.675 0.0 129383.3887
777.817 777.817 0.0 128813.8398
791.96 791.96 0.0 128251.6992
806.102 806.102 0.0 127691.0684
820.244 820.244 0.0 127101.8633
834.386 834.386 0.0 126390.4473
848.528 848.528 0.0 125650.2090
862.67 862.67 0.0 124937.8809
876.812 876.812 0.0 124505.1016
890.955 890.955 0.0 124080.1973
905.097 905.097 0.0 123663.0195
919.239 919.239 0.0 123251.3926
933.381 933.381 0.0 122846.0020
947.523 947.523 0.0 122448.0391
961.665 961.665 0.0 122042.4746
975.807 975.807 0.0 121635.1230
989.949 989.949 0.0 121258.8105
1004.09 1004.09 0.0 120889.8926
1018.23 1018.23 0.0 120518.2168
1032.38 1032.38 0.0 120152.6914
1046.52 1046.52 0.0 119806.6855
1060.66 1060.66 0.0 119468.5469
1074.8 1074.8 0.0 119136.5449
1088.94 1088.94 0.0 118810.5684
1103.09 1103.09 0.0 118490.2559
1117.23 1117.23 0.0 118176.0098
1131.37 1131.37 0.0 117855.8633
1145.51 1145.51 0.0 117539.2197
1159.66 1159.66 0.0 117213.7715
1173.8 1173.8 0.0 116874.5293
1187.94 1187.94 0.0 116541.5684
1202.08 1202.08 0.0 116215.5000
1216.22 1216.22 0.0 115908.3965
1230.37 1230.37 0.0 115609.0898
1244.51 1244.51 0.0 115316.1084
1258.65 1258.65 0.0 115029.0811
1272.79 1272.79 0.0 114740.2334
1286.93 1286.93 0.0 114449.1475
1301.08 1301.08 0.0 114159.8857
1315.22 1315.22 0.0 113872.7803
1329.36 1329.36 0.0 113592.0684
1343.5 1343.5 0.0 113317.5928
1357.65 1357.65 0.0 113049.0459
1371.79 1371.79 0.0 112786.6553
1385.93 1385.93 0.0 112530.1016
1400.07 1400.07 0.0 112279.2578
1414.21 1414.21 0.0 112034.0059
1428.36 1428.36 0.0 111794.0459
1442.5 1442.5 0.0 111559.5996
1456.64 1456.64 0.0 111328.0107
1470.78 1470.78 0.0 111059.8975
1484.92 1484.92 0.0 110801.0645
1499.07 1499.07 0.0 110548.4199
1513.21 1513.21 0.0 110312.4082
1527.35 1527.35 0.0 110082.6211
1541.49 1541.49 0.0 109862.4697
1555.63 1555.63 0.0 109648.3037
1569.78 1569.78 0.0 109439.3408
1583.92 1583.92 0.0 109250.1572
1598.06 1598.06 0.0 109073.2031
1612.2 1612.2 0.0 108900.1855
1626.35 1626.35 0.0 108730.9004
1640.49 1640.49 0.0 108566.4932
1654.63 1654.63 0.0 108407.0776
1668.77 1668.77 0.0 108251.1602
1682.91 1682.91 0.0 108104.9697
1697.06 1697.06 0.0 108031.9668
1711.2 1711.2 0.0 107959.8042
1725.34 1725.34 0.0 107888.4844
1739.48 1739.48 0.0 107817.9619
1753.62 1753.62 0.0 107748.1982
1767.77 1767.77 0.0 107679.1245
1781.91 1781.91 0.0 107610.8481
1796.05 1796.05 0.0 107542.2065
1810.19 1810.19 0.0 107476.7388
1824.34 1824.34 0.0 107419.2520
1838.48 1838.48 0.0 107363.0415
1852.62 1852.62 0.0 107315.3047
1866.76 1866.76 0.0 107267.9443
1880.9 1880.9 0.0 107220.9575
1895.05 1895.05 0.0 107174.3076
1909.19 1909.19 0.0 107127.9263
1923.33 1923.33 0.0 107083.2046
1937.47 1937.47 0.0 107038.8306
1951.61 1951.61 0.0 106994.8066
1965.76 1965.76 0.0 106951.1045
1979.9 1979.9 0.0 106907.7490
1994.04 1994.04 0.0 106864.7847
2008.18 2008.18 0.0 106822.4141
2022.33 2022.33 0.0 106780.3408
2036.47 2036.47 0.0 106738.6147
2050.61 2050.61 0.0 106697.2119
2064.75 2064.75 0.0 106656.1191
2078.89 2078.89 0.0 106616.2061
2093.04 2093.04 0.0 106580.6582
2107.18 2107.18 0.0 106541.6011
2121.32 2121.32 0.0 106502.5854
2135.46 2135.46 0.0 106463.8574
2149.6 2149.6 0.0 106425.4141
2163.75 2163.75 0.0 106386.8555
2177.89 2177.89 0.0 106347.6626
2192.03 2192.03 0.0 106308.0264
2206.17 2206.17 0.0 106269.4399
2220.32 2220.32 0.0 106230.6133
2234.46 2234.46 0.0 106193.9058
2248.6 2248.6 0.0 106173.2534
2262.74 2262.74 0.0 106152.6929
2276.88 2276.88 0.0 106132.2246
2291.03 2291.03 0.0 106111.8125
2305.17 2305.17 0.0 106091.5190
2319.31 2319.31 0.0 106071.3228
2333.45 2333.45 0.0 106044.0718
2347.59 2347.59 0.0 106015.8457
2361.74 2361.74 0.0 105987.3442
2375.88 2375.88 0.0 105959.0439
2390.02 2390.02 0.0 105930.9224
2404.16 2404.16 0.0 105902.8379
2418.31 2418.31 0.0 105874.7720
2432.45 2432.45 0.0 105845.2915
2446.59 2446.59 0.0 105813.7690
2460.73 2460.73 0.0 105778.3257
2474.87 2474.87 0.0 105742.7075
2489.02 2489.02 0.0 105707.3486
2503.16 2503.16 0.0 105669.1621
2517.3 2517.3 0.0 105633.9458
2531.44 2531.44 0.0 105599.1431
2545.58 2545.58 0.0 105564.6157
2559.73 2559.73 0.0 105530.4053
2573.87 2573.87 0.0 105500.4995
2588.01 2588.01 0.0 105475.2393
2602.15 2602.15 0.0 105450.0371
2616.3 2616.3 0.0 105424.9653
2630.44 2630.44 0.0 105400.0327
2644.58 2644.58 0.0 105375.1902
2658.72 2658.72 0.0 105350.4719
2672.86 2672.86 0.0 105325.9045
2687.01 2687.01 0.0 105301.1421
2701.15 2701.15 0.0 105272.9480
2715.29 2715.29 0.0 105244.9534
2729.43 2729.43 0.0 105217.1594
2743.57 2743.57 0.0 105189.5708
2757.72 2757.72 0.0 105162.1555
2771.86 2771.86 0.0 105134.9543
2786.0 2786.0 0.0 105106.7212
2800.14 2800.14 0.0 105077.7666
2814.28 2814.28 0.0 105049.2563
2828.43 2828.43 0.0 105021.0312
2842.57 2842.57 0.0 104993.0420
2856.71 2856.71 0.0 104965.2610
2870.85 2870.85 0.0 104937.6953
2885.0 2885.0 0.0 104910.3140
2899.14 2899.14 0.0 104883.1616
2913.28 2913.28 0.0 104853.6843
2927.42 2927.42 0.0 104823.4299
2941.56 2941.56 0.0 104793.4343
2955.71 2955.71 0.0 104763.6726
2969.85 2969.85 0.0 104734.1868
2983.99 2983.99 0.0 104705.4973
2998.13 2998.13 0.0 104677.0649
3012.27 3012.27 0.0 104648.8745
3026.42 3026.42 0.0 104620.8970
3040.56 3040.56 0.0 104593.1890
3054.7 3054.7 0.0 104565.7134
3068.84 3068.84 0.0 104538.4717
3082.99 3082.99 0.0 104511.4404
3097.13 3097.13 0.0 104484.6538
3111.27 3111.27 0.0 104458.1299
3125.41 3125.41 0.0 104431.8279
3139.55 3139.55 0.0 104405.7463
3153.7 3153.7 0.0 104379.8665
3167.84 3167.84 0.0 104354.2217
3181.98 3181.98 0.0 104328.7893
3196.12 3196.12 0.0 104303.5703
3210.26 3210.26 0.0 104285.4924
3224.41 3224.41 0.0 104269.2927
3238.55 3238.55 0.0 104253.1929
3252.69 3252.69 0.0 104237.1765
3266.83 3266.83 0.0 104221.2466
3280.98 3280.98 0.0 104205.5569
3295.12 3295.12 0.0 104192.3625
3309.26 3309.26 0.0 104179.2283
3323.4 3323.4 0.0 104166.1558
3337.54 3337.54 0.0 104153.1411
3351.69 3351.69 0.0 104140.1772
3365.83 3365.83 0.0 104127.2820
3379.97 3379.97 0.0 104114.4453
3394.11 3394.11 0.0 104101.6689
3408.25 3408.25 0.0 104088.9519
3422.4 3422.4 0.0 104076.2805
3436.54 3436.54 0.0 104063.6772
3450.68 3450.68 0.0 104051.1343
3464.82 3464.82 0.0 104038.6477
3478.97 3478.97 0.0 104026.1228
3493.11 3493.11 0.0 104013.5825
3507.25 3507.25 0.0 104001.0994
3521.39 3521.39 0.0 103988.6777
3535.53 3535.53 0.0 103976.3125
3549.68 3549.68 0.0 103963.9956
3563.82 3563.82 0.0 103951.7437
3577.96 3577.96 0.0 103939.5496
3592.1 3592.1 0.0 103927.4106
3606.24 3606.24 0.0 103915.4158
3620.39 3620.39 0.0 103903.7305
3634.53 3634.53 0.0 103892.1050
3648.67 3648.67 0.0 103880.5330
3662.81 3662.81 0.0 103869.0144
3676.96 3676.96 0.0 103857.5369
3691.1 3691.1 0.0 103846.1216
3705.24 3705.24 0.0 103834.7544
3719.38 3719.38 0.0 103823.4419
3733.52 3733.52 0.0 103812.1780
3747.67 3747.67 0.0 103800.9573
3761.81 3761.81 0.0 103789.7959
3775.95 3775.95 0.0 103778.6858
3790.09 3790.09 0.0 103767.6248
3804.23 3804.23 0.0 103756.6130
3818.38 3818.38 0.0 103745.6418
3832.52 3832.52 0.0 103734.7295
3846.66 3846.66 0.0 103723.8660
3860.8 3860.8 0.0 103713.0518
3874.95 3874.95 0.0 103702.2778
3889.09 3889.09 0.0 103691.5618
3903.23 3903.23 0.0 103680.8647
3917.37 3917.37 0.0 103669.3494
3931.51 3931.51 0.0 103659.0059
3945.66 3945.66 0.0 103648.8079
3959.8 3959.8 0.0 103639.9902
3973.94 3973.94 0.0 103633.3052
3988.08 3988.08 0.0 103626.6345
4002.22 4002.22 0.0 103619.9856
4016.37 4016.37 0.0 103613.3535
4030.51 4030.51 0.0 103605.8779
4044.65 4044.65 0.0 103596.6550
4058.79 4058.79 0.0 103586.7925
4072.94 4072.94 0.0 103576.7795
4087.08 4087.08 0.0 103566.8198
4101.22 4101.22 0.0 103556.9028
4115.36 4115.36 0.0 103547.0310
4129.5 4129.5 0.0 103536.7747
4143.65 4143.65 0.0 103525.9983
4157.79 4157.79 0.0 103515.2590
4171.93 4171.93 0.0 103504.6592
4186.07 4186.07 0.0 103494.7751
4200.21 4200.21 0.0 103484.9316
4214.36 4214.36 0.0 103475.1121
4228.5 4228.5 0.0 103465.3455
4242.64 4242.64 0.0 103456.2568
