0.0 0.0 0.0 203419.1328
14.1421 14.1421 0.0 202549.2422
28.2843 28.2843 0.0 201686.4375
42.4264 42.4264 0.0 200908.6562
56.5685 56.5685 0.0 200138.9453
70.7107 70.7107 0.0 199231.8828
84.8528 84.8528 0.0 198332.5859
98.9949 98.9949 0.0 197442.2344
113.137 113.137 0.0 196560.0391
127.279 127.279 0.0 195685.6016
141.421 141.421 0.0 194818.8984
155.563 155.563 0.0 193959.7188
169.706 169.706 0.0 193108.0312
183.848 183.848 0.0 192263.9219
197.99 197.99 0.0 191362.8594
212.132 212.132 0.0 190408.0469
226.274 226.274 0.0 189462.8984
240.416 240.416 0.0 188495.3984
254.558 254.558 0.0 187524.5469
268.701 268.701 0.0 186536.0938
282.843 282.843 0.0 185532.7266
296.985 296.985 0.0 184504.8750
311.127 311.127 0.0 183454.3125
325.269 325.269 0.0 182406.9062
339.411 339.411 0.0 181317.3438
353.553 353.553 0.0 180158.1641
367.696 367.696 0.0 179159.1016
381.838 381.838 0.0 178267.4297
395.98 395.98 0.0 177388.4609
410.122 410.122 0.0 176500.6328
424.264 424.264 0.0 175610.7891
438.406 438.406 0.0 174731.1172
452.548 452.548 0.0 173861.9766
466.69 466.69 0.0 173007.8516
480.833 480.833 0.0 172225.4844
494.975 494.975 0.0 171613.2578
509.117 509.117 0.0 171006.3047
523.259 523.259 0.0 170408.6016
537.401 537.401 0.0 169819.1406
551.543 551.543 0.0 169234.5312
565.685 565.685 0.0 168654.7109
579.828 579.828 0.0 168079.7031
593.97 593.97 0.0 167493.9531
608.112 608.112 0.0 166864.5078
622.254 622.254 0.0 166222.5898
636.396 636.396 0.0 165586.4570
650.538 650.538 0.0 164956.9805
664.68 664.68 0.0 164290.6992
678.823 678.823 0.0 163581.0312
692.965 692.965 0.0 162879.1406
707.107 707.107 0.0 162184.9180
721.249 721.249 0.0 161498.3203
735.391 735.391 0.0 160819.2227
749.533 749.533 0.0 160147.5430
763.675 763.675 0.0 159483.2383
777.817 777.817 0.0 158826.7969
791.96 791.96 0.0 158177.8438
806.102 806.102 0.0 157536.1016
820.244 820.244 0.0 156901.3672
834.386 834.386 0.0 156273.5898
848.528 848.528 0.0 155697.2773
862.67 862.67 0.0 155130.5508
876.812 876.812 0.0 154569.5781
890.955 890.955 0.0 154014.2812
905.097 905.097 0.0 153464.6406
919.239 919.239 0.0 152908.3281
933.381 933.381 0.0 152352.6562
947.523 947.523 0.0 151802.8164
961.665 961.665 0.0 151258.7578
975.807 975.807 0.0 150720.3828
989.949 989.949 0.0 150187.6836
1004.09 1004.09 0.0 149660.6445
1018.23 1018.23 0.0 149139.1719
1032.38 1032.38 0.0 148622.8711
1046.52 1046.52 0.0 148112.3320
1060.66 1060.66 0.0 147607.2656
1074.8 1074.8 0.0 147107.4688
1088.94 1088.94 0.0 146612.9961
1103.09 1103.09 0.0 146123.3672
1117.23 1117.23 0.0 145639.2695
1131.37 1131.37 0.0 145160.3047
1145.51 1145.51 0.0 144686.2852
1159.66 1159.66 0.0 144217.0234
1173.8 1173.8 0.0 143753.0703
1187.94 1187.94 0.0 143294.1523
1202.08 1202.08 0.0 142840.4688
1216.22 1216.22 0.0 142391.5703
1230.37 1230.37 0.0 141934.0703
1244.51 1244.51 0.0 141458.1172
1258.65 1258.65 0.0 140846.8867
1272.79 1272.79 0.0 140227.8750
1286.93 1286.93 0.0 139618.3789
1301.08 1301.08 0.0 139008.1406
1315.22 1315.22 0.0 138343.7578
1329.36 1329.36 0.0 137668.3594
1343.5 1343.5 0.0 136962.8594
1357.65 1357.65 0.0 136260.0195
1371.79 1371.79 0.0 135571.3320
1385.93 1385.93 0.0 134881.2695
1400.07 1400.07 0.0 134200.4688
1414.21 1414.21 0.0 133438.4102
1428.36 1428.36 0.0 132615.7031
1442.5 1442.5 0.0 131767.1367
1456.64 1456.64 0.0 130889.7188
1470.78 1470.78 0.0 130002.3867
1484.92 1484.92 0.0 128938.4961
1499.07 1499.07 0.0 127869.1309
1513.21 1513.21 0.0 126841.3613
1527.35 1527.35 0.0 125852.8789
1541.49 1541.49 0.0 124902.2598
1555.63 1555.63 0.0 123987.8086
1569.78 1569.78 0.0 123104.2559
1583.92 1583.92 0.0 122249.1758
1598.06 1598.06 0.0 121427.5312
1612.2 1612.2 0.0 120638.3262
1626.35 1626.35 0.0 119883.3867
1640.49 1640.49 0.0 119201.8750
1654.63 1654.63 0.0 118572.4219
1668.77 1668.77 0.0 118154.1602
1682.91 1682.91 0.0 117745.9512
1697.06 1697.06 0.0 117476.8135
1711.2 1711.2 0.0 117227.4355
1725.34 1725.34 0.0 116988.6797
1739.48 1739.48 0.0 116771.1064
1753.62 1753.62 0.0 116575.1611
1767.77 1767.77 0.0 116392.9824
1781.91 1781.91 0.0 116230.2656
1796.05 1796.05 0.0 116069.3906
1810.19 1810.19 0.0 115910.3223
1824.34 1824.34 0.0 115752.8701
1838.48 1838.48 0.0 115597.1992
1852.62 1852.62 0.0 115443.1895
1866.76 1866.76 0.0 115290.8428
1880.9 1880.9 0.0 115140.1299
1895.05 1895.05 0.0 114990.8564
1909.19 1909.19 0.0 114843.2432
1923.33 1923.33 0.0 114697.2139
1937.47 1937.47 0.0 114552.7510
1951.61 1951.61 0.0 114409.8340
1965.76 1965.76 0.0 114292.0293
1979.9 1979.9 0.0 114177.3633
1994.04 1994.04 0.0 114063.7158
2008.18 2008.18 0.0 113957.2188
2022.33 2022.33 0.0 113851.2500
2036.47 2036.47 0.0 113746.2480
2050.61 2050.61 0.0 113642.1094
2064.75 2064.75 0.0 113538.8193
2078.89 2078.89 0.0 113436.3809
2093.04 2093.04 0.0 113334.8916
2107.18 2107.18 0.0 113263.2754
2121.32 2121.32 0.0 113192.0752
2135.46 2135.46 0.0 113119.5293
2149.6 2149.6 0.0 113040.6348
2163.75 2163.75 0.0 112962.2529
2177.89 2177.89 0.0 112884.4590
2192.03 2192.03 0.0 112807.2051
2206.17 2206.17 0.0 112728.1758
2220.32 2220.32 0.0 112630.9854
2234.46 2234.46 0.0 112529.1074
2248.6 2248.6 0.0 112417.6230
2262.74 2262.74 0.0 112303.6914
2276.88 2276.88 0.0 112188.9277
2291.03 2291.03 0.0 112065.4561
2305.17 2305.17 0.0 111943.4648
2319.31 2319.31 0.0 111822.0469
2333.45 2333.45 0.0 111699.4639
2347.59 2347.59 0.0 111610.5996
2361.74 2361.74 0.0 111522.5342
2375.88 2375.88 0.0 111435.1494
2390.02 2390.02 0.0 111348.3770
2404.16 2404.16 0.0 111262.3506
2418.31 2418.31 0.0 111176.9941
2432.45 2432.45 0.0 111092.4258
2446.59 2446.59 0.0 111008.5820
2460.73 2460.73 0.0 110925.4619
2474.87 2474.87 0.0 110843.0391
2489.02 2489.02 0.0 110761.2578
2503.16 2503.16 0.0 110680.2812
2517.3 2517.3 0.0 110600.0215
2531.44 2531.44 0.0 110520.4307
2545.58 2545.58 0.0 110441.5342
2559.73 2559.73 0.0 110363.2354
2573.87 2573.87 0.0 110285.6777
2588.01 2588.01 0.0 110208.7773
2602.15 2602.15 0.0 110132.5293
2616.3 2616.3 0.0 110056.8887
2630.44 2630.44 0.0 109981.9355
2644.58 2644.58 0.0 109907.6406
2658.72 2658.72 0.0 109833.9629
2672.86 2672.86 0.0 109760.2539
2687.01 2687.01 0.0 109685.0059
2701.15 2701.15 0.0 109610.3828
2715.29 2715.29 0.0 109536.4307
2729.43 2729.43 0.0 109463.1250
2743.57 2743.57 0.0 109390.4854
2757.72 2757.72 0.0 109318.4395
2771.86 2771.86 0.0 109247.0757
2786.0 2786.0 0.0 109169.7627
2800.14 2800.14 0.0 109084.5513
2814.28 2814.28 0.0 108997.7202
2828.43 2828.43 0.0 108911.7959
2842.57 2842.57 0.0 108826.8872
2856.71 2856.71 0.0 108739.3672
2870.85 2870.85 0.0 108652.8643
2885.0 2885.0 0.0 108567.3047
2899.14 2899.14 0.0 108482.7949
2913.28 2913.28 0.0 108399.2749
2927.42 2927.42 0.0 108316.7227
2941.56 2941.56 0.0 108235.1245
2955.71 2955.71 0.0 108154.4189
2969.85 2969.85 0.0 108076.0078
2983.99 2983.99 0.0 107999.1558
2998.13 2998.13 0.0 107923.1665
3012.27 3012.27 0.0 107856.9351
3026.42 3026.42 0.0 107809.4746
3040.56 3040.56 0.0 107767.1514
3054.7 3054.7 0.0 107725.0889
3068.84 3068.84 0.0 107683.3003
3082.99 3082.99 0.0 107641.7559
3097.13 3097.13 0.0 107600.5088
3111.27 3111.27 0.0 107559.5342
3125.41 3125.41 0.0 107518.8257
3139.55 3139.55 0.0 107478.3823
3153.7 3153.7 0.0 107438.1704
3167.84 3167.84 0.0 107398.2778
3181.98 3181.98 0.0 107358.6396
3196.12 3196.12 0.0 107319.2529
3210.26 3210.26 0.0 107280.1318
3224.41 3224.41 0.0 107239.0430
3238.55 3238.55 0.0 107197.9385
3252.69 3252.69 0.0 107157.1187
3266.83 3266.83 0.0 107116.6143
3280.98 3280.98 0.0 107076.3525
3295.12 3295.12 0.0 107036.4058
3309.26 3309.26 0.0 106996.7349
3323.4 3323.4 0.0 106957.3516
3337.54 3337.54 0.0 106918.2817
3351.69 3351.69 0.0 106879.4614
3365.83 3365.83 0.0 106840.9380
3379.97 3379.97 0.0 106802.6763
3394.11 3394.11 0.0 106768.0527
3408.25 3408.25 0.0 106733.6582
3422.4 3422.4 0.0 106699.4556
3436.54 3436.54 0.0 106665.4976
3450.68 3450.68 0.0 106631.7495
3464.82 3464.82 0.0 106598.2163
3478.97 3478.97 0.0 106564.8677
3493.11 3493.11 0.0 106531.7563
3507.25 3507.25 0.0 106498.8511
3521.39 3521.39 0.0 106466.1533
3535.53 3535.53 0.0 106433.6660
3549.68 3549.68 0.0 106401.3550
3563.82 3563.82 0.0 106369.2769
3577.96 3577.96 0.0 106337.3979
3592.1 3592.1 0.0 106305.7305
3606.24 3606.24 0.0 106274.2593
3620.39 3620.39 0.0 106242.9678
3634.53 3634.53 0.0 106211.8950
3648.67 3648.67 0.0 106181.0181
3662.81 3662.81 0.0 106150.3379
3676.96 3676.96 0.0 106119.8281
3691.1 3691.1 0.0 106089.5332
3705.24 3705.24 0.0 106059.4272
3719.38 3719.38 0.0 106029.5088
3733.52 3733.52 0.0 105999.7856
3747.67 3747.67 0.0 105970.1953
3761.81 3761.81 0.0 105941.8169
3775.95 3775.95 0.0 105914.9653
3790.09 3790.09 0.0 105888.2622
3804.23 3804.23 0.0 105861.7148
3818.38 3818.38 0.0 105836.5493
3832.52 3832.52 0.0 105813.8779
3846.66 3846.66 0.0 105790.5483
3860.8 3860.8 0.0 105766.0112
3874.95 3874.95 0.0 105741.5869
3889.09 3889.09 0.0 105717.3125
3903.23 3903.23 0.0 105693.1304
3917.37 3917.37 0.0 105669.0796
3931.51 3931.51 0.0 105645.0254
3945.66 3945.66 0.0 105622.6660
3959.8 3959.8 0.0 105600.4385
3973.94 3973.94 0.0 105578.3257
3988.08 3988.08 0.0 105556.5361
4002.22 4002.22 0.0 105534.9082
4016.37 4016.37 0.0 105513.3745
4030.51 4030.51 0.0 105491.9644
4044.65 4044.65 0.0 105470.6685
4058.79 4058.79 0.0 105449.4565
4072.94 4072.94 0.0 105428.2534
4087.08 4087.08 0.0 105407.1284
4101.22 4101.22 0.0 105386.1104
4115.36 4115.36 0.0 105365.1980
4129.5 4129.5 0.0 105343.2490
4143.65 4143.65 0.0 105319.0999
4157.79 4157.79 0.0 105292.4402
4171.93 4171.93 0.0 105265.9595
4186.07 4186.07 0.0 105239.6575
4200.21 4200.21 0.0 105213.5283
4214.36 4214.36 0.0 105187.5574
4228.5 4228.5 0.0 105162.0496
4242.64 4242.64 0.0 105137.9399
