0.0 0.0 0.0 357421.5469
14.1421 14.1421 0.0 355178.2031
28.2843 28.2843 0.0 354508.9844
42.4264 42.4264 0.0 353841.3594
56.5685 56.5685 0.0 353175.1562
70.7107 70.7107 0.0 352510.6250
84.8528 84.8528 0.0 351847.6719
98.9949 98.9949 0.0 351203.7344
113.137 113.137 0.0 350580.1875
127.279 127.279 0.0 349957.9062
141.421 141.421 0.0 349337.1875
155.563 155.563 0.0 348717.7500
169.706 169.706 0.0 348099.6250
183.848 183.848 0.0 347482.9375
197.99 197.99 0.0 346867.6719
212.132 212.132 0.0 346253.6562
226.274 226.274 0.0 345640.9375
240.416 240.416 0.0 345029.6406
254.558 254.558 0.0 344419.7188
268.701 268.701 0.0 343811.0938
282.843 282.843 0.0 343203.8750
296.985 296.985 0.0 342598.0312
311.127 311.127 0.0 341993.4844
325.269 325.269 0.0 341390.2188
339.411 339.411 0.0 340785.5625
353.553 353.553 0.0 340180.7344
367.696 367.696 0.0 339521.9375
381.838 381.838 0.0 338796.0938
395.98 395.98 0.0 338072.3281
410.122 410.122 0.0 337350.3438
424.264 424.264 0.0 336630.4062
438.406 438.406 0.0 335912.5000
452.548 452.548 0.0 335196.5625
466.69 466.69 0.0 334476.7812
480.833 480.833 0.0 333752.9688
494.975 494.975 0.0 333022.6406
509.117 509.117 0.0 332294.2656
523.259 523.259 0.0 331567.9844
537.401 537.401 0.0 330843.7031
551.543 551.543 0.0 330121.4688
565.685 565.685 0.0 329401.2344
579.828 579.828 0.0 328683.0312
593.97 593.97 0.0 327912.7031
608.112 608.112 0.0 327023.7500
622.254 622.254 0.0 326133.2188
636.396 636.396 0.0 325245.9688
650.538 650.538 0.0 324361.7500
664.68 664.68 0.0 323453.8281
678.823 678.823 0.0 322486.8281
692.965 692.965 0.0 321523.5312
707.107 707.107 0.0 320564.0938
721.249 721.249 0.0 319608.4219
735.391 735.391 0.0 318656.4062
749.533 749.533 0.0 317708.1250
763.675 763.675 0.0 316763.5625
777.817 777.817 0.0 315822.8906
791.96 791.96 0.0 314886.2500
806.102 806.102 0.0 313953.2969
820.244 820.244 0.0 313023.3906
834.386 834.386 0.0 312096.3281
848.528 848.528 0.0 311172.8438
862.67 862.67 0.0 310253.0312
876.812 876.812 0.0 309336.4219
890.955 890.955 0.0 308422.3750
905.097 905.097 0.0 307512.1562
919.239 919.239 0.0 306602.4219
933.381 933.381 0.0 305696.2344
947.523 947.523 0.0 304765.0625
961.665 961.665 0.0 303824.1875
975.807 975.807 0.0 302885.3594
989.949 989.949 0.0 301873.9375
1004.09 1004.09 0.0 300793.2656
1018.23 1018.23 0.0 299717.8594
1032.38 1032.38 0.0 298647.0000
1046.52 1046.52 0.0 297580.7188
1060.66 1060.66 0.0 296514.4531
1074.8 1074.8 0.0 295453.4688
1088.94 1088.94 0.0 294397.7188
1103.09 1103.09 0.0 293323.6406
1117.23 1117.23 0.0 292219.1719
1131.37 1131.37 0.0 291120.4844
1145.51 1145.51 0.0 290027.5312
1159.66 1159.66 0.0 288939.5469
1173.8 1173.8 0.0 287857.9688
1187.94 1187.94 0.0 286782.0938
1202.08 1202.08 0.0 285711.8906
1216.22 1216.22 0.0 284647.2656
1230.37 1230.37 0.0 283587.5625
1244.51 1244.51 0.0 282534.1094
1258.65 1258.65 0.0 281486.3438
1272.79 1272.79 0.0 280436.4375
1286.93 1286.93 0.0 279310.1094
1301.08 1301.08 0.0 278177.0781
1315.22 1315.22 0.0 277051.5312
1329.36 1329.36 0.0 275932.4688
1343.5 1343.5 0.0 274815.2500
1357.65 1357.65 0.0 273677.7188
1371.79 1371.79 0.0 272547.8594
1385.93 1385.93 0.0 271422.7031
1400.07 1400.07 0.0 270303.6250
1414.21 1414.21 0.0 269191.2656
1428.36 1428.36 0.0 268084.8438
1442.5 1442.5 0.0 266984.1875
1456.64 1456.64 0.0 265883.6875
1470.78 1470.78 0.0 264789.9062
1484.92 1484.92 0.0 263702.7969
1499.07 1499.07 0.0 262621.5781
1513.21 1513.21 0.0 261547.7969
1527.35 1527.35 0.0 260480.5938
1541.49 1541.49 0.0 259419.9219
1555.63 1555.63 0.0 258365.7969
1569.78 1569.78 0.0 257317.4688
1583.92 1583.92 0.0 256410.3281
1598.06 1598.06 0.0 255585.1562
1612.2 1612.2 0.0 254766.4219
1626.35 1626.35 0.0 253951.0781
1640.49 1640.49 0.0 253140.4062
1654.63 1654.63 0.0 252333.6719
1668.77 1668.77 0.0 251530.9219
1682.91 1682.91 0.0 250729.6875
1697.06 1697.06 0.0 249922.4688
1711.2 1711.2 0.0 249115.8438
1725.34 1725.34 0.0 248312.4688
1739.48 1739.48 0.0 247513.0312
1753.62 1753.62 0.0 246717.6875
1767.77 1767.77 0.0 245925.7344
1781.91 1781.91 0.0 245116.7344
1796.05 1796.05 0.0 244284.6406
1810.19 1810.19 0.0 243456.9844
1824.34 1824.34 0.0 242633.2500
1838.48 1838.48 0.0 241814.1719
1852.62 1852.62 0.0 240998.2656
1866.76 1866.76 0.0 240186.4062
1880.9 1880.9 0.0 239378.9688
1895.05 1895.05 0.0 238575.3281
1909.19 1909.19 0.0 237776.0781
1923.33 1923.33 0.0 236981.1094
1937.47 1937.47 0.0 236190.3594
1951.61 1951.61 0.0 235404.0469
1965.76 1965.76 0.0 234621.0625
1979.9 1979.9 0.0 233834.1875
1994.04 1994.04 0.0 233059.9531
2008.18 2008.18 0.0 232291.7656
2022.33 2022.33 0.0 231527.0547
2036.47 2036.47 0.0 230761.6719
2050.61 2050.61 0.0 230000.1953
2064.75 2064.75 0.0 229242.8594
2078.89 2078.89 0.0 228477.7891
2093.04 2093.04 0.0 227811.0625
2107.18 2107.18 0.0 227194.5391
2121.32 2121.32 0.0 226580.8047
2135.46 2135.46 0.0 225969.8438
2149.6 2149.6 0.0 225361.7500
2163.75 2163.75 0.0 224755.9844
2177.89 2177.89 0.0 224153.4297
2192.03 2192.03 0.0 223553.6641
2206.17 2206.17 0.0 222956.6094
2220.32 2220.32 0.0 222361.8984
2234.46 2234.46 0.0 221770.3281
2248.6 2248.6 0.0 221188.4766
2262.74 2262.74 0.0 220616.9609
2276.88 2276.88 0.0 220048.0859
2291.03 2291.03 0.0 219481.3672
2305.17 2305.17 0.0 218892.5312
2319.31 2319.31 0.0 218288.7422
2333.45 2333.45 0.0 217687.4922
2347.59 2347.59 0.0 217089.0703
2361.74 2361.74 0.0 216499.8828
2375.88 2375.88 0.0 215984.2812
2390.02 2390.02 0.0 215470.7422
2404.16 2404.16 0.0 214959.4609
2418.31 2418.31 0.0 214449.9297
2432.45 2432.45 0.0 213985.5156
2446.59 2446.59 0.0 213541.6172
2460.73 2460.73 0.0 213099.3516
2474.87 2474.87 0.0 212658.4219
2489.02 2489.02 0.0 212201.7109
2503.16 2503.16 0.0 211742.5859
2517.3 2517.3 0.0 211283.0078
2531.44 2531.44 0.0 210825.3047
2545.58 2545.58 0.0 210369.3672
2559.73 2559.73 0.0 209914.8984
2573.87 2573.87 0.0 209462.6016
2588.01 2588.01 0.0 209012.0156
2602.15 2602.15 0.0 208563.2422
2616.3 2616.3 0.0 208115.9219
2630.44 2630.44 0.0 207670.6797
2644.58 2644.58 0.0 207227.2031
2658.72 2658.72 0.0 206785.4609
2672.86 2672.86 0.0 206345.4766
2687.01 2687.01 0.0 205906.9297
2701.15 2701.15 0.0 205470.4531
2715.29 2715.29 0.0 205035.6797
2729.43 2729.43 0.0 204602.6328
2743.57 2743.57 0.0 204171.3047
2757.72 2757.72 0.0 203741.3594
2771.86 2771.86 0.0 203314.7188
2786.0 2786.0 0.0 202889.8359
2800.14 2800.14 0.0 202465.3438
2814.28 2814.28 0.0 202041.5547
2828.43 2828.43 0.0 201619.0781
2842.57 2842.57 0.0 201198.6406
2856.71 2856.71 0.0 200780.4844
2870.85 2870.85 0.0 200377.8750
2885.0 2885.0 0.0 199976.4844
2899.14 2899.14 0.0 199576.9688
2913.28 2913.28 0.0 199178.9688
2927.42 2927.42 0.0 198782.4844
2941.56 2941.56 0.0 198387.5469
2955.71 2955.71 0.0 197989.6797
2969.85 2969.85 0.0 197571.2031
2983.99 2983.99 0.0 197154.4688
2998.13 2998.13 0.0 196739.4844
3012.27 3012.27 0.0 196309.8047
3026.42 3026.42 0.0 195858.1953
3040.56 3040.56 0.0 195377.2031
3054.7 3054.7 0.0 194886.7500
3068.84 3068.84 0.0 194406.0547
3082.99 3082.99 0.0 193960.9453
3097.13 3097.13 0.0 193514.6016
3111.27 3111.27 0.0 193049.4609
3125.41 3125.41 0.0 192573.8438
3139.55 3139.55 0.0 192100.5312
3153.7 3153.7 0.0 191629.2734
3167.84 3167.84 0.0 191160.6875
3181.98 3181.98 0.0 190694.3672
3196.12 3196.12 0.0 190230.4062
3210.26 3210.26 0.0 189717.2266
3224.41 3224.41 0.0 189199.1094
3238.55 3238.55 0.0 188684.2969
3252.69 3252.69 0.0 188172.2891
3266.83 3266.83 0.0 187663.2344
3280.98 3280.98 0.0 187156.0312
3295.12 3295.12 0.0 186651.1250
3309.26 3309.26 0.0 186149.0000
3323.4 3323.4 0.0 185649.8516
3337.54 3337.54 0.0 185145.4062
3351.69 3351.69 0.0 184643.0391
3365.83 3365.83 0.0 184143.9062
3379.97 3379.97 0.0 183647.6016
3394.11 3394.11 0.0 183153.0859
3408.25 3408.25 0.0 182658.1016
3422.4 3422.4 0.0 182139.1953
3436.54 3436.54 0.0 181542.7031
3450.68 3450.68 0.0 180817.5781
3464.82 3464.82 0.0 180045.5547
3478.97 3478.97 0.0 179115.2656
3493.11 3493.11 0.0 178053.2266
3507.25 3507.25 0.0 177002.9766
3521.39 3521.39 0.0 175961.3125
3535.53 3535.53 0.0 174910.5781
3549.68 3549.68 0.0 173855.6250
3563.82 3563.82 0.0 172803.1328
3577.96 3577.96 0.0 171765.2891
3592.1 3592.1 0.0 170696.3281
3606.24 3606.24 0.0 169576.0547
3620.39 3620.39 0.0 168472.5391
3634.53 3634.53 0.0 167386.9688
3648.67 3648.67 0.0 166318.4180
3662.81 3662.81 0.0 165266.5820
3676.96 3676.96 0.0 164230.5352
3691.1 3691.1 0.0 163211.4727
3705.24 3705.24 0.0 162208.4219
3719.38 3719.38 0.0 161221.1719
3733.52 3733.52 0.0 160249.9961
3747.67 3747.67 0.0 159293.6016
3761.81 3761.81 0.0 158352.9453
3775.95 3775.95 0.0 157427.1797
3790.09 3790.09 0.0 156515.9648
3804.23 3804.23 0.0 155619.9375
3818.38 3818.38 0.0 154737.5195
3832.52 3832.52 0.0 153869.7070
3846.66 3846.66 0.0 153015.6094
3860.8 3860.8 0.0 152178.9727
3874.95 3874.95 0.0 151364.3203
3889.09 3889.09 0.0 150562.9570
3903.23 3903.23 0.0 149776.2148
3917.37 3917.37 0.0 149047.7539
3931.51 3931.51 0.0 148440.0938
3945.66 3945.66 0.0 147854.3867
3959.8 3959.8 0.0 147301.0781
3973.94 3973.94 0.0 146860.4258
3988.08 3988.08 0.0 146463.9219
4002.22 4002.22 0.0 146090.4570
4016.37 4016.37 0.0 145729.6016
4030.51 4030.51 0.0 145371.8516
4044.65 4044.65 0.0 145016.8242
4058.79 4058.79 0.0 144657.0547
4072.94 4072.94 0.0 144326.2305
4087.08 4087.08 0.0 144015.5273
4101.22 4101.22 0.0 143705.7148
4115.36 4115.36 0.0 143396.1797
4129.5 4129.5 0.0 143088.8789
4143.65 4143.65 0.0 142783.5391
4157.79 4157.79 0.0 142476.8750
4171.93 4171.93 0.0 142186.7227
4186.07 4186.07 0.0 141901.8242
4200.21 4200.21 0.0 141618.8594
4214.36 4214.36 0.0 141337.6445
4228.5 4228.5 0.0 141055.7969
4242.64 4242.64 0.0 140775.6719
