0.0 0.0 0.0 272069.8906
14.1421 14.1421 0.0 253284.9531
28.2843 28.2843 0.0 232474.5625
42.4264 42.4264 0.0 212370.7031
56.5685 56.5685 0.0 194860.0078
70.7107 70.7107 0.0 179984.6875
84.8528 84.8528 0.0 167373.0234
98.9949 98.9949 0.0 157071.1094
113.137 113.137 0.0 148213.9766
127.279 127.279 0.0 140651.2461
141.421 141.421 0.0 134589.5000
155.563 155.563 0.0 130277.8438
169.706 169.706 0.0 126714.6543
183.848 183.848 0.0 123845.0488
197.99 197.99 0.0 121350.5938
212.132 212.132 0.0 119277.5742
226.274 226.274 0.0 117587.4531
240.416 240.416 0.0 115917.4434
254.558 254.558 0.0 114417.8369
268.701 268.701 0.0 113071.4092
282.843 282.843 0.0 111878.2764
296.985 296.985 0.0 110846.1699
311.127 311.127 0.0 109919.0488
325.269 325.269 0.0 109093.7227
339.411 339.411 0.0 108357.8032
353.553 353.553 0.0 107692.7095
367.696 367.696 0.0 107221.5854
381.838 381.838 0.0 106828.8462
395.98 395.98 0.0 106532.0386
410.122 410.122 0.0 106266.1558
424.264 424.264 0.0 106013.8291
438.406 438.406 0.0 105773.8511
452.548 452.548 0.0 105561.2661
466.69 466.69 0.0 105356.6567
480.833 480.833 0.0 105186.3772
494.975 494.975 0.0 105029.8442
509.117 509.117 0.0 104879.6423
523.259 523.259 0.0 104736.9631
537.401 537.401 0.0 104606.2437
551.543 551.543 0.0 104482.2332
565.685 565.685 0.0 104362.1748
579.828 579.828 0.0 104250.2175
593.97 593.97 0.0 104143.2310
608.112 608.112 0.0 104040.1548
622.254 622.254 0.0 103940.8359
636.396 636.396 0.0 103845.1313
650.538 650.538 0.0 103754.5688
664.68 664.68 0.0 103661.4753
678.823 678.823 0.0 103562.0884
692.965 692.965 0.0 103463.4817
707.107 707.107 0.0 103363.7073
721.249 721.249 0.0 103264.4076
735.391 735.391 0.0 103169.9348
749.533 749.533 0.0 103079.9261
763.675 763.675 0.0 102992.7565
777.817 777.817 0.0 102910.9391
791.96 791.96 0.0 102844.3740
806.102 806.102 0.0 102783.7880
820.244 820.244 0.0 102730.6934
834.386 834.386 0.0 102682.1312
848.528 848.528 0.0 102635.2454
862.67 862.67 0.0 102590.1913
876.812 876.812 0.0 102546.6970
890.955 890.955 0.0 102507.8345
905.097 905.097 0.0 102471.9781
919.239 919.239 0.0 102437.2753
933.381 933.381 0.0 102403.5074
947.523 947.523 0.0 102369.7863
961.665 961.665 0.0 102337.4606
975.807 975.807 0.0 102307.0224
989.949 989.949 0.0 102277.4983
1004.09 1004.09 0.0 102248.8650
1018.23 1018.23 0.0 102221.0938
1032.38 1032.38 0.0 102194.1388
1046.52 1046.52 0.0 102168.1012
1060.66 1060.66 0.0 102142.9700
1074.8 1074.8 0.0 102118.5895
1088.94 1088.94 0.0 102094.9365
1103.09 1103.09 0.0 102072.6993
1117.23 1117.23 0.0 102058.0114
1131.37 1131.37 0.0 102043.1521
1145.51 1145.51 0.0 102028.5942
1159.66 1159.66 0.0 102014.3209
1173.8 1173.8 0.0 102000.3479
1187.94 1187.94 0.0 101986.6569
1202.08 1202.08 0.0 101975.4129
1216.22 1216.22 0.0 101964.5223
1230.37 1230.37 0.0 101953.8067
1244.51 1244.51 0.0 101943.2783
1258.65 1258.65 0.0 101932.9249
1272.79 1272.79 0.0 101922.7458
1286.93 1286.93 0.0 101912.7369
1301.08 1301.08 0.0 101903.5692
1315.22 1315.22 0.0 101894.8669
1329.36 1329.36 0.0 101886.3273
1343.5 1343.5 0.0 101878.4484
1357.65 1357.65 0.0 101871.7429
1371.79 1371.79 0.0 101867.8646
1385.93 1385.93 0.0 101863.9119
1400.07 1400.07 0.0 101859.9414
1414.21 1414.21 0.0 101856.0008
1428.36 1428.36 0.0 101852.0866
1442.5 1442.5 0.0 101848.2038
1456.64 1456.64 0.0 101844.3494
1470.78 1470.78 0.0 101840.5233
1484.92 1484.92 0.0 101837.9564
1499.07 1499.07 0.0 101835.5142
1513.21 1513.21 0.0 101833.0855
1527.35 1527.35 0.0 101830.6687
1541.49 1541.49 0.0 101828.5924
1555.63 1555.63 0.0 101824.8905
1569.78 1569.78 0.0 101819.3684
1583.92 1583.92 0.0 101813.7172
1598.06 1598.06 0.0 101808.1307
1612.2 1612.2 0.0 101803.2733
1626.35 1626.35 0.0 101799.4339
1640.49 1640.49 0.0 101796.2953
1654.63 1654.63 0.0 101794.2261
1668.77 1668.77 0.0 101792.1650
1682.91 1682.91 0.0 101790.7343
1697.06 1697.06 0.0 101790.2499
1711.2 1711.2 0.0 101789.7662
1725.34 1725.34 0.0 101789.2830
1739.48 1739.48 0.0 101788.8007
1753.62 1753.62 0.0 101788.3159
1767.77 1767.77 0.0 101787.8308
1781.91 1781.91 0.0 101787.3470
1796.05 1796.05 0.0 101786.8766
1810.19 1810.19 0.0 101786.0840
1824.34 1824.34 0.0 101784.0469
1838.48 1838.48 0.0 101782.5795
1852.62 1852.62 0.0 101781.0960
1866.76 1866.76 0.0 101779.5931
1880.9 1880.9 0.0 101777.5096
1895.05 1895.05 0.0 101775.4346
1909.19 1909.19 0.0 101773.3702
1923.33 1923.33 0.0 101771.3152
1937.47 1937.47 0.0 101769.2694
1951.61 1951.61 0.0 101766.8035
1965.76 1965.76 0.0 101763.9427
1979.9 1979.9 0.0 101761.1027
1994.04 1994.04 0.0 101758.2806
2008.18 2008.18 0.0 101755.4720
2022.33 2022.33 0.0 101752.6713
2036.47 2036.47 0.0 101749.8892
2050.61 2050.61 0.0 101747.1231
2064.75 2064.75 0.0 101744.8629
2078.89 2078.89 0.0 101742.7604
2093.04 2093.04 0.0 101740.6677
2107.18 2107.18 0.0 101738.5859
2121.32 2121.32 0.0 101736.5154
2135.46 2135.46 0.0 101734.4544
2149.6 2149.6 0.0 101732.4038
2163.75 2163.75 0.0 101730.3632
2177.89 2177.89 0.0 101728.3333
2192.03 2192.03 0.0 101726.3140
2206.17 2206.17 0.0 101724.3042
2220.32 2220.32 0.0 101722.2835
2234.46 2234.46 0.0 101719.9919
2248.6 2248.6 0.0 101717.7137
2262.74 2262.74 0.0 101715.4488
2276.88 2276.88 0.0 101713.1972
2291.03 2291.03 0.0 101710.7817
2305.17 2305.17 0.0 101708.1721
2319.31 2319.31 0.0 101706.9170
2333.45 2333.45 0.0 101705.9423
2347.59 2347.59 0.0 101704.8421
2361.74 2361.74 0.0 101703.4807
2375.88 2375.88 0.0 101702.2881
2390.02 2390.02 0.0 101701.2488
2404.16 2404.16 0.0 101700.2095
2418.31 2418.31 0.0 101699.1597
2432.45 2432.45 0.0 101698.1132
2446.59 2446.59 0.0 101697.0703
2460.73 2460.73 0.0 101696.0296
2474.87 2474.87 0.0 101694.9053
2489.02 2489.02 0.0 101693.6778
2503.16 2503.16 0.0 101692.4554
2517.3 2517.3 0.0 101691.4514
2531.44 2531.44 0.0 101690.3958
2545.58 2545.58 0.0 101689.2640
2559.73 2559.73 0.0 101688.1317
2573.87 2573.87 0.0 101687.0030
2588.01 2588.01 0.0 101685.8776
2602.15 2602.15 0.0 101684.7569
2616.3 2616.3 0.0 101683.6377
2630.44 2630.44 0.0 101682.5234
2644.58 2644.58 0.0 101681.4119
2658.72 2658.72 0.0 101679.9756
2672.86 2672.86 0.0 101677.1686
2687.01 2687.01 0.0 101674.3820
2701.15 2701.15 0.0 101671.5993
2715.29 2715.29 0.0 101668.8133
2729.43 2729.43 0.0 101666.0497
2743.57 2743.57 0.0 101663.3087
2757.72 2757.72 0.0 101660.5871
2771.86 2771.86 0.0 101657.8893
2786.0 2786.0 0.0 101655.7830
2800.14 2800.14 0.0 101653.7276
2814.28 2814.28 0.0 101651.6859
2828.43 2828.43 0.0 101649.6547
2842.57 2842.57 0.0 101647.6376
2856.71 2856.71 0.0 101645.6329
2870.85 2870.85 0.0 101643.6396
2885.0 2885.0 0.0 101641.6572
2899.14 2899.14 0.0 101639.6884
2913.28 2913.28 0.0 101637.7324
2927.42 2927.42 0.0 101635.7879
2941.56 2941.56 0.0 101633.8559
2955.71 2955.71 0.0 101631.9341
2969.85 2969.85 0.0 101630.0259
2983.99 2983.99 0.0 101628.1268
2998.13 2998.13 0.0 101626.2364
3012.27 3012.27 0.0 101624.3573
3026.42 3026.42 0.0 101622.4890
3040.56 3040.56 0.0 101620.6331
3054.7 3054.7 0.0 101618.6421
3068.84 3068.84 0.0 101616.5293
3082.99 3082.99 0.0 101614.6230
3097.13 3097.13 0.0 101612.7303
3111.27 3111.27 0.0 101610.8156
3125.41 3125.41 0.0 101608.6712
3139.55 3139.55 0.0 101606.5370
3153.7 3153.7 0.0 101604.4172
3167.84 3167.84 0.0 101602.2367
3181.98 3181.98 0.0 101599.8834
3196.12 3196.12 0.0 101597.5506
3210.26 3210.26 0.0 101595.3308
3224.41 3224.41 0.0 101593.1604
3238.55 3238.55 0.0 101591.0089
3252.69 3252.69 0.0 101588.8747
3266.83 3266.83 0.0 101586.7535
3280.98 3280.98 0.0 101584.6465
3295.12 3295.12 0.0 101582.7318
3309.26 3309.26 0.0 101580.8710
3323.4 3323.4 0.0 101578.9781
3337.54 3337.54 0.0 101577.0995
3351.69 3351.69 0.0 101575.2333
3365.83 3365.83 0.0 101573.3824
3379.97 3379.97 0.0 101571.5451
3394.11 3394.11 0.0 101569.7210
3408.25 3408.25 0.0 101567.9108
3422.4 3422.4 0.0 101566.1126
3436.54 3436.54 0.0 101564.3289
3450.68 3450.68 0.0 101562.5584
3464.82 3464.82 0.0 101560.8012
3478.97 3478.97 0.0 101559.0554
3493.11 3493.11 0.0 101557.3241
3507.25 3507.25 0.0 101555.6056
3521.39 3521.39 0.0 101553.8996
3535.53 3535.53 0.0 101552.2062
3549.68 3549.68 0.0 101550.5245
3563.82 3563.82 0.0 101548.8563
3577.96 3577.96 0.0 101547.2003
3592.1 3592.1 0.0 101545.5566
3606.24 3606.24 0.0 101543.9250
3620.39 3620.39 0.0 101542.3044
3634.53 3634.53 0.0 101540.6967
3648.67 3648.67 0.0 101539.0996
3662.81 3662.81 0.0 101537.5116
3676.96 3676.96 0.0 101536.0071
3691.1 3691.1 0.0 101534.6891
3705.24 3705.24 0.0 101533.3793
3719.38 3719.38 0.0 101532.0777
3733.52 3733.52 0.0 101530.7842
3747.67 3747.67 0.0 101529.4978
3761.81 3761.81 0.0 101528.2204
3775.95 3775.95 0.0 101526.9509
3790.09 3790.09 0.0 101525.6896
3804.23 3804.23 0.0 101524.4358
3818.38 3818.38 0.0 101523.1891
3832.52 3832.52 0.0 101521.9509
3846.66 3846.66 0.0 101520.7209
3860.8 3860.8 0.0 101519.4956
3874.95 3874.95 0.0 101518.2672
3889.09 3889.09 0.0 101517.0475
3903.23 3903.23 0.0 101515.8294
3917.37 3917.37 0.0 101514.4687
3931.51 3931.51 0.0 101512.9607
3945.66 3945.66 0.0 101511.3914
3959.8 3959.8 0.0 101509.7391
3973.94 3973.94 0.0 101507.9607
3988.08 3988.08 0.0 101506.1818
4002.22 4002.22 0.0 101504.4205
4016.37 4016.37 0.0 101502.6743
4030.51 4030.51 0.0 101500.9468
4044.65 4044.65 0.0 101499.2359
4058.79 4058.79 0.0 101497.5417
4072.94 4072.94 0.0 101495.8629
4087.08 4087.08 0.0 101494.2015
4101.22 4101.22 0.0 101492.5564
4115.36 4115.36 0.0 101490.9272
4129.5 4129.5 0.0 101489.3136
4143.65 4143.65 0.0 101487.7150
4157.79 4157.79 0.0 101486.1328
4171.93 4171.93 0.0 101484.5661
4186.07 4186.07 0.0 101483.0144
4200.21 4200.21 0.0 101481.4781
4214.36 4214.36 0.0 101479.9567
4228.5 4228.5 0.0 101478.4515
4242.64 4242.64 0.0 101476.9604
