0.0 0.0 0.0 1689185.8750
14.1421 14.1421 0.0 1681955.6250
28.2843 28.2843 0.0 1674738.3750
42.4264 42.4264 0.0 1667375.2500
56.5685 56.5685 0.0 1659917.1250
70.7107 70.7107 0.0 1652473.7500
84.8528 84.8528 0.0 1645003.7500
98.9949 98.9949 0.0 1637461.7500
113.137 113.137 0.0 1629936.1250
127.279 127.279 0.0 1622425.5000
141.421 141.421 0.0 1614930.7500
155.563 155.563 0.0 1607451.5000
169.706 169.706 0.0 1599988.3750
183.848 183.848 0.0 1592541.1250
197.99 197.99 0.0 1585110.5000
212.132 212.132 0.0 1577456.5000
226.274 226.274 0.0 1569460.6250
240.416 240.416 0.0 1560647.1250
254.558 254.558 0.0 1551581.2500
268.701 268.701 0.0 1542540.1250
282.843 282.843 0.0 1533524.3750
296.985 296.985 0.0 1524534.2500
311.127 311.127 0.0 1515571.1250
325.269 325.269 0.0 1506636.6250
339.411 339.411 0.0 1494862.5000
353.553 353.553 0.0 1481616.1250
367.696 367.696 0.0 1467808.7500
381.838 381.838 0.0 1453429.1250
395.98 395.98 0.0 1439082.1250
410.122 410.122 0.0 1424808.5000
424.264 424.264 0.0 1409146.3750
438.406 438.406 0.0 1392531.8750
452.548 452.548 0.0 1376021.2500
466.69 466.69 0.0 1359717.7500
480.833 480.833 0.0 1343711.1250
494.975 494.975 0.0 1327809.1250
509.117 509.117 0.0 1311622.2500
523.259 523.259 0.0 1295527.3750
537.401 537.401 0.0 1279544.0000
551.543 551.543 0.0 1263673.5000
565.685 565.685 0.0 1248126.0000
579.828 579.828 0.0 1232784.5000
593.97 593.97 0.0 1217388.2500
608.112 608.112 0.0 1202106.6250
622.254 622.254 0.0 1186940.7500
636.396 636.396 0.0 1171890.6250
650.538 650.538 0.0 1156934.6250
664.68 664.68 0.0 1141766.7500
678.823 678.823 0.0 1126723.0000
692.965 692.965 0.0 1111805.5000
707.107 707.107 0.0 1097014.3125
721.249 721.249 0.0 1082350.1875
735.391 735.391 0.0 1067911.2500
749.533 749.533 0.0 1052861.0625
763.675 763.675 0.0 1037369.1875
777.817 777.817 0.0 1022028.4375
791.96 791.96 0.0 1006559.0000
806.102 806.102 0.0 991148.0000
820.244 820.244 0.0 975900.8125
834.386 834.386 0.0 960931.5625
848.528 848.528 0.0 945592.6875
862.67 862.67 0.0 933825.0625
876.812 876.812 0.0 922614.9375
890.955 890.955 0.0 911611.7500
905.097 905.097 0.0 900793.8750
919.239 919.239 0.0 890075.1875
933.381 933.381 0.0 878599.1875
947.523 947.523 0.0 867195.1250
961.665 961.665 0.0 856047.1250
975.807 975.807 0.0 845010.1250
989.949 989.949 0.0 832505.8125
1004.09 1004.09 0.0 818693.5000
1018.23 1018.23 0.0 805061.5000
1032.38 1032.38 0.0 799107.8125
1046.52 1046.52 0.0 793160.7500
1060.66 1060.66 0.0 786118.5625
1074.8 1074.8 0.0 775663.6250
1088.94 1088.94 0.0 764500.0000
1103.09 1103.09 0.0 752694.1250
1117.23 1117.23 0.0 740854.5000
1131.37 1131.37 0.0 727775.2500
1145.51 1145.51 0.0 714038.8125
1159.66 1159.66 0.0 700369.1250
1173.8 1173.8 0.0 686916.1875
1187.94 1187.94 0.0 670843.3125
1202.08 1202.08 0.0 655573.8125
1216.22 1216.22 0.0 646729.9375
1230.37 1230.37 0.0 638150.6875
1244.51 1244.51 0.0 629703.0625
1258.65 1258.65 0.0 621357.0625
1272.79 1272.79 0.0 613087.0312
1286.93 1286.93 0.0 604913.0312
1301.08 1301.08 0.0 596615.4375
1315.22 1315.22 0.0 588229.2812
1329.36 1329.36 0.0 579813.9375
1343.5 1343.5 0.0 571512.6562
1357.65 1357.65 0.0 563318.5000
1371.79 1371.79 0.0 555168.7812
1385.93 1385.93 0.0 546691.0000
1400.07 1400.07 0.0 538215.6250
1414.21 1414.21 0.0 529869.5000
1428.36 1428.36 0.0 521645.5000
1442.5 1442.5 0.0 513513.4688
1456.64 1456.64 0.0 505504.0938
1470.78 1470.78 0.0 497606.7500
1484.92 1484.92 0.0 489833.8438
1499.07 1499.07 0.0 482422.9688
1513.21 1513.21 0.0 476761.5000
1527.35 1527.35 0.0 471169.6250
1541.49 1541.49 0.0 465646.6250
1555.63 1555.63 0.0 460192.2500
1569.78 1569.78 0.0 454779.5625
1583.92 1583.92 0.0 449586.6562
1598.06 1598.06 0.0 444651.0000
1612.2 1612.2 0.0 439718.7812
1626.35 1626.35 0.0 434842.7812
1640.49 1640.49 0.0 430029.4062
1654.63 1654.63 0.0 425170.9062
1668.77 1668.77 0.0 420429.3125
1682.91 1682.91 0.0 415746.7812
1697.06 1697.06 0.0 411119.5000
1711.2 1711.2 0.0 406553.7188
1725.34 1725.34 0.0 402003.9375
1739.48 1739.48 0.0 397253.2188
1753.62 1753.62 0.0 392563.5000
1767.77 1767.77 0.0 387825.4688
1781.91 1781.91 0.0 383071.1562
1796.05 1796.05 0.0 378385.3750
1810.19 1810.19 0.0 373766.0000
1824.34 1824.34 0.0 369206.9062
1838.48 1838.48 0.0 364717.6875
1852.62 1852.62 0.0 360245.8438
1866.76 1866.76 0.0 356072.8125
1880.9 1880.9 0.0 353359.4219
1895.05 1895.05 0.0 350549.1406
1909.19 1909.19 0.0 347730.6406
1923.33 1923.33 0.0 344915.5156
1937.47 1937.47 0.0 342110.5469
1951.61 1951.61 0.0 339325.0781
1965.76 1965.76 0.0 336533.5156
1979.9 1979.9 0.0 333767.4219
1994.04 1994.04 0.0 331027.1875
2008.18 2008.18 0.0 328314.7500
2022.33 2022.33 0.0 325628.3125
2036.47 2036.47 0.0 322971.9375
2050.61 2050.61 0.0 320343.8438
2064.75 2064.75 0.0 317743.6094
2078.89 2078.89 0.0 315171.0156
2093.04 2093.04 0.0 312620.6719
2107.18 2107.18 0.0 310092.7500
2121.32 2121.32 0.0 307592.1406
2135.46 2135.46 0.0 305118.4375
2149.6 2149.6 0.0 302669.9375
2163.75 2163.75 0.0 300210.9062
2177.89 2177.89 0.0 297780.7812
2192.03 2192.03 0.0 295377.5469
2206.17 2206.17 0.0 293000.9688
2220.32 2220.32 0.0 290649.2656
2234.46 2234.46 0.0 288311.6406
2248.6 2248.6 0.0 285977.2969
2262.74 2262.74 0.0 283669.5469
2276.88 2276.88 0.0 281388.0938
2291.03 2291.03 0.0 279645.5156
2305.17 2305.17 0.0 278080.8438
2319.31 2319.31 0.0 276669.0781
2333.45 2333.45 0.0 275244.7344
2347.59 2347.59 0.0 273830.3906
2361.74 2361.74 0.0 272425.6406
2375.88 2375.88 0.0 271032.3750
2390.02 2390.02 0.0 269649.6250
2404.16 2404.16 0.0 268274.9062
2418.31 2418.31 0.0 266904.0312
2432.45 2432.45 0.0 265446.1250
2446.59 2446.59 0.0 263756.8438
2460.73 2460.73 0.0 262069.2344
2474.87 2474.87 0.0 260380.8750
2489.02 2489.02 0.0 258701.5781
2503.16 2503.16 0.0 257039.7812
2517.3 2517.3 0.0 255394.2031
2531.44 2531.44 0.0 253693.1250
2545.58 2545.58 0.0 251963.8906
2559.73 2559.73 0.0 250106.3438
2573.87 2573.87 0.0 248215.0938
2588.01 2588.01 0.0 246346.0781
2602.15 2602.15 0.0 244499.3125
2616.3 2616.3 0.0 242673.0781
2630.44 2630.44 0.0 240907.5156
2644.58 2644.58 0.0 239607.6250
2658.72 2658.72 0.0 238493.1719
2672.86 2672.86 0.0 237388.2656
2687.01 2687.01 0.0 236290.8281
2701.15 2701.15 0.0 235202.4219
2715.29 2715.29 0.0 234122.2188
2729.43 2729.43 0.0 233050.2188
2743.57 2743.57 0.0 231986.2969
2757.72 2757.72 0.0 230929.6797
2771.86 2771.86 0.0 229874.5625
2786.0 2786.0 0.0 228819.2031
2800.14 2800.14 0.0 227777.5469
2814.28 2814.28 0.0 226743.8594
2828.43 2828.43 0.0 225728.3750
2842.57 2842.57 0.0 224762.5703
2856.71 2856.71 0.0 223803.9453
2870.85 2870.85 0.0 222852.1016
2885.0 2885.0 0.0 221900.4531
2899.14 2899.14 0.0 220956.4844
2913.28 2913.28 0.0 220016.4062
2927.42 2927.42 0.0 219083.1328
2941.56 2941.56 0.0 218155.8594
2955.71 2955.71 0.0 217232.6797
2969.85 2969.85 0.0 216317.1094
2983.99 2983.99 0.0 215408.3438
2998.13 2998.13 0.0 214506.4297
3012.27 3012.27 0.0 213594.9219
3026.42 3026.42 0.0 212664.4766
3040.56 3040.56 0.0 211741.9766
3054.7 3054.7 0.0 210826.7109
3068.84 3068.84 0.0 209918.6016
3082.99 3082.99 0.0 209017.4219
3097.13 3097.13 0.0 208124.0625
3111.27 3111.27 0.0 207237.5781
3125.41 3125.41 0.0 206358.2109
3139.55 3139.55 0.0 205485.7344
3153.7 3153.7 0.0 204619.4531
3167.84 3167.84 0.0 203760.7188
3181.98 3181.98 0.0 202909.1094
3196.12 3196.12 0.0 202107.9062
3210.26 3210.26 0.0 201447.3438
3224.41 3224.41 0.0 200803.4219
3238.55 3238.55 0.0 200166.4531
3252.69 3252.69 0.0 199533.3281
3266.83 3266.83 0.0 198904.1406
3280.98 3280.98 0.0 198256.1094
3295.12 3295.12 0.0 197594.1797
3309.26 3309.26 0.0 196936.4688
3323.4 3323.4 0.0 196283.1094
3337.54 3337.54 0.0 195633.9688
3351.69 3351.69 0.0 194987.7344
3365.83 3365.83 0.0 194345.3906
3379.97 3379.97 0.0 193707.2422
3394.11 3394.11 0.0 193095.5078
3408.25 3408.25 0.0 192547.5234
3422.4 3422.4 0.0 192102.5234
3436.54 3436.54 0.0 191659.8828
3450.68 3450.68 0.0 191219.3516
3464.82 3464.82 0.0 190780.8359
3478.97 3478.97 0.0 190344.1094
3493.11 3493.11 0.0 189909.6328
3507.25 3507.25 0.0 189477.3125
3521.39 3521.39 0.0 189046.9609
3535.53 3535.53 0.0 188592.3516
3549.68 3549.68 0.0 188114.6719
3563.82 3563.82 0.0 187639.8516
3577.96 3577.96 0.0 187167.5234
3592.1 3592.1 0.0 186697.6328
3606.24 3606.24 0.0 186230.2578
3620.39 3620.39 0.0 185757.1797
3634.53 3634.53 0.0 185324.4844
3648.67 3648.67 0.0 184916.0703
3662.81 3662.81 0.0 184546.9922
3676.96 3676.96 0.0 184179.2266
3691.1 3691.1 0.0 183812.5391
3705.24 3705.24 0.0 183447.3438
3719.38 3719.38 0.0 183083.2969
3733.52 3733.52 0.0 182720.2656
3747.67 3747.67 0.0 182358.5859
3761.81 3761.81 0.0 181971.7266
3775.95 3775.95 0.0 181460.9766
3790.09 3790.09 0.0 180953.3438
3804.23 3804.23 0.0 180448.7734
3818.38 3818.38 0.0 179946.9219
3832.52 3832.52 0.0 179448.4766
3846.66 3846.66 0.0 178953.0859
3860.8 3860.8 0.0 178460.7109
3874.95 3874.95 0.0 177970.9922
3889.09 3889.09 0.0 177484.6172
3903.23 3903.23 0.0 177001.2422
3917.37 3917.37 0.0 176520.7812
3931.51 3931.51 0.0 176043.2656
3945.66 3945.66 0.0 175568.3281
3959.8 3959.8 0.0 175096.6562
3973.94 3973.94 0.0 174627.8750
3988.08 3988.08 0.0 174161.9531
4002.22 4002.22 0.0 173698.8594
4016.37 4016.37 0.0 173238.2969
4030.51 4030.51 0.0 172780.8984
4044.65 4044.65 0.0 172326.3359
4058.79 4058.79 0.0 171874.4766
4072.94 4072.94 0.0 171425.1641
4087.08 4087.08 0.0 170978.8984
4101.22 4101.22 0.0 170535.3750
4115.36 4115.36 0.0 170094.5938
4129.5 4129.5 0.0 169656.4688
4143.65 4143.65 0.0 169220.7734
4157.79 4157.79 0.0 168770.4922
4171.93 4171.93 0.0 168283.5547
4186.07 4186.07 0.0 167799.9922
4200.21 4200.21 0.0 167319.7812
4214.36 4214.36 0.0 166842.6328
4228.5 4228.5 0.0 166369.1797
4242.64 4242.64 0.0 165899.0117
