0.0 0.0 0.0 1551448.3750
14.1421 14.1421 0.0 1538739.5000
28.2843 28.2843 0.0 1525852.6250
42.4264 42.4264 0.0 1512554.7500
56.5685 56.5685 0.0 1498695.2500
70.7107 70.7107 0.0 1484898.5000
84.8528 84.8528 0.0 1470779.1250
98.9949 98.9949 0.0 1456466.2500
113.137 113.137 0.0 1442224.3750
127.279 127.279 0.0 1428537.3750
141.421 141.421 0.0 1415448.2500
155.563 155.563 0.0 1401704.8750
169.706 169.706 0.0 1386295.3750
183.848 183.848 0.0 1371035.6250
197.99 197.99 0.0 1354126.3750
212.132 212.132 0.0 1334477.8750
226.274 226.274 0.0 1313569.0000
240.416 240.416 0.0 1290804.0000
254.558 254.558 0.0 1268003.7500
268.701 268.701 0.0 1244339.6250
282.843 282.843 0.0 1220613.6250
296.985 296.985 0.0 1197157.0000
311.127 311.127 0.0 1173973.3750
325.269 325.269 0.0 1151280.3750
339.411 339.411 0.0 1128214.9375
353.553 353.553 0.0 1104351.1250
367.696 367.696 0.0 1080252.6250
381.838 381.838 0.0 1055114.9375
395.98 395.98 0.0 1026264.5625
410.122 410.122 0.0 997466.8750
424.264 424.264 0.0 968833.3125
438.406 438.406 0.0 944186.6250
452.548 452.548 0.0 920500.6250
466.69 466.69 0.0 897414.2500
480.833 480.833 0.0 879311.6875
494.975 494.975 0.0 859697.3750
509.117 509.117 0.0 839657.8125
523.259 523.259 0.0 819718.9375
537.401 537.401 0.0 800162.8750
551.543 551.543 0.0 781044.0625
565.685 565.685 0.0 761851.5625
579.828 579.828 0.0 739692.3125
593.97 593.97 0.0 725051.2500
608.112 608.112 0.0 708524.6250
622.254 622.254 0.0 692184.1250
636.396 636.396 0.0 674059.4375
650.538 650.538 0.0 656349.9375
664.68 664.68 0.0 637319.1875
678.823 678.823 0.0 618229.5938
692.965 692.965 0.0 599605.9688
707.107 707.107 0.0 581505.5000
721.249 721.249 0.0 570375.5625
735.391 735.391 0.0 560352.0312
749.533 749.533 0.0 550202.4688
763.675 763.675 0.0 540231.5938
777.817 777.817 0.0 530161.5000
791.96 791.96 0.0 519340.0625
806.102 806.102 0.0 508064.0938
820.244 820.244 0.0 496782.1250
834.386 834.386 0.0 485753.6562
848.528 848.528 0.0 474977.9062
862.67 862.67 0.0 464421.2812
876.812 876.812 0.0 457732.0000
890.955 890.955 0.0 451006.3125
905.097 905.097 0.0 443859.0312
919.239 919.239 0.0 436230.9375
933.381 933.381 0.0 428746.3750
947.523 947.523 0.0 420922.1562
961.665 961.665 0.0 413130.5312
975.807 975.807 0.0 406086.8125
989.949 989.949 0.0 398281.9062
1004.09 1004.09 0.0 390497.6562
1018.23 1018.23 0.0 382934.7500
1032.38 1032.38 0.0 375414.4688
1046.52 1046.52 0.0 367678.1562
1060.66 1060.66 0.0 360094.3594
1074.8 1074.8 0.0 352573.5625
1088.94 1088.94 0.0 345092.2031
1103.09 1103.09 0.0 337638.6562
1117.23 1117.23 0.0 330728.8125
1131.37 1131.37 0.0 324237.5469
1145.51 1145.51 0.0 317910.8281
1159.66 1159.66 0.0 312655.1406
1173.8 1173.8 0.0 308605.7500
1187.94 1187.94 0.0 304626.3281
1202.08 1202.08 0.0 301073.9531
1216.22 1216.22 0.0 298051.1094
1230.37 1230.37 0.0 294817.6094
1244.51 1244.51 0.0 291634.5938
1258.65 1258.65 0.0 288304.4375
1272.79 1272.79 0.0 284910.0781
1286.93 1286.93 0.0 281571.8438
1301.08 1301.08 0.0 278188.3125
1315.22 1315.22 0.0 274792.9062
1329.36 1329.36 0.0 271438.0938
1343.5 1343.5 0.0 268126.9375
1357.65 1357.65 0.0 264926.8125
1371.79 1371.79 0.0 261986.4219
1385.93 1385.93 0.0 259715.8281
1400.07 1400.07 0.0 257474.8594
1414.21 1414.21 0.0 255263.2969
1428.36 1428.36 0.0 252958.3438
1442.5 1442.5 0.0 250649.3438
1456.64 1456.64 0.0 248350.7656
1470.78 1470.78 0.0 246062.0312
1484.92 1484.92 0.0 243806.4375
1499.07 1499.07 0.0 241582.0156
1513.21 1513.21 0.0 239391.5000
1527.35 1527.35 0.0 237232.9531
1541.49 1541.49 0.0 235105.9375
1555.63 1555.63 0.0 233010.4062
1569.78 1569.78 0.0 230928.2656
1583.92 1583.92 0.0 228864.2891
1598.06 1598.06 0.0 226808.7969
1612.2 1612.2 0.0 224756.4297
1626.35 1626.35 0.0 222576.7734
1640.49 1640.49 0.0 220254.8125
1654.63 1654.63 0.0 217974.7109
1668.77 1668.77 0.0 215827.1406
1682.91 1682.91 0.0 214279.7500
1697.06 1697.06 0.0 212908.7812
1711.2 1711.2 0.0 211554.5000
1725.34 1725.34 0.0 210518.2031
1739.48 1739.48 0.0 209407.1172
1753.62 1753.62 0.0 208233.4141
1767.77 1767.77 0.0 206822.5938
1781.91 1781.91 0.0 205410.8125
1796.05 1796.05 0.0 204017.0156
1810.19 1810.19 0.0 202640.9141
1824.34 1824.34 0.0 201213.1016
1838.48 1838.48 0.0 199765.9062
1852.62 1852.62 0.0 198311.8906
1866.76 1866.76 0.0 196863.8672
1880.9 1880.9 0.0 195424.9375
1895.05 1895.05 0.0 194005.7188
1909.19 1909.19 0.0 192607.8672
1923.33 1923.33 0.0 191230.2188
1937.47 1937.47 0.0 190085.5234
1951.61 1951.61 0.0 189018.8906
1965.76 1965.76 0.0 188097.7734
1979.9 1979.9 0.0 187202.1406
1994.04 1994.04 0.0 186317.3281
2008.18 2008.18 0.0 185441.3203
2022.33 2022.33 0.0 184573.2891
2036.47 2036.47 0.0 183714.4688
2050.61 2050.61 0.0 182864.1953
2064.75 2064.75 0.0 182022.3438
2078.89 2078.89 0.0 181188.7969
2093.04 2093.04 0.0 180360.6797
2107.18 2107.18 0.0 179487.5156
2121.32 2121.32 0.0 178623.6250
2135.46 2135.46 0.0 177768.9219
2149.6 2149.6 0.0 176923.3594
2163.75 2163.75 0.0 176086.1484
2177.89 2177.89 0.0 175258.5312
2192.03 2192.03 0.0 174451.2188
2206.17 2206.17 0.0 173689.7812
2220.32 2220.32 0.0 172935.5000
2234.46 2234.46 0.0 172071.7188
2248.6 2248.6 0.0 171205.0156
2262.74 2262.74 0.0 170335.8750
2276.88 2276.88 0.0 169477.1484
2291.03 2291.03 0.0 168624.0312
2305.17 2305.17 0.0 167772.8828
2319.31 2319.31 0.0 166919.0078
2333.45 2333.45 0.0 166105.4219
2347.59 2347.59 0.0 165373.8711
2361.74 2361.74 0.0 164696.9570
2375.88 2375.88 0.0 164047.7812
2390.02 2390.02 0.0 163475.2461
2404.16 2404.16 0.0 162913.2891
2418.31 2418.31 0.0 162355.7969
2432.45 2432.45 0.0 161834.3867
2446.59 2446.59 0.0 161329.3828
2460.73 2460.73 0.0 160828.4922
2474.87 2474.87 0.0 160331.6602
2489.02 2489.02 0.0 159838.4805
2503.16 2503.16 0.0 159349.6367
2517.3 2517.3 0.0 158869.3750
2531.44 2531.44 0.0 158428.3672
2545.58 2545.58 0.0 157969.7227
2559.73 2559.73 0.0 157497.6836
2573.87 2573.87 0.0 156998.2812
2588.01 2588.01 0.0 156439.5625
2602.15 2602.15 0.0 155838.3867
2616.3 2616.3 0.0 155239.6680
2630.44 2630.44 0.0 154634.8750
2644.58 2644.58 0.0 154032.8828
2658.72 2658.72 0.0 153432.4570
2672.86 2672.86 0.0 152834.8555
2687.01 2687.01 0.0 152287.3555
2701.15 2701.15 0.0 151901.4141
2715.29 2715.29 0.0 151539.3438
2729.43 2729.43 0.0 151204.9727
2743.57 2743.57 0.0 150877.3555
2757.72 2757.72 0.0 150560.8555
2771.86 2771.86 0.0 150240.4297
2786.0 2786.0 0.0 149919.1523
2800.14 2800.14 0.0 149580.3672
2814.28 2814.28 0.0 149243.9180
2828.43 2828.43 0.0 148909.5117
2842.57 2842.57 0.0 148577.6133
2856.71 2856.71 0.0 148248.0117
2870.85 2870.85 0.0 147920.6172
2885.0 2885.0 0.0 147593.3242
2899.14 2899.14 0.0 147255.9805
2913.28 2913.28 0.0 146920.9609
2927.42 2927.42 0.0 146623.7031
2941.56 2941.56 0.0 146332.8984
2955.71 2955.71 0.0 146043.7422
2969.85 2969.85 0.0 145756.5938
2983.99 2983.99 0.0 145471.2344
2998.13 2998.13 0.0 145187.6758
3012.27 3012.27 0.0 144924.6758
3026.42 3026.42 0.0 144682.9570
3040.56 3040.56 0.0 144442.7227
3054.7 3054.7 0.0 144203.8086
3068.84 3068.84 0.0 143964.1094
3082.99 3082.99 0.0 143699.3906
3097.13 3097.13 0.0 143403.6641
3111.27 3111.27 0.0 143113.8477
3125.41 3125.41 0.0 142825.9883
3139.55 3139.55 0.0 142540.0703
3153.7 3153.7 0.0 142255.8633
3167.84 3167.84 0.0 141973.8242
3181.98 3181.98 0.0 141693.6250
3196.12 3196.12 0.0 141415.3672
3210.26 3210.26 0.0 141138.9609
3224.41 3224.41 0.0 140868.8203
3238.55 3238.55 0.0 140626.3594
3252.69 3252.69 0.0 140392.5430
3266.83 3266.83 0.0 140195.7500
3280.98 3280.98 0.0 139999.7695
3295.12 3295.12 0.0 139804.9219
3309.26 3309.26 0.0 139610.9297
3323.4 3323.4 0.0 139417.2188
3337.54 3337.54 0.0 139211.2812
3351.69 3351.69 0.0 139006.1875
3365.83 3365.83 0.0 138795.6680
3379.97 3379.97 0.0 138581.9766
3394.11 3394.11 0.0 138369.4727
3408.25 3408.25 0.0 138158.1406
3422.4 3422.4 0.0 137947.4297
3436.54 3436.54 0.0 137738.0391
3450.68 3450.68 0.0 137529.8203
3464.82 3464.82 0.0 137322.7539
3478.97 3478.97 0.0 137116.7539
3493.11 3493.11 0.0 136883.0469
3507.25 3507.25 0.0 136632.4570
3521.39 3521.39 0.0 136383.6172
3535.53 3535.53 0.0 136136.5195
3549.68 3549.68 0.0 135873.7773
3563.82 3563.82 0.0 135610.2695
3577.96 3577.96 0.0 135348.7148
3592.1 3592.1 0.0 135089.1289
3606.24 3606.24 0.0 134831.4727
3620.39 3620.39 0.0 134554.2266
3634.53 3634.53 0.0 134275.8477
3648.67 3648.67 0.0 133999.0957
3662.81 3662.81 0.0 133720.0723
3676.96 3676.96 0.0 133443.2090
3691.1 3691.1 0.0 133168.8750
3705.24 3705.24 0.0 132896.8320
3719.38 3719.38 0.0 132627.0840
3733.52 3733.52 0.0 132359.5918
3747.67 3747.67 0.0 132094.2031
3761.81 3761.81 0.0 131831.1816
3775.95 3775.95 0.0 131570.4062
3790.09 3790.09 0.0 131312.9395
3804.23 3804.23 0.0 131063.4980
3818.38 3818.38 0.0 130815.8730
3832.52 3832.52 0.0 130570.5020
3846.66 3846.66 0.0 130369.9902
3860.8 3860.8 0.0 130187.3340
3874.95 3874.95 0.0 130005.7031
3889.09 3889.09 0.0 129825.3418
3903.23 3903.23 0.0 129646.0547
3917.37 3917.37 0.0 129467.9062
3931.51 3931.51 0.0 129290.8535
3945.66 3945.66 0.0 129114.7910
3959.8 3959.8 0.0 128942.1465
3973.94 3973.94 0.0 128777.6230
3988.08 3988.08 0.0 128614.0527
4002.22 4002.22 0.0 128451.4590
4016.37 4016.37 0.0 128289.7188
4030.51 4030.51 0.0 128129.0176
4044.65 4044.65 0.0 127969.2734
4058.79 4058.79 0.0 127810.4590
4072.94 4072.94 0.0 127652.4648
4087.08 4087.08 0.0 127495.6973
4101.22 4101.22 0.0 127339.8613
4115.36 4115.36 0.0 127184.9551
4129.5 4129.5 0.0 127030.9922
4143.65 4143.65 0.0 126877.8047
4157.79 4157.79 0.0 126725.6094
4171.93 4171.93 0.0 126574.3203
4186.07 4186.07 0.0 126423.9219
4200.21 4200.21 0.0 126274.4023
4214.36 4214.36 0.0 126125.6797
4228.5 4228.5 0.0 125977.9160
4242.64 4242.64 0.0 125831.0312
