0.0 0.0 0.0 887779.3125
14.1421 14.1421 0.0 655764.5000
28.2843 28.2843 0.0 451390.6562
42.4264 42.4264 0.0 297409.4844
56.5685 56.5685 0.0 234810.8750
70.7107 70.7107 0.0 198706.2422
84.8528 84.8528 0.0 177202.1016
98.9949 98.9949 0.0 162011.9531
113.137 113.137 0.0 149981.7148
127.279 127.279 0.0 140289.1914
141.421 141.421 0.0 132497.3789
155.563 155.563 0.0 126889.9980
169.706 169.706 0.0 123156.4062
183.848 183.848 0.0 120170.8105
197.99 197.99 0.0 117864.4512
212.132 212.132 0.0 116193.8379
226.274 226.274 0.0 114685.1768
240.416 240.416 0.0 113363.7188
254.558 254.558 0.0 112282.6143
268.701 268.701 0.0 111298.0557
282.843 282.843 0.0 110405.5283
296.985 296.985 0.0 109594.8320
311.127 311.127 0.0 108961.7661
325.269 325.269 0.0 108422.5166
339.411 339.411 0.0 107928.2900
353.553 353.553 0.0 107528.5410
367.696 367.696 0.0 107156.3916
381.838 381.838 0.0 106806.5376
395.98 395.98 0.0 106477.6094
410.122 410.122 0.0 106168.3638
424.264 424.264 0.0 105897.2373
438.406 438.406 0.0 105658.8066
452.548 452.548 0.0 105437.1104
466.69 466.69 0.0 105231.9690
480.833 480.833 0.0 105037.0334
494.975 494.975 0.0 104860.3118
509.117 509.117 0.0 104709.1555
523.259 523.259 0.0 104564.4380
537.401 537.401 0.0 104429.4089
551.543 551.543 0.0 104301.0017
565.685 565.685 0.0 104175.8313
579.828 579.828 0.0 104053.8711
593.97 593.97 0.0 103937.1277
608.112 608.112 0.0 103822.0894
622.254 622.254 0.0 103711.0393
636.396 636.396 0.0 103604.3240
650.538 650.538 0.0 103500.1414
664.68 664.68 0.0 103399.6709
678.823 678.823 0.0 103303.8461
692.965 692.965 0.0 103212.4629
707.107 707.107 0.0 103124.2405
721.249 721.249 0.0 103039.9535
735.391 735.391 0.0 102959.6078
749.533 749.533 0.0 102883.0249
763.675 763.675 0.0 102810.0260
777.817 777.817 0.0 102746.9899
791.96 791.96 0.0 102687.6664
806.102 806.102 0.0 102631.7661
820.244 820.244 0.0 102578.4297
834.386 834.386 0.0 102534.8800
848.528 848.528 0.0 102496.4346
862.67 862.67 0.0 102462.1000
876.812 876.812 0.0 102431.7631
890.955 890.955 0.0 102404.6095
905.097 905.097 0.0 102380.4352
919.239 919.239 0.0 102356.8009
933.381 933.381 0.0 102333.6965
947.523 947.523 0.0 102311.1082
961.665 961.665 0.0 102289.0615
975.807 975.807 0.0 102268.4363
989.949 989.949 0.0 102250.9594
1004.09 1004.09 0.0 102233.9294
1018.23 1018.23 0.0 102217.5338
1032.38 1032.38 0.0 102201.9794
1046.52 1046.52 0.0 102186.6163
1060.66 1060.66 0.0 102171.7878
1074.8 1074.8 0.0 102157.9628
1088.94 1088.94 0.0 102146.6796
1103.09 1103.09 0.0 102135.5977
1117.23 1117.23 0.0 102124.6271
1131.37 1131.37 0.0 102113.7583
1145.51 1145.51 0.0 102104.2472
1159.66 1159.66 0.0 102098.7612
1173.8 1173.8 0.0 102094.2607
1187.94 1187.94 0.0 102089.5861
1202.08 1202.08 0.0 102084.6409
1216.22 1216.22 0.0 102080.7718
1230.37 1230.37 0.0 102077.0718
1244.51 1244.51 0.0 102072.6141
1258.65 1258.65 0.0 102067.9257
1272.79 1272.79 0.0 102063.2665
1286.93 1286.93 0.0 102058.6368
1301.08 1301.08 0.0 102054.0331
1315.22 1315.22 0.0 102049.4609
1329.36 1329.36 0.0 102044.9179
1343.5 1343.5 0.0 102040.4034
1357.65 1357.65 0.0 102036.3895
1371.79 1371.79 0.0 102032.6206
1385.93 1385.93 0.0 102028.8726
1400.07 1400.07 0.0 102025.1436
1414.21 1414.21 0.0 102021.4343
1428.36 1428.36 0.0 102017.8477
1442.5 1442.5 0.0 102014.4448
1456.64 1456.64 0.0 102011.0500
1470.78 1470.78 0.0 102007.6702
1484.92 1484.92 0.0 102004.3085
1499.07 1499.07 0.0 102000.9604
1513.21 1513.21 0.0 101997.0319
1527.35 1527.35 0.0 101992.6996
1541.49 1541.49 0.0 101988.3951
1555.63 1555.63 0.0 101984.0894
1569.78 1569.78 0.0 101979.8049
1583.92 1583.92 0.0 101975.5519
1598.06 1598.06 0.0 101970.6496
1612.2 1612.2 0.0 101965.6158
1626.35 1626.35 0.0 101960.6172
1640.49 1640.49 0.0 101956.1605
1654.63 1654.63 0.0 101953.0087
1668.77 1668.77 0.0 101949.7488
1682.91 1682.91 0.0 101946.3469
1697.06 1697.06 0.0 101942.9606
1711.2 1711.2 0.0 101939.5949
1725.34 1725.34 0.0 101936.2381
1739.48 1739.48 0.0 101932.8736
1753.62 1753.62 0.0 101929.5265
1767.77 1767.77 0.0 101926.1961
1781.91 1781.91 0.0 101922.8857
1796.05 1796.05 0.0 101919.5941
1810.19 1810.19 0.0 101916.3189
1824.34 1824.34 0.0 101913.0458
1838.48 1838.48 0.0 101909.7930
1852.62 1852.62 0.0 101906.5566
1866.76 1866.76 0.0 101903.3372
1880.9 1880.9 0.0 101900.2582
1895.05 1895.05 0.0 101897.2248
1909.19 1909.19 0.0 101894.2098
1923.33 1923.33 0.0 101891.2083
1937.47 1937.47 0.0 101888.2208
1951.61 1951.61 0.0 101885.2486
1965.76 1965.76 0.0 101882.2906
1979.9 1979.9 0.0 101879.3501
1994.04 1994.04 0.0 101877.6572
2008.18 2008.18 0.0 101879.6078
2022.33 2022.33 0.0 101882.0117
2036.47 2036.47 0.0 101883.3197
2050.61 2050.61 0.0 101879.8323
2064.75 2064.75 0.0 101875.9277
2078.89 2078.89 0.0 101871.9381
2093.04 2093.04 0.0 101867.8687
2107.18 2107.18 0.0 101863.8325
2121.32 2121.32 0.0 101859.8267
2135.46 2135.46 0.0 101856.5240
2149.6 2149.6 0.0 101853.7559
2163.75 2163.75 0.0 101851.0003
2177.89 2177.89 0.0 101848.2607
2192.03 2192.03 0.0 101845.5361
2206.17 2206.17 0.0 101842.8257
2220.32 2220.32 0.0 101840.1268
2234.46 2234.46 0.0 101837.3604
2248.6 2248.6 0.0 101834.5309
2262.74 2262.74 0.0 101831.7172
2276.88 2276.88 0.0 101828.9964
2291.03 2291.03 0.0 101826.5033
2305.17 2305.17 0.0 101822.3509
2319.31 2319.31 0.0 101818.0753
2333.45 2333.45 0.0 101815.2655
2347.59 2347.59 0.0 101812.4709
2361.74 2361.74 0.0 101809.6909
2375.88 2375.88 0.0 101807.1380
2390.02 2390.02 0.0 101805.3132
2404.16 2404.16 0.0 101803.4956
2418.31 2418.31 0.0 101801.6508
2432.45 2432.45 0.0 101799.7708
2446.59 2446.59 0.0 101797.8979
2460.73 2460.73 0.0 101796.0330
2474.87 2474.87 0.0 101794.1711
2489.02 2489.02 0.0 101792.3089
2503.16 2503.16 0.0 101790.2874
2517.3 2517.3 0.0 101788.2503
2531.44 2531.44 0.0 101786.2221
2545.58 2545.58 0.0 101784.2032
2559.73 2559.73 0.0 101782.1910
2573.87 2573.87 0.0 101780.1897
2588.01 2588.01 0.0 101778.1973
2602.15 2602.15 0.0 101776.2126
2616.3 2616.3 0.0 101774.2358
2630.44 2630.44 0.0 101772.2694
2644.58 2644.58 0.0 101770.3086
2658.72 2658.72 0.0 101768.2736
2672.86 2672.86 0.0 101766.0003
2687.01 2687.01 0.0 101763.7370
2701.15 2701.15 0.0 101761.4870
2715.29 2715.29 0.0 101759.2486
2729.43 2729.43 0.0 101757.0216
2743.57 2743.57 0.0 101754.8806
2757.72 2757.72 0.0 101752.7839
2771.86 2771.86 0.0 101750.5229
2786.0 2786.0 0.0 101748.1746
2800.14 2800.14 0.0 101745.8390
2814.28 2814.28 0.0 101743.5165
2828.43 2828.43 0.0 101741.1089
2842.57 2842.57 0.0 101738.5480
2856.71 2856.71 0.0 101736.0029
2870.85 2870.85 0.0 101733.4661
2885.0 2885.0 0.0 101730.9263
2899.14 2899.14 0.0 101728.4039
2913.28 2913.28 0.0 101725.6799
2927.42 2927.42 0.0 101722.7379
2941.56 2941.56 0.0 101719.6990
2955.71 2955.71 0.0 101716.6811
2969.85 2969.85 0.0 101713.6884
2983.99 2983.99 0.0 101710.7143
2998.13 2998.13 0.0 101707.7508
3012.27 3012.27 0.0 101704.4994
3026.42 3026.42 0.0 101701.1129
3040.56 3040.56 0.0 101697.7583
3054.7 3054.7 0.0 101694.4340
3068.84 3068.84 0.0 101691.1394
3082.99 3082.99 0.0 101687.8713
3097.13 3097.13 0.0 101684.6357
3111.27 3111.27 0.0 101681.4284
3125.41 3125.41 0.0 101678.2497
3139.55 3139.55 0.0 101675.0993
3153.7 3153.7 0.0 101671.9746
3167.84 3167.84 0.0 101668.8802
3181.98 3181.98 0.0 101665.8134
3196.12 3196.12 0.0 101662.7740
3210.26 3210.26 0.0 101659.7613
3224.41 3224.41 0.0 101656.7596
3238.55 3238.55 0.0 101653.6317
3252.69 3252.69 0.0 101650.5332
3266.83 3266.83 0.0 101647.4642
3280.98 3280.98 0.0 101644.4217
3295.12 3295.12 0.0 101641.4100
3309.26 3309.26 0.0 101638.4271
3323.4 3323.4 0.0 101635.4719
3337.54 3337.54 0.0 101632.5094
3351.69 3351.69 0.0 101629.5723
3365.83 3365.83 0.0 101626.6652
3379.97 3379.97 0.0 101623.7862
3394.11 3394.11 0.0 101620.6875
3408.25 3408.25 0.0 101617.5760
3422.4 3422.4 0.0 101614.4954
3436.54 3436.54 0.0 101611.4496
3450.68 3450.68 0.0 101608.4354
3464.82 3464.82 0.0 101605.4529
3478.97 3478.97 0.0 101602.5001
3493.11 3493.11 0.0 101599.5800
3507.25 3507.25 0.0 101596.6907
3521.39 3521.39 0.0 101593.8322
3535.53 3535.53 0.0 101591.0033
3549.68 3549.68 0.0 101588.2027
3563.82 3563.82 0.0 101585.4733
3577.96 3577.96 0.0 101582.8159
3592.1 3592.1 0.0 101580.1859
3606.24 3606.24 0.0 101577.5827
3620.39 3620.39 0.0 101575.0039
3634.53 3634.53 0.0 101572.4535
3648.67 3648.67 0.0 101569.9292
3662.81 3662.81 0.0 101567.4304
3676.96 3676.96 0.0 101565.1860
3691.1 3691.1 0.0 101563.0042
3705.24 3705.24 0.0 101560.8421
3719.38 3719.38 0.0 101558.7001
3733.52 3733.52 0.0 101556.5774
3747.67 3747.67 0.0 101554.4727
3761.81 3761.81 0.0 101552.3883
3775.95 3775.95 0.0 101550.3229
3790.09 3790.09 0.0 101548.2760
3804.23 3804.23 0.0 101546.2457
3818.38 3818.38 0.0 101544.2310
3832.52 3832.52 0.0 101542.2364
3846.66 3846.66 0.0 101540.2597
3860.8 3860.8 0.0 101538.3012
3874.95 3874.95 0.0 101536.3589
3889.09 3889.09 0.0 101534.4357
3903.23 3903.23 0.0 101532.5299
3917.37 3917.37 0.0 101530.6420
3931.51 3931.51 0.0 101528.7708
3945.66 3945.66 0.0 101526.9156
3959.8 3959.8 0.0 101525.0777
3973.94 3973.94 0.0 101523.2575
3988.08 3988.08 0.0 101521.4535
4002.22 4002.22 0.0 101519.6661
4016.37 4016.37 0.0 101517.8936
4030.51 4030.51 0.0 101516.1383
4044.65 4044.65 0.0 101514.3994
4058.79 4058.79 0.0 101512.6758
4072.94 4072.94 0.0 101510.9670
4087.08 4087.08 0.0 101509.2749
4101.22 4101.22 0.0 101507.5981
4115.36 4115.36 0.0 101505.9370
4129.5 4129.5 0.0 101504.2904
4143.65 4143.65 0.0 101502.6581
4157.79 4157.79 0.0 101501.0415
4171.93 4171.93 0.0 101499.4396
4186.07 4186.07 0.0 101497.8523
4200.21 4200.21 0.0 101496.2794
4214.36 4214.36 0.0 101494.7097
4228.5 4228.5 0.0 101493.1422
4242.64 4242.64 0.0 101491.5893
