0.0 0.0 0.0 292164.3906
14.1421 14.1421 0.0 283092.9375
28.2843 28.2843 0.0 273445.6406
42.4264 42.4264 0.0 263987.0312
56.5685 56.5685 0.0 254652.5469
70.7107 70.7107 0.0 244718.6094
84.8528 84.8528 0.0 234560.1250
98.9949 98.9949 0.0 224697.4766
113.137 113.137 0.0 215155.0469
127.279 127.279 0.0 206312.5859
141.421 141.421 0.0 198103.5391
155.563 155.563 0.0 190069.3281
169.706 169.706 0.0 182584.1250
183.848 183.848 0.0 175674.9297
197.99 197.99 0.0 169287.0625
212.132 212.132 0.0 163434.1523
226.274 226.274 0.0 158071.1562
240.416 240.416 0.0 154159.9336
254.558 254.558 0.0 150555.3945
268.701 268.701 0.0 147134.1953
282.843 282.843 0.0 144189.6016
296.985 296.985 0.0 141602.4414
311.127 311.127 0.0 139043.3242
325.269 325.269 0.0 136634.2773
339.411 339.411 0.0 134376.1641
353.553 353.553 0.0 132303.9844
367.696 367.696 0.0 130361.9316
381.838 381.838 0.0 128626.1602
395.98 395.98 0.0 127361.2441
410.122 410.122 0.0 126237.3281
424.264 424.264 0.0 125159.3945
438.406 438.406 0.0 124127.5547
452.548 452.548 0.0 123139.9102
466.69 466.69 0.0 122194.5996
480.833 480.833 0.0 121287.2520
494.975 494.975 0.0 120384.1719
509.117 509.117 0.0 119502.6934
523.259 523.259 0.0 118661.5254
537.401 537.401 0.0 117858.9453
551.543 551.543 0.0 117093.2207
565.685 565.685 0.0 116362.6836
579.828 579.828 0.0 115671.4424
593.97 593.97 0.0 115024.7539
608.112 608.112 0.0 114407.0186
622.254 622.254 0.0 113831.5117
636.396 636.396 0.0 113314.5986
650.538 650.538 0.0 112810.3896
664.68 664.68 0.0 112327.2695
678.823 678.823 0.0 111874.2119
692.965 692.965 0.0 111493.3496
707.107 707.107 0.0 111126.1699
721.249 721.249 0.0 110772.1904
735.391 735.391 0.0 110430.9258
749.533 749.533 0.0 110102.0420
763.675 763.675 0.0 109788.0449
777.817 777.817 0.0 109485.7300
791.96 791.96 0.0 109194.4009
806.102 806.102 0.0 108913.5513
820.244 820.244 0.0 108698.0166
834.386 834.386 0.0 108495.5195
848.528 848.528 0.0 108303.6353
862.67 862.67 0.0 108142.2690
876.812 876.812 0.0 107994.1328
890.955 890.955 0.0 107864.2617
905.097 905.097 0.0 107736.9150
919.239 919.239 0.0 107612.0488
933.381 933.381 0.0 107490.0767
947.523 947.523 0.0 107370.8364
961.665 961.665 0.0 107253.8989
975.807 975.807 0.0 107136.6514
989.949 989.949 0.0 107016.0767
1004.09 1004.09 0.0 106921.2778
1018.23 1018.23 0.0 106832.8418
1032.38 1032.38 0.0 106746.2812
1046.52 1046.52 0.0 106660.4512
1060.66 1060.66 0.0 106578.9688
1074.8 1074.8 0.0 106498.9863
1088.94 1088.94 0.0 106420.4868
1103.09 1103.09 0.0 106344.7202
1117.23 1117.23 0.0 106277.5659
1131.37 1131.37 0.0 106218.9224
1145.51 1145.51 0.0 106182.0298
1159.66 1159.66 0.0 106155.2041
1173.8 1173.8 0.0 106128.6719
1187.94 1187.94 0.0 106102.2837
1202.08 1202.08 0.0 106076.0396
1216.22 1216.22 0.0 106050.1372
1230.37 1230.37 0.0 106024.3804
1244.51 1244.51 0.0 105998.6167
1258.65 1258.65 0.0 105972.7856
1272.79 1272.79 0.0 105947.0977
1286.93 1286.93 0.0 105916.9854
1301.08 1301.08 0.0 105886.4067
1315.22 1315.22 0.0 105856.0508
1329.36 1329.36 0.0 105825.0757
1343.5 1343.5 0.0 105792.0298
1357.65 1357.65 0.0 105757.4531
1371.79 1371.79 0.0 105718.8188
1385.93 1385.93 0.0 105680.5249
1400.07 1400.07 0.0 105642.5635
1414.21 1414.21 0.0 105603.8999
1428.36 1428.36 0.0 105560.6777
1442.5 1442.5 0.0 105520.2661
1456.64 1456.64 0.0 105480.2407
1470.78 1470.78 0.0 105440.4873
1484.92 1484.92 0.0 105403.0320
1499.07 1499.07 0.0 105377.0332
1513.21 1513.21 0.0 105347.1362
1527.35 1527.35 0.0 105315.4346
1541.49 1541.49 0.0 105298.5864
1555.63 1555.63 0.0 105279.9209
1569.78 1569.78 0.0 105260.4009
1583.92 1583.92 0.0 105245.2966
1598.06 1598.06 0.0 105236.4729
1612.2 1612.2 0.0 105226.4097
1626.35 1626.35 0.0 105215.4460
1640.49 1640.49 0.0 105204.5173
1654.63 1654.63 0.0 105193.6135
1668.77 1668.77 0.0 105187.7817
1682.91 1682.91 0.0 105176.6606
1697.06 1697.06 0.0 105165.5791
1711.2 1711.2 0.0 105153.1118
1725.34 1725.34 0.0 105137.6550
1739.48 1739.48 0.0 105122.2607
1753.62 1753.62 0.0 105106.9248
1767.77 1767.77 0.0 105091.6433
1781.91 1781.91 0.0 105076.4326
1796.05 1796.05 0.0 105060.6482
1810.19 1810.19 0.0 105043.7195
1824.34 1824.34 0.0 105027.0381
1838.48 1838.48 0.0 105009.1128
1852.62 1852.62 0.0 104991.7031
1866.76 1866.76 0.0 104974.3931
1880.9 1880.9 0.0 104957.1665
1895.05 1895.05 0.0 104940.0071
1909.19 1909.19 0.0 104922.3618
1923.33 1923.33 0.0 104904.7515
1937.47 1937.47 0.0 104883.0464
1951.61 1951.61 0.0 104861.1887
1965.76 1965.76 0.0 104839.4531
1979.9 1979.9 0.0 104823.3733
1994.04 1994.04 0.0 104807.2341
2008.18 2008.18 0.0 104791.0049
2022.33 2022.33 0.0 104774.8213
2036.47 2036.47 0.0 104758.7129
2050.61 2050.61 0.0 104742.6836
2064.75 2064.75 0.0 104725.4492
2078.89 2078.89 0.0 104706.7336
2093.04 2093.04 0.0 104688.1079
2107.18 2107.18 0.0 104669.6038
2121.32 2121.32 0.0 104651.1997
2135.46 2135.46 0.0 104632.8745
2149.6 2149.6 0.0 104620.0969
2163.75 2163.75 0.0 104608.8250
2177.89 2177.89 0.0 104597.6606
2192.03 2192.03 0.0 104587.3628
2206.17 2206.17 0.0 104577.0945
2220.32 2220.32 0.0 104566.8865
2234.46 2234.46 0.0 104559.6497
2248.6 2248.6 0.0 104552.4324
2262.74 2262.74 0.0 104545.2285
2276.88 2276.88 0.0 104538.0403
2291.03 2291.03 0.0 104530.8665
2305.17 2305.17 0.0 104523.6636
2319.31 2319.31 0.0 104516.4688
2333.45 2333.45 0.0 104509.2915
2347.59 2347.59 0.0 104501.6887
2361.74 2361.74 0.0 104491.5723
2375.88 2375.88 0.0 104478.9521
2390.02 2390.02 0.0 104465.9961
2404.16 2404.16 0.0 104453.0964
2418.31 2418.31 0.0 104443.4241
2432.45 2432.45 0.0 104435.5532
2446.59 2446.59 0.0 104422.7002
2460.73 2460.73 0.0 104408.9265
2474.87 2474.87 0.0 104396.7388
2489.02 2489.02 0.0 104387.1414
2503.16 2503.16 0.0 104377.5837
2517.3 2517.3 0.0 104368.0500
2531.44 2531.44 0.0 104358.5488
2545.58 2545.58 0.0 104350.4368
2559.73 2559.73 0.0 104342.6165
2573.87 2573.87 0.0 104334.8223
2588.01 2588.01 0.0 104327.0437
2602.15 2602.15 0.0 104317.7844
2616.3 2616.3 0.0 104308.3450
2630.44 2630.44 0.0 104298.9392
2644.58 2644.58 0.0 104289.5662
2658.72 2658.72 0.0 104280.2212
2672.86 2672.86 0.0 104270.9053
2687.01 2687.01 0.0 104262.2805
2701.15 2701.15 0.0 104253.6670
2715.29 2715.29 0.0 104242.9395
2729.43 2729.43 0.0 104229.1450
2743.57 2743.57 0.0 104215.4136
2757.72 2757.72 0.0 104200.9382
2771.86 2771.86 0.0 104184.2898
2786.0 2786.0 0.0 104172.7651
2800.14 2800.14 0.0 104162.7617
2814.28 2814.28 0.0 104152.7913
2828.43 2828.43 0.0 104141.4390
2842.57 2842.57 0.0 104129.8862
2856.71 2856.71 0.0 104118.0854
2870.85 2870.85 0.0 104106.2634
2885.0 2885.0 0.0 104094.4827
2899.14 2899.14 0.0 104082.7324
2913.28 2913.28 0.0 104070.7822
2927.42 2927.42 0.0 104058.8850
2941.56 2941.56 0.0 104046.7061
2955.71 2955.71 0.0 104034.3142
2969.85 2969.85 0.0 104025.9695
2983.99 2983.99 0.0 104021.1648
2998.13 2998.13 0.0 104015.3818
3012.27 3012.27 0.0 104009.6152
3026.42 3026.42 0.0 104003.8533
3040.56 3040.56 0.0 103996.2395
3054.7 3054.7 0.0 103987.3499
3068.84 3068.84 0.0 103978.3535
3082.99 3082.99 0.0 103969.3823
3097.13 3097.13 0.0 103963.2217
3111.27 3111.27 0.0 103957.8752
3125.41 3125.41 0.0 103952.5354
3139.55 3139.55 0.0 103948.4521
3153.7 3153.7 0.0 103944.4285
3167.84 3167.84 0.0 103940.4053
3181.98 3181.98 0.0 103936.3889
3196.12 3196.12 0.0 103932.3792
3210.26 3210.26 0.0 103928.3713
3224.41 3224.41 0.0 103924.3699
3238.55 3238.55 0.0 103920.3787
3252.69 3252.69 0.0 103916.2683
3266.83 3266.83 0.0 103910.6167
3280.98 3280.98 0.0 103904.9771
3295.12 3295.12 0.0 103899.3501
3309.26 3309.26 0.0 103893.7388
3323.4 3323.4 0.0 103888.1372
3337.54 3337.54 0.0 103882.5481
3351.69 3351.69 0.0 103876.9673
3365.83 3365.83 0.0 103871.4036
3379.97 3379.97 0.0 103863.9905
3394.11 3394.11 0.0 103854.8076
3408.25 3408.25 0.0 103845.6414
3422.4 3422.4 0.0 103836.4604
3436.54 3436.54 0.0 103827.3203
3450.68 3450.68 0.0 103818.2107
3464.82 3464.82 0.0 103809.1367
3478.97 3478.97 0.0 103800.0876
3493.11 3493.11 0.0 103791.0781
3507.25 3507.25 0.0 103782.1028
3521.39 3521.39 0.0 103773.1589
3535.53 3535.53 0.0 103764.2498
3549.68 3549.68 0.0 103755.3186
3563.82 3563.82 0.0 103746.4282
3577.96 3577.96 0.0 103737.5095
3592.1 3592.1 0.0 103728.5537
3606.24 3606.24 0.0 103719.4680
3620.39 3620.39 0.0 103713.2974
3634.53 3634.53 0.0 103707.8572
3648.67 3648.67 0.0 103702.4260
3662.81 3662.81 0.0 103697.0088
3676.96 3676.96 0.0 103693.2915
3691.1 3691.1 0.0 103690.2219
3705.24 3705.24 0.0 103687.1543
3719.38 3719.38 0.0 103683.2827
3733.52 3733.52 0.0 103678.0188
3747.67 3747.67 0.0 103671.1196
3761.81 3761.81 0.0 103663.9438
3775.95 3775.95 0.0 103656.7883
3790.09 3790.09 0.0 103650.1709
3804.23 3804.23 0.0 103644.5884
3818.38 3818.38 0.0 103639.5955
3832.52 3832.52 0.0 103634.6182
3846.66 3846.66 0.0 103629.6501
3860.8 3860.8 0.0 103624.6926
3874.95 3874.95 0.0 103619.7102
3889.09 3889.09 0.0 103613.9641
3903.23 3903.23 0.0 103608.2214
3917.37 3917.37 0.0 103602.4956
3931.51 3931.51 0.0 103596.7815
3945.66 3945.66 0.0 103591.0779
3959.8 3959.8 0.0 103584.4260
3973.94 3973.94 0.0 103577.3860
3988.08 3988.08 0.0 103570.3677
4002.22 4002.22 0.0 103563.3723
4016.37 4016.37 0.0 103556.3938
4030.51 4030.51 0.0 103549.4399
4044.65 4044.65 0.0 103542.5088
4058.79 4058.79 0.0 103535.2644
4072.94 4072.94 0.0 103527.5925
4087.08 4087.08 0.0 103519.9556
4101.22 4101.22 0.0 103512.3389
4115.36 4115.36 0.0 103504.7546
4129.5 4129.5 0.0 103497.1936
4143.65 4143.65 0.0 103489.6570
4157.79 4157.79 0.0 103482.1453
4171.93 4171.93 0.0 103474.6399
4186.07 4186.07 0.0 103466.9827
4200.21 4200.21 0.0 103459.3083
4214.36 4214.36 0.0 103451.6545
4228.5 4228.5 0.0 103444.0344
4242.64 4242.64 0.0 103436.4436
