0.0 0.0 0.0 189946.9609
14.1421 14.1421 0.0 182548.7188
28.2843 28.2843 0.0 174558.4219
42.4264 42.4264 0.0 166652.2773
56.5685 56.5685 0.0 159025.2383
70.7107 70.7107 0.0 152259.6562
84.8528 84.8528 0.0 146267.3398
98.9949 98.9949 0.0 141381.4688
113.137 113.137 0.0 137705.9609
127.279 127.279 0.0 134360.1992
141.421 141.421 0.0 131269.1445
155.563 155.563 0.0 128457.3809
169.706 169.706 0.0 125859.6680
183.848 183.848 0.0 123442.5977
197.99 197.99 0.0 121260.1191
212.132 212.132 0.0 119224.3711
226.274 226.274 0.0 117373.4980
240.416 240.416 0.0 115848.1572
254.558 254.558 0.0 114664.2725
268.701 268.701 0.0 113655.8574
282.843 282.843 0.0 112713.4316
296.985 296.985 0.0 111842.6445
311.127 311.127 0.0 111034.4727
325.269 325.269 0.0 110266.4072
339.411 339.411 0.0 109555.3096
353.553 353.553 0.0 108926.1968
367.696 367.696 0.0 108402.6035
381.838 381.838 0.0 107909.0986
395.98 395.98 0.0 107446.4819
410.122 410.122 0.0 107016.2744
424.264 424.264 0.0 106640.0615
438.406 438.406 0.0 106291.7207
452.548 452.548 0.0 105961.6816
466.69 466.69 0.0 105642.4194
480.833 480.833 0.0 105345.5288
494.975 494.975 0.0 105077.8503
509.117 509.117 0.0 104827.9624
523.259 523.259 0.0 104594.7312
537.401 537.401 0.0 104438.6692
551.543 551.543 0.0 104305.4116
565.685 565.685 0.0 104177.8357
579.828 579.828 0.0 104055.6946
593.97 593.97 0.0 103938.7815
608.112 608.112 0.0 103829.5447
622.254 622.254 0.0 103729.6848
636.396 636.396 0.0 103634.3760
650.538 650.538 0.0 103542.5110
664.68 664.68 0.0 103453.8276
678.823 678.823 0.0 103371.2181
692.965 692.965 0.0 103291.8224
707.107 707.107 0.0 103217.4941
721.249 721.249 0.0 103161.8190
735.391 735.391 0.0 103113.9215
749.533 749.533 0.0 103065.3273
763.675 763.675 0.0 103011.2288
777.817 777.817 0.0 102958.8104
791.96 791.96 0.0 102908.2512
806.102 806.102 0.0 102872.0857
820.244 820.244 0.0 102837.2036
834.386 834.386 0.0 102805.2072
848.528 848.528 0.0 102776.5160
862.67 862.67 0.0 102747.7035
876.812 876.812 0.0 102718.6471
890.955 890.955 0.0 102690.1809
905.097 905.097 0.0 102657.0273
919.239 919.239 0.0 102625.7682
933.381 933.381 0.0 102597.1703
947.523 947.523 0.0 102569.2068
961.665 961.665 0.0 102541.9475
975.807 975.807 0.0 102515.2855
989.949 989.949 0.0 102489.2056
1004.09 1004.09 0.0 102463.6997
1018.23 1018.23 0.0 102438.7537
1032.38 1032.38 0.0 102414.3363
1046.52 1046.52 0.0 102390.5088
1060.66 1060.66 0.0 102366.6361
1074.8 1074.8 0.0 102343.1816
1088.94 1088.94 0.0 102320.2525
1103.09 1103.09 0.0 102297.8266
1117.23 1117.23 0.0 102275.9189
1131.37 1131.37 0.0 102254.5060
1145.51 1145.51 0.0 102227.5228
1159.66 1159.66 0.0 102200.7622
1173.8 1173.8 0.0 102175.2376
1187.94 1187.94 0.0 102150.3976
1202.08 1202.08 0.0 102126.2608
1216.22 1216.22 0.0 102102.5316
1230.37 1230.37 0.0 102081.0471
1244.51 1244.51 0.0 102063.3218
1258.65 1258.65 0.0 102046.0106
1272.79 1272.79 0.0 102029.1055
1286.93 1286.93 0.0 102014.6259
1301.08 1301.08 0.0 102000.8220
1315.22 1315.22 0.0 101987.1696
1329.36 1329.36 0.0 101973.6101
1343.5 1343.5 0.0 101960.3286
1357.65 1357.65 0.0 101947.3088
1371.79 1371.79 0.0 101934.5656
1385.93 1385.93 0.0 101924.9064
1400.07 1400.07 0.0 101916.7047
1414.21 1414.21 0.0 101908.1301
1428.36 1428.36 0.0 101899.6744
1442.5 1442.5 0.0 101891.3467
1456.64 1456.64 0.0 101883.1403
1470.78 1470.78 0.0 101875.0522
1484.92 1484.92 0.0 101867.0818
1499.07 1499.07 0.0 101859.2207
1513.21 1513.21 0.0 101851.4794
1527.35 1527.35 0.0 101843.8502
1541.49 1541.49 0.0 101835.8024
1555.63 1555.63 0.0 101827.5247
1569.78 1569.78 0.0 101818.3029
1583.92 1583.92 0.0 101808.4785
1598.06 1598.06 0.0 101796.9550
1612.2 1612.2 0.0 101785.6683
1626.35 1626.35 0.0 101774.6442
1640.49 1640.49 0.0 101763.8906
1654.63 1654.63 0.0 101753.3949
1668.77 1668.77 0.0 101743.1518
1682.91 1682.91 0.0 101733.1908
1697.06 1697.06 0.0 101723.4603
1711.2 1711.2 0.0 101713.9702
1725.34 1725.34 0.0 101705.2215
1739.48 1739.48 0.0 101697.1450
1753.62 1753.62 0.0 101689.2402
1767.77 1767.77 0.0 101681.3283
1781.91 1781.91 0.0 101675.2785
1796.05 1796.05 0.0 101669.3435
1810.19 1810.19 0.0 101663.5089
1824.34 1824.34 0.0 101657.7690
1838.48 1838.48 0.0 101652.1307
1852.62 1852.62 0.0 101646.5879
1866.76 1866.76 0.0 101641.1386
1880.9 1880.9 0.0 101635.9154
1895.05 1895.05 0.0 101630.6534
1909.19 1909.19 0.0 101625.8095
1923.33 1923.33 0.0 101621.2901
1937.47 1937.47 0.0 101616.8394
1951.61 1951.61 0.0 101613.9819
1965.76 1965.76 0.0 101611.8069
1979.9 1979.9 0.0 101609.4781
1994.04 1994.04 0.0 101606.7953
2008.18 2008.18 0.0 101604.0923
2022.33 2022.33 0.0 101601.4137
2036.47 2036.47 0.0 101598.7623
2050.61 2050.61 0.0 101596.1363
2064.75 2064.75 0.0 101593.3965
2078.89 2078.89 0.0 101590.6750
2093.04 2093.04 0.0 101587.9797
2107.18 2107.18 0.0 101585.2652
2121.32 2121.32 0.0 101582.6110
2135.46 2135.46 0.0 101579.9837
2149.6 2149.6 0.0 101577.3838
2163.75 2163.75 0.0 101574.8075
2177.89 2177.89 0.0 101572.2526
2192.03 2192.03 0.0 101569.7240
2206.17 2206.17 0.0 101567.2211
2220.32 2220.32 0.0 101564.8263
2234.46 2234.46 0.0 101562.4796
2248.6 2248.6 0.0 101560.1563
2262.74 2262.74 0.0 101557.8549
2276.88 2276.88 0.0 101555.5777
2291.03 2291.03 0.0 101553.3217
2305.17 2305.17 0.0 101551.5220
2319.31 2319.31 0.0 101550.3485
2333.45 2333.45 0.0 101549.1400
2347.59 2347.59 0.0 101547.9386
2361.74 2361.74 0.0 101546.7424
2375.88 2375.88 0.0 101545.5539
2390.02 2390.02 0.0 101544.3713
2404.16 2404.16 0.0 101542.8022
2418.31 2418.31 0.0 101541.2147
2432.45 2432.45 0.0 101539.6395
2446.59 2446.59 0.0 101538.0759
2460.73 2460.73 0.0 101536.5236
2474.87 2474.87 0.0 101534.9828
2489.02 2489.02 0.0 101533.4522
2503.16 2503.16 0.0 101531.9336
2517.3 2517.3 0.0 101530.4264
2531.44 2531.44 0.0 101528.9296
2545.58 2545.58 0.0 101527.4439
2559.73 2559.73 0.0 101525.9684
2573.87 2573.87 0.0 101524.3174
2588.01 2588.01 0.0 101522.0809
2602.15 2602.15 0.0 101519.8693
2616.3 2616.3 0.0 101517.6810
2630.44 2630.44 0.0 101515.5192
2644.58 2644.58 0.0 101513.3813
2658.72 2658.72 0.0 101511.2674
2672.86 2672.86 0.0 101509.1773
2687.01 2687.01 0.0 101507.1092
2701.15 2701.15 0.0 101505.0657
2715.29 2715.29 0.0 101503.0451
2729.43 2729.43 0.0 101501.0473
2743.57 2743.57 0.0 101499.0720
2757.72 2757.72 0.0 101497.1172
2771.86 2771.86 0.0 101495.1857
2786.0 2786.0 0.0 101493.2763
2800.14 2800.14 0.0 101491.3864
2814.28 2814.28 0.0 101489.5144
2828.43 2828.43 0.0 101487.6623
2842.57 2842.57 0.0 101485.8324
2856.71 2856.71 0.0 101484.0231
2870.85 2870.85 0.0 101482.2339
2885.0 2885.0 0.0 101480.4638
2899.14 2899.14 0.0 101478.7148
2913.28 2913.28 0.0 101476.9856
2927.42 2927.42 0.0 101475.2758
2941.56 2941.56 0.0 101473.5852
2955.71 2955.71 0.0 101471.8187
2969.85 2969.85 0.0 101470.0558
2983.99 2983.99 0.0 101468.3640
2998.13 2998.13 0.0 101466.6847
3012.27 3012.27 0.0 101465.0251
3026.42 3026.42 0.0 101463.3835
3040.56 3040.56 0.0 101461.7626
3054.7 3054.7 0.0 101460.1607
3068.84 3068.84 0.0 101458.5774
3082.99 3082.99 0.0 101457.0089
3097.13 3097.13 0.0 101455.4865
3111.27 3111.27 0.0 101454.1000
3125.41 3125.41 0.0 101452.7277
3139.55 3139.55 0.0 101451.3703
3153.7 3153.7 0.0 101450.0262
3167.84 3167.84 0.0 101448.6973
3181.98 3181.98 0.0 101447.3826
3196.12 3196.12 0.0 101446.0820
3210.26 3210.26 0.0 101444.7952
3224.41 3224.41 0.0 101443.5210
3238.55 3238.55 0.0 101442.2614
3252.69 3252.69 0.0 101441.0152
3266.83 3266.83 0.0 101439.7820
3280.98 3280.98 0.0 101438.5612
3295.12 3295.12 0.0 101437.3562
3309.26 3309.26 0.0 101436.1727
3323.4 3323.4 0.0 101435.0015
3337.54 3337.54 0.0 101433.8428
3351.69 3351.69 0.0 101432.6955
3365.83 3365.83 0.0 101431.5610
3379.97 3379.97 0.0 101430.4559
3394.11 3394.11 0.0 101429.3820
3408.25 3408.25 0.0 101428.3189
3422.4 3422.4 0.0 101427.3289
3436.54 3436.54 0.0 101426.4896
3450.68 3450.68 0.0 101425.6571
3464.82 3464.82 0.0 101424.8317
3478.97 3478.97 0.0 101424.0121
3493.11 3493.11 0.0 101423.1999
3507.25 3507.25 0.0 101422.3945
3521.39 3521.39 0.0 101421.5956
3535.53 3535.53 0.0 101420.8033
3549.68 3549.68 0.0 101420.0170
3563.82 3563.82 0.0 101419.2376
3577.96 3577.96 0.0 101418.4646
3592.1 3592.1 0.0 101417.6972
3606.24 3606.24 0.0 101416.9351
3620.39 3620.39 0.0 101416.1789
3634.53 3634.53 0.0 101415.4292
3648.67 3648.67 0.0 101414.6860
3662.81 3662.81 0.0 101413.9487
3676.96 3676.96 0.0 101413.2552
3691.1 3691.1 0.0 101412.5937
3705.24 3705.24 0.0 101411.9371
3719.38 3719.38 0.0 101411.2855
3733.52 3733.52 0.0 101410.6386
3747.67 3747.67 0.0 101409.9963
3761.81 3761.81 0.0 101409.3592
3775.95 3775.95 0.0 101408.7191
3790.09 3790.09 0.0 101408.0444
3804.23 3804.23 0.0 101407.3347
3818.38 3818.38 0.0 101406.5836
3832.52 3832.52 0.0 101405.8400
3846.66 3846.66 0.0 101405.1031
3860.8 3860.8 0.0 101404.3730
3874.95 3874.95 0.0 101403.6485
3889.09 3889.09 0.0 101402.9262
3903.23 3903.23 0.0 101402.2106
3917.37 3917.37 0.0 101401.5017
3931.51 3931.51 0.0 101400.7994
3945.66 3945.66 0.0 101400.1029
3959.8 3959.8 0.0 101399.4133
3973.94 3973.94 0.0 101398.7300
3988.08 3988.08 0.0 101398.0530
4002.22 4002.22 0.0 101397.3823
4016.37 4016.37 0.0 101396.7172
4030.51 4030.51 0.0 101396.0588
4044.65 4044.65 0.0 101395.4062
4058.79 4058.79 0.0 101394.7598
4072.94 4072.94 0.0 101394.1188
4087.08 4087.08 0.0 101393.4838
4101.22 4101.22 0.0 101392.8533
4115.36 4115.36 0.0 101392.2283
4129.5 4129.5 0.0 101391.6079
4143.65 4143.65 0.0 101391.0335
4157.79 4157.79 0.0 101390.4981
4171.93 4171.93 0.0 101389.9671
4186.07 4186.07 0.0 101389.4404
4200.21 4200.21 0.0 101388.9178
4214.36 4214.36 0.0 101388.3993
4228.5 4228.5 0.0 101387.8852
4242.64 4242.64 0.0 101387.3754
