0.0 0.0 0.0 305894.6562
14.1421 14.1421 0.0 300033.3281
28.2843 28.2843 0.0 293419.5312
42.4264 42.4264 0.0 286866.6875
56.5685 56.5685 0.0 280154.7031
70.7107 70.7107 0.0 273281.3750
84.8528 84.8528 0.0 266650.9375
98.9949 98.9949 0.0 260256.4219
113.137 113.137 0.0 253772.6719
127.279 127.279 0.0 247104.3750
141.421 141.421 0.0 240169.0625
155.563 155.563 0.0 233264.7656
169.706 169.706 0.0 226456.5781
183.848 183.848 0.0 219800.5312
197.99 197.99 0.0 213409.5938
212.132 212.132 0.0 207327.1328
226.274 226.274 0.0 201557.7969
240.416 240.416 0.0 196003.0625
254.558 254.558 0.0 190647.1719
268.701 268.701 0.0 185581.8203
282.843 282.843 0.0 181861.0000
296.985 296.985 0.0 178467.8672
311.127 311.127 0.0 175113.3594
325.269 325.269 0.0 171843.4766
339.411 339.411 0.0 168703.7812
353.553 353.553 0.0 165699.5156
367.696 367.696 0.0 163032.3320
381.838 381.838 0.0 160680.3945
395.98 395.98 0.0 158380.0039
410.122 410.122 0.0 156166.3828
424.264 424.264 0.0 154036.3320
438.406 438.406 0.0 151986.9922
452.548 452.548 0.0 150017.4062
466.69 466.69 0.0 148123.4922
480.833 480.833 0.0 146297.0195
494.975 494.975 0.0 144527.0039
509.117 509.117 0.0 142807.6172
523.259 523.259 0.0 141123.5703
537.401 537.401 0.0 139544.9844
551.543 551.543 0.0 138037.8281
565.685 565.685 0.0 136479.9727
579.828 579.828 0.0 135063.9688
593.97 593.97 0.0 133971.2793
608.112 608.112 0.0 132913.4355
622.254 622.254 0.0 131889.3477
636.396 636.396 0.0 130897.9355
650.538 650.538 0.0 129938.2793
664.68 664.68 0.0 129009.3008
678.823 678.823 0.0 128110.0176
692.965 692.965 0.0 127239.6309
707.107 707.107 0.0 126397.2012
721.249 721.249 0.0 125581.8125
735.391 735.391 0.0 124792.6191
749.533 749.533 0.0 124124.2129
763.675 763.675 0.0 123528.5918
777.817 777.817 0.0 122948.3750
791.96 791.96 0.0 122383.1074
806.102 806.102 0.0 121809.4707
820.244 820.244 0.0 121263.6914
834.386 834.386 0.0 120787.9922
848.528 848.528 0.0 120289.5684
862.67 862.67 0.0 119788.1914
876.812 876.812 0.0 119335.7832
890.955 890.955 0.0 118909.7969
905.097 905.097 0.0 118494.0566
919.239 919.239 0.0 118090.7871
933.381 933.381 0.0 117703.0137
947.523 947.523 0.0 117324.1309
961.665 961.665 0.0 116953.9453
975.807 975.807 0.0 116592.2666
989.949 989.949 0.0 116238.8887
1004.09 1004.09 0.0 115893.6650
1018.23 1018.23 0.0 115557.0703
1032.38 1032.38 0.0 115256.3115
1046.52 1046.52 0.0 114961.9824
1060.66 1060.66 0.0 114674.1709
1074.8 1074.8 0.0 114398.6562
1088.94 1088.94 0.0 114128.7764
1103.09 1103.09 0.0 113864.2686
1117.23 1117.23 0.0 113605.8428
1131.37 1131.37 0.0 113354.5459
1145.51 1145.51 0.0 113109.3906
1159.66 1159.66 0.0 112867.1660
1173.8 1173.8 0.0 112623.2480
1187.94 1187.94 0.0 112374.3799
1202.08 1202.08 0.0 112174.7363
1216.22 1216.22 0.0 111992.9619
1230.37 1230.37 0.0 111814.0967
1244.51 1244.51 0.0 111631.4707
1258.65 1258.65 0.0 111447.3115
1272.79 1272.79 0.0 111266.4307
1286.93 1286.93 0.0 111088.7568
1301.08 1301.08 0.0 110936.6943
1315.22 1315.22 0.0 110788.2734
1329.36 1329.36 0.0 110642.1357
1343.5 1343.5 0.0 110498.2422
1357.65 1357.65 0.0 110356.4668
1371.79 1371.79 0.0 110199.0820
1385.93 1385.93 0.0 110029.6367
1400.07 1400.07 0.0 109833.7930
1414.21 1414.21 0.0 109634.0576
1428.36 1428.36 0.0 109421.2881
1442.5 1442.5 0.0 109208.8682
1456.64 1456.64 0.0 109002.0874
1470.78 1470.78 0.0 108800.7319
1484.92 1484.92 0.0 108603.6353
1499.07 1499.07 0.0 108410.2656
1513.21 1513.21 0.0 108209.7388
1527.35 1527.35 0.0 108022.2964
1541.49 1541.49 0.0 107857.1025
1555.63 1555.63 0.0 107744.6060
1569.78 1569.78 0.0 107638.9312
1583.92 1583.92 0.0 107535.0669
1598.06 1598.06 0.0 107432.3813
1612.2 1612.2 0.0 107331.3882
1626.35 1626.35 0.0 107231.9844
1640.49 1640.49 0.0 107136.3169
1654.63 1654.63 0.0 107050.6909
1668.77 1668.77 0.0 106989.1938
1682.91 1682.91 0.0 106934.4517
1697.06 1697.06 0.0 106880.1748
1711.2 1711.2 0.0 106825.4683
1725.34 1725.34 0.0 106771.2324
1739.48 1739.48 0.0 106714.4888
1753.62 1753.62 0.0 106654.5371
1767.77 1767.77 0.0 106596.1577
1781.91 1781.91 0.0 106538.9351
1796.05 1796.05 0.0 106482.3315
1810.19 1810.19 0.0 106427.8818
1824.34 1824.34 0.0 106375.3335
1838.48 1838.48 0.0 106323.3638
1852.62 1852.62 0.0 106271.9292
1866.76 1866.76 0.0 106222.0103
1880.9 1880.9 0.0 106173.1475
1895.05 1895.05 0.0 106125.2734
1909.19 1909.19 0.0 106077.9116
1923.33 1923.33 0.0 106038.4629
1937.47 1937.47 0.0 106006.4673
1951.61 1951.61 0.0 105974.6899
1965.76 1965.76 0.0 105943.0225
1979.9 1979.9 0.0 105909.2910
1994.04 1994.04 0.0 105872.0396
2008.18 2008.18 0.0 105835.0918
2022.33 2022.33 0.0 105797.6523
2036.47 2036.47 0.0 105758.2378
2050.61 2050.61 0.0 105719.1538
2064.75 2064.75 0.0 105680.4131
2078.89 2078.89 0.0 105641.6245
2093.04 2093.04 0.0 105604.2441
2107.18 2107.18 0.0 105567.9253
2121.32 2121.32 0.0 105533.1880
2135.46 2135.46 0.0 105498.7393
2149.6 2149.6 0.0 105464.6514
2163.75 2163.75 0.0 105433.8750
2177.89 2177.89 0.0 105403.6299
2192.03 2192.03 0.0 105373.6040
2206.17 2206.17 0.0 105343.8037
2220.32 2220.32 0.0 105314.1931
2234.46 2234.46 0.0 105287.0945
2248.6 2248.6 0.0 105263.7429
2262.74 2262.74 0.0 105240.5315
2276.88 2276.88 0.0 105217.3110
2291.03 2291.03 0.0 105194.1807
2305.17 2305.17 0.0 105171.2058
2319.31 2319.31 0.0 105148.3669
2333.45 2333.45 0.0 105125.1082
2347.59 2347.59 0.0 105099.8447
2361.74 2361.74 0.0 105074.8689
2375.88 2375.88 0.0 105050.0771
2390.02 2390.02 0.0 105029.4458
2404.16 2404.16 0.0 105010.6912
2418.31 2418.31 0.0 104992.0208
2432.45 2432.45 0.0 104973.4604
2446.59 2446.59 0.0 104954.9922
2460.73 2460.73 0.0 104936.6172
2474.87 2474.87 0.0 104918.3333
2489.02 2489.02 0.0 104900.1318
2503.16 2503.16 0.0 104882.0305
2517.3 2517.3 0.0 104864.0261
2531.44 2531.44 0.0 104846.1074
2545.58 2545.58 0.0 104828.2859
2559.73 2559.73 0.0 104810.5378
2573.87 2573.87 0.0 104792.8928
2588.01 2588.01 0.0 104774.7542
2602.15 2602.15 0.0 104756.0466
2616.3 2616.3 0.0 104737.4326
2630.44 2630.44 0.0 104718.9480
2644.58 2644.58 0.0 104700.5752
2658.72 2658.72 0.0 104682.2998
2672.86 2672.86 0.0 104664.1245
2687.01 2687.01 0.0 104643.1006
2701.15 2701.15 0.0 104621.2268
2715.29 2715.29 0.0 104599.7007
2729.43 2729.43 0.0 104578.3022
2743.57 2743.57 0.0 104557.0439
2757.72 2757.72 0.0 104535.9087
2771.86 2771.86 0.0 104514.9253
2786.0 2786.0 0.0 104494.0815
2800.14 2800.14 0.0 104473.6980
2814.28 2814.28 0.0 104453.9692
2828.43 2828.43 0.0 104433.8284
2842.57 2842.57 0.0 104413.6436
2856.71 2856.71 0.0 104393.5513
2870.85 2870.85 0.0 104367.3054
2885.0 2885.0 0.0 104338.7915
2899.14 2899.14 0.0 104310.2830
2913.28 2913.28 0.0 104280.8472
2927.42 2927.42 0.0 104250.5061
2941.56 2941.56 0.0 104220.1587
2955.71 2955.71 0.0 104189.9319
2969.85 2969.85 0.0 104159.8530
2983.99 2983.99 0.0 104128.8982
2998.13 2998.13 0.0 104099.7393
3012.27 3012.27 0.0 104070.8828
3026.42 3026.42 0.0 104042.3042
3040.56 3040.56 0.0 104014.0449
3054.7 3054.7 0.0 103984.4028
3068.84 3068.84 0.0 103953.6631
3082.99 3082.99 0.0 103923.2117
3097.13 3097.13 0.0 103893.1101
3111.27 3111.27 0.0 103863.3567
3125.41 3125.41 0.0 103833.9465
3139.55 3139.55 0.0 103804.8777
3153.7 3153.7 0.0 103783.1409
3167.84 3167.84 0.0 103762.1538
3181.98 3181.98 0.0 103741.3467
3196.12 3196.12 0.0 103720.7161
3210.26 3210.26 0.0 103704.3291
3224.41 3224.41 0.0 103690.0486
3238.55 3238.55 0.0 103675.8633
3252.69 3252.69 0.0 103663.6150
3266.83 3266.83 0.0 103656.3105
3280.98 3280.98 0.0 103649.4045
3295.12 3295.12 0.0 103642.4658
3309.26 3309.26 0.0 103634.7896
3323.4 3323.4 0.0 103626.8691
3337.54 3337.54 0.0 103618.9519
3351.69 3351.69 0.0 103611.0564
3365.83 3365.83 0.0 103603.1931
3379.97 3379.97 0.0 103595.3569
3394.11 3394.11 0.0 103588.7766
3408.25 3408.25 0.0 103583.2029
3422.4 3422.4 0.0 103577.6401
3436.54 3436.54 0.0 103572.0935
3450.68 3450.68 0.0 103566.5625
3464.82 3464.82 0.0 103561.0435
3478.97 3478.97 0.0 103555.2166
3493.11 3493.11 0.0 103547.2817
3507.25 3507.25 0.0 103539.3718
3521.39 3521.39 0.0 103531.4924
3535.53 3535.53 0.0 103523.6406
3549.68 3549.68 0.0 103515.8098
3563.82 3563.82 0.0 103508.0151
3577.96 3577.96 0.0 103500.2458
3592.1 3592.1 0.0 103492.5046
3606.24 3606.24 0.0 103484.7915
3620.39 3620.39 0.0 103477.0991
3634.53 3634.53 0.0 103469.6809
3648.67 3648.67 0.0 103462.3679
3662.81 3662.81 0.0 103455.6394
3676.96 3676.96 0.0 103449.1392
3691.1 3691.1 0.0 103442.6653
3705.24 3705.24 0.0 103436.2083
3719.38 3719.38 0.0 103429.7639
3733.52 3733.52 0.0 103423.3113
3747.67 3747.67 0.0 103416.8752
3761.81 3761.81 0.0 103410.4641
3775.95 3775.95 0.0 103404.0715
3790.09 3790.09 0.0 103397.6995
3804.23 3804.23 0.0 103391.3271
3818.38 3818.38 0.0 103384.9590
3832.52 3832.52 0.0 103378.6160
3846.66 3846.66 0.0 103374.5291
3860.8 3860.8 0.0 103372.1443
3874.95 3874.95 0.0 103369.5159
3889.09 3889.09 0.0 103366.8921
3903.23 3903.23 0.0 103365.4230
3917.37 3917.37 0.0 103364.9827
3931.51 3931.51 0.0 103364.5405
3945.66 3945.66 0.0 103364.0996
3959.8 3959.8 0.0 103355.6075
3973.94 3973.94 0.0 103346.3108
3988.08 3988.08 0.0 103337.0598
4002.22 4002.22 0.0 103327.8480
4016.37 4016.37 0.0 103318.7460
4030.51 4030.51 0.0 103309.8298
4044.65 4044.65 0.0 103300.9545
4058.79 4058.79 0.0 103292.1195
4072.94 4072.94 0.0 103283.5388
4087.08 4087.08 0.0 103275.0679
4101.22 4101.22 0.0 103266.6335
4115.36 4115.36 0.0 103258.2346
4129.5 4129.5 0.0 103249.8740
4143.65 4143.65 0.0 103242.6674
4157.79 4157.79 0.0 103235.7551
4171.93 4171.93 0.0 103228.8689
4186.07 4186.07 0.0 103222.0072
4200.21 4200.21 0.0 103215.1694
4214.36 4214.36 0.0 103208.5824
4228.5 4228.5 0.0 103202.4924
4242.64 4242.64 0.0 103196.4210
