0.0 0.0 0.0 2768918.0000
14.1421 14.1421 0.0 2572919.0000
28.2843 28.2843 0.0 2337079.2500
42.4264 42.4264 0.0 2091995.3750
56.5685 56.5685 0.0 1833831.0000
70.7107 70.7107 0.0 1567042.6250
84.8528 84.8528 0.0 1317450.0000
98.9949 98.9949 0.0 1096487.5625
113.137 113.137 0.0 900956.4375
127.279 127.279 0.0 732370.5000
141.421 141.421 0.0 590749.3438
155.563 155.563 0.0 474786.6562
169.706 169.706 0.0 398906.9375
183.848 183.848 0.0 342458.2500
197.99 197.99 0.0 308861.7812
212.132 212.132 0.0 279528.1250
226.274 226.274 0.0 259051.7812
240.416 240.416 0.0 245699.9219
254.558 254.558 0.0 234115.5312
268.701 268.701 0.0 223996.1094
282.843 282.843 0.0 214605.4844
296.985 296.985 0.0 205896.5859
311.127 311.127 0.0 197825.2969
325.269 325.269 0.0 190349.3984
339.411 339.411 0.0 183429.1484
353.553 353.553 0.0 177005.2031
367.696 367.696 0.0 171850.2109
381.838 381.838 0.0 167912.1719
395.98 395.98 0.0 164187.0898
410.122 410.122 0.0 160669.1836
424.264 424.264 0.0 157804.3750
438.406 438.406 0.0 155074.2070
452.548 452.548 0.0 152465.2148
466.69 466.69 0.0 149975.0195
480.833 480.833 0.0 147998.8555
494.975 494.975 0.0 146451.1719
509.117 509.117 0.0 144950.0742
523.259 523.259 0.0 143497.9023
537.401 537.401 0.0 141940.1797
551.543 551.543 0.0 140403.9180
565.685 565.685 0.0 138924.6562
579.828 579.828 0.0 137499.3750
593.97 593.97 0.0 136124.0430
608.112 608.112 0.0 134794.4570
622.254 622.254 0.0 133552.1504
636.396 636.396 0.0 132380.5332
650.538 650.538 0.0 131250.6953
664.68 664.68 0.0 130161.3594
678.823 678.823 0.0 129111.0410
692.965 692.965 0.0 128098.5410
707.107 707.107 0.0 127122.4570
721.249 721.249 0.0 126181.5039
735.391 735.391 0.0 125259.3867
749.533 749.533 0.0 124351.3867
763.675 763.675 0.0 123690.8887
777.817 777.817 0.0 123050.8828
791.96 791.96 0.0 122429.0801
806.102 806.102 0.0 121824.9043
820.244 820.244 0.0 121237.8633
834.386 834.386 0.0 120651.5820
848.528 848.528 0.0 120083.8418
862.67 862.67 0.0 119558.0547
876.812 876.812 0.0 119216.7598
890.955 890.955 0.0 118881.7852
905.097 905.097 0.0 118527.6348
919.239 919.239 0.0 118179.3809
933.381 933.381 0.0 117838.0879
947.523 947.523 0.0 117500.9873
961.665 961.665 0.0 117168.8477
975.807 975.807 0.0 116843.4697
989.949 989.949 0.0 116522.5830
1004.09 1004.09 0.0 116203.8125
1018.23 1018.23 0.0 115872.4395
1032.38 1032.38 0.0 115535.2207
1046.52 1046.52 0.0 115205.4102
1060.66 1060.66 0.0 114881.5137
1074.8 1074.8 0.0 114544.1260
1088.94 1088.94 0.0 114185.5859
1103.09 1103.09 0.0 113828.9873
1117.23 1117.23 0.0 113478.6904
1131.37 1131.37 0.0 113216.2197
1145.51 1145.51 0.0 112990.0527
1159.66 1159.66 0.0 112795.0381
1173.8 1173.8 0.0 112603.4102
1187.94 1187.94 0.0 112414.9619
1202.08 1202.08 0.0 112230.0684
1216.22 1216.22 0.0 112062.1758
1230.37 1230.37 0.0 111896.9941
1244.51 1244.51 0.0 111730.4150
1258.65 1258.65 0.0 111566.4434
1272.79 1272.79 0.0 111405.0420
1286.93 1286.93 0.0 111248.2676
1301.08 1301.08 0.0 111103.7607
1315.22 1315.22 0.0 110962.8018
1329.36 1329.36 0.0 110835.6201
1343.5 1343.5 0.0 110724.9707
1357.65 1357.65 0.0 110615.5244
1371.79 1371.79 0.0 110505.7080
1385.93 1385.93 0.0 110390.7686
1400.07 1400.07 0.0 110273.0264
1414.21 1414.21 0.0 110153.6289
1428.36 1428.36 0.0 110035.7471
1442.5 1442.5 0.0 109919.4980
1456.64 1456.64 0.0 109804.8018
1470.78 1470.78 0.0 109691.5537
1484.92 1484.92 0.0 109579.7578
1499.07 1499.07 0.0 109469.3687
1513.21 1513.21 0.0 109363.9995
1527.35 1527.35 0.0 109268.2910
1541.49 1541.49 0.0 109177.3867
1555.63 1555.63 0.0 109101.8008
1569.78 1569.78 0.0 109026.9839
1583.92 1583.92 0.0 108973.8701
1598.06 1598.06 0.0 108921.7710
1612.2 1612.2 0.0 108869.4839
1626.35 1626.35 0.0 108817.5210
1640.49 1640.49 0.0 108765.9487
1654.63 1654.63 0.0 108714.7373
1668.77 1668.77 0.0 108663.8672
1682.91 1682.91 0.0 108613.3521
1697.06 1697.06 0.0 108563.1528
1711.2 1711.2 0.0 108513.3223
1725.34 1725.34 0.0 108465.7905
1739.48 1739.48 0.0 108419.1992
1753.62 1753.62 0.0 108372.9106
1767.77 1767.77 0.0 108328.0776
1781.91 1781.91 0.0 108288.5142
1796.05 1796.05 0.0 108244.0386
1810.19 1810.19 0.0 108199.8530
1824.34 1824.34 0.0 108155.9121
1838.48 1838.48 0.0 108112.2876
1852.62 1852.62 0.0 108068.4688
1866.76 1866.76 0.0 108022.8696
1880.9 1880.9 0.0 107977.5679
1895.05 1895.05 0.0 107932.5527
1909.19 1909.19 0.0 107887.8726
1923.33 1923.33 0.0 107843.4814
1937.47 1937.47 0.0 107799.3091
1951.61 1951.61 0.0 107755.4321
1965.76 1965.76 0.0 107711.8242
1979.9 1979.9 0.0 107668.5386
1994.04 1994.04 0.0 107636.3145
2008.18 2008.18 0.0 107607.4429
2022.33 2022.33 0.0 107578.6851
2036.47 2036.47 0.0 107550.0693
2050.61 2050.61 0.0 107521.5879
2064.75 2064.75 0.0 107493.2339
2078.89 2078.89 0.0 107465.4141
2093.04 2093.04 0.0 107438.4175
2107.18 2107.18 0.0 107410.9023
2121.32 2121.32 0.0 107382.7065
2135.46 2135.46 0.0 107354.6392
2149.6 2149.6 0.0 107326.7041
2163.75 2163.75 0.0 107306.2324
2177.89 2177.89 0.0 107286.8086
2192.03 2192.03 0.0 107263.8940
2206.17 2206.17 0.0 107240.2461
2220.32 2220.32 0.0 107216.6699
2234.46 2234.46 0.0 107193.1934
2248.6 2248.6 0.0 107167.7202
2262.74 2262.74 0.0 107138.2871
2276.88 2276.88 0.0 107109.0024
2291.03 2291.03 0.0 107079.8457
2305.17 2305.17 0.0 107050.8569
2319.31 2319.31 0.0 107022.0054
2333.45 2333.45 0.0 106993.3105
2347.59 2347.59 0.0 106964.7539
2361.74 2361.74 0.0 106936.3193
2375.88 2375.88 0.0 106908.0522
2390.02 2390.02 0.0 106879.9238
2404.16 2404.16 0.0 106851.9336
2418.31 2418.31 0.0 106824.0718
2432.45 2432.45 0.0 106796.3682
2446.59 2446.59 0.0 106768.7983
2460.73 2460.73 0.0 106741.3599
2474.87 2474.87 0.0 106714.0532
2489.02 2489.02 0.0 106686.8696
2503.16 2503.16 0.0 106659.8418
2517.3 2517.3 0.0 106632.9458
2531.44 2531.44 0.0 106606.1851
2545.58 2545.58 0.0 106579.5640
2559.73 2559.73 0.0 106553.0513
2573.87 2573.87 0.0 106526.6924
2588.01 2588.01 0.0 106500.4683
2602.15 2602.15 0.0 106474.3755
2616.3 2616.3 0.0 106448.3950
2630.44 2630.44 0.0 106422.5645
2644.58 2644.58 0.0 106394.8716
2658.72 2658.72 0.0 106363.8042
2672.86 2672.86 0.0 106332.9204
2687.01 2687.01 0.0 106302.2056
2701.15 2701.15 0.0 106271.7031
2715.29 2715.29 0.0 106241.3818
2729.43 2729.43 0.0 106211.2485
2743.57 2743.57 0.0 106181.3042
2757.72 2757.72 0.0 106151.5156
2771.86 2771.86 0.0 106121.9312
2786.0 2786.0 0.0 106092.2944
2800.14 2800.14 0.0 106063.6523
2814.28 2814.28 0.0 106035.1816
2828.43 2828.43 0.0 106006.8594
2842.57 2842.57 0.0 105978.7246
2856.71 2856.71 0.0 105950.7646
2870.85 2870.85 0.0 105922.9683
2885.0 2885.0 0.0 105892.2681
2899.14 2899.14 0.0 105861.2231
2913.28 2913.28 0.0 105830.3867
2927.42 2927.42 0.0 105799.7637
2941.56 2941.56 0.0 105769.3467
2955.71 2955.71 0.0 105739.1187
2969.85 2969.85 0.0 105709.1128
2983.99 2983.99 0.0 105679.3086
2998.13 2998.13 0.0 105647.9800
3012.27 3012.27 0.0 105619.7729
3026.42 3026.42 0.0 105594.1289
3040.56 3040.56 0.0 105568.6582
3054.7 3054.7 0.0 105543.3403
3068.84 3068.84 0.0 105518.1680
3082.99 3082.99 0.0 105493.1309
3097.13 3097.13 0.0 105465.1699
3111.27 3111.27 0.0 105434.3286
3125.41 3125.41 0.0 105403.7151
3139.55 3139.55 0.0 105373.3308
3153.7 3153.7 0.0 105343.1499
3167.84 3167.84 0.0 105313.2102
3181.98 3181.98 0.0 105283.9490
3196.12 3196.12 0.0 105257.5920
3210.26 3210.26 0.0 105231.7292
3224.41 3224.41 0.0 105206.0205
3238.55 3238.55 0.0 105180.4995
3252.69 3252.69 0.0 105157.2498
3266.83 3266.83 0.0 105134.6892
3280.98 3280.98 0.0 105112.2454
3295.12 3295.12 0.0 105091.6235
3309.26 3309.26 0.0 105072.0144
3323.4 3323.4 0.0 105052.5051
3337.54 3337.54 0.0 105033.1011
3351.69 3351.69 0.0 105014.1592
3365.83 3365.83 0.0 104995.9851
3379.97 3379.97 0.0 104977.5317
3394.11 3394.11 0.0 104959.1724
3408.25 3408.25 0.0 104940.9053
3422.4 3422.4 0.0 104922.7183
3436.54 3436.54 0.0 104904.6340
3450.68 3450.68 0.0 104886.6438
3464.82 3464.82 0.0 104868.7393
3478.97 3478.97 0.0 104850.9141
3493.11 3493.11 0.0 104834.0920
3507.25 3507.25 0.0 104819.3105
3521.39 3521.39 0.0 104806.2380
3535.53 3535.53 0.0 104803.2039
3549.68 3549.68 0.0 104800.1736
3563.82 3563.82 0.0 104797.1443
3577.96 3577.96 0.0 104794.1147
3592.1 3592.1 0.0 104791.0942
3606.24 3606.24 0.0 104788.0742
3620.39 3620.39 0.0 104784.9434
3634.53 3634.53 0.0 104781.7844
3648.67 3648.67 0.0 104778.6299
3662.81 3662.81 0.0 104775.4783
3676.96 3676.96 0.0 104772.3096
3691.1 3691.1 0.0 104769.1375
3705.24 3705.24 0.0 104761.5681
3719.38 3719.38 0.0 104752.5908
3733.52 3733.52 0.0 104744.3594
3747.67 3747.67 0.0 104736.1982
3761.81 3761.81 0.0 104728.0610
3775.95 3775.95 0.0 104719.9436
3790.09 3790.09 0.0 104710.7925
3804.23 3804.23 0.0 104700.2588
3818.38 3818.38 0.0 104689.7493
3832.52 3832.52 0.0 104679.2854
3846.66 3846.66 0.0 104668.8489
3860.8 3860.8 0.0 104658.4517
3874.95 3874.95 0.0 104648.0723
3889.09 3889.09 0.0 104637.7363
3903.23 3903.23 0.0 104627.4341
3917.37 3917.37 0.0 104614.0837
3931.51 3931.51 0.0 104598.8882
3945.66 3945.66 0.0 104583.9805
3959.8 3959.8 0.0 104569.4817
3973.94 3973.94 0.0 104555.0488
3988.08 3988.08 0.0 104540.6770
4002.22 4002.22 0.0 104521.9019
4016.37 4016.37 0.0 104503.2986
4030.51 4030.51 0.0 104484.8301
4044.65 4044.65 0.0 104466.4688
4058.79 4058.79 0.0 104448.2156
4072.94 4072.94 0.0 104430.0564
4087.08 4087.08 0.0 104412.0144
4101.22 4101.22 0.0 104394.0742
4115.36 4115.36 0.0 104376.2395
4129.5 4129.5 0.0 104358.5085
4143.65 4143.65 0.0 104340.8701
4157.79 4157.79 0.0 104323.3440
4171.93 4171.93 0.0 104305.9197
4186.07 4186.07 0.0 104288.5994
4200.21 4200.21 0.0 104271.3755
4214.36 4214.36 0.0 104254.8499
4228.5 4228.5 0.0 104240.8853
4242.64 4242.64 0.0 104226.9849
