0.0 0.0 0.0 2033530.7500
14.1421 14.1421 0.0 1867434.2500
28.2843 28.2843 0.0 1599150.7500
42.4264 42.4264 0.0 1233112.3750
56.5685 56.5685 0.0 913055.2500
70.7107 70.7107 0.0 658518.5625
84.8528 84.8528 0.0 470733.0625
98.9949 98.9949 0.0 360832.9844
113.137 113.137 0.0 280669.5625
127.279 127.279 0.0 240727.2031
141.421 141.421 0.0 219089.8906
155.563 155.563 0.0 201721.8516
169.706 169.706 0.0 186791.8672
183.848 183.848 0.0 174286.5781
197.99 197.99 0.0 166430.2070
212.132 212.132 0.0 159399.0781
226.274 226.274 0.0 153257.7500
240.416 240.416 0.0 147750.8008
254.558 254.558 0.0 143039.5078
268.701 268.701 0.0 138830.8867
282.843 282.843 0.0 135195.1680
296.985 296.985 0.0 132645.6211
311.127 311.127 0.0 130268.0547
325.269 325.269 0.0 128071.2363
339.411 339.411 0.0 126297.8984
353.553 353.553 0.0 124640.7891
367.696 367.696 0.0 123112.2793
381.838 381.838 0.0 121699.5508
395.98 395.98 0.0 120475.7480
410.122 410.122 0.0 119517.5957
424.264 424.264 0.0 118606.9473
438.406 438.406 0.0 117740.5234
452.548 452.548 0.0 116897.1172
466.69 466.69 0.0 116088.2197
480.833 480.833 0.0 115315.1875
494.975 494.975 0.0 114588.0879
509.117 509.117 0.0 113938.5811
523.259 523.259 0.0 113320.5264
537.401 537.401 0.0 112732.5781
551.543 551.543 0.0 112171.1562
565.685 565.685 0.0 111637.0078
579.828 579.828 0.0 111231.1855
593.97 593.97 0.0 110906.9922
608.112 608.112 0.0 110596.8164
622.254 622.254 0.0 110296.6289
636.396 636.396 0.0 109997.9277
650.538 650.538 0.0 109707.8311
664.68 664.68 0.0 109447.2134
678.823 678.823 0.0 109194.6504
692.965 692.965 0.0 108949.8447
707.107 707.107 0.0 108712.6240
721.249 721.249 0.0 108482.7617
735.391 735.391 0.0 108260.0190
749.533 749.533 0.0 108044.1860
763.675 763.675 0.0 107835.0532
777.817 777.817 0.0 107632.4009
791.96 791.96 0.0 107436.0317
806.102 806.102 0.0 107245.7866
820.244 820.244 0.0 107061.3701
834.386 834.386 0.0 106882.2539
848.528 848.528 0.0 106708.8740
862.67 862.67 0.0 106541.3530
876.812 876.812 0.0 106370.9131
890.955 890.955 0.0 106189.1553
905.097 905.097 0.0 106017.9995
919.239 919.239 0.0 105870.8843
933.381 933.381 0.0 105734.4355
947.523 947.523 0.0 105602.0498
961.665 961.665 0.0 105474.9038
975.807 975.807 0.0 105351.5237
989.949 989.949 0.0 105239.4583
1004.09 1004.09 0.0 105148.9456
1018.23 1018.23 0.0 105060.6038
1032.38 1032.38 0.0 104976.3130
1046.52 1046.52 0.0 104914.6733
1060.66 1060.66 0.0 104854.0706
1074.8 1074.8 0.0 104794.4912
1088.94 1088.94 0.0 104735.9141
1103.09 1103.09 0.0 104678.2861
1117.23 1117.23 0.0 104621.6599
1131.37 1131.37 0.0 104567.3816
1145.51 1145.51 0.0 104519.6304
1159.66 1159.66 0.0 104472.6367
1173.8 1173.8 0.0 104427.4470
1187.94 1187.94 0.0 104389.9038
1202.08 1202.08 0.0 104352.2349
1216.22 1216.22 0.0 104314.7607
1230.37 1230.37 0.0 104277.7190
1244.51 1244.51 0.0 104241.1602
1258.65 1258.65 0.0 104216.5298
1272.79 1272.79 0.0 104194.7786
1286.93 1286.93 0.0 104173.5193
1301.08 1301.08 0.0 104151.7383
1315.22 1315.22 0.0 104130.6345
1329.36 1329.36 0.0 104109.6902
1343.5 1343.5 0.0 104089.4785
1357.65 1357.65 0.0 104070.4829
1371.79 1371.79 0.0 104051.3215
1385.93 1385.93 0.0 104032.2742
1400.07 1400.07 0.0 104013.3586
1414.21 1414.21 0.0 103994.5762
1428.36 1428.36 0.0 103975.9136
1442.5 1442.5 0.0 103956.2419
1456.64 1456.64 0.0 103936.2732
1470.78 1470.78 0.0 103916.5732
1484.92 1484.92 0.0 103897.0806
1499.07 1499.07 0.0 103878.4272
1513.21 1513.21 0.0 103859.9260
1527.35 1527.35 0.0 103845.1011
1541.49 1541.49 0.0 103828.6362
1555.63 1555.63 0.0 103812.1731
1569.78 1569.78 0.0 103795.8064
1583.92 1583.92 0.0 103779.5566
1598.06 1598.06 0.0 103763.4170
1612.2 1612.2 0.0 103749.6882
1626.35 1626.35 0.0 103737.4636
1640.49 1640.49 0.0 103729.0667
1654.63 1654.63 0.0 103720.3359
1668.77 1668.77 0.0 103705.0715
1682.91 1682.91 0.0 103689.3987
1697.06 1697.06 0.0 103677.1360
1711.2 1711.2 0.0 103664.9097
1725.34 1725.34 0.0 103649.8796
1739.48 1739.48 0.0 103634.9470
1753.62 1753.62 0.0 103620.1079
1767.77 1767.77 0.0 103605.3547
1781.91 1781.91 0.0 103591.0962
1796.05 1796.05 0.0 103577.2283
1810.19 1810.19 0.0 103562.8025
1824.34 1824.34 0.0 103548.0947
1838.48 1838.48 0.0 103533.4932
1852.62 1852.62 0.0 103518.9834
1866.76 1866.76 0.0 103505.6082
1880.9 1880.9 0.0 103494.0002
1895.05 1895.05 0.0 103482.4453
1909.19 1909.19 0.0 103470.9470
1923.33 1923.33 0.0 103459.5027
1937.47 1937.47 0.0 103446.9475
1951.61 1951.61 0.0 103435.2773
1965.76 1965.76 0.0 103423.1072
1979.9 1979.9 0.0 103410.7678
1994.04 1994.04 0.0 103398.5002
2008.18 2008.18 0.0 103386.3057
2022.33 2022.33 0.0 103374.1716
2036.47 2036.47 0.0 103362.1191
2050.61 2050.61 0.0 103350.0494
2064.75 2064.75 0.0 103339.0524
2078.89 2078.89 0.0 103329.5212
2093.04 2093.04 0.0 103319.8983
2107.18 2107.18 0.0 103311.4000
2121.32 2121.32 0.0 103302.9387
2135.46 2135.46 0.0 103294.5105
2149.6 2149.6 0.0 103286.1024
2163.75 2163.75 0.0 103277.7142
2177.89 2177.89 0.0 103269.3668
2192.03 2192.03 0.0 103260.7413
2206.17 2206.17 0.0 103253.5381
2220.32 2220.32 0.0 103247.9310
2234.46 2234.46 0.0 103242.3467
2248.6 2248.6 0.0 103236.7777
2262.74 2262.74 0.0 103232.4285
2276.88 2276.88 0.0 103228.3057
2291.03 2291.03 0.0 103224.1783
2305.17 2305.17 0.0 103219.9985
2319.31 2319.31 0.0 103215.8270
2333.45 2333.45 0.0 103211.6646
2347.59 2347.59 0.0 103207.5123
2361.74 2361.74 0.0 103203.3656
2375.88 2375.88 0.0 103199.2323
2390.02 2390.02 0.0 103197.2174
2404.16 2404.16 0.0 103195.3704
2418.31 2418.31 0.0 103191.7465
2432.45 2432.45 0.0 103187.6238
2446.59 2446.59 0.0 103183.5110
2460.73 2460.73 0.0 103179.4073
2474.87 2474.87 0.0 103175.3004
2489.02 2489.02 0.0 103171.1946
2503.16 2503.16 0.0 103166.9208
2517.3 2517.3 0.0 103162.4824
2531.44 2531.44 0.0 103158.0532
2545.58 2545.58 0.0 103153.6362
2559.73 2559.73 0.0 103149.2257
2573.87 2573.87 0.0 103144.6801
2588.01 2588.01 0.0 103138.5320
2602.15 2602.15 0.0 103132.4030
2616.3 2616.3 0.0 103126.2937
2630.44 2630.44 0.0 103120.2068
2644.58 2644.58 0.0 103114.1421
2658.72 2658.72 0.0 103108.0963
2672.86 2672.86 0.0 103102.0719
2687.01 2687.01 0.0 103095.5343
2701.15 2701.15 0.0 103088.4866
2715.29 2715.29 0.0 103081.4669
2729.43 2729.43 0.0 103074.4733
2743.57 2743.57 0.0 103066.3516
2757.72 2757.72 0.0 103057.4980
2771.86 2771.86 0.0 103048.6978
2786.0 2786.0 0.0 103039.9403
2800.14 2800.14 0.0 103031.2266
2814.28 2814.28 0.0 103022.5590
2828.43 2828.43 0.0 103014.4452
2842.57 2842.57 0.0 103007.9581
2856.71 2856.71 0.0 103002.5817
2870.85 2870.85 0.0 102997.6479
2885.0 2885.0 0.0 102992.7255
2899.14 2899.14 0.0 102987.8198
2913.28 2913.28 0.0 102982.8743
2927.42 2927.42 0.0 102977.3715
2941.56 2941.56 0.0 102969.8906
2955.71 2955.71 0.0 102962.4397
2969.85 2969.85 0.0 102955.0278
2983.99 2983.99 0.0 102948.6945
2998.13 2998.13 0.0 102945.2198
3012.27 3012.27 0.0 102942.4232
3026.42 3026.42 0.0 102940.2531
3040.56 3040.56 0.0 102938.5316
3054.7 3054.7 0.0 102936.8105
3068.84 3068.84 0.0 102935.0905
3082.99 3082.99 0.0 102933.6022
3097.13 3097.13 0.0 102933.0588
3111.27 3111.27 0.0 102932.5157
3125.41 3125.41 0.0 102931.3757
3139.55 3139.55 0.0 102929.2211
3153.7 3153.7 0.0 102927.0680
3167.84 3167.84 0.0 102924.9191
3181.98 3181.98 0.0 102922.7747
3196.12 3196.12 0.0 102920.6323
3210.26 3210.26 0.0 102918.0883
3224.41 3224.41 0.0 102914.3840
3238.55 3238.55 0.0 102910.8046
3252.69 3252.69 0.0 102907.2317
3266.83 3266.83 0.0 102903.4021
3280.98 3280.98 0.0 102899.1722
3295.12 3295.12 0.0 102896.1780
3309.26 3309.26 0.0 102893.6250
3323.4 3323.4 0.0 102891.0786
3337.54 3337.54 0.0 102888.5354
3351.69 3351.69 0.0 102885.9949
3365.83 3365.83 0.0 102883.4592
3379.97 3379.97 0.0 102880.9283
3394.11 3394.11 0.0 102878.4025
3408.25 3408.25 0.0 102875.8792
3422.4 3422.4 0.0 102873.3600
3436.54 3436.54 0.0 102870.8176
3450.68 3450.68 0.0 102867.6383
3464.82 3464.82 0.0 102864.4633
3478.97 3478.97 0.0 102861.8213
3493.11 3493.11 0.0 102859.1940
3507.25 3507.25 0.0 102856.5720
3521.39 3521.39 0.0 102853.9545
3535.53 3535.53 0.0 102850.7959
3549.68 3549.68 0.0 102846.9462
3563.82 3563.82 0.0 102842.2472
3577.96 3577.96 0.0 102836.9767
3592.1 3592.1 0.0 102831.5156
3606.24 3606.24 0.0 102826.0737
3620.39 3620.39 0.0 102820.6478
3634.53 3634.53 0.0 102815.2463
3648.67 3648.67 0.0 102809.8633
3662.81 3662.81 0.0 102804.5000
3676.96 3676.96 0.0 102799.1520
3691.1 3691.1 0.0 102793.8268
3705.24 3705.24 0.0 102788.5222
3719.38 3719.38 0.0 102783.2361
3733.52 3733.52 0.0 102777.9456
3747.67 3747.67 0.0 102772.6589
3761.81 3761.81 0.0 102767.3964
3775.95 3775.95 0.0 102762.1503
3790.09 3790.09 0.0 102756.9258
3804.23 3804.23 0.0 102751.7183
3818.38 3818.38 0.0 102746.5278
3832.52 3832.52 0.0 102741.2078
3846.66 3846.66 0.0 102735.4806
3860.8 3860.8 0.0 102730.1844
3874.95 3874.95 0.0 102725.9224
3889.09 3889.09 0.0 102721.6753
3903.23 3903.23 0.0 102717.4417
3917.37 3917.37 0.0 102714.6232
3931.51 3931.51 0.0 102713.0468
3945.66 3945.66 0.0 102711.4729
3959.8 3959.8 0.0 102709.9015
3973.94 3973.94 0.0 102708.3311
3988.08 3988.08 0.0 102706.7546
4002.22 4002.22 0.0 102705.1774
4016.37 4016.37 0.0 102703.6023
4030.51 4030.51 0.0 102702.0962
4044.65 4044.65 0.0 102700.6434
4058.79 4058.79 0.0 102699.1937
4072.94 4072.94 0.0 102697.7440
4087.08 4087.08 0.0 102696.2599
4101.22 4101.22 0.0 102694.6653
4115.36 4115.36 0.0 102692.9818
4129.5 4129.5 0.0 102691.3010
4143.65 4143.65 0.0 102689.6210
4157.79 4157.79 0.0 102687.9443
4171.93 4171.93 0.0 102686.2683
4186.07 4186.07 0.0 102684.5699
4200.21 4200.21 0.0 102682.6731
4214.36 4214.36 0.0 102680.5314
4228.5 4228.5 0.0 102677.4364
4242.64 4242.64 0.0 102674.3491
