0.0 0.0 0.0 195452.3906
14.1421 14.1421 0.0 191350.8750
28.2843 28.2843 0.0 187373.5312
42.4264 42.4264 0.0 183424.6719
56.5685 56.5685 0.0 179450.4922
70.7107 70.7107 0.0 175460.6250
84.8528 84.8528 0.0 171518.0078
98.9949 98.9949 0.0 167888.5547
113.137 113.137 0.0 165081.7188
127.279 127.279 0.0 162381.2578
141.421 141.421 0.0 159716.7305
155.563 155.563 0.0 157165.2578
169.706 169.706 0.0 154722.1484
183.848 183.848 0.0 152377.3438
197.99 197.99 0.0 150130.5117
212.132 212.132 0.0 147980.1602
226.274 226.274 0.0 145922.5117
240.416 240.416 0.0 143953.6719
254.558 254.558 0.0 142059.2344
268.701 268.701 0.0 140236.2539
282.843 282.843 0.0 138493.2383
296.985 296.985 0.0 136715.4492
311.127 311.127 0.0 135022.7109
325.269 325.269 0.0 133411.5059
339.411 339.411 0.0 131875.7285
353.553 353.553 0.0 130391.0879
367.696 367.696 0.0 128944.3105
381.838 381.838 0.0 127687.0430
395.98 395.98 0.0 126423.3711
410.122 410.122 0.0 125202.6543
424.264 424.264 0.0 124019.5293
438.406 438.406 0.0 122875.3418
452.548 452.548 0.0 121793.2520
466.69 466.69 0.0 120887.8066
480.833 480.833 0.0 120096.7793
494.975 494.975 0.0 119327.6641
509.117 509.117 0.0 118561.9160
523.259 523.259 0.0 117873.6680
537.401 537.401 0.0 117272.9307
551.543 551.543 0.0 116693.8555
565.685 565.685 0.0 116133.5908
579.828 579.828 0.0 115589.2549
593.97 593.97 0.0 115086.1631
608.112 608.112 0.0 114601.2627
622.254 622.254 0.0 114129.9668
636.396 636.396 0.0 113672.5928
650.538 650.538 0.0 113221.8008
664.68 664.68 0.0 112787.3633
678.823 678.823 0.0 112361.7061
692.965 692.965 0.0 111947.0918
707.107 707.107 0.0 111547.9678
721.249 721.249 0.0 111163.7637
735.391 735.391 0.0 110793.9346
749.533 749.533 0.0 110437.9473
763.675 763.675 0.0 110095.2773
777.817 777.817 0.0 109763.5996
791.96 791.96 0.0 109437.7847
806.102 806.102 0.0 109117.5903
820.244 820.244 0.0 108809.4556
834.386 834.386 0.0 108514.9614
848.528 848.528 0.0 108236.3359
862.67 862.67 0.0 107998.3916
876.812 876.812 0.0 107771.8999
890.955 890.955 0.0 107553.9443
905.097 905.097 0.0 107344.6748
919.239 919.239 0.0 107149.9741
933.381 933.381 0.0 106966.8325
947.523 947.523 0.0 106803.8330
961.665 961.665 0.0 106645.4971
975.807 975.807 0.0 106491.7295
989.949 989.949 0.0 106347.5195
1004.09 1004.09 0.0 106232.1255
1018.23 1018.23 0.0 106122.2119
1032.38 1032.38 0.0 106014.6831
1046.52 1046.52 0.0 105909.6270
1060.66 1060.66 0.0 105796.5635
1074.8 1074.8 0.0 105700.4961
1088.94 1088.94 0.0 105606.4927
1103.09 1103.09 0.0 105514.4429
1117.23 1117.23 0.0 105424.4268
1131.37 1131.37 0.0 105336.3401
1145.51 1145.51 0.0 105250.7039
1159.66 1159.66 0.0 105197.9299
1173.8 1173.8 0.0 105147.0388
1187.94 1187.94 0.0 105097.1042
1202.08 1202.08 0.0 105047.8208
1216.22 1216.22 0.0 104996.9041
1230.37 1230.37 0.0 104944.2957
1244.51 1244.51 0.0 104896.6074
1258.65 1258.65 0.0 104853.4897
1272.79 1272.79 0.0 104819.3989
1286.93 1286.93 0.0 104791.9817
1301.08 1301.08 0.0 104765.4639
1315.22 1315.22 0.0 104739.1646
1329.36 1329.36 0.0 104713.0693
1343.5 1343.5 0.0 104687.2468
1357.65 1357.65 0.0 104661.6301
1371.79 1371.79 0.0 104636.7034
1385.93 1385.93 0.0 104616.2781
1400.07 1400.07 0.0 104595.9751
1414.21 1414.21 0.0 104575.8003
1428.36 1428.36 0.0 104555.2026
1442.5 1442.5 0.0 104532.7368
1456.64 1456.64 0.0 104510.4270
1470.78 1470.78 0.0 104488.2710
1484.92 1484.92 0.0 104466.2742
1499.07 1499.07 0.0 104444.4084
1513.21 1513.21 0.0 104422.7148
1527.35 1527.35 0.0 104401.1677
1541.49 1541.49 0.0 104381.2075
1555.63 1555.63 0.0 104362.8340
1569.78 1569.78 0.0 104344.5552
1583.92 1583.92 0.0 104326.4019
1598.06 1598.06 0.0 104308.3550
1612.2 1612.2 0.0 104290.4189
1626.35 1626.35 0.0 104272.5723
1640.49 1640.49 0.0 104254.8523
1654.63 1654.63 0.0 104240.2661
1668.77 1668.77 0.0 104229.0649
1682.91 1682.91 0.0 104217.9070
1697.06 1697.06 0.0 104206.7822
1711.2 1711.2 0.0 104195.7107
1725.34 1725.34 0.0 104184.6821
1739.48 1739.48 0.0 104169.8782
1753.62 1753.62 0.0 104155.0244
1767.77 1767.77 0.0 104140.2456
1781.91 1781.91 0.0 104125.5569
1796.05 1796.05 0.0 104116.1709
1810.19 1810.19 0.0 104107.6292
1824.34 1824.34 0.0 104099.1064
1838.48 1838.48 0.0 104090.3108
1852.62 1852.62 0.0 104078.8547
1866.76 1866.76 0.0 104067.5430
1880.9 1880.9 0.0 104056.2759
1895.05 1895.05 0.0 104045.0503
1909.19 1909.19 0.0 104033.8770
1923.33 1923.33 0.0 104022.7473
1937.47 1937.47 0.0 104011.6653
1951.61 1951.61 0.0 104000.6289
1965.76 1965.76 0.0 103990.2598
1979.9 1979.9 0.0 103980.0347
1994.04 1994.04 0.0 103969.8445
2008.18 2008.18 0.0 103966.6462
2022.33 2022.33 0.0 103967.2551
2036.47 2036.47 0.0 103967.8315
2050.61 2050.61 0.0 103967.4666
2064.75 2064.75 0.0 103966.4573
2078.89 2078.89 0.0 103963.7026
2093.04 2093.04 0.0 103958.2397
2107.18 2107.18 0.0 103951.2183
2121.32 2121.32 0.0 103943.2263
2135.46 2135.46 0.0 103940.6006
2149.6 2149.6 0.0 103940.2070
2163.75 2163.75 0.0 103939.8110
2177.89 2177.89 0.0 103937.8093
2192.03 2192.03 0.0 103935.4836
2206.17 2206.17 0.0 103930.7107
2220.32 2220.32 0.0 103928.9739
2234.46 2234.46 0.0 103927.2744
2248.6 2248.6 0.0 103925.5786
2262.74 2262.74 0.0 103923.8799
2276.88 2276.88 0.0 103920.7234
2291.03 2291.03 0.0 103916.7290
2305.17 2305.17 0.0 103912.4026
2319.31 2319.31 0.0 103908.0840
2333.45 2333.45 0.0 103903.7732
2347.59 2347.59 0.0 103901.0007
2361.74 2361.74 0.0 103898.4233
2375.88 2375.88 0.0 103893.9810
2390.02 2390.02 0.0 103889.5486
2404.16 2404.16 0.0 103885.1218
2418.31 2418.31 0.0 103880.7024
2432.45 2432.45 0.0 103876.2976
2446.59 2446.59 0.0 103871.8425
2460.73 2460.73 0.0 103867.0610
2474.87 2474.87 0.0 103862.2883
2489.02 2489.02 0.0 103857.5173
2503.16 2503.16 0.0 103852.7642
2517.3 2517.3 0.0 103848.0156
2531.44 2531.44 0.0 103843.2803
2545.58 2545.58 0.0 103840.4968
2559.73 2559.73 0.0 103838.2124
2573.87 2573.87 0.0 103835.8101
2588.01 2588.01 0.0 103833.4124
2602.15 2602.15 0.0 103831.0173
2616.3 2616.3 0.0 103827.1750
2630.44 2630.44 0.0 103818.6238
2644.58 2644.58 0.0 103810.0173
2658.72 2658.72 0.0 103800.9658
2672.86 2672.86 0.0 103791.9287
2687.01 2687.01 0.0 103782.8799
2701.15 2701.15 0.0 103773.8735
2715.29 2715.29 0.0 103764.9004
2729.43 2729.43 0.0 103755.9612
2743.57 2743.57 0.0 103747.0544
2757.72 2757.72 0.0 103738.1655
2771.86 2771.86 0.0 103729.3127
2786.0 2786.0 0.0 103720.4934
2800.14 2800.14 0.0 103711.7053
2814.28 2814.28 0.0 103702.8701
2828.43 2828.43 0.0 103693.8340
2842.57 2842.57 0.0 103684.8379
2856.71 2856.71 0.0 103675.8792
2870.85 2870.85 0.0 103666.9521
2885.0 2885.0 0.0 103658.0525
2899.14 2899.14 0.0 103649.1943
2913.28 2913.28 0.0 103638.3181
2927.42 2927.42 0.0 103629.7146
2941.56 2941.56 0.0 103627.0061
2955.71 2955.71 0.0 103624.2590
2969.85 2969.85 0.0 103621.5144
2983.99 2983.99 0.0 103618.7737
2998.13 2998.13 0.0 103616.0344
3012.27 3012.27 0.0 103613.1345
3026.42 3026.42 0.0 103609.2656
3040.56 3040.56 0.0 103605.4067
3054.7 3054.7 0.0 103601.3977
3068.84 3068.84 0.0 103597.3464
3082.99 3082.99 0.0 103593.2957
3097.13 3097.13 0.0 103589.2590
3111.27 3111.27 0.0 103585.2439
3125.41 3125.41 0.0 103581.2815
3139.55 3139.55 0.0 103577.3259
3153.7 3153.7 0.0 103573.3750
3167.84 3167.84 0.0 103569.4365
3181.98 3181.98 0.0 103565.5027
3196.12 3196.12 0.0 103561.5750
3210.26 3210.26 0.0 103557.6558
3224.41 3224.41 0.0 103553.7383
3238.55 3238.55 0.0 103549.4399
3252.69 3252.69 0.0 103544.7852
3266.83 3266.83 0.0 103540.1262
3280.98 3280.98 0.0 103535.8574
3295.12 3295.12 0.0 103531.7634
3309.26 3309.26 0.0 103527.6775
3323.4 3323.4 0.0 103523.5991
3337.54 3337.54 0.0 103519.5300
3351.69 3351.69 0.0 103515.4626
3365.83 3365.83 0.0 103510.5007
3379.97 3379.97 0.0 103504.5867
3394.11 3394.11 0.0 103498.6853
3408.25 3408.25 0.0 103491.4033
3422.4 3422.4 0.0 103483.7839
3436.54 3436.54 0.0 103476.1958
3450.68 3450.68 0.0 103468.6362
3464.82 3464.82 0.0 103460.2429
3478.97 3478.97 0.0 103450.8606
3493.11 3493.11 0.0 103441.5286
3507.25 3507.25 0.0 103432.2346
3521.39 3521.39 0.0 103422.9834
3535.53 3535.53 0.0 103413.7727
3549.68 3549.68 0.0 103404.5955
3563.82 3563.82 0.0 103395.4644
3577.96 3577.96 0.0 103386.3745
3592.1 3592.1 0.0 103377.3232
3606.24 3606.24 0.0 103368.3126
3620.39 3620.39 0.0 103359.3340
3634.53 3634.53 0.0 103350.4036
3648.67 3648.67 0.0 103341.5101
3662.81 3662.81 0.0 103332.6555
3676.96 3676.96 0.0 103323.8354
3691.1 3691.1 0.0 103315.0577
3705.24 3705.24 0.0 103306.3213
3719.38 3719.38 0.0 103297.6204
3733.52 3733.52 0.0 103288.9594
3747.67 3747.67 0.0 103280.3280
3761.81 3761.81 0.0 103271.7440
3775.95 3775.95 0.0 103263.1976
3790.09 3790.09 0.0 103254.6869
3804.23 3804.23 0.0 103247.3798
3818.38 3818.38 0.0 103241.9185
3832.52 3832.52 0.0 103236.4735
3846.66 3846.66 0.0 103231.0458
3860.8 3860.8 0.0 103225.6238
3874.95 3874.95 0.0 103220.1936
3889.09 3889.09 0.0 103214.1379
3903.23 3903.23 0.0 103207.2111
3917.37 3917.37 0.0 103201.0181
3931.51 3931.51 0.0 103195.1832
3945.66 3945.66 0.0 103189.3619
3959.8 3959.8 0.0 103183.5553
3973.94 3973.94 0.0 103177.7419
3988.08 3988.08 0.0 103171.9503
4002.22 4002.22 0.0 103166.1750
4016.37 4016.37 0.0 103160.4135
4030.51 4030.51 0.0 103154.6750
4044.65 4044.65 0.0 103148.9537
4058.79 4058.79 0.0 103143.2433
4072.94 4072.94 0.0 103137.4825
4087.08 4087.08 0.0 103131.7074
4101.22 4101.22 0.0 103125.9496
4115.36 4115.36 0.0 103119.4877
4129.5 4129.5 0.0 103113.0439
4143.65 4143.65 0.0 103106.6207
4157.79 4157.79 0.0 103100.2247
4171.93 4171.93 0.0 103093.8506
4186.07 4186.07 0.0 103087.4989
4200.21 4200.21 0.0 103081.1707
4214.36 4214.36 0.0 103074.9119
4228.5 4228.5 0.0 103070.2543
4242.64 4242.64 0.0 103065.6060
