0.0 0.0 0.0 2265655.2500
14.1421 14.1421 0.0 2182213.0000
28.2843 28.2843 0.0 2098040.2500
42.4264 42.4264 0.0 2006107.1250
56.5685 56.5685 0.0 1912614.5000
70.7107 70.7107 0.0 1806898.5000
84.8528 84.8528 0.0 1672678.7500
98.9949 98.9949 0.0 1474350.3750
113.137 113.137 0.0 1234096.1250
127.279 127.279 0.0 1011123.8750
141.421 141.421 0.0 817277.5000
155.563 155.563 0.0 653800.4375
169.706 169.706 0.0 520854.4062
183.848 183.848 0.0 436215.1562
197.99 197.99 0.0 375548.0312
212.132 212.132 0.0 335247.8281
226.274 226.274 0.0 300293.9844
240.416 240.416 0.0 276681.1719
254.558 254.558 0.0 260882.5938
268.701 268.701 0.0 246430.9062
282.843 282.843 0.0 233022.2656
296.985 296.985 0.0 220836.7578
311.127 311.127 0.0 209951.4766
325.269 325.269 0.0 200009.4062
339.411 339.411 0.0 191062.0781
353.553 353.553 0.0 185307.7109
367.696 367.696 0.0 180107.4844
381.838 381.838 0.0 175349.3828
395.98 395.98 0.0 170868.7422
410.122 410.122 0.0 166650.3555
424.264 424.264 0.0 162717.0625
438.406 438.406 0.0 159153.7031
452.548 452.548 0.0 155791.5547
466.69 466.69 0.0 152619.9141
480.833 480.833 0.0 150371.0469
494.975 494.975 0.0 148347.5781
509.117 509.117 0.0 146405.7188
523.259 523.259 0.0 144545.3125
537.401 537.401 0.0 142761.7695
551.543 551.543 0.0 140944.8594
565.685 565.685 0.0 139115.7227
579.828 579.828 0.0 137360.9141
593.97 593.97 0.0 135685.5664
608.112 608.112 0.0 134080.2148
622.254 622.254 0.0 132698.0391
636.396 636.396 0.0 131438.3594
650.538 650.538 0.0 130228.5449
664.68 664.68 0.0 129066.6348
678.823 678.823 0.0 127950.7617
692.965 692.965 0.0 126879.2578
707.107 707.107 0.0 126030.6934
721.249 721.249 0.0 125256.0703
735.391 735.391 0.0 124505.3945
749.533 749.533 0.0 123777.9941
763.675 763.675 0.0 123073.1934
777.817 777.817 0.0 122390.2617
791.96 791.96 0.0 121729.0566
806.102 806.102 0.0 121120.2637
820.244 820.244 0.0 120688.8086
834.386 834.386 0.0 120266.6719
848.528 848.528 0.0 119853.6504
862.67 862.67 0.0 119449.4395
876.812 876.812 0.0 119053.8496
890.955 890.955 0.0 118666.8047
905.097 905.097 0.0 118290.0957
919.239 919.239 0.0 117971.6621
933.381 933.381 0.0 117667.4219
947.523 947.523 0.0 117359.5137
961.665 961.665 0.0 117056.3662
975.807 975.807 0.0 116763.1562
989.949 989.949 0.0 116472.3438
1004.09 1004.09 0.0 116177.1396
1018.23 1018.23 0.0 115887.6660
1032.38 1032.38 0.0 115603.5928
1046.52 1046.52 0.0 115325.2207
1060.66 1060.66 0.0 115052.2246
1074.8 1074.8 0.0 114784.4795
1088.94 1088.94 0.0 114521.8828
1103.09 1103.09 0.0 114268.5098
1117.23 1117.23 0.0 114027.8291
1131.37 1131.37 0.0 113770.6289
1145.51 1145.51 0.0 113533.7559
1159.66 1159.66 0.0 113308.0186
1173.8 1173.8 0.0 113086.5762
1187.94 1187.94 0.0 112869.2129
1202.08 1202.08 0.0 112655.9941
1216.22 1216.22 0.0 112447.2402
1230.37 1230.37 0.0 112240.6699
1244.51 1244.51 0.0 112041.5547
1258.65 1258.65 0.0 111858.9619
1272.79 1272.79 0.0 111673.8984
1286.93 1286.93 0.0 111513.1035
1301.08 1301.08 0.0 111370.1621
1315.22 1315.22 0.0 111260.0498
1329.36 1329.36 0.0 111151.1387
1343.5 1343.5 0.0 111043.4199
1357.65 1357.65 0.0 110928.8604
1371.79 1371.79 0.0 110819.4941
1385.93 1385.93 0.0 110709.1914
1400.07 1400.07 0.0 110598.4746
1414.21 1414.21 0.0 110489.0684
1428.36 1428.36 0.0 110380.8691
1442.5 1442.5 0.0 110274.0078
1456.64 1456.64 0.0 110168.4111
1470.78 1470.78 0.0 110064.0518
1484.92 1484.92 0.0 109960.9180
1499.07 1499.07 0.0 109858.9229
1513.21 1513.21 0.0 109758.2080
1527.35 1527.35 0.0 109658.6611
1541.49 1541.49 0.0 109541.0410
1555.63 1555.63 0.0 109421.5728
1569.78 1569.78 0.0 109328.4946
1583.92 1583.92 0.0 109247.6064
1598.06 1598.06 0.0 109167.5352
1612.2 1612.2 0.0 109088.2676
1626.35 1626.35 0.0 109017.4263
1640.49 1640.49 0.0 108951.8765
1654.63 1654.63 0.0 108886.8828
1668.77 1668.77 0.0 108822.4341
1682.91 1682.91 0.0 108758.5391
1697.06 1697.06 0.0 108698.7178
1711.2 1711.2 0.0 108643.8667
1725.34 1725.34 0.0 108589.4224
1739.48 1739.48 0.0 108538.3696
1753.62 1753.62 0.0 108497.6523
1767.77 1767.77 0.0 108457.1436
1781.91 1781.91 0.0 108416.8906
1796.05 1796.05 0.0 108373.2056
1810.19 1810.19 0.0 108322.0708
1824.34 1824.34 0.0 108264.9976
1838.48 1838.48 0.0 108209.2153
1852.62 1852.62 0.0 108153.8481
1866.76 1866.76 0.0 108098.8667
1880.9 1880.9 0.0 108044.3296
1895.05 1895.05 0.0 107990.1914
1909.19 1909.19 0.0 107937.6611
1923.33 1923.33 0.0 107885.6958
1937.47 1937.47 0.0 107834.1348
1951.61 1951.61 0.0 107782.9775
1965.76 1965.76 0.0 107734.7183
1979.9 1979.9 0.0 107694.5889
1994.04 1994.04 0.0 107654.7075
2008.18 2008.18 0.0 107615.0625
2022.33 2022.33 0.0 107572.8491
2036.47 2036.47 0.0 107530.8623
2050.61 2050.61 0.0 107489.1504
2064.75 2064.75 0.0 107447.2559
2078.89 2078.89 0.0 107405.4307
2093.04 2093.04 0.0 107363.8677
2107.18 2107.18 0.0 107322.6226
2121.32 2121.32 0.0 107281.6519
2135.46 2135.46 0.0 107240.9575
2149.6 2149.6 0.0 107200.5410
2163.75 2163.75 0.0 107160.3716
2177.89 2177.89 0.0 107120.4985
2192.03 2192.03 0.0 107080.9048
2206.17 2206.17 0.0 107044.1094
2220.32 2220.32 0.0 107011.0483
2234.46 2234.46 0.0 106978.1997
2248.6 2248.6 0.0 106945.5371
2262.74 2262.74 0.0 106913.0688
2276.88 2276.88 0.0 106881.4585
2291.03 2291.03 0.0 106850.3335
2305.17 2305.17 0.0 106819.3979
2319.31 2319.31 0.0 106788.6382
2333.45 2333.45 0.0 106758.0498
2347.59 2347.59 0.0 106727.6304
2361.74 2361.74 0.0 106697.3599
2375.88 2375.88 0.0 106667.2808
2390.02 2390.02 0.0 106637.3706
2404.16 2404.16 0.0 106607.6270
2418.31 2418.31 0.0 106574.3062
2432.45 2432.45 0.0 106539.6714
2446.59 2446.59 0.0 106505.2725
2460.73 2460.73 0.0 106471.0947
2474.87 2474.87 0.0 106438.2944
2489.02 2489.02 0.0 106409.5371
2503.16 2503.16 0.0 106380.9648
2517.3 2517.3 0.0 106352.5479
2531.44 2531.44 0.0 106324.2954
2545.58 2545.58 0.0 106296.1963
2559.73 2559.73 0.0 106268.2363
2573.87 2573.87 0.0 106240.4561
2588.01 2588.01 0.0 106212.8271
2602.15 2602.15 0.0 106185.3530
2616.3 2616.3 0.0 106158.0171
2630.44 2630.44 0.0 106130.8501
2644.58 2644.58 0.0 106103.8340
2658.72 2658.72 0.0 106076.9727
2672.86 2672.86 0.0 106050.2637
2687.01 2687.01 0.0 106021.2202
2701.15 2701.15 0.0 105990.8062
2715.29 2715.29 0.0 105958.5991
2729.43 2729.43 0.0 105925.6489
2743.57 2743.57 0.0 105892.9321
2757.72 2757.72 0.0 105861.0718
2771.86 2771.86 0.0 105829.6558
2786.0 2786.0 0.0 105798.4648
2800.14 2800.14 0.0 105766.0913
2814.28 2814.28 0.0 105731.0137
2828.43 2828.43 0.0 105696.1782
2842.57 2842.57 0.0 105661.6489
2856.71 2856.71 0.0 105627.3921
2870.85 2870.85 0.0 105593.4048
2885.0 2885.0 0.0 105559.6602
2899.14 2899.14 0.0 105526.2051
2913.28 2913.28 0.0 105493.0142
2927.42 2927.42 0.0 105460.0845
2941.56 2941.56 0.0 105427.4160
2955.71 2955.71 0.0 105394.9827
2969.85 2969.85 0.0 105362.8259
2983.99 2983.99 0.0 105330.9224
2998.13 2998.13 0.0 105299.2710
3012.27 3012.27 0.0 105267.8691
3026.42 3026.42 0.0 105233.5127
3040.56 3040.56 0.0 105198.9712
3054.7 3054.7 0.0 105170.3052
3068.84 3068.84 0.0 105142.1743
3082.99 3082.99 0.0 105114.2341
3097.13 3097.13 0.0 105086.5198
3111.27 3111.27 0.0 105059.0024
3125.41 3125.41 0.0 105031.6858
3139.55 3139.55 0.0 105004.6511
3153.7 3153.7 0.0 104978.4009
3167.84 3167.84 0.0 104952.3584
3181.98 3181.98 0.0 104926.1650
3196.12 3196.12 0.0 104900.0808
3210.26 3210.26 0.0 104874.5195
3224.41 3224.41 0.0 104849.5112
3238.55 3238.55 0.0 104824.6975
3252.69 3252.69 0.0 104800.0579
3266.83 3266.83 0.0 104775.5864
3280.98 3280.98 0.0 104751.2759
3295.12 3295.12 0.0 104727.1555
3309.26 3309.26 0.0 104704.9214
3323.4 3323.4 0.0 104687.0386
3337.54 3337.54 0.0 104667.9546
3351.69 3351.69 0.0 104649.5422
3365.83 3365.83 0.0 104632.3330
3379.97 3379.97 0.0 104615.4194
3394.11 3394.11 0.0 104598.6172
3408.25 3408.25 0.0 104581.9006
3422.4 3422.4 0.0 104565.2585
3436.54 3436.54 0.0 104548.7134
3450.68 3450.68 0.0 104532.2483
3464.82 3464.82 0.0 104515.8274
3478.97 3478.97 0.0 104499.4785
3493.11 3493.11 0.0 104488.4741
3507.25 3507.25 0.0 104480.1956
3521.39 3521.39 0.0 104471.9402
3535.53 3535.53 0.0 104463.9958
3549.68 3549.68 0.0 104456.3359
3563.82 3563.82 0.0 104448.6973
3577.96 3577.96 0.0 104441.6204
3592.1 3592.1 0.0 104435.2703
3606.24 3606.24 0.0 104428.9316
3620.39 3620.39 0.0 104422.6028
3634.53 3634.53 0.0 104416.2898
3648.67 3648.67 0.0 104409.8823
3662.81 3662.81 0.0 104403.4707
3676.96 3676.96 0.0 104397.0681
3691.1 3691.1 0.0 104390.6829
3705.24 3705.24 0.0 104384.7046
3719.38 3719.38 0.0 104381.0972
3733.52 3733.52 0.0 104377.4937
3747.67 3747.67 0.0 104373.8943
3761.81 3761.81 0.0 104370.2964
3775.95 3775.95 0.0 104361.1467
3790.09 3790.09 0.0 104351.3704
3804.23 3804.23 0.0 104341.6238
3818.38 3818.38 0.0 104331.9031
3832.52 3832.52 0.0 104322.2104
3846.66 3846.66 0.0 104312.5764
3860.8 3860.8 0.0 104303.3435
3874.95 3874.95 0.0 104294.1375
3889.09 3889.09 0.0 104284.9653
3903.23 3903.23 0.0 104275.9058
3917.37 3917.37 0.0 104268.2778
3931.51 3931.51 0.0 104260.6572
3945.66 3945.66 0.0 104253.0312
3959.8 3959.8 0.0 104245.4329
3973.94 3973.94 0.0 104237.8521
3988.08 3988.08 0.0 104230.2920
4002.22 4002.22 0.0 104222.7488
4016.37 4016.37 0.0 104215.2209
4030.51 4030.51 0.0 104208.6296
4044.65 4044.65 0.0 104204.0637
4058.79 4058.79 0.0 104199.5051
4072.94 4072.94 0.0 104194.9495
4087.08 4087.08 0.0 104190.1282
4101.22 4101.22 0.0 104184.1702
4115.36 4115.36 0.0 104178.2637
4129.5 4129.5 0.0 104172.4001
4143.65 4143.65 0.0 104167.1758
4157.79 4157.79 0.0 104161.9663
4171.93 4171.93 0.0 104157.5886
4186.07 4186.07 0.0 104153.9924
4200.21 4200.21 0.0 104150.3979
4214.36 4214.36 0.0 104146.8081
4228.5 4228.5 0.0 104143.2258
4242.64 4242.64 0.0 104139.6450
