0.0 0.0 0.0 1286383.3750
14.1421 14.1421 0.0 1248279.6250
28.2843 28.2843 0.0 1210740.1250
42.4264 42.4264 0.0 1173881.8750
56.5685 56.5685 0.0 1137143.9375
70.7107 70.7107 0.0 1098180.6875
84.8528 84.8528 0.0 1058699.6250
98.9949 98.9949 0.0 1019315.5625
113.137 113.137 0.0 980935.8750
127.279 127.279 0.0 940218.0625
141.421 141.421 0.0 897443.1875
155.563 155.563 0.0 856369.5625
169.706 169.706 0.0 814064.5625
183.848 183.848 0.0 767367.8125
197.99 197.99 0.0 734469.0000
212.132 212.132 0.0 714542.2500
226.274 226.274 0.0 694659.7500
240.416 240.416 0.0 674591.5625
254.558 254.558 0.0 651996.6875
268.701 268.701 0.0 626144.0625
282.843 282.843 0.0 601378.0938
296.985 296.985 0.0 577745.7812
311.127 311.127 0.0 553876.4375
325.269 325.269 0.0 530369.3750
339.411 339.411 0.0 506964.9375
353.553 353.553 0.0 483942.9375
367.696 367.696 0.0 461951.2188
381.838 381.838 0.0 437004.1250
395.98 395.98 0.0 411868.7500
410.122 410.122 0.0 393045.6562
424.264 424.264 0.0 379191.3125
438.406 438.406 0.0 365458.3125
452.548 452.548 0.0 352310.9219
466.69 466.69 0.0 339445.5469
480.833 480.833 0.0 327237.6562
494.975 494.975 0.0 315771.1094
509.117 509.117 0.0 304769.2812
523.259 523.259 0.0 294338.5000
537.401 537.401 0.0 287570.1875
551.543 551.543 0.0 281018.4219
565.685 565.685 0.0 274677.6250
579.828 579.828 0.0 268541.9844
593.97 593.97 0.0 262555.2656
608.112 608.112 0.0 256545.7344
622.254 622.254 0.0 250796.4844
636.396 636.396 0.0 245651.6875
650.538 650.538 0.0 240637.3438
664.68 664.68 0.0 235785.6562
678.823 678.823 0.0 231071.1250
692.965 692.965 0.0 226884.7031
707.107 707.107 0.0 223650.4531
721.249 721.249 0.0 220497.8203
735.391 735.391 0.0 217419.4141
749.533 749.533 0.0 214356.7891
763.675 763.675 0.0 211367.5000
777.817 777.817 0.0 208453.0312
791.96 791.96 0.0 205479.4141
806.102 806.102 0.0 202373.6719
820.244 820.244 0.0 199381.8359
834.386 834.386 0.0 196474.4453
848.528 848.528 0.0 193649.3438
862.67 862.67 0.0 190904.3906
876.812 876.812 0.0 188237.5391
890.955 890.955 0.0 185646.6172
905.097 905.097 0.0 183113.4297
919.239 919.239 0.0 180548.4453
933.381 933.381 0.0 178060.9297
947.523 947.523 0.0 175719.0156
961.665 961.665 0.0 174025.1875
975.807 975.807 0.0 172704.9844
989.949 989.949 0.0 171383.1016
1004.09 1004.09 0.0 170066.4453
1018.23 1018.23 0.0 168773.7578
1032.38 1032.38 0.0 167466.8047
1046.52 1046.52 0.0 165956.5352
1060.66 1060.66 0.0 164422.7891
1074.8 1074.8 0.0 162852.5312
1088.94 1088.94 0.0 161409.3594
1103.09 1103.09 0.0 160296.5195
1117.23 1117.23 0.0 159204.4805
1131.37 1131.37 0.0 158132.1133
1145.51 1145.51 0.0 157032.6875
1159.66 1159.66 0.0 155947.0977
1173.8 1173.8 0.0 154828.6406
1187.94 1187.94 0.0 153705.9570
1202.08 1202.08 0.0 152606.2695
1216.22 1216.22 0.0 151529.0820
1230.37 1230.37 0.0 150473.2500
1244.51 1244.51 0.0 149439.8008
1258.65 1258.65 0.0 148427.5664
1272.79 1272.79 0.0 147436.1445
1286.93 1286.93 0.0 146339.6289
1301.08 1301.08 0.0 145219.8984
1315.22 1315.22 0.0 144278.5469
1329.36 1329.36 0.0 143357.4961
1343.5 1343.5 0.0 142496.8711
1357.65 1357.65 0.0 141721.7422
1371.79 1371.79 0.0 140961.4688
1385.93 1385.93 0.0 140244.5703
1400.07 1400.07 0.0 139544.2500
1414.21 1414.21 0.0 138856.2617
1428.36 1428.36 0.0 138179.9727
1442.5 1442.5 0.0 137516.1133
1456.64 1456.64 0.0 136864.0117
1470.78 1470.78 0.0 136222.0586
1484.92 1484.92 0.0 135544.5430
1499.07 1499.07 0.0 134848.5156
1513.21 1513.21 0.0 134274.9297
1527.35 1527.35 0.0 133794.2461
1541.49 1541.49 0.0 133320.4707
1555.63 1555.63 0.0 132853.4844
1569.78 1569.78 0.0 132392.9121
1583.92 1583.92 0.0 131939.8613
1598.06 1598.06 0.0 131493.3926
1612.2 1612.2 0.0 131053.3164
1626.35 1626.35 0.0 130619.2754
1640.49 1640.49 0.0 130193.0605
1654.63 1654.63 0.0 129771.5039
1668.77 1668.77 0.0 129347.7559
1682.91 1682.91 0.0 128914.0684
1697.06 1697.06 0.0 128466.5859
1711.2 1711.2 0.0 128136.6875
1725.34 1725.34 0.0 127812.5781
1739.48 1739.48 0.0 127483.1680
1753.62 1753.62 0.0 127154.0352
1767.77 1767.77 0.0 126828.7500
1781.91 1781.91 0.0 126507.7500
1796.05 1796.05 0.0 126187.7305
1810.19 1810.19 0.0 125871.1289
1824.34 1824.34 0.0 125558.3047
1838.48 1838.48 0.0 125249.6230
1852.62 1852.62 0.0 124939.0039
1866.76 1866.76 0.0 124627.0352
1880.9 1880.9 0.0 124331.7930
1895.05 1895.05 0.0 124040.0566
1909.19 1909.19 0.0 123803.3242
1923.33 1923.33 0.0 123559.9316
1937.47 1937.47 0.0 123319.1602
1951.61 1951.61 0.0 123106.3418
1965.76 1965.76 0.0 122907.1035
1979.9 1979.9 0.0 122709.8145
1994.04 1994.04 0.0 122536.7773
2008.18 2008.18 0.0 122378.0000
2022.33 2022.33 0.0 122218.7969
2036.47 2036.47 0.0 122058.8906
2050.61 2050.61 0.0 121900.2012
2064.75 2064.75 0.0 121727.7695
2078.89 2078.89 0.0 121546.9824
2093.04 2093.04 0.0 121378.3613
2107.18 2107.18 0.0 121211.2637
2121.32 2121.32 0.0 121045.5273
2135.46 2135.46 0.0 120881.1367
2149.6 2149.6 0.0 120718.0234
2163.75 2163.75 0.0 120556.1172
2177.89 2177.89 0.0 120395.6758
2192.03 2192.03 0.0 120236.5215
2206.17 2206.17 0.0 120078.6973
2220.32 2220.32 0.0 119922.0547
2234.46 2234.46 0.0 119760.7852
2248.6 2248.6 0.0 119596.2402
2262.74 2262.74 0.0 119433.2344
2276.88 2276.88 0.0 119271.6953
2291.03 2291.03 0.0 119111.4590
2305.17 2305.17 0.0 118952.7207
2319.31 2319.31 0.0 118795.3672
2333.45 2333.45 0.0 118639.4199
2347.59 2347.59 0.0 118484.8359
2361.74 2361.74 0.0 118346.1250
2375.88 2375.88 0.0 118228.8789
2390.02 2390.02 0.0 118114.2305
2404.16 2404.16 0.0 117995.0254
2418.31 2418.31 0.0 117875.6855
2432.45 2432.45 0.0 117757.3027
2446.59 2446.59 0.0 117639.7412
2460.73 2460.73 0.0 117523.0146
2474.87 2474.87 0.0 117407.1113
2489.02 2489.02 0.0 117283.9336
2503.16 2503.16 0.0 117151.7822
2517.3 2517.3 0.0 117020.7266
2531.44 2531.44 0.0 116890.7393
2545.58 2545.58 0.0 116778.4668
2559.73 2559.73 0.0 116670.1943
2573.87 2573.87 0.0 116558.4697
2588.01 2588.01 0.0 116428.6865
2602.15 2602.15 0.0 116289.2451
2616.3 2616.3 0.0 116149.3975
2630.44 2630.44 0.0 116007.2617
2644.58 2644.58 0.0 115867.0068
2658.72 2658.72 0.0 115737.1416
2672.86 2672.86 0.0 115612.5049
2687.01 2687.01 0.0 115488.6445
2701.15 2701.15 0.0 115365.9365
2715.29 2715.29 0.0 115244.2842
2729.43 2729.43 0.0 115123.6650
2743.57 2743.57 0.0 115004.0986
2757.72 2757.72 0.0 114885.4639
2771.86 2771.86 0.0 114767.9395
2786.0 2786.0 0.0 114648.9346
2800.14 2800.14 0.0 114528.1992
2814.28 2814.28 0.0 114408.5557
2828.43 2828.43 0.0 114289.9170
2842.57 2842.57 0.0 114172.4082
2856.71 2856.71 0.0 114055.9736
2870.85 2870.85 0.0 113940.5840
2885.0 2885.0 0.0 113826.1494
2899.14 2899.14 0.0 113712.8232
2913.28 2913.28 0.0 113600.5410
2927.42 2927.42 0.0 113489.2705
2941.56 2941.56 0.0 113368.7129
2955.71 2955.71 0.0 113237.7939
2969.85 2969.85 0.0 113103.7500
2983.99 2983.99 0.0 112971.2002
2998.13 2998.13 0.0 112840.1279
3012.27 3012.27 0.0 112710.5264
3026.42 3026.42 0.0 112577.7598
3040.56 3040.56 0.0 112436.9443
3054.7 3054.7 0.0 112297.8721
3068.84 3068.84 0.0 112160.5439
3082.99 3082.99 0.0 112024.8164
3097.13 3097.13 0.0 111890.1162
3111.27 3111.27 0.0 111756.5195
3125.41 3125.41 0.0 111623.4609
3139.55 3139.55 0.0 111492.0947
3153.7 3153.7 0.0 111362.3008
3167.84 3167.84 0.0 111235.0830
3181.98 3181.98 0.0 111118.9170
3196.12 3196.12 0.0 111012.9717
3210.26 3210.26 0.0 110909.2197
3224.41 3224.41 0.0 110806.5078
3238.55 3238.55 0.0 110704.9658
3252.69 3252.69 0.0 110604.5039
3266.83 3266.83 0.0 110508.6709
3280.98 3280.98 0.0 110424.8291
3295.12 3295.12 0.0 110364.5830
3309.26 3309.26 0.0 110304.7324
3323.4 3323.4 0.0 110245.2852
3337.54 3337.54 0.0 110186.2217
3351.69 3351.69 0.0 110133.4365
3365.83 3365.83 0.0 110081.8984
3379.97 3379.97 0.0 110030.6543
3394.11 3394.11 0.0 109979.7207
3408.25 3408.25 0.0 109929.0771
3422.4 3422.4 0.0 109878.6904
3436.54 3436.54 0.0 109828.6357
3450.68 3450.68 0.0 109778.8721
3464.82 3464.82 0.0 109729.4014
3478.97 3478.97 0.0 109680.1758
3493.11 3493.11 0.0 109632.2949
3507.25 3507.25 0.0 109592.9639
3521.39 3521.39 0.0 109543.0703
3535.53 3535.53 0.0 109490.2852
3549.68 3549.68 0.0 109437.7954
3563.82 3563.82 0.0 109385.6919
3577.96 3577.96 0.0 109333.9141
3592.1 3592.1 0.0 109282.4658
3606.24 3606.24 0.0 109240.7681
3620.39 3620.39 0.0 109213.7979
3634.53 3634.53 0.0 109186.7456
3648.67 3648.67 0.0 109159.4121
3662.81 3662.81 0.0 109132.1650
3676.96 3676.96 0.0 109104.9966
3691.1 3691.1 0.0 109077.9453
3705.24 3705.24 0.0 109050.9839
3719.38 3719.38 0.0 109024.1162
3733.52 3733.52 0.0 108997.3374
3747.67 3747.67 0.0 108970.7427
3761.81 3761.81 0.0 108944.2500
3775.95 3775.95 0.0 108917.8389
3790.09 3790.09 0.0 108891.5112
3804.23 3804.23 0.0 108863.8599
3818.38 3818.38 0.0 108834.3604
3832.52 3832.52 0.0 108808.9932
3846.66 3846.66 0.0 108784.7217
3860.8 3860.8 0.0 108760.5244
3874.95 3874.95 0.0 108736.3809
3889.09 3889.09 0.0 108712.3223
3903.23 3903.23 0.0 108688.3486
3917.37 3917.37 0.0 108664.4453
3931.51 3931.51 0.0 108640.6270
3945.66 3945.66 0.0 108616.8569
3959.8 3959.8 0.0 108593.1924
3973.94 3973.94 0.0 108569.6006
3988.08 3988.08 0.0 108546.0850
4002.22 4002.22 0.0 108522.6387
4016.37 4016.37 0.0 108499.1387
4030.51 4030.51 0.0 108473.5068
4044.65 4044.65 0.0 108447.9731
4058.79 4058.79 0.0 108422.5200
4072.94 4072.94 0.0 108397.1416
4087.08 4087.08 0.0 108371.8730
4101.22 4101.22 0.0 108346.5674
4115.36 4115.36 0.0 108318.4272
4129.5 4129.5 0.0 108290.4033
4143.65 4143.65 0.0 108262.3433
4157.79 4157.79 0.0 108234.3423
4171.93 4171.93 0.0 108206.4551
4186.07 4186.07 0.0 108178.6733
4200.21 4200.21 0.0 108151.0059
4214.36 4214.36 0.0 108123.4375
4228.5 4228.5 0.0 108095.9956
4242.64 4242.64 0.0 108067.5044
