0.0 0.0 0.0 196065.9453
14.1421 14.1421 0.0 193340.8516
28.2843 28.2843 0.0 190926.3672
42.4264 42.4264 0.0 189329.7656
56.5685 56.5685 0.0 187728.6406
70.7107 70.7107 0.0 185934.0781
84.8528 84.8528 0.0 184094.2188
98.9949 98.9949 0.0 182278.2109
113.137 113.137 0.0 180413.1250
127.279 127.279 0.0 178526.4922
141.421 141.421 0.0 176656.4766
155.563 155.563 0.0 174731.8906
169.706 169.706 0.0 172692.4297
183.848 183.848 0.0 170617.3594
197.99 197.99 0.0 168565.4609
212.132 212.132 0.0 166572.4102
226.274 226.274 0.0 164619.4492
240.416 240.416 0.0 162700.0000
254.558 254.558 0.0 160832.6953
268.701 268.701 0.0 159018.7695
282.843 282.843 0.0 157258.7188
296.985 296.985 0.0 155550.8438
311.127 311.127 0.0 153893.8164
325.269 325.269 0.0 152268.0859
339.411 339.411 0.0 150676.7344
353.553 353.553 0.0 149134.4297
367.696 367.696 0.0 147642.2617
381.838 381.838 0.0 146195.7578
395.98 395.98 0.0 144793.4531
410.122 410.122 0.0 143434.1953
424.264 424.264 0.0 142116.8398
438.406 438.406 0.0 140922.1953
452.548 452.548 0.0 139836.1523
466.69 466.69 0.0 138779.3711
480.833 480.833 0.0 137750.9648
494.975 494.975 0.0 136750.3633
509.117 509.117 0.0 135776.8320
523.259 523.259 0.0 134832.6836
537.401 537.401 0.0 133918.1641
551.543 551.543 0.0 133026.7949
565.685 565.685 0.0 132123.3281
579.828 579.828 0.0 131163.5039
593.97 593.97 0.0 130411.6680
608.112 608.112 0.0 129694.9141
622.254 622.254 0.0 128995.5762
636.396 636.396 0.0 128313.2500
650.538 650.538 0.0 127631.9414
664.68 664.68 0.0 126951.3105
678.823 678.823 0.0 126285.6191
692.965 692.965 0.0 125637.0039
707.107 707.107 0.0 124914.7812
721.249 721.249 0.0 124079.0469
735.391 735.391 0.0 123546.9395
749.533 749.533 0.0 123027.1562
763.675 763.675 0.0 122519.2852
777.817 777.817 0.0 122004.6660
791.96 791.96 0.0 121498.1387
806.102 806.102 0.0 121000.4629
820.244 820.244 0.0 120512.3535
834.386 834.386 0.0 120011.9043
848.528 848.528 0.0 119610.0781
862.67 862.67 0.0 119219.2129
876.812 876.812 0.0 118840.0996
890.955 890.955 0.0 118468.9180
905.097 905.097 0.0 118105.5605
919.239 919.239 0.0 117750.0137
933.381 933.381 0.0 117402.8281
947.523 947.523 0.0 117056.0684
961.665 961.665 0.0 116705.8379
975.807 975.807 0.0 116363.3320
989.949 989.949 0.0 116035.5742
1004.09 1004.09 0.0 115716.5303
1018.23 1018.23 0.0 115404.3838
1032.38 1032.38 0.0 115098.7588
1046.52 1046.52 0.0 114799.9277
1060.66 1060.66 0.0 114507.5254
1074.8 1074.8 0.0 114221.4512
1088.94 1088.94 0.0 113952.7070
1103.09 1103.09 0.0 113691.9648
1117.23 1117.23 0.0 113436.7529
1131.37 1131.37 0.0 113186.7432
1145.51 1145.51 0.0 112941.2646
1159.66 1159.66 0.0 112694.9590
1173.8 1173.8 0.0 112454.2207
1187.94 1187.94 0.0 112218.9971
1202.08 1202.08 0.0 111988.6719
1216.22 1216.22 0.0 111762.1523
1230.37 1230.37 0.0 111540.2461
1244.51 1244.51 0.0 111323.1943
1258.65 1258.65 0.0 111110.7324
1272.79 1272.79 0.0 110902.7539
1286.93 1286.93 0.0 110699.1934
1301.08 1301.08 0.0 110496.3086
1315.22 1315.22 0.0 110292.3789
1329.36 1329.36 0.0 110092.9502
1343.5 1343.5 0.0 109913.8604
1357.65 1357.65 0.0 109758.8574
1371.79 1371.79 0.0 109606.7559
1385.93 1385.93 0.0 109454.3218
1400.07 1400.07 0.0 109298.4688
1414.21 1414.21 0.0 109134.1230
1428.36 1428.36 0.0 108982.3403
1442.5 1442.5 0.0 108828.2559
1456.64 1456.64 0.0 108674.0410
1470.78 1470.78 0.0 108521.2671
1484.92 1484.92 0.0 108372.1538
1499.07 1499.07 0.0 108226.0146
1513.21 1513.21 0.0 108094.1006
1527.35 1527.35 0.0 107957.9912
1541.49 1541.49 0.0 107797.0938
1555.63 1555.63 0.0 107640.0688
1569.78 1569.78 0.0 107494.8262
1583.92 1583.92 0.0 107353.4380
1598.06 1598.06 0.0 107215.2754
1612.2 1612.2 0.0 107080.2754
1626.35 1626.35 0.0 107004.7983
1640.49 1640.49 0.0 106942.9937
1654.63 1654.63 0.0 106881.8628
1668.77 1668.77 0.0 106821.1909
1682.91 1682.91 0.0 106760.3398
1697.06 1697.06 0.0 106700.2065
1711.2 1711.2 0.0 106640.7393
1725.34 1725.34 0.0 106584.7368
1739.48 1739.48 0.0 106532.9624
1753.62 1753.62 0.0 106477.2368
1767.77 1767.77 0.0 106421.6382
1781.91 1781.91 0.0 106365.9404
1796.05 1796.05 0.0 106313.5352
1810.19 1810.19 0.0 106265.6221
1824.34 1824.34 0.0 106223.0146
1838.48 1838.48 0.0 106180.8052
1852.62 1852.62 0.0 106138.9614
1866.76 1866.76 0.0 106097.4775
1880.9 1880.9 0.0 106058.5781
1895.05 1895.05 0.0 106020.1924
1909.19 1909.19 0.0 105982.1655
1923.33 1923.33 0.0 105944.4375
1937.47 1937.47 0.0 105907.2134
1951.61 1951.61 0.0 105869.5762
1965.76 1965.76 0.0 105831.3662
1979.9 1979.9 0.0 105793.3560
1994.04 1994.04 0.0 105755.6758
2008.18 2008.18 0.0 105718.3091
2022.33 2022.33 0.0 105681.2290
2036.47 2036.47 0.0 105644.4868
2050.61 2050.61 0.0 105612.2842
2064.75 2064.75 0.0 105580.0459
2078.89 2078.89 0.0 105546.2598
2093.04 2093.04 0.0 105512.7173
2107.18 2107.18 0.0 105479.4619
2121.32 2121.32 0.0 105446.4746
2135.46 2135.46 0.0 105412.7192
2149.6 2149.6 0.0 105376.5420
2163.75 2163.75 0.0 105340.6492
2177.89 2177.89 0.0 105305.1025
2192.03 2192.03 0.0 105269.8696
2206.17 2206.17 0.0 105234.2488
2220.32 2220.32 0.0 105215.0037
2234.46 2234.46 0.0 105194.9172
2248.6 2248.6 0.0 105174.9436
2262.74 2262.74 0.0 105155.0691
2276.88 2276.88 0.0 105134.8091
2291.03 2291.03 0.0 105108.9573
2305.17 2305.17 0.0 105083.2969
2319.31 2319.31 0.0 105057.8101
2333.45 2333.45 0.0 105032.4973
2347.59 2347.59 0.0 105007.3545
2361.74 2361.74 0.0 104982.3674
2375.88 2375.88 0.0 104957.5657
2390.02 2390.02 0.0 104931.9944
2404.16 2404.16 0.0 104904.5979
2418.31 2418.31 0.0 104882.8145
2432.45 2432.45 0.0 104864.1018
2446.59 2446.59 0.0 104844.8003
2460.73 2460.73 0.0 104824.6326
2474.87 2474.87 0.0 104804.0037
2489.02 2489.02 0.0 104783.4832
2503.16 2503.16 0.0 104763.0950
2517.3 2517.3 0.0 104741.9124
2531.44 2531.44 0.0 104720.0405
2545.58 2545.58 0.0 104698.2764
2559.73 2559.73 0.0 104676.5591
2573.87 2573.87 0.0 104655.0005
2588.01 2588.01 0.0 104633.5786
2602.15 2602.15 0.0 104610.0010
2616.3 2616.3 0.0 104584.5342
2630.44 2630.44 0.0 104559.2974
2644.58 2644.58 0.0 104534.2583
2658.72 2658.72 0.0 104510.0359
2672.86 2672.86 0.0 104489.3704
2687.01 2687.01 0.0 104468.8223
2701.15 2701.15 0.0 104448.4119
2715.29 2715.29 0.0 104426.8767
2729.43 2729.43 0.0 104403.2996
2743.57 2743.57 0.0 104379.9041
2757.72 2757.72 0.0 104356.6675
2771.86 2771.86 0.0 104333.6216
2786.0 2786.0 0.0 104310.7549
2800.14 2800.14 0.0 104288.0588
2814.28 2814.28 0.0 104264.2896
2828.43 2828.43 0.0 104239.3557
2842.57 2842.57 0.0 104214.6799
2856.71 2856.71 0.0 104190.2141
2870.85 2870.85 0.0 104165.9568
2885.0 2885.0 0.0 104141.8828
2899.14 2899.14 0.0 104118.0352
2913.28 2913.28 0.0 104094.3879
2927.42 2927.42 0.0 104070.9365
2941.56 2941.56 0.0 104047.6860
2955.71 2955.71 0.0 104024.6208
2969.85 2969.85 0.0 104001.7708
2983.99 2983.99 0.0 103979.1143
2998.13 2998.13 0.0 103956.6477
3012.27 3012.27 0.0 103935.3022
3026.42 3026.42 0.0 103916.9658
3040.56 3040.56 0.0 103901.1726
3054.7 3054.7 0.0 103885.4778
3068.84 3068.84 0.0 103871.2798
3082.99 3082.99 0.0 103858.7651
3097.13 3097.13 0.0 103846.9275
3111.27 3111.27 0.0 103835.3125
3125.41 3125.41 0.0 103824.5166
3139.55 3139.55 0.0 103811.6318
3153.7 3153.7 0.0 103798.8064
3167.84 3167.84 0.0 103789.7500
3181.98 3181.98 0.0 103785.1028
3196.12 3196.12 0.0 103780.4592
3210.26 3210.26 0.0 103775.8257
3224.41 3224.41 0.0 103771.1948
3238.55 3238.55 0.0 103766.5779
3252.69 3252.69 0.0 103761.9680
3266.83 3266.83 0.0 103757.3660
3280.98 3280.98 0.0 103752.7712
3295.12 3295.12 0.0 103748.1887
3309.26 3309.26 0.0 103743.8188
3323.4 3323.4 0.0 103739.5200
3337.54 3337.54 0.0 103734.1338
3351.69 3351.69 0.0 103726.4622
3365.83 3365.83 0.0 103718.8259
3379.97 3379.97 0.0 103711.2097
3394.11 3394.11 0.0 103703.6199
3408.25 3408.25 0.0 103696.0520
3422.4 3422.4 0.0 103688.5034
3436.54 3436.54 0.0 103680.9861
3450.68 3450.68 0.0 103673.4919
3464.82 3464.82 0.0 103666.0200
3478.97 3478.97 0.0 103658.5681
3493.11 3493.11 0.0 103651.1433
3507.25 3507.25 0.0 103643.7444
3521.39 3521.39 0.0 103636.3677
3535.53 3535.53 0.0 103629.8564
3549.68 3549.68 0.0 103623.5344
3563.82 3563.82 0.0 103617.2329
3577.96 3577.96 0.0 103610.9507
3592.1 3592.1 0.0 103603.5425
3606.24 3606.24 0.0 103595.9985
3620.39 3620.39 0.0 103588.7864
3634.53 3634.53 0.0 103581.6016
3648.67 3648.67 0.0 103574.4387
3662.81 3662.81 0.0 103567.2974
3676.96 3676.96 0.0 103560.1741
3691.1 3691.1 0.0 103553.0801
3705.24 3705.24 0.0 103546.1831
3719.38 3719.38 0.0 103539.5144
3733.52 3733.52 0.0 103532.3145
3747.67 3747.67 0.0 103524.6758
3761.81 3761.81 0.0 103517.0562
3775.95 3775.95 0.0 103509.4590
3790.09 3790.09 0.0 103501.8931
3804.23 3804.23 0.0 103494.3513
3818.38 3818.38 0.0 103486.8303
3832.52 3832.52 0.0 103479.3401
3846.66 3846.66 0.0 103471.8774
3860.8 3860.8 0.0 103464.4385
3874.95 3874.95 0.0 103457.0212
3889.09 3889.09 0.0 103449.6335
3903.23 3903.23 0.0 103441.3252
3917.37 3917.37 0.0 103431.3997
3931.51 3931.51 0.0 103422.2468
3945.66 3945.66 0.0 103416.1956
3959.8 3959.8 0.0 103410.6609
3973.94 3973.94 0.0 103405.1411
3988.08 3988.08 0.0 103399.6365
4002.22 4002.22 0.0 103394.1433
4016.37 4016.37 0.0 103388.6653
4030.51 4030.51 0.0 103383.2043
4044.65 4044.65 0.0 103377.7583
4058.79 4058.79 0.0 103372.3220
4072.94 4072.94 0.0 103366.8861
4087.08 4087.08 0.0 103361.4667
4101.22 4101.22 0.0 103356.0651
4115.36 4115.36 0.0 103350.6725
4129.5 4129.5 0.0 103343.5013
4143.65 4143.65 0.0 103335.8237
4157.79 4157.79 0.0 103328.1831
4171.93 4171.93 0.0 103320.5579
4186.07 4186.07 0.0 103312.2325
4200.21 4200.21 0.0 103303.9395
4214.36 4214.36 0.0 103295.6742
4228.5 4228.5 0.0 103287.4521
4242.64 4242.64 0.0 103279.9446
