0.0 0.0 0.0 303944.0
70.7107 70.7107 0.0 357062.0
141.421 141.421 0.0 376108.0
212.132 212.132 0.0 224269.0
282.843 282.843 0.0 141566.0
353.553 353.553 0.0 96442.1
424.264 424.264 0.0 74307.2
494.975 494.975 0.0 63937.7
565.685 565.685 0.0 59061.4
636.396 636.396 0.0 57436.1
707.107 707.107 0.0 54084.4
777.817 777.817 0.0 50991.3
848.528 848.528 0.0 48025.9
919.239 919.239 0.0 45216.2
989.949 989.949 0.0 42597.0
1060.66 1060.66 0.0 40184.5
1131.37 1131.37 0.0 37975.4
1202.08 1202.08 0.0 35952.0
1272.79 1272.79 0.0 35010.8
1343.5 1343.5 0.0 33238.4
1414.21 1414.21 0.0 31616.2
1484.92 1484.92 0.0 30128.6
1555.63 1555.63 0.0 28849.7
1626.35 1626.35 0.0 27761.1
1697.06 1697.06 0.0 26592.0
1767.77 1767.77 0.0 25499.6
1838.48 1838.48 0.0 24473.9
1909.19 1909.19 0.0 23506.5
1979.9 1979.9 0.0 22581.8
2050.61 2050.61 0.0 21824.4
2121.32 2121.32 0.0 21255.5
2192.03 2192.03 0.0 21255.5
2262.74 2262.74 0.0 21056.0
2333.45 2333.45 0.0 21056.0
2404.16 2404.16 0.0 20947.0
2474.87 2474.87 0.0 20947.0
2545.58 2545.58 0.0 20947.0
2616.3 2616.3 0.0 20745.0
2687.01 2687.01 0.0 20745.0
2757.72 2757.72 0.0 20495.8
2828.43 2828.43 0.0 20495.8
2899.14 2899.14 0.0 20238.2
2969.85 2969.85 0.0 20238.2
3040.56 3040.56 0.0 19941.2
3111.27 3111.27 0.0 19941.2
3181.98 3181.98 0.0 19667.5
3252.69 3252.69 0.0 19667.5
3323.4 3323.4 0.0 19334.6
3394.11 3394.11 0.0 19334.6
3464.82 3464.82 0.0 18999.4
3535.53 3535.53 0.0 18999.4
3606.24 3606.24 0.0 18654.2
3676.96 3676.96 0.0 18654.2
3747.67 3747.67 0.0 18654.2
3818.38 3818.38 0.0 18281.6
3889.09 3889.09 0.0 18281.6
3959.8 3959.8 0.0 17924.6
4030.51 4030.51 0.0 17924.6
4101.22 4101.22 0.0 17545.8
4171.93 4171.93 0.0 17545.8
4242.64 4242.64 0.0 17164.9
4313.35 4313.35 0.0 17164.9
4384.06 4384.06 0.0 16788.1
4454.77 4454.77 0.0 16788.1
4525.48 4525.48 0.0 16390.7
4596.19 4596.19 0.0 16390.7
4666.9 4666.9 0.0 16045.4
4737.62 4737.62 0.0 16045.4
4808.33 4808.33 0.0 15632.3
4879.04 4879.04 0.0 15632.3
4949.75 4949.75 0.0 15632.3
5020.46 5020.46 0.0 15304.1
5091.17 5091.17 0.0 15304.1
5161.88 5161.88 0.0 14969.7
5232.59 5232.59 0.0 14969.7
5303.3 5303.3 0.0 14654.4
5374.01 5374.01 0.0 14654.4
5444.72 5444.72 0.0 14364.0
5515.43 5515.43 0.0 14364.0
5586.14 5586.14 0.0 14090.5
5656.85 5656.85 0.0 14090.5
5727.56 5727.56 0.0 13834.2
5798.28 5798.28 0.0 13834.2
5868.99 5868.99 0.0 13592.2
5939.7 5939.7 0.0 13592.2
6010.41 6010.41 0.0 13363.2
6081.12 6081.12 0.0 13363.2
6151.83 6151.83 0.0 13141.5
6222.54 6222.54 0.0 13141.5
6293.25 6293.25 0.0 13141.5
6363.96 6363.96 0.0 12913.6
6434.67 6434.67 0.0 12913.6
6505.38 6505.38 0.0 12795.6
6576.09 6576.09 0.0 12795.6
6646.8 6646.8 0.0 13166.9
6717.51 6717.51 0.0 13166.9
6788.23 6788.23 0.0 13884.5
6858.94 6858.94 0.0 13884.5
6929.65 6929.65 0.0 14660.7
7000.36 7000.36 0.0 14660.7
7071.07 7071.07 0.0 15411.2
7141.78 7141.78 0.0 15411.2
7212.49 7212.49 0.0 16020.7
7283.2 7283.2 0.0 16020.7
7353.91 7353.91 0.0 15945.3
7424.62 7424.62 0.0 15945.3
7495.33 7495.33 0.0 15945.3
7566.04 7566.04 0.0 0
7636.75 7636.75 0.0 0
7707.46 7707.46 0.0 0
7778.17 7778.17 0.0 0
