0.0 0.0 0.0 45665.1
70.7107 70.7107 0.0 45665.1
141.421 141.421 0.0 45182.8
212.132 212.132 0.0 44523.3
282.843 282.843 0.0 43548.6
353.553 353.553 0.0 42235.1
424.264 424.264 0.0 40671.5
494.975 494.975 0.0 39011.6
565.685 565.685 0.0 37245.5
636.396 636.396 0.0 35465.1
707.107 707.107 0.0 33780.1
777.817 777.817 0.0 32204.2
848.528 848.528 0.0 30703.8
919.239 919.239 0.0 29284.7
989.949 989.949 0.0 27965.9
1060.66 1060.66 0.0 26711.7
1131.37 1131.37 0.0 25567.1
1202.08 1202.08 0.0 24466.8
1272.79 1272.79 0.0 24466.8
1343.5 1343.5 0.0 23486.7
1414.21 1414.21 0.0 22495.7
1484.92 1484.92 0.0 21646.2
1555.63 1555.63 0.0 20757.5
1626.35 1626.35 0.0 20004.5
1697.06 1697.06 0.0 19184.6
1767.77 1767.77 0.0 18594.5
1838.48 1838.48 0.0 16996.3
1909.19 1909.19 0.0 17680.3
1979.9 1979.9 0.0 15871.4
2050.61 2050.61 0.0 16160.2
2121.32 2121.32 0.0 14625.5
2192.03 2192.03 0.0 14650.9
2262.74 2262.74 0.0 13437.5
2333.45 2333.45 0.0 13458.6
2404.16 2404.16 0.0 12346.6
2474.87 2474.87 0.0 12346.6
2545.58 2545.58 0.0 12346.6
2616.3 2616.3 0.0 11289.6
2687.01 2687.01 0.0 11289.6
2757.72 2757.72 0.0 10680.6
2828.43 2828.43 0.0 10680.6
2899.14 2899.14 0.0 10242.5
2969.85 2969.85 0.0 10242.5
3040.56 3040.56 0.0 9772.59
3111.27 3111.27 0.0 9772.59
3181.98 3181.98 0.0 9292.78
3252.69 3252.69 0.0 9292.78
3323.4 3323.4 0.0 8874.15
3394.11 3394.11 0.0 8874.15
3464.82 3464.82 0.0 8509.61
3535.53 3535.53 0.0 8509.61
3606.24 3606.24 0.0 8191.92
3676.96 3676.96 0.0 8191.92
3747.67 3747.67 0.0 8191.92
3818.38 3818.38 0.0 7911.89
3889.09 3889.09 0.0 7911.89
3959.8 3959.8 0.0 7662.35
4030.51 4030.51 0.0 7662.35
4101.22 4101.22 0.0 7436.2
4171.93 4171.93 0.0 7436.2
4242.64 4242.64 0.0 7227.68
4313.35 4313.35 0.0 7227.68
4384.06 4384.06 0.0 7032.34
4454.77 4454.77 0.0 7032.34
4525.48 4525.48 0.0 6847.76
4596.19 4596.19 0.0 6847.76
4666.9 4666.9 0.0 6672.63
4737.62 4737.62 0.0 6672.63
4808.33 4808.33 0.0 6504.0
4879.04 4879.04 0.0 6504.0
4949.75 4949.75 0.0 6504.0
5020.46 5020.46 0.0 6340.5
5091.17 5091.17 0.0 6340.5
5161.88 5161.88 0.0 6181.64
5232.59 5232.59 0.0 6181.64
5303.3 5303.3 0.0 6027.17
5374.01 5374.01 0.0 6027.17
5444.72 5444.72 0.0 5876.09
5515.43 5515.43 0.0 5876.09
5586.14 5586.14 0.0 5728.8
5656.85 5656.85 0.0 5728.8
5727.56 5727.56 0.0 5584.99
5798.28 5798.28 0.0 5584.99
5868.99 5868.99 0.0 5444.41
5939.7 5939.7 0.0 5444.41
6010.41 6010.41 0.0 5307.01
6081.12 6081.12 0.0 5307.01
6151.83 6151.83 0.0 5170.29
6222.54 6222.54 0.0 5170.29
6293.25 6293.25 0.0 5170.29
6363.96 6363.96 0.0 5035.48
6434.67 6434.67 0.0 5035.48
6505.38 6505.38 0.0 4949.28
6576.09 6576.09 0.0 4949.28
6646.8 6646.8 0.0 5003.95
6717.51 6717.51 0.0 5003.95
6788.23 6788.23 0.0 5190.96
6858.94 6858.94 0.0 5190.96
6929.65 6929.65 0.0 5472.88
7000.36 7000.36 0.0 5472.88
7071.07 7071.07 0.0 5781.18
7141.78 7141.78 0.0 5781.18
7212.49 7212.49 0.0 6009.09
7283.2 7283.2 0.0 6009.09
7353.91 7353.91 0.0 5909.15
7424.62 7424.62 0.0 5909.15
7495.33 7495.33 0.0 5909.15
7566.04 7566.04 0.0 0
7636.75 7636.75 0.0 0
7707.46 7707.46 0.0 0
7778.17 7778.17 0.0 0
