0.0 0.0 0.0 180774.0
70.7107 70.7107 0.0 180774.0
141.421 141.421 0.0 203685.0
212.132 212.132 0.0 176215.0
282.843 282.843 0.0 154271.0
353.553 353.553 0.0 98314.5
424.264 424.264 0.0 82151.6
494.975 494.975 0.0 65853.5
565.685 565.685 0.0 58542.1
636.396 636.396 0.0 53085.8
707.107 707.107 0.0 48919.7
777.817 777.817 0.0 45227.2
848.528 848.528 0.0 42035.5
919.239 919.239 0.0 39187.0
989.949 989.949 0.0 36691.1
1060.66 1060.66 0.0 34438.5
1131.37 1131.37 0.0 32454.9
1202.08 1202.08 0.0 30610.5
1272.79 1272.79 0.0 30610.5
1343.5 1343.5 0.0 29001.6
1414.21 1414.21 0.0 27488.2
1484.92 1484.92 0.0 26158.7
1555.63 1555.63 0.0 24888.5
1626.35 1626.35 0.0 23785.2
1697.06 1697.06 0.0 22709.0
1767.77 1767.77 0.0 21769.6
1838.48 1838.48 0.0 20840.6
1909.19 1909.19 0.0 20050.7
1979.9 1979.9 0.0 19213.9
2050.61 2050.61 0.0 18523.5
2121.32 2121.32 0.0 17766.2
2192.03 2192.03 0.0 17177.6
2262.74 2262.74 0.0 16084.0
2333.45 2333.45 0.0 17036.8
2404.16 2404.16 0.0 15521.5
2474.87 2474.87 0.0 15521.5
2545.58 2545.58 0.0 16141.5
2616.3 2616.3 0.0 15304.2
2687.01 2687.01 0.0 15304.2
2757.72 2757.72 0.0 14921.1
2828.43 2828.43 0.0 14921.1
2899.14 2899.14 0.0 14434.6
2969.85 2969.85 0.0 14434.6
3040.56 3040.56 0.0 13994.9
3111.27 3111.27 0.0 13994.9
3181.98 3181.98 0.0 13796.4
3252.69 3252.69 0.0 13796.4
3323.4 3323.4 0.0 13757.9
3394.11 3394.11 0.0 13757.9
3464.82 3464.82 0.0 13533.0
3535.53 3535.53 0.0 13533.0
3606.24 3606.24 0.0 13304.8
3676.96 3676.96 0.0 13304.8
3747.67 3747.67 0.0 13304.8
3818.38 3818.38 0.0 13063.8
3889.09 3889.09 0.0 13063.8
3959.8 3959.8 0.0 12817.4
4030.51 4030.51 0.0 12817.4
4101.22 4101.22 0.0 12567.1
4171.93 4171.93 0.0 12567.1
4242.64 4242.64 0.0 12315.0
4313.35 4313.35 0.0 12315.0
4384.06 4384.06 0.0 12062.3
4454.77 4454.77 0.0 12062.3
4525.48 4525.48 0.0 11810.9
4596.19 4596.19 0.0 11810.9
4666.9 4666.9 0.0 11563.6
4737.62 4737.62 0.0 11563.6
4808.33 4808.33 0.0 11320.0
4879.04 4879.04 0.0 11320.0
4949.75 4949.75 0.0 11320.0
5020.46 5020.46 0.0 11082.5
5091.17 5091.17 0.0 11082.5
5161.88 5161.88 0.0 10851.7
5232.59 5232.59 0.0 10851.7
5303.3 5303.3 0.0 10627.4
5374.01 5374.01 0.0 10627.4
5444.72 5444.72 0.0 10410.3
5515.43 5515.43 0.0 10410.3
5586.14 5586.14 0.0 10201.1
5656.85 5656.85 0.0 10201.1
5727.56 5727.56 0.0 9999.46
5798.28 5798.28 0.0 9999.46
5868.99 5868.99 0.0 9805.11
5939.7 5939.7 0.0 9805.11
6010.41 6010.41 0.0 9618.73
6081.12 6081.12 0.0 9618.73
6151.83 6151.83 0.0 9434.07
6222.54 6222.54 0.0 9434.07
6293.25 6293.25 0.0 9434.07
6363.96 6363.96 0.0 9254.84
6434.67 6434.67 0.0 9254.84
6505.38 6505.38 0.0 9186.75
6576.09 6576.09 0.0 9186.75
6646.8 6646.8 0.0 9402.64
6717.51 6717.51 0.0 9402.64
6788.23 6788.23 0.0 9823.01
6858.94 6858.94 0.0 9823.01
6929.65 6929.65 0.0 10375.4
7000.36 7000.36 0.0 10375.4
7071.07 7071.07 0.0 10942.3
7141.78 7141.78 0.0 10942.3
7212.49 7212.49 0.0 11375.2
7283.2 7283.2 0.0 11375.2
7353.91 7353.91 0.0 11306.1
7424.62 7424.62 0.0 11306.1
7495.33 7495.33 0.0 11306.1
7566.04 7566.04 0.0 0
7636.75 7636.75 0.0 0
7707.46 7707.46 0.0 0
7778.17 7778.17 0.0 0
