0.0 0.0 0.0 47017.0
70.7107 70.7107 0.0 46822.1
141.421 141.421 0.0 46107.3
212.132 212.132 0.0 45883.0
282.843 282.843 0.0 44657.4
353.553 353.553 0.0 43020.6
424.264 424.264 0.0 41334.2
494.975 494.975 0.0 38886.8
565.685 565.685 0.0 37271.2
636.396 636.396 0.0 36082.6
707.107 707.107 0.0 35149.8
777.817 777.817 0.0 33474.4
848.528 848.528 0.0 31896.7
919.239 919.239 0.0 30412.4
989.949 989.949 0.0 29034.2
1060.66 1060.66 0.0 27742.7
1131.37 1131.37 0.0 26547.9
1202.08 1202.08 0.0 25416.1
1272.79 1272.79 0.0 24940.2
1343.5 1343.5 0.0 23974.4
1414.21 1414.21 0.0 23047.9
1484.92 1484.92 0.0 22175.0
1555.63 1555.63 0.0 21331.2
1626.35 1626.35 0.0 20563.5
1697.06 1697.06 0.0 19813.3
1767.77 1767.77 0.0 19126.3
1838.48 1838.48 0.0 18450.4
1909.19 1909.19 0.0 17831.7
1979.9 1979.9 0.0 17212.0
2050.61 2050.61 0.0 16654.0
2121.32 2121.32 0.0 16117.8
2192.03 2192.03 0.0 15630.5
2262.74 2262.74 0.0 15100.9
2333.45 2333.45 0.0 14636.8
2404.16 2404.16 0.0 14091.4
2474.87 2474.87 0.0 14091.4
2545.58 2545.58 0.0 13738.3
2616.3 2616.3 0.0 13175.6
2687.01 2687.01 0.0 12880.8
2757.72 2757.72 0.0 12314.9
2828.43 2828.43 0.0 12088.5
2899.14 2899.14 0.0 11540.2
2969.85 2969.85 0.0 11351.6
3040.56 3040.56 0.0 10832.8
3111.27 3111.27 0.0 10746.2
3181.98 3181.98 0.0 10197.8
3252.69 3252.69 0.0 10197.8
3323.4 3323.4 0.0 9634.79
3394.11 3394.11 0.0 9634.79
3464.82 3464.82 0.0 9144.68
3535.53 3535.53 0.0 9144.68
3606.24 3606.24 0.0 8696.02
3676.96 3676.96 0.0 8696.02
3747.67 3747.67 0.0 8696.02
3818.38 3818.38 0.0 8352.2
3889.09 3889.09 0.0 8352.2
3959.8 3959.8 0.0 8060.68
4030.51 4030.51 0.0 8060.68
4101.22 4101.22 0.0 7801.18
4171.93 4171.93 0.0 7801.18
4242.64 4242.64 0.0 7574.01
4313.35 4313.35 0.0 7574.01
4384.06 4384.06 0.0 7369.69
4454.77 4454.77 0.0 7369.69
4525.48 4525.48 0.0 7180.77
4596.19 4596.19 0.0 7180.77
4666.9 4666.9 0.0 7003.15
4737.62 4737.62 0.0 7003.15
4808.33 4808.33 0.0 6833.31
4879.04 4879.04 0.0 6833.31
4949.75 4949.75 0.0 6833.31
5020.46 5020.46 0.0 6669.33
5091.17 5091.17 0.0 6669.33
5161.88 5161.88 0.0 6510.07
5232.59 5232.59 0.0 6510.07
5303.3 5303.3 0.0 6354.31
5374.01 5374.01 0.0 6354.31
5444.72 5444.72 0.0 6201.02
5515.43 5515.43 0.0 6201.02
5586.14 5586.14 0.0 6050.21
5656.85 5656.85 0.0 6050.21
5727.56 5727.56 0.0 5902.17
5798.28 5798.28 0.0 5902.17
5868.99 5868.99 0.0 5756.59
5939.7 5939.7 0.0 5756.59
6010.41 6010.41 0.0 5613.73
6081.12 6081.12 0.0 5613.73
6151.83 6151.83 0.0 5471.99
6222.54 6222.54 0.0 5471.99
6293.25 6293.25 0.0 5471.99
6363.96 6363.96 0.0 5328.37
6434.67 6434.67 0.0 5328.37
6505.38 6505.38 0.0 5214.55
6576.09 6576.09 0.0 5214.55
6646.8 6646.8 0.0 5238.26
6717.51 6717.51 0.0 5238.26
6788.23 6788.23 0.0 5428.02
6858.94 6858.94 0.0 5428.02
6929.65 6929.65 0.0 5734.89
7000.36 7000.36 0.0 5734.89
7071.07 7071.07 0.0 6082.34
7141.78 7141.78 0.0 6082.34
7212.49 7212.49 0.0 6348.32
7283.2 7283.2 0.0 6348.32
7353.91 7353.91 0.0 6237.69
7424.62 7424.62 0.0 6237.69
7495.33 7495.33 0.0 6237.69
7566.04 7566.04 0.0 0
7636.75 7636.75 0.0 0
7707.46 7707.46 0.0 0
7778.17 7778.17 0.0 0
