0.0 0.0 0.0 26819.0
70.7107 70.7107 0.0 25537.0
141.421 141.421 0.0 21777.1
212.132 212.132 0.0 17599.5
282.843 282.843 0.0 14415.2
353.553 353.553 0.0 12090.1
424.264 424.264 0.0 10867.0
494.975 494.975 0.0 9396.78
565.685 565.685 0.0 8256.34
636.396 636.396 0.0 7429.81
707.107 707.107 0.0 6649.05
777.817 777.817 0.0 6379.15
848.528 848.528 0.0 6143.64
919.239 919.239 0.0 5511.89
989.949 989.949 0.0 5284.38
1060.66 1060.66 0.0 4793.9
1131.37 1131.37 0.0 4659.69
1202.08 1202.08 0.0 4469.07
1272.79 1272.79 0.0 4330.4
1343.5 1343.5 0.0 4201.11
1414.21 1414.21 0.0 3967.51
1484.92 1484.92 0.0 3862.56
1555.63 1555.63 0.0 3675.66
1626.35 1626.35 0.0 3592.5
1697.06 1697.06 0.0 3515.35
1767.77 1767.77 0.0 3376.57
1838.48 1838.48 0.0 3313.66
1909.19 1909.19 0.0 3197.97
1979.9 1979.9 0.0 3144.3
2050.61 2050.61 0.0 3043.36
2121.32 2121.32 0.0 2995.64
2192.03 2192.03 0.0 2949.59
2262.74 2262.74 0.0 2861.6
2333.45 2333.45 0.0 2819.37
2404.16 2404.16 0.0 2737.95
2474.87 2474.87 0.0 2698.61
2545.58 2545.58 0.0 2660.0
2616.3 2616.3 0.0 2585.09
2687.01 2687.01 0.0 2548.68
2757.72 2757.72 0.0 2477.6
2828.43 2828.43 0.0 2442.9
2899.14 2899.14 0.0 2408.91
2969.85 2969.85 0.0 2342.53
3040.56 3040.56 0.0 2310.13
3111.27 3111.27 0.0 2246.98
3181.98 3181.98 0.0 2216.29
3252.69 3252.69 0.0 2156.38
3323.4 3323.4 0.0 2127.2
3394.11 3394.11 0.0 2098.56
3464.82 3464.82 0.0 2042.77
3535.53 3535.53 0.0 2015.53
3606.24 3606.24 0.0 1962.52
3676.96 3676.96 0.0 1936.71
3747.67 3747.67 0.0 1911.31
3818.38 3818.38 0.0 1861.72
3889.09 3889.09 0.0 1837.53
3959.8 3959.8 0.0 1790.3
4030.51 4030.51 0.0 1767.19
4101.22 4101.22 0.0 1722.05
4171.93 4171.93 0.0 1700.01
4242.64 4242.64 0.0 1678.26
4313.35 4313.35 0.0 1635.73
4384.06 4384.06 0.0 1614.88
4454.77 4454.77 0.0 1573.92
4525.48 4525.48 0.0 1553.8
4596.19 4596.19 0.0 1533.94
4666.9 4666.9 0.0 1494.95
4737.62 4737.62 0.0 1475.77
4808.33 4808.33 0.0 1438.17
4879.04 4879.04 0.0 1419.49
4949.75 4949.75 0.0 1399.99
5020.46 5020.46 0.0 1369.92
5091.17 5091.17 0.0 1384.81
5161.88 5161.88 0.0 1496.34
5232.59 5232.59 0.0 1574.97
5303.3 5303.3 0.0 1754.32
5374.01 5374.01 0.0 1827.93
5444.72 5444.72 0.0 1873.38
5515.43 5515.43 0.0 0
5586.14 5586.14 0.0 0
5656.85 5656.85 0.0 0
5727.56 5727.56 0.0 0
5798.28 5798.28 0.0 0
5868.99 5868.99 0.0 0
5939.7 5939.7 0.0 0
6010.41 6010.41 0.0 0
6081.12 6081.12 0.0 0
6151.83 6151.83 0.0 0
6222.54 6222.54 0.0 0
6293.25 6293.25 0.0 0
6363.96 6363.96 0.0 0
6434.67 6434.67 0.0 0
6505.38 6505.38 0.0 0
6576.09 6576.09 0.0 0
6646.8 6646.8 0.0 0
6717.51 6717.51 0.0 0
6788.23 6788.23 0.0 0
6858.94 6858.94 0.0 0
6929.65 6929.65 0.0 0
7000.36 7000.36 0.0 0
7071.07 7071.07 0.0 0
7141.78 7141.78 0.0 0
7212.49 7212.49 0.0 0
7283.2 7283.2 0.0 0
7353.91 7353.91 0.0 0
7424.62 7424.62 0.0 0
7495.33 7495.33 0.0 0
7566.04 7566.04 0.0 0
7636.75 7636.75 0.0 0
7707.46 7707.46 0.0 0
7778.17 7778.17 0.0 0
