0.0 0.0 0.0 109678.0
70.7107 70.7107 0.0 109149.0
141.421 141.421 0.0 107383.0
212.132 212.132 0.0 105375.0
282.843 282.843 0.0 103751.0
353.553 353.553 0.0 99652.7
424.264 424.264 0.0 94819.9
494.975 494.975 0.0 89760.6
565.685 565.685 0.0 84085.0
636.396 636.396 0.0 82345.6
707.107 707.107 0.0 77657.1
777.817 777.817 0.0 73396.7
848.528 848.528 0.0 69431.7
919.239 919.239 0.0 65732.8
989.949 989.949 0.0 62367.2
1060.66 1060.66 0.0 59276.1
1131.37 1131.37 0.0 56469.9
1202.08 1202.08 0.0 53869.1
1272.79 1272.79 0.0 52667.1
1343.5 1343.5 0.0 50385.0
1414.21 1414.21 0.0 48262.8
1484.92 1484.92 0.0 46487.8
1555.63 1555.63 0.0 44771.1
1626.35 1626.35 0.0 43121.2
1697.06 1697.06 0.0 41532.0
1767.77 1767.77 0.0 40057.6
1838.48 1838.48 0.0 38658.0
1909.19 1909.19 0.0 37356.1
1979.9 1979.9 0.0 36115.9
2050.61 2050.61 0.0 34961.5
2121.32 2121.32 0.0 33851.6
2192.03 2192.03 0.0 32824.9
2262.74 2262.74 0.0 31835.3
2333.45 2333.45 0.0 30911.9
2404.16 2404.16 0.0 30029.8
2474.87 2474.87 0.0 30029.8
2545.58 2545.58 0.0 29198.0
2616.3 2616.3 0.0 28383.2
2687.01 2687.01 0.0 27621.4
2757.72 2757.72 0.0 26871.2
2828.43 2828.43 0.0 26169.7
2899.14 2899.14 0.0 25465.0
2969.85 2969.85 0.0 24965.6
3040.56 3040.56 0.0 24148.4
3111.27 3111.27 0.0 23701.3
3181.98 3181.98 0.0 22947.2
3252.69 3252.69 0.0 22702.1
3323.4 3323.4 0.0 21834.3
3394.11 3394.11 0.0 21834.3
3464.82 3464.82 0.0 21141.9
3535.53 3535.53 0.0 21141.9
3606.24 3606.24 0.0 20556.1
3676.96 3676.96 0.0 20556.1
3747.67 3747.67 0.0 20556.1
3818.38 3818.38 0.0 20052.6
3889.09 3889.09 0.0 20052.6
3959.8 3959.8 0.0 19603.2
4030.51 4030.51 0.0 19603.2
4101.22 4101.22 0.0 19207.1
4171.93 4171.93 0.0 19207.1
4242.64 4242.64 0.0 18891.6
4313.35 4313.35 0.0 18891.6
4384.06 4384.06 0.0 18484.2
4454.77 4454.77 0.0 18484.2
4525.48 4525.48 0.0 18095.5
4596.19 4596.19 0.0 18095.5
4666.9 4666.9 0.0 17742.1
4737.62 4737.62 0.0 17742.1
4808.33 4808.33 0.0 17400.3
4879.04 4879.04 0.0 17400.3
4949.75 4949.75 0.0 17400.3
5020.46 5020.46 0.0 17027.2
5091.17 5091.17 0.0 17027.2
5161.88 5161.88 0.0 16697.6
5232.59 5232.59 0.0 16697.6
5303.3 5303.3 0.0 16357.6
5374.01 5374.01 0.0 16357.6
5444.72 5444.72 0.0 15997.7
5515.43 5515.43 0.0 15997.7
5586.14 5586.14 0.0 15647.3
5656.85 5656.85 0.0 15647.3
5727.56 5727.56 0.0 15344.9
5798.28 5798.28 0.0 15344.9
5868.99 5868.99 0.0 15053.9
5939.7 5939.7 0.0 15053.9
6010.41 6010.41 0.0 14763.3
6081.12 6081.12 0.0 14763.3
6151.83 6151.83 0.0 14477.4
6222.54 6222.54 0.0 14477.4
6293.25 6293.25 0.0 14477.4
6363.96 6363.96 0.0 14182.3
6434.67 6434.67 0.0 14182.3
6505.38 6505.38 0.0 14063.7
6576.09 6576.09 0.0 14063.7
6646.8 6646.8 0.0 14612.2
6717.51 6717.51 0.0 14612.2
6788.23 6788.23 0.0 15400.2
6858.94 6858.94 0.0 15400.2
6929.65 6929.65 0.0 16114.4
7000.36 7000.36 0.0 16114.4
7071.07 7071.07 0.0 16753.7
7141.78 7141.78 0.0 16753.7
7212.49 7212.49 0.0 17263.9
7283.2 7283.2 0.0 17263.9
7353.91 7353.91 0.0 17095.3
7424.62 7424.62 0.0 17095.3
7495.33 7495.33 0.0 17095.3
7566.04 7566.04 0.0 0
7636.75 7636.75 0.0 0
7707.46 7707.46 0.0 0
7778.17 7778.17 0.0 0
