0.0 0.0 0.0 197046.8594
14.1421 14.1421 0.0 195089.4062
28.2843 28.2843 0.0 193170.0859
42.4264 42.4264 0.0 191288.2656
56.5685 56.5685 0.0 189382.1250
70.7107 70.7107 0.0 187491.3516
84.8528 84.8528 0.0 185626.9453
98.9949 98.9949 0.0 183783.4688
113.137 113.137 0.0 181959.6484
127.279 127.279 0.0 180171.6094
141.421 141.421 0.0 178421.4609
155.563 155.563 0.0 176679.0703
169.706 169.706 0.0 174890.6953
183.848 183.848 0.0 173082.3984
197.99 197.99 0.0 171317.1172
212.132 212.132 0.0 169593.6562
226.274 226.274 0.0 167911.3047
240.416 240.416 0.0 166249.5000
254.558 254.558 0.0 164552.9219
268.701 268.701 0.0 162861.6133
282.843 282.843 0.0 161214.5469
296.985 296.985 0.0 159610.0508
311.127 311.127 0.0 158047.3672
325.269 325.269 0.0 156515.6094
339.411 339.411 0.0 154952.1914
353.553 353.553 0.0 153735.0000
367.696 367.696 0.0 152535.6055
381.838 381.838 0.0 151332.5742
395.98 395.98 0.0 150136.8398
410.122 410.122 0.0 148967.9688
424.264 424.264 0.0 147787.7812
438.406 438.406 0.0 146596.7383
452.548 452.548 0.0 145407.5078
466.69 466.69 0.0 144238.8867
480.833 480.833 0.0 143100.5703
494.975 494.975 0.0 141991.9805
509.117 509.117 0.0 140912.0859
523.259 523.259 0.0 139805.8750
537.401 537.401 0.0 138797.1836
551.543 551.543 0.0 138072.9023
565.685 565.685 0.0 137358.5195
579.828 579.828 0.0 136629.0391
593.97 593.97 0.0 135912.0078
608.112 608.112 0.0 135210.9883
622.254 622.254 0.0 134526.8398
636.396 636.396 0.0 133846.7773
650.538 650.538 0.0 133174.5000
664.68 664.68 0.0 132512.4570
678.823 678.823 0.0 131835.7461
692.965 692.965 0.0 131151.8164
707.107 707.107 0.0 130477.7676
721.249 721.249 0.0 129818.7539
735.391 735.391 0.0 129174.4609
749.533 749.533 0.0 128534.7480
763.675 763.675 0.0 127912.8770
777.817 777.817 0.0 127309.2793
791.96 791.96 0.0 126717.3828
806.102 806.102 0.0 126137.2578
820.244 820.244 0.0 125570.1816
834.386 834.386 0.0 125015.9238
848.528 848.528 0.0 124471.8438
862.67 862.67 0.0 123921.8828
876.812 876.812 0.0 123369.7734
890.955 890.955 0.0 122829.8359
905.097 905.097 0.0 122303.0605
919.239 919.239 0.0 121787.1641
933.381 933.381 0.0 121268.8418
947.523 947.523 0.0 120756.5703
961.665 961.665 0.0 120248.2832
975.807 975.807 0.0 119751.5938
989.949 989.949 0.0 119251.6484
1004.09 1004.09 0.0 118759.2832
1018.23 1018.23 0.0 118280.3262
1032.38 1032.38 0.0 117805.7344
1046.52 1046.52 0.0 117338.2754
1060.66 1060.66 0.0 117020.1924
1074.8 1074.8 0.0 116711.2754
1088.94 1088.94 0.0 116407.9014
1103.09 1103.09 0.0 116107.8252
1117.23 1117.23 0.0 115808.0752
1131.37 1131.37 0.0 115514.3584
1145.51 1145.51 0.0 115213.0381
1159.66 1159.66 0.0 114911.6406
1173.8 1173.8 0.0 114616.9238
1187.94 1187.94 0.0 114328.3555
1202.08 1202.08 0.0 114045.6807
1216.22 1216.22 0.0 113769.1953
1230.37 1230.37 0.0 113513.7002
1244.51 1244.51 0.0 113266.5479
1258.65 1258.65 0.0 112987.7412
1272.79 1272.79 0.0 112719.4268
1286.93 1286.93 0.0 112455.8770
1301.08 1301.08 0.0 112190.4688
1315.22 1315.22 0.0 111930.9414
1329.36 1329.36 0.0 111677.5859
1343.5 1343.5 0.0 111429.6484
1357.65 1357.65 0.0 111184.8926
1371.79 1371.79 0.0 110945.5791
1385.93 1385.93 0.0 110710.1680
1400.07 1400.07 0.0 110479.3906
1414.21 1414.21 0.0 110254.2412
1428.36 1428.36 0.0 110032.8906
1442.5 1442.5 0.0 109816.9580
1456.64 1456.64 0.0 109606.2012
1470.78 1470.78 0.0 109400.6079
1484.92 1484.92 0.0 109200.0952
1499.07 1499.07 0.0 109035.8311
1513.21 1513.21 0.0 108917.7051
1527.35 1527.35 0.0 108799.3999
1541.49 1541.49 0.0 108677.2183
1555.63 1555.63 0.0 108556.9966
1569.78 1569.78 0.0 108438.6821
1583.92 1583.92 0.0 108322.3696
1598.06 1598.06 0.0 108207.9463
1612.2 1612.2 0.0 108094.8696
1626.35 1626.35 0.0 107983.4258
1640.49 1640.49 0.0 107869.2622
1654.63 1654.63 0.0 107748.3574
1668.77 1668.77 0.0 107626.6050
1682.91 1682.91 0.0 107526.2554
1697.06 1697.06 0.0 107434.8320
1711.2 1711.2 0.0 107346.4067
1725.34 1725.34 0.0 107262.7788
1739.48 1739.48 0.0 107180.3037
1753.62 1753.62 0.0 107100.8652
1767.77 1767.77 0.0 107030.4121
1781.91 1781.91 0.0 106962.6387
1796.05 1796.05 0.0 106900.9414
1810.19 1810.19 0.0 106833.0093
1824.34 1824.34 0.0 106764.6377
1838.48 1838.48 0.0 106697.1528
1852.62 1852.62 0.0 106630.5054
1866.76 1866.76 0.0 106564.6934
1880.9 1880.9 0.0 106499.3208
1895.05 1895.05 0.0 106434.9517
1909.19 1909.19 0.0 106379.8901
1923.33 1923.33 0.0 106344.0591
1937.47 1937.47 0.0 106308.4932
1951.61 1951.61 0.0 106274.2305
1965.76 1965.76 0.0 106239.5493
1979.9 1979.9 0.0 106205.1216
1994.04 1994.04 0.0 106170.9497
2008.18 2008.18 0.0 106136.9971
2022.33 2022.33 0.0 106103.2246
2036.47 2036.47 0.0 106070.9771
2050.61 2050.61 0.0 106042.1714
2064.75 2064.75 0.0 106014.5093
2078.89 2078.89 0.0 105987.0054
2093.04 2093.04 0.0 105959.6553
2107.18 2107.18 0.0 105932.4741
2121.32 2121.32 0.0 105902.5239
2135.46 2135.46 0.0 105864.5864
2149.6 2149.6 0.0 105826.9370
2163.75 2163.75 0.0 105789.4951
2177.89 2177.89 0.0 105752.2202
2192.03 2192.03 0.0 105715.2437
2206.17 2206.17 0.0 105678.5747
2220.32 2220.32 0.0 105641.9043
2234.46 2234.46 0.0 105605.5537
2248.6 2248.6 0.0 105569.5005
2262.74 2262.74 0.0 105532.8091
2276.88 2276.88 0.0 105499.1450
2291.03 2291.03 0.0 105465.7295
2305.17 2305.17 0.0 105432.5928
2319.31 2319.31 0.0 105399.7305
2333.45 2333.45 0.0 105367.1248
2347.59 2347.59 0.0 105334.7888
2361.74 2361.74 0.0 105302.6812
2375.88 2375.88 0.0 105270.7920
2390.02 2390.02 0.0 105239.0032
2404.16 2404.16 0.0 105208.0068
2418.31 2418.31 0.0 105178.7529
2432.45 2432.45 0.0 105149.7336
2446.59 2446.59 0.0 105120.9326
2460.73 2460.73 0.0 105092.8467
2474.87 2474.87 0.0 105070.9177
2489.02 2489.02 0.0 105048.1772
2503.16 2503.16 0.0 105023.1165
2517.3 2517.3 0.0 105001.6873
2531.44 2531.44 0.0 104982.3765
2545.58 2545.58 0.0 104964.5732
2559.73 2559.73 0.0 104946.5530
2573.87 2573.87 0.0 104926.6262
2588.01 2588.01 0.0 104903.9253
2602.15 2602.15 0.0 104878.1707
2616.3 2616.3 0.0 104849.2212
2630.44 2630.44 0.0 104818.3110
2644.58 2644.58 0.0 104787.6787
2658.72 2658.72 0.0 104757.3193
2672.86 2672.86 0.0 104727.2156
2687.01 2687.01 0.0 104693.8972
2701.15 2701.15 0.0 104660.8154
2715.29 2715.29 0.0 104629.1243
2729.43 2729.43 0.0 104600.7981
2743.57 2743.57 0.0 104571.6570
2757.72 2757.72 0.0 104542.7473
2771.86 2771.86 0.0 104514.1130
2786.0 2786.0 0.0 104485.7385
2800.14 2800.14 0.0 104457.6167
2814.28 2814.28 0.0 104429.0735
2828.43 2828.43 0.0 104400.2539
2842.57 2842.57 0.0 104371.5159
2856.71 2856.71 0.0 104343.0461
2870.85 2870.85 0.0 104314.8406
2885.0 2885.0 0.0 104286.8784
2899.14 2899.14 0.0 104254.3684
2913.28 2913.28 0.0 104221.5088
2927.42 2927.42 0.0 104189.0154
2941.56 2941.56 0.0 104156.8901
2955.71 2955.71 0.0 104125.1116
2969.85 2969.85 0.0 104093.6985
2983.99 2983.99 0.0 104059.5386
2998.13 2998.13 0.0 104025.6750
3012.27 3012.27 0.0 103992.2280
3026.42 3026.42 0.0 103962.1001
3040.56 3040.56 0.0 103940.3875
3054.7 3054.7 0.0 103918.8440
3068.84 3068.84 0.0 103897.4788
3082.99 3082.99 0.0 103876.2769
3097.13 3097.13 0.0 103855.1990
3111.27 3111.27 0.0 103836.6294
3125.41 3125.41 0.0 103818.5442
3139.55 3139.55 0.0 103800.3079
3153.7 3153.7 0.0 103782.0291
3167.84 3167.84 0.0 103762.9617
3181.98 3181.98 0.0 103743.9133
3196.12 3196.12 0.0 103724.6179
3210.26 3210.26 0.0 103704.5999
3224.41 3224.41 0.0 103684.7402
3238.55 3238.55 0.0 103665.0623
3252.69 3252.69 0.0 103647.9360
3266.83 3266.83 0.0 103634.0879
3280.98 3280.98 0.0 103620.3276
3295.12 3295.12 0.0 103606.6506
3309.26 3309.26 0.0 103593.0591
3323.4 3323.4 0.0 103579.6582
3337.54 3337.54 0.0 103566.4561
3351.69 3351.69 0.0 103553.3286
3365.83 3365.83 0.0 103540.2783
3379.97 3379.97 0.0 103527.3083
3394.11 3394.11 0.0 103514.4172
3408.25 3408.25 0.0 103501.5977
3422.4 3422.4 0.0 103488.8438
3436.54 3436.54 0.0 103476.1785
3450.68 3450.68 0.0 103463.4897
3464.82 3464.82 0.0 103450.2915
3478.97 3478.97 0.0 103437.1416
3493.11 3493.11 0.0 103426.7974
3507.25 3507.25 0.0 103416.5305
3521.39 3521.39 0.0 103406.3079
3535.53 3535.53 0.0 103396.1411
3549.68 3549.68 0.0 103386.0142
3563.82 3563.82 0.0 103375.9424
3577.96 3577.96 0.0 103365.1907
3592.1 3592.1 0.0 103353.3435
3606.24 3606.24 0.0 103341.5590
3620.39 3620.39 0.0 103329.8392
3634.53 3634.53 0.0 103318.1932
3648.67 3648.67 0.0 103306.6139
3662.81 3662.81 0.0 103295.1090
3676.96 3676.96 0.0 103283.6554
3691.1 3691.1 0.0 103272.2811
3705.24 3705.24 0.0 103266.8536
3719.38 3719.38 0.0 103262.6631
3733.52 3733.52 0.0 103257.1566
3747.67 3747.67 0.0 103251.4675
3761.81 3761.81 0.0 103245.8007
3775.95 3775.95 0.0 103240.0792
3790.09 3790.09 0.0 103234.2429
3804.23 3804.23 0.0 103228.4208
3818.38 3818.38 0.0 103221.8556
3832.52 3832.52 0.0 103215.2352
3846.66 3846.66 0.0 103208.6444
3860.8 3860.8 0.0 103202.0695
3874.95 3874.95 0.0 103195.5155
3889.09 3889.09 0.0 103188.6685
3903.23 3903.23 0.0 103181.3722
3917.37 3917.37 0.0 103171.9565
3931.51 3931.51 0.0 103162.2784
3945.66 3945.66 0.0 103152.6373
3959.8 3959.8 0.0 103143.0588
3973.94 3973.94 0.0 103133.5270
3988.08 3988.08 0.0 103124.0510
4002.22 4002.22 0.0 103114.6154
4016.37 4016.37 0.0 103105.2300
4030.51 4030.51 0.0 103095.8989
4044.65 4044.65 0.0 103086.6149
4058.79 4058.79 0.0 103077.3788
4072.94 4072.94 0.0 103068.1045
4087.08 4087.08 0.0 103058.6135
4101.22 4101.22 0.0 103049.1722
4115.36 4115.36 0.0 103039.7793
4129.5 4129.5 0.0 103029.6885
4143.65 4143.65 0.0 103017.0333
4157.79 4157.79 0.0 103004.4010
4171.93 4171.93 0.0 102990.9752
4186.07 4186.07 0.0 102977.6180
4200.21 4200.21 0.0 102964.3739
4214.36 4214.36 0.0 102951.2190
4228.5 4228.5 0.0 102938.1796
4242.64 4242.64 0.0 102925.2538
