0.0 0.0 0.0 265670.5938
14.1421 14.1421 0.0 252020.6562
28.2843 28.2843 0.0 239410.6562
42.4264 42.4264 0.0 226847.1641
56.5685 56.5685 0.0 213712.4922
70.7107 70.7107 0.0 204591.4297
84.8528 84.8528 0.0 196330.8359
98.9949 98.9949 0.0 188359.8828
113.137 113.137 0.0 180610.4688
127.279 127.279 0.0 173454.3594
141.421 141.421 0.0 166744.7773
155.563 155.563 0.0 160371.8125
169.706 169.706 0.0 154507.2109
183.848 183.848 0.0 149188.3984
197.99 197.99 0.0 144376.9727
212.132 212.132 0.0 140764.9375
226.274 226.274 0.0 137803.7070
240.416 240.416 0.0 135061.1641
254.558 254.558 0.0 132521.5352
268.701 268.701 0.0 130170.1445
282.843 282.843 0.0 127993.9082
296.985 296.985 0.0 125979.7910
311.127 311.127 0.0 124379.0176
325.269 325.269 0.0 123022.7129
339.411 339.411 0.0 121745.4473
353.553 353.553 0.0 120542.6445
367.696 367.696 0.0 119410.0078
381.838 381.838 0.0 118358.2559
395.98 395.98 0.0 117478.6914
410.122 410.122 0.0 116641.7988
424.264 424.264 0.0 115847.8818
438.406 438.406 0.0 115094.8779
452.548 452.548 0.0 114380.6748
466.69 466.69 0.0 113703.2754
480.833 480.833 0.0 113060.7725
494.975 494.975 0.0 112451.4980
509.117 509.117 0.0 111874.6777
523.259 523.259 0.0 111326.9189
537.401 537.401 0.0 110932.4121
551.543 551.543 0.0 110574.8477
565.685 565.685 0.0 110230.4893
579.828 579.828 0.0 109898.5371
593.97 593.97 0.0 109578.4775
608.112 608.112 0.0 109270.3105
622.254 622.254 0.0 108973.7651
636.396 636.396 0.0 108694.0879
650.538 650.538 0.0 108425.8193
664.68 664.68 0.0 108167.2505
678.823 678.823 0.0 107918.0825
692.965 692.965 0.0 107677.9497
707.107 707.107 0.0 107448.3877
721.249 721.249 0.0 107228.5781
735.391 735.391 0.0 107016.6338
749.533 749.533 0.0 106808.9209
763.675 763.675 0.0 106607.5264
777.817 777.817 0.0 106413.5049
791.96 791.96 0.0 106226.5874
806.102 806.102 0.0 106041.5537
820.244 820.244 0.0 105862.6626
834.386 834.386 0.0 105690.5605
848.528 848.528 0.0 105524.2920
862.67 862.67 0.0 105361.6404
876.812 876.812 0.0 105205.2761
890.955 890.955 0.0 105054.4873
905.097 905.097 0.0 104906.0857
919.239 919.239 0.0 104763.5840
933.381 933.381 0.0 104626.7373
947.523 947.523 0.0 104495.3325
961.665 961.665 0.0 104369.1467
975.807 975.807 0.0 104247.9758
989.949 989.949 0.0 104131.6201
1004.09 1004.09 0.0 104058.2954
1018.23 1018.23 0.0 104006.1863
1032.38 1032.38 0.0 103962.5383
1046.52 1046.52 0.0 103919.6306
1060.66 1060.66 0.0 103877.4194
1074.8 1074.8 0.0 103835.8975
1088.94 1088.94 0.0 103795.1865
1103.09 1103.09 0.0 103755.2932
1117.23 1117.23 0.0 103716.0742
1131.37 1131.37 0.0 103677.4819
1145.51 1145.51 0.0 103638.2795
1159.66 1159.66 0.0 103597.9590
1173.8 1173.8 0.0 103558.3621
1187.94 1187.94 0.0 103519.4641
1202.08 1202.08 0.0 103481.2329
1216.22 1216.22 0.0 103443.6763
1230.37 1230.37 0.0 103406.7402
1244.51 1244.51 0.0 103370.1989
1258.65 1258.65 0.0 103333.9578
1272.79 1272.79 0.0 103297.8123
1286.93 1286.93 0.0 103262.3179
1301.08 1301.08 0.0 103232.0741
1315.22 1315.22 0.0 103211.0330
1329.36 1329.36 0.0 103189.7688
1343.5 1343.5 0.0 103168.7468
1357.65 1357.65 0.0 103147.9442
1371.79 1371.79 0.0 103127.3926
1385.93 1385.93 0.0 103107.0730
1400.07 1400.07 0.0 103087.3939
1414.21 1414.21 0.0 103069.2926
1428.36 1428.36 0.0 103053.7012
1442.5 1442.5 0.0 103039.2059
1456.64 1456.64 0.0 103024.6783
1470.78 1470.78 0.0 103010.3717
1484.92 1484.92 0.0 102998.1245
1499.07 1499.07 0.0 102990.6133
1513.21 1513.21 0.0 102981.1460
1527.35 1527.35 0.0 102968.8423
1541.49 1541.49 0.0 102956.6301
1555.63 1555.63 0.0 102944.5052
1569.78 1569.78 0.0 102931.8135
1583.92 1583.92 0.0 102917.2732
1598.06 1598.06 0.0 102900.5416
1612.2 1612.2 0.0 102883.6931
1626.35 1626.35 0.0 102867.4868
1640.49 1640.49 0.0 102851.4641
1654.63 1654.63 0.0 102835.6035
1668.77 1668.77 0.0 102819.9097
1682.91 1682.91 0.0 102804.5205
1697.06 1697.06 0.0 102789.4618
1711.2 1711.2 0.0 102781.6243
1725.34 1725.34 0.0 102773.4435
1739.48 1739.48 0.0 102766.3265
1753.62 1753.62 0.0 102761.2800
1767.77 1767.77 0.0 102756.2533
1781.91 1781.91 0.0 102751.2446
1796.05 1796.05 0.0 102746.7954
1810.19 1810.19 0.0 102743.0464
1824.34 1824.34 0.0 102739.3047
1838.48 1838.48 0.0 102734.0432
1852.62 1852.62 0.0 102729.2534
1866.76 1866.76 0.0 102724.7992
1880.9 1880.9 0.0 102720.3582
1895.05 1895.05 0.0 102715.9297
1909.19 1909.19 0.0 102710.6210
1923.33 1923.33 0.0 102704.6683
1937.47 1937.47 0.0 102698.0227
1951.61 1951.61 0.0 102690.3644
1965.76 1965.76 0.0 102682.7418
1979.9 1979.9 0.0 102675.1686
1994.04 1994.04 0.0 102667.6371
2008.18 2008.18 0.0 102660.1476
2022.33 2022.33 0.0 102652.6968
2036.47 2036.47 0.0 102645.2910
2050.61 2050.61 0.0 102637.9266
2064.75 2064.75 0.0 102630.7614
2078.89 2078.89 0.0 102625.9951
2093.04 2093.04 0.0 102621.2791
2107.18 2107.18 0.0 102618.3481
2121.32 2121.32 0.0 102615.8138
2135.46 2135.46 0.0 102613.5774
2149.6 2149.6 0.0 102611.3473
2163.75 2163.75 0.0 102609.1205
2177.89 2177.89 0.0 102606.8967
2192.03 2192.03 0.0 102604.1027
2206.17 2206.17 0.0 102601.3834
2220.32 2220.32 0.0 102593.4897
2234.46 2234.46 0.0 102581.6398
2248.6 2248.6 0.0 102569.8093
2262.74 2262.74 0.0 102558.0916
2276.88 2276.88 0.0 102546.4857
2291.03 2291.03 0.0 102534.9774
2305.17 2305.17 0.0 102525.8418
2319.31 2319.31 0.0 102518.8577
2333.45 2333.45 0.0 102511.9164
2347.59 2347.59 0.0 102505.0154
2361.74 2361.74 0.0 102498.2664
2375.88 2375.88 0.0 102491.9374
2390.02 2390.02 0.0 102485.6437
2404.16 2404.16 0.0 102479.6952
2418.31 2418.31 0.0 102475.0261
2432.45 2432.45 0.0 102471.6923
2446.59 2446.59 0.0 102468.4382
2460.73 2460.73 0.0 102464.5568
2474.87 2474.87 0.0 102460.6875
2489.02 2489.02 0.0 102456.8280
2503.16 2503.16 0.0 102451.7292
2517.3 2517.3 0.0 102446.5563
2531.44 2531.44 0.0 102441.4065
2545.58 2545.58 0.0 102436.2793
2559.73 2559.73 0.0 102431.1741
2573.87 2573.87 0.0 102426.0933
2588.01 2588.01 0.0 102421.0369
2602.15 2602.15 0.0 102416.0182
2616.3 2616.3 0.0 102411.0178
2630.44 2630.44 0.0 102406.0424
2644.58 2644.58 0.0 102401.0928
2658.72 2658.72 0.0 102395.2704
2672.86 2672.86 0.0 102388.1820
2687.01 2687.01 0.0 102381.1371
2701.15 2701.15 0.0 102374.1433
2715.29 2715.29 0.0 102367.1942
2729.43 2729.43 0.0 102360.2927
2743.57 2743.57 0.0 102353.4374
2757.72 2757.72 0.0 102346.6201
2771.86 2771.86 0.0 102339.8523
2786.0 2786.0 0.0 102333.4264
2800.14 2800.14 0.0 102328.2007
2814.28 2814.28 0.0 102323.3039
2828.43 2828.43 0.0 102318.6923
2842.57 2842.57 0.0 102314.6422
2856.71 2856.71 0.0 102312.4881
2870.85 2870.85 0.0 102310.3421
2885.0 2885.0 0.0 102308.1964
2899.14 2899.14 0.0 102306.0567
2913.28 2913.28 0.0 102303.9227
2927.42 2927.42 0.0 102301.7924
2941.56 2941.56 0.0 102299.6644
2955.71 2955.71 0.0 102297.5434
2969.85 2969.85 0.0 102295.4274
2983.99 2983.99 0.0 102294.5693
2998.13 2998.13 0.0 102296.7862
3012.27 3012.27 0.0 102300.8408
3026.42 3026.42 0.0 102304.9178
3040.56 3040.56 0.0 102309.0060
3054.7 3054.7 0.0 102313.1138
3068.84 3068.84 0.0 102317.2356
3082.99 3082.99 0.0 102321.3802
3097.13 3097.13 0.0 102325.5359
3111.27 3111.27 0.0 102329.7128
3125.41 3125.41 0.0 102333.9047
3139.55 3139.55 0.0 102338.1155
3153.7 3153.7 0.0 102342.3453
3167.84 3167.84 0.0 102346.5499
3181.98 3181.98 0.0 102349.6815
3196.12 3196.12 0.0 102352.8151
3210.26 3210.26 0.0 102357.4713
3224.41 3224.41 0.0 102366.5249
3238.55 3238.55 0.0 102375.6499
3252.69 3252.69 0.0 102384.8553
3266.83 3266.83 0.0 102393.9272
3280.98 3280.98 0.0 102402.1067
3295.12 3295.12 0.0 102410.3420
3309.26 3309.26 0.0 102418.6429
3323.4 3323.4 0.0 102427.0035
3337.54 3337.54 0.0 102435.4259
3351.69 3351.69 0.0 102443.5607
3365.83 3365.83 0.0 102451.4954
3379.97 3379.97 0.0 102459.1055
3394.11 3394.11 0.0 102466.3134
3408.25 3408.25 0.0 102473.5649
3422.4 3422.4 0.0 102480.7209
3436.54 3436.54 0.0 102486.4160
3450.68 3450.68 0.0 102492.1154
3464.82 3464.82 0.0 102497.6365
3478.97 3478.97 0.0 102503.1887
3493.11 3493.11 0.0 102507.0208
3507.25 3507.25 0.0 102509.8123
3521.39 3521.39 0.0 102512.6106
3535.53 3535.53 0.0 102515.4171
3549.68 3549.68 0.0 102518.2296
3563.82 3563.82 0.0 102521.0488
3577.96 3577.96 0.0 102523.7383
3592.1 3592.1 0.0 102526.1863
3606.24 3606.24 0.0 102528.6388
3620.39 3620.39 0.0 102531.0957
3634.53 3634.53 0.0 102533.5575
3648.67 3648.67 0.0 102536.0228
3662.81 3662.81 0.0 102538.3345
3676.96 3676.96 0.0 102540.6473
3691.1 3691.1 0.0 102542.9679
3705.24 3705.24 0.0 102545.5616
3719.38 3719.38 0.0 102549.0988
3733.52 3733.52 0.0 102552.6433
3747.67 3747.67 0.0 102556.1627
3761.81 3761.81 0.0 102559.0015
3775.95 3775.95 0.0 102561.8486
3790.09 3790.09 0.0 102564.5629
3804.23 3804.23 0.0 102565.7638
3818.38 3818.38 0.0 102566.9683
3832.52 3832.52 0.0 102568.0750
3846.66 3846.66 0.0 102569.1433
3860.8 3860.8 0.0 102570.2123
3874.95 3874.95 0.0 102571.7767
3889.09 3889.09 0.0 102573.3773
3903.23 3903.23 0.0 102574.9792
3917.37 3917.37 0.0 102576.5813
3931.51 3931.51 0.0 102578.1604
3945.66 3945.66 0.0 102579.5491
3959.8 3959.8 0.0 102580.9338
3973.94 3973.94 0.0 102582.3219
3988.08 3988.08 0.0 102583.7108
4002.22 4002.22 0.0 102585.0984
4016.37 4016.37 0.0 102586.4918
4030.51 4030.51 0.0 102587.8860
4044.65 4044.65 0.0 102588.8149
4058.79 4058.79 0.0 102589.2065
4072.94 4072.94 0.0 102588.7765
4087.08 4087.08 0.0 102588.1376
4101.22 4101.22 0.0 102587.4944
4115.36 4115.36 0.0 102586.8579
4129.5 4129.5 0.0 102586.2135
4143.65 4143.65 0.0 102585.4313
4157.79 4157.79 0.0 102584.6134
4171.93 4171.93 0.0 102583.7937
4186.07 4186.07 0.0 102582.9758
4200.21 4200.21 0.0 102582.1050
4214.36 4214.36 0.0 102579.4917
4228.5 4228.5 0.0 102576.8861
4242.64 4242.64 0.0 102573.0728
