0.0 0.0 0.0 422047.7500
14.1421 14.1421 0.0 358187.3750
28.2843 28.2843 0.0 300378.4375
42.4264 42.4264 0.0 254069.4375
56.5685 56.5685 0.0 218630.6797
70.7107 70.7107 0.0 192941.7891
84.8528 84.8528 0.0 172682.0703
98.9949 98.9949 0.0 157920.2969
113.137 113.137 0.0 148669.0898
127.279 127.279 0.0 140900.0977
141.421 141.421 0.0 134385.0938
155.563 155.563 0.0 129669.1387
169.706 169.706 0.0 126126.8711
183.848 183.848 0.0 123022.6406
197.99 197.99 0.0 120303.2969
212.132 212.132 0.0 117936.8398
226.274 226.274 0.0 116233.8145
240.416 240.416 0.0 114719.9775
254.558 254.558 0.0 113307.4277
268.701 268.701 0.0 111991.9863
282.843 282.843 0.0 110820.3496
296.985 296.985 0.0 109937.5811
311.127 311.127 0.0 109191.8296
325.269 325.269 0.0 108510.4028
339.411 339.411 0.0 107887.8130
353.553 353.553 0.0 107320.6865
367.696 367.696 0.0 106803.7388
381.838 381.838 0.0 106419.3818
395.98 395.98 0.0 106075.7437
410.122 410.122 0.0 105809.6299
424.264 424.264 0.0 105598.8701
438.406 438.406 0.0 105397.7007
452.548 452.548 0.0 105205.9707
466.69 466.69 0.0 105023.2432
480.833 480.833 0.0 104849.0298
494.975 494.975 0.0 104693.5989
509.117 509.117 0.0 104550.7354
523.259 523.259 0.0 104405.8787
537.401 537.401 0.0 104254.4993
551.543 551.543 0.0 104110.5403
565.685 565.685 0.0 103973.6536
579.828 579.828 0.0 103843.4731
593.97 593.97 0.0 103719.6948
608.112 608.112 0.0 103606.1194
622.254 622.254 0.0 103498.6594
636.396 636.396 0.0 103395.6616
650.538 650.538 0.0 103296.5193
664.68 664.68 0.0 103201.8093
678.823 678.823 0.0 103111.3793
692.965 692.965 0.0 103027.6991
707.107 707.107 0.0 102951.0115
721.249 721.249 0.0 102877.7654
735.391 735.391 0.0 102807.8220
749.533 749.533 0.0 102740.6781
763.675 763.675 0.0 102675.8140
777.817 777.817 0.0 102613.9220
791.96 791.96 0.0 102555.3972
806.102 806.102 0.0 102499.5771
820.244 820.244 0.0 102446.2903
834.386 834.386 0.0 102408.6069
848.528 848.528 0.0 102382.2076
862.67 862.67 0.0 102359.6737
876.812 876.812 0.0 102339.2407
890.955 890.955 0.0 102317.9641
905.097 905.097 0.0 102299.0904
919.239 919.239 0.0 102280.9984
933.381 933.381 0.0 102263.2460
947.523 947.523 0.0 102245.6329
961.665 961.665 0.0 102227.2880
975.807 975.807 0.0 102209.3097
989.949 989.949 0.0 102191.9303
1004.09 1004.09 0.0 102175.0532
1018.23 1018.23 0.0 102158.5037
1032.38 1032.38 0.0 102142.2650
1046.52 1046.52 0.0 102126.3547
1060.66 1060.66 0.0 102110.7549
1074.8 1074.8 0.0 102095.4575
1088.94 1088.94 0.0 102080.4580
1103.09 1103.09 0.0 102066.3207
1117.23 1117.23 0.0 102054.9257
1131.37 1131.37 0.0 102043.7065
1145.51 1145.51 0.0 102032.6610
1159.66 1159.66 0.0 102021.7759
1173.8 1173.8 0.0 102011.0665
1187.94 1187.94 0.0 102000.5211
1202.08 1202.08 0.0 101991.8054
1216.22 1216.22 0.0 101984.7172
1230.37 1230.37 0.0 101977.6983
1244.51 1244.51 0.0 101970.7601
1258.65 1258.65 0.0 101963.8943
1272.79 1272.79 0.0 101957.1020
1286.93 1286.93 0.0 101950.3813
1301.08 1301.08 0.0 101943.7285
1315.22 1315.22 0.0 101937.1505
1329.36 1329.36 0.0 101930.8758
1343.5 1343.5 0.0 101925.0952
1357.65 1357.65 0.0 101919.9229
1371.79 1371.79 0.0 101915.1345
1385.93 1385.93 0.0 101910.9382
1400.07 1400.07 0.0 101907.0733
1414.21 1414.21 0.0 101903.2327
1428.36 1428.36 0.0 101898.6417
1442.5 1442.5 0.0 101893.6083
1456.64 1456.64 0.0 101888.6198
1470.78 1470.78 0.0 101883.6751
1484.92 1484.92 0.0 101878.7729
1499.07 1499.07 0.0 101874.0546
1513.21 1513.21 0.0 101869.3616
1527.35 1527.35 0.0 101864.6797
1541.49 1541.49 0.0 101859.4737
1555.63 1555.63 0.0 101854.1978
1569.78 1569.78 0.0 101848.9713
1583.92 1583.92 0.0 101843.8006
1598.06 1598.06 0.0 101838.7632
1612.2 1612.2 0.0 101834.1335
1626.35 1626.35 0.0 101829.4218
1640.49 1640.49 0.0 101824.6997
1654.63 1654.63 0.0 101821.6901
1668.77 1668.77 0.0 101820.0898
1682.91 1682.91 0.0 101818.7631
1697.06 1697.06 0.0 101818.0149
1711.2 1711.2 0.0 101818.1306
1725.34 1725.34 0.0 101818.1002
1739.48 1739.48 0.0 101817.3817
1753.62 1753.62 0.0 101816.7497
1767.77 1767.77 0.0 101816.4272
1781.91 1781.91 0.0 101817.8328
1796.05 1796.05 0.0 101819.2440
1810.19 1810.19 0.0 101820.6273
1824.34 1824.34 0.0 101821.5535
1838.48 1838.48 0.0 101822.4820
1852.62 1852.62 0.0 101823.7032
1866.76 1866.76 0.0 101822.4042
1880.9 1880.9 0.0 101819.5798
1895.05 1895.05 0.0 101816.7441
1909.19 1909.19 0.0 101813.9276
1923.33 1923.33 0.0 101811.1254
1937.47 1937.47 0.0 101808.3418
1951.61 1951.61 0.0 101805.5730
1965.76 1965.76 0.0 101802.8601
1979.9 1979.9 0.0 101800.4516
1994.04 1994.04 0.0 101798.0558
2008.18 2008.18 0.0 101795.6700
2022.33 2022.33 0.0 101793.2956
2036.47 2036.47 0.0 101790.9355
2050.61 2050.61 0.0 101788.5863
2064.75 2064.75 0.0 101786.1367
2078.89 2078.89 0.0 101783.6521
2093.04 2093.04 0.0 101780.8282
2107.18 2107.18 0.0 101777.7552
2121.32 2121.32 0.0 101774.7044
2135.46 2135.46 0.0 101771.6721
2149.6 2149.6 0.0 101768.5092
2163.75 2163.75 0.0 101765.3302
2177.89 2177.89 0.0 101762.3302
2192.03 2192.03 0.0 101759.7438
2206.17 2206.17 0.0 101757.1732
2220.32 2220.32 0.0 101754.6161
2234.46 2234.46 0.0 101752.0611
2248.6 2248.6 0.0 101749.5215
2262.74 2262.74 0.0 101747.0195
2276.88 2276.88 0.0 101744.5319
2291.03 2291.03 0.0 101742.0583
2305.17 2305.17 0.0 101739.4431
2319.31 2319.31 0.0 101736.8192
2333.45 2333.45 0.0 101734.2101
2347.59 2347.59 0.0 101731.6182
2361.74 2361.74 0.0 101729.0404
2375.88 2375.88 0.0 101726.6444
2390.02 2390.02 0.0 101724.2682
2404.16 2404.16 0.0 101721.9032
2418.31 2418.31 0.0 101719.5023
2432.45 2432.45 0.0 101716.9650
2446.59 2446.59 0.0 101714.4441
2460.73 2460.73 0.0 101711.7688
2474.87 2474.87 0.0 101708.4583
2489.02 2489.02 0.0 101705.0359
2503.16 2503.16 0.0 101701.5952
2517.3 2517.3 0.0 101698.1863
2531.44 2531.44 0.0 101695.3039
2545.58 2545.58 0.0 101694.2451
2559.73 2559.73 0.0 101693.1862
2573.87 2573.87 0.0 101692.0758
2588.01 2588.01 0.0 101690.7193
2602.15 2602.15 0.0 101689.2996
2616.3 2616.3 0.0 101687.5471
2630.44 2630.44 0.0 101685.7749
2644.58 2644.58 0.0 101683.9043
2658.72 2658.72 0.0 101682.0696
2672.86 2672.86 0.0 101680.9261
2687.01 2687.01 0.0 101679.7634
2701.15 2701.15 0.0 101678.5002
2715.29 2715.29 0.0 101677.1688
2729.43 2729.43 0.0 101675.7342
2743.57 2743.57 0.0 101674.0494
2757.72 2757.72 0.0 101672.3134
2771.86 2771.86 0.0 101670.5873
2786.0 2786.0 0.0 101668.8715
2800.14 2800.14 0.0 101667.2820
2814.28 2814.28 0.0 101665.7127
2828.43 2828.43 0.0 101664.1478
2842.57 2842.57 0.0 101662.4823
2856.71 2856.71 0.0 101660.8235
2870.85 2870.85 0.0 101659.1735
2885.0 2885.0 0.0 101657.7056
2899.14 2899.14 0.0 101656.5905
2913.28 2913.28 0.0 101655.4286
2927.42 2927.42 0.0 101653.3961
2941.56 2941.56 0.0 101651.2326
2955.71 2955.71 0.0 101649.0825
2969.85 2969.85 0.0 101646.9490
2983.99 2983.99 0.0 101644.8283
2998.13 2998.13 0.0 101642.7216
3012.27 3012.27 0.0 101640.5908
3026.42 3026.42 0.0 101638.3102
3040.56 3040.56 0.0 101635.8531
3054.7 3054.7 0.0 101633.3830
3068.84 3068.84 0.0 101630.9015
3082.99 3082.99 0.0 101629.2101
3097.13 3097.13 0.0 101627.5969
3111.27 3111.27 0.0 101625.9685
3125.41 3125.41 0.0 101624.3497
3139.55 3139.55 0.0 101622.7413
3153.7 3153.7 0.0 101621.1387
3167.84 3167.84 0.0 101619.5470
3181.98 3181.98 0.0 101617.9621
3196.12 3196.12 0.0 101616.3869
3210.26 3210.26 0.0 101614.8194
3224.41 3224.41 0.0 101613.2597
3238.55 3238.55 0.0 101611.7098
3252.69 3252.69 0.0 101610.1682
3266.83 3266.83 0.0 101608.6357
3280.98 3280.98 0.0 101607.1088
3295.12 3295.12 0.0 101605.5912
3309.26 3309.26 0.0 101604.0833
3323.4 3323.4 0.0 101602.5824
3337.54 3337.54 0.0 101601.0897
3351.69 3351.69 0.0 101599.6036
3365.83 3365.83 0.0 101598.1279
3379.97 3379.97 0.0 101596.6578
3394.11 3394.11 0.0 101595.1979
3408.25 3408.25 0.0 101593.7446
3422.4 3422.4 0.0 101592.2978
3436.54 3436.54 0.0 101590.8210
3450.68 3450.68 0.0 101589.1874
3464.82 3464.82 0.0 101587.4994
3478.97 3478.97 0.0 101585.7610
3493.11 3493.11 0.0 101584.0332
3507.25 3507.25 0.0 101582.3183
3521.39 3521.39 0.0 101580.6145
3535.53 3535.53 0.0 101578.9220
3549.68 3549.68 0.0 101577.5697
3563.82 3563.82 0.0 101576.4163
3577.96 3577.96 0.0 101575.2677
3592.1 3592.1 0.0 101574.1265
3606.24 3606.24 0.0 101572.9886
3620.39 3620.39 0.0 101571.8559
3634.53 3634.53 0.0 101570.7907
3648.67 3648.67 0.0 101569.7327
3662.81 3662.81 0.0 101568.6471
3676.96 3676.96 0.0 101567.5666
3691.1 3691.1 0.0 101566.5199
3705.24 3705.24 0.0 101565.4773
3719.38 3719.38 0.0 101564.4392
3733.52 3733.52 0.0 101563.4057
3747.67 3747.67 0.0 101562.3757
3761.81 3761.81 0.0 101561.2207
3775.95 3775.95 0.0 101559.8916
3790.09 3790.09 0.0 101558.5696
3804.23 3804.23 0.0 101557.2550
3818.38 3818.38 0.0 101555.9467
3832.52 3832.52 0.0 101554.6473
3846.66 3846.66 0.0 101553.3067
3860.8 3860.8 0.0 101551.9739
3874.95 3874.95 0.0 101550.6484
3889.09 3889.09 0.0 101549.3297
3903.23 3903.23 0.0 101548.0199
3917.37 3917.37 0.0 101546.7188
3931.51 3931.51 0.0 101545.4233
3945.66 3945.66 0.0 101544.1357
3959.8 3959.8 0.0 101542.8558
3973.94 3973.94 0.0 101541.5683
3988.08 3988.08 0.0 101540.0238
4002.22 4002.22 0.0 101538.4908
4016.37 4016.37 0.0 101536.9313
4030.51 4030.51 0.0 101535.2876
4044.65 4044.65 0.0 101533.5520
4058.79 4058.79 0.0 101531.8318
4072.94 4072.94 0.0 101530.1237
4087.08 4087.08 0.0 101528.4308
4101.22 4101.22 0.0 101526.7530
4115.36 4115.36 0.0 101525.0877
4129.5 4129.5 0.0 101523.4378
4143.65 4143.65 0.0 101521.7985
4157.79 4157.79 0.0 101520.1748
4171.93 4171.93 0.0 101518.5640
4186.07 4186.07 0.0 101516.9673
4200.21 4200.21 0.0 101515.2372
4214.36 4214.36 0.0 101513.4865
4228.5 4228.5 0.0 101511.6873
4242.64 4242.64 0.0 101509.8815
