0.0 0.0 0.0 1129631.8125
14.1421 14.1421 0.0 1127552.8125
28.2843 28.2843 0.0 1125184.3750
42.4264 42.4264 0.0 1122819.1250
56.5685 56.5685 0.0 1120354.3750
70.7107 70.7107 0.0 1117191.1875
84.8528 84.8528 0.0 1113605.3750
98.9949 98.9949 0.0 1109901.6250
113.137 113.137 0.0 1106184.3125
127.279 127.279 0.0 1102529.7500
141.421 141.421 0.0 1097519.7500
155.563 155.563 0.0 1091142.8750
169.706 169.706 0.0 1083929.7500
183.848 183.848 0.0 1076748.8125
197.99 197.99 0.0 1069064.2500
212.132 212.132 0.0 1060936.1875
226.274 226.274 0.0 1052061.5000
240.416 240.416 0.0 1042089.3125
254.558 254.558 0.0 1032650.6250
268.701 268.701 0.0 1023315.6875
282.843 282.843 0.0 1014038.6875
296.985 296.985 0.0 1004783.7500
311.127 311.127 0.0 995558.3125
325.269 325.269 0.0 986379.5625
339.411 339.411 0.0 976968.3125
353.553 353.553 0.0 966999.7500
367.696 367.696 0.0 956638.6250
381.838 381.838 0.0 946039.3125
395.98 395.98 0.0 935396.8125
410.122 410.122 0.0 923331.1250
424.264 424.264 0.0 910371.1250
438.406 438.406 0.0 897583.8750
452.548 452.548 0.0 884963.2500
466.69 466.69 0.0 872255.8125
480.833 480.833 0.0 859101.8750
494.975 494.975 0.0 846101.2500
509.117 509.117 0.0 833251.1875
523.259 523.259 0.0 820543.1875
537.401 537.401 0.0 807365.9375
551.543 551.543 0.0 794166.0625
565.685 565.685 0.0 781059.4375
579.828 579.828 0.0 767333.1875
593.97 593.97 0.0 753672.3125
608.112 608.112 0.0 740209.8125
622.254 622.254 0.0 726949.1875
636.396 636.396 0.0 713622.8125
650.538 650.538 0.0 700150.5625
664.68 664.68 0.0 686303.5625
678.823 678.823 0.0 672478.3125
692.965 692.965 0.0 657885.3750
707.107 707.107 0.0 642911.2500
721.249 721.249 0.0 627486.5625
735.391 735.391 0.0 612124.4062
749.533 749.533 0.0 596648.3125
763.675 763.675 0.0 581092.6875
777.817 777.817 0.0 565860.6875
791.96 791.96 0.0 550813.0938
806.102 806.102 0.0 536000.5938
820.244 820.244 0.0 521580.1250
834.386 834.386 0.0 507516.0938
848.528 848.528 0.0 493554.2500
862.67 862.67 0.0 479946.6875
876.812 876.812 0.0 466500.3750
890.955 890.955 0.0 454155.8125
905.097 905.097 0.0 441948.5312
919.239 919.239 0.0 429972.5625
933.381 933.381 0.0 418168.5000
947.523 947.523 0.0 409381.2500
961.665 961.665 0.0 401426.0000
975.807 975.807 0.0 393647.4688
989.949 989.949 0.0 385891.1875
1004.09 1004.09 0.0 378150.6562
1018.23 1018.23 0.0 370858.4062
1032.38 1032.38 0.0 363763.5625
1046.52 1046.52 0.0 358483.4531
1060.66 1060.66 0.0 353556.8438
1074.8 1074.8 0.0 348588.9531
1088.94 1088.94 0.0 343594.0781
1103.09 1103.09 0.0 338685.4531
1117.23 1117.23 0.0 333868.2656
1131.37 1131.37 0.0 329123.5781
1145.51 1145.51 0.0 324433.5000
1159.66 1159.66 0.0 319826.5625
1173.8 1173.8 0.0 315307.8906
1187.94 1187.94 0.0 310856.0156
1202.08 1202.08 0.0 306137.9219
1216.22 1216.22 0.0 301405.5000
1230.37 1230.37 0.0 296643.0781
1244.51 1244.51 0.0 291966.7344
1258.65 1258.65 0.0 287418.2188
1272.79 1272.79 0.0 283923.6562
1286.93 1286.93 0.0 280469.5469
1301.08 1301.08 0.0 276897.0156
1315.22 1315.22 0.0 273218.9062
1329.36 1329.36 0.0 270202.7812
1343.5 1343.5 0.0 267415.3125
1357.65 1357.65 0.0 264668.4219
1371.79 1371.79 0.0 261964.9062
1385.93 1385.93 0.0 259303.0469
1400.07 1400.07 0.0 256675.1094
1414.21 1414.21 0.0 254135.7969
1428.36 1428.36 0.0 251679.8750
1442.5 1442.5 0.0 249262.4219
1456.64 1456.64 0.0 246910.5938
1470.78 1470.78 0.0 244630.7969
1484.92 1484.92 0.0 242330.1406
1499.07 1499.07 0.0 240040.9062
1513.21 1513.21 0.0 237740.9844
1527.35 1527.35 0.0 235457.6250
1541.49 1541.49 0.0 233210.0156
1555.63 1555.63 0.0 230997.5234
1569.78 1569.78 0.0 228896.0156
1583.92 1583.92 0.0 226877.1484
1598.06 1598.06 0.0 224883.9688
1612.2 1612.2 0.0 222920.6484
1626.35 1626.35 0.0 220985.4375
1640.49 1640.49 0.0 219000.7109
1654.63 1654.63 0.0 217005.9062
1668.77 1668.77 0.0 215043.0234
1682.91 1682.91 0.0 213111.8281
1697.06 1697.06 0.0 211139.2031
1711.2 1711.2 0.0 209165.0312
1725.34 1725.34 0.0 207007.1250
1739.48 1739.48 0.0 204871.0703
1753.62 1753.62 0.0 202897.2891
1767.77 1767.77 0.0 200989.8125
1781.91 1781.91 0.0 199113.9844
1796.05 1796.05 0.0 197370.6797
1810.19 1810.19 0.0 195863.3984
1824.34 1824.34 0.0 194375.3828
1838.48 1838.48 0.0 192908.4766
1852.62 1852.62 0.0 191463.5078
1866.76 1866.76 0.0 190040.4219
1880.9 1880.9 0.0 188738.2031
1895.05 1895.05 0.0 187910.3672
1909.19 1909.19 0.0 187079.3047
1923.33 1923.33 0.0 186240.3281
1937.47 1937.47 0.0 185393.6641
1951.61 1951.61 0.0 184527.5781
1965.76 1965.76 0.0 183666.3984
1979.9 1979.9 0.0 182742.4922
1994.04 1994.04 0.0 181815.7812
2008.18 2008.18 0.0 180899.1328
2022.33 2022.33 0.0 179991.8594
2036.47 2036.47 0.0 179095.2188
2050.61 2050.61 0.0 178208.2969
2064.75 2064.75 0.0 177331.2188
2078.89 2078.89 0.0 176479.8125
2093.04 2093.04 0.0 175664.1641
2107.18 2107.18 0.0 174883.2344
2121.32 2121.32 0.0 174153.8750
2135.46 2135.46 0.0 173467.5547
2149.6 2149.6 0.0 172787.4609
2163.75 2163.75 0.0 172113.0938
2177.89 2177.89 0.0 171445.2812
2192.03 2192.03 0.0 170783.7109
2206.17 2206.17 0.0 170128.1172
2220.32 2220.32 0.0 169477.9297
2234.46 2234.46 0.0 168761.7266
2248.6 2248.6 0.0 168042.4141
2262.74 2262.74 0.0 167330.6406
2276.88 2276.88 0.0 166626.0742
2291.03 2291.03 0.0 165928.3945
2305.17 2305.17 0.0 165238.3516
2319.31 2319.31 0.0 164555.4492
2333.45 2333.45 0.0 163900.6992
2347.59 2347.59 0.0 163258.8047
2361.74 2361.74 0.0 162584.5586
2375.88 2375.88 0.0 161850.0156
2390.02 2390.02 0.0 161074.4453
2404.16 2404.16 0.0 160306.4766
2418.31 2418.31 0.0 159547.5000
2432.45 2432.45 0.0 158726.6289
2446.59 2446.59 0.0 157946.0156
2460.73 2460.73 0.0 157205.4375
2474.87 2474.87 0.0 156474.1445
2489.02 2489.02 0.0 155751.6602
2503.16 2503.16 0.0 155038.8320
2517.3 2517.3 0.0 154331.2188
2531.44 2531.44 0.0 153621.7930
2545.58 2545.58 0.0 152930.4961
2559.73 2559.73 0.0 152250.5039
2573.87 2573.87 0.0 151597.8789
2588.01 2588.01 0.0 150979.3945
2602.15 2602.15 0.0 150363.2969
2616.3 2616.3 0.0 149727.2812
2630.44 2630.44 0.0 149046.3789
2644.58 2644.58 0.0 148259.4727
2658.72 2658.72 0.0 147650.6875
2672.86 2672.86 0.0 147152.1328
2687.01 2687.01 0.0 146658.4961
2701.15 2701.15 0.0 146170.3438
2715.29 2715.29 0.0 145687.3789
2729.43 2729.43 0.0 145171.0234
2743.57 2743.57 0.0 144654.5664
2757.72 2757.72 0.0 144150.9844
2771.86 2771.86 0.0 143653.5117
2786.0 2786.0 0.0 143161.6484
2800.14 2800.14 0.0 142675.4648
2814.28 2814.28 0.0 142300.7617
2828.43 2828.43 0.0 141973.4062
2842.57 2842.57 0.0 141648.5000
2856.71 2856.71 0.0 141326.1328
2870.85 2870.85 0.0 141075.2812
2885.0 2885.0 0.0 140857.4219
2899.14 2899.14 0.0 140640.9414
2913.28 2913.28 0.0 140413.2227
2927.42 2927.42 0.0 140152.6758
2941.56 2941.56 0.0 139893.4727
2955.71 2955.71 0.0 139635.5586
2969.85 2969.85 0.0 139378.1914
2983.99 2983.99 0.0 139119.5078
2998.13 2998.13 0.0 138862.6133
3012.27 3012.27 0.0 138607.3203
3026.42 3026.42 0.0 138353.6719
3040.56 3040.56 0.0 138101.9180
3054.7 3054.7 0.0 137836.1836
3068.84 3068.84 0.0 137572.4023
3082.99 3082.99 0.0 137329.1562
3097.13 3097.13 0.0 137086.7734
3111.27 3111.27 0.0 136868.5742
3125.41 3125.41 0.0 136647.8750
3139.55 3139.55 0.0 136428.6133
3153.7 3153.7 0.0 136210.5000
3167.84 3167.84 0.0 135993.9062
3181.98 3181.98 0.0 135778.6875
3196.12 3196.12 0.0 135562.4258
3210.26 3210.26 0.0 135305.5781
3224.41 3224.41 0.0 135050.5039
3238.55 3238.55 0.0 134786.3594
3252.69 3252.69 0.0 134476.8555
3266.83 3266.83 0.0 134140.2891
3280.98 3280.98 0.0 133804.4766
3295.12 3295.12 0.0 133472.2441
3309.26 3309.26 0.0 133143.4375
3323.4 3323.4 0.0 132817.8809
3337.54 3337.54 0.0 132495.6504
3351.69 3351.69 0.0 132176.4062
3365.83 3365.83 0.0 131860.6230
3379.97 3379.97 0.0 131547.9961
3394.11 3394.11 0.0 131252.9023
3408.25 3408.25 0.0 130962.2500
3422.4 3422.4 0.0 130673.9609
3436.54 3436.54 0.0 130388.6914
3450.68 3450.68 0.0 130106.1934
3464.82 3464.82 0.0 129828.1602
3478.97 3478.97 0.0 129561.5078
3493.11 3493.11 0.0 129313.8086
3507.25 3507.25 0.0 129068.2266
3521.39 3521.39 0.0 128820.9004
3535.53 3535.53 0.0 128571.0723
3549.68 3549.68 0.0 128323.4531
3563.82 3563.82 0.0 128078.1406
3577.96 3577.96 0.0 127835.0527
3592.1 3592.1 0.0 127594.1211
3606.24 3606.24 0.0 127387.3965
3620.39 3620.39 0.0 127187.7559
3634.53 3634.53 0.0 126978.2402
3648.67 3648.67 0.0 126767.1074
3662.81 3662.81 0.0 126552.9883
3676.96 3676.96 0.0 126340.5605
3691.1 3691.1 0.0 126126.0996
3705.24 3705.24 0.0 125912.3379
3719.38 3719.38 0.0 125700.3633
3733.52 3733.52 0.0 125490.1680
3747.67 3747.67 0.0 125281.6758
3761.81 3761.81 0.0 125075.0879
3775.95 3775.95 0.0 124870.2324
3790.09 3790.09 0.0 124667.1660
3804.23 3804.23 0.0 124465.8066
3818.38 3818.38 0.0 124266.0000
3832.52 3832.52 0.0 124068.0391
3846.66 3846.66 0.0 123870.8848
3860.8 3860.8 0.0 123674.7617
3874.95 3874.95 0.0 123480.2324
3889.09 3889.09 0.0 123287.5156
3903.23 3903.23 0.0 123096.4434
3917.37 3917.37 0.0 122907.0137
3931.51 3931.51 0.0 122719.2090
3945.66 3945.66 0.0 122532.1836
3959.8 3959.8 0.0 122342.2188
3973.94 3973.94 0.0 122153.9277
3988.08 3988.08 0.0 121967.2656
4002.22 4002.22 0.0 121782.3125
4016.37 4016.37 0.0 121598.8281
4030.51 4030.51 0.0 121417.1309
4044.65 4044.65 0.0 121237.0879
4058.79 4058.79 0.0 121058.5859
4072.94 4072.94 0.0 120881.5605
4087.08 4087.08 0.0 120706.2129
4101.22 4101.22 0.0 120532.4082
4115.36 4115.36 0.0 120371.9258
4129.5 4129.5 0.0 120210.5527
4143.65 4143.65 0.0 120045.2363
4157.79 4157.79 0.0 119881.4922
4171.93 4171.93 0.0 119719.0918
4186.07 4186.07 0.0 119558.1836
4200.21 4200.21 0.0 119397.8418
4214.36 4214.36 0.0 119235.0996
4228.5 4228.5 0.0 119073.9062
4242.64 4242.64 0.0 118908.7676
