0.0 0.0 0.0 459238.4688
70.7107 70.7107 0.0 185218.7500
141.421 141.421 0.0 125119.0820
212.132 212.132 0.0 112206.4385
282.843 282.843 0.0 107510.0723
353.553 353.553 0.0 104944.0405
424.264 424.264 0.0 103653.1050
494.975 494.975 0.0 103035.2137
565.685 565.685 0.0 102624.0071
636.396 636.396 0.0 102351.3950
707.107 707.107 0.0 102156.0922
777.817 777.817 0.0 102013.2679
848.528 848.528 0.0 101904.8071
919.239 919.239 0.0 101841.5676
989.949 989.949 0.0 101811.3697
1060.66 1060.66 0.0 101780.1008
1131.37 1131.37 0.0 101754.3247
1202.08 1202.08 0.0 101730.0807
1272.79 1272.79 0.0 101697.4973
1343.5 1343.5 0.0 101665.9764
1414.21 1414.21 0.0 101640.2434
1484.92 1484.92 0.0 101619.2980
1555.63 1555.63 0.0 101598.1552
1626.35 1626.35 0.0 101577.8897
1697.06 1697.06 0.0 101562.7977
1767.77 1767.77 0.0 101553.7829
1838.48 1838.48 0.0 101545.8797
1909.19 1909.19 0.0 101539.3605
1979.9 1979.9 0.0 101533.4120
2050.61 2050.61 0.0 101527.6426
2121.32 2121.32 0.0 101522.2424
2192.03 2192.03 0.0 101517.9871
2262.74 2262.74 0.0 101513.6538
2333.45 2333.45 0.0 101509.5317
2404.16 2404.16 0.0 101507.0640
2474.87 2474.87 0.0 101503.7001
2545.58 2545.58 0.0 101498.9987
2616.3 2616.3 0.0 101494.4065
2687.01 2687.01 0.0 101489.8758
2757.72 2757.72 0.0 101485.2815
2828.43 2828.43 0.0 101480.5341
2899.14 2899.14 0.0 101474.1356
2969.85 2969.85 0.0 101467.2167
3040.56 3040.56 0.0 101460.4150
3111.27 3111.27 0.0 101454.8517
3181.98 3181.98 0.0 101449.5079
3252.69 3252.69 0.0 101444.3504
3323.4 3323.4 0.0 101440.0753
3394.11 3394.11 0.0 101436.1952
3464.82 3464.82 0.0 101431.7658
3535.53 3535.53 0.0 101427.7086
3606.24 3606.24 0.0 101423.8059
3676.96 3676.96 0.0 101420.0510
3747.67 3747.67 0.0 101416.4388
3818.38 3818.38 0.0 101412.9641
3889.09 3889.09 0.0 101409.6216
3959.8 3959.8 0.0 101406.5397
4030.51 4030.51 0.0 101403.8228
4101.22 4101.22 0.0 101400.8810
4171.93 4171.93 0.0 101397.9459
4242.64 4242.64 0.0 101394.5723
4313.35 4313.35 0.0 101391.3071
4384.06 4384.06 0.0 101388.1277
4454.77 4454.77 0.0 101384.8239
4525.48 4525.48 0.0 101381.4938
4596.19 4596.19 0.0 101378.1506
4666.9 4666.9 0.0 101374.7199
4737.62 4737.62 0.0 101371.4372
4808.33 4808.33 0.0 101368.6776
4879.04 4879.04 0.0 101366.0104
4949.75 4949.75 0.0 101363.7377
5020.46 5020.46 0.0 101361.7748
5091.17 5091.17 0.0 101359.9113
5161.88 5161.88 0.0 101358.1422
5232.59 5232.59 0.0 101356.2995
5303.3 5303.3 0.0 101354.5337
5374.01 5374.01 0.0 101352.9652
5444.72 5444.72 0.0 101351.4798
5515.43 5515.43 0.0 101350.0736
5586.14 5586.14 0.0 101348.7338
5656.85 5656.85 0.0 101347.4431
5727.56 5727.56 0.0 101346.2114
5798.28 5798.28 0.0 101345.0460
5868.99 5868.99 0.0 101343.9263
5939.7 5939.7 0.0 101342.8402
6010.41 6010.41 0.0 101341.8162
6081.12 6081.12 0.0 101340.8501
6151.83 6151.83 0.0 101339.9222
6222.54 6222.54 0.0 101339.0343
6293.25 6293.25 0.0 101338.1993
6363.96 6363.96 0.0 101337.4139
6434.67 6434.67 0.0 101336.6753
6505.38 6505.38 0.0 101335.9806
6576.09 6576.09 0.0 101335.3192
6646.8 6646.8 0.0 101334.6868
6717.51 6717.51 0.0 101334.0931
6788.23 6788.23 0.0 101333.5358
6858.94 6858.94 0.0 101333.0127
6929.65 6929.65 0.0 101332.5216
7000.36 7000.36 0.0 101332.0607
7071.07 7071.07 0.0 101331.6280
7141.78 7141.78 0.0 101331.2218
7212.49 7212.49 0.0 101330.8394
7283.2 7283.2 0.0 101330.4774
7353.91 7353.91 0.0 101330.1378
7424.62 7424.62 0.0 101329.8192
7495.33 7495.33 0.0 101329.5183
7566.04 7566.04 0.0 101329.2483
7636.75 7636.75 0.0 101329.0449
7707.46 7707.46 0.0 101328.8502
7778.17 7778.17 0.0 101328.6648
