0.0 0.0 0.0 500210.5625
14.1421 14.1421 0.0 496705.0000
28.2843 28.2843 0.0 493572.3125
42.4264 42.4264 0.0 490413.9062
56.5685 56.5685 0.0 487243.1875
70.7107 70.7107 0.0 484093.9062
84.8528 84.8528 0.0 480966.3750
98.9949 98.9949 0.0 477859.1875
113.137 113.137 0.0 474772.9375
127.279 127.279 0.0 471675.5625
141.421 141.421 0.0 468634.9062
155.563 155.563 0.0 465634.8438
169.706 169.706 0.0 462654.6562
183.848 183.848 0.0 459695.0312
197.99 197.99 0.0 456755.0312
212.132 212.132 0.0 453835.6562
226.274 226.274 0.0 450936.5000
240.416 240.416 0.0 448056.9688
254.558 254.558 0.0 445197.0625
268.701 268.701 0.0 442357.5312
282.843 282.843 0.0 439537.7188
296.985 296.985 0.0 436727.3750
311.127 311.127 0.0 433936.5625
325.269 325.269 0.0 431164.8125
339.411 339.411 0.0 428412.9688
353.553 353.553 0.0 425680.5938
367.696 367.696 0.0 422976.2500
381.838 381.838 0.0 420325.4688
395.98 395.98 0.0 417649.6562
410.122 410.122 0.0 414993.0312
424.264 424.264 0.0 412355.0312
438.406 438.406 0.0 409736.6562
452.548 452.548 0.0 407124.0938
466.69 466.69 0.0 404523.7188
480.833 480.833 0.0 401940.7500
494.975 494.975 0.0 399377.8750
509.117 509.117 0.0 396833.0625
523.259 523.259 0.0 394307.1562
537.401 537.401 0.0 391800.4375
551.543 551.543 0.0 389311.8125
565.685 565.685 0.0 386841.5938
579.828 579.828 0.0 384389.3750
593.97 593.97 0.0 382143.1875
608.112 608.112 0.0 380192.2812
622.254 622.254 0.0 378226.4688
636.396 636.396 0.0 376269.8750
650.538 650.538 0.0 374325.2812
664.68 664.68 0.0 372392.8438
678.823 678.823 0.0 370449.2812
692.965 692.965 0.0 368508.4375
707.107 707.107 0.0 366580.0312
721.249 721.249 0.0 364663.4062
735.391 735.391 0.0 362683.0156
749.533 749.533 0.0 360646.7500
763.675 763.675 0.0 358624.6250
777.817 777.817 0.0 356634.2812
791.96 791.96 0.0 354671.7344
806.102 806.102 0.0 352689.2656
820.244 820.244 0.0 350644.7031
834.386 834.386 0.0 348615.5625
848.528 848.528 0.0 346600.5781
862.67 862.67 0.0 344600.2031
876.812 876.812 0.0 342614.5156
890.955 890.955 0.0 340632.2031
905.097 905.097 0.0 338645.6562
919.239 919.239 0.0 336673.6562
933.381 933.381 0.0 334716.6562
947.523 947.523 0.0 332773.5000
961.665 961.665 0.0 330779.7656
975.807 975.807 0.0 328784.6562
989.949 989.949 0.0 326804.6250
1004.09 1004.09 0.0 324840.3906
1018.23 1018.23 0.0 322891.9062
1032.38 1032.38 0.0 320956.9219
1046.52 1046.52 0.0 319038.3281
1060.66 1060.66 0.0 317134.8125
1074.8 1074.8 0.0 315246.2188
1088.94 1088.94 0.0 313372.3750
1103.09 1103.09 0.0 311512.2500
1117.23 1117.23 0.0 309668.2031
1131.37 1131.37 0.0 307838.2188
1145.51 1145.51 0.0 306023.0938
1159.66 1159.66 0.0 304220.8281
1173.8 1173.8 0.0 302434.4844
1187.94 1187.94 0.0 300662.0312
1202.08 1202.08 0.0 298903.8281
1216.22 1216.22 0.0 297159.7812
1230.37 1230.37 0.0 295428.3594
1244.51 1244.51 0.0 293711.7031
1258.65 1258.65 0.0 292009.2500
1272.79 1272.79 0.0 290320.4062
1286.93 1286.93 0.0 288911.6562
1301.08 1301.08 0.0 287533.4375
1315.22 1315.22 0.0 286167.2500
1329.36 1329.36 0.0 284819.6250
1343.5 1343.5 0.0 283437.1406
1357.65 1357.65 0.0 281991.2500
1371.79 1371.79 0.0 280566.1719
1385.93 1385.93 0.0 279151.2969
1400.07 1400.07 0.0 277746.4219
1414.21 1414.21 0.0 276350.9219
1428.36 1428.36 0.0 274963.2969
1442.5 1442.5 0.0 273576.5625
1456.64 1456.64 0.0 272186.9844
1470.78 1470.78 0.0 270808.1562
1484.92 1484.92 0.0 269440.3906
1499.07 1499.07 0.0 268088.9062
1513.21 1513.21 0.0 266785.9219
1527.35 1527.35 0.0 265755.2656
1541.49 1541.49 0.0 264730.4062
1555.63 1555.63 0.0 263711.6875
1569.78 1569.78 0.0 262697.8750
1583.92 1583.92 0.0 261688.7812
1598.06 1598.06 0.0 260819.2188
1612.2 1612.2 0.0 260139.5781
1626.35 1626.35 0.0 259413.9375
1640.49 1640.49 0.0 258650.9844
1654.63 1654.63 0.0 257891.5938
1668.77 1668.77 0.0 257135.8281
1682.91 1682.91 0.0 256383.2188
1697.06 1697.06 0.0 255668.8594
1711.2 1711.2 0.0 254961.8125
1725.34 1725.34 0.0 254259.4688
1739.48 1739.48 0.0 253628.2656
1753.62 1753.62 0.0 253075.4531
1767.77 1767.77 0.0 252529.5469
1781.91 1781.91 0.0 251985.7656
1796.05 1796.05 0.0 251443.9844
1810.19 1810.19 0.0 250903.9062
1824.34 1824.34 0.0 250349.0938
1838.48 1838.48 0.0 249742.5000
1852.62 1852.62 0.0 249124.2656
1866.76 1866.76 0.0 248508.2500
1880.9 1880.9 0.0 247894.7656
1895.05 1895.05 0.0 247283.2969
1909.19 1909.19 0.0 246674.4219
1923.33 1923.33 0.0 246068.1250
1937.47 1937.47 0.0 245461.5938
1951.61 1951.61 0.0 244855.2500
1965.76 1965.76 0.0 244246.1094
1979.9 1979.9 0.0 243592.1875
1994.04 1994.04 0.0 242941.0469
2008.18 2008.18 0.0 242292.5625
2022.33 2022.33 0.0 241642.1094
2036.47 2036.47 0.0 240986.7188
2050.61 2050.61 0.0 240334.3281
2064.75 2064.75 0.0 239684.7344
2078.89 2078.89 0.0 239037.7656
2093.04 2093.04 0.0 238391.7188
2107.18 2107.18 0.0 237749.1719
2121.32 2121.32 0.0 237109.2500
2135.46 2135.46 0.0 236471.9062
2149.6 2149.6 0.0 235837.7188
2163.75 2163.75 0.0 235223.6719
2177.89 2177.89 0.0 234647.4688
2192.03 2192.03 0.0 234093.9688
2206.17 2206.17 0.0 233538.9062
2220.32 2220.32 0.0 232973.0938
2234.46 2234.46 0.0 232396.4062
2248.6 2248.6 0.0 231822.2344
2262.74 2262.74 0.0 231250.3281
2276.88 2276.88 0.0 230680.6406
2291.03 2291.03 0.0 230112.9375
2305.17 2305.17 0.0 229548.1953
2319.31 2319.31 0.0 228993.2500
2333.45 2333.45 0.0 228447.5234
2347.59 2347.59 0.0 227904.0156
2361.74 2361.74 0.0 227362.1641
2375.88 2375.88 0.0 226823.2344
2390.02 2390.02 0.0 226286.3594
2404.16 2404.16 0.0 225814.4766
2418.31 2418.31 0.0 225357.3906
2432.45 2432.45 0.0 224901.5234
2446.59 2446.59 0.0 224447.2266
2460.73 2460.73 0.0 223994.4688
2474.87 2474.87 0.0 223570.3516
2489.02 2489.02 0.0 223146.8828
2503.16 2503.16 0.0 222718.0469
2517.3 2517.3 0.0 222258.5938
2531.44 2531.44 0.0 221800.9141
2545.58 2545.58 0.0 221344.6953
2559.73 2559.73 0.0 220889.8828
2573.87 2573.87 0.0 220413.1719
2588.01 2588.01 0.0 219880.3438
2602.15 2602.15 0.0 219337.9297
2616.3 2616.3 0.0 218791.2344
2630.44 2630.44 0.0 218245.6953
2644.58 2644.58 0.0 217702.4453
2658.72 2658.72 0.0 217161.6250
2672.86 2672.86 0.0 216623.4844
2687.01 2687.01 0.0 216086.8516
2701.15 2701.15 0.0 215553.2500
2715.29 2715.29 0.0 215019.4531
2729.43 2729.43 0.0 214485.4062
2743.57 2743.57 0.0 213953.8125
2757.72 2757.72 0.0 213424.3203
2771.86 2771.86 0.0 212892.6484
2786.0 2786.0 0.0 212349.7109
2800.14 2800.14 0.0 211809.2656
2814.28 2814.28 0.0 211270.3984
2828.43 2828.43 0.0 210701.4531
2842.57 2842.57 0.0 210117.2500
2856.71 2856.71 0.0 209535.9141
2870.85 2870.85 0.0 208957.3594
2885.0 2885.0 0.0 208381.3594
2899.14 2899.14 0.0 207808.7344
2913.28 2913.28 0.0 207239.1641
2927.42 2927.42 0.0 206672.4062
2941.56 2941.56 0.0 206108.4453
2955.71 2955.71 0.0 205547.0312
2969.85 2969.85 0.0 204988.7656
2983.99 2983.99 0.0 204390.2266
2998.13 2998.13 0.0 203761.1875
3012.27 3012.27 0.0 203135.2656
3026.42 3026.42 0.0 202512.5234
3040.56 3040.56 0.0 201893.9141
3054.7 3054.7 0.0 201278.8906
3068.84 3068.84 0.0 200661.8516
3082.99 3082.99 0.0 200029.3906
3097.13 3097.13 0.0 199401.4219
3111.27 3111.27 0.0 198776.9219
3125.41 3125.41 0.0 198156.3125
3139.55 3139.55 0.0 197539.6406
3153.7 3153.7 0.0 196920.6016
3167.84 3167.84 0.0 196303.1172
3181.98 3181.98 0.0 195689.8984
3196.12 3196.12 0.0 195080.1719
3210.26 3210.26 0.0 194474.2578
3224.41 3224.41 0.0 193871.7500
3238.55 3238.55 0.0 193273.3438
3252.69 3252.69 0.0 192678.6328
3266.83 3266.83 0.0 192087.6328
3280.98 3280.98 0.0 191499.6406
3295.12 3295.12 0.0 190911.3516
3309.26 3309.26 0.0 190297.8281
3323.4 3323.4 0.0 189687.0938
3337.54 3337.54 0.0 189080.4844
3351.69 3351.69 0.0 188477.4766
3365.83 3365.83 0.0 187878.8750
3379.97 3379.97 0.0 187284.0547
3394.11 3394.11 0.0 186693.3984
3408.25 3408.25 0.0 186106.3359
3422.4 3422.4 0.0 185523.0234
3436.54 3436.54 0.0 184943.7500
3450.68 3450.68 0.0 184368.4453
3464.82 3464.82 0.0 183796.6797
3478.97 3478.97 0.0 183228.3438
3493.11 3493.11 0.0 182651.6016
3507.25 3507.25 0.0 182079.0469
3521.39 3521.39 0.0 181508.2656
3535.53 3535.53 0.0 180931.3906
3549.68 3549.68 0.0 180358.4844
3563.82 3563.82 0.0 179789.8438
3577.96 3577.96 0.0 179225.1328
3592.1 3592.1 0.0 178656.5781
3606.24 3606.24 0.0 178048.2578
3620.39 3620.39 0.0 177432.9453
3634.53 3634.53 0.0 176815.3672
3648.67 3648.67 0.0 176192.9531
3662.81 3662.81 0.0 175567.7500
3676.96 3676.96 0.0 174947.1562
3691.1 3691.1 0.0 174332.1484
3705.24 3705.24 0.0 173721.5859
3719.38 3719.38 0.0 173115.6953
3733.52 3733.52 0.0 172514.7422
3747.67 3747.67 0.0 171918.2344
3761.81 3761.81 0.0 171363.6641
3775.95 3775.95 0.0 170812.4922
3790.09 3790.09 0.0 170265.5156
3804.23 3804.23 0.0 169722.7578
3818.38 3818.38 0.0 169185.2500
3832.52 3832.52 0.0 168678.3047
3846.66 3846.66 0.0 168175.0859
3860.8 3860.8 0.0 167675.4922
3874.95 3874.95 0.0 167179.1094
3889.09 3889.09 0.0 166688.6094
3903.23 3903.23 0.0 166202.6602
3917.37 3917.37 0.0 165720.1445
3931.51 3931.51 0.0 165241.1016
3945.66 3945.66 0.0 164765.1875
3959.8 3959.8 0.0 164293.1367
3973.94 3973.94 0.0 163824.3594
3988.08 3988.08 0.0 163358.9648
4002.22 4002.22 0.0 162897.0820
4016.37 4016.37 0.0 162437.9531
4030.51 4030.51 0.0 161982.6992
4044.65 4044.65 0.0 161530.5469
4058.79 4058.79 0.0 161081.8164
4072.94 4072.94 0.0 160636.0859
4087.08 4087.08 0.0 160193.7305
4101.22 4101.22 0.0 159754.6328
4115.36 4115.36 0.0 159318.6953
4129.5 4129.5 0.0 158886.0156
4143.65 4143.65 0.0 158456.1367
4157.79 4157.79 0.0 158034.8945
4171.93 4171.93 0.0 157617.2227
4186.07 4186.07 0.0 157202.5234
4200.21 4200.21 0.0 156790.7461
4214.36 4214.36 0.0 156381.6250
4228.5 4228.5 0.0 155975.7188
4242.64 4242.64 0.0 155572.8828
