0.0 0.0 0.0 760905.3750
14.1421 14.1421 0.0 748609.0000
28.2843 28.2843 0.0 736478.1875
42.4264 42.4264 0.0 724228.2500
56.5685 56.5685 0.0 711180.8125
70.7107 70.7107 0.0 698113.6875
84.8528 84.8528 0.0 685256.0625
98.9949 98.9949 0.0 672601.5000
113.137 113.137 0.0 660150.9375
127.279 127.279 0.0 647903.9375
141.421 141.421 0.0 635860.7500
155.563 155.563 0.0 621153.6250
169.706 169.706 0.0 604635.5000
183.848 183.848 0.0 588454.8438
197.99 197.99 0.0 572436.3750
212.132 212.132 0.0 556383.9375
226.274 226.274 0.0 540465.0000
240.416 240.416 0.0 524160.3125
254.558 254.558 0.0 507882.4688
268.701 268.701 0.0 491483.1562
282.843 282.843 0.0 475656.3125
296.985 296.985 0.0 459805.8438
311.127 311.127 0.0 444056.9375
325.269 325.269 0.0 428565.5938
339.411 339.411 0.0 413422.4688
353.553 353.553 0.0 398880.9688
367.696 367.696 0.0 384599.0312
381.838 381.838 0.0 370327.9688
395.98 395.98 0.0 356676.8125
410.122 410.122 0.0 343638.3281
424.264 424.264 0.0 331192.0938
438.406 438.406 0.0 319730.9219
452.548 452.548 0.0 308743.2344
466.69 466.69 0.0 298040.3750
480.833 480.833 0.0 287573.6250
494.975 494.975 0.0 277649.6875
509.117 509.117 0.0 268164.8906
523.259 523.259 0.0 259150.7344
537.401 537.401 0.0 250369.9531
551.543 551.543 0.0 242000.6719
565.685 565.685 0.0 234071.9531
579.828 579.828 0.0 226880.1094
593.97 593.97 0.0 220452.9766
608.112 608.112 0.0 214328.1719
622.254 622.254 0.0 208497.8516
636.396 636.396 0.0 202744.2188
650.538 650.538 0.0 197526.2109
664.68 664.68 0.0 192648.7266
678.823 678.823 0.0 188007.4766
692.965 692.965 0.0 183593.0469
707.107 707.107 0.0 179394.4375
721.249 721.249 0.0 175380.9141
735.391 735.391 0.0 171559.2109
749.533 749.533 0.0 168272.4766
763.675 763.675 0.0 166007.5742
777.817 777.817 0.0 163816.8398
791.96 791.96 0.0 161614.9375
806.102 806.102 0.0 159647.5742
820.244 820.244 0.0 158007.4297
834.386 834.386 0.0 156412.3633
848.528 848.528 0.0 154922.0742
862.67 862.67 0.0 153710.1562
876.812 876.812 0.0 152525.1797
890.955 890.955 0.0 151365.8438
905.097 905.097 0.0 150232.4883
919.239 919.239 0.0 149124.2500
933.381 933.381 0.0 148040.2539
947.523 947.523 0.0 146980.4648
961.665 961.665 0.0 145944.3125
975.807 975.807 0.0 144930.9453
989.949 989.949 0.0 143940.0234
1004.09 1004.09 0.0 142872.3984
1018.23 1018.23 0.0 141712.6641
1032.38 1032.38 0.0 140822.9883
1046.52 1046.52 0.0 139953.5977
1060.66 1060.66 0.0 139103.0195
1074.8 1074.8 0.0 138273.2891
1088.94 1088.94 0.0 137463.6445
1103.09 1103.09 0.0 136670.8320
1117.23 1117.23 0.0 135895.5742
1131.37 1131.37 0.0 135137.1523
1145.51 1145.51 0.0 134395.0977
1159.66 1159.66 0.0 133668.5039
1173.8 1173.8 0.0 132958.0938
1187.94 1187.94 0.0 132263.0840
1202.08 1202.08 0.0 131583.1523
1216.22 1216.22 0.0 131119.9531
1230.37 1230.37 0.0 130665.8672
1244.51 1244.51 0.0 130218.9004
1258.65 1258.65 0.0 129778.7988
1272.79 1272.79 0.0 129345.2012
1286.93 1286.93 0.0 128896.6309
1301.08 1301.08 0.0 128446.1504
1315.22 1315.22 0.0 127996.4434
1329.36 1329.36 0.0 127554.1328
1343.5 1343.5 0.0 127119.0332
1357.65 1357.65 0.0 126690.8008
1371.79 1371.79 0.0 126278.5488
1385.93 1385.93 0.0 125876.1602
1400.07 1400.07 0.0 125480.1914
1414.21 1414.21 0.0 125125.7363
1428.36 1428.36 0.0 124782.4922
1442.5 1442.5 0.0 124444.3789
1456.64 1456.64 0.0 124130.0234
1470.78 1470.78 0.0 123842.4141
1484.92 1484.92 0.0 123556.6934
1499.07 1499.07 0.0 123274.4707
1513.21 1513.21 0.0 122995.8730
1527.35 1527.35 0.0 122720.8281
1541.49 1541.49 0.0 122447.6699
1555.63 1555.63 0.0 122169.6445
1569.78 1569.78 0.0 121904.7480
1583.92 1583.92 0.0 121656.1094
1598.06 1598.06 0.0 121412.2754
1612.2 1612.2 0.0 121195.2168
1626.35 1626.35 0.0 120980.3184
1640.49 1640.49 0.0 120767.8555
1654.63 1654.63 0.0 120557.6855
1668.77 1668.77 0.0 120349.7559
1682.91 1682.91 0.0 120141.3457
1697.06 1697.06 0.0 119917.5312
1711.2 1711.2 0.0 119694.8125
1725.34 1725.34 0.0 119461.4766
1739.48 1739.48 0.0 119222.6211
1753.62 1753.62 0.0 118991.7090
1767.77 1767.77 0.0 118766.1582
1781.91 1781.91 0.0 118531.8066
1796.05 1796.05 0.0 118300.5879
1810.19 1810.19 0.0 118072.4258
1824.34 1824.34 0.0 117847.1113
1838.48 1838.48 0.0 117625.0410
1852.62 1852.62 0.0 117405.8643
1866.76 1866.76 0.0 117175.8047
1880.9 1880.9 0.0 116943.1094
1895.05 1895.05 0.0 116841.1328
1909.19 1909.19 0.0 116817.2773
1923.33 1923.33 0.0 116804.6807
1937.47 1937.47 0.0 116778.5254
1951.61 1951.61 0.0 116727.2852
1965.76 1965.76 0.0 116676.1865
1979.9 1979.9 0.0 116625.2910
1994.04 1994.04 0.0 116574.5195
2008.18 2008.18 0.0 116523.9717
2022.33 2022.33 0.0 116473.5488
2036.47 2036.47 0.0 116422.3633
2050.61 2050.61 0.0 116349.9512
2064.75 2064.75 0.0 116277.7832
2078.89 2078.89 0.0 116203.8975
2093.04 2093.04 0.0 116130.3174
2107.18 2107.18 0.0 116082.3496
2121.32 2121.32 0.0 116028.2373
2135.46 2135.46 0.0 115973.6484
2149.6 2149.6 0.0 115914.5693
2163.75 2163.75 0.0 115850.4531
2177.89 2177.89 0.0 115787.7803
2192.03 2192.03 0.0 115727.6943
2206.17 2206.17 0.0 115667.8438
2220.32 2220.32 0.0 115612.1865
2234.46 2234.46 0.0 115557.8115
2248.6 2248.6 0.0 115526.9951
2262.74 2262.74 0.0 115497.7334
2276.88 2276.88 0.0 115468.5742
2291.03 2291.03 0.0 115439.4062
2305.17 2305.17 0.0 115410.3643
2319.31 2319.31 0.0 115381.3633
2333.45 2333.45 0.0 115352.4131
2347.59 2347.59 0.0 115323.5166
2361.74 2361.74 0.0 115294.6855
2375.88 2375.88 0.0 115265.9072
2390.02 2390.02 0.0 115237.2129
2404.16 2404.16 0.0 115202.9463
2418.31 2418.31 0.0 115156.4355
2432.45 2432.45 0.0 115106.7969
2446.59 2446.59 0.0 115052.3096
2460.73 2460.73 0.0 114998.0293
2474.87 2474.87 0.0 114944.4717
2489.02 2489.02 0.0 114891.4316
2503.16 2503.16 0.0 114838.6084
2517.3 2517.3 0.0 114785.9961
2531.44 2531.44 0.0 114727.6758
2545.58 2545.58 0.0 114659.9580
2559.73 2559.73 0.0 114592.5117
2573.87 2573.87 0.0 114525.4473
2588.01 2588.01 0.0 114458.6943
2602.15 2602.15 0.0 114392.3330
2616.3 2616.3 0.0 114326.2432
2630.44 2630.44 0.0 114260.5098
2644.58 2644.58 0.0 114195.1016
2658.72 2658.72 0.0 114130.0566
2672.86 2672.86 0.0 114065.3213
2687.01 2687.01 0.0 113997.1338
2701.15 2701.15 0.0 113928.9502
2715.29 2715.29 0.0 113865.5400
2729.43 2729.43 0.0 113802.4697
2743.57 2743.57 0.0 113739.7148
2757.72 2757.72 0.0 113677.1992
2771.86 2771.86 0.0 113615.0479
2786.0 2786.0 0.0 113567.1592
2800.14 2800.14 0.0 113551.0625
2814.28 2814.28 0.0 113521.5645
2828.43 2828.43 0.0 113491.0527
2842.57 2842.57 0.0 113459.6738
2856.71 2856.71 0.0 113411.5215
2870.85 2870.85 0.0 113350.3457
2885.0 2885.0 0.0 113261.7432
2899.14 2899.14 0.0 113172.8691
2913.28 2913.28 0.0 113084.6797
2927.42 2927.42 0.0 112995.6514
2941.56 2941.56 0.0 112887.3809
2955.71 2955.71 0.0 112779.9580
2969.85 2969.85 0.0 112672.4736
2983.99 2983.99 0.0 112556.5859
2998.13 2998.13 0.0 112432.9834
3012.27 3012.27 0.0 112310.7363
3026.42 3026.42 0.0 112189.7363
3040.56 3040.56 0.0 112070.1631
3054.7 3054.7 0.0 111951.8838
3068.84 3068.84 0.0 111834.9004
3082.99 3082.99 0.0 111719.1279
3097.13 3097.13 0.0 111604.6836
3111.27 3111.27 0.0 111491.5166
3125.41 3125.41 0.0 111379.5557
3139.55 3139.55 0.0 111268.8594
3153.7 3153.7 0.0 111159.2783
3167.84 3167.84 0.0 111050.9824
3181.98 3181.98 0.0 110964.8145
3196.12 3196.12 0.0 110899.1055
3210.26 3210.26 0.0 110843.7617
3224.41 3224.41 0.0 110791.2568
3238.55 3238.55 0.0 110744.7334
3252.69 3252.69 0.0 110704.4150
3266.83 3266.83 0.0 110662.3340
3280.98 3280.98 0.0 110619.2422
3295.12 3295.12 0.0 110576.2793
3309.26 3309.26 0.0 110532.3799
3323.4 3323.4 0.0 110488.7031
3337.54 3337.54 0.0 110445.2266
3351.69 3351.69 0.0 110401.9521
3365.83 3365.83 0.0 110358.8730
3379.97 3379.97 0.0 110316.0439
3394.11 3394.11 0.0 110273.3750
3408.25 3408.25 0.0 110230.9287
3422.4 3422.4 0.0 110188.6533
3436.54 3436.54 0.0 110149.7773
3450.68 3450.68 0.0 110112.9795
3464.82 3464.82 0.0 110076.3242
3478.97 3478.97 0.0 110039.7715
3493.11 3493.11 0.0 110003.4297
3507.25 3507.25 0.0 109968.9697
3521.39 3521.39 0.0 109936.5186
3535.53 3535.53 0.0 109904.2129
3549.68 3549.68 0.0 109871.9883
3563.82 3563.82 0.0 109839.1396
3577.96 3577.96 0.0 109806.3281
3592.1 3592.1 0.0 109773.6348
3606.24 3606.24 0.0 109741.0664
3620.39 3620.39 0.0 109708.5986
3634.53 3634.53 0.0 109676.2695
3648.67 3648.67 0.0 109644.0752
3662.81 3662.81 0.0 109612.0000
3676.96 3676.96 0.0 109580.0293
3691.1 3691.1 0.0 109548.2041
3705.24 3705.24 0.0 109516.5020
3719.38 3719.38 0.0 109484.9087
3733.52 3733.52 0.0 109453.4575
3747.67 3747.67 0.0 109422.0527
3761.81 3761.81 0.0 109390.8496
3775.95 3775.95 0.0 109359.7817
3790.09 3790.09 0.0 109328.8105
3804.23 3804.23 0.0 109297.9204
3818.38 3818.38 0.0 109267.1484
3832.52 3832.52 0.0 109236.3477
3846.66 3846.66 0.0 109203.6982
3860.8 3860.8 0.0 109171.2129
3874.95 3874.95 0.0 109138.7944
3889.09 3889.09 0.0 109094.0142
3903.23 3903.23 0.0 109033.4766
3917.37 3917.37 0.0 108973.3286
3931.51 3931.51 0.0 108913.6377
3945.66 3945.66 0.0 108854.4033
3959.8 3959.8 0.0 108795.6729
3973.94 3973.94 0.0 108737.3701
3988.08 3988.08 0.0 108679.5034
4002.22 4002.22 0.0 108634.9741
4016.37 4016.37 0.0 108592.2837
4030.51 4030.51 0.0 108553.3101
4044.65 4044.65 0.0 108512.9121
4058.79 4058.79 0.0 108472.7324
4072.94 4072.94 0.0 108431.6855
4087.08 4087.08 0.0 108390.8232
4101.22 4101.22 0.0 108350.1987
4115.36 4115.36 0.0 108309.7891
4129.5 4129.5 0.0 108269.5933
4143.65 4143.65 0.0 108229.6460
4157.79 4157.79 0.0 108189.9224
4171.93 4171.93 0.0 108150.4258
4186.07 4186.07 0.0 108110.1494
4200.21 4200.21 0.0 108068.5679
4214.36 4214.36 0.0 108026.7954
4228.5 4228.5 0.0 107984.1069
4242.64 4242.64 0.0 107940.8042
