0.0 0.0 0.0 193651.7266
14.1421 14.1421 0.0 191397.5391
28.2843 28.2843 0.0 189177.5859
42.4264 42.4264 0.0 186998.2422
56.5685 56.5685 0.0 184855.5859
70.7107 70.7107 0.0 182720.5391
84.8528 84.8528 0.0 180553.6484
98.9949 98.9949 0.0 178430.0703
113.137 113.137 0.0 176288.9062
127.279 127.279 0.0 174204.9062
141.421 141.421 0.0 172176.8828
155.563 155.563 0.0 170169.9609
169.706 169.706 0.0 168183.2422
183.848 183.848 0.0 166234.9648
197.99 197.99 0.0 164325.5391
212.132 212.132 0.0 162463.8086
226.274 226.274 0.0 160585.3047
240.416 240.416 0.0 158614.3828
254.558 254.558 0.0 156648.9531
268.701 268.701 0.0 154743.7695
282.843 282.843 0.0 152895.5156
296.985 296.985 0.0 151045.2734
311.127 311.127 0.0 149212.5469
325.269 325.269 0.0 147430.5664
339.411 339.411 0.0 146129.0703
353.553 353.553 0.0 144774.1016
367.696 367.696 0.0 143429.4961
381.838 381.838 0.0 142125.9023
395.98 395.98 0.0 140850.1680
410.122 410.122 0.0 139529.3828
424.264 424.264 0.0 138251.8750
438.406 438.406 0.0 137067.8359
452.548 452.548 0.0 136168.7227
466.69 466.69 0.0 135280.8242
480.833 480.833 0.0 134405.3359
494.975 494.975 0.0 133549.6621
509.117 509.117 0.0 132693.8809
523.259 523.259 0.0 131830.4883
537.401 537.401 0.0 130990.6387
551.543 551.543 0.0 130173.3926
565.685 565.685 0.0 129371.9395
579.828 579.828 0.0 128586.2520
593.97 593.97 0.0 127822.3887
608.112 608.112 0.0 127079.5430
622.254 622.254 0.0 126377.7031
636.396 636.396 0.0 125732.3809
650.538 650.538 0.0 125103.5215
664.68 664.68 0.0 124482.1816
678.823 678.823 0.0 123876.0625
692.965 692.965 0.0 123285.6797
707.107 707.107 0.0 122710.5977
721.249 721.249 0.0 122150.4180
735.391 735.391 0.0 121604.7441
749.533 749.533 0.0 121070.4590
763.675 763.675 0.0 120550.0352
777.817 777.817 0.0 120040.6406
791.96 791.96 0.0 119516.9766
806.102 806.102 0.0 118982.3242
820.244 820.244 0.0 118447.3477
834.386 834.386 0.0 117921.1836
848.528 848.528 0.0 117408.9297
862.67 862.67 0.0 116898.0547
876.812 876.812 0.0 116465.5352
890.955 890.955 0.0 116140.3213
905.097 905.097 0.0 115821.9180
919.239 919.239 0.0 115500.3652
933.381 933.381 0.0 115185.8760
947.523 947.523 0.0 114878.3418
961.665 961.665 0.0 114577.5312
975.807 975.807 0.0 114283.3887
989.949 989.949 0.0 113995.7295
1004.09 1004.09 0.0 113720.4043
1018.23 1018.23 0.0 113445.8154
1032.38 1032.38 0.0 113175.0654
1046.52 1046.52 0.0 112912.1406
1060.66 1060.66 0.0 112653.8828
1074.8 1074.8 0.0 112407.2383
1088.94 1088.94 0.0 112165.9102
1103.09 1103.09 0.0 111931.2637
1117.23 1117.23 0.0 111718.7295
1131.37 1131.37 0.0 111498.5801
1145.51 1145.51 0.0 111282.0508
1159.66 1159.66 0.0 111069.9873
1173.8 1173.8 0.0 110862.1289
1187.94 1187.94 0.0 110657.7705
1202.08 1202.08 0.0 110457.7334
1216.22 1216.22 0.0 110259.3887
1230.37 1230.37 0.0 110061.9570
1244.51 1244.51 0.0 109858.3398
1258.65 1258.65 0.0 109658.7002
1272.79 1272.79 0.0 109459.0791
1286.93 1286.93 0.0 109246.1958
1301.08 1301.08 0.0 109035.1719
1315.22 1315.22 0.0 108829.6431
1329.36 1329.36 0.0 108628.2881
1343.5 1343.5 0.0 108502.4658
1357.65 1357.65 0.0 108379.6484
1371.79 1371.79 0.0 108258.3818
1385.93 1385.93 0.0 108137.7422
1400.07 1400.07 0.0 108019.2065
1414.21 1414.21 0.0 107902.6396
1428.36 1428.36 0.0 107786.8027
1442.5 1442.5 0.0 107673.0781
1456.64 1456.64 0.0 107572.2344
1470.78 1470.78 0.0 107474.5254
1484.92 1484.92 0.0 107377.7495
1499.07 1499.07 0.0 107283.9634
1513.21 1513.21 0.0 107192.1104
1527.35 1527.35 0.0 107101.7549
1541.49 1541.49 0.0 107012.7949
1555.63 1555.63 0.0 106933.4307
1569.78 1569.78 0.0 106859.4219
1583.92 1583.92 0.0 106786.4175
1598.06 1598.06 0.0 106714.3867
1612.2 1612.2 0.0 106643.2881
1626.35 1626.35 0.0 106573.0830
1640.49 1640.49 0.0 106502.3438
1654.63 1654.63 0.0 106420.1406
1668.77 1668.77 0.0 106333.4326
1682.91 1682.91 0.0 106249.7261
1697.06 1697.06 0.0 106195.3813
1711.2 1711.2 0.0 106141.6807
1725.34 1725.34 0.0 106088.5630
1739.48 1739.48 0.0 106036.0400
1753.62 1753.62 0.0 105976.8892
1767.77 1767.77 0.0 105912.8906
1781.91 1781.91 0.0 105849.8398
1796.05 1796.05 0.0 105787.6343
1810.19 1810.19 0.0 105728.1357
1824.34 1824.34 0.0 105672.2617
1838.48 1838.48 0.0 105616.9541
1852.62 1852.62 0.0 105562.2725
1866.76 1866.76 0.0 105508.2856
1880.9 1880.9 0.0 105454.9731
1895.05 1895.05 0.0 105406.0000
1909.19 1909.19 0.0 105370.2461
1923.33 1923.33 0.0 105334.8042
1937.47 1937.47 0.0 105299.6606
1951.61 1951.61 0.0 105264.8457
1965.76 1965.76 0.0 105230.2976
1979.9 1979.9 0.0 105196.0815
1994.04 1994.04 0.0 105161.9893
2008.18 2008.18 0.0 105128.0737
2022.33 2022.33 0.0 105095.6877
2036.47 2036.47 0.0 105064.2556
2050.61 2050.61 0.0 105033.0781
2064.75 2064.75 0.0 105002.7722
2078.89 2078.89 0.0 104973.6272
2093.04 2093.04 0.0 104944.6936
2107.18 2107.18 0.0 104916.0029
2121.32 2121.32 0.0 104887.9004
2135.46 2135.46 0.0 104862.5828
2149.6 2149.6 0.0 104831.6226
2163.75 2163.75 0.0 104797.8171
2177.89 2177.89 0.0 104764.3650
2192.03 2192.03 0.0 104731.2378
2206.17 2206.17 0.0 104698.4226
2220.32 2220.32 0.0 104665.9041
2234.46 2234.46 0.0 104633.5376
2248.6 2248.6 0.0 104601.0896
2262.74 2262.74 0.0 104568.9658
2276.88 2276.88 0.0 104537.2312
2291.03 2291.03 0.0 104511.2341
2305.17 2305.17 0.0 104485.4695
2319.31 2319.31 0.0 104459.7173
2333.45 2333.45 0.0 104433.8491
2347.59 2347.59 0.0 104408.2146
2361.74 2361.74 0.0 104383.2031
2375.88 2375.88 0.0 104358.4146
2390.02 2390.02 0.0 104333.8206
2404.16 2404.16 0.0 104309.0366
2418.31 2418.31 0.0 104281.5496
2432.45 2432.45 0.0 104252.4192
2446.59 2446.59 0.0 104221.4285
2460.73 2460.73 0.0 104190.7600
2474.87 2474.87 0.0 104158.6938
2489.02 2489.02 0.0 104126.7505
2503.16 2503.16 0.0 104097.7039
2517.3 2517.3 0.0 104069.7925
2531.44 2531.44 0.0 104042.2659
2545.58 2545.58 0.0 104014.1423
2559.73 2559.73 0.0 103988.4810
2573.87 2573.87 0.0 103965.8123
2588.01 2588.01 0.0 103944.8516
2602.15 2602.15 0.0 103924.0642
2616.3 2616.3 0.0 103901.5171
2630.44 2630.44 0.0 103882.4395
2644.58 2644.58 0.0 103861.3423
2658.72 2658.72 0.0 103840.4192
2672.86 2672.86 0.0 103819.6775
2687.01 2687.01 0.0 103799.0857
2701.15 2701.15 0.0 103778.5200
2715.29 2715.29 0.0 103758.0623
2729.43 2729.43 0.0 103742.7014
2743.57 2743.57 0.0 103730.2427
2757.72 2757.72 0.0 103717.8320
2771.86 2771.86 0.0 103705.4956
2786.0 2786.0 0.0 103693.2192
2800.14 2800.14 0.0 103681.0081
2814.28 2814.28 0.0 103668.7922
2828.43 2828.43 0.0 103655.9998
2842.57 2842.57 0.0 103643.2839
2856.71 2856.71 0.0 103627.1577
2870.85 2870.85 0.0 103610.0415
2885.0 2885.0 0.0 103593.0398
2899.14 2899.14 0.0 103576.1741
2913.28 2913.28 0.0 103556.0791
2927.42 2927.42 0.0 103537.3943
2941.56 2941.56 0.0 103522.3801
2955.71 2955.71 0.0 103507.4653
2969.85 2969.85 0.0 103492.6521
2983.99 2983.99 0.0 103477.5776
2998.13 2998.13 0.0 103462.4958
3012.27 3012.27 0.0 103447.5188
3026.42 3026.42 0.0 103432.6343
3040.56 3040.56 0.0 103418.4204
3054.7 3054.7 0.0 103406.3257
3068.84 3068.84 0.0 103394.2939
3082.99 3082.99 0.0 103382.3289
3097.13 3097.13 0.0 103370.4396
3111.27 3111.27 0.0 103358.6171
3125.41 3125.41 0.0 103346.8685
3139.55 3139.55 0.0 103335.1150
3153.7 3153.7 0.0 103323.2576
3167.84 3167.84 0.0 103311.4727
3181.98 3181.98 0.0 103301.4946
3196.12 3196.12 0.0 103291.8853
3210.26 3210.26 0.0 103281.8088
3224.41 3224.41 0.0 103272.8639
3238.55 3238.55 0.0 103266.2385
3252.69 3252.69 0.0 103259.6453
3266.83 3266.83 0.0 103253.0742
3280.98 3280.98 0.0 103245.6011
3295.12 3295.12 0.0 103237.0692
3309.26 3309.26 0.0 103228.5696
3323.4 3323.4 0.0 103220.1086
3337.54 3337.54 0.0 103211.6835
3351.69 3351.69 0.0 103203.2922
3365.83 3365.83 0.0 103194.9462
3379.97 3379.97 0.0 103186.6338
3394.11 3394.11 0.0 103178.3573
3408.25 3408.25 0.0 103169.9594
3422.4 3422.4 0.0 103161.3466
3436.54 3436.54 0.0 103152.6233
3450.68 3450.68 0.0 103143.7552
3464.82 3464.82 0.0 103134.9337
3478.97 3478.97 0.0 103126.1461
3493.11 3493.11 0.0 103117.4055
3507.25 3507.25 0.0 103108.1108
3521.39 3521.39 0.0 103098.7977
3535.53 3535.53 0.0 103089.5345
3549.68 3549.68 0.0 103080.3107
3563.82 3563.82 0.0 103071.0885
3577.96 3577.96 0.0 103061.5331
3592.1 3592.1 0.0 103051.4822
3606.24 3606.24 0.0 103041.4861
3620.39 3620.39 0.0 103031.5414
3634.53 3634.53 0.0 103021.5918
3648.67 3648.67 0.0 103011.5702
3662.81 3662.81 0.0 103001.4454
3676.96 3676.96 0.0 102991.3800
3691.1 3691.1 0.0 102981.3828
3705.24 3705.24 0.0 102971.4423
3719.38 3719.38 0.0 102961.5629
3733.52 3733.52 0.0 102953.4862
3747.67 3747.67 0.0 102951.8438
3761.81 3761.81 0.0 102950.2075
3775.95 3775.95 0.0 102948.5450
3790.09 3790.09 0.0 102946.4780
3804.23 3804.23 0.0 102944.2036
3818.38 3818.38 0.0 102941.9293
3832.52 3832.52 0.0 102939.6605
3846.66 3846.66 0.0 102937.3936
3860.8 3860.8 0.0 102934.1564
3874.95 3874.95 0.0 102930.3397
3889.09 3889.09 0.0 102926.5330
3903.23 3903.23 0.0 102922.7373
3917.37 3917.37 0.0 102918.9478
3931.51 3931.51 0.0 102915.1718
3945.66 3945.66 0.0 102911.3970
3959.8 3959.8 0.0 102907.5355
3973.94 3973.94 0.0 102903.5653
3988.08 3988.08 0.0 102899.6067
4002.22 4002.22 0.0 102895.2179
4016.37 4016.37 0.0 102889.1240
4030.51 4030.51 0.0 102882.0868
4044.65 4044.65 0.0 102875.0806
4058.79 4058.79 0.0 102866.0610
4072.94 4072.94 0.0 102856.0400
4087.08 4087.08 0.0 102846.0886
4101.22 4101.22 0.0 102836.1887
4115.36 4115.36 0.0 102826.2354
4129.5 4129.5 0.0 102816.3468
4143.65 4143.65 0.0 102806.5161
4157.79 4157.79 0.0 102796.7524
4171.93 4171.93 0.0 102786.5117
4186.07 4186.07 0.0 102775.4076
4200.21 4200.21 0.0 102763.7804
4214.36 4214.36 0.0 102751.5417
4228.5 4228.5 0.0 102739.4131
4242.64 4242.64 0.0 102727.3931
