0.0 0.0 0.0 609832.9688
14.1421 14.1421 0.0 584446.0312
28.2843 28.2843 0.0 560005.9375
42.4264 42.4264 0.0 535913.0625
56.5685 56.5685 0.0 511178.3438
70.7107 70.7107 0.0 487256.8438
84.8528 84.8528 0.0 462392.8750
98.9949 98.9949 0.0 437555.5312
113.137 113.137 0.0 413689.6562
127.279 127.279 0.0 388479.4062
141.421 141.421 0.0 364008.0625
155.563 155.563 0.0 340326.1875
169.706 169.706 0.0 317905.6406
183.848 183.848 0.0 297387.3438
197.99 197.99 0.0 278639.9688
212.132 212.132 0.0 261439.9531
226.274 226.274 0.0 245789.0625
240.416 240.416 0.0 231571.5078
254.558 254.558 0.0 218749.6484
268.701 268.701 0.0 208117.6797
282.843 282.843 0.0 198492.5625
296.985 296.985 0.0 189692.7344
311.127 311.127 0.0 181700.7266
325.269 325.269 0.0 174422.3125
339.411 339.411 0.0 167771.2031
353.553 353.553 0.0 161682.9141
367.696 367.696 0.0 156330.0039
381.838 381.838 0.0 152686.6250
395.98 395.98 0.0 149251.1016
410.122 410.122 0.0 146038.6367
424.264 424.264 0.0 142969.9844
438.406 438.406 0.0 140062.6094
452.548 452.548 0.0 137500.6172
466.69 466.69 0.0 135226.7305
480.833 480.833 0.0 133633.9316
494.975 494.975 0.0 132102.2793
509.117 509.117 0.0 130636.6035
523.259 523.259 0.0 129239.5781
537.401 537.401 0.0 128048.0469
551.543 551.543 0.0 127137.1230
565.685 565.685 0.0 126256.8398
579.828 579.828 0.0 125406.1426
593.97 593.97 0.0 124599.3750
608.112 608.112 0.0 123833.6445
622.254 622.254 0.0 123092.8770
636.396 636.396 0.0 122376.2070
650.538 650.538 0.0 121682.9062
664.68 664.68 0.0 121066.9902
678.823 678.823 0.0 120494.8574
692.965 692.965 0.0 119939.1699
707.107 707.107 0.0 119399.4570
721.249 721.249 0.0 118875.2969
735.391 735.391 0.0 118366.1758
749.533 749.533 0.0 117871.7188
763.675 763.675 0.0 117390.7480
777.817 777.817 0.0 116923.5098
791.96 791.96 0.0 116469.5059
806.102 806.102 0.0 116019.8672
820.244 820.244 0.0 115583.5088
834.386 834.386 0.0 115170.3672
848.528 848.528 0.0 114776.6143
862.67 862.67 0.0 114389.0400
876.812 876.812 0.0 114012.5078
890.955 890.955 0.0 113657.4404
905.097 905.097 0.0 113321.5498
919.239 919.239 0.0 113023.6016
933.381 933.381 0.0 112815.3359
947.523 947.523 0.0 112613.5654
961.665 961.665 0.0 112436.9131
975.807 975.807 0.0 112262.3623
989.949 989.949 0.0 112090.5469
1004.09 1004.09 0.0 111921.3984
1018.23 1018.23 0.0 111754.8965
1032.38 1032.38 0.0 111590.9121
1046.52 1046.52 0.0 111415.9092
1060.66 1060.66 0.0 111243.5879
1074.8 1074.8 0.0 111074.1963
1088.94 1088.94 0.0 110907.6650
1103.09 1103.09 0.0 110743.8662
1117.23 1117.23 0.0 110582.9648
1131.37 1131.37 0.0 110424.7910
1145.51 1145.51 0.0 110269.2979
1159.66 1159.66 0.0 110116.3584
1173.8 1173.8 0.0 109960.8232
1187.94 1187.94 0.0 109795.7881
1202.08 1202.08 0.0 109633.8770
1216.22 1216.22 0.0 109475.0679
1230.37 1230.37 0.0 109319.1724
1244.51 1244.51 0.0 109166.3506
1258.65 1258.65 0.0 109016.4287
1272.79 1272.79 0.0 108869.3804
1286.93 1286.93 0.0 108725.1187
1301.08 1301.08 0.0 108583.5127
1315.22 1315.22 0.0 108444.7075
1329.36 1329.36 0.0 108308.5420
1343.5 1343.5 0.0 108174.9712
1357.65 1357.65 0.0 108058.1772
1371.79 1371.79 0.0 107943.7417
1385.93 1385.93 0.0 107831.4619
1400.07 1400.07 0.0 107721.1387
1414.21 1414.21 0.0 107612.6772
1428.36 1428.36 0.0 107505.9580
1442.5 1442.5 0.0 107405.8501
1456.64 1456.64 0.0 107319.8145
1470.78 1470.78 0.0 107234.9897
1484.92 1484.92 0.0 107151.3506
1499.07 1499.07 0.0 107080.0039
1513.21 1513.21 0.0 107057.3101
1527.35 1527.35 0.0 107028.4380
1541.49 1541.49 0.0 106999.7202
1555.63 1555.63 0.0 106971.1533
1569.78 1569.78 0.0 106942.7236
1583.92 1583.92 0.0 106914.4536
1598.06 1598.06 0.0 106885.7192
1612.2 1612.2 0.0 106841.7803
1626.35 1626.35 0.0 106797.8306
1640.49 1640.49 0.0 106759.0269
1654.63 1654.63 0.0 106722.4326
1668.77 1668.77 0.0 106686.0664
1682.91 1682.91 0.0 106649.9497
1697.06 1697.06 0.0 106614.0601
1711.2 1711.2 0.0 106578.4194
1725.34 1725.34 0.0 106541.5693
1739.48 1739.48 0.0 106503.1982
1753.62 1753.62 0.0 106469.4600
1767.77 1767.77 0.0 106439.6738
1781.91 1781.91 0.0 106410.0161
1796.05 1796.05 0.0 106379.8447
1810.19 1810.19 0.0 106348.2769
1824.34 1824.34 0.0 106316.8628
1838.48 1838.48 0.0 106287.8687
1852.62 1852.62 0.0 106279.5591
1866.76 1866.76 0.0 106271.2490
1880.9 1880.9 0.0 106264.8120
1895.05 1895.05 0.0 106255.4165
1909.19 1909.19 0.0 106244.5986
1923.33 1923.33 0.0 106227.2983
1937.47 1937.47 0.0 106209.4409
1951.61 1951.61 0.0 106187.0669
1965.76 1965.76 0.0 106163.6528
1979.9 1979.9 0.0 106140.1157
1994.04 1994.04 0.0 106118.0854
2008.18 2008.18 0.0 106097.3340
2022.33 2022.33 0.0 106077.9316
2036.47 2036.47 0.0 106058.6348
2050.61 2050.61 0.0 106039.0796
2064.75 2064.75 0.0 106019.1001
2078.89 2078.89 0.0 105999.2144
2093.04 2093.04 0.0 105979.3906
2107.18 2107.18 0.0 105957.0166
2121.32 2121.32 0.0 105934.3706
2135.46 2135.46 0.0 105916.9785
2149.6 2149.6 0.0 105897.9160
2163.75 2163.75 0.0 105876.1650
2177.89 2177.89 0.0 105855.0918
2192.03 2192.03 0.0 105833.8174
2206.17 2206.17 0.0 105810.1206
2220.32 2220.32 0.0 105786.5220
2234.46 2234.46 0.0 105762.0220
2248.6 2248.6 0.0 105732.8164
2262.74 2262.74 0.0 105704.0864
2276.88 2276.88 0.0 105670.9346
2291.03 2291.03 0.0 105637.4756
2305.17 2305.17 0.0 105607.8008
2319.31 2319.31 0.0 105581.7285
2333.45 2333.45 0.0 105555.8252
2347.59 2347.59 0.0 105530.0630
2361.74 2361.74 0.0 105504.4473
2375.88 2375.88 0.0 105479.0015
2390.02 2390.02 0.0 105453.8765
2404.16 2404.16 0.0 105435.6099
2418.31 2418.31 0.0 105417.4312
2432.45 2432.45 0.0 105398.9839
2446.59 2446.59 0.0 105380.6191
2460.73 2460.73 0.0 105358.0938
2474.87 2474.87 0.0 105335.2009
2489.02 2489.02 0.0 105312.4358
2503.16 2503.16 0.0 105289.7957
2517.3 2517.3 0.0 105267.2949
2531.44 2531.44 0.0 105244.9224
2545.58 2545.58 0.0 105231.9392
2559.73 2559.73 0.0 105220.9714
2573.87 2573.87 0.0 105209.1099
2588.01 2588.01 0.0 105197.1631
2602.15 2602.15 0.0 105183.3738
2616.3 2616.3 0.0 105169.6299
2630.44 2630.44 0.0 105154.2288
2644.58 2644.58 0.0 105135.9460
2658.72 2658.72 0.0 105119.7659
2672.86 2672.86 0.0 105103.8679
2687.01 2687.01 0.0 105088.0222
2701.15 2701.15 0.0 105072.2534
2715.29 2715.29 0.0 105056.5542
2729.43 2729.43 0.0 105040.9116
2743.57 2743.57 0.0 105025.3384
2757.72 2757.72 0.0 105009.8213
2771.86 2771.86 0.0 104994.3794
2786.0 2786.0 0.0 104979.0059
2800.14 2800.14 0.0 104959.0046
2814.28 2814.28 0.0 104936.2219
2828.43 2828.43 0.0 104913.5613
2842.57 2842.57 0.0 104891.0593
2856.71 2856.71 0.0 104867.4136
2870.85 2870.85 0.0 104843.5322
2885.0 2885.0 0.0 104819.7830
2899.14 2899.14 0.0 104796.2141
2913.28 2913.28 0.0 104772.8037
2927.42 2927.42 0.0 104749.5508
2941.56 2941.56 0.0 104726.4563
2955.71 2955.71 0.0 104703.5024
2969.85 2969.85 0.0 104680.7434
2983.99 2983.99 0.0 104659.5483
2998.13 2998.13 0.0 104638.0786
3012.27 3012.27 0.0 104615.8362
3026.42 3026.42 0.0 104593.7354
3040.56 3040.56 0.0 104571.7839
3054.7 3054.7 0.0 104549.9922
3068.84 3068.84 0.0 104529.8562
3082.99 3082.99 0.0 104511.9502
3097.13 3097.13 0.0 104497.5491
3111.27 3111.27 0.0 104494.1497
3125.41 3125.41 0.0 104490.7688
3139.55 3139.55 0.0 104486.3918
3153.7 3153.7 0.0 104479.5498
3167.84 3167.84 0.0 104471.2314
3181.98 3181.98 0.0 104459.9531
3196.12 3196.12 0.0 104448.7048
3210.26 3210.26 0.0 104437.4983
3224.41 3224.41 0.0 104426.3318
3238.55 3238.55 0.0 104415.2085
3252.69 3252.69 0.0 104404.1306
3266.83 3266.83 0.0 104393.0850
3280.98 3280.98 0.0 104382.0720
3295.12 3295.12 0.0 104371.1145
3309.26 3309.26 0.0 104360.1829
3323.4 3323.4 0.0 104349.2974
3337.54 3337.54 0.0 104339.0813
3351.69 3351.69 0.0 104329.6345
3365.83 3365.83 0.0 104320.2278
3379.97 3379.97 0.0 104310.5090
3394.11 3394.11 0.0 104300.8103
3408.25 3408.25 0.0 104291.1292
3422.4 3422.4 0.0 104282.1157
3436.54 3436.54 0.0 104274.1699
3450.68 3450.68 0.0 104266.2410
3464.82 3464.82 0.0 104258.3406
3478.97 3478.97 0.0 104250.4475
3493.11 3493.11 0.0 104242.5935
3507.25 3507.25 0.0 104234.7510
3521.39 3521.39 0.0 104226.9268
3535.53 3535.53 0.0 104218.9692
3549.68 3549.68 0.0 104210.5210
3563.82 3563.82 0.0 104202.1123
3577.96 3577.96 0.0 104191.2925
3592.1 3592.1 0.0 104177.3440
3606.24 3606.24 0.0 104163.4690
3620.39 3620.39 0.0 104149.6582
3634.53 3634.53 0.0 104135.9216
3648.67 3648.67 0.0 104122.2412
3662.81 3662.81 0.0 104108.6411
3676.96 3676.96 0.0 104095.0828
3691.1 3691.1 0.0 104081.6138
3705.24 3705.24 0.0 104072.1553
3719.38 3719.38 0.0 104064.9336
3733.52 3733.52 0.0 104056.6284
3747.67 3747.67 0.0 104043.8784
3761.81 3761.81 0.0 104031.1863
3775.95 3775.95 0.0 104018.5547
3790.09 3790.09 0.0 104005.3999
3804.23 3804.23 0.0 103991.7783
3818.38 3818.38 0.0 103977.9934
3832.52 3832.52 0.0 103964.1577
3846.66 3846.66 0.0 103950.3967
3860.8 3860.8 0.0 103936.7048
3874.95 3874.95 0.0 103923.0720
3889.09 3889.09 0.0 103909.5261
3903.23 3903.23 0.0 103896.0481
3917.37 3917.37 0.0 103882.6440
3931.51 3931.51 0.0 103869.3076
3945.66 3945.66 0.0 103856.0259
3959.8 3959.8 0.0 103841.6821
3973.94 3973.94 0.0 103827.2451
3988.08 3988.08 0.0 103812.8862
4002.22 4002.22 0.0 103798.6133
4016.37 4016.37 0.0 103784.4126
4030.51 4030.51 0.0 103770.5554
4044.65 4044.65 0.0 103757.4622
4058.79 4058.79 0.0 103744.9666
4072.94 4072.94 0.0 103734.5757
4087.08 4087.08 0.0 103724.2354
4101.22 4101.22 0.0 103713.7898
4115.36 4115.36 0.0 103702.9946
4129.5 4129.5 0.0 103692.2527
4143.65 4143.65 0.0 103681.3416
4157.79 4157.79 0.0 103670.3167
4171.93 4171.93 0.0 103658.8230
4186.07 4186.07 0.0 103649.2295
4200.21 4200.21 0.0 103641.4250
4214.36 4214.36 0.0 103633.6611
4228.5 4228.5 0.0 103625.9221
4242.64 4242.64 0.0 103618.1990
