0.0 0.0 0.0 359353.7812
14.1421 14.1421 0.0 357054.2812
28.2843 28.2843 0.0 354773.0469
42.4264 42.4264 0.0 352509.5156
56.5685 56.5685 0.0 350264.2812
70.7107 70.7107 0.0 348036.2656
84.8528 84.8528 0.0 345825.4844
98.9949 98.9949 0.0 343633.0938
113.137 113.137 0.0 341457.5469
127.279 127.279 0.0 339299.0156
141.421 141.421 0.0 337146.0156
155.563 155.563 0.0 335008.7969
169.706 169.706 0.0 332888.8594
183.848 183.848 0.0 330786.5469
197.99 197.99 0.0 328706.7656
212.132 212.132 0.0 326660.2188
226.274 226.274 0.0 324629.8125
240.416 240.416 0.0 322615.2500
254.558 254.558 0.0 320617.4531
268.701 268.701 0.0 318635.7500
282.843 282.843 0.0 316669.7500
296.985 296.985 0.0 314720.2188
311.127 311.127 0.0 312786.3906
325.269 325.269 0.0 310868.0625
339.411 339.411 0.0 308965.6562
353.553 353.553 0.0 307078.8281
367.696 367.696 0.0 305207.0781
381.838 381.838 0.0 303351.0938
395.98 395.98 0.0 301505.3438
410.122 410.122 0.0 299670.3906
424.264 424.264 0.0 297850.7969
438.406 438.406 0.0 296046.4062
452.548 452.548 0.0 294256.7344
466.69 466.69 0.0 292482.4531
480.833 480.833 0.0 290722.5625
494.975 494.975 0.0 288977.6406
509.117 509.117 0.0 287247.2031
523.259 523.259 0.0 285531.4062
537.401 537.401 0.0 283829.9062
551.543 551.543 0.0 282142.7812
565.685 565.685 0.0 280813.9219
579.828 579.828 0.0 279660.6875
593.97 593.97 0.0 278550.5469
608.112 608.112 0.0 277494.0938
622.254 622.254 0.0 276443.6094
636.396 636.396 0.0 275390.6875
650.538 650.538 0.0 274271.0469
664.68 664.68 0.0 273357.1875
678.823 678.823 0.0 272617.3438
692.965 692.965 0.0 271855.7500
707.107 707.107 0.0 271095.1250
721.249 721.249 0.0 270330.6406
735.391 735.391 0.0 269514.6406
749.533 749.533 0.0 268689.9375
763.675 763.675 0.0 267736.3281
777.817 777.817 0.0 266763.4688
791.96 791.96 0.0 265891.0625
806.102 806.102 0.0 265090.3750
820.244 820.244 0.0 264293.5625
834.386 834.386 0.0 263500.1406
848.528 848.528 0.0 262704.5625
862.67 862.67 0.0 261865.0000
876.812 876.812 0.0 261018.5781
890.955 890.955 0.0 260145.5625
905.097 905.097 0.0 259277.0938
919.239 919.239 0.0 258398.1562
933.381 933.381 0.0 257509.4062
947.523 947.523 0.0 256625.1094
961.665 961.665 0.0 255740.4219
975.807 975.807 0.0 254705.2188
989.949 989.949 0.0 253664.1562
1004.09 1004.09 0.0 252557.1562
1018.23 1018.23 0.0 251411.1094
1032.38 1032.38 0.0 250201.9531
1046.52 1046.52 0.0 248978.7188
1060.66 1060.66 0.0 247707.1875
1074.8 1074.8 0.0 246546.4688
1088.94 1088.94 0.0 245473.9531
1103.09 1103.09 0.0 244617.7500
1117.23 1117.23 0.0 243847.4062
1131.37 1131.37 0.0 243071.3125
1145.51 1145.51 0.0 242299.1875
1159.66 1159.66 0.0 241530.5469
1173.8 1173.8 0.0 240766.2812
1187.94 1187.94 0.0 239973.5938
1202.08 1202.08 0.0 239179.3125
1216.22 1216.22 0.0 238389.3750
1230.37 1230.37 0.0 237561.3438
1244.51 1244.51 0.0 236604.1562
1258.65 1258.65 0.0 235625.0156
1272.79 1272.79 0.0 234652.7031
1286.93 1286.93 0.0 233686.7344
1301.08 1301.08 0.0 232726.7969
1315.22 1315.22 0.0 231773.8594
1329.36 1329.36 0.0 230827.6094
1343.5 1343.5 0.0 229887.6562
1357.65 1357.65 0.0 228743.2812
1371.79 1371.79 0.0 227597.6953
1385.93 1385.93 0.0 226471.5938
1400.07 1400.07 0.0 225399.6484
1414.21 1414.21 0.0 224336.2031
1428.36 1428.36 0.0 223288.0234
1442.5 1442.5 0.0 222236.9766
1456.64 1456.64 0.0 221183.3828
1470.78 1470.78 0.0 220138.5781
1484.92 1484.92 0.0 219102.2344
1499.07 1499.07 0.0 218073.8359
1513.21 1513.21 0.0 217049.3594
1527.35 1527.35 0.0 215994.6562
1541.49 1541.49 0.0 214950.1719
1555.63 1555.63 0.0 213790.0938
1569.78 1569.78 0.0 212867.2344
1583.92 1583.92 0.0 212121.0391
1598.06 1598.06 0.0 211379.7188
1612.2 1612.2 0.0 210643.1250
1626.35 1626.35 0.0 209910.5312
1640.49 1640.49 0.0 209180.4531
1654.63 1654.63 0.0 208412.9297
1668.77 1668.77 0.0 207640.0938
1682.91 1682.91 0.0 206864.7344
1697.06 1697.06 0.0 206024.5781
1711.2 1711.2 0.0 205145.4531
1725.34 1725.34 0.0 204205.4219
1739.48 1739.48 0.0 203266.9375
1753.62 1753.62 0.0 202336.5469
1767.77 1767.77 0.0 201413.7578
1781.91 1781.91 0.0 200499.5234
1796.05 1796.05 0.0 199593.0703
1810.19 1810.19 0.0 198688.1406
1824.34 1824.34 0.0 197899.1953
1838.48 1838.48 0.0 197257.3203
1852.62 1852.62 0.0 196653.7969
1866.76 1866.76 0.0 196032.6328
1880.9 1880.9 0.0 195401.1719
1895.05 1895.05 0.0 195120.9922
1909.19 1909.19 0.0 194882.5547
1923.33 1923.33 0.0 194634.6562
1937.47 1937.47 0.0 194387.3672
1951.61 1951.61 0.0 194130.4375
1965.76 1965.76 0.0 193848.2500
1979.9 1979.9 0.0 193512.4453
1994.04 1994.04 0.0 193088.4453
2008.18 2008.18 0.0 192603.8047
2022.33 2022.33 0.0 192102.2422
2036.47 2036.47 0.0 191603.6016
2050.61 2050.61 0.0 191021.5312
2064.75 2064.75 0.0 190437.0781
2078.89 2078.89 0.0 189774.5625
2093.04 2093.04 0.0 189007.6016
2107.18 2107.18 0.0 188247.4219
2121.32 2121.32 0.0 187438.8906
2135.46 2135.46 0.0 186522.0312
2149.6 2149.6 0.0 185610.2812
2163.75 2163.75 0.0 184661.8359
2177.89 2177.89 0.0 183697.1250
2192.03 2192.03 0.0 182824.5547
2206.17 2206.17 0.0 181945.3594
2220.32 2220.32 0.0 181068.7109
2234.46 2234.46 0.0 180201.8828
2248.6 2248.6 0.0 179525.6406
2262.74 2262.74 0.0 178972.4453
2276.88 2276.88 0.0 178395.8906
2291.03 2291.03 0.0 177822.9062
2305.17 2305.17 0.0 177227.8125
2319.31 2319.31 0.0 176499.4844
2333.45 2333.45 0.0 175767.1797
2347.59 2347.59 0.0 175114.7891
2361.74 2361.74 0.0 174476.8516
2375.88 2375.88 0.0 173971.2578
2390.02 2390.02 0.0 173756.3203
2404.16 2404.16 0.0 173542.2188
2418.31 2418.31 0.0 173283.7109
2432.45 2432.45 0.0 172937.7969
2446.59 2446.59 0.0 172621.6328
2460.73 2460.73 0.0 172305.7812
2474.87 2474.87 0.0 171981.0391
2489.02 2489.02 0.0 171654.2109
2503.16 2503.16 0.0 171311.4141
2517.3 2517.3 0.0 170968.3984
2531.44 2531.44 0.0 170627.0859
2545.58 2545.58 0.0 170287.4609
2559.73 2559.73 0.0 169949.1953
2573.87 2573.87 0.0 169612.7031
2588.01 2588.01 0.0 169277.8438
2602.15 2602.15 0.0 168944.6094
2616.3 2616.3 0.0 168612.5547
2630.44 2630.44 0.0 168278.9688
2644.58 2644.58 0.0 167877.2891
2658.72 2658.72 0.0 167418.1797
2672.86 2672.86 0.0 166894.9453
2687.01 2687.01 0.0 166375.5273
2701.15 2701.15 0.0 165860.5352
2715.29 2715.29 0.0 165327.9297
2729.43 2729.43 0.0 164789.3281
2743.57 2743.57 0.0 164149.3906
2757.72 2757.72 0.0 163515.2969
2771.86 2771.86 0.0 162842.1094
2786.0 2786.0 0.0 162133.1836
2800.14 2800.14 0.0 161417.9062
2814.28 2814.28 0.0 160710.7812
2828.43 2828.43 0.0 160066.1484
2842.57 2842.57 0.0 159540.3008
2856.71 2856.71 0.0 158989.0898
2870.85 2870.85 0.0 158412.9375
2885.0 2885.0 0.0 157826.4414
2899.14 2899.14 0.0 157225.5000
2913.28 2913.28 0.0 156607.4062
2927.42 2927.42 0.0 155970.0156
2941.56 2941.56 0.0 155327.0586
2955.71 2955.71 0.0 154691.0898
2969.85 2969.85 0.0 154062.8555
2983.99 2983.99 0.0 153439.8398
2998.13 2998.13 0.0 152807.9180
3012.27 3012.27 0.0 152183.5234
3026.42 3026.42 0.0 151644.5859
3040.56 3040.56 0.0 151164.9727
3054.7 3054.7 0.0 150698.2422
3068.84 3068.84 0.0 150235.9141
3082.99 3082.99 0.0 149773.2031
3097.13 3097.13 0.0 149339.0898
3111.27 3111.27 0.0 148972.1719
3125.41 3125.41 0.0 148639.3477
3139.55 3139.55 0.0 148258.3594
3153.7 3153.7 0.0 147868.8711
3167.84 3167.84 0.0 147459.5742
3181.98 3181.98 0.0 146959.8711
3196.12 3196.12 0.0 146431.7812
3210.26 3210.26 0.0 145909.6094
3224.41 3224.41 0.0 145393.0352
3238.55 3238.55 0.0 145102.9062
3252.69 3252.69 0.0 144909.7148
3266.83 3266.83 0.0 144692.1914
3280.98 3280.98 0.0 144428.8867
3295.12 3295.12 0.0 144148.4570
3309.26 3309.26 0.0 143857.7500
3323.4 3323.4 0.0 143552.5703
3337.54 3337.54 0.0 143261.9375
3351.69 3351.69 0.0 142973.2656
3365.83 3365.83 0.0 142686.5625
3379.97 3379.97 0.0 142385.1875
3394.11 3394.11 0.0 142055.2578
3408.25 3408.25 0.0 141727.5781
3422.4 3422.4 0.0 141394.9023
3436.54 3436.54 0.0 141044.5039
3450.68 3450.68 0.0 140695.8008
3464.82 3464.82 0.0 140350.1445
3478.97 3478.97 0.0 140007.3242
3493.11 3493.11 0.0 139667.5508
3507.25 3507.25 0.0 139330.8086
3521.39 3521.39 0.0 138996.9141
3535.53 3535.53 0.0 138665.9141
3549.68 3549.68 0.0 138337.6211
3563.82 3563.82 0.0 138012.2852
3577.96 3577.96 0.0 137689.7461
3592.1 3592.1 0.0 137369.9961
3606.24 3606.24 0.0 137053.0703
3620.39 3620.39 0.0 136738.2227
3634.53 3634.53 0.0 136417.4102
3648.67 3648.67 0.0 136099.4766
3662.81 3662.81 0.0 135784.3711
3676.96 3676.96 0.0 135471.8125
3691.1 3691.1 0.0 135148.4727
3705.24 3705.24 0.0 134826.8008
3719.38 3719.38 0.0 134499.0625
3733.52 3733.52 0.0 134163.9258
3747.67 3747.67 0.0 133831.9609
3761.81 3761.81 0.0 133503.4531
3775.95 3775.95 0.0 133178.2363
3790.09 3790.09 0.0 132856.2402
3804.23 3804.23 0.0 132537.4668
3818.38 3818.38 0.0 132221.6289
3832.52 3832.52 0.0 131909.1816
3846.66 3846.66 0.0 131599.8223
3860.8 3860.8 0.0 131293.5625
3874.95 3874.95 0.0 130990.0977
3889.09 3889.09 0.0 130684.6445
3903.23 3903.23 0.0 130365.3828
3917.37 3917.37 0.0 130049.6211
3931.51 3931.51 0.0 129737.1133
3945.66 3945.66 0.0 129427.9062
3959.8 3959.8 0.0 129122.0840
3973.94 3973.94 0.0 128819.5762
3988.08 3988.08 0.0 128520.3398
4002.22 4002.22 0.0 128219.6934
4016.37 4016.37 0.0 127916.5938
4030.51 4030.51 0.0 127616.9785
4044.65 4044.65 0.0 127320.7559
4058.79 4058.79 0.0 127021.5176
4072.94 4072.94 0.0 126720.8691
4087.08 4087.08 0.0 126423.4375
4101.22 4101.22 0.0 126129.2070
4115.36 4115.36 0.0 125838.5430
4129.5 4129.5 0.0 125551.2344
4143.65 4143.65 0.0 125272.4922
4157.79 4157.79 0.0 124998.0332
4171.93 4171.93 0.0 124724.1680
4186.07 4186.07 0.0 124451.8965
4200.21 4200.21 0.0 124182.7812
4214.36 4214.36 0.0 123916.5059
4228.5 4228.5 0.0 123653.6211
4242.64 4242.64 0.0 123393.6699
