0.0 0.0 0.0 311754.6719
14.1421 14.1421 0.0 301018.6875
28.2843 28.2843 0.0 290591.7188
42.4264 42.4264 0.0 280498.2344
56.5685 56.5685 0.0 270785.7656
70.7107 70.7107 0.0 261724.1406
84.8528 84.8528 0.0 252789.5000
98.9949 98.9949 0.0 246148.3594
113.137 113.137 0.0 240210.3438
127.279 127.279 0.0 234453.9531
141.421 141.421 0.0 228873.6953
155.563 155.563 0.0 223513.6562
169.706 169.706 0.0 218365.2969
183.848 183.848 0.0 213422.5234
197.99 197.99 0.0 208677.0781
212.132 212.132 0.0 204122.5234
226.274 226.274 0.0 199743.3594
240.416 240.416 0.0 195383.2188
254.558 254.558 0.0 191139.4062
268.701 268.701 0.0 186749.5312
282.843 282.843 0.0 182348.1562
296.985 296.985 0.0 178120.3047
311.127 311.127 0.0 174001.6641
325.269 325.269 0.0 170096.1484
339.411 339.411 0.0 166386.4141
353.553 353.553 0.0 162858.6641
367.696 367.696 0.0 159517.8398
381.838 381.838 0.0 156328.3945
395.98 395.98 0.0 153963.9219
410.122 410.122 0.0 151721.4414
424.264 424.264 0.0 149514.6680
438.406 438.406 0.0 147382.3867
452.548 452.548 0.0 145340.7305
466.69 466.69 0.0 143373.7969
480.833 480.833 0.0 141673.8828
494.975 494.975 0.0 140388.1992
509.117 509.117 0.0 139142.4961
523.259 523.259 0.0 137916.7070
537.401 537.401 0.0 136694.5742
551.543 551.543 0.0 135511.6484
565.685 565.685 0.0 134367.6641
579.828 579.828 0.0 133261.3730
593.97 593.97 0.0 132191.5059
608.112 608.112 0.0 131156.9316
622.254 622.254 0.0 130156.5762
636.396 636.396 0.0 129189.3086
650.538 650.538 0.0 128254.0684
664.68 664.68 0.0 127349.8496
678.823 678.823 0.0 126475.4707
692.965 692.965 0.0 125630.1738
707.107 707.107 0.0 124812.9434
721.249 721.249 0.0 124022.9629
735.391 735.391 0.0 123259.2461
749.533 749.533 0.0 122583.0039
763.675 763.675 0.0 121972.8301
777.817 777.817 0.0 121377.4883
791.96 791.96 0.0 120799.1797
806.102 806.102 0.0 120237.3750
820.244 820.244 0.0 119691.6230
834.386 834.386 0.0 119161.5117
848.528 848.528 0.0 118646.5410
862.67 862.67 0.0 118146.7773
876.812 876.812 0.0 117665.1406
890.955 890.955 0.0 117217.1855
905.097 905.097 0.0 116934.8506
919.239 919.239 0.0 116656.3750
933.381 933.381 0.0 116382.8740
947.523 947.523 0.0 116114.1523
961.665 961.665 0.0 115839.8135
975.807 975.807 0.0 115551.6875
989.949 989.949 0.0 115268.7197
1004.09 1004.09 0.0 114991.3486
1018.23 1018.23 0.0 114719.4756
1032.38 1032.38 0.0 114452.8037
1046.52 1046.52 0.0 114187.5605
1060.66 1060.66 0.0 113922.6514
1074.8 1074.8 0.0 113663.1582
1088.94 1088.94 0.0 113409.0068
1103.09 1103.09 0.0 113156.8965
1117.23 1117.23 0.0 112901.9834
1131.37 1131.37 0.0 112652.5293
1145.51 1145.51 0.0 112408.4111
1159.66 1159.66 0.0 112166.5850
1173.8 1173.8 0.0 111919.3682
1187.94 1187.94 0.0 111677.2041
1202.08 1202.08 0.0 111440.7725
1216.22 1216.22 0.0 111209.8359
1230.37 1230.37 0.0 110983.9600
1244.51 1244.51 0.0 110767.8076
1258.65 1258.65 0.0 110572.9424
1272.79 1272.79 0.0 110382.0850
1286.93 1286.93 0.0 110195.1484
1301.08 1301.08 0.0 110011.9297
1315.22 1315.22 0.0 109832.6006
1329.36 1329.36 0.0 109656.9434
1343.5 1343.5 0.0 109484.9204
1357.65 1357.65 0.0 109316.3179
1371.79 1371.79 0.0 109144.5977
1385.93 1385.93 0.0 108968.6362
1400.07 1400.07 0.0 108803.3853
1414.21 1414.21 0.0 108719.4536
1428.36 1428.36 0.0 108612.5068
1442.5 1442.5 0.0 108500.7949
1456.64 1456.64 0.0 108369.6260
1470.78 1470.78 0.0 108236.5854
1484.92 1484.92 0.0 108106.0493
1499.07 1499.07 0.0 107981.7773
1513.21 1513.21 0.0 107883.3110
1527.35 1527.35 0.0 107781.9492
1541.49 1541.49 0.0 107673.2202
1555.63 1555.63 0.0 107568.3452
1569.78 1569.78 0.0 107467.7207
1583.92 1583.92 0.0 107365.3120
1598.06 1598.06 0.0 107261.3848
1612.2 1612.2 0.0 107159.6392
1626.35 1626.35 0.0 107059.5454
1640.49 1640.49 0.0 106961.2451
1654.63 1654.63 0.0 106863.2329
1668.77 1668.77 0.0 106762.8706
1682.91 1682.91 0.0 106677.2344
1697.06 1697.06 0.0 106594.3838
1711.2 1711.2 0.0 106512.8589
1725.34 1725.34 0.0 106432.5996
1739.48 1739.48 0.0 106353.5791
1753.62 1753.62 0.0 106287.8423
1767.77 1767.77 0.0 106237.7842
1781.91 1781.91 0.0 106188.5264
1796.05 1796.05 0.0 106139.7720
1810.19 1810.19 0.0 106091.5054
1824.34 1824.34 0.0 106043.6772
1838.48 1838.48 0.0 105996.3740
1852.62 1852.62 0.0 105949.5415
1866.76 1866.76 0.0 105903.1733
1880.9 1880.9 0.0 105857.2681
1895.05 1895.05 0.0 105812.1909
1909.19 1909.19 0.0 105782.9810
1923.33 1923.33 0.0 105755.7959
1937.47 1937.47 0.0 105723.8994
1951.61 1951.61 0.0 105690.6270
1965.76 1965.76 0.0 105657.5840
1979.9 1979.9 0.0 105635.9556
1994.04 1994.04 0.0 105618.5679
2008.18 2008.18 0.0 105601.9380
2022.33 2022.33 0.0 105587.4893
2036.47 2036.47 0.0 105569.3208
2050.61 2050.61 0.0 105550.9243
2064.75 2064.75 0.0 105532.6030
2078.89 2078.89 0.0 105514.8018
2093.04 2093.04 0.0 105497.1685
2107.18 2107.18 0.0 105479.9189
2121.32 2121.32 0.0 105464.4175
2135.46 2135.46 0.0 105449.1602
2149.6 2149.6 0.0 105425.6812
2163.75 2163.75 0.0 105402.3176
2177.89 2177.89 0.0 105379.1025
2192.03 2192.03 0.0 105356.0161
2206.17 2206.17 0.0 105331.3821
2220.32 2220.32 0.0 105306.6619
2234.46 2234.46 0.0 105282.6077
2248.6 2248.6 0.0 105260.6611
2262.74 2262.74 0.0 105238.8435
2276.88 2276.88 0.0 105217.1462
2291.03 2291.03 0.0 105193.4827
2305.17 2305.17 0.0 105173.9946
2319.31 2319.31 0.0 105154.6042
2333.45 2333.45 0.0 105135.3059
2347.59 2347.59 0.0 105110.6741
2361.74 2361.74 0.0 105071.6987
2375.88 2375.88 0.0 105033.1521
2390.02 2390.02 0.0 104995.0083
2404.16 2404.16 0.0 104957.8062
2418.31 2418.31 0.0 104921.4768
2432.45 2432.45 0.0 104885.5269
2446.59 2446.59 0.0 104854.1599
2460.73 2460.73 0.0 104825.9138
2474.87 2474.87 0.0 104797.9148
2489.02 2489.02 0.0 104770.1294
2503.16 2503.16 0.0 104742.5842
2517.3 2517.3 0.0 104715.2520
2531.44 2531.44 0.0 104688.1462
2545.58 2545.58 0.0 104661.2571
2559.73 2559.73 0.0 104634.5583
2573.87 2573.87 0.0 104608.0923
2588.01 2588.01 0.0 104581.8372
2602.15 2602.15 0.0 104556.2991
2616.3 2616.3 0.0 104532.1719
2630.44 2630.44 0.0 104508.2380
2644.58 2644.58 0.0 104484.4868
2658.72 2658.72 0.0 104459.7114
2672.86 2672.86 0.0 104435.4954
2687.01 2687.01 0.0 104413.3096
2701.15 2701.15 0.0 104391.2976
2715.29 2715.29 0.0 104368.9409
2729.43 2729.43 0.0 104344.2388
2743.57 2743.57 0.0 104316.6292
2757.72 2757.72 0.0 104288.1917
2771.86 2771.86 0.0 104267.8367
2786.0 2786.0 0.0 104248.8420
2800.14 2800.14 0.0 104227.1797
2814.28 2814.28 0.0 104204.0815
2828.43 2828.43 0.0 104180.2559
2842.57 2842.57 0.0 104155.2871
2856.71 2856.71 0.0 104130.5369
2870.85 2870.85 0.0 104106.0051
2885.0 2885.0 0.0 104081.2544
2899.14 2899.14 0.0 104056.6924
2913.28 2913.28 0.0 104032.3525
2927.42 2927.42 0.0 104008.2300
2941.56 2941.56 0.0 103984.3167
2955.71 2955.71 0.0 103960.5183
2969.85 2969.85 0.0 103936.8267
2983.99 2983.99 0.0 103913.3503
2998.13 2998.13 0.0 103890.0850
3012.27 3012.27 0.0 103867.3113
3026.42 3026.42 0.0 103846.0891
3040.56 3040.56 0.0 103826.5803
3054.7 3054.7 0.0 103811.4744
3068.84 3068.84 0.0 103799.8943
3082.99 3082.99 0.0 103789.3206
3097.13 3097.13 0.0 103778.7979
3111.27 3111.27 0.0 103768.3225
3125.41 3125.41 0.0 103757.8884
3139.55 3139.55 0.0 103750.2625
3153.7 3153.7 0.0 103740.1169
3167.84 3167.84 0.0 103729.4890
3181.98 3181.98 0.0 103718.9001
3196.12 3196.12 0.0 103708.3601
3210.26 3210.26 0.0 103697.8640
3224.41 3224.41 0.0 103687.4141
3238.55 3238.55 0.0 103677.0137
3252.69 3252.69 0.0 103666.6577
3266.83 3266.83 0.0 103655.5059
3280.98 3280.98 0.0 103642.6169
3295.12 3295.12 0.0 103629.4702
3309.26 3309.26 0.0 103609.9143
3323.4 3323.4 0.0 103588.7607
3337.54 3337.54 0.0 103567.8101
3351.69 3351.69 0.0 103547.0298
3365.83 3365.83 0.0 103526.3748
3379.97 3379.97 0.0 103506.5610
3394.11 3394.11 0.0 103489.7942
3408.25 3408.25 0.0 103473.1592
3422.4 3422.4 0.0 103456.6404
3436.54 3436.54 0.0 103440.2590
3450.68 3450.68 0.0 103424.0029
3464.82 3464.82 0.0 103407.8789
3478.97 3478.97 0.0 103402.2876
3493.11 3493.11 0.0 103396.3364
3507.25 3507.25 0.0 103390.0706
3521.39 3521.39 0.0 103384.8008
3535.53 3535.53 0.0 103380.7117
3549.68 3549.68 0.0 103376.6243
3563.82 3563.82 0.0 103372.5541
3577.96 3577.96 0.0 103368.4858
3592.1 3592.1 0.0 103366.1608
3606.24 3606.24 0.0 103363.9044
3620.39 3620.39 0.0 103361.0276
3634.53 3634.53 0.0 103358.1549
3648.67 3648.67 0.0 103355.2893
3662.81 3662.81 0.0 103352.4275
3676.96 3676.96 0.0 103349.5652
3691.1 3691.1 0.0 103346.7079
3705.24 3705.24 0.0 103343.8599
3719.38 3719.38 0.0 103341.0077
3733.52 3733.52 0.0 103338.1663
3747.67 3747.67 0.0 103335.3239
3761.81 3761.81 0.0 103331.8009
3775.95 3775.95 0.0 103327.1261
3790.09 3790.09 0.0 103322.4685
3804.23 3804.23 0.0 103317.8221
3818.38 3818.38 0.0 103313.1721
3832.52 3832.52 0.0 103308.5433
3846.66 3846.66 0.0 103303.9301
3860.8 3860.8 0.0 103299.4264
3874.95 3874.95 0.0 103294.9301
3889.09 3889.09 0.0 103290.4475
3903.23 3903.23 0.0 103285.9689
3917.37 3917.37 0.0 103281.3018
3931.51 3931.51 0.0 103272.7560
3945.66 3945.66 0.0 103264.2450
3959.8 3959.8 0.0 103255.7764
3973.94 3973.94 0.0 103247.3440
3988.08 3988.08 0.0 103238.9484
4002.22 4002.22 0.0 103230.5883
4016.37 4016.37 0.0 103222.2595
4030.51 4030.51 0.0 103213.9768
4044.65 4044.65 0.0 103205.7250
4058.79 4058.79 0.0 103197.2397
4072.94 4072.94 0.0 103188.5698
4087.08 4087.08 0.0 103179.9490
4101.22 4101.22 0.0 103171.3652
4115.36 4115.36 0.0 103162.8212
4129.5 4129.5 0.0 103154.3175
4143.65 4143.65 0.0 103145.8499
4157.79 4157.79 0.0 103137.4221
4171.93 4171.93 0.0 103128.4017
4186.07 4186.07 0.0 103119.3459
4200.21 4200.21 0.0 103110.3397
4214.36 4214.36 0.0 103101.3650
4228.5 4228.5 0.0 103092.3463
4242.64 4242.64 0.0 103083.2434
