0.0 0.0 0.0 204467.5469
14.1421 14.1421 0.0 203125.0938
28.2843 28.2843 0.0 201764.3281
42.4264 42.4264 0.0 200388.8984
56.5685 56.5685 0.0 199071.1172
70.7107 70.7107 0.0 197790.7422
84.8528 84.8528 0.0 196525.9766
98.9949 98.9949 0.0 195277.4297
113.137 113.137 0.0 193966.6094
127.279 127.279 0.0 192673.5312
141.421 141.421 0.0 191680.4844
155.563 155.563 0.0 190697.6797
169.706 169.706 0.0 189703.9531
183.848 183.848 0.0 188645.0391
197.99 197.99 0.0 187707.5078
212.132 212.132 0.0 186994.0703
226.274 226.274 0.0 186287.0625
240.416 240.416 0.0 185582.8672
254.558 254.558 0.0 184881.7266
268.701 268.701 0.0 184186.0938
282.843 282.843 0.0 183496.1250
296.985 296.985 0.0 182811.6406
311.127 311.127 0.0 182132.6875
325.269 325.269 0.0 181459.0859
339.411 339.411 0.0 180776.0859
353.553 353.553 0.0 180087.1641
367.696 367.696 0.0 179393.3906
381.838 381.838 0.0 178693.3203
395.98 395.98 0.0 177999.4766
410.122 410.122 0.0 177310.7734
424.264 424.264 0.0 176623.2500
438.406 438.406 0.0 175941.7500
452.548 452.548 0.0 175266.2812
466.69 466.69 0.0 174596.6797
480.833 480.833 0.0 173908.3047
494.975 494.975 0.0 173208.9609
509.117 509.117 0.0 172509.8281
523.259 523.259 0.0 171806.0000
537.401 537.401 0.0 171092.0156
551.543 551.543 0.0 170384.8906
565.685 565.685 0.0 169684.6719
579.828 579.828 0.0 168991.4609
593.97 593.97 0.0 168304.8828
608.112 608.112 0.0 167625.1094
622.254 622.254 0.0 166952.1094
636.396 636.396 0.0 166285.6211
650.538 650.538 0.0 165625.7891
664.68 664.68 0.0 164972.3438
678.823 678.823 0.0 164325.4258
692.965 692.965 0.0 163684.7344
707.107 707.107 0.0 163050.4961
721.249 721.249 0.0 162422.4766
735.391 735.391 0.0 161800.6211
749.533 749.533 0.0 161171.6367
763.675 763.675 0.0 160544.4648
777.817 777.817 0.0 159923.6953
791.96 791.96 0.0 159309.1836
806.102 806.102 0.0 158691.6445
820.244 820.244 0.0 158077.7617
834.386 834.386 0.0 157436.7773
848.528 848.528 0.0 156782.3359
862.67 862.67 0.0 156109.7070
876.812 876.812 0.0 155416.6914
890.955 890.955 0.0 154706.2773
905.097 905.097 0.0 153997.0781
919.239 919.239 0.0 153297.0742
933.381 933.381 0.0 152603.4102
947.523 947.523 0.0 151853.2734
961.665 961.665 0.0 151105.7344
975.807 975.807 0.0 150374.3203
989.949 989.949 0.0 149657.5547
1004.09 1004.09 0.0 148918.3320
1018.23 1018.23 0.0 148170.8828
1032.38 1032.38 0.0 147434.2539
1046.52 1046.52 0.0 146703.0273
1060.66 1060.66 0.0 145967.7695
1074.8 1074.8 0.0 145244.0742
1088.94 1088.94 0.0 144531.9883
1103.09 1103.09 0.0 143830.6680
1117.23 1117.23 0.0 143171.7031
1131.37 1131.37 0.0 142685.1445
1145.51 1145.51 0.0 142204.1562
1159.66 1159.66 0.0 141717.1094
1173.8 1173.8 0.0 141209.6328
1187.94 1187.94 0.0 140695.3438
1202.08 1202.08 0.0 140168.7266
1216.22 1216.22 0.0 139648.9727
1230.37 1230.37 0.0 139133.3594
1244.51 1244.51 0.0 138618.5781
1258.65 1258.65 0.0 138110.6836
1272.79 1272.79 0.0 137574.4805
1286.93 1286.93 0.0 137032.8164
1301.08 1301.08 0.0 136475.3398
1315.22 1315.22 0.0 135926.7188
1329.36 1329.36 0.0 135382.7383
1343.5 1343.5 0.0 134828.9922
1357.65 1357.65 0.0 134256.3125
1371.79 1371.79 0.0 133666.0000
1385.93 1385.93 0.0 133076.6953
1400.07 1400.07 0.0 132464.8320
1414.21 1414.21 0.0 131845.7422
1428.36 1428.36 0.0 131197.6855
1442.5 1442.5 0.0 130543.2168
1456.64 1456.64 0.0 129897.3027
1470.78 1470.78 0.0 129209.7578
1484.92 1484.92 0.0 128474.9492
1499.07 1499.07 0.0 127752.7266
1513.21 1513.21 0.0 127040.2812
1527.35 1527.35 0.0 126345.6992
1541.49 1541.49 0.0 125669.6230
1555.63 1555.63 0.0 125011.5410
1569.78 1569.78 0.0 124411.0098
1583.92 1583.92 0.0 123907.2168
1598.06 1598.06 0.0 123414.2246
1612.2 1612.2 0.0 122926.4805
1626.35 1626.35 0.0 122415.1172
1640.49 1640.49 0.0 121886.2617
1654.63 1654.63 0.0 121354.2949
1668.77 1668.77 0.0 120835.9492
1682.91 1682.91 0.0 120331.3340
1697.06 1697.06 0.0 119847.2969
1711.2 1711.2 0.0 119386.8457
1725.34 1725.34 0.0 118937.6660
1739.48 1739.48 0.0 118499.6172
1753.62 1753.62 0.0 118072.3242
1767.77 1767.77 0.0 117669.5078
1781.91 1781.91 0.0 117296.5078
1796.05 1796.05 0.0 116931.6885
1810.19 1810.19 0.0 116594.2900
1824.34 1824.34 0.0 116266.1250
1838.48 1838.48 0.0 115945.2314
1852.62 1852.62 0.0 115631.1191
1866.76 1866.76 0.0 115323.7148
1880.9 1880.9 0.0 115022.9043
1895.05 1895.05 0.0 114762.4082
1909.19 1909.19 0.0 114559.7393
1923.33 1923.33 0.0 114382.1230
1937.47 1937.47 0.0 114207.9062
1951.61 1951.61 0.0 114035.9395
1965.76 1965.76 0.0 113866.1758
1979.9 1979.9 0.0 113698.7656
1994.04 1994.04 0.0 113533.5762
2008.18 2008.18 0.0 113370.5791
2022.33 2022.33 0.0 113256.3008
2036.47 2036.47 0.0 113144.9951
2050.61 2050.61 0.0 113030.3799
2064.75 2064.75 0.0 112915.4365
2078.89 2078.89 0.0 112801.6152
2093.04 2093.04 0.0 112688.8516
2107.18 2107.18 0.0 112577.2432
2121.32 2121.32 0.0 112465.5938
2135.46 2135.46 0.0 112346.2520
2149.6 2149.6 0.0 112209.4121
2163.75 2163.75 0.0 112075.1689
2177.89 2177.89 0.0 111947.7666
2192.03 2192.03 0.0 111807.5723
2206.17 2206.17 0.0 111657.4814
2220.32 2220.32 0.0 111508.4121
2234.46 2234.46 0.0 111360.0547
2248.6 2248.6 0.0 111200.9941
2262.74 2262.74 0.0 111055.7178
2276.88 2276.88 0.0 110971.7383
2291.03 2291.03 0.0 110887.0449
2305.17 2305.17 0.0 110805.3965
2319.31 2319.31 0.0 110724.5479
2333.45 2333.45 0.0 110644.2100
2347.59 2347.59 0.0 110562.7725
2361.74 2361.74 0.0 110474.9248
2375.88 2375.88 0.0 110391.2676
2390.02 2390.02 0.0 110315.6387
2404.16 2404.16 0.0 110240.6494
2418.31 2418.31 0.0 110166.2236
2432.45 2432.45 0.0 110093.4746
2446.59 2446.59 0.0 110024.2207
2460.73 2460.73 0.0 109955.5439
2474.87 2474.87 0.0 109897.0996
2489.02 2489.02 0.0 109842.8115
2503.16 2503.16 0.0 109785.4365
2517.3 2517.3 0.0 109728.1768
2531.44 2531.44 0.0 109669.3594
2545.58 2545.58 0.0 109610.9414
2559.73 2559.73 0.0 109552.8916
2573.87 2573.87 0.0 109495.2891
2588.01 2588.01 0.0 109432.1562
2602.15 2602.15 0.0 109369.3545
2616.3 2616.3 0.0 109307.0054
2630.44 2630.44 0.0 109245.1572
2644.58 2644.58 0.0 109175.4326
2658.72 2658.72 0.0 109105.0630
2672.86 2672.86 0.0 109035.3262
2687.01 2687.01 0.0 108965.4927
2701.15 2701.15 0.0 108895.6421
2715.29 2715.29 0.0 108826.3101
2729.43 2729.43 0.0 108757.6245
2743.57 2743.57 0.0 108689.5977
2757.72 2757.72 0.0 108622.3779
2771.86 2771.86 0.0 108555.1582
2786.0 2786.0 0.0 108485.3638
2800.14 2800.14 0.0 108416.2739
2814.28 2814.28 0.0 108347.8354
2828.43 2828.43 0.0 108280.0054
2842.57 2842.57 0.0 108206.4619
2856.71 2856.71 0.0 108131.1470
2870.85 2870.85 0.0 108056.1870
2885.0 2885.0 0.0 107981.5938
2899.14 2899.14 0.0 107907.3936
2913.28 2913.28 0.0 107834.0234
2927.42 2927.42 0.0 107761.4502
2941.56 2941.56 0.0 107694.0957
2955.71 2955.71 0.0 107628.7622
2969.85 2969.85 0.0 107564.1621
2983.99 2983.99 0.0 107500.2192
2998.13 2998.13 0.0 107430.1919
3012.27 3012.27 0.0 107362.6396
3026.42 3026.42 0.0 107296.6514
3040.56 3040.56 0.0 107231.4443
3054.7 3054.7 0.0 107166.9258
3068.84 3068.84 0.0 107103.1177
3082.99 3082.99 0.0 107039.9644
3097.13 3097.13 0.0 106977.5498
3111.27 3111.27 0.0 106915.7852
3125.41 3125.41 0.0 106852.8018
3139.55 3139.55 0.0 106784.8486
3153.7 3153.7 0.0 106725.9092
3167.84 3167.84 0.0 106681.0132
3181.98 3181.98 0.0 106633.7920
3196.12 3196.12 0.0 106586.9839
3210.26 3210.26 0.0 106540.5967
3224.41 3224.41 0.0 106494.5762
3238.55 3238.55 0.0 106446.1826
3252.69 3252.69 0.0 106410.2578
3266.83 3266.83 0.0 106374.5889
3280.98 3280.98 0.0 106339.1436
3295.12 3295.12 0.0 106303.9609
3309.26 3309.26 0.0 106267.9395
3323.4 3323.4 0.0 106231.0405
3337.54 3337.54 0.0 106194.4292
3351.69 3351.69 0.0 106159.5161
3365.83 3365.83 0.0 106128.6650
3379.97 3379.97 0.0 106095.8403
3394.11 3394.11 0.0 106059.4722
3408.25 3408.25 0.0 106023.3760
3422.4 3422.4 0.0 105987.5327
3436.54 3436.54 0.0 105951.9995
3450.68 3450.68 0.0 105920.6309
3464.82 3464.82 0.0 105892.7305
3478.97 3478.97 0.0 105865.0034
3493.11 3493.11 0.0 105839.0762
3507.25 3507.25 0.0 105817.6191
3521.39 3521.39 0.0 105796.2734
3535.53 3535.53 0.0 105774.9663
3549.68 3549.68 0.0 105745.2388
3563.82 3563.82 0.0 105710.9282
3577.96 3577.96 0.0 105676.8726
3592.1 3592.1 0.0 105643.0850
3606.24 3606.24 0.0 105609.5596
3620.39 3620.39 0.0 105576.2632
3634.53 3634.53 0.0 105543.2456
3648.67 3648.67 0.0 105510.5015
3662.81 3662.81 0.0 105480.3237
3676.96 3676.96 0.0 105455.0928
3691.1 3691.1 0.0 105430.0386
3705.24 3705.24 0.0 105405.1284
3719.38 3719.38 0.0 105380.3799
3733.52 3733.52 0.0 105355.7720
3747.67 3747.67 0.0 105331.3098
3761.81 3761.81 0.0 105307.0029
3775.95 3775.95 0.0 105282.8503
3790.09 3790.09 0.0 105258.5005
3804.23 3804.23 0.0 105234.1501
3818.38 3818.38 0.0 105209.8735
3832.52 3832.52 0.0 105184.9644
3846.66 3846.66 0.0 105160.2109
3860.8 3860.8 0.0 105135.6235
3874.95 3874.95 0.0 105111.1804
3889.09 3889.09 0.0 105086.9011
3903.23 3903.23 0.0 105066.2585
3917.37 3917.37 0.0 105046.1504
3931.51 3931.51 0.0 105026.1643
3945.66 3945.66 0.0 105006.2644
3959.8 3959.8 0.0 104986.5007
3973.94 3973.94 0.0 104966.5696
3988.08 3988.08 0.0 104946.3772
4002.22 4002.22 0.0 104926.3040
4016.37 4016.37 0.0 104906.3279
4030.51 4030.51 0.0 104884.1814
4044.65 4044.65 0.0 104860.1353
4058.79 4058.79 0.0 104835.8699
4072.94 4072.94 0.0 104811.4253
4087.08 4087.08 0.0 104786.9600
4101.22 4101.22 0.0 104762.1162
4115.36 4115.36 0.0 104737.4521
4129.5 4129.5 0.0 104712.9434
4143.65 4143.65 0.0 104688.5994
4157.79 4157.79 0.0 104664.4570
4171.93 4171.93 0.0 104639.8359
4186.07 4186.07 0.0 104609.9961
4200.21 4200.21 0.0 104578.9807
4214.36 4214.36 0.0 104547.9768
4228.5 4228.5 0.0 104517.2300
4242.64 4242.64 0.0 104486.7891
