0.0 0.0 0.0 171892.8438
14.1421 14.1421 0.0 165543.1562
28.2843 28.2843 0.0 159484.1289
42.4264 42.4264 0.0 153887.2852
56.5685 56.5685 0.0 148435.8281
70.7107 70.7107 0.0 143322.0234
84.8528 84.8528 0.0 138458.3477
98.9949 98.9949 0.0 134056.7109
113.137 113.137 0.0 130140.5352
127.279 127.279 0.0 127283.0957
141.421 141.421 0.0 124777.1016
155.563 155.563 0.0 122724.0137
169.706 169.706 0.0 121049.6699
183.848 183.848 0.0 119525.5137
197.99 197.99 0.0 118055.5684
212.132 212.132 0.0 116700.0596
226.274 226.274 0.0 115444.3984
240.416 240.416 0.0 114289.9785
254.558 254.558 0.0 113229.3428
268.701 268.701 0.0 112212.8662
282.843 282.843 0.0 111281.9941
296.985 296.985 0.0 110430.9951
311.127 311.127 0.0 109855.6816
325.269 325.269 0.0 109316.6064
339.411 339.411 0.0 108813.4819
353.553 353.553 0.0 108342.1812
367.696 367.696 0.0 107900.4517
381.838 381.838 0.0 107486.4697
395.98 395.98 0.0 107134.8140
410.122 410.122 0.0 106825.8999
424.264 424.264 0.0 106542.1768
438.406 438.406 0.0 106273.0752
452.548 452.548 0.0 106017.7832
466.69 466.69 0.0 105771.0366
480.833 480.833 0.0 105534.1548
494.975 494.975 0.0 105309.8765
509.117 509.117 0.0 105097.5281
523.259 523.259 0.0 104893.3518
537.401 537.401 0.0 104698.7598
551.543 551.543 0.0 104519.7417
565.685 565.685 0.0 104353.2959
579.828 579.828 0.0 104195.4785
593.97 593.97 0.0 104045.8911
608.112 608.112 0.0 103904.0913
622.254 622.254 0.0 103767.2930
636.396 636.396 0.0 103637.6396
650.538 650.538 0.0 103517.2664
664.68 664.68 0.0 103445.0037
678.823 678.823 0.0 103378.6619
692.965 692.965 0.0 103318.0890
707.107 707.107 0.0 103259.3042
721.249 721.249 0.0 103202.2520
735.391 735.391 0.0 103145.9487
749.533 749.533 0.0 103090.9694
763.675 763.675 0.0 103037.6549
777.817 777.817 0.0 102985.9474
791.96 791.96 0.0 102936.0927
806.102 806.102 0.0 102888.1278
820.244 820.244 0.0 102841.5929
834.386 834.386 0.0 102797.1957
848.528 848.528 0.0 102753.6572
862.67 862.67 0.0 102726.2908
876.812 876.812 0.0 102703.0435
890.955 890.955 0.0 102679.4351
905.097 905.097 0.0 102656.2119
919.239 919.239 0.0 102633.3842
933.381 933.381 0.0 102611.2063
947.523 947.523 0.0 102590.3516
961.665 961.665 0.0 102570.7314
975.807 975.807 0.0 102551.1185
989.949 989.949 0.0 102530.2207
1004.09 1004.09 0.0 102509.5153
1018.23 1018.23 0.0 102488.8689
1032.38 1032.38 0.0 102468.5696
1046.52 1046.52 0.0 102448.5813
1060.66 1060.66 0.0 102428.8121
1074.8 1074.8 0.0 102409.3917
1088.94 1088.94 0.0 102390.6022
1103.09 1103.09 0.0 102372.3022
1117.23 1117.23 0.0 102354.3279
1131.37 1131.37 0.0 102336.6637
1145.51 1145.51 0.0 102319.3019
1159.66 1159.66 0.0 102302.2245
1173.8 1173.8 0.0 102285.4536
1187.94 1187.94 0.0 102269.7962
1202.08 1202.08 0.0 102254.4658
1216.22 1216.22 0.0 102239.3831
1230.37 1230.37 0.0 102224.5347
1244.51 1244.51 0.0 102209.9384
1258.65 1258.65 0.0 102195.5792
1272.79 1272.79 0.0 102181.4500
1286.93 1286.93 0.0 102167.6091
1301.08 1301.08 0.0 102154.1470
1315.22 1315.22 0.0 102140.8328
1329.36 1329.36 0.0 102127.4460
1343.5 1343.5 0.0 102114.6747
1357.65 1357.65 0.0 102103.4264
1371.79 1371.79 0.0 102092.1334
1385.93 1385.93 0.0 102080.9836
1400.07 1400.07 0.0 102069.9182
1414.21 1414.21 0.0 102059.0128
1428.36 1428.36 0.0 102048.2615
1442.5 1442.5 0.0 102038.3110
1456.64 1456.64 0.0 102028.5308
1470.78 1470.78 0.0 102018.9509
1484.92 1484.92 0.0 102009.4280
1499.07 1499.07 0.0 101999.7790
1513.21 1513.21 0.0 101990.2701
1527.35 1527.35 0.0 101980.8970
1541.49 1541.49 0.0 101970.0824
1555.63 1555.63 0.0 101959.0482
1569.78 1569.78 0.0 101949.0242
1583.92 1583.92 0.0 101944.8332
1598.06 1598.06 0.0 101941.9185
1612.2 1612.2 0.0 101937.8735
1626.35 1626.35 0.0 101932.9635
1640.49 1640.49 0.0 101928.0951
1654.63 1654.63 0.0 101923.6503
1668.77 1668.77 0.0 101921.6097
1682.91 1682.91 0.0 101919.5796
1697.06 1697.06 0.0 101917.5522
1711.2 1711.2 0.0 101915.5344
1725.34 1725.34 0.0 101909.5566
1739.48 1739.48 0.0 101903.5605
1753.62 1753.62 0.0 101897.1443
1767.77 1767.77 0.0 101890.6145
1781.91 1781.91 0.0 101884.1622
1796.05 1796.05 0.0 101877.7839
1810.19 1810.19 0.0 101871.4789
1824.34 1824.34 0.0 101865.2408
1838.48 1838.48 0.0 101858.8864
1852.62 1852.62 0.0 101851.8560
1866.76 1866.76 0.0 101846.1102
1880.9 1880.9 0.0 101842.2418
1895.05 1895.05 0.0 101838.7175
1909.19 1909.19 0.0 101834.4345
1923.33 1923.33 0.0 101830.0883
1937.47 1937.47 0.0 101825.6840
1951.61 1951.61 0.0 101821.2984
1965.76 1965.76 0.0 101816.9465
1979.9 1979.9 0.0 101812.6378
1994.04 1994.04 0.0 101808.9385
2008.18 2008.18 0.0 101806.8788
2022.33 2022.33 0.0 101804.8267
2036.47 2036.47 0.0 101802.7972
2050.61 2050.61 0.0 101800.7831
2064.75 2064.75 0.0 101798.7764
2078.89 2078.89 0.0 101796.7595
2093.04 2093.04 0.0 101794.5244
2107.18 2107.18 0.0 101792.3000
2121.32 2121.32 0.0 101790.0876
2135.46 2135.46 0.0 101787.8842
2149.6 2149.6 0.0 101785.7147
2163.75 2163.75 0.0 101783.7759
2177.89 2177.89 0.0 101781.8491
2192.03 2192.03 0.0 101779.9281
2206.17 2206.17 0.0 101777.6829
2220.32 2220.32 0.0 101775.2777
2234.46 2234.46 0.0 101772.8869
2248.6 2248.6 0.0 101770.5101
2262.74 2262.74 0.0 101768.1434
2276.88 2276.88 0.0 101765.5933
2291.03 2291.03 0.0 101762.6510
2305.17 2305.17 0.0 101759.7306
2319.31 2319.31 0.0 101756.8299
2333.45 2333.45 0.0 101753.9477
2347.59 2347.59 0.0 101751.0822
2361.74 2361.74 0.0 101748.2167
2375.88 2375.88 0.0 101745.3718
2390.02 2390.02 0.0 101742.5457
2404.16 2404.16 0.0 101739.7401
2418.31 2418.31 0.0 101736.9500
2432.45 2432.45 0.0 101734.1067
2446.59 2446.59 0.0 101731.4625
2460.73 2460.73 0.0 101729.2523
2474.87 2474.87 0.0 101727.9228
2489.02 2489.02 0.0 101725.8675
2503.16 2503.16 0.0 101724.4550
2517.3 2517.3 0.0 101723.5004
2531.44 2531.44 0.0 101722.5478
2545.58 2545.58 0.0 101721.5969
2559.73 2559.73 0.0 101720.6491
2573.87 2573.87 0.0 101719.4122
2588.01 2588.01 0.0 101718.0867
2602.15 2602.15 0.0 101716.7659
2616.3 2616.3 0.0 101715.4489
2630.44 2630.44 0.0 101713.9713
2644.58 2644.58 0.0 101712.4971
2658.72 2658.72 0.0 101710.8596
2672.86 2672.86 0.0 101708.9865
2687.01 2687.01 0.0 101707.1208
2701.15 2701.15 0.0 101705.3799
2715.29 2715.29 0.0 101703.6654
2729.43 2729.43 0.0 101701.9591
2743.57 2743.57 0.0 101700.2605
2757.72 2757.72 0.0 101698.5672
2771.86 2771.86 0.0 101696.8848
2786.0 2786.0 0.0 101695.1831
2800.14 2800.14 0.0 101693.2967
2814.28 2814.28 0.0 101691.4217
2828.43 2828.43 0.0 101689.5555
2842.57 2842.57 0.0 101687.6983
2856.71 2856.71 0.0 101685.8517
2870.85 2870.85 0.0 101684.0138
2885.0 2885.0 0.0 101682.1850
2899.14 2899.14 0.0 101680.3470
2913.28 2913.28 0.0 101677.9346
2927.42 2927.42 0.0 101675.5379
2941.56 2941.56 0.0 101673.1290
2955.71 2955.71 0.0 101670.6971
2969.85 2969.85 0.0 101668.2831
2983.99 2983.99 0.0 101665.8877
2998.13 2998.13 0.0 101663.5067
3012.27 3012.27 0.0 101661.0854
3026.42 3026.42 0.0 101658.5413
3040.56 3040.56 0.0 101656.0013
3054.7 3054.7 0.0 101653.2437
3068.84 3068.84 0.0 101650.1727
3082.99 3082.99 0.0 101647.0552
3097.13 3097.13 0.0 101643.9609
3111.27 3111.27 0.0 101641.0928
3125.41 3125.41 0.0 101639.8018
3139.55 3139.55 0.0 101638.4862
3153.7 3153.7 0.0 101636.3200
3167.84 3167.84 0.0 101634.0123
3181.98 3181.98 0.0 101631.6067
3196.12 3196.12 0.0 101629.2179
3210.26 3210.26 0.0 101626.8249
3224.41 3224.41 0.0 101624.4507
3238.55 3238.55 0.0 101622.0952
3252.69 3252.69 0.0 101619.7591
3266.83 3266.83 0.0 101617.4411
3280.98 3280.98 0.0 101615.1404
3295.12 3295.12 0.0 101612.8587
3309.26 3309.26 0.0 101610.5947
3323.4 3323.4 0.0 101608.2514
3337.54 3337.54 0.0 101605.7172
3351.69 3351.69 0.0 101603.1890
3365.83 3365.83 0.0 101600.6848
3379.97 3379.97 0.0 101598.2042
3394.11 3394.11 0.0 101595.7447
3408.25 3408.25 0.0 101593.3082
3422.4 3422.4 0.0 101590.8915
3436.54 3436.54 0.0 101588.4983
3450.68 3450.68 0.0 101586.1268
3464.82 3464.82 0.0 101583.7769
3478.97 3478.97 0.0 101581.9383
3493.11 3493.11 0.0 101580.1511
3507.25 3507.25 0.0 101578.3739
3521.39 3521.39 0.0 101576.6101
3535.53 3535.53 0.0 101574.8590
3549.68 3549.68 0.0 101573.1189
3563.82 3563.82 0.0 101571.3912
3577.96 3577.96 0.0 101569.6762
3592.1 3592.1 0.0 101567.9724
3606.24 3606.24 0.0 101566.2819
3620.39 3620.39 0.0 101564.6013
3634.53 3634.53 0.0 101562.9325
3648.67 3648.67 0.0 101561.2766
3662.81 3662.81 0.0 101559.6317
3676.96 3676.96 0.0 101557.9975
3691.1 3691.1 0.0 101556.3759
3705.24 3705.24 0.0 101554.7647
3719.38 3719.38 0.0 101553.1657
3733.52 3733.52 0.0 101551.5775
3747.67 3747.67 0.0 101549.9991
3761.81 3761.81 0.0 101548.4328
3775.95 3775.95 0.0 101546.8770
3790.09 3790.09 0.0 101545.3322
3804.23 3804.23 0.0 101543.7983
3818.38 3818.38 0.0 101542.2741
3832.52 3832.52 0.0 101540.7227
3846.66 3846.66 0.0 101539.1398
3860.8 3860.8 0.0 101537.5684
3874.95 3874.95 0.0 101536.0065
3889.09 3889.09 0.0 101534.4580
3903.23 3903.23 0.0 101532.9194
3917.37 3917.37 0.0 101531.3930
3931.51 3931.51 0.0 101529.8768
3945.66 3945.66 0.0 101528.3716
3959.8 3959.8 0.0 101526.8775
3973.94 3973.94 0.0 101525.3955
3988.08 3988.08 0.0 101523.9237
4002.22 4002.22 0.0 101522.4628
4016.37 4016.37 0.0 101521.0115
4030.51 4030.51 0.0 101519.5716
4044.65 4044.65 0.0 101518.1434
4058.79 4058.79 0.0 101516.7246
4072.94 4072.94 0.0 101515.3157
4087.08 4087.08 0.0 101513.9179
4101.22 4101.22 0.0 101512.5307
4115.36 4115.36 0.0 101511.1384
4129.5 4129.5 0.0 101509.6753
4143.65 4143.65 0.0 101508.2214
4157.79 4157.79 0.0 101506.7792
4171.93 4171.93 0.0 101505.3490
4186.07 4186.07 0.0 101503.9288
4200.21 4200.21 0.0 101502.5216
4214.36 4214.36 0.0 101501.1232
4228.5 4228.5 0.0 101499.7369
4242.64 4242.64 0.0 101498.3589
