0.0 0.0 0.0 526391.4375
14.1421 14.1421 0.0 502839.0000
28.2843 28.2843 0.0 479020.3750
42.4264 42.4264 0.0 454671.2812
56.5685 56.5685 0.0 431078.8438
70.7107 70.7107 0.0 408180.4688
84.8528 84.8528 0.0 385870.7188
98.9949 98.9949 0.0 364331.5312
113.137 113.137 0.0 343567.7188
127.279 127.279 0.0 322911.8125
141.421 141.421 0.0 303681.8281
155.563 155.563 0.0 285970.2188
169.706 169.706 0.0 269681.1250
183.848 183.848 0.0 254775.2188
197.99 197.99 0.0 241456.8906
212.132 212.132 0.0 228784.1562
226.274 226.274 0.0 217145.9297
240.416 240.416 0.0 206553.6250
254.558 254.558 0.0 197383.9141
268.701 268.701 0.0 189681.6641
282.843 282.843 0.0 182572.6406
296.985 296.985 0.0 176013.8516
311.127 311.127 0.0 169967.1562
325.269 325.269 0.0 164394.0742
339.411 339.411 0.0 159260.7461
353.553 353.553 0.0 154514.2852
367.696 367.696 0.0 150141.9062
381.838 381.838 0.0 146121.5469
395.98 395.98 0.0 142734.8711
410.122 410.122 0.0 140211.0977
424.264 424.264 0.0 137814.9297
438.406 438.406 0.0 135552.1250
452.548 452.548 0.0 133418.7969
466.69 466.69 0.0 131418.8320
480.833 480.833 0.0 129549.0312
494.975 494.975 0.0 127794.0000
509.117 509.117 0.0 126310.6992
523.259 523.259 0.0 125170.6270
537.401 537.401 0.0 124082.0254
551.543 551.543 0.0 123231.2363
565.685 565.685 0.0 122579.6406
579.828 579.828 0.0 121947.2168
593.97 593.97 0.0 121301.8906
608.112 608.112 0.0 120620.4648
622.254 622.254 0.0 119962.0254
636.396 636.396 0.0 119325.8359
650.538 650.538 0.0 118711.2188
664.68 664.68 0.0 118117.3887
678.823 678.823 0.0 117566.7363
692.965 692.965 0.0 117040.2227
707.107 707.107 0.0 116588.7773
721.249 721.249 0.0 116150.2119
735.391 735.391 0.0 115722.7734
749.533 749.533 0.0 115344.8037
763.675 763.675 0.0 114977.4658
777.817 777.817 0.0 114619.6436
791.96 791.96 0.0 114271.1172
806.102 806.102 0.0 113931.7158
820.244 820.244 0.0 113601.1455
834.386 834.386 0.0 113308.6270
848.528 848.528 0.0 113032.1230
862.67 862.67 0.0 112752.1904
876.812 876.812 0.0 112478.8818
890.955 890.955 0.0 112212.0811
905.097 905.097 0.0 111951.6475
919.239 919.239 0.0 111697.4219
933.381 933.381 0.0 111545.3115
947.523 947.523 0.0 111397.6416
961.665 961.665 0.0 111241.7578
975.807 975.807 0.0 111088.2930
989.949 989.949 0.0 110935.7324
1004.09 1004.09 0.0 110785.4678
1018.23 1018.23 0.0 110637.5459
1032.38 1032.38 0.0 110492.5010
1046.52 1046.52 0.0 110350.5234
1060.66 1060.66 0.0 110210.7305
1074.8 1074.8 0.0 110073.0762
1088.94 1088.94 0.0 109937.5742
1103.09 1103.09 0.0 109804.0654
1117.23 1117.23 0.0 109675.3057
1131.37 1131.37 0.0 109547.0410
1145.51 1145.51 0.0 109420.7690
1159.66 1159.66 0.0 109296.3296
1173.8 1173.8 0.0 109173.9111
1187.94 1187.94 0.0 109053.3369
1202.08 1202.08 0.0 108934.6035
1216.22 1216.22 0.0 108817.6948
1230.37 1230.37 0.0 108702.5791
1244.51 1244.51 0.0 108581.5234
1258.65 1258.65 0.0 108457.9468
1272.79 1272.79 0.0 108336.4854
1286.93 1286.93 0.0 108217.0845
1301.08 1301.08 0.0 108097.7852
1315.22 1315.22 0.0 107979.2373
1329.36 1329.36 0.0 107862.9570
1343.5 1343.5 0.0 107751.3042
1357.65 1357.65 0.0 107641.4805
1371.79 1371.79 0.0 107533.5942
1385.93 1385.93 0.0 107427.5459
1400.07 1400.07 0.0 107325.3032
1414.21 1414.21 0.0 107230.9365
1428.36 1428.36 0.0 107137.9946
1442.5 1442.5 0.0 107046.5601
1456.64 1456.64 0.0 106956.5620
1470.78 1470.78 0.0 106867.9990
1484.92 1484.92 0.0 106780.7998
1499.07 1499.07 0.0 106694.9204
1513.21 1513.21 0.0 106610.4341
1527.35 1527.35 0.0 106574.1411
1541.49 1541.49 0.0 106549.9941
1555.63 1555.63 0.0 106525.9722
1569.78 1569.78 0.0 106501.4429
1583.92 1583.92 0.0 106476.5605
1598.06 1598.06 0.0 106446.9380
1612.2 1612.2 0.0 106415.7441
1626.35 1626.35 0.0 106384.7227
1640.49 1640.49 0.0 106353.9092
1654.63 1654.63 0.0 106321.9824
1668.77 1668.77 0.0 106289.8354
1682.91 1682.91 0.0 106257.8965
1697.06 1697.06 0.0 106226.1372
1711.2 1711.2 0.0 106193.7456
1725.34 1725.34 0.0 106158.9854
1739.48 1739.48 0.0 106123.7363
1753.62 1753.62 0.0 106088.7427
1767.77 1767.77 0.0 106052.6484
1781.91 1781.91 0.0 106016.2075
1796.05 1796.05 0.0 105980.0312
1810.19 1810.19 0.0 105944.1587
1824.34 1824.34 0.0 105908.8740
1838.48 1838.48 0.0 105883.4868
1852.62 1852.62 0.0 105856.4233
1866.76 1866.76 0.0 105844.1841
1880.9 1880.9 0.0 105837.4463
1895.05 1895.05 0.0 105830.7168
1909.19 1909.19 0.0 105823.9995
1923.33 1923.33 0.0 105817.2900
1937.47 1937.47 0.0 105808.4668
1951.61 1951.61 0.0 105797.3784
1965.76 1965.76 0.0 105786.3076
1979.9 1979.9 0.0 105775.2646
1994.04 1994.04 0.0 105764.2598
2008.18 2008.18 0.0 105753.2734
2022.33 2022.33 0.0 105738.6108
2036.47 2036.47 0.0 105719.4775
2050.61 2050.61 0.0 105699.8032
2064.75 2064.75 0.0 105680.2241
2078.89 2078.89 0.0 105660.7227
2093.04 2093.04 0.0 105640.5449
2107.18 2107.18 0.0 105620.4556
2121.32 2121.32 0.0 105600.4507
2135.46 2135.46 0.0 105580.5542
2149.6 2149.6 0.0 105560.7524
2163.75 2163.75 0.0 105541.0205
2177.89 2177.89 0.0 105521.3877
2192.03 2192.03 0.0 105501.5786
2206.17 2206.17 0.0 105480.6421
2220.32 2220.32 0.0 105458.8428
2234.46 2234.46 0.0 105437.7661
2248.6 2248.6 0.0 105416.8062
2262.74 2262.74 0.0 105395.9451
2276.88 2276.88 0.0 105374.9937
2291.03 2291.03 0.0 105353.8354
2305.17 2305.17 0.0 105335.6130
2319.31 2319.31 0.0 105325.3733
2333.45 2333.45 0.0 105315.1406
2347.59 2347.59 0.0 105303.9700
2361.74 2361.74 0.0 105288.6748
2375.88 2375.88 0.0 105273.3450
2390.02 2390.02 0.0 105257.8975
2404.16 2404.16 0.0 105237.0330
2418.31 2418.31 0.0 105215.3979
2432.45 2432.45 0.0 105193.9119
2446.59 2446.59 0.0 105172.5366
2460.73 2460.73 0.0 105146.8640
2474.87 2474.87 0.0 105121.1294
2489.02 2489.02 0.0 105098.0002
2503.16 2503.16 0.0 105087.0569
2517.3 2517.3 0.0 105078.1328
2531.44 2531.44 0.0 105069.2190
2545.58 2545.58 0.0 105060.9434
2559.73 2559.73 0.0 105050.3396
2573.87 2573.87 0.0 105039.3044
2588.01 2588.01 0.0 105028.3052
2602.15 2602.15 0.0 105013.3306
2616.3 2616.3 0.0 104997.5630
2630.44 2630.44 0.0 104981.8801
2644.58 2644.58 0.0 104966.2678
2658.72 2658.72 0.0 104950.9099
2672.86 2672.86 0.0 104935.6235
2687.01 2687.01 0.0 104920.4019
2701.15 2701.15 0.0 104905.2456
2715.29 2715.29 0.0 104890.6929
2729.43 2729.43 0.0 104877.7529
2743.57 2743.57 0.0 104864.8601
2757.72 2757.72 0.0 104852.0100
2771.86 2771.86 0.0 104839.2104
2786.0 2786.0 0.0 104825.4639
2800.14 2800.14 0.0 104806.0029
2814.28 2814.28 0.0 104786.6438
2828.43 2828.43 0.0 104767.3855
2842.57 2842.57 0.0 104748.2422
2856.71 2856.71 0.0 104728.3528
2870.85 2870.85 0.0 104705.7180
2885.0 2885.0 0.0 104683.2283
2899.14 2899.14 0.0 104660.8979
2913.28 2913.28 0.0 104638.7188
2927.42 2927.42 0.0 104616.6838
2941.56 2941.56 0.0 104594.1211
2955.71 2955.71 0.0 104570.5354
2969.85 2969.85 0.0 104546.6653
2983.99 2983.99 0.0 104522.9521
2998.13 2998.13 0.0 104499.4194
3012.27 3012.27 0.0 104476.0508
3026.42 3026.42 0.0 104465.9468
3040.56 3040.56 0.0 104456.9741
3054.7 3054.7 0.0 104448.1130
3068.84 3068.84 0.0 104441.2598
3082.99 3082.99 0.0 104434.4160
3097.13 3097.13 0.0 104427.5916
3111.27 3111.27 0.0 104420.7732
3125.41 3125.41 0.0 104413.9712
3139.55 3139.55 0.0 104407.1885
3153.7 3153.7 0.0 104400.4209
3167.84 3167.84 0.0 104394.8750
3181.98 3181.98 0.0 104389.2485
3196.12 3196.12 0.0 104382.6152
3210.26 3210.26 0.0 104375.9927
3224.41 3224.41 0.0 104369.3918
3238.55 3238.55 0.0 104362.8025
3252.69 3252.69 0.0 104356.2314
3266.83 3266.83 0.0 104346.1572
3280.98 3280.98 0.0 104335.3167
3295.12 3295.12 0.0 104324.5164
3309.26 3309.26 0.0 104313.7573
3323.4 3323.4 0.0 104303.0413
3337.54 3337.54 0.0 104292.3579
3351.69 3351.69 0.0 104281.7117
3365.83 3365.83 0.0 104271.1003
3379.97 3379.97 0.0 104260.5342
3394.11 3394.11 0.0 104250.0059
3408.25 3408.25 0.0 104239.5127
3422.4 3422.4 0.0 104229.0527
3436.54 3436.54 0.0 104218.6396
3450.68 3450.68 0.0 104208.2629
3464.82 3464.82 0.0 104197.7495
3478.97 3478.97 0.0 104186.8887
3493.11 3493.11 0.0 104176.0823
3507.25 3507.25 0.0 104165.3086
3521.39 3521.39 0.0 104154.5798
3535.53 3535.53 0.0 104143.8982
3549.68 3549.68 0.0 104133.2407
3563.82 3563.82 0.0 104122.6299
3577.96 3577.96 0.0 104112.0581
3592.1 3592.1 0.0 104101.5271
3606.24 3606.24 0.0 104092.5068
3620.39 3620.39 0.0 104084.0120
3634.53 3634.53 0.0 104076.3279
3648.67 3648.67 0.0 104068.6677
3662.81 3662.81 0.0 104060.9363
3676.96 3676.96 0.0 104052.9551
3691.1 3691.1 0.0 104044.9119
3705.24 3705.24 0.0 104031.4417
3719.38 3719.38 0.0 104018.0303
3733.52 3733.52 0.0 104004.6968
3747.67 3747.67 0.0 103991.4087
3761.81 3761.81 0.0 103978.2004
3775.95 3775.95 0.0 103965.0552
3790.09 3790.09 0.0 103951.5723
3804.23 3804.23 0.0 103937.5632
3818.38 3818.38 0.0 103923.6238
3832.52 3832.52 0.0 103909.7793
3846.66 3846.66 0.0 103899.6711
3860.8 3860.8 0.0 103891.5488
3874.95 3874.95 0.0 103883.4639
3889.09 3889.09 0.0 103872.1008
3903.23 3903.23 0.0 103859.1594
3917.37 3917.37 0.0 103846.2812
3931.51 3931.51 0.0 103833.4626
3945.66 3945.66 0.0 103820.7114
3959.8 3959.8 0.0 103808.0273
3973.94 3973.94 0.0 103797.2673
3988.08 3988.08 0.0 103788.0640
4002.22 4002.22 0.0 103778.8901
4016.37 4016.37 0.0 103769.7520
4030.51 4030.51 0.0 103760.6406
4044.65 4044.65 0.0 103751.5703
4058.79 4058.79 0.0 103742.5369
4072.94 4072.94 0.0 103733.5198
4087.08 4087.08 0.0 103723.8250
4101.22 4101.22 0.0 103713.5645
4115.36 4115.36 0.0 103703.3401
4129.5 4129.5 0.0 103693.1550
4143.65 4143.65 0.0 103683.0232
4157.79 4157.79 0.0 103672.9194
4171.93 4171.93 0.0 103662.8765
4186.07 4186.07 0.0 103652.8657
4200.21 4200.21 0.0 103642.9075
4214.36 4214.36 0.0 103632.5916
4228.5 4228.5 0.0 103621.6553
4242.64 4242.64 0.0 103610.7827
