0.0 0.0 0.0 244524.9688
14.1421 14.1421 0.0 223206.2031
28.2843 28.2843 0.0 204193.7500
42.4264 42.4264 0.0 190419.1172
56.5685 56.5685 0.0 178335.4844
70.7107 70.7107 0.0 166993.8438
84.8528 84.8528 0.0 157168.0547
98.9949 98.9949 0.0 148777.6133
113.137 113.137 0.0 141622.7266
127.279 127.279 0.0 136286.1797
141.421 141.421 0.0 132297.5957
155.563 155.563 0.0 128757.9199
169.706 169.706 0.0 125617.7324
183.848 183.848 0.0 122833.1543
197.99 197.99 0.0 120364.8184
212.132 212.132 0.0 118177.3887
226.274 226.274 0.0 116450.5742
240.416 240.416 0.0 115176.5527
254.558 254.558 0.0 114017.8057
268.701 268.701 0.0 112955.4092
282.843 282.843 0.0 111983.3379
296.985 296.985 0.0 111093.0146
311.127 311.127 0.0 110276.7227
325.269 325.269 0.0 109528.3984
339.411 339.411 0.0 108848.6899
353.553 353.553 0.0 108270.0054
367.696 367.696 0.0 107835.7622
381.838 381.838 0.0 107428.6250
395.98 395.98 0.0 107064.2808
410.122 410.122 0.0 106722.4966
424.264 424.264 0.0 106404.9136
438.406 438.406 0.0 106105.9731
452.548 452.548 0.0 105824.5815
466.69 466.69 0.0 105559.7207
480.833 480.833 0.0 105310.3887
494.975 494.975 0.0 105075.7380
509.117 509.117 0.0 104853.4763
523.259 523.259 0.0 104644.0281
537.401 537.401 0.0 104447.0027
551.543 551.543 0.0 104259.9863
565.685 565.685 0.0 104082.6077
579.828 579.828 0.0 103915.9292
593.97 593.97 0.0 103758.8271
608.112 608.112 0.0 103610.6794
622.254 622.254 0.0 103495.1772
636.396 636.396 0.0 103390.3972
650.538 650.538 0.0 103290.4026
664.68 664.68 0.0 103195.2357
678.823 678.823 0.0 103104.6670
692.965 692.965 0.0 103017.8026
707.107 707.107 0.0 102932.2262
721.249 721.249 0.0 102849.1387
735.391 735.391 0.0 102770.0126
749.533 749.533 0.0 102719.0211
763.675 763.675 0.0 102675.4138
777.817 777.817 0.0 102633.1698
791.96 791.96 0.0 102592.2440
806.102 806.102 0.0 102552.5973
820.244 820.244 0.0 102512.6384
834.386 834.386 0.0 102473.4259
848.528 848.528 0.0 102435.5074
862.67 862.67 0.0 102398.8418
876.812 876.812 0.0 102364.4745
890.955 890.955 0.0 102331.4977
905.097 905.097 0.0 102299.7875
919.239 919.239 0.0 102269.0782
933.381 933.381 0.0 102239.3347
947.523 947.523 0.0 102214.7479
961.665 961.665 0.0 102190.8645
975.807 975.807 0.0 102166.6964
989.949 989.949 0.0 102143.3530
1004.09 1004.09 0.0 102120.7637
1018.23 1018.23 0.0 102098.8007
1032.38 1032.38 0.0 102078.3853
1046.52 1046.52 0.0 102062.7365
1060.66 1060.66 0.0 102046.6409
1074.8 1074.8 0.0 102030.6057
1088.94 1088.94 0.0 102014.9247
1103.09 1103.09 0.0 101999.5838
1117.23 1117.23 0.0 101984.5961
1131.37 1131.37 0.0 101969.8441
1145.51 1145.51 0.0 101955.3808
1159.66 1159.66 0.0 101941.2303
1173.8 1173.8 0.0 101927.4067
1187.94 1187.94 0.0 101913.8926
1202.08 1202.08 0.0 101900.6832
1216.22 1216.22 0.0 101888.0204
1230.37 1230.37 0.0 101875.8628
1244.51 1244.51 0.0 101863.9742
1258.65 1258.65 0.0 101853.3152
1272.79 1272.79 0.0 101844.3798
1286.93 1286.93 0.0 101835.5943
1301.08 1301.08 0.0 101826.9513
1315.22 1315.22 0.0 101818.3704
1329.36 1329.36 0.0 101809.8532
1343.5 1343.5 0.0 101801.4825
1357.65 1357.65 0.0 101793.2511
1371.79 1371.79 0.0 101785.1674
1385.93 1385.93 0.0 101778.3693
1400.07 1400.07 0.0 101771.7831
1414.21 1414.21 0.0 101765.2670
1428.36 1428.36 0.0 101758.7456
1442.5 1442.5 0.0 101752.3258
1456.64 1456.64 0.0 101745.9999
1470.78 1470.78 0.0 101739.7690
1484.92 1484.92 0.0 101733.6797
1499.07 1499.07 0.0 101729.3105
1513.21 1513.21 0.0 101724.9911
1527.35 1527.35 0.0 101720.7185
1541.49 1541.49 0.0 101716.8189
1555.63 1555.63 0.0 101712.9559
1569.78 1569.78 0.0 101709.5492
1583.92 1583.92 0.0 101707.4315
1598.06 1598.06 0.0 101705.5003
1612.2 1612.2 0.0 101704.0445
1626.35 1626.35 0.0 101704.1320
1640.49 1640.49 0.0 101703.4345
1654.63 1654.63 0.0 101702.6378
1668.77 1668.77 0.0 101701.8425
1682.91 1682.91 0.0 101700.7406
1697.06 1697.06 0.0 101699.0402
1711.2 1711.2 0.0 101697.3388
1725.34 1725.34 0.0 101695.6451
1739.48 1739.48 0.0 101694.0371
1753.62 1753.62 0.0 101692.4707
1767.77 1767.77 0.0 101690.8260
1781.91 1781.91 0.0 101689.1761
1796.05 1796.05 0.0 101687.3230
1810.19 1810.19 0.0 101685.4832
1824.34 1824.34 0.0 101683.6672
1838.48 1838.48 0.0 101681.8616
1852.62 1852.62 0.0 101680.0655
1866.76 1866.76 0.0 101678.2785
1880.9 1880.9 0.0 101676.7847
1895.05 1895.05 0.0 101676.4420
1909.19 1909.19 0.0 101676.0996
1923.33 1923.33 0.0 101675.7148
1937.47 1937.47 0.0 101674.8811
1951.61 1951.61 0.0 101674.0499
1965.76 1965.76 0.0 101673.2051
1979.9 1979.9 0.0 101672.3334
1994.04 1994.04 0.0 101671.4640
2008.18 2008.18 0.0 101670.5971
2022.33 2022.33 0.0 101669.7478
2036.47 2036.47 0.0 101668.9171
2050.61 2050.61 0.0 101668.6429
2064.75 2064.75 0.0 101667.4376
2078.89 2078.89 0.0 101664.6350
2093.04 2093.04 0.0 101661.8531
2107.18 2107.18 0.0 101659.0977
2121.32 2121.32 0.0 101657.3106
2135.46 2135.46 0.0 101655.7436
2149.6 2149.6 0.0 101654.1849
2163.75 2163.75 0.0 101652.6327
2177.89 2177.89 0.0 101651.0877
2192.03 2192.03 0.0 101649.1292
2206.17 2206.17 0.0 101647.1344
2220.32 2220.32 0.0 101645.0919
2234.46 2234.46 0.0 101643.3329
2248.6 2248.6 0.0 101641.4559
2262.74 2262.74 0.0 101639.6662
2276.88 2276.88 0.0 101637.9531
2291.03 2291.03 0.0 101636.2470
2305.17 2305.17 0.0 101634.5523
2319.31 2319.31 0.0 101632.8656
2333.45 2333.45 0.0 101631.1895
2347.59 2347.59 0.0 101629.5218
2361.74 2361.74 0.0 101627.8616
2375.88 2375.88 0.0 101626.2125
2390.02 2390.02 0.0 101624.5718
2404.16 2404.16 0.0 101622.9404
2418.31 2418.31 0.0 101621.3466
2432.45 2432.45 0.0 101619.7644
2446.59 2446.59 0.0 101618.1899
2460.73 2460.73 0.0 101616.6210
2474.87 2474.87 0.0 101614.7230
2489.02 2489.02 0.0 101612.5262
2503.16 2503.16 0.0 101610.3475
2517.3 2517.3 0.0 101608.1855
2531.44 2531.44 0.0 101606.0394
2545.58 2545.58 0.0 101603.9093
2559.73 2559.73 0.0 101601.7951
2573.87 2573.87 0.0 101599.6971
2588.01 2588.01 0.0 101597.9956
2602.15 2602.15 0.0 101596.4936
2616.3 2616.3 0.0 101594.9988
2630.44 2630.44 0.0 101593.5130
2644.58 2644.58 0.0 101592.0359
2658.72 2658.72 0.0 101590.5674
2672.86 2672.86 0.0 101589.1063
2687.01 2687.01 0.0 101587.6529
2701.15 2701.15 0.0 101586.2085
2715.29 2715.29 0.0 101584.7708
2729.43 2729.43 0.0 101583.3416
2743.57 2743.57 0.0 101581.9201
2757.72 2757.72 0.0 101580.5056
2771.86 2771.86 0.0 101579.0610
2786.0 2786.0 0.0 101577.7438
2800.14 2800.14 0.0 101577.0171
2814.28 2814.28 0.0 101576.2919
2828.43 2828.43 0.0 101576.6086
2842.57 2842.57 0.0 101577.5812
2856.71 2856.71 0.0 101578.5445
2870.85 2870.85 0.0 101579.2762
2885.0 2885.0 0.0 101580.0110
2899.14 2899.14 0.0 101580.6632
2913.28 2913.28 0.0 101581.0724
2927.42 2927.42 0.0 101581.4602
2941.56 2941.56 0.0 101581.8479
2955.71 2955.71 0.0 101582.2366
2969.85 2969.85 0.0 101582.6252
2983.99 2983.99 0.0 101583.0154
2998.13 2998.13 0.0 101583.4059
3012.27 3012.27 0.0 101583.7587
3026.42 3026.42 0.0 101583.9670
3040.56 3040.56 0.0 101583.6023
3054.7 3054.7 0.0 101583.5434
3068.84 3068.84 0.0 101583.4859
3082.99 3082.99 0.0 101583.4290
3097.13 3097.13 0.0 101583.2162
3111.27 3111.27 0.0 101582.9649
3125.41 3125.41 0.0 101582.9069
3139.55 3139.55 0.0 101582.9674
3153.7 3153.7 0.0 101583.0318
3167.84 3167.84 0.0 101582.9930
3181.98 3181.98 0.0 101582.8466
3196.12 3196.12 0.0 101582.6996
3210.26 3210.26 0.0 101582.5540
3224.41 3224.41 0.0 101582.4074
3238.55 3238.55 0.0 101582.2609
3252.69 3252.69 0.0 101582.1152
3266.83 3266.83 0.0 101581.9689
3280.98 3280.98 0.0 101581.8232
3295.12 3295.12 0.0 101581.6762
3309.26 3309.26 0.0 101581.5309
3323.4 3323.4 0.0 101581.3817
3337.54 3337.54 0.0 101581.2383
3351.69 3351.69 0.0 101581.1193
3365.83 3365.83 0.0 101581.0006
3379.97 3379.97 0.0 101580.8813
3394.11 3394.11 0.0 101580.7630
3408.25 3408.25 0.0 101580.6445
3422.4 3422.4 0.0 101580.4249
3436.54 3436.54 0.0 101580.1608
3450.68 3450.68 0.0 101579.8962
3464.82 3464.82 0.0 101579.5656
3478.97 3478.97 0.0 101579.2142
3493.11 3493.11 0.0 101578.8634
3507.25 3507.25 0.0 101578.5148
3521.39 3521.39 0.0 101578.1657
3535.53 3535.53 0.0 101577.8164
3549.68 3549.68 0.0 101577.4307
3563.82 3563.82 0.0 101577.0471
3577.96 3577.96 0.0 101576.6643
3592.1 3592.1 0.0 101576.2804
3606.24 3606.24 0.0 101575.7069
3620.39 3620.39 0.0 101575.1336
3634.53 3634.53 0.0 101574.5623
3648.67 3648.67 0.0 101574.0113
3662.81 3662.81 0.0 101573.4674
3676.96 3676.96 0.0 101572.9247
3691.1 3691.1 0.0 101572.3835
3705.24 3705.24 0.0 101571.8425
3719.38 3719.38 0.0 101571.3036
3733.52 3733.52 0.0 101570.7649
3747.67 3747.67 0.0 101570.2279
3761.81 3761.81 0.0 101569.4593
3775.95 3775.95 0.0 101568.4476
3790.09 3790.09 0.0 101567.3035
3804.23 3804.23 0.0 101566.0687
3818.38 3818.38 0.0 101564.7695
3832.52 3832.52 0.0 101563.4762
3846.66 3846.66 0.0 101562.1913
3860.8 3860.8 0.0 101560.9123
3874.95 3874.95 0.0 101559.6411
3889.09 3889.09 0.0 101558.3759
3903.23 3903.23 0.0 101557.1193
3917.37 3917.37 0.0 101555.8690
3931.51 3931.51 0.0 101554.6241
3945.66 3945.66 0.0 101553.3855
3959.8 3959.8 0.0 101552.1549
3973.94 3973.94 0.0 101550.9316
3988.08 3988.08 0.0 101549.7140
4002.22 4002.22 0.0 101548.5027
4016.37 4016.37 0.0 101547.2977
4030.51 4030.51 0.0 101546.0295
4044.65 4044.65 0.0 101544.7612
4058.79 4058.79 0.0 101543.5004
4072.94 4072.94 0.0 101542.2451
4087.08 4087.08 0.0 101540.9997
4101.22 4101.22 0.0 101539.7607
4115.36 4115.36 0.0 101538.5265
4129.5 4129.5 0.0 101537.3026
4143.65 4143.65 0.0 101536.0842
4157.79 4157.79 0.0 101534.8727
4171.93 4171.93 0.0 101533.6686
4186.07 4186.07 0.0 101532.4706
4200.21 4200.21 0.0 101531.2806
4214.36 4214.36 0.0 101530.0960
4228.5 4228.5 0.0 101528.9189
4242.64 4242.64 0.0 101527.7485
