0.0 0.0 0.0 551707.4375
14.1421 14.1421 0.0 532950.2500
28.2843 28.2843 0.0 514011.7500
42.4264 42.4264 0.0 494769.8438
56.5685 56.5685 0.0 475350.8438
70.7107 70.7107 0.0 455838.0000
84.8528 84.8528 0.0 436251.2812
98.9949 98.9949 0.0 417144.3125
113.137 113.137 0.0 397966.3750
127.279 127.279 0.0 379495.2188
141.421 141.421 0.0 361549.9375
155.563 155.563 0.0 344624.0938
169.706 169.706 0.0 328616.9531
183.848 183.848 0.0 312677.7656
197.99 197.99 0.0 297369.9844
212.132 212.132 0.0 283138.6875
226.274 226.274 0.0 269810.4375
240.416 240.416 0.0 257364.2969
254.558 254.558 0.0 245773.3750
268.701 268.701 0.0 234985.3594
282.843 282.843 0.0 224955.7656
296.985 296.985 0.0 215645.9375
311.127 311.127 0.0 207079.0703
325.269 325.269 0.0 198753.7656
339.411 339.411 0.0 191167.2266
353.553 353.553 0.0 184146.6328
367.696 367.696 0.0 177654.1172
381.838 381.838 0.0 171653.0781
395.98 395.98 0.0 166126.2617
410.122 410.122 0.0 161109.1758
424.264 424.264 0.0 156447.9102
438.406 438.406 0.0 152165.7070
452.548 452.548 0.0 148209.0742
466.69 466.69 0.0 144919.2969
480.833 480.833 0.0 142442.9922
494.975 494.975 0.0 140104.6328
509.117 509.117 0.0 137896.9180
523.259 523.259 0.0 135814.1641
537.401 537.401 0.0 133858.5781
551.543 551.543 0.0 132011.9590
565.685 565.685 0.0 130268.8516
579.828 579.828 0.0 128647.6758
593.97 593.97 0.0 127806.6484
608.112 608.112 0.0 127025.1758
622.254 622.254 0.0 126266.4707
636.396 636.396 0.0 125529.8320
650.538 650.538 0.0 124814.7324
664.68 664.68 0.0 124144.6406
678.823 678.823 0.0 123507.2598
692.965 692.965 0.0 122889.5684
707.107 707.107 0.0 122292.4238
721.249 721.249 0.0 121711.7305
735.391 735.391 0.0 121146.8809
749.533 749.533 0.0 120591.1406
763.675 763.675 0.0 120050.7930
777.817 777.817 0.0 119521.0469
791.96 791.96 0.0 118990.4062
806.102 806.102 0.0 118475.2168
820.244 820.244 0.0 117974.8672
834.386 834.386 0.0 117497.2715
848.528 848.528 0.0 117066.0723
862.67 862.67 0.0 116724.4072
876.812 876.812 0.0 116407.4229
890.955 890.955 0.0 116095.0264
905.097 905.097 0.0 115780.7031
919.239 919.239 0.0 115458.6660
933.381 933.381 0.0 115143.7148
947.523 947.523 0.0 114835.7598
961.665 961.665 0.0 114534.6553
975.807 975.807 0.0 114241.0674
989.949 989.949 0.0 113954.3164
1004.09 1004.09 0.0 113673.9336
1018.23 1018.23 0.0 113491.6064
1032.38 1032.38 0.0 113330.2637
1046.52 1046.52 0.0 113171.2061
1060.66 1060.66 0.0 113015.8066
1074.8 1074.8 0.0 112862.4229
1088.94 1088.94 0.0 112711.0186
1103.09 1103.09 0.0 112553.4990
1117.23 1117.23 0.0 112382.7510
1131.37 1131.37 0.0 112214.5801
1145.51 1145.51 0.0 112046.0693
1159.66 1159.66 0.0 111877.2393
1173.8 1173.8 0.0 111711.2021
1187.94 1187.94 0.0 111533.5449
1202.08 1202.08 0.0 111356.8223
1216.22 1216.22 0.0 111192.8584
1230.37 1230.37 0.0 111031.4238
1244.51 1244.51 0.0 110872.7295
1258.65 1258.65 0.0 110716.6553
1272.79 1272.79 0.0 110564.7285
1286.93 1286.93 0.0 110416.9570
1301.08 1301.08 0.0 110271.4121
1315.22 1315.22 0.0 110128.3037
1329.36 1329.36 0.0 109987.4814
1343.5 1343.5 0.0 109848.9043
1357.65 1357.65 0.0 109712.4297
1371.79 1371.79 0.0 109586.2061
1385.93 1385.93 0.0 109466.5186
1400.07 1400.07 0.0 109348.5786
1414.21 1414.21 0.0 109232.3208
1428.36 1428.36 0.0 109117.6787
1442.5 1442.5 0.0 109008.7563
1456.64 1456.64 0.0 108900.2397
1470.78 1470.78 0.0 108787.9932
1484.92 1484.92 0.0 108677.4180
1499.07 1499.07 0.0 108568.3921
1513.21 1513.21 0.0 108461.0386
1527.35 1527.35 0.0 108354.7461
1541.49 1541.49 0.0 108249.2124
1555.63 1555.63 0.0 108145.2700
1569.78 1569.78 0.0 108042.8003
1583.92 1583.92 0.0 107941.9180
1598.06 1598.06 0.0 107842.5737
1612.2 1612.2 0.0 107757.6484
1626.35 1626.35 0.0 107733.4263
1640.49 1640.49 0.0 107709.3110
1654.63 1654.63 0.0 107685.2803
1668.77 1668.77 0.0 107660.0620
1682.91 1682.91 0.0 107626.5093
1697.06 1697.06 0.0 107593.1040
1711.2 1711.2 0.0 107559.8989
1725.34 1725.34 0.0 107526.8691
1739.48 1739.48 0.0 107493.7236
1753.62 1753.62 0.0 107460.2700
1767.77 1767.77 0.0 107426.7715
1781.91 1781.91 0.0 107387.6709
1796.05 1796.05 0.0 107347.2310
1810.19 1810.19 0.0 107301.7358
1824.34 1824.34 0.0 107254.9756
1838.48 1838.48 0.0 107208.5918
1852.62 1852.62 0.0 107162.5972
1866.76 1866.76 0.0 107111.5527
1880.9 1880.9 0.0 107079.1616
1895.05 1895.05 0.0 107054.3755
1909.19 1909.19 0.0 107029.7207
1923.33 1923.33 0.0 107004.7310
1937.47 1937.47 0.0 106973.9521
1951.61 1951.61 0.0 106943.3306
1965.76 1965.76 0.0 106908.7715
1979.9 1979.9 0.0 106871.2217
1994.04 1994.04 0.0 106833.6064
2008.18 2008.18 0.0 106796.2510
2022.33 2022.33 0.0 106759.1274
2036.47 2036.47 0.0 106722.2578
2050.61 2050.61 0.0 106685.1738
2064.75 2064.75 0.0 106648.0454
2078.89 2078.89 0.0 106611.1631
2093.04 2093.04 0.0 106572.9507
2107.18 2107.18 0.0 106533.8145
2121.32 2121.32 0.0 106494.9570
2135.46 2135.46 0.0 106456.4038
2149.6 2149.6 0.0 106418.1245
2163.75 2163.75 0.0 106380.1113
2177.89 2177.89 0.0 106341.6631
2192.03 2192.03 0.0 106303.5181
2206.17 2206.17 0.0 106265.6626
2220.32 2220.32 0.0 106230.5034
2234.46 2234.46 0.0 106202.9072
2248.6 2248.6 0.0 106175.2949
2262.74 2262.74 0.0 106142.1294
2276.88 2276.88 0.0 106109.1992
2291.03 2291.03 0.0 106083.5488
2305.17 2305.17 0.0 106059.2295
2319.31 2319.31 0.0 106035.0425
2333.45 2333.45 0.0 106010.9810
2347.59 2347.59 0.0 105987.0312
2361.74 2361.74 0.0 105960.9077
2375.88 2375.88 0.0 105934.2852
2390.02 2390.02 0.0 105902.0669
2404.16 2404.16 0.0 105870.8843
2418.31 2418.31 0.0 105843.2251
2432.45 2432.45 0.0 105817.0352
2446.59 2446.59 0.0 105790.9927
2460.73 2460.73 0.0 105765.1152
2474.87 2474.87 0.0 105739.3770
2489.02 2489.02 0.0 105713.7627
2503.16 2503.16 0.0 105688.3257
2517.3 2517.3 0.0 105663.0259
2531.44 2531.44 0.0 105637.8804
2545.58 2545.58 0.0 105612.8857
2559.73 2559.73 0.0 105584.8633
2573.87 2573.87 0.0 105554.9761
2588.01 2588.01 0.0 105533.1294
2602.15 2602.15 0.0 105515.6211
2616.3 2616.3 0.0 105497.3657
2630.44 2630.44 0.0 105478.4556
2644.58 2644.58 0.0 105459.6221
2658.72 2658.72 0.0 105437.3315
2672.86 2672.86 0.0 105414.9861
2687.01 2687.01 0.0 105397.5688
2701.15 2701.15 0.0 105379.0410
2715.29 2715.29 0.0 105359.8062
2729.43 2729.43 0.0 105339.2485
2743.57 2743.57 0.0 105320.5579
2757.72 2757.72 0.0 105301.9463
2771.86 2771.86 0.0 105283.4307
2786.0 2786.0 0.0 105265.0012
2800.14 2800.14 0.0 105246.6572
2814.28 2814.28 0.0 105227.5032
2828.43 2828.43 0.0 105201.8650
2842.57 2842.57 0.0 105176.4189
2856.71 2856.71 0.0 105151.1355
2870.85 2870.85 0.0 105125.0500
2885.0 2885.0 0.0 105098.6899
2899.14 2899.14 0.0 105072.5371
2913.28 2913.28 0.0 105044.8806
2927.42 2927.42 0.0 105017.2578
2941.56 2941.56 0.0 104989.8362
2955.71 2955.71 0.0 104962.6025
2969.85 2969.85 0.0 104937.4048
2983.99 2983.99 0.0 104914.7759
2998.13 2998.13 0.0 104892.2769
3012.27 3012.27 0.0 104869.9253
3026.42 3026.42 0.0 104847.6982
3040.56 3040.56 0.0 104825.6235
3054.7 3054.7 0.0 104803.2703
3068.84 3068.84 0.0 104780.9670
3082.99 3082.99 0.0 104767.1299
3097.13 3097.13 0.0 104760.7881
3111.27 3111.27 0.0 104754.4775
3125.41 3125.41 0.0 104748.1638
3139.55 3139.55 0.0 104741.8635
3153.7 3153.7 0.0 104735.5781
3167.84 3167.84 0.0 104725.8313
3181.98 3181.98 0.0 104714.5938
3196.12 3196.12 0.0 104703.4045
3210.26 3210.26 0.0 104691.0742
3224.41 3224.41 0.0 104678.6165
3238.55 3238.55 0.0 104666.2141
3252.69 3252.69 0.0 104653.8547
3266.83 3266.83 0.0 104641.5454
3280.98 3280.98 0.0 104630.3530
3295.12 3295.12 0.0 104619.4932
3309.26 3309.26 0.0 104608.6733
3323.4 3323.4 0.0 104597.8894
3337.54 3337.54 0.0 104587.1316
3351.69 3351.69 0.0 104576.4119
3365.83 3365.83 0.0 104565.7307
3379.97 3379.97 0.0 104555.0903
3394.11 3394.11 0.0 104544.4771
3408.25 3408.25 0.0 104533.8994
3422.4 3422.4 0.0 104523.0679
3436.54 3436.54 0.0 104511.9517
3450.68 3450.68 0.0 104500.8738
3464.82 3464.82 0.0 104489.8284
3478.97 3478.97 0.0 104472.7639
3493.11 3493.11 0.0 104454.9141
3507.25 3507.25 0.0 104437.1589
3521.39 3521.39 0.0 104419.5115
3535.53 3535.53 0.0 104401.9646
3549.68 3549.68 0.0 104384.5037
3563.82 3563.82 0.0 104368.1355
3577.96 3577.96 0.0 104352.5391
3592.1 3592.1 0.0 104337.0400
3606.24 3606.24 0.0 104321.4832
3620.39 3620.39 0.0 104305.7168
3634.53 3634.53 0.0 104290.0562
3648.67 3648.67 0.0 104274.4746
3662.81 3662.81 0.0 104258.9636
3676.96 3676.96 0.0 104243.5312
3691.1 3691.1 0.0 104228.0334
3705.24 3705.24 0.0 104211.6711
3719.38 3719.38 0.0 104195.4031
3733.52 3733.52 0.0 104179.2310
3747.67 3747.67 0.0 104163.1311
3761.81 3761.81 0.0 104147.1296
3775.95 3775.95 0.0 104130.5205
3790.09 3790.09 0.0 104109.2039
3804.23 3804.23 0.0 104088.0376
3818.38 3818.38 0.0 104067.0217
3832.52 3832.52 0.0 104046.1826
3846.66 3846.66 0.0 104026.2114
3860.8 3860.8 0.0 104005.6553
3874.95 3874.95 0.0 103985.2346
3889.09 3889.09 0.0 103967.6389
3903.23 3903.23 0.0 103952.8418
3917.37 3917.37 0.0 103938.1230
3931.51 3931.51 0.0 103923.4897
3945.66 3945.66 0.0 103908.9341
3959.8 3959.8 0.0 103894.8630
3973.94 3973.94 0.0 103884.5962
3988.08 3988.08 0.0 103874.3713
4002.22 4002.22 0.0 103864.1895
4016.37 4016.37 0.0 103854.0330
4030.51 4030.51 0.0 103843.9326
4044.65 4044.65 0.0 103833.8711
4058.79 4058.79 0.0 103823.8452
4072.94 4072.94 0.0 103813.8523
4087.08 4087.08 0.0 103803.9175
4101.22 4101.22 0.0 103794.0017
4115.36 4115.36 0.0 103784.1455
4129.5 4129.5 0.0 103774.3123
4143.65 4143.65 0.0 103764.5276
4157.79 4157.79 0.0 103754.7830
4171.93 4171.93 0.0 103745.0745
4186.07 4186.07 0.0 103735.3987
4200.21 4200.21 0.0 103725.7668
4214.36 4214.36 0.0 103716.1677
4228.5 4228.5 0.0 103706.6160
4242.64 4242.64 0.0 103697.1060
