0.0 0.0 0.0 717063.3125
14.1421 14.1421 0.0 6708052.0000
28.2843 28.2843 0.0 6009971.5000
42.4264 42.4264 0.0 4873933.5000
56.5685 56.5685 0.0 3751380.5000
70.7107 70.7107 0.0 2796621.2500
84.8528 84.8528 0.0 2055858.1250
98.9949 98.9949 0.0 1517987.7500
113.137 113.137 0.0 1142972.8125
127.279 127.279 0.0 885179.8125
141.421 141.421 0.0 706882.0625
155.563 155.563 0.0 581392.1250
169.706 169.706 0.0 491096.8438
183.848 183.848 0.0 424628.4375
197.99 197.99 0.0 374587.5625
212.132 212.132 0.0 336094.3750
226.274 226.274 0.0 305865.2969
240.416 240.416 0.0 281650.5156
254.558 254.558 0.0 261883.1250
268.701 268.701 0.0 245456.7188
282.843 282.843 0.0 231584.7656
296.985 296.985 0.0 219697.8672
311.127 311.127 0.0 209382.5703
325.269 325.269 0.0 200335.4297
339.411 339.411 0.0 192331.0000
353.553 353.553 0.0 185199.2812
367.696 367.696 0.0 178809.6797
381.838 381.838 0.0 173061.5078
395.98 395.98 0.0 167873.1719
410.122 410.122 0.0 163178.4258
424.264 424.264 0.0 158922.0898
438.406 438.406 0.0 155057.2891
452.548 452.548 0.0 151543.4531
466.69 466.69 0.0 148345.1328
480.833 480.833 0.0 145430.7188
494.975 494.975 0.0 142772.6562
509.117 509.117 0.0 140345.7461
523.259 523.259 0.0 138127.5117
537.401 537.401 0.0 136097.7656
551.543 551.543 0.0 134238.3477
565.685 565.685 0.0 132532.9375
579.828 579.828 0.0 130966.7168
593.97 593.97 0.0 129526.6738
608.112 608.112 0.0 128200.7754
622.254 622.254 0.0 126978.3242
636.396 636.396 0.0 125849.7617
650.538 650.538 0.0 124806.3711
664.68 664.68 0.0 123840.3965
678.823 678.823 0.0 122944.7891
692.965 692.965 0.0 122113.3750
707.107 707.107 0.0 121340.4395
721.249 721.249 0.0 120620.8594
735.391 735.391 0.0 119950.0605
749.533 749.533 0.0 119323.8887
763.675 763.675 0.0 118738.5840
777.817 777.817 0.0 118190.7734
791.96 791.96 0.0 117677.3779
806.102 806.102 0.0 117195.6758
820.244 820.244 0.0 116743.1230
834.386 834.386 0.0 116317.4385
848.528 848.528 0.0 115916.5586
862.67 862.67 0.0 115538.5986
876.812 876.812 0.0 115181.8271
890.955 890.955 0.0 114844.6709
905.097 905.097 0.0 114525.7529
919.239 919.239 0.0 114223.7314
933.381 933.381 0.0 113937.4102
947.523 947.523 0.0 113665.6953
961.665 961.665 0.0 113407.6035
975.807 975.807 0.0 113162.1807
989.949 989.949 0.0 112928.5986
1004.09 1004.09 0.0 112706.0850
1018.23 1018.23 0.0 112493.9287
1032.38 1032.38 0.0 112291.2949
1046.52 1046.52 0.0 112097.8604
1060.66 1060.66 0.0 111912.9316
1074.8 1074.8 0.0 111735.9600
1088.94 1088.94 0.0 111566.4678
1103.09 1103.09 0.0 111403.8945
1117.23 1117.23 0.0 111248.0508
1131.37 1131.37 0.0 111098.4355
1145.51 1145.51 0.0 110954.6768
1159.66 1159.66 0.0 110816.3438
1173.8 1173.8 0.0 110683.3330
1187.94 1187.94 0.0 110555.2441
1202.08 1202.08 0.0 110431.7988
1216.22 1216.22 0.0 110312.7500
1230.37 1230.37 0.0 110197.7812
1244.51 1244.51 0.0 110086.8252
1258.65 1258.65 0.0 109979.5938
1272.79 1272.79 0.0 109875.8936
1286.93 1286.93 0.0 109775.5527
1301.08 1301.08 0.0 109678.3203
1315.22 1315.22 0.0 109584.1611
1329.36 1329.36 0.0 109492.8872
1343.5 1343.5 0.0 109404.3296
1357.65 1357.65 0.0 109318.3105
1371.79 1371.79 0.0 109234.8193
1385.93 1385.93 0.0 109153.6680
1400.07 1400.07 0.0 109074.7637
1414.21 1414.21 0.0 108997.9937
1428.36 1428.36 0.0 108923.2109
1442.5 1442.5 0.0 108850.4272
1456.64 1456.64 0.0 108779.5034
1470.78 1470.78 0.0 108710.3608
1484.92 1484.92 0.0 108642.9038
1499.07 1499.07 0.0 108577.0317
1513.21 1513.21 0.0 108512.7690
1527.35 1527.35 0.0 108449.9941
1541.49 1541.49 0.0 108388.6509
1555.63 1555.63 0.0 108328.6836
1569.78 1569.78 0.0 108269.9883
1583.92 1583.92 0.0 108212.6025
1598.06 1598.06 0.0 108156.4351
1612.2 1612.2 0.0 108101.4453
1626.35 1626.35 0.0 108047.5361
1640.49 1640.49 0.0 107994.7578
1654.63 1654.63 0.0 107943.0249
1668.77 1668.77 0.0 107892.3037
1682.91 1682.91 0.0 107842.5610
1697.06 1697.06 0.0 107793.7168
1711.2 1711.2 0.0 107745.8237
1725.34 1725.34 0.0 107698.8076
1739.48 1739.48 0.0 107652.6523
1753.62 1753.62 0.0 107607.3174
1767.77 1767.77 0.0 107562.7505
1781.91 1781.91 0.0 107518.9907
1796.05 1796.05 0.0 107475.9844
1810.19 1810.19 0.0 107433.7139
1824.34 1824.34 0.0 107392.1201
1838.48 1838.48 0.0 107351.2461
1852.62 1852.62 0.0 107311.0483
1866.76 1866.76 0.0 107271.5054
1880.9 1880.9 0.0 107232.5991
1895.05 1895.05 0.0 107194.2871
1909.19 1909.19 0.0 107156.6079
1923.33 1923.33 0.0 107119.5176
1937.47 1937.47 0.0 107083.0098
1951.61 1951.61 0.0 107047.0601
1965.76 1965.76 0.0 107011.6382
1979.9 1979.9 0.0 106976.7881
1994.04 1994.04 0.0 106942.4600
2008.18 2008.18 0.0 106908.6465
2022.33 2022.33 0.0 106875.3188
2036.47 2036.47 0.0 106842.5044
2050.61 2050.61 0.0 106810.1802
2064.75 2064.75 0.0 106778.3359
2078.89 2078.89 0.0 106746.9512
2093.04 2093.04 0.0 106716.0068
2107.18 2107.18 0.0 106685.5356
2121.32 2121.32 0.0 106655.5029
2135.46 2135.46 0.0 106625.9106
2149.6 2149.6 0.0 106596.7373
2163.75 2163.75 0.0 106567.9688
2177.89 2177.89 0.0 106539.6299
2192.03 2192.03 0.0 106511.6992
2206.17 2206.17 0.0 106484.1646
2220.32 2220.32 0.0 106457.0044
2234.46 2234.46 0.0 106430.2485
2248.6 2248.6 0.0 106403.8740
2262.74 2262.74 0.0 106377.8804
2276.88 2276.88 0.0 106352.2495
2291.03 2291.03 0.0 106326.9663
2305.17 2305.17 0.0 106302.0566
2319.31 2319.31 0.0 106277.5020
2333.45 2333.45 0.0 106253.2998
2347.59 2347.59 0.0 106229.4346
2361.74 2361.74 0.0 106205.8916
2375.88 2375.88 0.0 106182.7021
2390.02 2390.02 0.0 106159.8335
2404.16 2404.16 0.0 106137.2944
2418.31 2418.31 0.0 106115.0610
2432.45 2432.45 0.0 106093.1587
2446.59 2446.59 0.0 106071.5596
2460.73 2460.73 0.0 106050.2788
2474.87 2474.87 0.0 106029.2896
2489.02 2489.02 0.0 106008.5898
2503.16 2503.16 0.0 105988.2031
2517.3 2517.3 0.0 105968.1006
2531.44 2531.44 0.0 105948.2876
2545.58 2545.58 0.0 105928.7539
2559.73 2559.73 0.0 105909.4854
2573.87 2573.87 0.0 105890.5142
2588.01 2588.01 0.0 105871.8076
2602.15 2602.15 0.0 105853.3696
2616.3 2616.3 0.0 105835.1797
2630.44 2630.44 0.0 105817.2705
2644.58 2644.58 0.0 105799.6104
2658.72 2658.72 0.0 105782.2109
2672.86 2672.86 0.0 105765.0562
2687.01 2687.01 0.0 105748.1377
2701.15 2701.15 0.0 105731.4766
2715.29 2715.29 0.0 105715.0576
2729.43 2729.43 0.0 105698.8687
2743.57 2743.57 0.0 105682.9170
2757.72 2757.72 0.0 105667.1807
2771.86 2771.86 0.0 105651.6860
2786.0 2786.0 0.0 105636.4131
2800.14 2800.14 0.0 105621.3613
2814.28 2814.28 0.0 105606.5229
2828.43 2828.43 0.0 105591.8921
2842.57 2842.57 0.0 105577.4814
2856.71 2856.71 0.0 105563.2764
2870.85 2870.85 0.0 105549.2773
2885.0 2885.0 0.0 105535.4731
2899.14 2899.14 0.0 105521.8735
2913.28 2913.28 0.0 105508.4727
2927.42 2927.42 0.0 105495.2559
2941.56 2941.56 0.0 105482.2383
2955.71 2955.71 0.0 105469.3921
2969.85 2969.85 0.0 105456.7402
2983.99 2983.99 0.0 105444.2686
2998.13 2998.13 0.0 105431.9727
3012.27 3012.27 0.0 105419.8582
3026.42 3026.42 0.0 105407.8997
3040.56 3040.56 0.0 105396.1235
3054.7 3054.7 0.0 105384.5122
3068.84 3068.84 0.0 105373.0647
3082.99 3082.99 0.0 105361.7688
3097.13 3097.13 0.0 105350.6389
3111.27 3111.27 0.0 105339.6653
3125.41 3125.41 0.0 105328.8396
3139.55 3139.55 0.0 105318.1685
3153.7 3153.7 0.0 105307.6357
3167.84 3167.84 0.0 105297.2515
3181.98 3181.98 0.0 105287.0139
3196.12 3196.12 0.0 105276.9109
3210.26 3210.26 0.0 105266.9519
3224.41 3224.41 0.0 105257.1113
3238.55 3238.55 0.0 105247.4150
3252.69 3252.69 0.0 105237.8433
3266.83 3266.83 0.0 105228.4023
3280.98 3280.98 0.0 105219.0769
3295.12 3295.12 0.0 105209.8811
3309.26 3309.26 0.0 105200.8025
3323.4 3323.4 0.0 105191.8337
3337.54 3337.54 0.0 105182.9866
3351.69 3351.69 0.0 105174.2476
3365.83 3365.83 0.0 105165.6177
3379.97 3379.97 0.0 105157.0984
3394.11 3394.11 0.0 105148.6855
3408.25 3408.25 0.0 105140.3706
3422.4 3422.4 0.0 105132.1538
3436.54 3436.54 0.0 105124.0413
3450.68 3450.68 0.0 105116.0291
3464.82 3464.82 0.0 105108.1021
3478.97 3478.97 0.0 105100.2671
3493.11 3493.11 0.0 105092.5237
3507.25 3507.25 0.0 105084.8713
3521.39 3521.39 0.0 105077.2986
3535.53 3535.53 0.0 105069.8181
3549.68 3549.68 0.0 105062.4089
3563.82 3563.82 0.0 105055.0876
3577.96 3577.96 0.0 105047.8406
3592.1 3592.1 0.0 105040.6714
3606.24 3606.24 0.0 105033.5759
3620.39 3620.39 0.0 105026.5466
3634.53 3634.53 0.0 105019.5945
3648.67 3648.67 0.0 105012.7109
3662.81 3662.81 0.0 105005.8894
3676.96 3676.96 0.0 104999.1333
3691.1 3691.1 0.0 104992.4451
3705.24 3705.24 0.0 104985.8179
3719.38 3719.38 0.0 104979.2512
3733.52 3733.52 0.0 104972.7417
3747.67 3747.67 0.0 104966.2852
3761.81 3761.81 0.0 104959.8884
3775.95 3775.95 0.0 104953.5444
3790.09 3790.09 0.0 104947.2563
3804.23 3804.23 0.0 104941.0139
3818.38 3818.38 0.0 104934.8196
3832.52 3832.52 0.0 104928.6770
3846.66 3846.66 0.0 104922.5830
3860.8 3860.8 0.0 104916.5327
3874.95 3874.95 0.0 104910.5205
3889.09 3889.09 0.0 104904.5557
3903.23 3903.23 0.0 104898.6379
3917.37 3917.37 0.0 104892.7539
3931.51 3931.51 0.0 104886.9136
3945.66 3945.66 0.0 104881.1028
3959.8 3959.8 0.0 104875.3354
3973.94 3973.94 0.0 104869.6011
3988.08 3988.08 0.0 104863.9031
4002.22 4002.22 0.0 104858.2375
4016.37 4016.37 0.0 104852.6045
4030.51 4030.51 0.0 104847.0007
4044.65 4044.65 0.0 104841.4326
4058.79 4058.79 0.0 104835.8882
4072.94 4072.94 0.0 104830.3711
4087.08 4087.08 0.0 104824.8872
4101.22 4101.22 0.0 104819.4270
4115.36 4115.36 0.0 104813.9937
4129.5 4129.5 0.0 104808.5854
4143.65 4143.65 0.0 104803.1973
4157.79 4157.79 0.0 104797.8372
4171.93 4171.93 0.0 104792.4983
4186.07 4186.07 0.0 104787.1843
4200.21 4200.21 0.0 104781.8899
4214.36 4214.36 0.0 104776.6099
4228.5 4228.5 0.0 104771.3579
4242.64 4242.64 0.0 104766.1189
4256.78 4256.78 0.0 104760.9041
4270.92 4270.92 0.0 104755.7053
4285.07 4285.07 0.0 104750.5159
4299.21 4299.21 0.0 104745.3540
4313.35 4313.35 0.0 104740.2080
4327.49 4327.49 0.0 104735.0730
4341.64 4341.64 0.0 104729.9521
4355.78 4355.78 0.0 104724.8503
4369.92 4369.92 0.0 104719.7612
4384.06 4384.06 0.0 104714.6858
4398.2 4398.2 0.0 104709.6243
4412.35 4412.35 0.0 104704.5725
4426.49 4426.49 0.0 104699.5371
4440.63 4440.63 0.0 104694.5129
4454.77 4454.77 0.0 104689.5024
4468.91 4468.91 0.0 104684.5029
4483.06 4483.06 0.0 104679.5088
4497.2 4497.2 0.0 104674.5320
4511.34 4511.34 0.0 104669.5671
4525.48 4525.48 0.0 104664.6113
4539.63 4539.63 0.0 104659.6626
4553.77 4553.77 0.0 104654.7295
4567.91 4567.91 0.0 104649.7971
4582.05 4582.05 0.0 104644.8848
4596.19 4596.19 0.0 104639.9746
4610.34 4610.34 0.0 104635.0752
4624.48 4624.48 0.0 104630.1843
4638.62 4638.62 0.0 104625.3074
4652.76 4652.76 0.0 104620.4375
4666.9 4666.9 0.0 104615.5762
4681.05 4681.05 0.0 104610.7185
4695.19 4695.19 0.0 104605.8735
4709.33 4709.33 0.0 104601.0383
4723.47 4723.47 0.0 104596.2102
4737.62 4737.62 0.0 104591.3862
4751.76 4751.76 0.0 104586.5740
4765.9 4765.9 0.0 104581.7720
4780.04 4780.04 0.0 104576.9785
4794.18 4794.18 0.0 104572.1921
4808.33 4808.33 0.0 104567.4097
4822.47 4822.47 0.0 104562.6433
4836.61 4836.61 0.0 104557.8779
4850.75 4850.75 0.0 104553.1257
4864.89 4864.89 0.0 104548.3818
4879.04 4879.04 0.0 104543.6406
4893.18 4893.18 0.0 104538.9136
4907.32 4907.32 0.0 104534.1926
4921.46 4921.46 0.0 104529.4795
4935.61 4935.61 0.0 104524.7737
4949.75 4949.75 0.0 104520.0791
4963.89 4963.89 0.0 104515.3975
4978.03 4978.03 0.0 104510.7197
4992.17 4992.17 0.0 104506.0532
5006.32 5006.32 0.0 104501.3909
5020.46 5020.46 0.0 104496.7429
5034.6 5034.6 0.0 104492.1013
5048.74 5048.74 0.0 104487.4714
5062.88 5062.88 0.0 104482.8511
5077.03 5077.03 0.0 104478.2373
5091.17 5091.17 0.0 104473.6335
5105.31 5105.31 0.0 104469.0408
5119.45 5119.45 0.0 104464.4636
5133.6 5133.6 0.0 104459.8901
5147.74 5147.74 0.0 104455.3328
5161.88 5161.88 0.0 104450.7786
5176.02 5176.02 0.0 104446.2432
5190.16 5190.16 0.0 104441.7141
5204.31 5204.31 0.0 104437.1914
5218.45 5218.45 0.0 104432.6860
5232.59 5232.59 0.0 104428.1929
5246.73 5246.73 0.0 104423.7107
5260.87 5260.87 0.0 104419.2405
5275.02 5275.02 0.0 104414.7786
5289.16 5289.16 0.0 104410.3320
5303.3 5303.3 0.0 104405.8975
5317.44 5317.44 0.0 104401.4783
5331.59 5331.59 0.0 104397.0667
5345.73 5345.73 0.0 104392.6704
5359.87 5359.87 0.0 104388.2874
5374.01 5374.01 0.0 104383.9197
5388.15 5388.15 0.0 104379.5637
5402.3 5402.3 0.0 104375.2156
5416.44 5416.44 0.0 104370.8909
5430.58 5430.58 0.0 104366.5781
5444.72 5444.72 0.0 104362.2773
5458.86 5458.86 0.0 104357.9927
5473.01 5473.01 0.0 104353.7185
5487.15 5487.15 0.0 104349.4644
5501.29 5501.29 0.0 104345.2253
5515.43 5515.43 0.0 104340.9993
5529.58 5529.58 0.0 104336.7861
5543.72 5543.72 0.0 104332.5918
5557.86 5557.86 0.0 104328.4160
5572.0 5572.0 0.0 104324.2520
5586.14 5586.14 0.0 104320.1050
5600.29 5600.29 0.0 104315.9768
5614.43 5614.43 0.0 104311.8652
5628.57 5628.57 0.0 104307.7668
5642.71 5642.71 0.0 104303.6907
5656.85 5656.85 0.0 104299.6245
5671.0 5671.0 0.0 104295.5767
5685.14 5685.14 0.0 104291.5530
5699.28 5699.28 0.0 104287.5427
5713.42 5713.42 0.0 104283.5520
5727.56 5727.56 0.0 104279.5767
5741.71 5741.71 0.0 104275.6206
5755.85 5755.85 0.0 104271.6812
5769.99 5769.99 0.0 104267.7637
5784.13 5784.13 0.0 104263.8625
5798.28 5798.28 0.0 104259.9792
5812.42 5812.42 0.0 104256.1152
5826.56 5826.56 0.0 104252.2725
5840.7 5840.7 0.0 104248.4504
5854.84 5854.84 0.0 104244.6460
5868.99 5868.99 0.0 104240.8577
5883.13 5883.13 0.0 104237.0935
5897.27 5897.27 0.0 104233.3521
5911.41 5911.41 0.0 104229.6238
5925.55 5925.55 0.0 104225.9167
5939.7 5939.7 0.0 104222.2285
5953.84 5953.84 0.0 104218.5637
5967.98 5967.98 0.0 104214.9197
5982.12 5982.12 0.0 104211.2959
5996.27 5996.27 0.0 104207.6904
6010.41 6010.41 0.0 104204.1062
6024.55 6024.55 0.0 104200.5469
6038.69 6038.69 0.0 104197.0056
6052.83 6052.83 0.0 104193.4849
6066.98 6066.98 0.0 104189.9851
6081.12 6081.12 0.0 104186.5044
6095.26 6095.26 0.0 104183.0525
6109.4 6109.4 0.0 104179.6172
6123.54 6123.54 0.0 104176.2019
6137.69 6137.69 0.0 104172.8071
6151.83 6151.83 0.0 104169.4353
6165.97 6165.97 0.0 104166.0894
6180.11 6180.11 0.0 104162.7632
6194.26 6194.26 0.0 104159.4548
6208.4 6208.4 0.0 104156.1714
6222.54 6222.54 0.0 104152.9138
6236.68 6236.68 0.0 104149.6719
6250.82 6250.82 0.0 104146.4536
6264.97 6264.97 0.0 104143.2563
6279.11 6279.11 0.0 104140.0808
6293.25 6293.25 0.0 104136.9297
6307.39 6307.39 0.0 104133.7983
6321.53 6321.53 0.0 104130.6917
6335.68 6335.68 0.0 104127.6045
6349.82 6349.82 0.0 104124.5398
6363.96 6363.96 0.0 104121.4976
6378.1 6378.1 0.0 104118.4807
6392.25 6392.25 0.0 104115.4827
6406.39 6406.39 0.0 104112.5054
6420.53 6420.53 0.0 104109.5559
6434.67 6434.67 0.0 104106.6223
6448.81 6448.81 0.0 104103.7148
6462.96 6462.96 0.0 104100.8242
6477.1 6477.1 0.0 104097.9585
6491.24 6491.24 0.0 104095.1172
6505.38 6505.38 0.0 104092.2932
6519.52 6519.52 0.0 104089.4958
6533.67 6533.67 0.0 104086.7141
6547.81 6547.81 0.0 104083.9607
6561.95 6561.95 0.0 104081.2241
6576.09 6576.09 0.0 104078.5125
6590.24 6590.24 0.0 104075.8181
6604.38 6604.38 0.0 104073.1514
6618.52 6618.52 0.0 104070.5027
6632.66 6632.66 0.0 104067.8760
6646.8 6646.8 0.0 104065.2703
6660.95 6660.95 0.0 104062.6826
6675.09 6675.09 0.0 104060.1233
6689.23 6689.23 0.0 104057.5781
6703.37 6703.37 0.0 104055.0564
6717.51 6717.51 0.0 104052.5576
6731.66 6731.66 0.0 104050.0779
6745.8 6745.8 0.0 104047.6189
6759.94 6759.94 0.0 104045.1814
6774.08 6774.08 0.0 104042.7627
6788.23 6788.23 0.0 104040.3618
6802.37 6802.37 0.0 104037.9875
6816.51 6816.51 0.0 104035.6306
6830.65 6830.65 0.0 104033.2942
6844.79 6844.79 0.0 104030.9761
6858.94 6858.94 0.0 104028.6797
6873.08 6873.08 0.0 104026.4019
6887.22 6887.22 0.0 104024.1389
6901.36 6901.36 0.0 104021.9031
6915.5 6915.5 0.0 104019.6851
6929.65 6929.65 0.0 104017.4827
6943.79 6943.79 0.0 104015.2988
6957.93 6957.93 0.0 104013.1372
6972.07 6972.07 0.0 104010.9939
6986.21 6986.21 0.0 104008.8662
