0.0 0.0 0.0 653073.1250
14.1421 14.1421 0.0 2165020.0000
28.2843 28.2843 0.0 2122519.0000
42.4264 42.4264 0.0 1957960.1250
56.5685 56.5685 0.0 1742590.1250
70.7107 70.7107 0.0 1517149.0000
84.8528 84.8528 0.0 1303582.2500
98.9949 98.9949 0.0 1112472.8750
113.137 113.137 0.0 947620.5000
127.279 127.279 0.0 808917.7500
141.421 141.421 0.0 694184.3750
155.563 155.563 0.0 600330.6250
169.706 169.706 0.0 524049.8125
183.848 183.848 0.0 462230.9062
197.99 197.99 0.0 412112.0938
212.132 212.132 0.0 371365.1875
226.274 226.274 0.0 338077.8750
240.416 240.416 0.0 310711.5000
254.558 254.558 0.0 288042.1562
268.701 268.701 0.0 269104.1406
282.843 282.843 0.0 253143.1094
296.985 296.985 0.0 239564.9062
311.127 311.127 0.0 227905.7734
325.269 325.269 0.0 217802.7188
339.411 339.411 0.0 208970.9141
353.553 353.553 0.0 201186.2969
367.696 367.696 0.0 194271.6719
381.838 381.838 0.0 188087.9297
395.98 395.98 0.0 182523.0234
410.122 410.122 0.0 177487.6250
424.264 424.264 0.0 172909.6172
438.406 438.406 0.0 168730.4141
452.548 452.548 0.0 164901.9453
466.69 466.69 0.0 161384.3633
480.833 480.833 0.0 158144.0664
494.975 494.975 0.0 155153.2617
509.117 509.117 0.0 152387.5625
523.259 523.259 0.0 149826.0508
537.401 537.401 0.0 147450.3750
551.543 551.543 0.0 145244.4648
565.685 565.685 0.0 143193.9844
579.828 579.828 0.0 141285.9141
593.97 593.97 0.0 139508.9727
608.112 608.112 0.0 137852.5234
622.254 622.254 0.0 136307.0820
636.396 636.396 0.0 134863.9414
650.538 650.538 0.0 133515.1953
664.68 664.68 0.0 132253.5605
678.823 678.823 0.0 131072.2871
692.965 692.965 0.0 129965.4629
707.107 707.107 0.0 128927.3711
721.249 721.249 0.0 127952.8477
735.391 735.391 0.0 127037.1699
749.533 749.533 0.0 126175.9668
763.675 763.675 0.0 125365.2188
777.817 777.817 0.0 124601.2344
791.96 791.96 0.0 123880.5820
806.102 806.102 0.0 123200.2227
820.244 820.244 0.0 122557.2207
834.386 834.386 0.0 121948.9395
848.528 848.528 0.0 121372.9062
862.67 862.67 0.0 120826.8848
876.812 876.812 0.0 120308.8047
890.955 890.955 0.0 119816.6895
905.097 905.097 0.0 119348.8691
919.239 919.239 0.0 118903.6660
933.381 933.381 0.0 118479.5488
947.523 947.523 0.0 118075.1660
961.665 961.665 0.0 117689.1855
975.807 975.807 0.0 117320.4541
989.949 989.949 0.0 116967.8457
1004.09 1004.09 0.0 116630.3799
1018.23 1018.23 0.0 116307.1104
1032.38 1032.38 0.0 115996.9160
1046.52 1046.52 0.0 115699.4121
1060.66 1060.66 0.0 115413.6465
1074.8 1074.8 0.0 115138.8994
1088.94 1088.94 0.0 114874.5361
1103.09 1103.09 0.0 114619.7822
1117.23 1117.23 0.0 114374.4180
1131.37 1131.37 0.0 114137.7646
1145.51 1145.51 0.0 113909.3281
1159.66 1159.66 0.0 113688.5020
1173.8 1173.8 0.0 113475.1719
1187.94 1187.94 0.0 113268.8184
1202.08 1202.08 0.0 113069.0430
1216.22 1216.22 0.0 112875.5244
1230.37 1230.37 0.0 112687.8164
1244.51 1244.51 0.0 112505.8789
1258.65 1258.65 0.0 112329.3154
1272.79 1272.79 0.0 112157.8467
1286.93 1286.93 0.0 111991.2627
1301.08 1301.08 0.0 111829.2041
1315.22 1315.22 0.0 111671.6953
1329.36 1329.36 0.0 111518.4229
1343.5 1343.5 0.0 111369.1953
1357.65 1357.65 0.0 111223.7529
1371.79 1371.79 0.0 111082.1240
1385.93 1385.93 0.0 110944.0586
1400.07 1400.07 0.0 110809.4199
1414.21 1414.21 0.0 110678.0664
1428.36 1428.36 0.0 110549.7861
1442.5 1442.5 0.0 110424.6348
1456.64 1456.64 0.0 110302.4229
1470.78 1470.78 0.0 110183.0205
1484.92 1484.92 0.0 110066.3457
1499.07 1499.07 0.0 109952.2344
1513.21 1513.21 0.0 109840.7412
1527.35 1527.35 0.0 109731.7041
1541.49 1541.49 0.0 109625.0400
1555.63 1555.63 0.0 109520.6846
1569.78 1569.78 0.0 109418.4849
1583.92 1583.92 0.0 109318.5269
1598.06 1598.06 0.0 109220.6719
1612.2 1612.2 0.0 109124.8403
1626.35 1626.35 0.0 109030.9360
1640.49 1640.49 0.0 108939.0186
1654.63 1654.63 0.0 108848.9692
1668.77 1668.77 0.0 108760.7397
1682.91 1682.91 0.0 108674.2783
1697.06 1697.06 0.0 108589.4844
1711.2 1711.2 0.0 108506.4297
1725.34 1725.34 0.0 108425.0127
1739.48 1739.48 0.0 108345.1860
1753.62 1753.62 0.0 108266.9136
1767.77 1767.77 0.0 108190.1079
1781.91 1781.91 0.0 108114.8359
1796.05 1796.05 0.0 108041.0093
1810.19 1810.19 0.0 107968.5918
1824.34 1824.34 0.0 107897.4995
1838.48 1838.48 0.0 107827.8022
1852.62 1852.62 0.0 107759.4194
1866.76 1866.76 0.0 107692.3218
1880.9 1880.9 0.0 107626.4790
1895.05 1895.05 0.0 107561.8140
1909.19 1909.19 0.0 107498.3965
1923.33 1923.33 0.0 107436.1450
1937.47 1937.47 0.0 107375.0513
1951.61 1951.61 0.0 107315.0713
1965.76 1965.76 0.0 107256.1489
1979.9 1979.9 0.0 107198.3423
1994.04 1994.04 0.0 107141.5859
2008.18 2008.18 0.0 107085.8521
2022.33 2022.33 0.0 107031.0903
2036.47 2036.47 0.0 106977.3584
2050.61 2050.61 0.0 106924.5762
2064.75 2064.75 0.0 106872.7432
2078.89 2078.89 0.0 106821.8364
2093.04 2093.04 0.0 106771.7920
2107.18 2107.18 0.0 106722.6738
2121.32 2121.32 0.0 106674.4199
2135.46 2135.46 0.0 106627.0171
2149.6 2149.6 0.0 106580.4414
2163.75 2163.75 0.0 106534.6543
2177.89 2177.89 0.0 106489.6978
2192.03 2192.03 0.0 106445.5151
2206.17 2206.17 0.0 106402.1011
2220.32 2220.32 0.0 106359.4087
2234.46 2234.46 0.0 106317.4834
2248.6 2248.6 0.0 106276.2773
2262.74 2262.74 0.0 106235.7710
2276.88 2276.88 0.0 106195.9604
2291.03 2291.03 0.0 106156.7988
2305.17 2305.17 0.0 106118.3320
2319.31 2319.31 0.0 106080.5142
2333.45 2333.45 0.0 106043.3286
2347.59 2347.59 0.0 106006.7808
2361.74 2361.74 0.0 105970.8120
2375.88 2375.88 0.0 105935.4692
2390.02 2390.02 0.0 105900.7173
2404.16 2404.16 0.0 105866.5479
2418.31 2418.31 0.0 105832.9165
2432.45 2432.45 0.0 105799.8662
2446.59 2446.59 0.0 105767.3574
2460.73 2460.73 0.0 105735.3843
2474.87 2474.87 0.0 105703.9365
2489.02 2489.02 0.0 105672.9800
2503.16 2503.16 0.0 105642.5488
2517.3 2517.3 0.0 105612.6143
2531.44 2531.44 0.0 105583.1626
2545.58 2545.58 0.0 105554.1870
2559.73 2559.73 0.0 105525.6553
2573.87 2573.87 0.0 105497.6055
2588.01 2588.01 0.0 105470.0029
2602.15 2602.15 0.0 105442.8418
2616.3 2616.3 0.0 105416.0916
2630.44 2630.44 0.0 105389.7876
2644.58 2644.58 0.0 105363.8982
2658.72 2658.72 0.0 105338.4163
2672.86 2672.86 0.0 105313.3367
2687.01 2687.01 0.0 105288.6316
2701.15 2701.15 0.0 105264.3296
2715.29 2715.29 0.0 105240.4087
2729.43 2729.43 0.0 105216.8535
2743.57 2743.57 0.0 105193.6726
2757.72 2757.72 0.0 105170.8230
2771.86 2771.86 0.0 105148.3503
2786.0 2786.0 0.0 105126.2224
2800.14 2800.14 0.0 105104.4275
2814.28 2814.28 0.0 105082.9678
2828.43 2828.43 0.0 105061.8184
2842.57 2842.57 0.0 105041.0054
2856.71 2856.71 0.0 105020.5051
2870.85 2870.85 0.0 105000.3188
2885.0 2885.0 0.0 104980.4185
2899.14 2899.14 0.0 104960.8298
2913.28 2913.28 0.0 104941.5320
2927.42 2927.42 0.0 104922.5244
2941.56 2941.56 0.0 104903.7974
2955.71 2955.71 0.0 104885.3303
2969.85 2969.85 0.0 104867.1487
2983.99 2983.99 0.0 104849.2378
2998.13 2998.13 0.0 104831.5874
3012.27 3012.27 0.0 104814.1934
3026.42 3026.42 0.0 104797.0405
3040.56 3040.56 0.0 104780.1443
3054.7 3054.7 0.0 104763.4941
3068.84 3068.84 0.0 104747.0837
3082.99 3082.99 0.0 104730.8940
3097.13 3097.13 0.0 104714.9504
3111.27 3111.27 0.0 104699.2305
3125.41 3125.41 0.0 104683.7322
3139.55 3139.55 0.0 104668.4543
3153.7 3153.7 0.0 104653.3760
3167.84 3167.84 0.0 104638.5249
3181.98 3181.98 0.0 104623.8779
3196.12 3196.12 0.0 104609.4316
3210.26 3210.26 0.0 104595.1873
3224.41 3224.41 0.0 104581.1304
3238.55 3238.55 0.0 104567.2708
3252.69 3252.69 0.0 104553.6023
3266.83 3266.83 0.0 104540.1184
3280.98 3280.98 0.0 104526.8125
3295.12 3295.12 0.0 104513.6877
3309.26 3309.26 0.0 104500.7407
3323.4 3323.4 0.0 104487.9683
3337.54 3337.54 0.0 104475.3638
3351.69 3351.69 0.0 104462.9172
3365.83 3365.83 0.0 104450.6418
3379.97 3379.97 0.0 104438.5298
3394.11 3394.11 0.0 104426.5693
3408.25 3408.25 0.0 104414.7715
3422.4 3422.4 0.0 104403.1104
3436.54 3436.54 0.0 104391.6116
3450.68 3450.68 0.0 104380.2576
3464.82 3464.82 0.0 104369.0454
3478.97 3478.97 0.0 104357.9697
3493.11 3493.11 0.0 104347.0376
3507.25 3507.25 0.0 104336.2456
3521.39 3521.39 0.0 104325.5833
3535.53 3535.53 0.0 104315.0554
3549.68 3549.68 0.0 104304.6482
3563.82 3563.82 0.0 104294.3760
3577.96 3577.96 0.0 104284.2283
3592.1 3592.1 0.0 104274.2007
3606.24 3606.24 0.0 104264.2939
3620.39 3620.39 0.0 104254.4980
3634.53 3634.53 0.0 104244.8240
3648.67 3648.67 0.0 104235.2651
3662.81 3662.81 0.0 104225.8174
3676.96 3676.96 0.0 104216.4734
3691.1 3691.1 0.0 104207.2446
3705.24 3705.24 0.0 104198.1189
3719.38 3719.38 0.0 104189.0999
3733.52 3733.52 0.0 104180.1799
3747.67 3747.67 0.0 104171.3567
3761.81 3761.81 0.0 104162.6338
3775.95 3775.95 0.0 104154.0112
3790.09 3790.09 0.0 104145.4812
3804.23 3804.23 0.0 104137.0476
3818.38 3818.38 0.0 104128.6963
3832.52 3832.52 0.0 104120.4436
3846.66 3846.66 0.0 104112.2756
3860.8 3860.8 0.0 104104.1941
3874.95 3874.95 0.0 104096.1965
3889.09 3889.09 0.0 104088.2849
3903.23 3903.23 0.0 104080.4539
3917.37 3917.37 0.0 104072.7075
3931.51 3931.51 0.0 104065.0378
3945.66 3945.66 0.0 104057.4417
3959.8 3959.8 0.0 104049.9263
3973.94 3973.94 0.0 104042.4856
3988.08 3988.08 0.0 104035.1169
4002.22 4002.22 0.0 104027.8250
4016.37 4016.37 0.0 104020.5962
4030.51 4030.51 0.0 104013.4431
4044.65 4044.65 0.0 104006.3596
4058.79 4058.79 0.0 103999.3413
4072.94 4072.94 0.0 103992.3879
4087.08 4087.08 0.0 103985.5007
4101.22 4101.22 0.0 103978.6807
4115.36 4115.36 0.0 103971.9209
4129.5 4129.5 0.0 103965.2224
4143.65 4143.65 0.0 103958.5820
4157.79 4157.79 0.0 103952.0051
4171.93 4171.93 0.0 103945.4878
4186.07 4186.07 0.0 103939.0266
4200.21 4200.21 0.0 103932.6223
4214.36 4214.36 0.0 103926.2708
4228.5 4228.5 0.0 103919.9758
4242.64 4242.64 0.0 103913.7363
4256.78 4256.78 0.0 103907.5500
4270.92 4270.92 0.0 103901.4155
4285.07 4285.07 0.0 103895.3257
4299.21 4299.21 0.0 103889.2947
4313.35 4313.35 0.0 103883.3118
4327.49 4327.49 0.0 103877.3730
4341.64 4341.64 0.0 103871.4834
4355.78 4355.78 0.0 103865.6411
4369.92 4369.92 0.0 103859.8501
4384.06 4384.06 0.0 103854.0981
4398.2 4398.2 0.0 103848.3955
4412.35 4412.35 0.0 103842.7297
4426.49 4426.49 0.0 103837.1147
4440.63 4440.63 0.0 103831.5425
4454.77 4454.77 0.0 103826.0085
4468.91 4468.91 0.0 103820.5200
4483.06 4483.06 0.0 103815.0698
4497.2 4497.2 0.0 103809.6584
4511.34 4511.34 0.0 103804.2874
4525.48 4525.48 0.0 103798.9585
4539.63 4539.63 0.0 103793.6633
4553.77 4553.77 0.0 103788.4102
4567.91 4567.91 0.0 103783.1912
4582.05 4582.05 0.0 103778.0103
4596.19 4596.19 0.0 103772.8665
4610.34 4610.34 0.0 103767.7546
4624.48 4624.48 0.0 103762.6809
4638.62 4638.62 0.0 103757.6438
4652.76 4652.76 0.0 103752.6382
4666.9 4666.9 0.0 103747.6685
4681.05 4681.05 0.0 103742.7280
4695.19 4695.19 0.0 103737.8245
4709.33 4709.33 0.0 103732.9509
4723.47 4723.47 0.0 103728.1116
4737.62 4737.62 0.0 103723.2996
4751.76 4751.76 0.0 103718.5239
4765.9 4765.9 0.0 103713.7764
4780.04 4780.04 0.0 103709.0618
4794.18 4794.18 0.0 103704.3748
4808.33 4808.33 0.0 103699.7146
4822.47 4822.47 0.0 103695.0864
4836.61 4836.61 0.0 103690.4900
4850.75 4850.75 0.0 103685.9207
4864.89 4864.89 0.0 103681.3777
4879.04 4879.04 0.0 103676.8635
4893.18 4893.18 0.0 103672.3784
4907.32 4907.32 0.0 103667.9197
4921.46 4921.46 0.0 103663.4890
4935.61 4935.61 0.0 103659.0806
4949.75 4949.75 0.0 103654.7046
4963.89 4963.89 0.0 103650.3525
4978.03 4978.03 0.0 103646.0261
4992.17 4992.17 0.0 103641.7275
5006.32 5006.32 0.0 103637.4526
5020.46 5020.46 0.0 103633.2026
5034.6 5034.6 0.0 103628.9785
5048.74 5048.74 0.0 103624.7805
5062.88 5062.88 0.0 103620.6057
5077.03 5077.03 0.0 103616.4521
5091.17 5091.17 0.0 103612.3281
5105.31 5105.31 0.0 103608.2271
5119.45 5119.45 0.0 103604.1460
5133.6 5133.6 0.0 103600.0898
5147.74 5147.74 0.0 103596.0581
5161.88 5161.88 0.0 103592.0518
5176.02 5176.02 0.0 103588.0652
5190.16 5190.16 0.0 103584.1021
5204.31 5204.31 0.0 103580.1584
5218.45 5218.45 0.0 103576.2437
5232.59 5232.59 0.0 103572.3472
5246.73 5246.73 0.0 103568.4768
5260.87 5260.87 0.0 103564.6233
5275.02 5275.02 0.0 103560.7908
5289.16 5289.16 0.0 103556.9849
5303.3 5303.3 0.0 103553.1970
5317.44 5317.44 0.0 103549.4314
5331.59 5331.59 0.0 103545.6873
5345.73 5345.73 0.0 103541.9658
5359.87 5359.87 0.0 103538.2637
5374.01 5374.01 0.0 103534.5835
5388.15 5388.15 0.0 103530.9229
5402.3 5402.3 0.0 103527.2832
5416.44 5416.44 0.0 103523.6638
5430.58 5430.58 0.0 103520.0654
5444.72 5444.72 0.0 103516.4883
5458.86 5458.86 0.0 103512.9304
5473.01 5473.01 0.0 103509.3872
5487.15 5487.15 0.0 103505.8733
5501.29 5501.29 0.0 103502.3730
5515.43 5515.43 0.0 103498.8933
5529.58 5529.58 0.0 103495.4333
5543.72 5543.72 0.0 103491.9934
5557.86 5557.86 0.0 103488.5754
5572.0 5572.0 0.0 103485.1755
5586.14 5586.14 0.0 103481.7947
5600.29 5600.29 0.0 103478.4277
5614.43 5614.43 0.0 103475.0854
5628.57 5628.57 0.0 103471.7607
5642.71 5642.71 0.0 103468.4585
5656.85 5656.85 0.0 103465.1714
5671.0 5671.0 0.0 103461.9004
5685.14 5685.14 0.0 103458.6509
5699.28 5699.28 0.0 103455.4214
5713.42 5713.42 0.0 103452.2090
5727.56 5727.56 0.0 103449.0146
5741.71 5741.71 0.0 103445.8359
5755.85 5755.85 0.0 103442.6772
5769.99 5769.99 0.0 103439.5396
5784.13 5784.13 0.0 103436.4187
5798.28 5798.28 0.0 103433.3110
5812.42 5812.42 0.0 103430.2241
5826.56 5826.56 0.0 103427.1577
5840.7 5840.7 0.0 103424.1060
5854.84 5854.84 0.0 103421.0723
5868.99 5868.99 0.0 103418.0574
5883.13 5883.13 0.0 103415.0576
5897.27 5897.27 0.0 103412.0779
5911.41 5911.41 0.0 103409.1125
5925.55 5925.55 0.0 103406.1670
5939.7 5939.7 0.0 103403.2356
5953.84 5953.84 0.0 103400.3223
5967.98 5967.98 0.0 103397.4280
5982.12 5982.12 0.0 103394.5493
5996.27 5996.27 0.0 103391.6863
6010.41 6010.41 0.0 103388.8394
6024.55 6024.55 0.0 103386.0110
6038.69 6038.69 0.0 103383.1985
6052.83 6052.83 0.0 103380.4041
6066.98 6066.98 0.0 103377.6233
6081.12 6081.12 0.0 103374.8579
6095.26 6095.26 0.0 103372.1122
6109.4 6109.4 0.0 103369.3806
6123.54 6123.54 0.0 103366.6644
6137.69 6137.69 0.0 103363.9645
6151.83 6151.83 0.0 103361.2809
6165.97 6165.97 0.0 103358.6122
6180.11 6180.11 0.0 103355.9614
6194.26 6194.26 0.0 103353.3220
6208.4 6208.4 0.0 103350.7025
6222.54 6222.54 0.0 103348.0959
6236.68 6236.68 0.0 103345.5052
6250.82 6250.82 0.0 103342.9292
6264.97 6264.97 0.0 103340.3683
6279.11 6279.11 0.0 103337.8240
6293.25 6293.25 0.0 103335.2942
6307.39 6307.39 0.0 103332.7771
6321.53 6321.53 0.0 103330.2758
6335.68 6335.68 0.0 103327.7880
6349.82 6349.82 0.0 103325.3158
6363.96 6363.96 0.0 103322.8588
6378.1 6378.1 0.0 103320.4164
6392.25 6392.25 0.0 103317.9863
6406.39 6406.39 0.0 103315.5717
6420.53 6420.53 0.0 103313.1702
6434.67 6434.67 0.0 103310.7849
6448.81 6448.81 0.0 103308.4109
6462.96 6462.96 0.0 103306.0504
6477.1 6477.1 0.0 103303.7037
6491.24 6491.24 0.0 103301.3732
6505.38 6505.38 0.0 103299.0548
6519.52 6519.52 0.0 103296.7496
6533.67 6533.67 0.0 103294.4562
6547.81 6547.81 0.0 103292.1775
6561.95 6561.95 0.0 103289.9111
6576.09 6576.09 0.0 103287.6584
6590.24 6590.24 0.0 103285.4177
6604.38 6604.38 0.0 103283.1888
6618.52 6618.52 0.0 103280.9758
6632.66 6632.66 0.0 103278.7732
6646.8 6646.8 0.0 103276.5845
6660.95 6660.95 0.0 103274.4047
6675.09 6675.09 0.0 103272.2404
6689.23 6689.23 0.0 103270.0867
6703.37 6703.37 0.0 103267.9456
6717.51 6717.51 0.0 103265.8177
6731.66 6731.66 0.0 103263.6991
6745.8 6745.8 0.0 103261.5927
6759.94 6759.94 0.0 103259.4969
6774.08 6774.08 0.0 103257.4143
6788.23 6788.23 0.0 103255.3414
6802.37 6802.37 0.0 103253.2809
6816.51 6816.51 0.0 103251.2325
6830.65 6830.65 0.0 103249.1927
6844.79 6844.79 0.0 103247.1682
6858.94 6858.94 0.0 103245.1492
6873.08 6873.08 0.0 103243.1434
6887.22 6887.22 0.0 103241.1478
6901.36 6901.36 0.0 103239.1653
6915.5 6915.5 0.0 103237.1912
6929.65 6929.65 0.0 103235.2264
6943.79 6943.79 0.0 103233.2727
6957.93 6957.93 0.0 103231.3284
6972.07 6972.07 0.0 103229.3949
6986.21 6986.21 0.0 103227.4725
