0.0 0.0 0.0 490355.0312
14.1421 14.1421 0.0 1272870.2500
28.2843 28.2843 0.0 1271990.3750
42.4264 42.4264 0.0 1263866.1250
56.5685 56.5685 0.0 1251667.6250
70.7107 70.7107 0.0 1236601.1250
84.8528 84.8528 0.0 1219317.3750
98.9949 98.9949 0.0 1200245.5000
113.137 113.137 0.0 1179703.2500
127.279 127.279 0.0 1157948.7500
141.421 141.421 0.0 1135197.5000
155.563 155.563 0.0 1111639.0000
169.706 169.706 0.0 1087435.1875
183.848 183.848 0.0 1062740.5625
197.99 197.99 0.0 1037685.2500
212.132 212.132 0.0 1012389.6875
226.274 226.274 0.0 986963.6875
240.416 240.416 0.0 961505.5000
254.558 254.558 0.0 936103.4375
268.701 268.701 0.0 910837.8125
282.843 282.843 0.0 885783.5000
296.985 296.985 0.0 861004.9375
311.127 311.127 0.0 836559.0625
325.269 325.269 0.0 812497.8750
339.411 339.411 0.0 788867.4375
353.553 353.553 0.0 765705.9375
367.696 367.696 0.0 743047.0000
381.838 381.838 0.0 720922.8125
395.98 395.98 0.0 699355.3750
410.122 410.122 0.0 678364.8125
424.264 424.264 0.0 657966.7500
438.406 438.406 0.0 638172.1250
452.548 452.548 0.0 618990.3125
466.69 466.69 0.0 600424.8438
480.833 480.833 0.0 582477.0000
494.975 494.975 0.0 565147.9688
509.117 509.117 0.0 548432.6250
523.259 523.259 0.0 532325.5000
537.401 537.401 0.0 516819.2188
551.543 551.543 0.0 501903.7188
565.685 565.685 0.0 487568.5312
579.828 579.828 0.0 473800.2500
593.97 593.97 0.0 460587.5625
608.112 608.112 0.0 447915.0312
622.254 622.254 0.0 435767.8750
636.396 636.396 0.0 424130.1562
650.538 650.538 0.0 412986.2812
664.68 664.68 0.0 402319.7812
678.823 678.823 0.0 392113.4062
692.965 692.965 0.0 382351.7812
707.107 707.107 0.0 373018.0938
721.249 721.249 0.0 364095.4062
735.391 735.391 0.0 355567.7188
749.533 749.533 0.0 347418.9062
763.675 763.675 0.0 339633.0000
777.817 777.817 0.0 332194.7656
791.96 791.96 0.0 325088.5938
806.102 806.102 0.0 318300.8750
820.244 820.244 0.0 311816.5625
834.386 834.386 0.0 305622.0781
848.528 848.528 0.0 299704.0000
862.67 862.67 0.0 294049.3594
876.812 876.812 0.0 288645.9062
890.955 890.955 0.0 283481.0938
905.097 905.097 0.0 278544.2500
919.239 919.239 0.0 273823.9688
933.381 933.381 0.0 269309.6094
947.523 947.523 0.0 264991.0938
961.665 961.665 0.0 260858.7500
975.807 975.807 0.0 256903.1719
989.949 989.949 0.0 253115.6562
1004.09 1004.09 0.0 249487.9375
1018.23 1018.23 0.0 246011.8438
1032.38 1032.38 0.0 242677.2812
1046.52 1046.52 0.0 239481.5938
1060.66 1060.66 0.0 236415.4062
1074.8 1074.8 0.0 233472.0781
1088.94 1088.94 0.0 230645.3984
1103.09 1103.09 0.0 227927.4297
1117.23 1117.23 0.0 225316.3516
1131.37 1131.37 0.0 222804.8516
1145.51 1145.51 0.0 220387.8047
1159.66 1159.66 0.0 218058.7344
1173.8 1173.8 0.0 215816.3281
1187.94 1187.94 0.0 213654.6172
1202.08 1202.08 0.0 211569.4297
1216.22 1216.22 0.0 209556.9375
1230.37 1230.37 0.0 207612.0625
1244.51 1244.51 0.0 205734.0547
1258.65 1258.65 0.0 203918.2344
1272.79 1272.79 0.0 202161.4297
1286.93 1286.93 0.0 200460.8281
1301.08 1301.08 0.0 198812.4844
1315.22 1315.22 0.0 197216.0000
1329.36 1329.36 0.0 195667.8125
1343.5 1343.5 0.0 194165.5859
1357.65 1357.65 0.0 192706.1719
1371.79 1371.79 0.0 191289.4766
1385.93 1385.93 0.0 189912.5859
1400.07 1400.07 0.0 188573.6484
1414.21 1414.21 0.0 187270.9141
1428.36 1428.36 0.0 186001.9609
1442.5 1442.5 0.0 184766.9922
1456.64 1456.64 0.0 183563.6953
1470.78 1470.78 0.0 182390.7734
1484.92 1484.92 0.0 181246.8750
1499.07 1499.07 0.0 180130.0781
1513.21 1513.21 0.0 179040.8828
1527.35 1527.35 0.0 177977.3984
1541.49 1541.49 0.0 176938.6016
1555.63 1555.63 0.0 175923.6719
1569.78 1569.78 0.0 174930.8984
1583.92 1583.92 0.0 173960.9609
1598.06 1598.06 0.0 173012.3438
1612.2 1612.2 0.0 172084.2969
1626.35 1626.35 0.0 171175.4766
1640.49 1640.49 0.0 170286.5078
1654.63 1654.63 0.0 169416.1719
1668.77 1668.77 0.0 168563.7891
1682.91 1682.91 0.0 167728.8672
1697.06 1697.06 0.0 166910.2500
1711.2 1711.2 0.0 166108.5664
1725.34 1725.34 0.0 165322.8047
1739.48 1739.48 0.0 164552.4141
1753.62 1753.62 0.0 163797.0039
1767.77 1767.77 0.0 163055.5938
1781.91 1781.91 0.0 162328.8320
1796.05 1796.05 0.0 161615.7773
1810.19 1810.19 0.0 160916.0156
1824.34 1824.34 0.0 160228.7422
1838.48 1838.48 0.0 159554.5000
1852.62 1852.62 0.0 158892.5117
1866.76 1866.76 0.0 158242.3789
1880.9 1880.9 0.0 157603.8008
1895.05 1895.05 0.0 156975.9961
1909.19 1909.19 0.0 156359.5234
1923.33 1923.33 0.0 155753.7031
1937.47 1937.47 0.0 155158.1328
1951.61 1951.61 0.0 154572.5938
1965.76 1965.76 0.0 153996.3672
1979.9 1979.9 0.0 153429.9727
1994.04 1994.04 0.0 152872.7656
2008.18 2008.18 0.0 152324.4570
2022.33 2022.33 0.0 151784.4297
2036.47 2036.47 0.0 151253.1719
2050.61 2050.61 0.0 150730.0820
2064.75 2064.75 0.0 150214.8984
2078.89 2078.89 0.0 149707.4023
2093.04 2093.04 0.0 149207.0078
2107.18 2107.18 0.0 148714.2227
2121.32 2121.32 0.0 148228.4844
2135.46 2135.46 0.0 147749.5547
2149.6 2149.6 0.0 147277.2930
2163.75 2163.75 0.0 146811.1133
2177.89 2177.89 0.0 146351.5391
2192.03 2192.03 0.0 145898.0391
2206.17 2206.17 0.0 145450.4531
2220.32 2220.32 0.0 145008.2930
2234.46 2234.46 0.0 144572.0664
2248.6 2248.6 0.0 144141.2500
2262.74 2262.74 0.0 143715.7656
2276.88 2276.88 0.0 143295.4219
2291.03 2291.03 0.0 142879.8242
2305.17 2305.17 0.0 142469.4414
2319.31 2319.31 0.0 142063.8320
2333.45 2333.45 0.0 141662.9219
2347.59 2347.59 0.0 141266.5742
2361.74 2361.74 0.0 140874.4414
2375.88 2375.88 0.0 140486.9727
2390.02 2390.02 0.0 140103.7969
2404.16 2404.16 0.0 139724.8398
2418.31 2418.31 0.0 139349.7539
2432.45 2432.45 0.0 138979.0039
2446.59 2446.59 0.0 138612.2617
2460.73 2460.73 0.0 138249.4727
2474.87 2474.87 0.0 137890.5469
2489.02 2489.02 0.0 137535.2109
2503.16 2503.16 0.0 137183.8984
2517.3 2517.3 0.0 136836.3359
2531.44 2531.44 0.0 136492.4531
2545.58 2545.58 0.0 136152.2695
2559.73 2559.73 0.0 135815.4297
2573.87 2573.87 0.0 135482.4180
2588.01 2588.01 0.0 135152.9805
2602.15 2602.15 0.0 134827.0703
2616.3 2616.3 0.0 134504.4570
2630.44 2630.44 0.0 134185.5625
2644.58 2644.58 0.0 133870.1230
2658.72 2658.72 0.0 133558.1270
2672.86 2672.86 0.0 133249.5645
2687.01 2687.01 0.0 132944.2031
2701.15 2701.15 0.0 132642.4609
2715.29 2715.29 0.0 132344.0996
2729.43 2729.43 0.0 132049.1133
2743.57 2743.57 0.0 131757.4727
2757.72 2757.72 0.0 131468.9863
2771.86 2771.86 0.0 131184.0469
2786.0 2786.0 0.0 130902.4395
2800.14 2800.14 0.0 130624.1133
2814.28 2814.28 0.0 130349.1074
2828.43 2828.43 0.0 130077.1973
2842.57 2842.57 0.0 129808.7578
2856.71 2856.71 0.0 129543.5703
2870.85 2870.85 0.0 129281.6484
2885.0 2885.0 0.0 129022.7812
2899.14 2899.14 0.0 128767.3203
2913.28 2913.28 0.0 128515.0703
2927.42 2927.42 0.0 128266.0176
2941.56 2941.56 0.0 128020.1484
2955.71 2955.71 0.0 127777.2754
2969.85 2969.85 0.0 127537.7188
2983.99 2983.99 0.0 127301.2949
2998.13 2998.13 0.0 127067.9922
3012.27 3012.27 0.0 126837.7871
3026.42 3026.42 0.0 126610.4941
3040.56 3040.56 0.0 126386.4238
3054.7 3054.7 0.0 126165.3711
3068.84 3068.84 0.0 125947.3477
3082.99 3082.99 0.0 125732.1523
3097.13 3097.13 0.0 125520.0957
3111.27 3111.27 0.0 125310.9805
3125.41 3125.41 0.0 125104.7734
3139.55 3139.55 0.0 124901.4668
3153.7 3153.7 0.0 124700.8887
3167.84 3167.84 0.0 124503.2949
3181.98 3181.98 0.0 124308.5078
3196.12 3196.12 0.0 124116.5352
3210.26 3210.26 0.0 123927.3027
3224.41 3224.41 0.0 123740.6758
3238.55 3238.55 0.0 123556.8965
3252.69 3252.69 0.0 123375.7910
3266.83 3266.83 0.0 123197.3184
3280.98 3280.98 0.0 123021.3457
3295.12 3295.12 0.0 122848.0820
3309.26 3309.26 0.0 122677.3789
3323.4 3323.4 0.0 122509.2031
3337.54 3337.54 0.0 122343.5156
3351.69 3351.69 0.0 122180.1855
3365.83 3365.83 0.0 122019.3887
3379.97 3379.97 0.0 121861.0059
3394.11 3394.11 0.0 121704.9902
3408.25 3408.25 0.0 121551.3184
3422.4 3422.4 0.0 121399.8281
3436.54 3436.54 0.0 121250.7324
3450.68 3450.68 0.0 121103.8828
3464.82 3464.82 0.0 120959.2422
3478.97 3478.97 0.0 120816.6855
3493.11 3493.11 0.0 120676.3691
3507.25 3507.25 0.0 120538.1738
3521.39 3521.39 0.0 120402.0820
3535.53 3535.53 0.0 120268.0332
3549.68 3549.68 0.0 120135.9121
3563.82 3563.82 0.0 120005.8965
3577.96 3577.96 0.0 119877.8184
3592.1 3592.1 0.0 119751.7129
3606.24 3606.24 0.0 119627.4844
3620.39 3620.39 0.0 119505.0469
3634.53 3634.53 0.0 119384.5508
3648.67 3648.67 0.0 119265.8594
3662.81 3662.81 0.0 119148.9648
3676.96 3676.96 0.0 119033.7422
3691.1 3691.1 0.0 118920.3320
3705.24 3705.24 0.0 118808.6250
3719.38 3719.38 0.0 118698.5918
3733.52 3733.52 0.0 118590.2070
3747.67 3747.67 0.0 118483.3594
3761.81 3761.81 0.0 118378.1934
3775.95 3775.95 0.0 118274.5801
3790.09 3790.09 0.0 118172.5039
3804.23 3804.23 0.0 118071.9512
3818.38 3818.38 0.0 117972.8223
3832.52 3832.52 0.0 117875.2168
3846.66 3846.66 0.0 117779.0469
3860.8 3860.8 0.0 117684.3018
3874.95 3874.95 0.0 117590.8691
3889.09 3889.09 0.0 117498.8770
3903.23 3903.23 0.0 117408.2217
3917.37 3917.37 0.0 117318.8945
3931.51 3931.51 0.0 117230.8496
3945.66 3945.66 0.0 117144.0283
3959.8 3959.8 0.0 117058.5176
3973.94 3973.94 0.0 116974.2334
3988.08 3988.08 0.0 116891.1729
4002.22 4002.22 0.0 116809.2822
4016.37 4016.37 0.0 116728.5107
4030.51 4030.51 0.0 116648.9404
4044.65 4044.65 0.0 116570.4854
4058.79 4058.79 0.0 116493.1543
4072.94 4072.94 0.0 116416.8477
4087.08 4087.08 0.0 116341.6689
4101.22 4101.22 0.0 116267.5264
4115.36 4115.36 0.0 116194.4209
4129.5 4129.5 0.0 116122.3311
4143.65 4143.65 0.0 116051.1865
4157.79 4157.79 0.0 115981.0625
4171.93 4171.93 0.0 115911.9043
4186.07 4186.07 0.0 115843.6816
4200.21 4200.21 0.0 115776.3916
4214.36 4214.36 0.0 115709.9561
4228.5 4228.5 0.0 115644.4619
4242.64 4242.64 0.0 115579.8506
4256.78 4256.78 0.0 115516.0996
4270.92 4270.92 0.0 115453.1934
4285.07 4285.07 0.0 115391.0703
4299.21 4299.21 0.0 115329.8027
4313.35 4313.35 0.0 115269.3604
4327.49 4327.49 0.0 115209.6768
4341.64 4341.64 0.0 115150.7393
4355.78 4355.78 0.0 115092.6025
4369.92 4369.92 0.0 115035.2100
4384.06 4384.06 0.0 114978.5518
4398.2 4398.2 0.0 114922.6172
4412.35 4412.35 0.0 114867.3379
4426.49 4426.49 0.0 114812.8066
4440.63 4440.63 0.0 114758.9453
4454.77 4454.77 0.0 114705.7549
4468.91 4468.91 0.0 114653.2266
4483.06 4483.06 0.0 114601.3066
4497.2 4497.2 0.0 114550.0635
4511.34 4511.34 0.0 114499.4287
4525.48 4525.48 0.0 114449.4209
4539.63 4539.63 0.0 114399.9746
4553.77 4553.77 0.0 114351.1455
4567.91 4567.91 0.0 114302.9072
4582.05 4582.05 0.0 114255.2402
4596.19 4596.19 0.0 114208.1260
4610.34 4610.34 0.0 114161.5225
4624.48 4624.48 0.0 114115.5107
4638.62 4638.62 0.0 114070.0186
4652.76 4652.76 0.0 114025.0430
4666.9 4666.9 0.0 113980.5840
4681.05 4681.05 0.0 113936.6025
4695.19 4695.19 0.0 113893.1426
4709.33 4709.33 0.0 113850.1641
4723.47 4723.47 0.0 113807.6631
4737.62 4737.62 0.0 113765.5996
4751.76 4751.76 0.0 113724.0293
4765.9 4765.9 0.0 113682.9141
4780.04 4780.04 0.0 113642.2422
4794.18 4794.18 0.0 113601.9961
4808.33 4808.33 0.0 113562.1582
4822.47 4822.47 0.0 113522.7734
4836.61 4836.61 0.0 113483.8008
4850.75 4850.75 0.0 113445.2344
4864.89 4864.89 0.0 113407.0713
4879.04 4879.04 0.0 113369.2715
4893.18 4893.18 0.0 113331.8809
4907.32 4907.32 0.0 113294.8770
4921.46 4921.46 0.0 113258.2412
4935.61 4935.61 0.0 113221.9473
4949.75 4949.75 0.0 113186.0400
4963.89 4963.89 0.0 113150.4922
4978.03 4978.03 0.0 113115.2861
4992.17 4992.17 0.0 113080.4160
5006.32 5006.32 0.0 113045.8721
5020.46 5020.46 0.0 113011.6836
5034.6 5034.6 0.0 112977.8154
5048.74 5048.74 0.0 112944.2656
5062.88 5062.88 0.0 112911.0352
5077.03 5077.03 0.0 112878.0869
5091.17 5091.17 0.0 112845.4668
5105.31 5105.31 0.0 112813.1465
5119.45 5119.45 0.0 112781.1152
5133.6 5133.6 0.0 112749.3574
5147.74 5147.74 0.0 112717.9141
5161.88 5161.88 0.0 112686.7451
5176.02 5176.02 0.0 112655.8438
5190.16 5190.16 0.0 112625.2236
5204.31 5204.31 0.0 112594.8467
5218.45 5218.45 0.0 112564.7539
5232.59 5232.59 0.0 112534.9219
5246.73 5246.73 0.0 112505.3428
5260.87 5260.87 0.0 112476.0156
5275.02 5275.02 0.0 112446.9141
5289.16 5289.16 0.0 112418.0762
5303.3 5303.3 0.0 112389.4756
5317.44 5317.44 0.0 112361.1094
5331.59 5331.59 0.0 112332.9639
5345.73 5345.73 0.0 112305.0596
5359.87 5359.87 0.0 112277.3936
5374.01 5374.01 0.0 112249.9248
5388.15 5388.15 0.0 112222.6914
5402.3 5402.3 0.0 112195.6533
5416.44 5416.44 0.0 112168.8428
5430.58 5430.58 0.0 112142.2451
5444.72 5444.72 0.0 112115.8457
5458.86 5458.86 0.0 112089.6650
5473.01 5473.01 0.0 112063.6533
5487.15 5487.15 0.0 112037.8613
5501.29 5501.29 0.0 112012.2686
5515.43 5515.43 0.0 111986.8623
5529.58 5529.58 0.0 111961.6328
5543.72 5543.72 0.0 111936.5977
5557.86 5557.86 0.0 111911.7529
5572.0 5572.0 0.0 111887.0938
5586.14 5586.14 0.0 111862.6143
5600.29 5600.29 0.0 111838.2910
5614.43 5614.43 0.0 111814.1621
5628.57 5628.57 0.0 111790.2070
5642.71 5642.71 0.0 111766.4160
5656.85 5656.85 0.0 111742.8027
5671.0 5671.0 0.0 111719.3359
5685.14 5685.14 0.0 111696.0547
5699.28 5699.28 0.0 111672.9268
5713.42 5713.42 0.0 111649.9600
5727.56 5727.56 0.0 111627.1543
5741.71 5741.71 0.0 111604.4932
5755.85 5755.85 0.0 111581.9922
5769.99 5769.99 0.0 111559.6582
5784.13 5784.13 0.0 111537.4795
5798.28 5798.28 0.0 111515.4248
5812.42 5812.42 0.0 111493.5273
5826.56 5826.56 0.0 111471.7891
5840.7 5840.7 0.0 111450.1885
5854.84 5854.84 0.0 111428.7285
5868.99 5868.99 0.0 111407.4004
5883.13 5883.13 0.0 111386.2373
5897.27 5897.27 0.0 111365.1982
5911.41 5911.41 0.0 111344.3066
5925.55 5925.55 0.0 111323.5498
5939.7 5939.7 0.0 111302.9072
5953.84 5953.84 0.0 111282.4199
5967.98 5967.98 0.0 111262.0674
5982.12 5982.12 0.0 111241.8428
5996.27 5996.27 0.0 111221.7236
6010.41 6010.41 0.0 111201.7588
6024.55 6024.55 0.0 111181.9268
6038.69 6038.69 0.0 111162.2139
6052.83 6052.83 0.0 111142.6240
6066.98 6066.98 0.0 111123.1523
6081.12 6081.12 0.0 111103.8164
6095.26 6095.26 0.0 111084.6016
6109.4 6109.4 0.0 111065.5029
6123.54 6123.54 0.0 111046.5332
6137.69 6137.69 0.0 111027.6660
6151.83 6151.83 0.0 111008.9307
6165.97 6165.97 0.0 110990.3145
6180.11 6180.11 0.0 110971.8154
6194.26 6194.26 0.0 110953.4170
6208.4 6208.4 0.0 110935.1572
6222.54 6222.54 0.0 110917.0000
6236.68 6236.68 0.0 110898.9561
6250.82 6250.82 0.0 110881.0352
6264.97 6264.97 0.0 110863.1973
6279.11 6279.11 0.0 110845.5010
6293.25 6293.25 0.0 110827.9102
6307.39 6307.39 0.0 110810.4277
6321.53 6321.53 0.0 110793.0586
6335.68 6335.68 0.0 110775.7832
6349.82 6349.82 0.0 110758.6211
6363.96 6363.96 0.0 110741.5771
6378.1 6378.1 0.0 110724.6377
6392.25 6392.25 0.0 110707.7891
6406.39 6406.39 0.0 110691.0605
6420.53 6420.53 0.0 110674.4355
6434.67 6434.67 0.0 110657.9219
6448.81 6448.81 0.0 110641.4971
6462.96 6462.96 0.0 110625.1729
6477.1 6477.1 0.0 110608.9658
6491.24 6491.24 0.0 110592.8652
6505.38 6505.38 0.0 110576.8584
6519.52 6519.52 0.0 110560.9492
6533.67 6533.67 0.0 110545.1387
6547.81 6547.81 0.0 110529.4316
6561.95 6561.95 0.0 110513.8301
6576.09 6576.09 0.0 110498.3242
6590.24 6590.24 0.0 110482.9062
6604.38 6604.38 0.0 110467.5996
6618.52 6618.52 0.0 110452.3945
6632.66 6632.66 0.0 110437.2783
6646.8 6646.8 0.0 110422.2676
6660.95 6660.95 0.0 110407.3398
6675.09 6675.09 0.0 110392.5166
6689.23 6689.23 0.0 110377.7949
6703.37 6703.37 0.0 110363.1611
6717.51 6717.51 0.0 110348.6211
6731.66 6731.66 0.0 110334.1807
6745.8 6745.8 0.0 110319.8311
6759.94 6759.94 0.0 110305.5811
6774.08 6774.08 0.0 110291.4209
6788.23 6788.23 0.0 110277.3428
6802.37 6802.37 0.0 110263.3721
6816.51 6816.51 0.0 110249.4951
6830.65 6830.65 0.0 110235.7070
6844.79 6844.79 0.0 110222.0127
6858.94 6858.94 0.0 110208.3975
6873.08 6873.08 0.0 110194.8877
6887.22 6887.22 0.0 110181.4609
6901.36 6901.36 0.0 110168.1299
6915.5 6915.5 0.0 110154.8857
6929.65 6929.65 0.0 110141.7305
6943.79 6943.79 0.0 110128.6543
6957.93 6957.93 0.0 110115.6875
6972.07 6972.07 0.0 110102.8008
6986.21 6986.21 0.0 110090.0078
7000.36 7000.36 0.0 110077.2881
7014.5 7014.5 0.0 110064.6650
7028.64 7028.64 0.0 110052.1348
7042.78 7042.78 0.0 110039.6807
7056.93 7056.93 0.0 110027.3193
7071.07 7071.07 0.0 110015.0410
7085.21 7085.21 0.0 110002.8574
7099.35 7099.35 0.0 109990.7490
7113.49 7113.49 0.0 109978.7344
7127.64 7127.64 0.0 109966.7949
7141.78 7141.78 0.0 109954.9541
7155.92 7155.92 0.0 109943.1865
7170.06 7170.06 0.0 109931.5117
7184.2 7184.2 0.0 109919.9189
7198.35 7198.35 0.0 109908.4023
7212.49 7212.49 0.0 109896.9736
7226.63 7226.63 0.0 109885.6309
7240.77 7240.77 0.0 109874.3750
7254.92 7254.92 0.0 109863.1865
7269.06 7269.06 0.0 109852.0898
7283.2 7283.2 0.0 109841.0762
7297.34 7297.34 0.0 109830.1494
7311.48 7311.48 0.0 109819.2891
7325.63 7325.63 0.0 109808.5117
7339.77 7339.77 0.0 109797.8193
7353.91 7353.91 0.0 109787.2090
7368.05 7368.05 0.0 109776.6807
7382.19 7382.19 0.0 109766.2285
7396.34 7396.34 0.0 109755.8496
7410.48 7410.48 0.0 109745.5557
7424.62 7424.62 0.0 109735.3369
7438.76 7438.76 0.0 109725.2002
7452.91 7452.91 0.0 109715.1377
7467.05 7467.05 0.0 109705.1533
7481.19 7481.19 0.0 109695.2500
7495.33 7495.33 0.0 109685.4229
7509.47 7509.47 0.0 109675.6787
7523.62 7523.62 0.0 109665.9971
7537.76 7537.76 0.0 109656.3975
7551.9 7551.9 0.0 109646.8760
7566.04 7566.04 0.0 109637.4209
7580.18 7580.18 0.0 109628.0469
7594.33 7594.33 0.0 109618.7480
7608.47 7608.47 0.0 109609.5254
7622.61 7622.61 0.0 109600.3721
7636.75 7636.75 0.0 109591.2939
7650.9 7650.9 0.0 109582.2871
7665.04 7665.04 0.0 109573.3516
7679.18 7679.18 0.0 109564.4961
7693.32 7693.32 0.0 109555.7129
7707.46 7707.46 0.0 109546.9941
7721.61 7721.61 0.0 109538.3418
7735.75 7735.75 0.0 109529.7734
7749.89 7749.89 0.0 109521.2754
7764.03 7764.03 0.0 109512.8379
7778.17 7778.17 0.0 109504.4819
