0.0 0.0 0.0 208607.0078
14.1421 14.1421 0.0 202018.9688
28.2843 28.2843 0.0 201635.6797
42.4264 42.4264 0.0 201461.6328
56.5685 56.5685 0.0 201367.8281
70.7107 70.7107 0.0 201313.3828
84.8528 84.8528 0.0 201280.3203
98.9949 98.9949 0.0 201258.9297
113.137 113.137 0.0 201243.6250
127.279 127.279 0.0 201230.7812
141.421 141.421 0.0 201218.1328
155.563 155.563 0.0 201203.9453
169.706 169.706 0.0 201187.1250
183.848 183.848 0.0 201166.8516
197.99 197.99 0.0 201142.4531
212.132 212.132 0.0 201113.5078
226.274 226.274 0.0 201079.8438
240.416 240.416 0.0 201041.1016
254.558 254.558 0.0 200997.1484
268.701 268.701 0.0 200947.8047
282.843 282.843 0.0 200893.1250
296.985 296.985 0.0 200833.0703
311.127 311.127 0.0 200767.6016
325.269 325.269 0.0 200696.7188
339.411 339.411 0.0 200620.4922
353.553 353.553 0.0 200538.9219
367.696 367.696 0.0 200452.0547
381.838 381.838 0.0 200359.9766
395.98 395.98 0.0 200262.7969
410.122 410.122 0.0 200160.5469
424.264 424.264 0.0 200053.3047
438.406 438.406 0.0 199941.1875
452.548 452.548 0.0 199824.2031
466.69 466.69 0.0 199702.4922
480.833 480.833 0.0 199576.1641
494.975 494.975 0.0 199445.2812
509.117 509.117 0.0 199309.9297
523.259 523.259 0.0 199170.2344
537.401 537.401 0.0 199026.2344
551.543 551.543 0.0 198878.0156
565.685 565.685 0.0 198725.7344
579.828 579.828 0.0 198569.4531
593.97 593.97 0.0 198409.2500
608.112 608.112 0.0 198245.2500
622.254 622.254 0.0 198077.4609
636.396 636.396 0.0 197906.0156
650.538 650.538 0.0 197731.0547
664.68 664.68 0.0 197552.5938
678.823 678.823 0.0 197370.7031
692.965 692.965 0.0 197185.5234
707.107 707.107 0.0 196997.1016
721.249 721.249 0.0 196805.6016
735.391 735.391 0.0 196610.9453
749.533 749.533 0.0 196413.3516
763.675 763.675 0.0 196212.8125
777.817 777.817 0.0 196009.4531
791.96 791.96 0.0 195803.2812
806.102 806.102 0.0 195594.4531
820.244 820.244 0.0 195383.0234
834.386 834.386 0.0 195169.0547
848.528 848.528 0.0 194952.6328
862.67 862.67 0.0 194733.7969
876.812 876.812 0.0 194512.6250
890.955 890.955 0.0 194289.1797
905.097 905.097 0.0 194063.5938
919.239 919.239 0.0 193835.8438
933.381 933.381 0.0 193606.0234
947.523 947.523 0.0 193374.2344
961.665 961.665 0.0 193140.4844
975.807 975.807 0.0 192904.8828
989.949 989.949 0.0 192667.4922
1004.09 1004.09 0.0 192428.3438
1018.23 1018.23 0.0 192187.5547
1032.38 1032.38 0.0 191944.9766
1046.52 1046.52 0.0 191701.0000
1060.66 1060.66 0.0 191455.4922
1074.8 1074.8 0.0 191208.6094
1088.94 1088.94 0.0 190960.2969
1103.09 1103.09 0.0 190710.4688
1117.23 1117.23 0.0 190459.6094
1131.37 1131.37 0.0 190207.5391
1145.51 1145.51 0.0 189954.2734
1159.66 1159.66 0.0 189699.7500
1173.8 1173.8 0.0 189444.3438
1187.94 1187.94 0.0 189188.0000
1202.08 1202.08 0.0 188930.7031
1216.22 1216.22 0.0 188672.5547
1230.37 1230.37 0.0 188413.4141
1244.51 1244.51 0.0 188153.6484
1258.65 1258.65 0.0 187893.2344
1272.79 1272.79 0.0 187632.1719
1286.93 1286.93 0.0 187370.5000
1301.08 1301.08 0.0 187108.1328
1315.22 1315.22 0.0 186845.4297
1329.36 1329.36 0.0 186582.3125
1343.5 1343.5 0.0 186318.8594
1357.65 1357.65 0.0 186054.8828
1371.79 1371.79 0.0 185790.8438
1385.93 1385.93 0.0 185526.6016
1400.07 1400.07 0.0 185262.2266
1414.21 1414.21 0.0 184997.7344
1428.36 1428.36 0.0 184733.0469
1442.5 1442.5 0.0 184468.5391
1456.64 1456.64 0.0 184204.1250
1470.78 1470.78 0.0 183939.8594
1484.92 1484.92 0.0 183675.7812
1499.07 1499.07 0.0 183411.7266
1513.21 1513.21 0.0 183148.1797
1527.35 1527.35 0.0 182885.0000
1541.49 1541.49 0.0 182622.1797
1555.63 1555.63 0.0 182359.9062
1569.78 1569.78 0.0 182097.9219
1583.92 1583.92 0.0 181836.7500
1598.06 1598.06 0.0 181576.1406
1612.2 1612.2 0.0 181316.2578
1626.35 1626.35 0.0 181056.9141
1640.49 1640.49 0.0 180798.5781
1654.63 1654.63 0.0 180541.0781
1668.77 1668.77 0.0 180284.4688
1682.91 1682.91 0.0 180028.8359
1697.06 1697.06 0.0 179774.0469
1711.2 1711.2 0.0 179520.4922
1725.34 1725.34 0.0 179268.0703
1739.48 1739.48 0.0 179016.7578
1753.62 1753.62 0.0 178766.6641
1767.77 1767.77 0.0 178517.6953
1781.91 1781.91 0.0 178270.1797
1796.05 1796.05 0.0 178024.0000
1810.19 1810.19 0.0 177779.2500
1824.34 1824.34 0.0 177535.7422
1838.48 1838.48 0.0 177293.9219
1852.62 1852.62 0.0 177053.5938
1866.76 1866.76 0.0 176814.8359
1880.9 1880.9 0.0 176577.6562
1895.05 1895.05 0.0 176341.9609
1909.19 1909.19 0.0 176108.0703
1923.33 1923.33 0.0 175875.9219
1937.47 1937.47 0.0 175645.4453
1951.61 1951.61 0.0 175416.7188
1965.76 1965.76 0.0 175189.6094
1979.9 1979.9 0.0 174964.5078
1994.04 1994.04 0.0 174741.1328
2008.18 2008.18 0.0 174519.6328
2022.33 2022.33 0.0 174299.8125
2036.47 2036.47 0.0 174081.9688
2050.61 2050.61 0.0 173865.9844
2064.75 2064.75 0.0 173651.8438
2078.89 2078.89 0.0 173439.5469
2093.04 2093.04 0.0 173228.9844
2107.18 2107.18 0.0 173020.3984
2121.32 2121.32 0.0 172813.6250
2135.46 2135.46 0.0 172608.6250
2149.6 2149.6 0.0 172405.4766
2163.75 2163.75 0.0 172203.9609
2177.89 2177.89 0.0 172004.2734
2192.03 2192.03 0.0 171806.3281
2206.17 2206.17 0.0 171610.0234
2220.32 2220.32 0.0 171415.2266
2234.46 2234.46 0.0 171222.1094
2248.6 2248.6 0.0 171030.5703
2262.74 2262.74 0.0 170840.4922
2276.88 2276.88 0.0 170651.8281
2291.03 2291.03 0.0 170464.3906
2305.17 2305.17 0.0 170278.3828
2319.31 2319.31 0.0 170093.5859
2333.45 2333.45 0.0 169909.9141
2347.59 2347.59 0.0 169727.3281
2361.74 2361.74 0.0 169545.5781
2375.88 2375.88 0.0 169364.8359
2390.02 2390.02 0.0 169184.8984
2404.16 2404.16 0.0 169005.6328
2418.31 2418.31 0.0 168826.8047
2432.45 2432.45 0.0 168648.6719
2446.59 2446.59 0.0 168470.8828
2460.73 2460.73 0.0 168293.3594
2474.87 2474.87 0.0 168115.9922
2489.02 2489.02 0.0 167938.5312
2503.16 2503.16 0.0 167761.1328
2517.3 2517.3 0.0 167583.4844
2531.44 2531.44 0.0 167405.5469
2545.58 2545.58 0.0 167227.1328
2559.73 2559.73 0.0 167048.0000
2573.87 2573.87 0.0 166868.2891
2588.01 2588.01 0.0 166687.7227
2602.15 2602.15 0.0 166506.1797
2616.3 2616.3 0.0 166323.3672
2630.44 2630.44 0.0 166139.4492
2644.58 2644.58 0.0 165954.1523
2658.72 2658.72 0.0 165767.3203
2672.86 2672.86 0.0 165578.8281
2687.01 2687.01 0.0 165388.4609
2701.15 2701.15 0.0 165196.3008
2715.29 2715.29 0.0 165002.0938
2729.43 2729.43 0.0 164805.7656
2743.57 2743.57 0.0 164607.1094
2757.72 2757.72 0.0 164405.9531
2771.86 2771.86 0.0 164202.3555
2786.0 2786.0 0.0 163996.1836
2800.14 2800.14 0.0 163787.2422
2814.28 2814.28 0.0 163575.4844
2828.43 2828.43 0.0 163360.6172
2842.57 2842.57 0.0 163142.8633
2856.71 2856.71 0.0 162922.0000
2870.85 2870.85 0.0 162697.9141
2885.0 2885.0 0.0 162470.3789
2899.14 2899.14 0.0 162239.6523
2913.28 2913.28 0.0 162005.5078
2927.42 2927.42 0.0 161767.8867
2941.56 2941.56 0.0 161526.7422
2955.71 2955.71 0.0 161281.8398
2969.85 2969.85 0.0 161033.5273
2983.99 2983.99 0.0 160781.5469
2998.13 2998.13 0.0 160525.9219
3012.27 3012.27 0.0 160266.6289
3026.42 3026.42 0.0 160003.4531
3040.56 3040.56 0.0 159736.7773
3054.7 3054.7 0.0 159466.4297
3068.84 3068.84 0.0 159192.4297
3082.99 3082.99 0.0 158914.6055
3097.13 3097.13 0.0 158633.3555
3111.27 3111.27 0.0 158348.5742
3125.41 3125.41 0.0 158060.2656
3139.55 3139.55 0.0 157768.4883
3153.7 3153.7 0.0 157473.1250
3167.84 3167.84 0.0 157174.6094
3181.98 3181.98 0.0 156872.8242
3196.12 3196.12 0.0 156567.8867
3210.26 3210.26 0.0 156259.8398
3224.41 3224.41 0.0 155948.5703
3238.55 3238.55 0.0 155634.6289
3252.69 3252.69 0.0 155317.9102
3266.83 3266.83 0.0 154998.4844
3280.98 3280.98 0.0 154676.2617
3295.12 3295.12 0.0 154351.8164
3309.26 3309.26 0.0 154025.0234
3323.4 3323.4 0.0 153696.0547
3337.54 3337.54 0.0 153365.0000
3351.69 3351.69 0.0 153031.7812
3365.83 3365.83 0.0 152696.9844
3379.97 3379.97 0.0 152360.5312
3394.11 3394.11 0.0 152022.5703
3408.25 3408.25 0.0 151683.2344
3422.4 3422.4 0.0 151342.4141
3436.54 3436.54 0.0 151000.7930
3450.68 3450.68 0.0 150658.2109
3464.82 3464.82 0.0 150314.8555
3478.97 3478.97 0.0 149970.6055
3493.11 3493.11 0.0 149626.1094
3507.25 3507.25 0.0 149281.2812
3521.39 3521.39 0.0 148936.2422
3535.53 3535.53 0.0 148591.1641
3549.68 3549.68 0.0 148245.9258
3563.82 3563.82 0.0 147901.1719
3577.96 3577.96 0.0 147556.8008
3592.1 3592.1 0.0 147212.9414
3606.24 3606.24 0.0 146869.7344
3620.39 3620.39 0.0 146527.0742
3634.53 3634.53 0.0 146185.5781
3648.67 3648.67 0.0 145845.1133
3662.81 3662.81 0.0 145505.8125
3676.96 3676.96 0.0 145167.5898
3691.1 3691.1 0.0 144831.0352
3705.24 3705.24 0.0 144495.9609
3719.38 3719.38 0.0 144162.5586
3733.52 3733.52 0.0 143830.8828
3747.67 3747.67 0.0 143500.8242
3761.81 3761.81 0.0 143172.9453
3775.95 3775.95 0.0 142847.1133
3790.09 3790.09 0.0 142523.4336
3804.23 3804.23 0.0 142201.9453
3818.38 3818.38 0.0 141882.5391
3832.52 3832.52 0.0 141565.7812
3846.66 3846.66 0.0 141251.4453
3860.8 3860.8 0.0 140939.6523
3874.95 3874.95 0.0 140630.2539
3889.09 3889.09 0.0 140323.7266
3903.23 3903.23 0.0 140019.9062
3917.37 3917.37 0.0 139718.8867
3931.51 3931.51 0.0 139420.6797
3945.66 3945.66 0.0 139125.1406
3959.8 3959.8 0.0 138832.7148
3973.94 3973.94 0.0 138543.2578
3988.08 3988.08 0.0 138256.7930
4002.22 4002.22 0.0 137973.3477
4016.37 4016.37 0.0 137692.7500
4030.51 4030.51 0.0 137415.4336
4044.65 4044.65 0.0 137141.2227
4058.79 4058.79 0.0 136870.1250
4072.94 4072.94 0.0 136601.9688
4087.08 4087.08 0.0 136337.1602
4101.22 4101.22 0.0 136075.4883
4115.36 4115.36 0.0 135816.9805
4129.5 4129.5 0.0 135561.6250
4143.65 4143.65 0.0 135309.2812
4157.79 4157.79 0.0 135060.2734
4171.93 4171.93 0.0 134814.4297
4186.07 4186.07 0.0 134571.7344
4200.21 4200.21 0.0 134332.1875
4214.36 4214.36 0.0 134095.5977
4228.5 4228.5 0.0 133862.3047
4242.64 4242.64 0.0 133632.1289
4256.78 4256.78 0.0 133405.0430
4270.92 4270.92 0.0 133181.0195
4285.07 4285.07 0.0 132959.8926
4299.21 4299.21 0.0 132741.9668
4313.35 4313.35 0.0 132527.0488
4327.49 4327.49 0.0 132315.1172
4341.64 4341.64 0.0 132106.0000
4355.78 4355.78 0.0 131899.9727
4369.92 4369.92 0.0 131696.8320
4384.06 4384.06 0.0 131496.5938
4398.2 4398.2 0.0 131299.1934
4412.35 4412.35 0.0 131104.4688
4426.49 4426.49 0.0 130912.6875
4440.63 4440.63 0.0 130723.6602
4454.77 4454.77 0.0 130537.3418
4468.91 4468.91 0.0 130353.7305
4483.06 4483.06 0.0 130172.6406
4497.2 4497.2 0.0 129994.3125
4511.34 4511.34 0.0 129818.5605
4525.48 4525.48 0.0 129645.3691
4539.63 4539.63 0.0 129474.5762
4553.77 4553.77 0.0 129306.4004
4567.91 4567.91 0.0 129140.6523
4582.05 4582.05 0.0 128977.3359
4596.19 4596.19 0.0 128816.3945
4610.34 4610.34 0.0 128657.6816
4624.48 4624.48 0.0 128501.3809
4638.62 4638.62 0.0 128347.3613
4652.76 4652.76 0.0 128195.5723
4666.9 4666.9 0.0 128045.9844
4681.05 4681.05 0.0 127898.4688
4695.19 4695.19 0.0 127753.1738
4709.33 4709.33 0.0 127609.9824
4723.47 4723.47 0.0 127468.8477
4737.62 4737.62 0.0 127329.6406
4751.76 4751.76 0.0 127192.5273
4765.9 4765.9 0.0 127057.3691
4780.04 4780.04 0.0 126924.1309
4794.18 4794.18 0.0 126792.7891
4808.33 4808.33 0.0 126663.1973
4822.47 4822.47 0.0 126535.5371
4836.61 4836.61 0.0 126409.6660
4850.75 4850.75 0.0 126285.5547
4864.89 4864.89 0.0 126163.1777
4879.04 4879.04 0.0 126042.4082
4893.18 4893.18 0.0 125923.3887
4907.32 4907.32 0.0 125806.0176
4921.46 4921.46 0.0 125690.2324
4935.61 4935.61 0.0 125575.9609
4949.75 4949.75 0.0 125463.3164
4963.89 4963.89 0.0 125352.1836
4978.03 4978.03 0.0 125242.5449
4992.17 4992.17 0.0 125134.3633
5006.32 5006.32 0.0 125027.5469
5020.46 5020.46 0.0 124922.2207
5034.6 5034.6 0.0 124818.2695
5048.74 5048.74 0.0 124715.6855
5062.88 5062.88 0.0 124614.4297
5077.03 5077.03 0.0 124514.4004
5091.17 5091.17 0.0 124415.7227
5105.31 5105.31 0.0 124318.3145
5119.45 5119.45 0.0 124222.1348
5133.6 5133.6 0.0 124127.0996
5147.74 5147.74 0.0 124033.3145
5161.88 5161.88 0.0 123940.6953
5176.02 5176.02 0.0 123849.2305
5190.16 5190.16 0.0 123758.8711
5204.31 5204.31 0.0 123669.5625
5218.45 5218.45 0.0 123581.3906
5232.59 5232.59 0.0 123494.2734
5246.73 5246.73 0.0 123408.2051
5260.87 5260.87 0.0 123323.1641
5275.02 5275.02 0.0 123239.0527
5289.16 5289.16 0.0 123155.9902
5303.3 5303.3 0.0 123073.8906
5317.44 5317.44 0.0 122992.7246
5331.59 5331.59 0.0 122912.4395
5345.73 5345.73 0.0 122833.1328
5359.87 5359.87 0.0 122754.7109
5374.01 5374.01 0.0 122677.1719
5388.15 5388.15 0.0 122600.4863
5402.3 5402.3 0.0 122524.6094
5416.44 5416.44 0.0 122449.6094
5430.58 5430.58 0.0 122375.4336
5444.72 5444.72 0.0 122302.0469
5458.86 5458.86 0.0 122229.4512
5473.01 5473.01 0.0 122157.5898
5487.15 5487.15 0.0 122086.5273
5501.29 5501.29 0.0 122016.2090
5515.43 5515.43 0.0 121946.6211
5529.58 5529.58 0.0 121877.7188
5543.72 5543.72 0.0 121809.5762
5557.86 5557.86 0.0 121742.1133
5572.0 5572.0 0.0 121675.3359
5586.14 5586.14 0.0 121609.2363
5600.29 5600.29 0.0 121543.7520
5614.43 5614.43 0.0 121478.9551
5628.57 5628.57 0.0 121414.7969
5642.71 5642.71 0.0 121351.2676
5656.85 5656.85 0.0 121288.3594
5671.0 5671.0 0.0 121226.0117
5685.14 5685.14 0.0 121164.2910
5699.28 5699.28 0.0 121103.1836
5713.42 5713.42 0.0 121042.6328
5727.56 5727.56 0.0 120982.6465
5741.71 5741.71 0.0 120923.1895
5755.85 5755.85 0.0 120864.3184
5769.99 5769.99 0.0 120805.9883
5784.13 5784.13 0.0 120748.1895
5798.28 5798.28 0.0 120690.8770
5812.42 5812.42 0.0 120634.1133
5826.56 5826.56 0.0 120577.8613
5840.7 5840.7 0.0 120522.1172
5854.84 5854.84 0.0 120466.8535
5868.99 5868.99 0.0 120412.0312
5883.13 5883.13 0.0 120357.7402
5897.27 5897.27 0.0 120303.9102
5911.41 5911.41 0.0 120250.5430
5925.55 5925.55 0.0 120197.6348
5939.7 5939.7 0.0 120145.1348
5953.84 5953.84 0.0 120093.1074
5967.98 5967.98 0.0 120041.5254
5982.12 5982.12 0.0 119990.3750
5996.27 5996.27 0.0 119939.6094
6010.41 6010.41 0.0 119889.2949
6024.55 6024.55 0.0 119839.3867
6038.69 6038.69 0.0 119789.9004
6052.83 6052.83 0.0 119740.7969
6066.98 6066.98 0.0 119692.0723
6081.12 6081.12 0.0 119643.7402
6095.26 6095.26 0.0 119595.8164
6109.4 6109.4 0.0 119548.2676
6123.54 6123.54 0.0 119501.0879
6137.69 6137.69 0.0 119454.2441
6151.83 6151.83 0.0 119407.8027
6165.97 6165.97 0.0 119361.7090
6180.11 6180.11 0.0 119315.9707
6194.26 6194.26 0.0 119270.5508
6208.4 6208.4 0.0 119225.5039
6222.54 6222.54 0.0 119180.8086
6236.68 6236.68 0.0 119136.4336
6250.82 6250.82 0.0 119092.4023
6264.97 6264.97 0.0 119048.6562
6279.11 6279.11 0.0 119005.2676
6293.25 6293.25 0.0 118962.1973
6307.39 6307.39 0.0 118919.4512
6321.53 6321.53 0.0 118877.0059
6335.68 6335.68 0.0 118834.8340
6349.82 6349.82 0.0 118793.0059
6363.96 6363.96 0.0 118751.4805
6378.1 6378.1 0.0 118710.2324
6392.25 6392.25 0.0 118669.2559
6406.39 6406.39 0.0 118628.6035
6420.53 6420.53 0.0 118588.2324
6434.67 6434.67 0.0 118548.1328
6448.81 6448.81 0.0 118508.3223
6462.96 6462.96 0.0 118468.7578
6477.1 6477.1 0.0 118429.5000
6491.24 6491.24 0.0 118390.4941
6505.38 6505.38 0.0 118351.7676
6519.52 6519.52 0.0 118313.2988
6533.67 6533.67 0.0 118275.0684
6547.81 6547.81 0.0 118237.1055
6561.95 6561.95 0.0 118199.4121
6576.09 6576.09 0.0 118161.9688
6590.24 6590.24 0.0 118124.7344
6604.38 6604.38 0.0 118087.7812
6618.52 6618.52 0.0 118051.0820
6632.66 6632.66 0.0 118014.6113
6646.8 6646.8 0.0 117978.3770
6660.95 6660.95 0.0 117942.3574
6675.09 6675.09 0.0 117906.5918
6689.23 6689.23 0.0 117871.0547
6703.37 6703.37 0.0 117835.7539
6717.51 6717.51 0.0 117800.6602
6731.66 6731.66 0.0 117765.7832
6745.8 6745.8 0.0 117731.1484
6759.94 6759.94 0.0 117696.7256
6774.08 6774.08 0.0 117662.5215
6788.23 6788.23 0.0 117628.5098
6802.37 6802.37 0.0 117594.7246
6816.51 6816.51 0.0 117561.1523
6830.65 6830.65 0.0 117527.7891
6844.79 6844.79 0.0 117494.6396
6858.94 6858.94 0.0 117461.6709
6873.08 6873.08 0.0 117428.9121
6887.22 6887.22 0.0 117396.3564
6901.36 6901.36 0.0 117364.0049
6915.5 6915.5 0.0 117331.8438
6929.65 6929.65 0.0 117299.8477
6943.79 6943.79 0.0 117268.0801
6957.93 6957.93 0.0 117236.4951
6972.07 6972.07 0.0 117205.1006
6986.21 6986.21 0.0 117173.8857
7000.36 7000.36 0.0 117142.8379
7014.5 7014.5 0.0 117111.9922
7028.64 7028.64 0.0 117081.3408
7042.78 7042.78 0.0 117050.8525
7056.93 7056.93 0.0 117020.5342
7071.07 7071.07 0.0 116990.3975
7085.21 7085.21 0.0 116960.4473
7099.35 7099.35 0.0 116930.6631
7113.49 7113.49 0.0 116901.0596
7127.64 7127.64 0.0 116871.6025
7141.78 7141.78 0.0 116842.3311
7155.92 7155.92 0.0 116813.2314
7170.06 7170.06 0.0 116784.2891
7184.2 7184.2 0.0 116755.5176
7198.35 7198.35 0.0 116726.8926
7212.49 7212.49 0.0 116698.4453
7226.63 7226.63 0.0 116670.1582
7240.77 7240.77 0.0 116642.0312
7254.92 7254.92 0.0 116614.0293
7269.06 7269.06 0.0 116586.2295
7283.2 7283.2 0.0 116558.5654
7297.34 7297.34 0.0 116531.0508
7311.48 7311.48 0.0 116503.6953
7325.63 7325.63 0.0 116476.4883
7339.77 7339.77 0.0 116449.4297
7353.91 7353.91 0.0 116422.5264
7368.05 7368.05 0.0 116395.7646
7382.19 7382.19 0.0 116369.1621
7396.34 7396.34 0.0 116342.6777
7410.48 7410.48 0.0 116316.3594
7424.62 7424.62 0.0 116290.1875
7438.76 7438.76 0.0 116264.1592
7452.91 7452.91 0.0 116238.2402
7467.05 7467.05 0.0 116212.4922
7481.19 7481.19 0.0 116186.8711
7495.33 7495.33 0.0 116161.4004
7509.47 7509.47 0.0 116136.0654
7523.62 7523.62 0.0 116110.8418
7537.76 7537.76 0.0 116085.7803
7551.9 7551.9 0.0 116060.8369
7566.04 7566.04 0.0 116036.0332
7580.18 7580.18 0.0 116011.3691
7594.33 7594.33 0.0 115986.8213
7608.47 7608.47 0.0 115962.4111
7622.61 7622.61 0.0 115938.1318
7636.75 7636.75 0.0 115913.9824
7650.9 7650.9 0.0 115889.9482
7665.04 7665.04 0.0 115866.0566
7679.18 7679.18 0.0 115842.2793
7693.32 7693.32 0.0 115818.6377
7707.46 7707.46 0.0 115795.1162
7721.61 7721.61 0.0 115771.6992
7735.75 7735.75 0.0 115748.4365
7749.89 7749.89 0.0 115725.2812
7764.03 7764.03 0.0 115702.2500
7778.17 7778.17 0.0 115679.3369
