0.0 0.0 0.0 201914.3281
14.1421 14.1421 0.0 200687.1953
28.2843 28.2843 0.0 202194.5312
42.4264 42.4264 0.0 202537.5391
56.5685 56.5685 0.0 202393.0938
70.7107 70.7107 0.0 202003.8672
84.8528 84.8528 0.0 201478.6719
98.9949 98.9949 0.0 200872.0547
113.137 113.137 0.0 200213.3516
127.279 127.279 0.0 199519.2188
141.421 141.421 0.0 198799.2266
155.563 155.563 0.0 198059.0781
169.706 169.706 0.0 197302.4453
183.848 183.848 0.0 196531.5000
197.99 197.99 0.0 195747.6719
212.132 212.132 0.0 194951.8828
226.274 226.274 0.0 194144.8516
240.416 240.416 0.0 193327.1094
254.558 254.558 0.0 192499.0625
268.701 268.701 0.0 191661.1641
282.843 282.843 0.0 190813.7422
296.985 296.985 0.0 189957.2266
311.127 311.127 0.0 189092.0078
325.269 325.269 0.0 188218.4297
339.411 339.411 0.0 187337.0000
353.553 353.553 0.0 186448.0859
367.696 367.696 0.0 185552.1406
381.838 381.838 0.0 184649.6328
395.98 395.98 0.0 183741.1719
410.122 410.122 0.0 182827.0938
424.264 424.264 0.0 181907.8984
438.406 438.406 0.0 180984.1719
452.548 452.548 0.0 180056.3438
466.69 466.69 0.0 179125.0078
480.833 480.833 0.0 178190.4531
494.975 494.975 0.0 177253.4375
509.117 509.117 0.0 176314.3281
523.259 523.259 0.0 175373.6250
537.401 537.401 0.0 174431.8672
551.543 551.543 0.0 173489.4453
565.685 565.685 0.0 172546.9375
579.828 579.828 0.0 171604.7188
593.97 593.97 0.0 170663.3594
608.112 608.112 0.0 169723.2734
622.254 622.254 0.0 168784.8594
636.396 636.396 0.0 167848.6406
650.538 650.538 0.0 166914.9531
664.68 664.68 0.0 165984.2383
678.823 678.823 0.0 165056.8477
692.965 692.965 0.0 164133.2891
707.107 707.107 0.0 163213.9219
721.249 721.249 0.0 162299.1016
735.391 735.391 0.0 161389.1445
749.533 749.533 0.0 160484.4492
763.675 763.675 0.0 159585.3477
777.817 777.817 0.0 158692.1719
791.96 791.96 0.0 157805.1562
806.102 806.102 0.0 156924.7539
820.244 820.244 0.0 156051.1328
834.386 834.386 0.0 155184.6797
848.528 848.528 0.0 154325.5859
862.67 862.67 0.0 153474.1406
876.812 876.812 0.0 152630.5742
890.955 890.955 0.0 151795.0977
905.097 905.097 0.0 150968.0117
919.239 919.239 0.0 150149.4805
933.381 933.381 0.0 149339.7266
947.523 947.523 0.0 148538.9531
961.665 961.665 0.0 147747.2617
975.807 975.807 0.0 146964.9023
989.949 989.949 0.0 146192.0195
1004.09 1004.09 0.0 145428.7734
1018.23 1018.23 0.0 144675.3398
1032.38 1032.38 0.0 143931.2500
1046.52 1046.52 0.0 143197.6602
1060.66 1060.66 0.0 142474.1719
1074.8 1074.8 0.0 141760.8984
1088.94 1088.94 0.0 141057.8672
1103.09 1103.09 0.0 140364.7031
1117.23 1117.23 0.0 139682.4531
1131.37 1131.37 0.0 139010.6641
1145.51 1145.51 0.0 138349.4180
1159.66 1159.66 0.0 137698.2617
1173.8 1173.8 0.0 137058.1758
1187.94 1187.94 0.0 136428.6992
1202.08 1202.08 0.0 135809.8516
1216.22 1216.22 0.0 135201.6094
1230.37 1230.37 0.0 134603.5898
1244.51 1244.51 0.0 134016.6172
1258.65 1258.65 0.0 133440.2285
1272.79 1272.79 0.0 132874.4355
1286.93 1286.93 0.0 132319.1543
1301.08 1301.08 0.0 131774.0137
1315.22 1315.22 0.0 131239.6895
1329.36 1329.36 0.0 130715.7637
1343.5 1343.5 0.0 130202.1738
1357.65 1357.65 0.0 129698.5098
1371.79 1371.79 0.0 129205.3984
1385.93 1385.93 0.0 128722.3730
1400.07 1400.07 0.0 128249.4062
1414.21 1414.21 0.0 127786.3887
1428.36 1428.36 0.0 127332.8828
1442.5 1442.5 0.0 126889.4648
1456.64 1456.64 0.0 126455.6738
1470.78 1470.78 0.0 126031.4199
1484.92 1484.92 0.0 125616.6094
1499.07 1499.07 0.0 125210.8008
1513.21 1513.21 0.0 124814.4570
1527.35 1527.35 0.0 124427.1777
1541.49 1541.49 0.0 124048.8359
1555.63 1555.63 0.0 123679.2949
1569.78 1569.78 0.0 123318.1621
1583.92 1583.92 0.0 122965.8027
1598.06 1598.06 0.0 122621.8633
1612.2 1612.2 0.0 122286.1562
1626.35 1626.35 0.0 121958.3203
1640.49 1640.49 0.0 121638.6777
1654.63 1654.63 0.0 121326.8633
1668.77 1668.77 0.0 121022.6895
1682.91 1682.91 0.0 120726.0449
1697.06 1697.06 0.0 120436.5527
1711.2 1711.2 0.0 120154.4805
1725.34 1725.34 0.0 119879.4746
1739.48 1739.48 0.0 119611.3711
1753.62 1753.62 0.0 119350.0117
1767.77 1767.77 0.0 119095.0820
1781.91 1781.91 0.0 118846.7812
1796.05 1796.05 0.0 118604.7734
1810.19 1810.19 0.0 118368.9160
1824.34 1824.34 0.0 118138.8789
1838.48 1838.48 0.0 117914.8418
1852.62 1852.62 0.0 117696.5000
1866.76 1866.76 0.0 117483.6904
1880.9 1880.9 0.0 117276.2812
1895.05 1895.05 0.0 117073.9697
1909.19 1909.19 0.0 116876.9062
1923.33 1923.33 0.0 116684.7891
1937.47 1937.47 0.0 116497.4902
1951.61 1951.61 0.0 116314.8701
1965.76 1965.76 0.0 116136.6475
1979.9 1979.9 0.0 115962.9531
1994.04 1994.04 0.0 115793.5186
2008.18 2008.18 0.0 115628.2207
2022.33 2022.33 0.0 115466.8066
2036.47 2036.47 0.0 115309.3848
2050.61 2050.61 0.0 115155.6953
2064.75 2064.75 0.0 115005.6465
2078.89 2078.89 0.0 114859.0859
2093.04 2093.04 0.0 114715.8154
2107.18 2107.18 0.0 114575.9111
2121.32 2121.32 0.0 114439.1660
2135.46 2135.46 0.0 114305.4727
2149.6 2149.6 0.0 114174.6963
2163.75 2163.75 0.0 114046.6768
2177.89 2177.89 0.0 113921.4805
2192.03 2192.03 0.0 113798.9043
2206.17 2206.17 0.0 113678.8604
2220.32 2220.32 0.0 113561.1846
2234.46 2234.46 0.0 113445.9307
2248.6 2248.6 0.0 113332.9385
2262.74 2262.74 0.0 113222.1172
2276.88 2276.88 0.0 113113.3848
2291.03 2291.03 0.0 113006.5879
2305.17 2305.17 0.0 112901.8066
2319.31 2319.31 0.0 112798.8740
2333.45 2333.45 0.0 112697.7188
2347.59 2347.59 0.0 112598.2842
2361.74 2361.74 0.0 112500.4297
2375.88 2375.88 0.0 112404.2178
2390.02 2390.02 0.0 112309.5283
2404.16 2404.16 0.0 112216.3057
2418.31 2418.31 0.0 112124.4121
2432.45 2432.45 0.0 112033.9395
2446.59 2446.59 0.0 111944.7539
2460.73 2460.73 0.0 111856.8086
2474.87 2474.87 0.0 111770.0771
2489.02 2489.02 0.0 111684.4248
2503.16 2503.16 0.0 111599.9453
2517.3 2517.3 0.0 111516.5273
2531.44 2531.44 0.0 111434.1426
2545.58 2545.58 0.0 111352.7393
2559.73 2559.73 0.0 111272.2432
2573.87 2573.87 0.0 111192.7188
2588.01 2588.01 0.0 111114.0801
2602.15 2602.15 0.0 111036.3076
2616.3 2616.3 0.0 110959.3076
2630.44 2630.44 0.0 110883.1709
2644.58 2644.58 0.0 110807.8037
2658.72 2658.72 0.0 110733.2070
2672.86 2672.86 0.0 110659.3301
2687.01 2687.01 0.0 110586.1152
2701.15 2701.15 0.0 110513.6562
2715.29 2715.29 0.0 110441.8594
2729.43 2729.43 0.0 110370.7334
2743.57 2743.57 0.0 110300.2451
2757.72 2757.72 0.0 110230.3369
2771.86 2771.86 0.0 110161.0967
2786.0 2786.0 0.0 110092.4600
2800.14 2800.14 0.0 110024.4199
2814.28 2814.28 0.0 109956.9541
2828.43 2828.43 0.0 109890.0137
2842.57 2842.57 0.0 109823.6826
2856.71 2856.71 0.0 109757.9072
2870.85 2870.85 0.0 109692.6914
2885.0 2885.0 0.0 109627.9609
2899.14 2899.14 0.0 109563.8154
2913.28 2913.28 0.0 109500.1953
2927.42 2927.42 0.0 109437.1021
2941.56 2941.56 0.0 109374.5327
2955.71 2955.71 0.0 109312.4282
2969.85 2969.85 0.0 109250.8848
2983.99 2983.99 0.0 109189.8535
2998.13 2998.13 0.0 109129.3281
3012.27 3012.27 0.0 109069.3105
3026.42 3026.42 0.0 109009.7534
3040.56 3040.56 0.0 108950.7354
3054.7 3054.7 0.0 108892.2119
3068.84 3068.84 0.0 108834.1860
3082.99 3082.99 0.0 108776.6172
3097.13 3097.13 0.0 108719.5942
3111.27 3111.27 0.0 108663.0474
3125.41 3125.41 0.0 108607.0044
3139.55 3139.55 0.0 108551.4458
3153.7 3153.7 0.0 108496.3438
3167.84 3167.84 0.0 108441.7656
3181.98 3181.98 0.0 108387.6782
3196.12 3196.12 0.0 108334.0869
3210.26 3210.26 0.0 108280.9736
3224.41 3224.41 0.0 108228.3174
3238.55 3238.55 0.0 108176.1816
3252.69 3252.69 0.0 108124.5293
3266.83 3266.83 0.0 108073.3608
3280.98 3280.98 0.0 108022.6436
3295.12 3295.12 0.0 107972.4453
3309.26 3309.26 0.0 107922.7280
3323.4 3323.4 0.0 107873.4932
3337.54 3337.54 0.0 107824.7397
3351.69 3351.69 0.0 107776.4272
3365.83 3365.83 0.0 107728.6338
3379.97 3379.97 0.0 107681.3120
3394.11 3394.11 0.0 107634.4668
3408.25 3408.25 0.0 107588.1006
3422.4 3422.4 0.0 107542.1709
3436.54 3436.54 0.0 107496.7417
3450.68 3450.68 0.0 107451.7827
3464.82 3464.82 0.0 107407.2954
3478.97 3478.97 0.0 107363.2422
3493.11 3493.11 0.0 107319.6807
3507.25 3507.25 0.0 107276.5820
3521.39 3521.39 0.0 107233.9473
3535.53 3535.53 0.0 107191.7681
3549.68 3549.68 0.0 107150.0186
3563.82 3563.82 0.0 107108.7471
3577.96 3577.96 0.0 107067.9282
3592.1 3592.1 0.0 107027.5591
3606.24 3606.24 0.0 106987.6343
3620.39 3620.39 0.0 106948.1221
3634.53 3634.53 0.0 106909.0845
3648.67 3648.67 0.0 106870.4834
3662.81 3662.81 0.0 106832.3179
3676.96 3676.96 0.0 106794.5522
3691.1 3691.1 0.0 106757.2520
3705.24 3705.24 0.0 106720.3721
3719.38 3719.38 0.0 106683.9170
3733.52 3733.52 0.0 106647.8833
3747.67 3747.67 0.0 106612.2393
3761.81 3761.81 0.0 106577.0376
3775.95 3775.95 0.0 106542.2490
3790.09 3790.09 0.0 106507.8623
3804.23 3804.23 0.0 106473.8809
3818.38 3818.38 0.0 106440.2773
3832.52 3832.52 0.0 106407.0977
3846.66 3846.66 0.0 106374.3057
3860.8 3860.8 0.0 106341.9106
3874.95 3874.95 0.0 106309.8799
3889.09 3889.09 0.0 106278.2529
3903.23 3903.23 0.0 106247.0098
3917.37 3917.37 0.0 106216.1416
3931.51 3931.51 0.0 106185.6445
3945.66 3945.66 0.0 106155.5024
3959.8 3959.8 0.0 106125.7417
3973.94 3973.94 0.0 106096.3447
3988.08 3988.08 0.0 106067.3032
4002.22 4002.22 0.0 106038.6245
4016.37 4016.37 0.0 106010.2749
4030.51 4030.51 0.0 105982.2925
4044.65 4044.65 0.0 105954.6548
4058.79 4058.79 0.0 105927.3564
4072.94 4072.94 0.0 105900.3818
4087.08 4087.08 0.0 105873.7549
4101.22 4101.22 0.0 105847.4595
4115.36 4115.36 0.0 105821.4917
4129.5 4129.5 0.0 105795.8462
4143.65 4143.65 0.0 105770.5034
4157.79 4157.79 0.0 105745.4976
4171.93 4171.93 0.0 105720.7949
4186.07 4186.07 0.0 105696.4092
4200.21 4200.21 0.0 105672.3237
4214.36 4214.36 0.0 105648.5273
4228.5 4228.5 0.0 105625.0430
4242.64 4242.64 0.0 105601.8569
4256.78 4256.78 0.0 105578.9551
4270.92 4270.92 0.0 105556.3486
4285.07 4285.07 0.0 105534.0068
4299.21 4299.21 0.0 105511.9575
4313.35 4313.35 0.0 105490.1943
4327.49 4327.49 0.0 105468.6997
4341.64 4341.64 0.0 105447.4668
4355.78 4355.78 0.0 105426.5122
4369.92 4369.92 0.0 105405.8218
4384.06 4384.06 0.0 105385.3909
4398.2 4398.2 0.0 105365.2207
4412.35 4412.35 0.0 105345.2876
4426.49 4426.49 0.0 105325.6248
4440.63 4440.63 0.0 105306.2014
4454.77 4454.77 0.0 105287.0264
4468.91 4468.91 0.0 105268.0959
4483.06 4483.06 0.0 105249.3870
4497.2 4497.2 0.0 105230.9280
4511.34 4511.34 0.0 105212.6995
4525.48 4525.48 0.0 105194.7019
4539.63 4539.63 0.0 105176.9211
4553.77 4553.77 0.0 105159.3677
4567.91 4567.91 0.0 105142.0417
4582.05 4582.05 0.0 105124.9290
4596.19 4596.19 0.0 105108.0337
4610.34 4610.34 0.0 105091.3333
4624.48 4624.48 0.0 105074.8547
4638.62 4638.62 0.0 105058.5830
4652.76 4652.76 0.0 105042.5161
4666.9 4666.9 0.0 105026.6453
4681.05 4681.05 0.0 105010.9614
4695.19 4695.19 0.0 104995.4800
4709.33 4709.33 0.0 104980.1975
4723.47 4723.47 0.0 104965.1001
4737.62 4737.62 0.0 104950.1765
4751.76 4751.76 0.0 104935.4502
4765.9 4765.9 0.0 104920.9050
4780.04 4780.04 0.0 104906.5393
4794.18 4794.18 0.0 104892.3464
4808.33 4808.33 0.0 104878.3179
4822.47 4822.47 0.0 104864.4724
4836.61 4836.61 0.0 104850.7949
4850.75 4850.75 0.0 104837.2805
4864.89 4864.89 0.0 104823.9312
4879.04 4879.04 0.0 104810.7354
4893.18 4893.18 0.0 104797.7083
4907.32 4907.32 0.0 104784.8381
4921.46 4921.46 0.0 104772.1226
4935.61 4935.61 0.0 104759.5469
4949.75 4949.75 0.0 104747.1326
4963.89 4963.89 0.0 104734.8652
4978.03 4978.03 0.0 104722.7422
4992.17 4992.17 0.0 104710.7651
5006.32 5006.32 0.0 104698.9187
5020.46 5020.46 0.0 104687.2192
5034.6 5034.6 0.0 104675.6577
5048.74 5048.74 0.0 104664.2314
5062.88 5062.88 0.0 104652.9404
5077.03 5077.03 0.0 104641.7693
5091.17 5091.17 0.0 104630.7354
5105.31 5105.31 0.0 104619.8289
5119.45 5119.45 0.0 104609.0488
5133.6 5133.6 0.0 104598.3804
5147.74 5147.74 0.0 104587.8459
5161.88 5161.88 0.0 104577.4292
5176.02 5176.02 0.0 104567.1272
5190.16 5190.16 0.0 104556.9453
5204.31 5204.31 0.0 104546.8662
5218.45 5218.45 0.0 104536.9072
5232.59 5232.59 0.0 104527.0596
5246.73 5246.73 0.0 104517.3242
5260.87 5260.87 0.0 104507.6895
5275.02 5275.02 0.0 104498.1594
5289.16 5289.16 0.0 104488.7346
5303.3 5303.3 0.0 104479.4158
5317.44 5317.44 0.0 104470.1995
5331.59 5331.59 0.0 104461.0728
5345.73 5345.73 0.0 104452.0496
5359.87 5359.87 0.0 104443.1208
5374.01 5374.01 0.0 104434.2917
5388.15 5388.15 0.0 104425.5522
5402.3 5402.3 0.0 104416.9006
5416.44 5416.44 0.0 104408.3452
5430.58 5430.58 0.0 104399.8762
5444.72 5444.72 0.0 104391.4978
5458.86 5458.86 0.0 104383.2031
5473.01 5473.01 0.0 104374.9875
5487.15 5487.15 0.0 104366.8635
5501.29 5501.29 0.0 104358.8218
5515.43 5515.43 0.0 104350.8586
5529.58 5529.58 0.0 104342.9714
5543.72 5543.72 0.0 104335.1648
5557.86 5557.86 0.0 104327.4409
5572.0 5572.0 0.0 104319.7883
5586.14 5586.14 0.0 104312.2112
5600.29 5600.29 0.0 104304.7021
5614.43 5614.43 0.0 104297.2729
5628.57 5628.57 0.0 104289.9131
5642.71 5642.71 0.0 104282.6282
5656.85 5656.85 0.0 104275.4070
5671.0 5671.0 0.0 104268.2515
5685.14 5685.14 0.0 104261.1687
5699.28 5699.28 0.0 104254.1550
5713.42 5713.42 0.0 104247.2024
5727.56 5727.56 0.0 104240.3120
5741.71 5741.71 0.0 104233.4851
5755.85 5755.85 0.0 104226.7239
5769.99 5769.99 0.0 104220.0195
5784.13 5784.13 0.0 104213.3801
5798.28 5798.28 0.0 104206.7944
5812.42 5812.42 0.0 104200.2700
5826.56 5826.56 0.0 104193.8057
5840.7 5840.7 0.0 104187.3984
5854.84 5854.84 0.0 104181.0474
5868.99 5868.99 0.0 104174.7456
5883.13 5883.13 0.0 104168.5010
5897.27 5897.27 0.0 104162.3132
5911.41 5911.41 0.0 104156.1782
5925.55 5925.55 0.0 104150.0925
5939.7 5939.7 0.0 104144.0566
5953.84 5953.84 0.0 104138.0747
5967.98 5967.98 0.0 104132.1431
5982.12 5982.12 0.0 104126.2583
5996.27 5996.27 0.0 104120.4209
6010.41 6010.41 0.0 104114.6340
6024.55 6024.55 0.0 104108.8960
6038.69 6038.69 0.0 104103.2017
6052.83 6052.83 0.0 104097.5532
6066.98 6066.98 0.0 104091.9453
6081.12 6081.12 0.0 104086.3882
6095.26 6095.26 0.0 104080.8735
6109.4 6109.4 0.0 104075.4055
6123.54 6123.54 0.0 104069.9768
6137.69 6137.69 0.0 104064.5879
6151.83 6151.83 0.0 104059.2432
6165.97 6165.97 0.0 104053.9412
6180.11 6180.11 0.0 104048.6782
6194.26 6194.26 0.0 104043.4512
6208.4 6208.4 0.0 104038.2703
6222.54 6222.54 0.0 104033.1252
6236.68 6236.68 0.0 104028.0208
6250.82 6250.82 0.0 104022.9539
6264.97 6264.97 0.0 104017.9199
6279.11 6279.11 0.0 104012.9285
6293.25 6293.25 0.0 104007.9717
6307.39 6307.39 0.0 104003.0510
6321.53 6321.53 0.0 103998.1699
6335.68 6335.68 0.0 103993.3191
6349.82 6349.82 0.0 103988.5027
6363.96 6363.96 0.0 103983.7239
6378.1 6378.1 0.0 103978.9817
6392.25 6392.25 0.0 103974.2676
6406.39 6406.39 0.0 103969.5889
6420.53 6420.53 0.0 103964.9446
6434.67 6434.67 0.0 103960.3325
6448.81 6448.81 0.0 103955.7520
6462.96 6462.96 0.0 103951.2007
6477.1 6477.1 0.0 103946.6860
6491.24 6491.24 0.0 103942.2004
6505.38 6505.38 0.0 103937.7473
6519.52 6519.52 0.0 103933.3228
6533.67 6533.67 0.0 103928.9255
6547.81 6547.81 0.0 103924.5645
6561.95 6561.95 0.0 103920.2302
6576.09 6576.09 0.0 103915.9268
6590.24 6590.24 0.0 103911.6475
6604.38 6604.38 0.0 103907.4026
6618.52 6618.52 0.0 103903.1814
6632.66 6632.66 0.0 103898.9934
6646.8 6646.8 0.0 103894.8315
6660.95 6660.95 0.0 103890.6931
6675.09 6675.09 0.0 103886.5889
6689.23 6689.23 0.0 103882.5103
6703.37 6703.37 0.0 103878.4551
6717.51 6717.51 0.0 103874.4309
6731.66 6731.66 0.0 103870.4272
6745.8 6745.8 0.0 103866.4568
6759.94 6759.94 0.0 103862.5071
6774.08 6774.08 0.0 103858.5886
6788.23 6788.23 0.0 103854.6907
6802.37 6802.37 0.0 103850.8218
6816.51 6816.51 0.0 103846.9753
6830.65 6830.65 0.0 103843.1565
6844.79 6844.79 0.0 103839.3613
6858.94 6858.94 0.0 103835.5911
6873.08 6873.08 0.0 103831.8445
6887.22 6887.22 0.0 103828.1223
6901.36 6901.36 0.0 103824.4260
6915.5 6915.5 0.0 103820.7544
6929.65 6929.65 0.0 103817.1008
6943.79 6943.79 0.0 103813.4741
6957.93 6957.93 0.0 103809.8716
6972.07 6972.07 0.0 103806.2930
6986.21 6986.21 0.0 103802.7351
7000.36 7000.36 0.0 103799.2000
7014.5 7014.5 0.0 103795.6899
7028.64 7028.64 0.0 103792.2021
7042.78 7042.78 0.0 103788.7339
7056.93 7056.93 0.0 103785.2891
7071.07 7071.07 0.0 103781.8687
7085.21 7085.21 0.0 103778.4697
7099.35 7099.35 0.0 103775.0916
7113.49 7113.49 0.0 103771.7346
7127.64 7127.64 0.0 103768.3994
7141.78 7141.78 0.0 103765.0864
7155.92 7155.92 0.0 103761.7961
7170.06 7170.06 0.0 103758.5256
7184.2 7184.2 0.0 103755.2769
7198.35 7198.35 0.0 103752.0476
7212.49 7212.49 0.0 103748.8396
7226.63 7226.63 0.0 103745.6536
7240.77 7240.77 0.0 103742.4873
7254.92 7254.92 0.0 103739.3416
7269.06 7269.06 0.0 103736.2151
7283.2 7283.2 0.0 103733.1140
7297.34 7297.34 0.0 103730.0261
7311.48 7311.48 0.0 103726.9619
7325.63 7325.63 0.0 103723.9150
7339.77 7339.77 0.0 103720.8928
7353.91 7353.91 0.0 103717.8889
7368.05 7368.05 0.0 103714.9006
7382.19 7382.19 0.0 103711.9363
7396.34 7396.34 0.0 103708.9890
7410.48 7410.48 0.0 103706.0623
7424.62 7424.62 0.0 103703.1521
7438.76 7438.76 0.0 103700.2659
7452.91 7452.91 0.0 103697.3953
7467.05 7467.05 0.0 103694.5449
7481.19 7481.19 0.0 103691.7129
7495.33 7495.33 0.0 103688.8997
7509.47 7509.47 0.0 103686.1050
7523.62 7523.62 0.0 103683.3291
7537.76 7537.76 0.0 103680.5698
7551.9 7551.9 0.0 103677.8328
7566.04 7566.04 0.0 103675.1123
7580.18 7580.18 0.0 103672.4094
7594.33 7594.33 0.0 103669.7222
7608.47 7608.47 0.0 103667.0581
7622.61 7622.61 0.0 103664.4070
7636.75 7636.75 0.0 103661.7788
7650.9 7650.9 0.0 103659.1628
7665.04 7665.04 0.0 103656.5696
7679.18 7679.18 0.0 103653.9915
7693.32 7693.32 0.0 103651.4292
7707.46 7707.46 0.0 103648.8865
7721.61 7721.61 0.0 103646.3596
7735.75 7735.75 0.0 103643.8538
7749.89 7749.89 0.0 103641.3623
7764.03 7764.03 0.0 103638.8889
7778.17 7778.17 0.0 103636.4307
