0.0 0.0 0.0 232348.8828
14.1421 14.1421 0.0 314066.4844
28.2843 28.2843 0.0 309079.5938
42.4264 42.4264 0.0 302642.9375
56.5685 56.5685 0.0 296054.6719
70.7107 70.7107 0.0 289573.6719
84.8528 84.8528 0.0 283252.9375
98.9949 98.9949 0.0 277097.4219
113.137 113.137 0.0 271102.1406
127.279 127.279 0.0 265261.5312
141.421 141.421 0.0 259571.7344
155.563 155.563 0.0 254030.4844
169.706 169.706 0.0 248636.4375
183.848 183.848 0.0 243389.8750
197.99 197.99 0.0 238290.5781
212.132 212.132 0.0 233338.8906
226.274 226.274 0.0 228534.7812
240.416 240.416 0.0 223878.3828
254.558 254.558 0.0 219369.4297
268.701 268.701 0.0 215007.0781
282.843 282.843 0.0 210791.0859
296.985 296.985 0.0 206719.9922
311.127 311.127 0.0 202792.3359
325.269 325.269 0.0 199006.3828
339.411 339.411 0.0 195360.0156
353.553 353.553 0.0 191850.9375
367.696 367.696 0.0 188476.4297
381.838 381.838 0.0 185234.0312
395.98 395.98 0.0 182120.6562
410.122 410.122 0.0 179133.0469
424.264 424.264 0.0 176267.8984
438.406 438.406 0.0 173521.8672
452.548 452.548 0.0 170891.2969
466.69 466.69 0.0 168372.6016
480.833 480.833 0.0 165961.9375
494.975 494.975 0.0 163655.8867
509.117 509.117 0.0 161450.5820
523.259 523.259 0.0 159342.2070
537.401 537.401 0.0 157326.9766
551.543 551.543 0.0 155401.2031
565.685 565.685 0.0 153561.2188
579.828 579.828 0.0 151803.1445
593.97 593.97 0.0 150123.7227
608.112 608.112 0.0 148519.2500
622.254 622.254 0.0 146986.2617
636.396 636.396 0.0 145521.4180
650.538 650.538 0.0 144121.4102
664.68 664.68 0.0 142783.0312
678.823 678.823 0.0 141503.1250
692.965 692.965 0.0 140278.8086
707.107 707.107 0.0 139107.1484
721.249 721.249 0.0 137985.3438
735.391 735.391 0.0 136910.7148
749.533 749.533 0.0 135880.6680
763.675 763.675 0.0 134892.7617
777.817 777.817 0.0 133944.6484
791.96 791.96 0.0 133034.0117
806.102 806.102 0.0 132158.8711
820.244 820.244 0.0 131317.1250
834.386 834.386 0.0 130506.9082
848.528 848.528 0.0 129726.3906
862.67 862.67 0.0 128973.9355
876.812 876.812 0.0 128247.9121
890.955 890.955 0.0 127546.8379
905.097 905.097 0.0 126869.4336
919.239 919.239 0.0 126214.3750
933.381 933.381 0.0 125580.4805
947.523 947.523 0.0 124966.6680
961.665 961.665 0.0 124371.9336
975.807 975.807 0.0 123795.3672
989.949 989.949 0.0 123236.1309
1004.09 1004.09 0.0 122693.5020
1018.23 1018.23 0.0 122166.7773
1032.38 1032.38 0.0 121654.9180
1046.52 1046.52 0.0 121158.0781
1060.66 1060.66 0.0 120675.3730
1074.8 1074.8 0.0 120206.3340
1088.94 1088.94 0.0 119750.5234
1103.09 1103.09 0.0 119307.2324
1117.23 1117.23 0.0 118876.7402
1131.37 1131.37 0.0 118458.4102
1145.51 1145.51 0.0 118051.9043
1159.66 1159.66 0.0 117656.7021
1173.8 1173.8 0.0 117273.0791
1187.94 1187.94 0.0 116900.5146
1202.08 1202.08 0.0 116538.7666
1216.22 1216.22 0.0 116187.6104
1230.37 1230.37 0.0 115846.5898
1244.51 1244.51 0.0 115515.9580
1258.65 1258.65 0.0 115195.2979
1272.79 1272.79 0.0 114884.3643
1286.93 1286.93 0.0 114582.9932
1301.08 1301.08 0.0 114290.7520
1315.22 1315.22 0.0 114007.8564
1329.36 1329.36 0.0 113733.8984
1343.5 1343.5 0.0 113468.6670
1357.65 1357.65 0.0 113211.7852
1371.79 1371.79 0.0 112963.4277
1385.93 1385.93 0.0 112723.1826
1400.07 1400.07 0.0 112490.8467
1414.21 1414.21 0.0 112266.2217
1428.36 1428.36 0.0 112048.9434
1442.5 1442.5 0.0 111839.1289
1456.64 1456.64 0.0 111636.3955
1470.78 1470.78 0.0 111440.5459
1484.92 1484.92 0.0 111251.3848
1499.07 1499.07 0.0 111068.5723
1513.21 1513.21 0.0 110892.1660
1527.35 1527.35 0.0 110721.8398
1541.49 1541.49 0.0 110557.3955
1555.63 1555.63 0.0 110398.6348
1569.78 1569.78 0.0 110245.2598
1583.92 1583.92 0.0 110097.2979
1598.06 1598.06 0.0 109954.4531
1612.2 1612.2 0.0 109816.5557
1626.35 1626.35 0.0 109683.3105
1640.49 1640.49 0.0 109554.7441
1654.63 1654.63 0.0 109430.5825
1668.77 1668.77 0.0 109310.6572
1682.91 1682.91 0.0 109194.8193
1697.06 1697.06 0.0 109082.8081
1711.2 1711.2 0.0 108974.6367
1725.34 1725.34 0.0 108870.0791
1739.48 1739.48 0.0 108768.9785
1753.62 1753.62 0.0 108671.1924
1767.77 1767.77 0.0 108576.5151
1781.91 1781.91 0.0 108484.9521
1796.05 1796.05 0.0 108396.3013
1810.19 1810.19 0.0 108310.4336
1824.34 1824.34 0.0 108227.1655
1838.48 1838.48 0.0 108146.5054
1852.62 1852.62 0.0 108068.2764
1866.76 1866.76 0.0 107992.3589
1880.9 1880.9 0.0 107918.6714
1895.05 1895.05 0.0 107847.0356
1909.19 1909.19 0.0 107777.4668
1923.33 1923.33 0.0 107709.8149
1937.47 1937.47 0.0 107643.9961
1951.61 1951.61 0.0 107579.9185
1965.76 1965.76 0.0 107517.4600
1979.9 1979.9 0.0 107456.6260
1994.04 1994.04 0.0 107397.2993
2008.18 2008.18 0.0 107339.4028
2022.33 2022.33 0.0 107282.8301
2036.47 2036.47 0.0 107227.5957
2050.61 2050.61 0.0 107173.5957
2064.75 2064.75 0.0 107120.7715
2078.89 2078.89 0.0 107069.0693
2093.04 2093.04 0.0 107018.3960
2107.18 2107.18 0.0 106968.7700
2121.32 2121.32 0.0 106920.1147
2135.46 2135.46 0.0 106872.3789
2149.6 2149.6 0.0 106825.5229
2163.75 2163.75 0.0 106779.4717
2177.89 2177.89 0.0 106734.2500
2192.03 2192.03 0.0 106689.7949
2206.17 2206.17 0.0 106646.0659
2220.32 2220.32 0.0 106603.0142
2234.46 2234.46 0.0 106560.6577
2248.6 2248.6 0.0 106518.9419
2262.74 2262.74 0.0 106477.8418
2276.88 2276.88 0.0 106437.3394
2291.03 2291.03 0.0 106397.3706
2305.17 2305.17 0.0 106357.9819
2319.31 2319.31 0.0 106319.1221
2333.45 2333.45 0.0 106280.7749
2347.59 2347.59 0.0 106242.9209
2361.74 2361.74 0.0 106205.5225
2375.88 2375.88 0.0 106168.6133
2390.02 2390.02 0.0 106132.1558
2404.16 2404.16 0.0 106096.1406
2418.31 2418.31 0.0 106060.5269
2432.45 2432.45 0.0 106025.3618
2446.59 2446.59 0.0 105990.6016
2460.73 2460.73 0.0 105956.2476
2474.87 2474.87 0.0 105922.2798
2489.02 2489.02 0.0 105888.6797
2503.16 2503.16 0.0 105855.4839
2517.3 2517.3 0.0 105822.6553
2531.44 2531.44 0.0 105790.2021
2545.58 2545.58 0.0 105758.1113
2559.73 2559.73 0.0 105726.3579
2573.87 2573.87 0.0 105694.9785
2588.01 2588.01 0.0 105663.9546
2602.15 2602.15 0.0 105633.2773
2616.3 2616.3 0.0 105602.9233
2630.44 2630.44 0.0 105572.9331
2644.58 2644.58 0.0 105543.2837
2658.72 2658.72 0.0 105513.9702
2672.86 2672.86 0.0 105484.9893
2687.01 2687.01 0.0 105456.3257
2701.15 2701.15 0.0 105428.0098
2715.29 2715.29 0.0 105400.0229
2729.43 2729.43 0.0 105372.3660
2743.57 2743.57 0.0 105345.0298
2757.72 2757.72 0.0 105318.0012
2771.86 2771.86 0.0 105291.3167
2786.0 2786.0 0.0 105264.9504
2800.14 2800.14 0.0 105238.9026
2814.28 2814.28 0.0 105213.1697
2828.43 2828.43 0.0 105187.7393
2842.57 2842.57 0.0 105162.6377
2856.71 2856.71 0.0 105137.8494
2870.85 2870.85 0.0 105113.3723
2885.0 2885.0 0.0 105089.1882
2899.14 2899.14 0.0 105065.3271
2913.28 2913.28 0.0 105041.7732
2927.42 2927.42 0.0 105018.5251
2941.56 2941.56 0.0 104995.5745
2955.71 2955.71 0.0 104972.9136
2969.85 2969.85 0.0 104950.5649
2983.99 2983.99 0.0 104928.5125
2998.13 2998.13 0.0 104906.7507
3012.27 3012.27 0.0 104885.2861
3026.42 3026.42 0.0 104864.0952
3040.56 3040.56 0.0 104843.2039
3054.7 3054.7 0.0 104822.6057
3068.84 3068.84 0.0 104802.2820
3082.99 3082.99 0.0 104782.2273
3097.13 3097.13 0.0 104762.4680
3111.27 3111.27 0.0 104742.9827
3125.41 3125.41 0.0 104723.7712
3139.55 3139.55 0.0 104704.8296
3153.7 3153.7 0.0 104686.1440
3167.84 3167.84 0.0 104667.7366
3181.98 3181.98 0.0 104649.5913
3196.12 3196.12 0.0 104631.7080
3210.26 3210.26 0.0 104614.0789
3224.41 3224.41 0.0 104596.6929
3238.55 3238.55 0.0 104579.5759
3252.69 3252.69 0.0 104562.7048
3266.83 3266.83 0.0 104546.0796
3280.98 3280.98 0.0 104529.6855
3295.12 3295.12 0.0 104513.5452
3309.26 3309.26 0.0 104497.6396
3323.4 3323.4 0.0 104481.9717
3337.54 3337.54 0.0 104466.5332
3351.69 3351.69 0.0 104451.3159
3365.83 3365.83 0.0 104436.3323
3379.97 3379.97 0.0 104421.5752
3394.11 3394.11 0.0 104407.0361
3408.25 3408.25 0.0 104392.7114
3422.4 3422.4 0.0 104378.5940
3436.54 3436.54 0.0 104364.7007
3450.68 3450.68 0.0 104351.0115
3464.82 3464.82 0.0 104337.5276
3478.97 3478.97 0.0 104324.2378
3493.11 3493.11 0.0 104311.1572
3507.25 3507.25 0.0 104298.2739
3521.39 3521.39 0.0 104285.5842
3535.53 3535.53 0.0 104273.0815
3549.68 3549.68 0.0 104260.7634
3563.82 3563.82 0.0 104248.6372
3577.96 3577.96 0.0 104236.6956
3592.1 3592.1 0.0 104224.9351
3606.24 3606.24 0.0 104213.3457
3620.39 3620.39 0.0 104201.9275
3634.53 3634.53 0.0 104190.6865
3648.67 3648.67 0.0 104179.6143
3662.81 3662.81 0.0 104168.7068
3676.96 3676.96 0.0 104157.9597
3691.1 3691.1 0.0 104147.3794
3705.24 3705.24 0.0 104136.9539
3719.38 3719.38 0.0 104126.6868
3733.52 3733.52 0.0 104116.5725
3747.67 3747.67 0.0 104106.6038
3761.81 3761.81 0.0 104096.7876
3775.95 3775.95 0.0 104087.1152
3790.09 3790.09 0.0 104077.5896
3804.23 3804.23 0.0 104068.2024
3818.38 3818.38 0.0 104058.9475
3832.52 3832.52 0.0 104049.8367
3846.66 3846.66 0.0 104040.8582
3860.8 3860.8 0.0 104032.0110
3874.95 3874.95 0.0 104023.2854
3889.09 3889.09 0.0 104014.6956
3903.23 3903.23 0.0 104006.2283
3917.37 3917.37 0.0 103997.8823
3931.51 3931.51 0.0 103989.6597
3945.66 3945.66 0.0 103981.5471
3959.8 3959.8 0.0 103973.5564
3973.94 3973.94 0.0 103965.6790
3988.08 3988.08 0.0 103957.9165
4002.22 4002.22 0.0 103950.2568
4016.37 4016.37 0.0 103942.7065
4030.51 4030.51 0.0 103935.2649
4044.65 4044.65 0.0 103927.9265
4058.79 4058.79 0.0 103920.6926
4072.94 4072.94 0.0 103913.5513
4087.08 4087.08 0.0 103906.5122
4101.22 4101.22 0.0 103899.5718
4115.36 4115.36 0.0 103892.7261
4129.5 4129.5 0.0 103885.9717
4143.65 4143.65 0.0 103879.3066
4157.79 4157.79 0.0 103872.7327
4171.93 4171.93 0.0 103866.2476
4186.07 4186.07 0.0 103859.8474
4200.21 4200.21 0.0 103853.5334
4214.36 4214.36 0.0 103847.2986
4228.5 4228.5 0.0 103841.1475
4242.64 4242.64 0.0 103835.0747
4256.78 4256.78 0.0 103829.0811
4270.92 4270.92 0.0 103823.1636
4285.07 4285.07 0.0 103817.3215
4299.21 4299.21 0.0 103811.5522
4313.35 4313.35 0.0 103805.8560
4327.49 4327.49 0.0 103800.2312
4341.64 4341.64 0.0 103794.6721
4355.78 4355.78 0.0 103789.1831
4369.92 4369.92 0.0 103783.7639
4384.06 4384.06 0.0 103778.4089
4398.2 4398.2 0.0 103773.1169
4412.35 4412.35 0.0 103767.8838
4426.49 4426.49 0.0 103762.7168
4440.63 4440.63 0.0 103757.6104
4454.77 4454.77 0.0 103752.5623
4468.91 4468.91 0.0 103747.5725
4483.06 4483.06 0.0 103742.6350
4497.2 4497.2 0.0 103737.7566
4511.34 4511.34 0.0 103732.9341
4525.48 4525.48 0.0 103728.1633
4539.63 4539.63 0.0 103723.4421
4553.77 4553.77 0.0 103718.7759
4567.91 4567.91 0.0 103714.1606
4582.05 4582.05 0.0 103709.5920
4596.19 4596.19 0.0 103705.0715
4610.34 4610.34 0.0 103700.5972
4624.48 4624.48 0.0 103696.1707
4638.62 4638.62 0.0 103691.7861
4652.76 4652.76 0.0 103687.4502
4666.9 4666.9 0.0 103683.1560
4681.05 4681.05 0.0 103678.9009
4695.19 4695.19 0.0 103674.6914
4709.33 4709.33 0.0 103670.5208
4723.47 4723.47 0.0 103666.3914
4737.62 4737.62 0.0 103662.2964
4751.76 4751.76 0.0 103658.2449
4765.9 4765.9 0.0 103654.2288
4780.04 4780.04 0.0 103650.2483
4794.18 4794.18 0.0 103646.3044
4808.33 4808.33 0.0 103642.3918
4822.47 4822.47 0.0 103638.5166
4836.61 4836.61 0.0 103634.6763
4850.75 4850.75 0.0 103630.8667
4864.89 4864.89 0.0 103627.0894
4879.04 4879.04 0.0 103623.3406
4893.18 4893.18 0.0 103619.6250
4907.32 4907.32 0.0 103615.9417
4921.46 4921.46 0.0 103612.2847
4935.61 4935.61 0.0 103608.6553
4949.75 4949.75 0.0 103605.0566
4963.89 4963.89 0.0 103601.4858
4978.03 4978.03 0.0 103597.9407
4992.17 4992.17 0.0 103594.4216
5006.32 5006.32 0.0 103590.9277
5020.46 5020.46 0.0 103587.4617
5034.6 5034.6 0.0 103584.0161
5048.74 5048.74 0.0 103580.5991
5062.88 5062.88 0.0 103577.2046
5077.03 5077.03 0.0 103573.8303
5091.17 5091.17 0.0 103570.4802
5105.31 5105.31 0.0 103567.1543
5119.45 5119.45 0.0 103563.8491
5133.6 5133.6 0.0 103560.5627
5147.74 5147.74 0.0 103557.2976
5161.88 5161.88 0.0 103554.0559
5176.02 5176.02 0.0 103550.8315
5190.16 5190.16 0.0 103547.6277
5204.31 5204.31 0.0 103544.4417
5218.45 5218.45 0.0 103541.2764
5232.59 5232.59 0.0 103538.1267
5246.73 5246.73 0.0 103534.9990
5260.87 5260.87 0.0 103531.8855
5275.02 5275.02 0.0 103528.7900
5289.16 5289.16 0.0 103525.7102
5303.3 5303.3 0.0 103522.6504
5317.44 5317.44 0.0 103519.6023
5331.59 5331.59 0.0 103516.5718
5345.73 5345.73 0.0 103513.5574
5359.87 5359.87 0.0 103510.5571
5374.01 5374.01 0.0 103507.5745
5388.15 5388.15 0.0 103504.6052
5402.3 5402.3 0.0 103501.6494
5416.44 5416.44 0.0 103498.7090
5430.58 5430.58 0.0 103495.7798
5444.72 5444.72 0.0 103492.8669
5458.86 5458.86 0.0 103489.9714
5473.01 5473.01 0.0 103487.0798
5487.15 5487.15 0.0 103484.2053
5501.29 5501.29 0.0 103481.3450
5515.43 5515.43 0.0 103478.4968
5529.58 5529.58 0.0 103475.6580
5543.72 5543.72 0.0 103472.8345
5557.86 5557.86 0.0 103470.0188
5572.0 5572.0 0.0 103467.2212
5586.14 5586.14 0.0 103464.4314
5600.29 5600.29 0.0 103461.6509
5614.43 5614.43 0.0 103458.8848
5628.57 5628.57 0.0 103456.1287
5642.71 5642.71 0.0 103453.3857
5656.85 5656.85 0.0 103450.6501
5671.0 5671.0 0.0 103447.9231
5685.14 5685.14 0.0 103445.2090
5699.28 5699.28 0.0 103442.5078
5713.42 5713.42 0.0 103439.8125
5727.56 5727.56 0.0 103437.1306
5741.71 5741.71 0.0 103434.4541
5755.85 5755.85 0.0 103431.7910
5769.99 5769.99 0.0 103429.1375
5784.13 5784.13 0.0 103426.4929
5798.28 5798.28 0.0 103423.8540
5812.42 5812.42 0.0 103421.2302
5826.56 5826.56 0.0 103418.6138
5840.7 5840.7 0.0 103416.0066
5854.84 5854.84 0.0 103413.4094
5868.99 5868.99 0.0 103410.8176
5883.13 5883.13 0.0 103408.2383
5897.27 5897.27 0.0 103405.6636
5911.41 5911.41 0.0 103403.1013
5925.55 5925.55 0.0 103400.5466
5939.7 5939.7 0.0 103397.9995
5953.84 5953.84 0.0 103395.4624
5967.98 5967.98 0.0 103392.9353
5982.12 5982.12 0.0 103390.4141
5996.27 5996.27 0.0 103387.9006
6010.41 6010.41 0.0 103385.3975
6024.55 6024.55 0.0 103382.9001
6038.69 6038.69 0.0 103380.4148
6052.83 6052.83 0.0 103377.9363
6066.98 6066.98 0.0 103375.4646
6081.12 6081.12 0.0 103373.0027
6095.26 6095.26 0.0 103370.5458
6109.4 6109.4 0.0 103368.1006
6123.54 6123.54 0.0 103365.6639
6137.69 6137.69 0.0 103363.2305
6151.83 6151.83 0.0 103360.8107
6165.97 6165.97 0.0 103358.3933
6180.11 6180.11 0.0 103355.9886
6194.26 6194.26 0.0 103353.5889
6208.4 6208.4 0.0 103351.1996
6222.54 6222.54 0.0 103348.8159
6236.68 6236.68 0.0 103346.4429
6250.82 6250.82 0.0 103344.0757
6264.97 6264.97 0.0 103341.7147
6279.11 6279.11 0.0 103339.3632
6293.25 6293.25 0.0 103337.0226
6307.39 6307.39 0.0 103334.6852
6321.53 6321.53 0.0 103332.3591
6335.68 6335.68 0.0 103330.0399
6349.82 6349.82 0.0 103327.7279
6363.96 6363.96 0.0 103325.4233
6378.1 6378.1 0.0 103323.1279
6392.25 6392.25 0.0 103320.8364
6406.39 6406.39 0.0 103318.5588
6420.53 6420.53 0.0 103316.2858
6434.67 6434.67 0.0 103314.0198
6448.81 6448.81 0.0 103311.7644
6462.96 6462.96 0.0 103309.5140
6477.1 6477.1 0.0 103307.2738
6491.24 6491.24 0.0 103305.0409
6505.38 6505.38 0.0 103302.8163
6519.52 6519.52 0.0 103300.5975
6533.67 6533.67 0.0 103298.3873
6547.81 6547.81 0.0 103296.1877
6561.95 6561.95 0.0 103293.9927
6576.09 6576.09 0.0 103291.8085
6590.24 6590.24 0.0 103289.6294
6604.38 6604.38 0.0 103287.4595
6618.52 6618.52 0.0 103285.2983
6632.66 6632.66 0.0 103283.1442
6646.8 6646.8 0.0 103281.0000
6660.95 6660.95 0.0 103278.8607
6675.09 6675.09 0.0 103276.7305
6689.23 6689.23 0.0 103274.6089
6703.37 6703.37 0.0 103272.4954
6717.51 6717.51 0.0 103270.3906
6731.66 6731.66 0.0 103268.2908
6745.8 6745.8 0.0 103266.2035
6759.94 6759.94 0.0 103264.1193
6774.08 6774.08 0.0 103262.0465
6788.23 6788.23 0.0 103259.9807
6802.37 6802.37 0.0 103257.9235
6816.51 6816.51 0.0 103255.8739
6830.65 6830.65 0.0 103253.8330
6844.79 6844.79 0.0 103251.8015
6858.94 6858.94 0.0 103249.7750
6873.08 6873.08 0.0 103247.7589
6887.22 6887.22 0.0 103245.7493
6901.36 6901.36 0.0 103243.7502
6915.5 6915.5 0.0 103241.7585
6929.65 6929.65 0.0 103239.7727
6943.79 6943.79 0.0 103237.7961
6957.93 6957.93 0.0 103235.8290
6972.07 6972.07 0.0 103233.8691
6986.21 6986.21 0.0 103231.9177
