0.0 0.0 0.0 650983.1875
14.1421 14.1421 0.0 1482348.7500
28.2843 28.2843 0.0 718614.1250
42.4264 42.4264 0.0 389547.0938
56.5685 56.5685 0.0 263231.4844
70.7107 70.7107 0.0 207703.5938
84.8528 84.8528 0.0 177947.5312
98.9949 98.9949 0.0 159356.6719
113.137 113.137 0.0 146669.3633
127.279 127.279 0.0 137586.2422
141.421 141.421 0.0 130881.3008
155.563 155.563 0.0 125811.5645
169.706 169.706 0.0 121897.7656
183.848 183.848 0.0 118821.5801
197.99 197.99 0.0 116365.2471
212.132 212.132 0.0 114377.0400
226.274 226.274 0.0 112748.5771
240.416 240.416 0.0 111400.7246
254.558 254.558 0.0 110274.6230
268.701 268.701 0.0 109325.6411
282.843 282.843 0.0 108519.7051
296.985 296.985 0.0 107830.1816
311.127 311.127 0.0 107236.2065
325.269 325.269 0.0 106721.2676
339.411 339.411 0.0 106272.1738
353.553 353.553 0.0 105878.3062
367.696 367.696 0.0 105531.0435
381.838 381.838 0.0 105223.4048
395.98 395.98 0.0 104949.6023
410.122 410.122 0.0 104704.8621
424.264 424.264 0.0 104485.2271
438.406 438.406 0.0 104287.3806
452.548 452.548 0.0 104108.5383
466.69 466.69 0.0 103946.3379
480.833 480.833 0.0 103798.7737
494.975 494.975 0.0 103664.1575
509.117 509.117 0.0 103541.0105
523.259 523.259 0.0 103428.0681
537.401 537.401 0.0 103324.2432
551.543 551.543 0.0 103228.5804
565.685 565.685 0.0 103140.2521
579.828 579.828 0.0 103058.5310
593.97 593.97 0.0 102982.7897
608.112 608.112 0.0 102912.4608
622.254 622.254 0.0 102847.0499
636.396 636.396 0.0 102786.1147
650.538 650.538 0.0 102729.2627
664.68 664.68 0.0 102676.1488
678.823 678.823 0.0 102626.4520
692.965 692.965 0.0 102579.8994
707.107 707.107 0.0 102536.2415
721.249 721.249 0.0 102495.2427
735.391 735.391 0.0 102456.7040
749.533 749.533 0.0 102420.4363
763.675 763.675 0.0 102386.2740
777.817 777.817 0.0 102354.0630
791.96 791.96 0.0 102323.6608
806.102 806.102 0.0 102294.9469
820.244 820.244 0.0 102267.8026
834.386 834.386 0.0 102242.1210
848.528 848.528 0.0 102217.8057
862.67 862.67 0.0 102194.7658
876.812 876.812 0.0 102172.9214
890.955 890.955 0.0 102152.1947
905.097 905.097 0.0 102132.5184
919.239 919.239 0.0 102113.8275
933.381 933.381 0.0 102096.0637
947.523 947.523 0.0 102079.1686
961.665 961.665 0.0 102063.0945
975.807 975.807 0.0 102047.7938
989.949 989.949 0.0 102033.2202
1004.09 1004.09 0.0 102019.3367
1018.23 1018.23 0.0 102006.1041
1032.38 1032.38 0.0 101993.4782
1046.52 1046.52 0.0 101981.4422
1060.66 1060.66 0.0 101969.9554
1074.8 1074.8 0.0 101958.9941
1088.94 1088.94 0.0 101948.5259
1103.09 1103.09 0.0 101938.5212
1117.23 1117.23 0.0 101928.9711
1131.37 1131.37 0.0 101919.8447
1145.51 1145.51 0.0 101911.1217
1159.66 1159.66 0.0 101902.7773
1173.8 1173.8 0.0 101894.8052
1187.94 1187.94 0.0 101887.1810
1202.08 1202.08 0.0 101879.8881
1216.22 1216.22 0.0 101872.9138
1230.37 1230.37 0.0 101866.2369
1244.51 1244.51 0.0 101859.8529
1258.65 1258.65 0.0 101853.7443
1272.79 1272.79 0.0 101847.8999
1286.93 1286.93 0.0 101842.3071
1301.08 1301.08 0.0 101836.9509
1315.22 1315.22 0.0 101831.8295
1329.36 1329.36 0.0 101826.9284
1343.5 1343.5 0.0 101822.2375
1357.65 1357.65 0.0 101817.7466
1371.79 1371.79 0.0 101813.4521
1385.93 1385.93 0.0 101809.3424
1400.07 1400.07 0.0 101805.4105
1414.21 1414.21 0.0 101801.6488
1428.36 1428.36 0.0 101798.0472
1442.5 1442.5 0.0 101794.6049
1456.64 1456.64 0.0 101791.3117
1470.78 1470.78 0.0 101788.1613
1484.92 1484.92 0.0 101785.1492
1499.07 1499.07 0.0 101782.2666
1513.21 1513.21 0.0 101779.5114
1527.35 1527.35 0.0 101776.8778
1541.49 1541.49 0.0 101774.3588
1555.63 1555.63 0.0 101771.9508
1569.78 1569.78 0.0 101769.6470
1583.92 1583.92 0.0 101767.4464
1598.06 1598.06 0.0 101765.3421
1612.2 1612.2 0.0 101763.3300
1626.35 1626.35 0.0 101761.4061
1640.49 1640.49 0.0 101759.5673
1654.63 1654.63 0.0 101757.8086
1668.77 1668.77 0.0 101756.1264
1682.91 1682.91 0.0 101754.5176
1697.06 1697.06 0.0 101752.9762
1711.2 1711.2 0.0 101751.5030
1725.34 1725.34 0.0 101750.0914
1739.48 1739.48 0.0 101748.7388
1753.62 1753.62 0.0 101747.4431
1767.77 1767.77 0.0 101746.1997
1781.91 1781.91 0.0 101745.0074
1796.05 1796.05 0.0 101743.8620
1810.19 1810.19 0.0 101742.7602
1824.34 1824.34 0.0 101741.7004
1838.48 1838.48 0.0 101740.6798
1852.62 1852.62 0.0 101739.6959
1866.76 1866.76 0.0 101738.7454
1880.9 1880.9 0.0 101737.8264
1895.05 1895.05 0.0 101736.9359
1909.19 1909.19 0.0 101736.0725
1923.33 1923.33 0.0 101735.2342
1937.47 1937.47 0.0 101734.4181
1951.61 1951.61 0.0 101733.6215
1965.76 1965.76 0.0 101732.8425
1979.9 1979.9 0.0 101732.0806
1994.04 1994.04 0.0 101731.3331
2008.18 2008.18 0.0 101730.5977
2022.33 2022.33 0.0 101729.8728
2036.47 2036.47 0.0 101729.1567
2050.61 2050.61 0.0 101728.4478
2064.75 2064.75 0.0 101727.7444
2078.89 2078.89 0.0 101727.0459
2093.04 2093.04 0.0 101726.3481
2107.18 2107.18 0.0 101725.6526
2121.32 2121.32 0.0 101724.9554
2135.46 2135.46 0.0 101724.2580
2149.6 2149.6 0.0 101723.5574
2163.75 2163.75 0.0 101722.8512
2177.89 2177.89 0.0 101722.1413
2192.03 2192.03 0.0 101721.4240
2206.17 2206.17 0.0 101720.6978
2220.32 2220.32 0.0 101719.9644
2234.46 2234.46 0.0 101719.2214
2248.6 2248.6 0.0 101718.4679
2262.74 2262.74 0.0 101717.7025
2276.88 2276.88 0.0 101716.9253
2291.03 2291.03 0.0 101716.1343
2305.17 2305.17 0.0 101715.3302
2319.31 2319.31 0.0 101714.5119
2333.45 2333.45 0.0 101713.6779
2347.59 2347.59 0.0 101712.8283
2361.74 2361.74 0.0 101711.9617
2375.88 2375.88 0.0 101711.0794
2390.02 2390.02 0.0 101710.1801
2404.16 2404.16 0.0 101709.2625
2418.31 2418.31 0.0 101708.3265
2432.45 2432.45 0.0 101707.3727
2446.59 2446.59 0.0 101706.4001
2460.73 2460.73 0.0 101705.4089
2474.87 2474.87 0.0 101704.3979
2489.02 2489.02 0.0 101703.3676
2503.16 2503.16 0.0 101702.3180
2517.3 2517.3 0.0 101701.2485
2531.44 2531.44 0.0 101700.1593
2545.58 2545.58 0.0 101699.0502
2559.73 2559.73 0.0 101697.9201
2573.87 2573.87 0.0 101696.7714
2588.01 2588.01 0.0 101695.6016
2602.15 2602.15 0.0 101694.4131
2616.3 2616.3 0.0 101693.2030
2630.44 2630.44 0.0 101691.9742
2644.58 2644.58 0.0 101690.7254
2658.72 2658.72 0.0 101689.4577
2672.86 2672.86 0.0 101688.1704
2687.01 2687.01 0.0 101686.8621
2701.15 2701.15 0.0 101685.5365
2715.29 2715.29 0.0 101684.1912
2729.43 2729.43 0.0 101682.8279
2743.57 2743.57 0.0 101681.4467
2757.72 2757.72 0.0 101680.0455
2771.86 2771.86 0.0 101678.6275
2786.0 2786.0 0.0 101677.1921
2800.14 2800.14 0.0 101675.7392
2814.28 2814.28 0.0 101674.2694
2828.43 2828.43 0.0 101672.7820
2842.57 2842.57 0.0 101671.2787
2856.71 2856.71 0.0 101669.7599
2870.85 2870.85 0.0 101668.2256
2885.0 2885.0 0.0 101666.6750
2899.14 2899.14 0.0 101665.1101
2913.28 2913.28 0.0 101663.5310
2927.42 2927.42 0.0 101661.9371
2941.56 2941.56 0.0 101660.3299
2955.71 2955.71 0.0 101658.7077
2969.85 2969.85 0.0 101657.0742
2983.99 2983.99 0.0 101655.4280
2998.13 2998.13 0.0 101653.7693
3012.27 3012.27 0.0 101652.0986
3026.42 3026.42 0.0 101650.4159
3040.56 3040.56 0.0 101648.7230
3054.7 3054.7 0.0 101647.0196
3068.84 3068.84 0.0 101645.3059
3082.99 3082.99 0.0 101643.5813
3097.13 3097.13 0.0 101641.8484
3111.27 3111.27 0.0 101640.1061
