0.0 0.0 0.0 733032.1250
14.1421 14.1421 0.0 1569128.0000
28.2843 28.2843 0.0 683080.3750
42.4264 42.4264 0.0 367034.0625
56.5685 56.5685 0.0 248843.5625
70.7107 70.7107 0.0 195714.5078
84.8528 84.8528 0.0 167677.7422
98.9949 98.9949 0.0 151019.8828
113.137 113.137 0.0 140233.1992
127.279 127.279 0.0 132791.0215
141.421 141.421 0.0 127404.5312
155.563 155.563 0.0 123358.9453
169.706 169.706 0.0 120230.0684
183.848 183.848 0.0 117752.7012
197.99 197.99 0.0 115752.6035
212.132 212.132 0.0 114111.4512
226.274 226.274 0.0 112746.2441
240.416 240.416 0.0 111597.1279
254.558 254.558 0.0 110619.9932
268.701 268.701 0.0 109781.5898
282.843 282.843 0.0 109056.6299
296.985 296.985 0.0 108425.2964
311.127 311.127 0.0 107872.0093
325.269 325.269 0.0 107384.3574
339.411 339.411 0.0 106952.3276
353.553 353.553 0.0 106567.7646
367.696 367.696 0.0 106223.9277
381.838 381.838 0.0 105915.3315
395.98 395.98 0.0 105637.3032
410.122 410.122 0.0 105385.9497
424.264 424.264 0.0 105157.9810
438.406 438.406 0.0 104950.5959
452.548 452.548 0.0 104761.3965
466.69 466.69 0.0 104588.3276
480.833 480.833 0.0 104429.5996
494.975 494.975 0.0 104283.6973
509.117 509.117 0.0 104149.2644
523.259 523.259 0.0 104025.1338
537.401 537.401 0.0 103910.2759
551.543 551.543 0.0 103803.7856
565.685 565.685 0.0 103704.8674
579.828 579.828 0.0 103612.8086
593.97 593.97 0.0 103526.9958
608.112 608.112 0.0 103446.8618
622.254 622.254 0.0 103371.9113
636.396 636.396 0.0 103301.7009
650.538 650.538 0.0 103235.8326
664.68 664.68 0.0 103173.9408
678.823 678.823 0.0 103115.7035
692.965 692.965 0.0 103060.8424
707.107 707.107 0.0 103009.0819
721.249 721.249 0.0 102960.1896
735.391 735.391 0.0 102913.9471
749.533 749.533 0.0 102870.1614
763.675 763.675 0.0 102828.6515
777.817 777.817 0.0 102789.2560
791.96 791.96 0.0 102751.8237
806.102 806.102 0.0 102716.2252
820.244 820.244 0.0 102682.3329
834.386 834.386 0.0 102650.0356
848.528 848.528 0.0 102619.2255
862.67 862.67 0.0 102589.8071
876.812 876.812 0.0 102561.6976
890.955 890.955 0.0 102534.8086
905.097 905.097 0.0 102509.0713
919.239 919.239 0.0 102484.4130
933.381 933.381 0.0 102460.7729
947.523 947.523 0.0 102438.0900
961.665 961.665 0.0 102416.3114
975.807 975.807 0.0 102395.3835
989.949 989.949 0.0 102375.2629
1004.09 1004.09 0.0 102355.9048
1018.23 1018.23 0.0 102337.2717
1032.38 1032.38 0.0 102319.3090
1046.52 1046.52 0.0 102302.0062
1060.66 1060.66 0.0 102285.3204
1074.8 1074.8 0.0 102269.2182
1088.94 1088.94 0.0 102253.6748
1103.09 1103.09 0.0 102238.6494
1117.23 1117.23 0.0 102224.1416
1131.37 1131.37 0.0 102210.1143
1145.51 1145.51 0.0 102196.5473
1159.66 1159.66 0.0 102183.4105
1173.8 1173.8 0.0 102170.7020
1187.94 1187.94 0.0 102158.3945
1202.08 1202.08 0.0 102146.4731
1216.22 1216.22 0.0 102134.9191
1230.37 1230.37 0.0 102123.7114
1244.51 1244.51 0.0 102112.8502
1258.65 1258.65 0.0 102102.3137
1272.79 1272.79 0.0 102092.0899
1286.93 1286.93 0.0 102082.1668
1301.08 1301.08 0.0 102072.5267
1315.22 1315.22 0.0 102063.1697
1329.36 1329.36 0.0 102054.0825
1343.5 1343.5 0.0 102045.2526
1357.65 1357.65 0.0 102036.6658
1371.79 1371.79 0.0 102028.3263
1385.93 1385.93 0.0 102020.2173
1400.07 1400.07 0.0 102012.3322
1414.21 1414.21 0.0 102004.6654
1428.36 1428.36 0.0 101997.1995
1442.5 1442.5 0.0 101989.9435
1456.64 1456.64 0.0 101982.8822
1470.78 1470.78 0.0 101976.0101
1484.92 1484.92 0.0 101969.3202
1499.07 1499.07 0.0 101962.8062
1513.21 1513.21 0.0 101956.4669
1527.35 1527.35 0.0 101950.2949
1541.49 1541.49 0.0 101944.2850
1555.63 1555.63 0.0 101938.4323
1569.78 1569.78 0.0 101932.7274
1583.92 1583.92 0.0 101927.1753
1598.06 1598.06 0.0 101921.7666
1612.2 1612.2 0.0 101916.4973
1626.35 1626.35 0.0 101911.3601
1640.49 1640.49 0.0 101906.3584
1654.63 1654.63 0.0 101901.4850
1668.77 1668.77 0.0 101896.7360
1682.91 1682.91 0.0 101892.1094
1697.06 1697.06 0.0 101887.5971
1711.2 1711.2 0.0 101883.2026
1725.34 1725.34 0.0 101878.9200
1739.48 1739.48 0.0 101874.7463
1753.62 1753.62 0.0 101870.6790
1767.77 1767.77 0.0 101866.7119
1781.91 1781.91 0.0 101862.8486
1796.05 1796.05 0.0 101859.0840
1810.19 1810.19 0.0 101855.4141
1824.34 1824.34 0.0 101851.8357
1838.48 1838.48 0.0 101848.3500
1852.62 1852.62 0.0 101844.9533
1866.76 1866.76 0.0 101841.6434
1880.9 1880.9 0.0 101838.4180
1895.05 1895.05 0.0 101835.2721
1909.19 1909.19 0.0 101832.2100
1923.33 1923.33 0.0 101829.2256
1937.47 1937.47 0.0 101826.3178
1951.61 1951.61 0.0 101823.4850
1965.76 1965.76 0.0 101820.7228
1979.9 1979.9 0.0 101818.0347
1994.04 1994.04 0.0 101815.4158
2008.18 2008.18 0.0 101812.8657
2022.33 2022.33 0.0 101810.3795
2036.47 2036.47 0.0 101807.9599
2050.61 2050.61 0.0 101805.6048
2064.75 2064.75 0.0 101803.3116
2078.89 2078.89 0.0 101801.0790
2093.04 2093.04 0.0 101798.9045
2107.18 2107.18 0.0 101796.7887
2121.32 2121.32 0.0 101794.7308
2135.46 2135.46 0.0 101792.7273
2149.6 2149.6 0.0 101790.7783
2163.75 2163.75 0.0 101788.8821
2177.89 2177.89 0.0 101787.0379
2192.03 2192.03 0.0 101785.2455
2206.17 2206.17 0.0 101783.5026
2220.32 2220.32 0.0 101781.8069
2234.46 2234.46 0.0 101780.1604
2248.6 2248.6 0.0 101778.5597
2262.74 2262.74 0.0 101777.0053
2276.88 2276.88 0.0 101775.4958
2291.03 2291.03 0.0 101774.0292
2305.17 2305.17 0.0 101772.6058
2319.31 2319.31 0.0 101771.2252
2333.45 2333.45 0.0 101769.8853
2347.59 2347.59 0.0 101768.5852
2361.74 2361.74 0.0 101767.3249
2375.88 2375.88 0.0 101766.1027
2390.02 2390.02 0.0 101764.9187
2404.16 2404.16 0.0 101763.7724
2418.31 2418.31 0.0 101762.6603
2432.45 2432.45 0.0 101761.5865
2446.59 2446.59 0.0 101760.5468
2460.73 2460.73 0.0 101759.5412
2474.87 2474.87 0.0 101758.5692
2489.02 2489.02 0.0 101757.6294
2503.16 2503.16 0.0 101756.7222
2517.3 2517.3 0.0 101755.8467
2531.44 2531.44 0.0 101755.0023
2545.58 2545.58 0.0 101754.1891
2559.73 2559.73 0.0 101753.4045
2573.87 2573.87 0.0 101752.6491
2588.01 2588.01 0.0 101751.9231
2602.15 2602.15 0.0 101751.2252
2616.3 2616.3 0.0 101750.5543
2630.44 2630.44 0.0 101749.9109
2644.58 2644.58 0.0 101749.2939
2658.72 2658.72 0.0 101748.7034
2672.86 2672.86 0.0 101748.1380
2687.01 2687.01 0.0 101747.5971
2701.15 2701.15 0.0 101747.0819
2715.29 2715.29 0.0 101746.5908
2729.43 2729.43 0.0 101746.1228
2743.57 2743.57 0.0 101745.6781
2757.72 2757.72 0.0 101745.2567
2771.86 2771.86 0.0 101744.8568
2786.0 2786.0 0.0 101744.4803
2800.14 2800.14 0.0 101744.1251
2814.28 2814.28 0.0 101743.7901
2828.43 2828.43 0.0 101743.4768
2842.57 2842.57 0.0 101743.1833
2856.71 2856.71 0.0 101742.9102
2870.85 2870.85 0.0 101742.6566
2885.0 2885.0 0.0 101742.4218
2899.14 2899.14 0.0 101742.2067
2913.28 2913.28 0.0 101742.0106
2927.42 2927.42 0.0 101741.8322
2941.56 2941.56 0.0 101741.6716
2955.71 2955.71 0.0 101741.5290
2969.85 2969.85 0.0 101741.4033
2983.99 2983.99 0.0 101741.2948
2998.13 2998.13 0.0 101741.2025
3012.27 3012.27 0.0 101741.1267
3026.42 3026.42 0.0 101741.0668
3040.56 3040.56 0.0 101741.0228
3054.7 3054.7 0.0 101740.9950
3068.84 3068.84 0.0 101740.9807
3082.99 3082.99 0.0 101740.9823
3097.13 3097.13 0.0 101740.9985
3111.27 3111.27 0.0 101741.0283
