0.0 0.0 0.0 810980.3750
14.1421 14.1421 0.0 3593803.0000
28.2843 28.2843 0.0 2948542.5000
42.4264 42.4264 0.0 2283221.2500
56.5685 56.5685 0.0 1723412.3750
70.7107 70.7107 0.0 1290148.0000
84.8528 84.8528 0.0 972297.3125
98.9949 98.9949 0.0 746532.7500
113.137 113.137 0.0 588274.4688
127.279 127.279 0.0 477110.8750
141.421 141.421 0.0 398070.5625
155.563 155.563 0.0 340861.8438
169.706 169.706 0.0 298607.6094
183.848 183.848 0.0 266753.4688
197.99 197.99 0.0 242255.4219
212.132 212.132 0.0 223060.6250
226.274 226.274 0.0 207761.5703
240.416 240.416 0.0 195376.0859
254.558 254.558 0.0 185206.8125
268.701 268.701 0.0 176749.7500
282.843 282.843 0.0 169636.4219
296.985 296.985 0.0 163590.4805
311.127 311.127 0.0 158403.5430
325.269 325.269 0.0 153915.6875
339.411 339.411 0.0 150002.8203
353.553 353.553 0.0 146567.3711
367.696 367.696 0.0 143531.6445
381.838 381.838 0.0 140833.9453
395.98 395.98 0.0 138423.7148
410.122 410.122 0.0 136259.7617
424.264 424.264 0.0 134308.2461
438.406 438.406 0.0 132540.9980
452.548 452.548 0.0 130934.5293
466.69 466.69 0.0 129469.0195
480.833 480.833 0.0 128127.6230
494.975 494.975 0.0 126896.2578
509.117 509.117 0.0 125762.5996
523.259 523.259 0.0 124716.1152
537.401 537.401 0.0 123747.7051
551.543 551.543 0.0 122849.4434
565.685 565.685 0.0 122014.4707
579.828 579.828 0.0 121236.6230
593.97 593.97 0.0 120510.7090
608.112 608.112 0.0 119831.9805
622.254 622.254 0.0 119196.2832
636.396 636.396 0.0 118599.9141
650.538 650.538 0.0 118039.5547
664.68 664.68 0.0 117512.2842
678.823 678.823 0.0 117015.4180
692.965 692.965 0.0 116546.6455
707.107 707.107 0.0 116103.7812
721.249 721.249 0.0 115684.9033
735.391 735.391 0.0 115288.2646
749.533 749.533 0.0 114912.2520
763.675 763.675 0.0 114555.4453
777.817 777.817 0.0 114216.5088
791.96 791.96 0.0 113894.2207
806.102 806.102 0.0 113587.5400
820.244 820.244 0.0 113295.4209
834.386 834.386 0.0 113016.9316
848.528 848.528 0.0 112751.2373
862.67 862.67 0.0 112497.5459
876.812 876.812 0.0 112255.1230
890.955 890.955 0.0 112023.2979
905.097 905.097 0.0 111801.4912
919.239 919.239 0.0 111589.0947
933.381 933.381 0.0 111385.5928
947.523 947.523 0.0 111190.4795
961.665 961.665 0.0 111003.3125
975.807 975.807 0.0 110823.6533
989.949 989.949 0.0 110651.1104
1004.09 1004.09 0.0 110485.3105
1018.23 1018.23 0.0 110325.9170
1032.38 1032.38 0.0 110172.4893
1046.52 1046.52 0.0 110024.9316
1060.66 1060.66 0.0 109882.8555
1074.8 1074.8 0.0 109745.9951
1088.94 1088.94 0.0 109614.0977
1103.09 1103.09 0.0 109486.8354
1117.23 1117.23 0.0 109364.1719
1131.37 1131.37 0.0 109245.8071
1145.51 1145.51 0.0 109131.5522
1159.66 1159.66 0.0 109021.1245
1173.8 1173.8 0.0 108914.5283
1187.94 1187.94 0.0 108811.5112
1202.08 1202.08 0.0 108711.9150
1216.22 1216.22 0.0 108615.5859
1230.37 1230.37 0.0 108522.3379
1244.51 1244.51 0.0 108432.1621
1258.65 1258.65 0.0 108344.8594
1272.79 1272.79 0.0 108260.3193
1286.93 1286.93 0.0 108178.4282
1301.08 1301.08 0.0 108099.0210
1315.22 1315.22 0.0 108022.1157
1329.36 1329.36 0.0 107947.5522
1343.5 1343.5 0.0 107875.2432
1357.65 1357.65 0.0 107805.0474
1371.79 1371.79 0.0 107736.9790
1385.93 1385.93 0.0 107670.9268
1400.07 1400.07 0.0 107606.7949
1414.21 1414.21 0.0 107544.5239
1428.36 1428.36 0.0 107483.9897
1442.5 1442.5 0.0 107425.2290
1456.64 1456.64 0.0 107368.1240
1470.78 1470.78 0.0 107312.6201
1484.92 1484.92 0.0 107258.6582
1499.07 1499.07 0.0 107206.1475
1513.21 1513.21 0.0 107155.1138
1527.35 1527.35 0.0 107105.4619
1541.49 1541.49 0.0 107057.1523
1555.63 1555.63 0.0 107010.1294
1569.78 1569.78 0.0 106964.3306
1583.92 1583.92 0.0 106919.7666
1598.06 1598.06 0.0 106876.3662
1612.2 1612.2 0.0 106834.0938
1626.35 1626.35 0.0 106792.8828
1640.49 1640.49 0.0 106752.7563
1654.63 1654.63 0.0 106713.6460
1668.77 1668.77 0.0 106675.5342
1682.91 1682.91 0.0 106638.3608
1697.06 1697.06 0.0 106602.1001
1711.2 1711.2 0.0 106566.7544
1725.34 1725.34 0.0 106532.2812
1739.48 1739.48 0.0 106498.6440
1753.62 1753.62 0.0 106465.8179
1767.77 1767.77 0.0 106433.7612
1781.91 1781.91 0.0 106402.4878
1796.05 1796.05 0.0 106371.9575
1810.19 1810.19 0.0 106342.1499
1824.34 1824.34 0.0 106313.0132
1838.48 1838.48 0.0 106284.5737
1852.62 1852.62 0.0 106256.7964
1866.76 1866.76 0.0 106229.6494
1880.9 1880.9 0.0 106203.1157
1895.05 1895.05 0.0 106177.1733
1909.19 1909.19 0.0 106151.8228
1923.33 1923.33 0.0 106127.0361
1937.47 1937.47 0.0 106102.8018
1951.61 1951.61 0.0 106079.0981
1965.76 1965.76 0.0 106055.8970
1979.9 1979.9 0.0 106033.2124
1994.04 1994.04 0.0 106011.0171
2008.18 2008.18 0.0 105989.2944
2022.33 2022.33 0.0 105968.0171
2036.47 2036.47 0.0 105947.2051
2050.61 2050.61 0.0 105926.8267
2064.75 2064.75 0.0 105906.8750
2078.89 2078.89 0.0 105887.3291
2093.04 2093.04 0.0 105868.1689
2107.18 2107.18 0.0 105849.4160
2121.32 2121.32 0.0 105831.0386
2135.46 2135.46 0.0 105813.0298
2149.6 2149.6 0.0 105795.3779
2163.75 2163.75 0.0 105778.0625
2177.89 2177.89 0.0 105761.0996
2192.03 2192.03 0.0 105744.4629
2206.17 2206.17 0.0 105728.1489
2220.32 2220.32 0.0 105712.1323
2234.46 2234.46 0.0 105696.4380
2248.6 2248.6 0.0 105681.0303
2262.74 2262.74 0.0 105665.9165
2276.88 2276.88 0.0 105651.0811
2291.03 2291.03 0.0 105636.5093
2305.17 2305.17 0.0 105622.2080
2319.31 2319.31 0.0 105608.1714
2333.45 2333.45 0.0 105594.3843
2347.59 2347.59 0.0 105580.8462
2361.74 2361.74 0.0 105567.5298
2375.88 2375.88 0.0 105554.4604
2390.02 2390.02 0.0 105541.6118
2404.16 2404.16 0.0 105528.9912
2418.31 2418.31 0.0 105516.5781
2432.45 2432.45 0.0 105504.3779
2446.59 2446.59 0.0 105492.3833
2460.73 2460.73 0.0 105480.5889
2474.87 2474.87 0.0 105468.9858
2489.02 2489.02 0.0 105457.5659
2503.16 2503.16 0.0 105446.3389
2517.3 2517.3 0.0 105435.2871
2531.44 2531.44 0.0 105424.4146
2545.58 2545.58 0.0 105413.7092
2559.73 2559.73 0.0 105403.1655
2573.87 2573.87 0.0 105392.7944
2588.01 2588.01 0.0 105382.5732
2602.15 2602.15 0.0 105372.5103
2616.3 2616.3 0.0 105362.5911
2630.44 2630.44 0.0 105352.8252
2644.58 2644.58 0.0 105343.2048
2658.72 2658.72 0.0 105333.7166
2672.86 2672.86 0.0 105324.3701
2687.01 2687.01 0.0 105315.1519
2701.15 2701.15 0.0 105306.0649
2715.29 2715.29 0.0 105297.1001
2729.43 2729.43 0.0 105288.2673
2743.57 2743.57 0.0 105279.5503
2757.72 2757.72 0.0 105270.9458
2771.86 2771.86 0.0 105262.4595
2786.0 2786.0 0.0 105254.0847
2800.14 2800.14 0.0 105245.8215
2814.28 2814.28 0.0 105237.6646
2828.43 2828.43 0.0 105229.6064
2842.57 2842.57 0.0 105221.6536
2856.71 2856.71 0.0 105213.7988
2870.85 2870.85 0.0 105206.0410
2885.0 2885.0 0.0 105198.3777
2899.14 2899.14 0.0 105190.8049
2913.28 2913.28 0.0 105183.3225
2927.42 2927.42 0.0 105175.9294
2941.56 2941.56 0.0 105168.6257
2955.71 2955.71 0.0 105161.3940
2969.85 2969.85 0.0 105154.2561
2983.99 2983.99 0.0 105147.1970
2998.13 2998.13 0.0 105140.2109
3012.27 3012.27 0.0 105133.3044
3026.42 3026.42 0.0 105126.4685
3040.56 3040.56 0.0 105119.7097
3054.7 3054.7 0.0 105113.0244
3068.84 3068.84 0.0 105106.4062
3082.99 3082.99 0.0 105099.8540
3097.13 3097.13 0.0 105093.3701
3111.27 3111.27 0.0 105086.9548
3125.41 3125.41 0.0 105080.6003
3139.55 3139.55 0.0 105074.3103
3153.7 3153.7 0.0 105068.0769
3167.84 3167.84 0.0 105061.9089
3181.98 3181.98 0.0 105055.7974
3196.12 3196.12 0.0 105049.7419
3210.26 3210.26 0.0 105043.7458
3224.41 3224.41 0.0 105037.7986
3238.55 3238.55 0.0 105031.9099
3252.69 3252.69 0.0 105026.0747
3266.83 3266.83 0.0 105020.2888
3280.98 3280.98 0.0 105014.5542
3295.12 3295.12 0.0 105008.8691
3309.26 3309.26 0.0 105003.2346
3323.4 3323.4 0.0 104997.6470
3337.54 3337.54 0.0 104992.1045
3351.69 3351.69 0.0 104986.6091
3365.83 3365.83 0.0 104981.1582
3379.97 3379.97 0.0 104975.7520
3394.11 3394.11 0.0 104970.3916
3408.25 3408.25 0.0 104965.0703
3422.4 3422.4 0.0 104959.7900
3436.54 3436.54 0.0 104954.5537
3450.68 3450.68 0.0 104949.3538
3464.82 3464.82 0.0 104944.1975
3478.97 3478.97 0.0 104939.0745
3493.11 3493.11 0.0 104933.9983
3507.25 3507.25 0.0 104928.9517
3521.39 3521.39 0.0 104923.9460
3535.53 3535.53 0.0 104918.9814
3549.68 3549.68 0.0 104914.0430
3563.82 3563.82 0.0 104909.1416
3577.96 3577.96 0.0 104904.2810
3592.1 3592.1 0.0 104899.4512
3606.24 3606.24 0.0 104894.6597
3620.39 3620.39 0.0 104889.8950
3634.53 3634.53 0.0 104885.1658
3648.67 3648.67 0.0 104880.4683
3662.81 3662.81 0.0 104875.8037
3676.96 3676.96 0.0 104871.1655
3691.1 3691.1 0.0 104866.5654
3705.24 3705.24 0.0 104861.9900
3719.38 3719.38 0.0 104857.4507
3733.52 3733.52 0.0 104852.9370
3747.67 3747.67 0.0 104848.4526
3761.81 3761.81 0.0 104843.9995
3775.95 3775.95 0.0 104839.5752
3790.09 3790.09 0.0 104835.1780
3804.23 3804.23 0.0 104830.8113
3818.38 3818.38 0.0 104826.4685
3832.52 3832.52 0.0 104822.1545
3846.66 3846.66 0.0 104817.8740
3860.8 3860.8 0.0 104813.6155
3874.95 3874.95 0.0 104809.3816
3889.09 3889.09 0.0 104805.1746
3903.23 3903.23 0.0 104800.9958
3917.37 3917.37 0.0 104796.8452
3931.51 3931.51 0.0 104792.7192
3945.66 3945.66 0.0 104788.6169
3959.8 3959.8 0.0 104784.5415
3973.94 3973.94 0.0 104780.4932
3988.08 3988.08 0.0 104776.4688
4002.22 4002.22 0.0 104772.4688
4016.37 4016.37 0.0 104768.4932
4030.51 4030.51 0.0 104764.5452
4044.65 4044.65 0.0 104760.6211
4058.79 4058.79 0.0 104756.7197
4072.94 4072.94 0.0 104752.8389
4087.08 4087.08 0.0 104748.9871
4101.22 4101.22 0.0 104745.1621
4115.36 4115.36 0.0 104741.3577
4129.5 4129.5 0.0 104737.5771
4143.65 4143.65 0.0 104733.8169
4157.79 4157.79 0.0 104730.0898
4171.93 4171.93 0.0 104726.3816
4186.07 4186.07 0.0 104722.6968
4200.21 4200.21 0.0 104719.0354
4214.36 4214.36 0.0 104715.3938
4228.5 4228.5 0.0 104711.7808
4242.64 4242.64 0.0 104708.1890
4256.78 4256.78 0.0 104704.6206
4270.92 4270.92 0.0 104701.0767
4285.07 4285.07 0.0 104697.5557
4299.21 4299.21 0.0 104694.0574
4313.35 4313.35 0.0 104690.5823
4327.49 4327.49 0.0 104687.1282
4341.64 4341.64 0.0 104683.6968
4355.78 4355.78 0.0 104680.2932
4369.92 4369.92 0.0 104676.9116
4384.06 4384.06 0.0 104673.5515
4398.2 4398.2 0.0 104670.2136
4412.35 4412.35 0.0 104666.9016
4426.49 4426.49 0.0 104663.6116
4440.63 4440.63 0.0 104660.3391
4454.77 4454.77 0.0 104657.0981
4468.91 4468.91 0.0 104653.8799
4483.06 4483.06 0.0 104650.6755
4497.2 4497.2 0.0 104647.5032
4511.34 4511.34 0.0 104644.3538
4525.48 4525.48 0.0 104641.2214
4539.63 4539.63 0.0 104638.1147
4553.77 4553.77 0.0 104635.0330
4567.91 4567.91 0.0 104631.9773
4582.05 4582.05 0.0 104628.9402
4596.19 4596.19 0.0 104625.9265
4610.34 4610.34 0.0 104622.9358
4624.48 4624.48 0.0 104619.9700
4638.62 4638.62 0.0 104617.0286
4652.76 4652.76 0.0 104614.1057
4666.9 4666.9 0.0 104611.2102
4681.05 4681.05 0.0 104608.3391
4695.19 4695.19 0.0 104605.4907
4709.33 4709.33 0.0 104602.6638
4723.47 4723.47 0.0 104599.8625
4737.62 4737.62 0.0 104597.0825
4751.76 4751.76 0.0 104594.3237
4765.9 4765.9 0.0 104591.5994
4780.04 4780.04 0.0 104588.8914
4794.18 4794.18 0.0 104586.2092
4808.33 4808.33 0.0 104583.5508
4822.47 4822.47 0.0 104580.9131
4836.61 4836.61 0.0 104578.3040
4850.75 4850.75 0.0 104575.7156
4864.89 4864.89 0.0 104573.1521
4879.04 4879.04 0.0 104570.6125
4893.18 4893.18 0.0 104568.0964
4907.32 4907.32 0.0 104565.6040
4921.46 4921.46 0.0 104563.1379
4935.61 4935.61 0.0 104560.6956
4949.75 4949.75 0.0 104558.2795
4963.89 4963.89 0.0 104555.8840
4978.03 4978.03 0.0 104553.5161
4992.17 4992.17 0.0 104551.1702
5006.32 5006.32 0.0 104548.8469
5020.46 5020.46 0.0 104546.5549
5034.6 5034.6 0.0 104544.2827
5048.74 5048.74 0.0 104542.0337
5062.88 5062.88 0.0 104539.8152
5077.03 5077.03 0.0 104537.6182
5091.17 5091.17 0.0 104535.4500
5105.31 5105.31 0.0 104533.3020
5119.45 5119.45 0.0 104531.1812
5133.6 5133.6 0.0 104529.0798
5147.74 5147.74 0.0 104527.0107
5161.88 5161.88 0.0 104524.9595
5176.02 5176.02 0.0 104522.9417
5190.16 5190.16 0.0 104520.9434
5204.31 5204.31 0.0 104518.9734
5218.45 5218.45 0.0 104517.0232
5232.59 5232.59 0.0 104515.1057
5246.73 5246.73 0.0 104513.2109
5260.87 5260.87 0.0 104511.3386
5275.02 5275.02 0.0 104509.4929
5289.16 5289.16 0.0 104507.6714
5303.3 5303.3 0.0 104505.8809
5317.44 5317.44 0.0 104504.1111
5331.59 5331.59 0.0 104502.3635
5345.73 5345.73 0.0 104500.6501
5359.87 5359.87 0.0 104498.9570
5374.01 5374.01 0.0 104497.2910
5388.15 5388.15 0.0 104495.6494
5402.3 5402.3 0.0 104494.0320
5416.44 5416.44 0.0 104492.4434
5430.58 5430.58 0.0 104490.8799
5444.72 5444.72 0.0 104489.3430
5458.86 5458.86 0.0 104487.8293
5473.01 5473.01 0.0 104486.3391
5487.15 5487.15 0.0 104484.8782
5501.29 5501.29 0.0 104483.4434
5515.43 5515.43 0.0 104482.0361
5529.58 5529.58 0.0 104480.6477
5543.72 5543.72 0.0 104479.2930
5557.86 5557.86 0.0 104477.9626
5572.0 5572.0 0.0 104476.6541
5586.14 5586.14 0.0 104475.3728
5600.29 5600.29 0.0 104474.1177
5614.43 5614.43 0.0 104472.8870
5628.57 5628.57 0.0 104471.6853
5642.71 5642.71 0.0 104470.5095
5656.85 5656.85 0.0 104469.3567
5671.0 5671.0 0.0 104468.2297
5685.14 5685.14 0.0 104467.1284
5699.28 5699.28 0.0 104466.0574
5713.42 5713.42 0.0 104465.0078
5727.56 5727.56 0.0 104463.9856
5741.71 5741.71 0.0 104462.9846
5755.85 5755.85 0.0 104462.0181
5769.99 5769.99 0.0 104461.0701
5784.13 5784.13 0.0 104460.1531
5798.28 5798.28 0.0 104459.2576
5812.42 5812.42 0.0 104458.3894
5826.56 5826.56 0.0 104457.5496
5840.7 5840.7 0.0 104456.7295
5854.84 5854.84 0.0 104455.9380
5868.99 5868.99 0.0 104455.1748
5883.13 5883.13 0.0 104454.4297
5897.27 5897.27 0.0 104453.7192
5911.41 5911.41 0.0 104453.0310
5925.55 5925.55 0.0 104452.3684
5939.7 5939.7 0.0 104451.7280
5953.84 5953.84 0.0 104451.1182
5967.98 5967.98 0.0 104450.5288
5982.12 5982.12 0.0 104449.9646
5996.27 5996.27 0.0 104449.4292
6010.41 6010.41 0.0 104448.9160
6024.55 6024.55 0.0 104448.4329
6038.69 6038.69 0.0 104447.9702
6052.83 6052.83 0.0 104447.5332
6066.98 6066.98 0.0 104447.1228
6081.12 6081.12 0.0 104446.7363
6095.26 6095.26 0.0 104446.3738
6109.4 6109.4 0.0 104446.0393
6123.54 6123.54 0.0 104445.7261
6137.69 6137.69 0.0 104445.4392
6151.83 6151.83 0.0 104445.1790
6165.97 6165.97 0.0 104444.9358
6180.11 6180.11 0.0 104444.7231
6194.26 6194.26 0.0 104444.5376
6208.4 6208.4 0.0 104444.3728
6222.54 6222.54 0.0 104444.2332
6236.68 6236.68 0.0 104444.1174
6250.82 6250.82 0.0 104444.0269
6264.97 6264.97 0.0 104443.9583
6279.11 6279.11 0.0 104443.9167
6293.25 6293.25 0.0 104443.8931
6307.39 6307.39 0.0 104443.8962
6321.53 6321.53 0.0 104443.9241
6335.68 6335.68 0.0 104443.9763
6349.82 6349.82 0.0 104444.0520
6363.96 6363.96 0.0 104444.1514
6378.1 6378.1 0.0 104444.2734
6392.25 6392.25 0.0 104444.4189
6406.39 6406.39 0.0 104444.5879
6420.53 6420.53 0.0 104444.7842
6434.67 6434.67 0.0 104444.9980
6448.81 6448.81 0.0 104445.2312
6462.96 6462.96 0.0 104445.4927
6477.1 6477.1 0.0 104445.7793
6491.24 6491.24 0.0 104446.0825
6505.38 6505.38 0.0 104446.4141
6519.52 6519.52 0.0 104446.7629
6533.67 6533.67 0.0 104447.1392
6547.81 6547.81 0.0 104447.5303
6561.95 6561.95 0.0 104447.9492
6576.09 6576.09 0.0 104448.3896
6590.24 6590.24 0.0 104448.8477
6604.38 6604.38 0.0 104449.3325
6618.52 6618.52 0.0 104449.8337
6632.66 6632.66 0.0 104450.3621
6646.8 6646.8 0.0 104450.9094
6660.95 6660.95 0.0 104451.4780
6675.09 6675.09 0.0 104452.0676
6689.23 6689.23 0.0 104452.6780
6703.37 6703.37 0.0 104453.3096
6717.51 6717.51 0.0 104453.9602
6731.66 6731.66 0.0 104454.6353
6745.8 6745.8 0.0 104455.3281
6759.94 6759.94 0.0 104456.0420
6774.08 6774.08 0.0 104456.7739
6788.23 6788.23 0.0 104457.5303
6802.37 6802.37 0.0 104458.3027
6816.51 6816.51 0.0 104459.0996
6830.65 6830.65 0.0 104459.9114
6844.79 6844.79 0.0 104460.7397
6858.94 6858.94 0.0 104461.5952
6873.08 6873.08 0.0 104462.4646
6887.22 6887.22 0.0 104463.3547
6901.36 6901.36 0.0 104464.2666
6915.5 6915.5 0.0 104465.1931
6929.65 6929.65 0.0 104466.1414
6943.79 6943.79 0.0 104467.1018
6957.93 6957.93 0.0 104468.0845
6972.07 6972.07 0.0 104469.0857
6986.21 6986.21 0.0 104470.1023
