0.0 0.0 0.0 435542.3438
14.1421 14.1421 0.0 320273.7344
28.2843 28.2843 0.0 305103.2031
42.4264 42.4264 0.0 280716.0000
56.5685 56.5685 0.0 257194.6406
70.7107 70.7107 0.0 236740.0312
84.8528 84.8528 0.0 219481.1250
98.9949 98.9949 0.0 205020.3984
113.137 113.137 0.0 192883.7188
127.279 127.279 0.0 182645.5312
141.421 141.421 0.0 173953.7500
155.563 155.563 0.0 166525.5312
169.706 169.706 0.0 160135.1211
183.848 183.848 0.0 154604.0781
197.99 197.99 0.0 149788.4414
212.132 212.132 0.0 145572.7969
226.274 226.274 0.0 141863.6523
240.416 240.416 0.0 138584.8164
254.558 254.558 0.0 135673.7305
268.701 268.701 0.0 133078.4238
282.843 282.843 0.0 130756.2637
296.985 296.985 0.0 128671.0176
311.127 311.127 0.0 126792.3105
325.269 325.269 0.0 125094.4902
339.411 339.411 0.0 123555.7168
353.553 353.553 0.0 122157.2773
367.696 367.696 0.0 120883.0527
381.838 381.838 0.0 119719.3809
395.98 395.98 0.0 118654.1582
410.122 410.122 0.0 117676.9609
424.264 424.264 0.0 116778.7080
438.406 438.406 0.0 115951.3984
452.548 452.548 0.0 115188.0547
466.69 466.69 0.0 114482.4893
480.833 480.833 0.0 113829.1953
494.975 494.975 0.0 113223.4365
509.117 509.117 0.0 112660.8633
523.259 523.259 0.0 112137.6230
537.401 537.401 0.0 111650.3125
551.543 551.543 0.0 111195.8457
565.685 565.685 0.0 110771.4912
579.828 579.828 0.0 110374.7324
593.97 593.97 0.0 110003.3809
608.112 608.112 0.0 109655.4082
622.254 622.254 0.0 109328.9854
636.396 636.396 0.0 109022.4517
650.538 650.538 0.0 108734.3140
664.68 664.68 0.0 108463.1953
678.823 678.823 0.0 108207.8418
692.965 692.965 0.0 107967.1489
707.107 707.107 0.0 107740.0552
721.249 721.249 0.0 107525.6162
735.391 735.391 0.0 107322.9556
749.533 749.533 0.0 107131.2744
763.675 763.675 0.0 106949.8389
777.817 777.817 0.0 106777.9727
791.96 791.96 0.0 106615.0386
806.102 806.102 0.0 106460.4810
820.244 820.244 0.0 106313.7651
834.386 834.386 0.0 106174.3926
848.528 848.528 0.0 106041.9106
862.67 862.67 0.0 105915.8975
876.812 876.812 0.0 105795.9629
890.955 890.955 0.0 105681.7378
905.097 905.097 0.0 105572.8989
919.239 919.239 0.0 105469.1177
933.381 933.381 0.0 105370.1191
947.523 947.523 0.0 105275.6135
961.665 961.665 0.0 105185.3518
975.807 975.807 0.0 105099.1064
989.949 989.949 0.0 105016.6411
1004.09 1004.09 0.0 104937.7690
1018.23 1018.23 0.0 104862.2861
1032.38 1032.38 0.0 104789.9541
1046.52 1046.52 0.0 104720.7129
1060.66 1060.66 0.0 104654.3459
1074.8 1074.8 0.0 104590.7039
1088.94 1088.94 0.0 104529.6504
1103.09 1103.09 0.0 104471.0068
1117.23 1117.23 0.0 104414.7375
1131.37 1131.37 0.0 104360.6799
1145.51 1145.51 0.0 104308.7271
1159.66 1159.66 0.0 104258.7402
1173.8 1173.8 0.0 104210.6912
1187.94 1187.94 0.0 104164.4531
1202.08 1202.08 0.0 104119.9390
1216.22 1216.22 0.0 104077.0679
1230.37 1230.37 0.0 104035.7314
1244.51 1244.51 0.0 103995.9180
1258.65 1258.65 0.0 103957.5264
1272.79 1272.79 0.0 103920.4946
1286.93 1286.93 0.0 103884.7571
1301.08 1301.08 0.0 103850.2346
1315.22 1315.22 0.0 103816.9180
1329.36 1329.36 0.0 103784.7324
1343.5 1343.5 0.0 103753.6270
1357.65 1357.65 0.0 103723.5347
1371.79 1371.79 0.0 103694.4514
1385.93 1385.93 0.0 103666.3120
1400.07 1400.07 0.0 103639.0808
1414.21 1414.21 0.0 103612.7183
1428.36 1428.36 0.0 103587.1665
1442.5 1442.5 0.0 103562.4324
1456.64 1456.64 0.0 103538.4619
1470.78 1470.78 0.0 103515.2224
1484.92 1484.92 0.0 103492.6873
1499.07 1499.07 0.0 103470.8120
1513.21 1513.21 0.0 103449.5974
1527.35 1527.35 0.0 103429.0071
1541.49 1541.49 0.0 103409.0151
1555.63 1555.63 0.0 103389.5967
1569.78 1569.78 0.0 103370.7192
1583.92 1583.92 0.0 103352.3851
1598.06 1598.06 0.0 103334.5646
1612.2 1612.2 0.0 103317.2355
1626.35 1626.35 0.0 103300.3680
1640.49 1640.49 0.0 103283.9690
1654.63 1654.63 0.0 103268.0085
1668.77 1668.77 0.0 103252.4717
1682.91 1682.91 0.0 103237.3470
1697.06 1697.06 0.0 103222.6029
1711.2 1711.2 0.0 103208.2515
1725.34 1725.34 0.0 103194.2648
1739.48 1739.48 0.0 103180.6340
1753.62 1753.62 0.0 103167.3446
1767.77 1767.77 0.0 103154.3770
1781.91 1781.91 0.0 103141.7375
1796.05 1796.05 0.0 103129.4082
1810.19 1810.19 0.0 103117.3765
1824.34 1824.34 0.0 103105.6261
1838.48 1838.48 0.0 103094.1642
1852.62 1852.62 0.0 103082.9712
1866.76 1866.76 0.0 103072.0403
1880.9 1880.9 0.0 103061.3644
1895.05 1895.05 0.0 103050.9263
1909.19 1909.19 0.0 103040.7355
1923.33 1923.33 0.0 103030.7765
1937.47 1937.47 0.0 103021.0398
1951.61 1951.61 0.0 103011.5221
1965.76 1965.76 0.0 103002.2108
1979.9 1979.9 0.0 102993.1094
1994.04 1994.04 0.0 102984.2089
2008.18 2008.18 0.0 102975.5028
2022.33 2022.33 0.0 102966.9762
2036.47 2036.47 0.0 102958.6416
2050.61 2050.61 0.0 102950.4832
2064.75 2064.75 0.0 102942.5004
2078.89 2078.89 0.0 102934.6854
2093.04 2093.04 0.0 102927.0297
2107.18 2107.18 0.0 102919.5410
2121.32 2121.32 0.0 102912.2043
2135.46 2135.46 0.0 102905.0237
2149.6 2149.6 0.0 102897.9891
2163.75 2163.75 0.0 102891.0950
2177.89 2177.89 0.0 102884.3475
2192.03 2192.03 0.0 102877.7366
2206.17 2206.17 0.0 102871.2618
2220.32 2220.32 0.0 102864.9115
2234.46 2234.46 0.0 102858.6962
2248.6 2248.6 0.0 102852.6050
2262.74 2262.74 0.0 102846.6381
2276.88 2276.88 0.0 102840.7882
2291.03 2291.03 0.0 102835.0536
2305.17 2305.17 0.0 102829.4384
2319.31 2319.31 0.0 102823.9337
2333.45 2333.45 0.0 102818.5392
2347.59 2347.59 0.0 102813.2532
2361.74 2361.74 0.0 102808.0665
2375.88 2375.88 0.0 102802.9900
2390.02 2390.02 0.0 102798.0131
2404.16 2404.16 0.0 102793.1370
2418.31 2418.31 0.0 102788.3513
2432.45 2432.45 0.0 102783.6669
2446.59 2446.59 0.0 102779.0759
2460.73 2460.73 0.0 102774.5771
2474.87 2474.87 0.0 102770.1675
2489.02 2489.02 0.0 102765.8439
2503.16 2503.16 0.0 102761.6107
2517.3 2517.3 0.0 102757.4636
2531.44 2531.44 0.0 102753.3993
2545.58 2545.58 0.0 102749.4178
2559.73 2559.73 0.0 102745.5155
2573.87 2573.87 0.0 102741.6943
2588.01 2588.01 0.0 102737.9520
2602.15 2602.15 0.0 102734.2869
2616.3 2616.3 0.0 102730.6953
2630.44 2630.44 0.0 102727.1799
2644.58 2644.58 0.0 102723.7405
2658.72 2658.72 0.0 102720.3721
2672.86 2672.86 0.0 102717.0747
2687.01 2687.01 0.0 102713.8455
2701.15 2701.15 0.0 102710.6869
2715.29 2715.29 0.0 102707.5981
2729.43 2729.43 0.0 102704.5750
2743.57 2743.57 0.0 102701.6187
2757.72 2757.72 0.0 102698.7255
2771.86 2771.86 0.0 102695.8993
2786.0 2786.0 0.0 102693.1362
2800.14 2800.14 0.0 102690.4360
2814.28 2814.28 0.0 102687.7969
2828.43 2828.43 0.0 102685.2168
2842.57 2842.57 0.0 102682.6984
2856.71 2856.71 0.0 102680.2390
2870.85 2870.85 0.0 102677.8406
2885.0 2885.0 0.0 102675.4961
2899.14 2899.14 0.0 102673.2117
2913.28 2913.28 0.0 102670.9810
2927.42 2927.42 0.0 102668.8098
2941.56 2941.56 0.0 102666.6892
2955.71 2955.71 0.0 102664.6245
2969.85 2969.85 0.0 102662.6133
2983.99 2983.99 0.0 102660.6559
2998.13 2998.13 0.0 102658.7499
3012.27 3012.27 0.0 102656.8960
3026.42 3026.42 0.0 102655.0935
3040.56 3040.56 0.0 102653.3416
3054.7 3054.7 0.0 102651.6399
3068.84 3068.84 0.0 102649.9872
3082.99 3082.99 0.0 102648.3818
3097.13 3097.13 0.0 102646.8278
3111.27 3111.27 0.0 102645.3192
