0.0 0.0 0.0 636663.8750
14.1421 14.1421 0.0 1014595.3125
28.2843 28.2843 0.0 572051.4062
42.4264 42.4264 0.0 361311.1562
56.5685 56.5685 0.0 262031.4844
70.7107 70.7107 0.0 210233.3594
84.8528 84.8528 0.0 180291.7812
98.9949 98.9949 0.0 161474.4062
113.137 113.137 0.0 148850.3164
127.279 127.279 0.0 139939.4219
141.421 141.421 0.0 133392.6230
155.563 155.563 0.0 128426.4531
169.706 169.706 0.0 124560.0469
183.848 183.848 0.0 121485.2812
197.99 197.99 0.0 118995.8242
212.132 212.132 0.0 116949.6133
226.274 226.274 0.0 115245.8340
240.416 240.416 0.0 113811.2422
254.558 254.558 0.0 112591.4492
268.701 268.701 0.0 111545.2822
282.843 282.843 0.0 110641.2900
296.985 296.985 0.0 109854.7422
311.127 311.127 0.0 109166.1729
325.269 325.269 0.0 108560.0137
339.411 339.411 0.0 108023.7070
353.553 353.553 0.0 107546.9990
367.696 367.696 0.0 107121.4380
381.838 381.838 0.0 106740.0947
395.98 395.98 0.0 106397.1104
410.122 410.122 0.0 106087.5737
424.264 424.264 0.0 105807.3389
438.406 438.406 0.0 105552.8872
452.548 452.548 0.0 105321.1929
466.69 466.69 0.0 105109.6760
480.833 480.833 0.0 104916.0710
494.975 494.975 0.0 104738.4785
509.117 509.117 0.0 104575.1938
523.259 523.259 0.0 104424.7449
537.401 537.401 0.0 104285.8376
551.543 551.543 0.0 104157.3323
565.685 565.685 0.0 104038.2329
579.828 579.828 0.0 103927.6426
593.97 593.97 0.0 103824.7891
608.112 608.112 0.0 103728.9670
622.254 622.254 0.0 103639.5493
636.396 636.396 0.0 103555.9751
650.538 650.538 0.0 103477.7500
664.68 664.68 0.0 103404.4241
678.823 678.823 0.0 103335.5872
692.965 692.965 0.0 103270.8828
707.107 707.107 0.0 103209.9811
721.249 721.249 0.0 103152.5842
735.391 735.391 0.0 103098.4224
749.533 749.533 0.0 103047.2496
763.675 763.675 0.0 102998.8445
777.817 777.817 0.0 102953.0044
791.96 791.96 0.0 102909.5417
806.102 806.102 0.0 102868.2948
820.244 820.244 0.0 102829.1064
834.386 834.386 0.0 102791.8334
848.528 848.528 0.0 102756.3501
862.67 862.67 0.0 102722.5361
876.812 876.812 0.0 102690.2825
890.955 890.955 0.0 102659.4861
905.097 905.097 0.0 102630.0609
919.239 919.239 0.0 102601.9187
933.381 933.381 0.0 102574.9792
947.523 947.523 0.0 102549.1726
961.665 961.665 0.0 102524.4314
975.807 975.807 0.0 102500.6945
989.949 989.949 0.0 102477.9016
1004.09 1004.09 0.0 102456.0032
1018.23 1018.23 0.0 102434.9487
1032.38 1032.38 0.0 102414.6764
1046.52 1046.52 0.0 102395.1746
1060.66 1060.66 0.0 102376.3862
1074.8 1074.8 0.0 102358.2742
1088.94 1088.94 0.0 102340.8047
1103.09 1103.09 0.0 102323.9345
1117.23 1117.23 0.0 102307.6575
1131.37 1131.37 0.0 102291.9334
1145.51 1145.51 0.0 102276.7336
1159.66 1159.66 0.0 102262.0273
1173.8 1173.8 0.0 102247.8080
1187.94 1187.94 0.0 102234.0460
1202.08 1202.08 0.0 102220.7202
1216.22 1216.22 0.0 102207.8113
1230.37 1230.37 0.0 102195.2929
1244.51 1244.51 0.0 102183.1662
1258.65 1258.65 0.0 102171.4064
1272.79 1272.79 0.0 102159.9980
1286.93 1286.93 0.0 102148.9259
1301.08 1301.08 0.0 102138.1699
1315.22 1315.22 0.0 102127.7344
1329.36 1329.36 0.0 102117.5979
1343.5 1343.5 0.0 102107.7490
1357.65 1357.65 0.0 102098.1710
1371.79 1371.79 0.0 102088.8670
1385.93 1385.93 0.0 102079.8192
1400.07 1400.07 0.0 102071.0217
1414.21 1414.21 0.0 102062.4629
1428.36 1428.36 0.0 102054.1298
1442.5 1442.5 0.0 102046.0258
1456.64 1456.64 0.0 102038.1386
1470.78 1470.78 0.0 102030.4597
1484.92 1484.92 0.0 102022.9833
1499.07 1499.07 0.0 102015.6967
1513.21 1513.21 0.0 102008.6047
1527.35 1527.35 0.0 102001.6965
1541.49 1541.49 0.0 101994.9663
1555.63 1555.63 0.0 101988.4080
1569.78 1569.78 0.0 101982.0126
1583.92 1583.92 0.0 101975.7836
1598.06 1598.06 0.0 101969.7126
1612.2 1612.2 0.0 101963.7935
1626.35 1626.35 0.0 101958.0187
1640.49 1640.49 0.0 101952.3923
1654.63 1654.63 0.0 101946.9069
1668.77 1668.77 0.0 101941.5568
1682.91 1682.91 0.0 101936.3387
1697.06 1697.06 0.0 101931.2456
1711.2 1711.2 0.0 101926.2820
1725.34 1725.34 0.0 101921.4402
1739.48 1739.48 0.0 101916.7182
1753.62 1753.62 0.0 101912.1102
1767.77 1767.77 0.0 101907.6118
1781.91 1781.91 0.0 101903.2263
1796.05 1796.05 0.0 101898.9484
1810.19 1810.19 0.0 101894.7745
1824.34 1824.34 0.0 101890.6984
1838.48 1838.48 0.0 101886.7234
1852.62 1852.62 0.0 101882.8466
1866.76 1866.76 0.0 101879.0627
1880.9 1880.9 0.0 101875.3709
1895.05 1895.05 0.0 101871.7656
1909.19 1909.19 0.0 101868.2510
1923.33 1923.33 0.0 101864.8212
1937.47 1937.47 0.0 101861.4747
1951.61 1951.61 0.0 101858.2101
1965.76 1965.76 0.0 101855.0215
1979.9 1979.9 0.0 101851.9128
1994.04 1994.04 0.0 101848.8799
2008.18 2008.18 0.0 101845.9214
2022.33 2022.33 0.0 101843.0329
2036.47 2036.47 0.0 101840.2174
2050.61 2050.61 0.0 101837.4705
2064.75 2064.75 0.0 101834.7907
2078.89 2078.89 0.0 101832.1771
2093.04 2093.04 0.0 101829.6265
2107.18 2107.18 0.0 101827.1404
2121.32 2121.32 0.0 101824.7154
2135.46 2135.46 0.0 101822.3511
2149.6 2149.6 0.0 101820.0463
2163.75 2163.75 0.0 101817.7971
2177.89 2177.89 0.0 101815.6066
2192.03 2192.03 0.0 101813.4705
2206.17 2206.17 0.0 101811.3883
2220.32 2220.32 0.0 101809.3578
2234.46 2234.46 0.0 101807.3805
2248.6 2248.6 0.0 101805.4539
2262.74 2262.74 0.0 101803.5768
2276.88 2276.88 0.0 101801.7495
2291.03 2291.03 0.0 101799.9666
2305.17 2305.17 0.0 101798.2333
2319.31 2319.31 0.0 101796.5443
2333.45 2333.45 0.0 101794.9003
2347.59 2347.59 0.0 101793.3011
2361.74 2361.74 0.0 101791.7416
2375.88 2375.88 0.0 101790.2270
2390.02 2390.02 0.0 101788.7536
2404.16 2404.16 0.0 101787.3192
2418.31 2418.31 0.0 101785.9242
2432.45 2432.45 0.0 101784.5691
2446.59 2446.59 0.0 101783.2521
2460.73 2460.73 0.0 101781.9720
2474.87 2474.87 0.0 101780.7289
2489.02 2489.02 0.0 101779.5195
2503.16 2503.16 0.0 101778.3470
2517.3 2517.3 0.0 101777.2092
2531.44 2531.44 0.0 101776.1044
2545.58 2545.58 0.0 101775.0330
2559.73 2559.73 0.0 101773.9937
2573.87 2573.87 0.0 101772.9862
2588.01 2588.01 0.0 101772.0113
2602.15 2602.15 0.0 101771.0648
2616.3 2616.3 0.0 101770.1501
2630.44 2630.44 0.0 101769.2643
2644.58 2644.58 0.0 101768.4074
2658.72 2658.72 0.0 101767.5797
2672.86 2672.86 0.0 101766.7793
2687.01 2687.01 0.0 101766.0052
2701.15 2701.15 0.0 101765.2596
2715.29 2715.29 0.0 101764.5391
2729.43 2729.43 0.0 101763.8456
2743.57 2743.57 0.0 101763.1768
2757.72 2757.72 0.0 101762.5329
2771.86 2771.86 0.0 101761.9132
2786.0 2786.0 0.0 101761.3181
2800.14 2800.14 0.0 101760.7460
2814.28 2814.28 0.0 101760.1978
2828.43 2828.43 0.0 101759.6715
2842.57 2842.57 0.0 101759.1672
2856.71 2856.71 0.0 101758.6852
2870.85 2870.85 0.0 101758.2256
2885.0 2885.0 0.0 101757.7853
2899.14 2899.14 0.0 101757.3665
2913.28 2913.28 0.0 101756.9674
2927.42 2927.42 0.0 101756.5887
2941.56 2941.56 0.0 101756.2300
2955.71 2955.71 0.0 101755.8892
2969.85 2969.85 0.0 101755.5689
2983.99 2983.99 0.0 101755.2664
2998.13 2998.13 0.0 101754.9812
3012.27 3012.27 0.0 101754.7142
3026.42 3026.42 0.0 101754.4641
3040.56 3040.56 0.0 101754.2324
3054.7 3054.7 0.0 101754.0162
3068.84 3068.84 0.0 101753.8174
3082.99 3082.99 0.0 101753.6343
3097.13 3097.13 0.0 101753.4674
3111.27 3111.27 0.0 101753.3152
