0.0 0.0 0.0 812026.8125
70.7107 70.7107 0.0 178723.9844
141.421 141.421 0.0 122717.5098
212.132 212.132 0.0 111980.7900
282.843 282.843 0.0 107867.2251
353.553 353.553 0.0 105824.9795
424.264 424.264 0.0 104658.1042
494.975 494.975 0.0 103927.7031
565.685 565.685 0.0 103439.3511
636.396 636.396 0.0 103095.7478
707.107 707.107 0.0 102843.8478
777.817 777.817 0.0 102652.8124
848.528 848.528 0.0 102503.7700
919.239 919.239 0.0 102384.7129
989.949 989.949 0.0 102287.7194
1060.66 1060.66 0.0 102207.4045
1131.37 1131.37 0.0 102140.0053
1202.08 1202.08 0.0 102082.8334
1272.79 1272.79 0.0 102033.9112
1343.5 1343.5 0.0 101991.7615
1414.21 1414.21 0.0 101955.2516
1484.92 1484.92 0.0 101923.4982
1555.63 1555.63 0.0 101895.8013
1626.35 1626.35 0.0 101871.5912
1697.06 1697.06 0.0 101850.4118
1767.77 1767.77 0.0 101831.8750
1838.48 1838.48 0.0 101815.6569
1909.19 1909.19 0.0 101801.4857
1979.9 1979.9 0.0 101789.1252
2050.61 2050.61 0.0 101778.3753
2121.32 2121.32 0.0 101769.0617
2192.03 2192.03 0.0 101761.0307
2262.74 2262.74 0.0 101754.1498
2333.45 2333.45 0.0 101748.3019
2404.16 2404.16 0.0 101743.3860
2474.87 2474.87 0.0 101739.3099
2545.58 2545.58 0.0 101735.9943
2616.3 2616.3 0.0 101733.3664
2687.01 2687.01 0.0 101731.3639
2757.72 2757.72 0.0 101729.9301
2828.43 2828.43 0.0 101729.0134
2899.14 2899.14 0.0 101728.5676
2969.85 2969.85 0.0 101728.5522
3040.56 3040.56 0.0 101728.9270
3111.27 3111.27 0.0 101729.6582
