0.0 0.0 0.0 1095992.5000
14.1421 14.1421 0.0 1251482.0000
28.2843 28.2843 0.0 1248037.0000
42.4264 42.4264 0.0 1231667.2500
56.5685 56.5685 0.0 1212947.8750
70.7107 70.7107 0.0 1190944.5000
84.8528 84.8528 0.0 1163833.2500
98.9949 98.9949 0.0 1132683.8125
113.137 113.137 0.0 1099324.6250
127.279 127.279 0.0 1064983.1875
141.421 141.421 0.0 1030246.0625
155.563 155.563 0.0 995336.3750
169.706 169.706 0.0 960328.3125
183.848 183.848 0.0 925263.3750
197.99 197.99 0.0 890189.8125
212.132 212.132 0.0 855189.6875
226.274 226.274 0.0 820378.7500
240.416 240.416 0.0 785899.0625
254.558 254.558 0.0 751910.5000
268.701 268.701 0.0 718576.6250
282.843 282.843 0.0 686069.3125
296.985 296.985 0.0 654539.6250
311.127 311.127 0.0 624125.6875
325.269 325.269 0.0 594944.0625
339.411 339.411 0.0 567087.5000
353.553 353.553 0.0 540622.0625
367.696 367.696 0.0 515586.8438
381.838 381.838 0.0 492003.6250
395.98 395.98 0.0 469864.3750
410.122 410.122 0.0 449145.6562
424.264 424.264 0.0 429806.5000
438.406 438.406 0.0 411793.8438
452.548 452.548 0.0 395045.1875
466.69 466.69 0.0 379490.7188
480.833 480.833 0.0 365056.8750
494.975 494.975 0.0 351670.6406
509.117 509.117 0.0 339256.4062
523.259 523.259 0.0 327741.5625
537.401 537.401 0.0 317055.9375
551.543 551.543 0.0 307133.1406
565.685 565.685 0.0 297910.5938
579.828 579.828 0.0 289329.8125
593.97 593.97 0.0 281337.9531
608.112 608.112 0.0 273884.9844
622.254 622.254 0.0 266925.4531
636.396 636.396 0.0 260417.9844
650.538 650.538 0.0 254324.6406
664.68 664.68 0.0 248610.9219
678.823 678.823 0.0 243245.3750
692.965 692.965 0.0 238200.0938
707.107 707.107 0.0 233448.9219
721.249 721.249 0.0 228968.1406
735.391 735.391 0.0 224736.2109
749.533 749.533 0.0 220733.6641
763.675 763.675 0.0 216942.3750
777.817 777.817 0.0 213345.9141
791.96 791.96 0.0 209929.0234
806.102 806.102 0.0 206678.3594
820.244 820.244 0.0 203580.8984
834.386 834.386 0.0 200625.0391
848.528 848.528 0.0 197800.0547
862.67 862.67 0.0 195096.1875
876.812 876.812 0.0 192504.3359
890.955 890.955 0.0 190016.1953
905.097 905.097 0.0 187624.6797
919.239 919.239 0.0 185322.8359
933.381 933.381 0.0 183104.6016
947.523 947.523 0.0 180964.6094
961.665 961.665 0.0 178898.0469
975.807 975.807 0.0 176900.7422
989.949 989.949 0.0 174969.0547
1004.09 1004.09 0.0 173100.0312
1018.23 1018.23 0.0 171291.0938
1032.38 1032.38 0.0 169538.7031
1046.52 1046.52 0.0 167843.5703
1060.66 1060.66 0.0 166203.0547
1074.8 1074.8 0.0 164616.1172
1088.94 1088.94 0.0 163081.8047
1103.09 1103.09 0.0 161598.4375
1117.23 1117.23 0.0 160167.7148
1131.37 1131.37 0.0 158788.0391
1145.51 1145.51 0.0 157459.1328
1159.66 1159.66 0.0 156179.7344
1173.8 1173.8 0.0 154951.2734
1187.94 1187.94 0.0 153772.4297
1202.08 1202.08 0.0 152642.7383
1216.22 1216.22 0.0 151561.6172
1230.37 1230.37 0.0 150527.6523
1244.51 1244.51 0.0 149541.4492
1258.65 1258.65 0.0 148601.3438
1272.79 1272.79 0.0 147706.1641
1286.93 1286.93 0.0 146854.6328
1301.08 1301.08 0.0 146044.7188
1315.22 1315.22 0.0 145275.8633
1329.36 1329.36 0.0 144545.6367
1343.5 1343.5 0.0 143851.9922
1357.65 1357.65 0.0 143192.2070
1371.79 1371.79 0.0 142564.8086
1385.93 1385.93 0.0 141966.7344
1400.07 1400.07 0.0 141395.2383
1414.21 1414.21 0.0 140847.5430
1428.36 1428.36 0.0 140320.4062
1442.5 1442.5 0.0 139811.7383
1456.64 1456.64 0.0 139318.3008
1470.78 1470.78 0.0 138837.4609
1484.92 1484.92 0.0 138366.6992
1499.07 1499.07 0.0 137903.4180
1513.21 1513.21 0.0 137446.3008
1527.35 1527.35 0.0 136993.3750
1541.49 1541.49 0.0 136543.3242
1555.63 1555.63 0.0 136095.1914
1569.78 1569.78 0.0 135648.0391
1583.92 1583.92 0.0 135202.2500
1598.06 1598.06 0.0 134757.5117
1612.2 1612.2 0.0 134314.1094
1626.35 1626.35 0.0 133872.1973
1640.49 1640.49 0.0 133433.0234
1654.63 1654.63 0.0 132997.0117
1668.77 1668.77 0.0 132564.9199
1682.91 1682.91 0.0 132137.5273
1697.06 1697.06 0.0 131715.2891
1711.2 1711.2 0.0 131299.4961
1725.34 1725.34 0.0 130890.4551
1739.48 1739.48 0.0 130488.7012
1753.62 1753.62 0.0 130094.6562
1767.77 1767.77 0.0 129708.3633
1781.91 1781.91 0.0 129330.6211
1796.05 1796.05 0.0 128961.2930
1810.19 1810.19 0.0 128600.4453
1824.34 1824.34 0.0 128247.8242
1838.48 1838.48 0.0 127903.8770
1852.62 1852.62 0.0 127568.2148
1866.76 1866.76 0.0 127240.7070
1880.9 1880.9 0.0 126921.1367
1895.05 1895.05 0.0 126609.1016
1909.19 1909.19 0.0 126304.8281
1923.33 1923.33 0.0 126007.8320
1937.47 1937.47 0.0 125717.8828
1951.61 1951.61 0.0 125434.7305
1965.76 1965.76 0.0 125157.9355
1979.9 1979.9 0.0 124887.6543
1994.04 1994.04 0.0 124623.4531
2008.18 2008.18 0.0 124365.1055
2022.33 2022.33 0.0 124112.1836
2036.47 2036.47 0.0 123864.8809
2050.61 2050.61 0.0 123622.7715
2064.75 2064.75 0.0 123385.6680
2078.89 2078.89 0.0 123153.3848
2093.04 2093.04 0.0 122925.5684
2107.18 2107.18 0.0 122702.3594
2121.32 2121.32 0.0 122483.4316
2135.46 2135.46 0.0 122268.5977
2149.6 2149.6 0.0 122057.7168
2163.75 2163.75 0.0 121850.4746
2177.89 2177.89 0.0 121646.9941
2192.03 2192.03 0.0 121446.9785
2206.17 2206.17 0.0 121250.2812
2220.32 2220.32 0.0 121056.6133
2234.46 2234.46 0.0 120866.0996
2248.6 2248.6 0.0 120678.4434
2262.74 2262.74 0.0 120493.5176
2276.88 2276.88 0.0 120311.1855
2291.03 2291.03 0.0 120131.1719
2305.17 2305.17 0.0 119953.6094
2319.31 2319.31 0.0 119778.2402
2333.45 2333.45 0.0 119604.9355
2347.59 2347.59 0.0 119433.5859
2361.74 2361.74 0.0 119263.9688
2375.88 2375.88 0.0 119096.1914
2390.02 2390.02 0.0 118930.0566
2404.16 2404.16 0.0 118765.4805
2418.31 2418.31 0.0 118602.2422
2432.45 2432.45 0.0 118440.5098
2446.59 2446.59 0.0 118280.0918
2460.73 2460.73 0.0 118120.9316
2474.87 2474.87 0.0 117962.9727
2489.02 2489.02 0.0 117806.0547
2503.16 2503.16 0.0 117650.3789
2517.3 2517.3 0.0 117495.7793
2531.44 2531.44 0.0 117342.2285
2545.58 2545.58 0.0 117189.7148
2559.73 2559.73 0.0 117038.1270
2573.87 2573.87 0.0 116887.6523
2588.01 2588.01 0.0 116738.2002
2602.15 2602.15 0.0 116589.7461
2616.3 2616.3 0.0 116442.2090
2630.44 2630.44 0.0 116295.8057
2644.58 2644.58 0.0 116150.4502
2658.72 2658.72 0.0 116006.1426
2672.86 2672.86 0.0 115862.9121
2687.01 2687.01 0.0 115720.6865
2701.15 2701.15 0.0 115579.6748
2715.29 2715.29 0.0 115439.8066
2729.43 2729.43 0.0 115301.1104
2743.57 2743.57 0.0 115163.5967
2757.72 2757.72 0.0 115027.2256
2771.86 2771.86 0.0 114892.1953
2786.0 2786.0 0.0 114758.4424
2800.14 2800.14 0.0 114626.0000
2814.28 2814.28 0.0 114494.8926
2828.43 2828.43 0.0 114365.0557
2842.57 2842.57 0.0 114236.6924
2856.71 2856.71 0.0 114109.7480
2870.85 2870.85 0.0 113984.2432
2885.0 2885.0 0.0 113860.1152
2899.14 2899.14 0.0 113737.5625
2913.28 2913.28 0.0 113616.5332
2927.42 2927.42 0.0 113497.0215
2941.56 2941.56 0.0 113379.0781
2955.71 2955.71 0.0 113262.6094
2969.85 2969.85 0.0 113147.8184
2983.99 2983.99 0.0 113034.6367
2998.13 2998.13 0.0 112923.0723
3012.27 3012.27 0.0 112813.1406
3026.42 3026.42 0.0 112704.7852
3040.56 3040.56 0.0 112598.1611
3054.7 3054.7 0.0 112493.2090
3068.84 3068.84 0.0 112389.9424
3082.99 3082.99 0.0 112288.2852
3097.13 3097.13 0.0 112188.3975
3111.27 3111.27 0.0 112090.2051
3125.41 3125.41 0.0 111993.7168
3139.55 3139.55 0.0 111898.9346
3153.7 3153.7 0.0 111805.7910
3167.84 3167.84 0.0 111714.4258
3181.98 3181.98 0.0 111624.7705
3196.12 3196.12 0.0 111536.8096
3210.26 3210.26 0.0 111450.5576
3224.41 3224.41 0.0 111365.9404
3238.55 3238.55 0.0 111283.0811
3252.69 3252.69 0.0 111201.9131
3266.83 3266.83 0.0 111122.4209
3280.98 3280.98 0.0 111044.5498
3295.12 3295.12 0.0 110968.4023
3309.26 3309.26 0.0 110893.9092
3323.4 3323.4 0.0 110821.0664
3337.54 3337.54 0.0 110749.8545
3351.69 3351.69 0.0 110680.2158
3365.83 3365.83 0.0 110612.2490
3379.97 3379.97 0.0 110545.8682
3394.11 3394.11 0.0 110481.0762
3408.25 3408.25 0.0 110417.8516
3422.4 3422.4 0.0 110356.1328
3436.54 3436.54 0.0 110296.0020
3450.68 3450.68 0.0 110237.3906
3464.82 3464.82 0.0 110180.2881
3478.97 3478.97 0.0 110124.6348
3493.11 3493.11 0.0 110070.4844
3507.25 3507.25 0.0 110017.7891
3521.39 3521.39 0.0 109966.5205
3535.53 3535.53 0.0 109916.6670
3549.68 3549.68 0.0 109868.1699
3563.82 3563.82 0.0 109821.0801
3577.96 3577.96 0.0 109775.3477
3592.1 3592.1 0.0 109730.9414
3606.24 3606.24 0.0 109687.8408
3620.39 3620.39 0.0 109646.0107
3634.53 3634.53 0.0 109605.4736
3648.67 3648.67 0.0 109566.1758
3662.81 3662.81 0.0 109528.1016
3676.96 3676.96 0.0 109491.2041
3691.1 3691.1 0.0 109455.5112
3705.24 3705.24 0.0 109420.9688
3719.38 3719.38 0.0 109387.5601
3733.52 3733.52 0.0 109355.2607
3747.67 3747.67 0.0 109324.0264
3761.81 3761.81 0.0 109293.8765
3775.95 3775.95 0.0 109264.7642
3790.09 3790.09 0.0 109236.6670
3804.23 3804.23 0.0 109209.5610
3818.38 3818.38 0.0 109183.4048
3832.52 3832.52 0.0 109158.2100
3846.66 3846.66 0.0 109133.9370
3860.8 3860.8 0.0 109110.5605
3874.95 3874.95 0.0 109088.0386
3889.09 3889.09 0.0 109066.3794
3903.23 3903.23 0.0 109045.5474
3917.37 3917.37 0.0 109025.5132
3931.51 3931.51 0.0 109006.2495
3945.66 3945.66 0.0 108987.7256
3959.8 3959.8 0.0 108969.9507
3973.94 3973.94 0.0 108952.8726
3988.08 3988.08 0.0 108936.4727
4002.22 4002.22 0.0 108920.7319
4016.37 4016.37 0.0 108905.6104
4030.51 4030.51 0.0 108891.1045
4044.65 4044.65 0.0 108877.1758
4058.79 4058.79 0.0 108863.8130
4072.94 4072.94 0.0 108850.9814
4087.08 4087.08 0.0 108838.6572
4101.22 4101.22 0.0 108826.8228
4115.36 4115.36 0.0 108815.4561
4129.5 4129.5 0.0 108804.5327
4143.65 4143.65 0.0 108794.0088
4157.79 4157.79 0.0 108783.8921
4171.93 4171.93 0.0 108774.1470
4186.07 4186.07 0.0 108764.7505
4200.21 4200.21 0.0 108755.6724
4214.36 4214.36 0.0 108746.9019
4228.5 4228.5 0.0 108738.4160
4242.64 4242.64 0.0 108730.1865
4256.78 4256.78 0.0 108722.2046
4270.92 4270.92 0.0 108714.4355
4285.07 4285.07 0.0 108706.8604
4299.21 4299.21 0.0 108699.4673
4313.35 4313.35 0.0 108692.2329
4327.49 4327.49 0.0 108685.1450
4341.64 4341.64 0.0 108678.1724
4355.78 4355.78 0.0 108671.3042
4369.92 4369.92 0.0 108664.5225
4384.06 4384.06 0.0 108657.8198
4398.2 4398.2 0.0 108651.1621
4412.35 4412.35 0.0 108644.5410
4426.49 4426.49 0.0 108637.9546
4440.63 4440.63 0.0 108631.3770
4454.77 4454.77 0.0 108624.7949
4468.91 4468.91 0.0 108618.2017
4483.06 4483.06 0.0 108611.5830
4497.2 4497.2 0.0 108604.9248
4511.34 4511.34 0.0 108598.2285
4525.48 4525.48 0.0 108591.4795
4539.63 4539.63 0.0 108584.6611
4553.77 4553.77 0.0 108577.7793
4567.91 4567.91 0.0 108570.8188
4582.05 4582.05 0.0 108563.7822
4596.19 4596.19 0.0 108556.6558
4610.34 4610.34 0.0 108549.4478
4624.48 4624.48 0.0 108542.1436
4638.62 4638.62 0.0 108534.7441
4652.76 4652.76 0.0 108527.2529
4666.9 4666.9 0.0 108519.6670
4681.05 4681.05 0.0 108511.9800
4695.19 4695.19 0.0 108504.1987
4709.33 4709.33 0.0 108496.3267
4723.47 4723.47 0.0 108488.3613
4737.62 4737.62 0.0 108480.2964
4751.76 4751.76 0.0 108472.1587
4765.9 4765.9 0.0 108463.9316
4780.04 4780.04 0.0 108455.6230
4794.18 4794.18 0.0 108447.2417
4808.33 4808.33 0.0 108438.7798
4822.47 4822.47 0.0 108430.2607
4836.61 4836.61 0.0 108421.6772
4850.75 4850.75 0.0 108413.0332
4864.89 4864.89 0.0 108404.3394
4879.04 4879.04 0.0 108395.5923
4893.18 4893.18 0.0 108386.8086
4907.32 4907.32 0.0 108377.9893
4921.46 4921.46 0.0 108369.1377
4935.61 4935.61 0.0 108360.2505
4949.75 4949.75 0.0 108351.3496
4963.89 4963.89 0.0 108342.4346
4978.03 4978.03 0.0 108333.5005
4992.17 4992.17 0.0 108324.5610
5006.32 5006.32 0.0 108315.6104
5020.46 5020.46 0.0 108306.6670
5034.6 5034.6 0.0 108297.7188
5048.74 5048.74 0.0 108288.7852
5062.88 5062.88 0.0 108279.8594
5077.03 5077.03 0.0 108270.9360
5091.17 5091.17 0.0 108262.0361
5105.31 5105.31 0.0 108253.1519
5119.45 5119.45 0.0 108244.2847
5133.6 5133.6 0.0 108235.4360
5147.74 5147.74 0.0 108226.6118
5161.88 5161.88 0.0 108217.8115
5176.02 5176.02 0.0 108209.0352
5190.16 5190.16 0.0 108200.2803
5204.31 5204.31 0.0 108191.5503
5218.45 5218.45 0.0 108182.8433
5232.59 5232.59 0.0 108174.1631
5246.73 5246.73 0.0 108165.5146
5260.87 5260.87 0.0 108156.8862
5275.02 5275.02 0.0 108148.2754
5289.16 5289.16 0.0 108139.6943
5303.3 5303.3 0.0 108131.1436
5317.44 5317.44 0.0 108122.6099
5331.59 5331.59 0.0 108114.0938
5345.73 5345.73 0.0 108105.5977
5359.87 5359.87 0.0 108097.1284
5374.01 5374.01 0.0 108088.6792
5388.15 5388.15 0.0 108080.2437
5402.3 5402.3 0.0 108071.8188
5416.44 5416.44 0.0 108063.4175
5430.58 5430.58 0.0 108055.0356
5444.72 5444.72 0.0 108046.6641
5458.86 5458.86 0.0 108038.3066
5473.01 5473.01 0.0 108029.9526
5487.15 5487.15 0.0 108021.6094
5501.29 5501.29 0.0 108013.2891
5515.43 5515.43 0.0 108004.9663
5529.58 5529.58 0.0 107996.6504
5543.72 5543.72 0.0 107988.3516
5557.86 5557.86 0.0 107980.0503
5572.0 5572.0 0.0 107971.7622
5586.14 5586.14 0.0 107963.4727
5600.29 5600.29 0.0 107955.1895
5614.43 5614.43 0.0 107946.9072
5628.57 5628.57 0.0 107938.6323
5642.71 5642.71 0.0 107930.3613
5656.85 5656.85 0.0 107922.0884
5671.0 5671.0 0.0 107913.8130
5685.14 5685.14 0.0 107905.5415
5699.28 5699.28 0.0 107897.2744
5713.42 5713.42 0.0 107889.0112
5727.56 5727.56 0.0 107880.7397
5741.71 5741.71 0.0 107872.4697
5755.85 5755.85 0.0 107864.2031
5769.99 5769.99 0.0 107855.9355
5784.13 5784.13 0.0 107847.6650
5798.28 5798.28 0.0 107839.3926
5812.42 5812.42 0.0 107831.1250
5826.56 5826.56 0.0 107822.8525
5840.7 5840.7 0.0 107814.5840
5854.84 5854.84 0.0 107806.3130
5868.99 5868.99 0.0 107798.0352
5883.13 5883.13 0.0 107789.7612
5897.27 5897.27 0.0 107781.4917
5911.41 5911.41 0.0 107773.2173
5925.55 5925.55 0.0 107764.9443
5939.7 5939.7 0.0 107756.6641
5953.84 5953.84 0.0 107748.3906
5967.98 5967.98 0.0 107740.1196
5982.12 5982.12 0.0 107731.8462
5996.27 5996.27 0.0 107723.5684
6010.41 6010.41 0.0 107715.2949
6024.55 6024.55 0.0 107707.0200
6038.69 6038.69 0.0 107698.7598
6052.83 6052.83 0.0 107690.4849
6066.98 6066.98 0.0 107682.2124
6081.12 6081.12 0.0 107673.9443
6095.26 6095.26 0.0 107665.6836
6109.4 6109.4 0.0 107657.4185
6123.54 6123.54 0.0 107649.1558
6137.69 6137.69 0.0 107640.8975
6151.83 6151.83 0.0 107632.6440
6165.97 6165.97 0.0 107624.3921
6180.11 6180.11 0.0 107616.1392
6194.26 6194.26 0.0 107607.8853
6208.4 6208.4 0.0 107599.6475
6222.54 6222.54 0.0 107591.4028
6236.68 6236.68 0.0 107583.1689
6250.82 6250.82 0.0 107574.9346
6264.97 6264.97 0.0 107566.7041
6279.11 6279.11 0.0 107558.4795
6293.25 6293.25 0.0 107550.2593
6307.39 6307.39 0.0 107542.0439
6321.53 6321.53 0.0 107533.8335
6335.68 6335.68 0.0 107525.6221
6349.82 6349.82 0.0 107517.4155
6363.96 6363.96 0.0 107509.2173
6378.1 6378.1 0.0 107501.0259
6392.25 6392.25 0.0 107492.8345
6406.39 6406.39 0.0 107484.6509
6420.53 6420.53 0.0 107476.4756
6434.67 6434.67 0.0 107468.3052
6448.81 6448.81 0.0 107460.1392
6462.96 6462.96 0.0 107451.9722
6477.1 6477.1 0.0 107443.8105
6491.24 6491.24 0.0 107435.6680
6505.38 6505.38 0.0 107427.5200
6519.52 6519.52 0.0 107419.3794
6533.67 6533.67 0.0 107411.2495
6547.81 6547.81 0.0 107403.1157
6561.95 6561.95 0.0 107394.9961
6576.09 6576.09 0.0 107386.8784
6590.24 6590.24 0.0 107378.7632
6604.38 6604.38 0.0 107370.6587
6618.52 6618.52 0.0 107362.5645
6632.66 6632.66 0.0 107354.4727
6646.8 6646.8 0.0 107346.3838
6660.95 6660.95 0.0 107338.2964
6675.09 6675.09 0.0 107330.2231
6689.23 6689.23 0.0 107322.1548
6703.37 6703.37 0.0 107314.1001
6717.51 6717.51 0.0 107306.0391
6731.66 6731.66 0.0 107297.9888
6745.8 6745.8 0.0 107289.9468
6759.94 6759.94 0.0 107281.9131
6774.08 6774.08 0.0 107273.8833
6788.23 6788.23 0.0 107265.8535
6802.37 6802.37 0.0 107257.8438
6816.51 6816.51 0.0 107249.8325
6830.65 6830.65 0.0 107241.8325
6844.79 6844.79 0.0 107233.8438
6858.94 6858.94 0.0 107225.8481
6873.08 6873.08 0.0 107217.8691
6887.22 6887.22 0.0 107209.8984
6901.36 6901.36 0.0 107201.9380
6915.5 6915.5 0.0 107193.9858
6929.65 6929.65 0.0 107186.0273
6943.79 6943.79 0.0 107178.0908
6957.93 6957.93 0.0 107170.1597
6972.07 6972.07 0.0 107162.2422
6986.21 6986.21 0.0 107154.3296
7000.36 7000.36 0.0 107146.4219
7014.5 7014.5 0.0 107138.5278
7028.64 7028.64 0.0 107130.6445
7042.78 7042.78 0.0 107122.7695
7056.93 7056.93 0.0 107114.9043
7071.07 7071.07 0.0 107107.0508
7085.21 7085.21 0.0 107099.2100
7099.35 7099.35 0.0 107091.3799
7113.49 7113.49 0.0 107083.5654
7127.64 7127.64 0.0 107075.7510
7141.78 7141.78 0.0 107067.9580
7155.92 7155.92 0.0 107060.1787
7170.06 7170.06 0.0 107052.4087
7184.2 7184.2 0.0 107044.6587
7198.35 7198.35 0.0 107036.9126
7212.49 7212.49 0.0 107029.1831
7226.63 7226.63 0.0 107021.4805
7240.77 7240.77 0.0 107013.7822
7254.92 7254.92 0.0 107006.0972
7269.06 7269.06 0.0 106998.4365
7283.2 7283.2 0.0 106990.7886
7297.34 7297.34 0.0 106983.1587
7311.48 7311.48 0.0 106975.5503
7325.63 7325.63 0.0 106967.9521
7339.77 7339.77 0.0 106960.3794
7353.91 7353.91 0.0 106952.8223
7368.05 7368.05 0.0 106945.2915
7382.19 7382.19 0.0 106937.7769
7396.34 7396.34 0.0 106930.2715
7410.48 7410.48 0.0 106922.8022
7424.62 7424.62 0.0 106915.3545
7438.76 7438.76 0.0 106907.9219
7452.91 7452.91 0.0 106900.5122
7467.05 7467.05 0.0 106893.1338
7481.19 7481.19 0.0 106885.7695
7495.33 7495.33 0.0 106878.4365
7509.47 7509.47 0.0 106871.1265
7523.62 7523.62 0.0 106863.8418
7537.76 7537.76 0.0 106856.5825
7551.9 7551.9 0.0 106849.3535
7566.04 7566.04 0.0 106842.1445
7580.18 7580.18 0.0 106834.9663
7594.33 7594.33 0.0 106827.8179
7608.47 7608.47 0.0 106820.6943
7622.61 7622.61 0.0 106813.6060
7636.75 7636.75 0.0 106806.5430
7650.9 7650.9 0.0 106799.5093
7665.04 7665.04 0.0 106792.5083
7679.18 7679.18 0.0 106785.5366
7693.32 7693.32 0.0 106778.5952
7707.46 7707.46 0.0 106771.6885
7721.61 7721.61 0.0 106764.8130
7735.75 7735.75 0.0 106757.9727
7749.89 7749.89 0.0 106751.1616
7764.03 7764.03 0.0 106744.3872
7778.17 7778.17 0.0 106737.6440
