0.0 0.0 0.0 200340.3125
14.1421 14.1421 0.0 197303.1719
28.2843 28.2843 0.0 183204.8125
42.4264 42.4264 0.0 170638.5078
56.5685 56.5685 0.0 160298.0117
70.7107 70.7107 0.0 151881.4023
84.8528 84.8528 0.0 145008.6641
98.9949 98.9949 0.0 139356.5664
113.137 113.137 0.0 134670.6602
127.279 127.279 0.0 130754.3789
141.421 141.421 0.0 127455.8359
155.563 155.563 0.0 124657.2910
169.706 169.706 0.0 122266.5059
183.848 183.848 0.0 120211.2676
197.99 197.99 0.0 118433.7617
212.132 212.132 0.0 116887.8301
226.274 226.274 0.0 115536.2637
240.416 240.416 0.0 114348.7998
254.558 254.558 0.0 113300.6875
268.701 268.701 0.0 112371.5029
282.843 282.843 0.0 111544.5020
296.985 296.985 0.0 110805.5537
311.127 311.127 0.0 110142.8936
325.269 325.269 0.0 109546.6113
339.411 339.411 0.0 109008.3223
353.553 353.553 0.0 108520.8979
367.696 367.696 0.0 108078.2310
381.838 381.838 0.0 107675.1636
395.98 395.98 0.0 107307.1738
410.122 410.122 0.0 106970.3853
424.264 424.264 0.0 106661.4331
438.406 438.406 0.0 106377.3760
452.548 452.548 0.0 106115.6719
466.69 466.69 0.0 105874.0625
480.833 480.833 0.0 105650.5771
494.975 494.975 0.0 105443.4961
509.117 509.117 0.0 105251.2734
523.259 523.259 0.0 105072.5459
537.401 537.401 0.0 104906.1030
551.543 551.543 0.0 104750.8633
565.685 565.685 0.0 104605.8640
579.828 579.828 0.0 104470.2385
593.97 593.97 0.0 104343.2183
608.112 608.112 0.0 104224.1052
622.254 622.254 0.0 104112.2678
636.396 636.396 0.0 104007.1362
650.538 650.538 0.0 103908.2058
664.68 664.68 0.0 103814.9998
678.823 678.823 0.0 103727.0947
692.965 692.965 0.0 103644.1165
707.107 707.107 0.0 103565.7085
721.249 721.249 0.0 103491.5498
735.391 735.391 0.0 103421.3521
749.533 749.533 0.0 103354.8378
763.675 763.675 0.0 103291.7654
777.817 777.817 0.0 103231.9124
791.96 791.96 0.0 103175.0607
806.102 806.102 0.0 103121.0289
820.244 820.244 0.0 103069.6383
834.386 834.386 0.0 103020.7247
848.528 848.528 0.0 102974.1392
862.67 862.67 0.0 102929.7363
876.812 876.812 0.0 102887.3931
890.955 890.955 0.0 102846.9847
905.097 905.097 0.0 102808.4058
919.239 919.239 0.0 102771.5466
933.381 933.381 0.0 102736.3142
947.523 947.523 0.0 102702.6194
961.665 961.665 0.0 102670.3768
975.807 975.807 0.0 102639.5073
989.949 989.949 0.0 102609.9407
1004.09 1004.09 0.0 102581.6085
1018.23 1018.23 0.0 102554.4467
1032.38 1032.38 0.0 102528.3773
1046.52 1046.52 0.0 102503.3802
1060.66 1060.66 0.0 102479.3827
1074.8 1074.8 0.0 102456.3368
1088.94 1088.94 0.0 102434.1957
1103.09 1103.09 0.0 102412.9003
1117.23 1117.23 0.0 102392.4407
1131.37 1131.37 0.0 102372.7637
1145.51 1145.51 0.0 102353.8335
1159.66 1159.66 0.0 102335.6006
1173.8 1173.8 0.0 102318.0597
1187.94 1187.94 0.0 102301.1678
1202.08 1202.08 0.0 102284.8943
1216.22 1216.22 0.0 102269.2141
1230.37 1230.37 0.0 102254.0884
1244.51 1244.51 0.0 102239.5165
1258.65 1258.65 0.0 102225.4639
1272.79 1272.79 0.0 102211.9069
1286.93 1286.93 0.0 102198.8289
1301.08 1301.08 0.0 102186.1971
1315.22 1315.22 0.0 102174.0130
1329.36 1329.36 0.0 102162.2489
1343.5 1343.5 0.0 102150.8895
1357.65 1357.65 0.0 102139.9089
1371.79 1371.79 0.0 102129.3098
1385.93 1385.93 0.0 102119.0685
1400.07 1400.07 0.0 102109.1714
1414.21 1414.21 0.0 102099.6041
1428.36 1428.36 0.0 102090.3507
1442.5 1442.5 0.0 102081.4108
1456.64 1456.64 0.0 102072.7655
1470.78 1470.78 0.0 102064.4062
1484.92 1484.92 0.0 102056.3223
1499.07 1499.07 0.0 102048.4957
1513.21 1513.21 0.0 102040.9301
1527.35 1527.35 0.0 102033.6119
1541.49 1541.49 0.0 102026.5313
1555.63 1555.63 0.0 102019.6804
1569.78 1569.78 0.0 102013.0462
1583.92 1583.92 0.0 102006.6315
1598.06 1598.06 0.0 102000.4235
1612.2 1612.2 0.0 101994.4170
1626.35 1626.35 0.0 101988.5990
1640.49 1640.49 0.0 101982.9741
1654.63 1654.63 0.0 101977.5300
1668.77 1668.77 0.0 101972.2610
1682.91 1682.91 0.0 101967.1626
1697.06 1697.06 0.0 101962.2257
1711.2 1711.2 0.0 101957.4525
1725.34 1725.34 0.0 101952.8336
1739.48 1739.48 0.0 101948.3655
1753.62 1753.62 0.0 101944.0436
1767.77 1767.77 0.0 101939.8598
1781.91 1781.91 0.0 101935.8149
1796.05 1796.05 0.0 101931.9054
1810.19 1810.19 0.0 101928.1233
1824.34 1824.34 0.0 101924.4659
1838.48 1838.48 0.0 101920.9334
1852.62 1852.62 0.0 101917.5189
1866.76 1866.76 0.0 101914.2198
1880.9 1880.9 0.0 101911.0342
1895.05 1895.05 0.0 101907.9546
1909.19 1909.19 0.0 101904.9838
1923.33 1923.33 0.0 101902.1171
1937.47 1937.47 0.0 101899.3507
1951.61 1951.61 0.0 101896.6825
1965.76 1965.76 0.0 101894.1075
1979.9 1979.9 0.0 101891.6285
1994.04 1994.04 0.0 101889.2408
2008.18 2008.18 0.0 101886.9396
2022.33 2022.33 0.0 101884.7251
2036.47 2036.47 0.0 101882.5952
2050.61 2050.61 0.0 101880.5487
2064.75 2064.75 0.0 101878.5821
2078.89 2078.89 0.0 101876.6927
2093.04 2093.04 0.0 101874.8799
2107.18 2107.18 0.0 101873.1424
2121.32 2121.32 0.0 101871.4781
2135.46 2135.46 0.0 101869.8848
2149.6 2149.6 0.0 101868.3609
2163.75 2163.75 0.0 101866.9053
2177.89 2177.89 0.0 101865.5168
2192.03 2192.03 0.0 101864.1932
2206.17 2206.17 0.0 101862.9332
2220.32 2220.32 0.0 101861.7351
2234.46 2234.46 0.0 101860.5992
2248.6 2248.6 0.0 101859.5229
2262.74 2262.74 0.0 101858.5054
2276.88 2276.88 0.0 101857.5446
2291.03 2291.03 0.0 101856.6395
2305.17 2305.17 0.0 101855.7899
2319.31 2319.31 0.0 101854.9946
2333.45 2333.45 0.0 101854.2524
2347.59 2347.59 0.0 101853.5614
2361.74 2361.74 0.0 101852.9210
2375.88 2375.88 0.0 101852.3307
2390.02 2390.02 0.0 101851.7905
2404.16 2404.16 0.0 101851.2969
2418.31 2418.31 0.0 101850.8506
2432.45 2432.45 0.0 101850.4512
2446.59 2446.59 0.0 101850.0969
2460.73 2460.73 0.0 101849.7873
2474.87 2474.87 0.0 101849.5209
2489.02 2489.02 0.0 101849.2974
2503.16 2503.16 0.0 101849.1177
2517.3 2517.3 0.0 101848.9786
2531.44 2531.44 0.0 101848.8802
2545.58 2545.58 0.0 101848.8220
2559.73 2559.73 0.0 101848.8026
2573.87 2573.87 0.0 101848.8230
2588.01 2588.01 0.0 101848.8809
2602.15 2602.15 0.0 101848.9774
2616.3 2616.3 0.0 101849.1103
2630.44 2630.44 0.0 101849.2791
2644.58 2644.58 0.0 101849.4837
2658.72 2658.72 0.0 101849.7238
2672.86 2672.86 0.0 101849.9979
2687.01 2687.01 0.0 101850.3074
2701.15 2701.15 0.0 101850.6501
2715.29 2715.29 0.0 101851.0254
2729.43 2729.43 0.0 101851.4332
2743.57 2743.57 0.0 101851.8731
2757.72 2757.72 0.0 101852.3458
2771.86 2771.86 0.0 101852.8475
2786.0 2786.0 0.0 101853.3815
2800.14 2800.14 0.0 101853.9457
2814.28 2814.28 0.0 101854.5381
2828.43 2828.43 0.0 101855.1618
2842.57 2842.57 0.0 101855.8135
2856.71 2856.71 0.0 101856.4941
2870.85 2870.85 0.0 101857.2033
2885.0 2885.0 0.0 101857.9395
2899.14 2899.14 0.0 101858.7036
2913.28 2913.28 0.0 101859.4941
2927.42 2927.42 0.0 101860.3110
2941.56 2941.56 0.0 101861.1543
2955.71 2955.71 0.0 101862.0246
2969.85 2969.85 0.0 101862.9193
2983.99 2983.99 0.0 101863.8397
2998.13 2998.13 0.0 101864.7842
3012.27 3012.27 0.0 101865.7531
3026.42 3026.42 0.0 101866.7482
3040.56 3040.56 0.0 101867.7652
3054.7 3054.7 0.0 101868.8069
3068.84 3068.84 0.0 101869.8705
3082.99 3082.99 0.0 101870.9589
3097.13 3097.13 0.0 101872.0682
3111.27 3111.27 0.0 101873.2007
