0.0 0.0 0.0 522449.6250
14.1421 14.1421 0.0 3771896.0000
28.2843 28.2843 0.0 3224241.2500
42.4264 42.4264 0.0 2654229.0000
56.5685 56.5685 0.0 2147884.3750
70.7107 70.7107 0.0 1723771.8750
84.8528 84.8528 0.0 1381197.3750
98.9949 98.9949 0.0 1111535.5000
113.137 113.137 0.0 902943.3125
127.279 127.279 0.0 743137.8125
141.421 141.421 0.0 621036.1250
155.563 155.563 0.0 527477.6250
169.706 169.706 0.0 455295.5000
183.848 183.848 0.0 399089.0625
197.99 197.99 0.0 354842.0938
212.132 212.132 0.0 319607.8438
226.274 226.274 0.0 291223.8125
240.416 240.416 0.0 268097.8906
254.558 254.558 0.0 249050.3281
268.701 268.701 0.0 233198.9688
282.843 282.843 0.0 219881.5391
296.985 296.985 0.0 208591.0234
311.127 311.127 0.0 198938.6875
325.269 325.269 0.0 190622.6094
339.411 339.411 0.0 183406.1719
353.553 353.553 0.0 177102.1562
367.696 367.696 0.0 171560.9062
381.838 381.838 0.0 166663.0312
395.98 395.98 0.0 162310.4727
410.122 410.122 0.0 158423.6680
424.264 424.264 0.0 154936.8594
438.406 438.406 0.0 151795.6445
452.548 452.548 0.0 148954.6484
466.69 466.69 0.0 146375.7227
480.833 480.833 0.0 144026.4531
494.975 494.975 0.0 141879.9062
509.117 509.117 0.0 139912.5234
523.259 523.259 0.0 138104.2578
537.401 537.401 0.0 136437.9062
551.543 551.543 0.0 134898.4727
565.685 565.685 0.0 133472.9805
579.828 579.828 0.0 132150.0449
593.97 593.97 0.0 130919.8418
608.112 608.112 0.0 129773.6016
622.254 622.254 0.0 128703.5801
636.396 636.396 0.0 127702.9336
650.538 650.538 0.0 126765.6445
664.68 664.68 0.0 125886.2578
678.823 678.823 0.0 125059.9434
692.965 692.965 0.0 124282.4648
707.107 707.107 0.0 123549.8848
721.249 721.249 0.0 122858.7168
735.391 735.391 0.0 122205.7988
749.533 749.533 0.0 121588.2871
763.675 763.675 0.0 121003.5762
777.817 777.817 0.0 120449.3379
791.96 791.96 0.0 119923.3906
806.102 806.102 0.0 119423.8574
820.244 820.244 0.0 118948.9062
834.386 834.386 0.0 118496.9277
848.528 848.528 0.0 118066.4258
862.67 862.67 0.0 117656.0156
876.812 876.812 0.0 117264.4297
890.955 890.955 0.0 116890.4951
905.097 905.097 0.0 116533.2031
919.239 919.239 0.0 116191.5078
933.381 933.381 0.0 115864.5020
947.523 947.523 0.0 115551.3369
961.665 961.665 0.0 115251.2266
975.807 975.807 0.0 114963.4424
989.949 989.949 0.0 114687.2920
1004.09 1004.09 0.0 114422.1865
1018.23 1018.23 0.0 114167.5078
1032.38 1032.38 0.0 113922.5322
1046.52 1046.52 0.0 113687.0791
1060.66 1060.66 0.0 113460.5195
1074.8 1074.8 0.0 113242.3691
1088.94 1088.94 0.0 113032.2285
1103.09 1103.09 0.0 112829.5566
1117.23 1117.23 0.0 112634.2725
1131.37 1131.37 0.0 112445.8906
1145.51 1145.51 0.0 112264.0732
1159.66 1159.66 0.0 112088.3926
1173.8 1173.8 0.0 111918.8145
1187.94 1187.94 0.0 111754.9316
1202.08 1202.08 0.0 111596.4941
1216.22 1216.22 0.0 111443.2637
1230.37 1230.37 0.0 111294.8994
1244.51 1244.51 0.0 111151.4043
1258.65 1258.65 0.0 111012.4551
1272.79 1272.79 0.0 110877.8652
1286.93 1286.93 0.0 110747.4561
1301.08 1301.08 0.0 110620.9590
1315.22 1315.22 0.0 110498.3945
1329.36 1329.36 0.0 110379.5049
1343.5 1343.5 0.0 110264.1660
1357.65 1357.65 0.0 110152.1328
1371.79 1371.79 0.0 110043.4473
1385.93 1385.93 0.0 109937.8926
1400.07 1400.07 0.0 109835.3564
1414.21 1414.21 0.0 109735.7139
1428.36 1428.36 0.0 109638.7949
1442.5 1442.5 0.0 109544.6318
1456.64 1456.64 0.0 109453.0479
1470.78 1470.78 0.0 109363.9658
1484.92 1484.92 0.0 109277.2793
1499.07 1499.07 0.0 109192.8540
1513.21 1513.21 0.0 109110.7119
1527.35 1527.35 0.0 109030.7344
1541.49 1541.49 0.0 108952.8257
1555.63 1555.63 0.0 108876.9243
1569.78 1569.78 0.0 108802.9126
1583.92 1583.92 0.0 108730.8237
1598.06 1598.06 0.0 108660.5444
1612.2 1612.2 0.0 108592.0151
1626.35 1626.35 0.0 108525.1245
1640.49 1640.49 0.0 108459.9199
1654.63 1654.63 0.0 108396.2910
1668.77 1668.77 0.0 108334.2002
1682.91 1682.91 0.0 108273.5864
1697.06 1697.06 0.0 108214.3633
1711.2 1711.2 0.0 108156.5713
1725.34 1725.34 0.0 108100.1255
1739.48 1739.48 0.0 108044.9775
1753.62 1753.62 0.0 107991.1045
1767.77 1767.77 0.0 107938.4058
1781.91 1781.91 0.0 107886.9434
1796.05 1796.05 0.0 107836.6284
1810.19 1810.19 0.0 107787.4263
1824.34 1824.34 0.0 107739.2803
1838.48 1838.48 0.0 107692.2222
1852.62 1852.62 0.0 107646.1807
1866.76 1866.76 0.0 107601.1304
1880.9 1880.9 0.0 107557.0425
1895.05 1895.05 0.0 107513.8667
1909.19 1909.19 0.0 107471.6260
1923.33 1923.33 0.0 107430.2646
1937.47 1937.47 0.0 107389.7578
1951.61 1951.61 0.0 107350.1006
1965.76 1965.76 0.0 107311.2109
1979.9 1979.9 0.0 107273.1455
1994.04 1994.04 0.0 107235.8462
2008.18 2008.18 0.0 107199.2925
2022.33 2022.33 0.0 107163.4385
2036.47 2036.47 0.0 107128.3208
2050.61 2050.61 0.0 107093.8809
2064.75 2064.75 0.0 107060.1157
2078.89 2078.89 0.0 107027.0063
2093.04 2093.04 0.0 106994.4995
2107.18 2107.18 0.0 106962.6387
2121.32 2121.32 0.0 106931.3774
2135.46 2135.46 0.0 106900.7056
2149.6 2149.6 0.0 106870.6016
2163.75 2163.75 0.0 106841.0298
2177.89 2177.89 0.0 106812.0220
2192.03 2192.03 0.0 106783.5508
2206.17 2206.17 0.0 106755.5835
2220.32 2220.32 0.0 106728.1030
2234.46 2234.46 0.0 106701.1348
2248.6 2248.6 0.0 106674.6387
2262.74 2262.74 0.0 106648.6099
2276.88 2276.88 0.0 106623.0376
2291.03 2291.03 0.0 106597.8828
2305.17 2305.17 0.0 106573.1831
2319.31 2319.31 0.0 106548.9028
2333.45 2333.45 0.0 106525.0371
2347.59 2347.59 0.0 106501.5654
2361.74 2361.74 0.0 106478.4746
2375.88 2375.88 0.0 106455.7812
2390.02 2390.02 0.0 106433.4595
2404.16 2404.16 0.0 106411.4966
2418.31 2418.31 0.0 106389.8828
2432.45 2432.45 0.0 106368.6270
2446.59 2446.59 0.0 106347.7085
2460.73 2460.73 0.0 106327.1235
2474.87 2474.87 0.0 106306.8584
2489.02 2489.02 0.0 106286.8960
2503.16 2503.16 0.0 106267.2583
2517.3 2517.3 0.0 106247.9136
2531.44 2531.44 0.0 106228.8701
2545.58 2545.58 0.0 106210.1055
2559.73 2559.73 0.0 106191.6201
2573.87 2573.87 0.0 106173.4126
2588.01 2588.01 0.0 106155.4746
2602.15 2602.15 0.0 106137.7959
2616.3 2616.3 0.0 106120.3638
2630.44 2630.44 0.0 106103.1899
2644.58 2644.58 0.0 106086.2661
2658.72 2658.72 0.0 106069.5776
2672.86 2672.86 0.0 106053.1187
2687.01 2687.01 0.0 106036.8779
2701.15 2701.15 0.0 106020.8696
2715.29 2715.29 0.0 106005.0845
2729.43 2729.43 0.0 105989.5054
2743.57 2743.57 0.0 105974.1372
2757.72 2757.72 0.0 105958.9580
2771.86 2771.86 0.0 105943.9917
2786.0 2786.0 0.0 105929.2183
2800.14 2800.14 0.0 105914.6348
2814.28 2814.28 0.0 105900.2358
2828.43 2828.43 0.0 105886.0029
2842.57 2842.57 0.0 105871.9634
2856.71 2856.71 0.0 105858.0967
2870.85 2870.85 0.0 105844.4009
2885.0 2885.0 0.0 105830.8535
2899.14 2899.14 0.0 105817.4800
2913.28 2913.28 0.0 105804.2686
2927.42 2927.42 0.0 105791.2031
2941.56 2941.56 0.0 105778.2979
2955.71 2955.71 0.0 105765.5293
2969.85 2969.85 0.0 105752.9111
2983.99 2983.99 0.0 105740.4336
2998.13 2998.13 0.0 105728.0942
3012.27 3012.27 0.0 105715.8936
3026.42 3026.42 0.0 105703.8115
3040.56 3040.56 0.0 105691.8667
3054.7 3054.7 0.0 105680.0503
3068.84 3068.84 0.0 105668.3540
3082.99 3082.99 0.0 105656.7720
3097.13 3097.13 0.0 105645.3174
3111.27 3111.27 0.0 105633.9746
3125.41 3125.41 0.0 105622.7373
3139.55 3139.55 0.0 105611.6191
3153.7 3153.7 0.0 105600.5967
3167.84 3167.84 0.0 105589.6880
3181.98 3181.98 0.0 105578.8818
3196.12 3196.12 0.0 105568.1753
3210.26 3210.26 0.0 105557.5649
3224.41 3224.41 0.0 105547.0430
3238.55 3238.55 0.0 105536.6191
3252.69 3252.69 0.0 105526.2886
3266.83 3266.83 0.0 105516.0474
3280.98 3280.98 0.0 105505.8818
3295.12 3295.12 0.0 105495.8154
3309.26 3309.26 0.0 105485.8286
3323.4 3323.4 0.0 105475.9209
3337.54 3337.54 0.0 105466.0898
3351.69 3351.69 0.0 105456.3335
3365.83 3365.83 0.0 105446.6567
3379.97 3379.97 0.0 105437.0493
3394.11 3394.11 0.0 105427.5210
3408.25 3408.25 0.0 105418.0620
3422.4 3422.4 0.0 105408.6619
3436.54 3436.54 0.0 105399.3364
3450.68 3450.68 0.0 105390.0723
3464.82 3464.82 0.0 105380.8782
3478.97 3478.97 0.0 105371.7322
3493.11 3493.11 0.0 105362.6531
3507.25 3507.25 0.0 105353.6379
3521.39 3521.39 0.0 105344.6777
3535.53 3535.53 0.0 105335.7732
3549.68 3549.68 0.0 105326.9177
3563.82 3563.82 0.0 105318.1228
3577.96 3577.96 0.0 105309.3740
3592.1 3592.1 0.0 105300.6824
3606.24 3606.24 0.0 105292.0361
3620.39 3620.39 0.0 105283.4307
3634.53 3634.53 0.0 105274.8801
3648.67 3648.67 0.0 105266.3721
3662.81 3662.81 0.0 105257.9124
3676.96 3676.96 0.0 105249.4875
3691.1 3691.1 0.0 105241.1145
3705.24 3705.24 0.0 105232.7778
3719.38 3719.38 0.0 105224.4827
3733.52 3733.52 0.0 105216.2256
3747.67 3747.67 0.0 105208.0029
3761.81 3761.81 0.0 105199.8176
3775.95 3775.95 0.0 105191.6680
3790.09 3790.09 0.0 105183.5557
3804.23 3804.23 0.0 105175.4788
3818.38 3818.38 0.0 105167.4258
3832.52 3832.52 0.0 105159.4116
3846.66 3846.66 0.0 105151.4287
3860.8 3860.8 0.0 105143.4734
3874.95 3874.95 0.0 105135.5432
3889.09 3889.09 0.0 105127.6482
3903.23 3903.23 0.0 105119.7781
3917.37 3917.37 0.0 105111.9373
3931.51 3931.51 0.0 105104.1211
3945.66 3945.66 0.0 105096.3232
3959.8 3959.8 0.0 105088.5593
3973.94 3973.94 0.0 105080.8149
3988.08 3988.08 0.0 105073.0952
4002.22 4002.22 0.0 105065.3967
4016.37 4016.37 0.0 105057.7158
4030.51 4030.51 0.0 105050.0593
4044.65 4044.65 0.0 105042.4224
4058.79 4058.79 0.0 105034.8081
4072.94 4072.94 0.0 105027.2058
4087.08 4087.08 0.0 105019.6240
4101.22 4101.22 0.0 105012.0652
4115.36 4115.36 0.0 105004.5217
4129.5 4129.5 0.0 104996.9968
4143.65 4143.65 0.0 104989.4753
4157.79 4157.79 0.0 104981.9797
4171.93 4171.93 0.0 104974.4990
4186.07 4186.07 0.0 104967.0305
4200.21 4200.21 0.0 104959.5789
4214.36 4214.36 0.0 104952.1357
4228.5 4228.5 0.0 104944.7075
4242.64 4242.64 0.0 104937.2927
4256.78 4256.78 0.0 104929.8916
4270.92 4270.92 0.0 104922.5005
4285.07 4285.07 0.0 104915.1143
4299.21 4299.21 0.0 104907.7466
4313.35 4313.35 0.0 104900.3904
4327.49 4327.49 0.0 104893.0393
4341.64 4341.64 0.0 104885.6982
4355.78 4355.78 0.0 104878.3687
4369.92 4369.92 0.0 104871.0476
4384.06 4384.06 0.0 104863.7346
4398.2 4398.2 0.0 104856.4316
4412.35 4412.35 0.0 104849.1272
4426.49 4426.49 0.0 104841.8408
4440.63 4440.63 0.0 104834.5596
4454.77 4454.77 0.0 104827.2837
4468.91 4468.91 0.0 104820.0161
4483.06 4483.06 0.0 104812.7517
4497.2 4497.2 0.0 104805.4944
4511.34 4511.34 0.0 104798.2468
4525.48 4525.48 0.0 104791.0032
4539.63 4539.63 0.0 104783.7566
4553.77 4553.77 0.0 104776.5247
4567.91 4567.91 0.0 104769.2966
4582.05 4582.05 0.0 104762.0720
4596.19 4596.19 0.0 104754.8528
4610.34 4610.34 0.0 104747.6311
4624.48 4624.48 0.0 104740.4211
4638.62 4638.62 0.0 104733.2183
4652.76 4652.76 0.0 104726.0127
4666.9 4666.9 0.0 104718.8123
4681.05 4681.05 0.0 104711.6096
4695.19 4695.19 0.0 104704.4177
4709.33 4709.33 0.0 104697.2266
4723.47 4723.47 0.0 104690.0408
4737.62 4737.62 0.0 104682.8528
4751.76 4751.76 0.0 104675.6707
4765.9 4765.9 0.0 104668.4944
4780.04 4780.04 0.0 104661.3157
4794.18 4794.18 0.0 104654.1445
4808.33 4808.33 0.0 104646.9683
4822.47 4822.47 0.0 104639.7996
4836.61 4836.61 0.0 104632.6338
4850.75 4850.75 0.0 104625.4692
4864.89 4864.89 0.0 104618.3076
4879.04 4879.04 0.0 104611.1426
4893.18 4893.18 0.0 104603.9841
4907.32 4907.32 0.0 104596.8301
4921.46 4921.46 0.0 104589.6763
4935.61 4935.61 0.0 104582.5193
4949.75 4949.75 0.0 104575.3687
4963.89 4963.89 0.0 104568.2214
4978.03 4978.03 0.0 104561.0747
4992.17 4992.17 0.0 104553.9263
5006.32 5006.32 0.0 104546.7847
5020.46 5020.46 0.0 104539.6406
5034.6 5034.6 0.0 104532.5032
5048.74 5048.74 0.0 104525.3662
5062.88 5062.88 0.0 104518.2329
5077.03 5077.03 0.0 104511.0930
5091.17 5091.17 0.0 104503.9626
5105.31 5105.31 0.0 104496.8347
5119.45 5119.45 0.0 104489.7046
5133.6 5133.6 0.0 104482.5757
5147.74 5147.74 0.0 104475.4521
5161.88 5161.88 0.0 104468.3328
5176.02 5176.02 0.0 104461.2131
5190.16 5190.16 0.0 104454.0989
5204.31 5204.31 0.0 104446.9802
5218.45 5218.45 0.0 104439.8660
5232.59 5232.59 0.0 104432.7585
5246.73 5246.73 0.0 104425.6528
5260.87 5260.87 0.0 104418.5498
5275.02 5275.02 0.0 104411.4429
5289.16 5289.16 0.0 104404.3462
5303.3 5303.3 0.0 104397.2512
5317.44 5317.44 0.0 104390.1560
5331.59 5331.59 0.0 104383.0649
5345.73 5345.73 0.0 104375.9812
5359.87 5359.87 0.0 104368.9004
5374.01 5374.01 0.0 104361.8188
5388.15 5388.15 0.0 104354.7456
5402.3 5402.3 0.0 104347.6680
5416.44 5416.44 0.0 104340.6013
5430.58 5430.58 0.0 104333.5371
5444.72 5444.72 0.0 104326.4775
5458.86 5458.86 0.0 104319.4236
5473.01 5473.01 0.0 104312.3677
5487.15 5487.15 0.0 104305.3220
5501.29 5501.29 0.0 104298.2810
5515.43 5515.43 0.0 104291.2446
5529.58 5529.58 0.0 104284.2058
5543.72 5543.72 0.0 104277.1804
5557.86 5557.86 0.0 104270.1604
5572.0 5572.0 0.0 104263.1436
5586.14 5586.14 0.0 104256.1348
5600.29 5600.29 0.0 104249.1230
5614.43 5614.43 0.0 104242.1240
5628.57 5628.57 0.0 104235.1306
5642.71 5642.71 0.0 104228.1472
5656.85 5656.85 0.0 104221.1636
5671.0 5671.0 0.0 104214.1875
5685.14 5685.14 0.0 104207.2197
5699.28 5699.28 0.0 104200.2581
5713.42 5713.42 0.0 104193.3074
5727.56 5727.56 0.0 104186.3613
5741.71 5741.71 0.0 104179.4170
5755.85 5755.85 0.0 104172.4856
5769.99 5769.99 0.0 104165.5647
5784.13 5784.13 0.0 104158.6492
5798.28 5798.28 0.0 104151.7371
5812.42 5812.42 0.0 104144.8379
5826.56 5826.56 0.0 104137.9475
5840.7 5840.7 0.0 104131.0686
5854.84 5854.84 0.0 104124.1929
5868.99 5868.99 0.0 104117.3262
5883.13 5883.13 0.0 104110.4714
5897.27 5897.27 0.0 104103.6301
5911.41 5911.41 0.0 104096.7930
5925.55 5925.55 0.0 104089.9644
5939.7 5939.7 0.0 104083.1475
5953.84 5953.84 0.0 104076.3423
5967.98 5967.98 0.0 104069.5469
5982.12 5982.12 0.0 104062.7634
5996.27 5996.27 0.0 104055.9861
6010.41 6010.41 0.0 104049.2229
6024.55 6024.55 0.0 104042.4727
6038.69 6038.69 0.0 104035.7314
6052.83 6052.83 0.0 104029.0066
6066.98 6066.98 0.0 104022.2859
6081.12 6081.12 0.0 104015.5793
6095.26 6095.26 0.0 104008.8906
6109.4 6109.4 0.0 104002.2107
6123.54 6123.54 0.0 103995.5437
6137.69 6137.69 0.0 103988.8843
6151.83 6151.83 0.0 103982.2441
6165.97 6165.97 0.0 103975.6169
6180.11 6180.11 0.0 103969.0034
6194.26 6194.26 0.0 103962.3989
6208.4 6208.4 0.0 103955.8110
6222.54 6222.54 0.0 103949.2417
6236.68 6236.68 0.0 103942.6829
6250.82 6250.82 0.0 103936.1416
6264.97 6264.97 0.0 103929.6064
6279.11 6279.11 0.0 103923.0918
6293.25 6293.25 0.0 103916.5918
6307.39 6307.39 0.0 103910.1106
6321.53 6321.53 0.0 103903.6431
6335.68 6335.68 0.0 103897.1846
6349.82 6349.82 0.0 103890.7495
6363.96 6363.96 0.0 103884.3279
6378.1 6378.1 0.0 103877.9250
6392.25 6392.25 0.0 103871.5332
6406.39 6406.39 0.0 103865.1624
6420.53 6420.53 0.0 103858.8069
6434.67 6434.67 0.0 103852.4702
6448.81 6448.81 0.0 103846.1504
6462.96 6462.96 0.0 103839.8440
6477.1 6477.1 0.0 103833.5596
6491.24 6491.24 0.0 103827.2903
6505.38 6505.38 0.0 103821.0444
6519.52 6519.52 0.0 103814.8137
6533.67 6533.67 0.0 103808.5986
6547.81 6547.81 0.0 103802.4026
6561.95 6561.95 0.0 103796.2288
6576.09 6576.09 0.0 103790.0742
6590.24 6590.24 0.0 103783.9348
6604.38 6604.38 0.0 103777.8176
6618.52 6618.52 0.0 103771.7183
6632.66 6632.66 0.0 103765.6421
6646.8 6646.8 0.0 103759.5852
6660.95 6660.95 0.0 103753.5437
6675.09 6675.09 0.0 103747.5242
6689.23 6689.23 0.0 103741.5298
6703.37 6703.37 0.0 103735.5544
6717.51 6717.51 0.0 103729.5979
6731.66 6731.66 0.0 103723.6604
6745.8 6745.8 0.0 103717.7476
6759.94 6759.94 0.0 103711.8567
6774.08 6774.08 0.0 103705.9866
6788.23 6788.23 0.0 103700.1357
6802.37 6802.37 0.0 103694.3066
6816.51 6816.51 0.0 103688.5034
6830.65 6830.65 0.0 103682.7214
6844.79 6844.79 0.0 103676.9597
6858.94 6858.94 0.0 103671.2214
6873.08 6873.08 0.0 103665.5061
6887.22 6887.22 0.0 103659.8167
6901.36 6901.36 0.0 103654.1477
6915.5 6915.5 0.0 103648.5012
6929.65 6929.65 0.0 103642.8765
6943.79 6943.79 0.0 103637.2742
6957.93 6957.93 0.0 103631.7017
6972.07 6972.07 0.0 103626.1509
6986.21 6986.21 0.0 103620.6230
