0.0 0.0 0.0 226065.8438
14.1421 14.1421 0.0 239989.0000
28.2843 28.2843 0.0 260622.2344
42.4264 42.4264 0.0 274339.2656
56.5685 56.5685 0.0 284219.2188
70.7107 70.7107 0.0 291564.0781
84.8528 84.8528 0.0 297084.6250
98.9949 98.9949 0.0 301222.5781
113.137 113.137 0.0 304277.4844
127.279 127.279 0.0 306463.2031
141.421 141.421 0.0 307939.1094
155.563 155.563 0.0 308827.7656
169.706 169.706 0.0 309225.5781
183.848 183.848 0.0 309209.4688
197.99 197.99 0.0 308842.5938
212.132 212.132 0.0 308177.1094
226.274 226.274 0.0 307256.0469
240.416 240.416 0.0 306116.2500
254.558 254.558 0.0 304788.5469
268.701 268.701 0.0 303299.5781
282.843 282.843 0.0 301672.3906
296.985 296.985 0.0 299926.4062
311.127 311.127 0.0 298078.9062
325.269 325.269 0.0 296144.9375
339.411 339.411 0.0 294137.6719
353.553 353.553 0.0 292068.4844
367.696 367.696 0.0 289947.6250
381.838 381.838 0.0 287784.0781
395.98 395.98 0.0 285585.8281
410.122 410.122 0.0 283359.8594
424.264 424.264 0.0 281112.3438
438.406 438.406 0.0 278849.0938
452.548 452.548 0.0 276574.7812
466.69 466.69 0.0 274293.9219
480.833 480.833 0.0 272010.3438
494.975 494.975 0.0 269727.9062
509.117 509.117 0.0 267449.4531
523.259 523.259 0.0 265177.8594
537.401 537.401 0.0 262915.6406
551.543 551.543 0.0 260664.8281
565.685 565.685 0.0 258427.6562
579.828 579.828 0.0 256205.5781
593.97 593.97 0.0 254000.4375
608.112 608.112 0.0 251813.5312
622.254 622.254 0.0 249646.1094
636.396 636.396 0.0 247499.1406
650.538 650.538 0.0 245373.6094
664.68 664.68 0.0 243270.2500
678.823 678.823 0.0 241189.8281
692.965 692.965 0.0 239133.0469
707.107 707.107 0.0 237100.4062
721.249 721.249 0.0 235092.3438
735.391 735.391 0.0 233109.1875
749.533 749.533 0.0 231151.2344
763.675 763.675 0.0 229218.8359
777.817 777.817 0.0 227312.0703
791.96 791.96 0.0 225430.9141
806.102 806.102 0.0 223575.8359
820.244 820.244 0.0 221746.6406
834.386 834.386 0.0 219943.3984
848.528 848.528 0.0 218166.1641
862.67 862.67 0.0 216414.7266
876.812 876.812 0.0 214689.1484
890.955 890.955 0.0 212989.1406
905.097 905.097 0.0 211314.7891
919.239 919.239 0.0 209665.8750
933.381 933.381 0.0 208042.2109
947.523 947.523 0.0 206443.6094
961.665 961.665 0.0 204869.8906
975.807 975.807 0.0 203320.7734
989.949 989.949 0.0 201796.1172
1004.09 1004.09 0.0 200295.7500
1018.23 1018.23 0.0 198819.3984
1032.38 1032.38 0.0 197365.7500
1046.52 1046.52 0.0 195936.4609
1060.66 1060.66 0.0 194530.3984
1074.8 1074.8 0.0 193147.1406
1088.94 1088.94 0.0 191786.5234
1103.09 1103.09 0.0 190447.2031
1117.23 1117.23 0.0 189130.9219
1131.37 1131.37 0.0 187836.3203
1145.51 1145.51 0.0 186563.1250
1159.66 1159.66 0.0 185310.2344
1173.8 1173.8 0.0 184079.0391
1187.94 1187.94 0.0 182868.4219
1202.08 1202.08 0.0 181677.9688
1216.22 1216.22 0.0 180507.5625
1230.37 1230.37 0.0 179355.9688
1244.51 1244.51 0.0 178224.4922
1258.65 1258.65 0.0 177112.1562
1272.79 1272.79 0.0 176018.5547
1286.93 1286.93 0.0 174943.4219
1301.08 1301.08 0.0 173885.7500
1315.22 1315.22 0.0 172846.7344
1329.36 1329.36 0.0 171825.2969
1343.5 1343.5 0.0 170821.2109
1357.65 1357.65 0.0 169833.4922
1371.79 1371.79 0.0 168863.2266
1385.93 1385.93 0.0 167909.4688
1400.07 1400.07 0.0 166971.8906
1414.21 1414.21 0.0 166050.2930
1428.36 1428.36 0.0 165143.7148
1442.5 1442.5 0.0 164253.2070
1456.64 1456.64 0.0 163377.8555
1470.78 1470.78 0.0 162517.4023
1484.92 1484.92 0.0 161671.5898
1499.07 1499.07 0.0 160839.5820
1513.21 1513.21 0.0 160022.2852
1527.35 1527.35 0.0 159218.9102
1541.49 1541.49 0.0 158429.1836
1555.63 1555.63 0.0 157652.8828
1569.78 1569.78 0.0 156889.2266
1583.92 1583.92 0.0 156139.0742
1598.06 1598.06 0.0 155401.6445
1612.2 1612.2 0.0 154676.6953
1626.35 1626.35 0.0 153963.5430
1640.49 1640.49 0.0 153262.9609
1654.63 1654.63 0.0 152574.2188
1668.77 1668.77 0.0 151897.1094
1682.91 1682.91 0.0 151231.4531
1697.06 1697.06 0.0 150576.5430
1711.2 1711.2 0.0 149933.1172
1725.34 1725.34 0.0 149300.5312
1739.48 1739.48 0.0 148678.5820
1753.62 1753.62 0.0 148067.0703
1767.77 1767.77 0.0 147465.3984
1781.91 1781.91 0.0 146874.2305
1796.05 1796.05 0.0 146292.9531
1810.19 1810.19 0.0 145721.3555
1824.34 1824.34 0.0 145158.9219
1838.48 1838.48 0.0 144606.2578
1852.62 1852.62 0.0 144062.8008
1866.76 1866.76 0.0 143528.3438
1880.9 1880.9 0.0 143002.7734
1895.05 1895.05 0.0 142485.5234
1909.19 1909.19 0.0 141977.2031
1923.33 1923.33 0.0 141477.2734
1937.47 1937.47 0.0 140985.5938
1951.61 1951.61 0.0 140502.0117
1965.76 1965.76 0.0 140026.0352
1979.9 1979.9 0.0 139558.1992
1994.04 1994.04 0.0 139098.0273
2008.18 2008.18 0.0 138645.3750
2022.33 2022.33 0.0 138199.7891
2036.47 2036.47 0.0 137761.7969
2050.61 2050.61 0.0 137330.9258
2064.75 2064.75 0.0 136907.0508
2078.89 2078.89 0.0 136490.0156
2093.04 2093.04 0.0 136079.4648
2107.18 2107.18 0.0 135675.8164
2121.32 2121.32 0.0 135278.6680
2135.46 2135.46 0.0 134887.9258
2149.6 2149.6 0.0 134503.4453
2163.75 2163.75 0.0 134124.8516
2177.89 2177.89 0.0 133752.5938
2192.03 2192.03 0.0 133386.2520
2206.17 2206.17 0.0 133025.7637
2220.32 2220.32 0.0 132670.7480
2234.46 2234.46 0.0 132321.5918
2248.6 2248.6 0.0 131977.9922
2262.74 2262.74 0.0 131639.7969
2276.88 2276.88 0.0 131306.9531
2291.03 2291.03 0.0 130979.0996
2305.17 2305.17 0.0 130656.6367
2319.31 2319.31 0.0 130339.2109
2333.45 2333.45 0.0 130026.7500
2347.59 2347.59 0.0 129719.1543
2361.74 2361.74 0.0 129416.1484
2375.88 2375.88 0.0 129118.0469
2390.02 2390.02 0.0 128824.5801
2404.16 2404.16 0.0 128535.6328
2418.31 2418.31 0.0 128250.9531
2432.45 2432.45 0.0 127970.8594
2446.59 2446.59 0.0 127695.0703
2460.73 2460.73 0.0 127423.5039
2474.87 2474.87 0.0 127156.0801
2489.02 2489.02 0.0 126892.5625
2503.16 2503.16 0.0 126633.2266
2517.3 2517.3 0.0 126377.8457
2531.44 2531.44 0.0 126126.3223
2545.58 2545.58 0.0 125878.6113
2559.73 2559.73 0.0 125634.4629
2573.87 2573.87 0.0 125394.1641
2588.01 2588.01 0.0 125157.4766
2602.15 2602.15 0.0 124924.3203
2616.3 2616.3 0.0 124694.5117
2630.44 2630.44 0.0 124468.2715
2644.58 2644.58 0.0 124245.4082
2658.72 2658.72 0.0 124025.8359
2672.86 2672.86 0.0 123809.5332
2687.01 2687.01 0.0 123596.2773
2701.15 2701.15 0.0 123386.3066
2715.29 2715.29 0.0 123179.4277
2729.43 2729.43 0.0 122975.5762
2743.57 2743.57 0.0 122774.7227
2757.72 2757.72 0.0 122576.6504
2771.86 2771.86 0.0 122381.6113
2786.0 2786.0 0.0 122189.4062
2800.14 2800.14 0.0 121999.9863
2814.28 2814.28 0.0 121813.3008
2828.43 2828.43 0.0 121629.1875
2842.57 2842.57 0.0 121447.8398
2856.71 2856.71 0.0 121269.1230
2870.85 2870.85 0.0 121092.9395
2885.0 2885.0 0.0 120919.1680
2899.14 2899.14 0.0 120747.9902
2913.28 2913.28 0.0 120579.2559
2927.42 2927.42 0.0 120412.9082
2941.56 2941.56 0.0 120248.9160
2955.71 2955.71 0.0 120087.1250
2969.85 2969.85 0.0 119927.7227
2983.99 2983.99 0.0 119770.5801
2998.13 2998.13 0.0 119615.6230
3012.27 3012.27 0.0 119462.8379
3026.42 3026.42 0.0 119312.0781
3040.56 3040.56 0.0 119163.5176
3054.7 3054.7 0.0 119017.0273
3068.84 3068.84 0.0 118872.5605
3082.99 3082.99 0.0 118729.9922
3097.13 3097.13 0.0 118589.4961
3111.27 3111.27 0.0 118450.9180
3125.41 3125.41 0.0 118314.2480
3139.55 3139.55 0.0 118179.4473
3153.7 3153.7 0.0 118046.3848
3167.84 3167.84 0.0 117915.2441
3181.98 3181.98 0.0 117785.8711
3196.12 3196.12 0.0 117658.2559
3210.26 3210.26 0.0 117532.3574
3224.41 3224.41 0.0 117408.0918
3238.55 3238.55 0.0 117285.5645
3252.69 3252.69 0.0 117164.6904
3266.83 3266.83 0.0 117045.4219
3280.98 3280.98 0.0 116927.6797
3295.12 3295.12 0.0 116811.5752
3309.26 3309.26 0.0 116697.0117
3323.4 3323.4 0.0 116583.9756
3337.54 3337.54 0.0 116472.4307
3351.69 3351.69 0.0 116362.2773
3365.83 3365.83 0.0 116253.6416
3379.97 3379.97 0.0 116146.4434
3394.11 3394.11 0.0 116040.6514
3408.25 3408.25 0.0 115936.2363
3422.4 3422.4 0.0 115833.0938
3436.54 3436.54 0.0 115731.3779
3450.68 3450.68 0.0 115630.9707
3464.82 3464.82 0.0 115531.8643
3478.97 3478.97 0.0 115433.9736
3493.11 3493.11 0.0 115337.4102
3507.25 3507.25 0.0 115242.0762
3521.39 3521.39 0.0 115147.9629
3535.53 3535.53 0.0 115055.0654
3549.68 3549.68 0.0 114963.2676
3563.82 3563.82 0.0 114872.7070
3577.96 3577.96 0.0 114783.2998
3592.1 3592.1 0.0 114695.0088
3606.24 3606.24 0.0 114607.8418
3620.39 3620.39 0.0 114521.7090
3634.53 3634.53 0.0 114436.7188
3648.67 3648.67 0.0 114352.7861
3662.81 3662.81 0.0 114269.8955
3676.96 3676.96 0.0 114187.9873
3691.1 3691.1 0.0 114107.1553
3705.24 3705.24 0.0 114027.3184
3719.38 3719.38 0.0 113948.4648
3733.52 3733.52 0.0 113870.5859
3747.67 3747.67 0.0 113793.6045
3761.81 3761.81 0.0 113717.6318
3775.95 3775.95 0.0 113642.5752
3790.09 3790.09 0.0 113568.4414
3804.23 3804.23 0.0 113495.2158
3818.38 3818.38 0.0 113422.8174
3832.52 3832.52 0.0 113351.3438
3846.66 3846.66 0.0 113280.7354
3860.8 3860.8 0.0 113210.9844
3874.95 3874.95 0.0 113142.0078
3889.09 3889.09 0.0 113073.9209
3903.23 3903.23 0.0 113006.6436
3917.37 3917.37 0.0 112940.1670
3931.51 3931.51 0.0 112874.4727
3945.66 3945.66 0.0 112809.5186
3959.8 3959.8 0.0 112745.3711
3973.94 3973.94 0.0 112681.9902
3988.08 3988.08 0.0 112619.3535
4002.22 4002.22 0.0 112557.4502
4016.37 4016.37 0.0 112496.2217
4030.51 4030.51 0.0 112435.7549
4044.65 4044.65 0.0 112375.9990
4058.79 4058.79 0.0 112316.9287
4072.94 4072.94 0.0 112258.5029
4087.08 4087.08 0.0 112200.7949
4101.22 4101.22 0.0 112143.7529
4115.36 4115.36 0.0 112087.3613
4129.5 4129.5 0.0 112031.6279
4143.65 4143.65 0.0 111976.4854
4157.79 4157.79 0.0 111922.0010
4171.93 4171.93 0.0 111868.1543
4186.07 4186.07 0.0 111814.9092
4200.21 4200.21 0.0 111762.2656
4214.36 4214.36 0.0 111710.1826
4228.5 4228.5 0.0 111658.7207
4242.64 4242.64 0.0 111607.8340
4256.78 4256.78 0.0 111557.5273
4270.92 4270.92 0.0 111507.7744
4285.07 4285.07 0.0 111458.5459
4299.21 4299.21 0.0 111409.8975
4313.35 4313.35 0.0 111361.7832
4327.49 4327.49 0.0 111314.2041
4341.64 4341.64 0.0 111267.1240
4355.78 4355.78 0.0 111220.5869
4369.92 4369.92 0.0 111174.5684
4384.06 4384.06 0.0 111129.0488
4398.2 4398.2 0.0 111084.0264
4412.35 4412.35 0.0 111039.4648
4426.49 4426.49 0.0 110995.4160
4440.63 4440.63 0.0 110951.8447
4454.77 4454.77 0.0 110908.7520
4468.91 4468.91 0.0 110866.1211
4483.06 4483.06 0.0 110823.9160
4497.2 4497.2 0.0 110782.1943
4511.34 4511.34 0.0 110740.9209
4525.48 4525.48 0.0 110700.0928
4539.63 4539.63 0.0 110659.6670
4553.77 4553.77 0.0 110619.7021
4567.91 4567.91 0.0 110580.1533
4582.05 4582.05 0.0 110541.0283
4596.19 4596.19 0.0 110502.3135
4610.34 4610.34 0.0 110463.9863
4624.48 4624.48 0.0 110426.0859
4638.62 4638.62 0.0 110388.5781
4652.76 4652.76 0.0 110351.4600
4666.9 4666.9 0.0 110314.7422
4681.05 4681.05 0.0 110278.3760
4695.19 4695.19 0.0 110242.4062
4709.33 4709.33 0.0 110206.8115
4723.47 4723.47 0.0 110171.5898
4737.62 4737.62 0.0 110136.7041
4751.76 4751.76 0.0 110102.1963
4765.9 4765.9 0.0 110068.0557
4780.04 4780.04 0.0 110034.2549
4794.18 4794.18 0.0 110000.8018
4808.33 4808.33 0.0 109967.6650
4822.47 4822.47 0.0 109934.8916
4836.61 4836.61 0.0 109902.4502
4850.75 4850.75 0.0 109870.3330
4864.89 4864.89 0.0 109838.5420
4879.04 4879.04 0.0 109807.0566
4893.18 4893.18 0.0 109775.9092
4907.32 4907.32 0.0 109745.0713
4921.46 4921.46 0.0 109714.5410
4935.61 4935.61 0.0 109684.2949
4949.75 4949.75 0.0 109654.3721
4963.89 4963.89 0.0 109624.7520
4978.03 4978.03 0.0 109595.4219
4992.17 4992.17 0.0 109566.3857
5006.32 5006.32 0.0 109537.6123
5020.46 5020.46 0.0 109509.1528
5034.6 5034.6 0.0 109480.9653
5048.74 5048.74 0.0 109453.0591
5062.88 5062.88 0.0 109425.4297
5077.03 5077.03 0.0 109398.0469
5091.17 5091.17 0.0 109370.9473
5105.31 5105.31 0.0 109344.1289
5119.45 5119.45 0.0 109317.5630
5133.6 5133.6 0.0 109291.2354
5147.74 5147.74 0.0 109265.1787
5161.88 5161.88 0.0 109239.3809
5176.02 5176.02 0.0 109213.8379
5190.16 5190.16 0.0 109188.5347
5204.31 5204.31 0.0 109163.4614
5218.45 5218.45 0.0 109138.6455
5232.59 5232.59 0.0 109114.0742
5246.73 5246.73 0.0 109089.7275
5260.87 5260.87 0.0 109065.6221
5275.02 5275.02 0.0 109041.7339
5289.16 5289.16 0.0 109018.0913
5303.3 5303.3 0.0 108994.6704
5317.44 5317.44 0.0 108971.4727
5331.59 5331.59 0.0 108948.4824
5345.73 5345.73 0.0 108925.7231
5359.87 5359.87 0.0 108903.1870
5374.01 5374.01 0.0 108880.8682
5388.15 5388.15 0.0 108858.7471
5402.3 5402.3 0.0 108836.8296
5416.44 5416.44 0.0 108815.1289
5430.58 5430.58 0.0 108793.6431
5444.72 5444.72 0.0 108772.3530
5458.86 5458.86 0.0 108751.2607
5473.01 5473.01 0.0 108730.3589
5487.15 5487.15 0.0 108709.6626
5501.29 5501.29 0.0 108689.1636
5515.43 5515.43 0.0 108668.8613
5529.58 5529.58 0.0 108648.7329
5543.72 5543.72 0.0 108628.8018
5557.86 5557.86 0.0 108609.0562
5572.0 5572.0 0.0 108589.5020
5586.14 5586.14 0.0 108570.1304
5600.29 5600.29 0.0 108550.9238
5614.43 5614.43 0.0 108531.9121
5628.57 5628.57 0.0 108513.0723
5642.71 5642.71 0.0 108494.4155
5656.85 5656.85 0.0 108475.9321
5671.0 5671.0 0.0 108457.5977
5685.14 5685.14 0.0 108439.4600
5699.28 5699.28 0.0 108421.4849
5713.42 5713.42 0.0 108403.6763
5727.56 5727.56 0.0 108386.0303
5741.71 5741.71 0.0 108368.5420
5755.85 5755.85 0.0 108351.2231
5769.99 5769.99 0.0 108334.0669
5784.13 5784.13 0.0 108317.0688
5798.28 5798.28 0.0 108300.2173
5812.42 5812.42 0.0 108283.5322
5826.56 5826.56 0.0 108267.0059
5840.7 5840.7 0.0 108250.6274
5854.84 5854.84 0.0 108234.3989
5868.99 5868.99 0.0 108218.3159
5883.13 5883.13 0.0 108202.3950
5897.27 5897.27 0.0 108186.6152
5911.41 5911.41 0.0 108170.9810
5925.55 5925.55 0.0 108155.4941
5939.7 5939.7 0.0 108140.1377
5953.84 5953.84 0.0 108124.9365
5967.98 5967.98 0.0 108109.8784
5982.12 5982.12 0.0 108094.9531
5996.27 5996.27 0.0 108080.1602
6010.41 6010.41 0.0 108065.5112
6024.55 6024.55 0.0 108051.0005
6038.69 6038.69 0.0 108036.6191
6052.83 6052.83 0.0 108022.3765
6066.98 6066.98 0.0 108008.2588
6081.12 6081.12 0.0 107994.2759
6095.26 6095.26 0.0 107980.4268
6109.4 6109.4 0.0 107966.7007
6123.54 6123.54 0.0 107953.1099
6137.69 6137.69 0.0 107939.6284
6151.83 6151.83 0.0 107926.2910
6165.97 6165.97 0.0 107913.0708
6180.11 6180.11 0.0 107899.9707
6194.26 6194.26 0.0 107886.9873
6208.4 6208.4 0.0 107874.1343
6222.54 6222.54 0.0 107861.4038
6236.68 6236.68 0.0 107848.7842
6250.82 6250.82 0.0 107836.2881
6264.97 6264.97 0.0 107823.8989
6279.11 6279.11 0.0 107811.6387
6293.25 6293.25 0.0 107799.4849
6307.39 6307.39 0.0 107787.4512
6321.53 6321.53 0.0 107775.5254
6335.68 6335.68 0.0 107763.7080
6349.82 6349.82 0.0 107752.0098
6363.96 6363.96 0.0 107740.4243
6378.1 6378.1 0.0 107728.9385
6392.25 6392.25 0.0 107717.5581
6406.39 6406.39 0.0 107706.2949
6420.53 6420.53 0.0 107695.1401
6434.67 6434.67 0.0 107684.0894
6448.81 6448.81 0.0 107673.1387
6462.96 6462.96 0.0 107662.2847
6477.1 6477.1 0.0 107651.5430
6491.24 6491.24 0.0 107640.9092
6505.38 6505.38 0.0 107630.3687
6519.52 6519.52 0.0 107619.9292
6533.67 6533.67 0.0 107609.5898
6547.81 6547.81 0.0 107599.3525
6561.95 6561.95 0.0 107589.2109
6576.09 6576.09 0.0 107579.1689
6590.24 6590.24 0.0 107569.2178
6604.38 6604.38 0.0 107559.3716
6618.52 6618.52 0.0 107549.6167
6632.66 6632.66 0.0 107539.9551
6646.8 6646.8 0.0 107530.3843
6660.95 6660.95 0.0 107520.9077
6675.09 6675.09 0.0 107511.5225
6689.23 6689.23 0.0 107502.2329
6703.37 6703.37 0.0 107493.0317
6717.51 6717.51 0.0 107483.9224
6731.66 6731.66 0.0 107474.8965
6745.8 6745.8 0.0 107465.9604
6759.94 6759.94 0.0 107457.1270
6774.08 6774.08 0.0 107448.3618
6788.23 6788.23 0.0 107439.6851
6802.37 6802.37 0.0 107431.1040
6816.51 6816.51 0.0 107422.6045
6830.65 6830.65 0.0 107414.1865
6844.79 6844.79 0.0 107405.8555
6858.94 6858.94 0.0 107397.6021
6873.08 6873.08 0.0 107389.4409
6887.22 6887.22 0.0 107381.3564
6901.36 6901.36 0.0 107373.3516
6915.5 6915.5 0.0 107365.4331
6929.65 6929.65 0.0 107357.5869
6943.79 6943.79 0.0 107349.8228
6957.93 6957.93 0.0 107342.1367
6972.07 6972.07 0.0 107334.5356
6986.21 6986.21 0.0 107327.0122
7000.36 7000.36 0.0 107319.5552
7014.5 7014.5 0.0 107312.1807
7028.64 7028.64 0.0 107304.8818
7042.78 7042.78 0.0 107297.6621
7056.93 7056.93 0.0 107290.5078
7071.07 7071.07 0.0 107283.4331
7085.21 7085.21 0.0 107276.4351
7099.35 7099.35 0.0 107269.5098
7113.49 7113.49 0.0 107262.6602
7127.64 7127.64 0.0 107255.8721
7141.78 7141.78 0.0 107249.1626
7155.92 7155.92 0.0 107242.5215
7170.06 7170.06 0.0 107235.9536
7184.2 7184.2 0.0 107229.4541
7198.35 7198.35 0.0 107223.0239
7212.49 7212.49 0.0 107216.6562
7226.63 7226.63 0.0 107210.3682
7240.77 7240.77 0.0 107204.1426
7254.92 7254.92 0.0 107197.9800
7269.06 7269.06 0.0 107191.8931
7283.2 7283.2 0.0 107185.8682
7297.34 7297.34 0.0 107179.9111
7311.48 7311.48 0.0 107174.0161
7325.63 7325.63 0.0 107168.1841
7339.77 7339.77 0.0 107162.4189
7353.91 7353.91 0.0 107156.7188
7368.05 7368.05 0.0 107151.0850
7382.19 7382.19 0.0 107145.5088
7396.34 7396.34 0.0 107139.9956
7410.48 7410.48 0.0 107134.5493
7424.62 7424.62 0.0 107129.1592
7438.76 7438.76 0.0 107123.8364
7452.91 7452.91 0.0 107118.5669
7467.05 7467.05 0.0 107113.3604
7481.19 7481.19 0.0 107108.2168
7495.33 7495.33 0.0 107103.1284
7509.47 7509.47 0.0 107098.1035
7523.62 7523.62 0.0 107093.1260
7537.76 7537.76 0.0 107088.2192
7551.9 7551.9 0.0 107083.3657
7566.04 7566.04 0.0 107078.5708
7580.18 7580.18 0.0 107073.8291
7594.33 7594.33 0.0 107069.1436
7608.47 7608.47 0.0 107064.5186
7622.61 7622.61 0.0 107059.9463
7636.75 7636.75 0.0 107055.4272
7650.9 7650.9 0.0 107050.9629
7665.04 7665.04 0.0 107046.5547
7679.18 7679.18 0.0 107042.2031
7693.32 7693.32 0.0 107037.9019
7707.46 7707.46 0.0 107033.6523
7721.61 7721.61 0.0 107029.4575
7735.75 7735.75 0.0 107025.3174
7749.89 7749.89 0.0 107021.2231
7764.03 7764.03 0.0 107017.1836
7778.17 7778.17 0.0 107013.1958
