0.0 0.0 0.0 420496.2500
14.1421 14.1421 0.0 2649289.7500
28.2843 28.2843 0.0 2274861.5000
42.4264 42.4264 0.0 1860195.3750
56.5685 56.5685 0.0 1492908.0000
70.7107 70.7107 0.0 1191868.2500
84.8528 84.8528 0.0 955365.4375
98.9949 98.9949 0.0 774040.6250
113.137 113.137 0.0 636647.2500
127.279 127.279 0.0 532787.9062
141.421 141.421 0.0 453939.6250
155.563 155.563 0.0 393560.4688
169.706 169.706 0.0 346802.6406
183.848 183.848 0.0 310146.4062
197.99 197.99 0.0 281037.4688
212.132 212.132 0.0 257628.1562
226.274 226.274 0.0 238572.6094
240.416 240.416 0.0 222882.1953
254.558 254.558 0.0 209823.3203
268.701 268.701 0.0 198845.0469
282.843 282.843 0.0 189531.8906
296.985 296.985 0.0 181563.3047
311.127 311.127 0.0 174691.7891
325.269 325.269 0.0 168723.3828
339.411 339.411 0.0 163505.0625
353.553 353.553 0.0 158914.6289
367.696 367.696 0.0 154853.5391
381.838 381.838 0.0 151242.5508
395.98 395.98 0.0 148016.1562
410.122 410.122 0.0 145120.5078
424.264 424.264 0.0 142511.0195
438.406 438.406 0.0 140150.3711
452.548 452.548 0.0 138007.2539
466.69 466.69 0.0 136055.1602
480.833 480.833 0.0 134271.4023
494.975 494.975 0.0 132636.9785
509.117 509.117 0.0 131135.2012
523.259 523.259 0.0 129751.7695
537.401 537.401 0.0 128474.3359
551.543 551.543 0.0 127292.0645
565.685 565.685 0.0 126195.5449
579.828 579.828 0.0 125176.4512
593.97 593.97 0.0 124227.6445
608.112 608.112 0.0 123342.6113
622.254 622.254 0.0 122515.6602
636.396 636.396 0.0 121741.6836
650.538 650.538 0.0 121016.2129
664.68 664.68 0.0 120335.1719
678.823 678.823 0.0 119694.9141
692.965 692.965 0.0 119092.2598
707.107 707.107 0.0 118524.2520
721.249 721.249 0.0 117988.2109
735.391 735.391 0.0 117481.7627
749.533 749.533 0.0 117002.7295
763.675 763.675 0.0 116549.1387
777.817 777.817 0.0 116119.1934
791.96 791.96 0.0 115711.2236
806.102 806.102 0.0 115323.7891
820.244 820.244 0.0 114955.4932
834.386 834.386 0.0 114605.0674
848.528 848.528 0.0 114271.3740
862.67 862.67 0.0 113953.3467
876.812 876.812 0.0 113650.0098
890.955 890.955 0.0 113360.4268
905.097 905.097 0.0 113083.8164
919.239 919.239 0.0 112819.4043
933.381 933.381 0.0 112566.4502
947.523 947.523 0.0 112324.3164
961.665 961.665 0.0 112092.3750
975.807 975.807 0.0 111870.0645
989.949 989.949 0.0 111656.8486
1004.09 1004.09 0.0 111452.2539
1018.23 1018.23 0.0 111255.8135
1032.38 1032.38 0.0 111066.9492
1046.52 1046.52 0.0 110885.5430
1060.66 1060.66 0.0 110711.0576
1074.8 1074.8 0.0 110543.1680
1088.94 1088.94 0.0 110381.5430
1103.09 1103.09 0.0 110225.7383
1117.23 1117.23 0.0 110075.7217
1131.37 1131.37 0.0 109931.0898
1145.51 1145.51 0.0 109791.5859
1159.66 1159.66 0.0 109656.8799
1173.8 1173.8 0.0 109526.9414
1187.94 1187.94 0.0 109401.4526
1202.08 1202.08 0.0 109280.2178
1216.22 1216.22 0.0 109163.0405
1230.37 1230.37 0.0 109049.6816
1244.51 1244.51 0.0 108940.1074
1258.65 1258.65 0.0 108834.0933
1272.79 1272.79 0.0 108731.4775
1286.93 1286.93 0.0 108632.1270
1301.08 1301.08 0.0 108535.8301
1315.22 1315.22 0.0 108442.6108
1329.36 1329.36 0.0 108352.2617
1343.5 1343.5 0.0 108264.6646
1357.65 1357.65 0.0 108179.6665
1371.79 1371.79 0.0 108097.2734
1385.93 1385.93 0.0 108017.3174
1400.07 1400.07 0.0 107939.7261
1414.21 1414.21 0.0 107864.3867
1428.36 1428.36 0.0 107791.1812
1442.5 1442.5 0.0 107720.1235
1456.64 1456.64 0.0 107651.0771
1470.78 1470.78 0.0 107583.9814
1484.92 1484.92 0.0 107518.7612
1499.07 1499.07 0.0 107455.2905
1513.21 1513.21 0.0 107393.6226
1527.35 1527.35 0.0 107333.6299
1541.49 1541.49 0.0 107275.2524
1555.63 1555.63 0.0 107218.4438
1569.78 1569.78 0.0 107163.1138
1583.92 1583.92 0.0 107109.2827
1598.06 1598.06 0.0 107056.8633
1612.2 1612.2 0.0 107005.8057
1626.35 1626.35 0.0 106956.0420
1640.49 1640.49 0.0 106907.5737
1654.63 1654.63 0.0 106860.3506
1668.77 1668.77 0.0 106814.3242
1682.91 1682.91 0.0 106769.4507
1697.06 1697.06 0.0 106725.6675
1711.2 1711.2 0.0 106683.0024
1725.34 1725.34 0.0 106641.3892
1739.48 1739.48 0.0 106600.7959
1753.62 1753.62 0.0 106561.1885
1767.77 1767.77 0.0 106522.5103
1781.91 1781.91 0.0 106484.7925
1796.05 1796.05 0.0 106447.9810
1810.19 1810.19 0.0 106412.0361
1824.34 1824.34 0.0 106376.9170
1838.48 1838.48 0.0 106342.6460
1852.62 1852.62 0.0 106309.1763
1866.76 1866.76 0.0 106276.4839
1880.9 1880.9 0.0 106244.5474
1895.05 1895.05 0.0 106213.3223
1909.19 1909.19 0.0 106182.8286
1923.33 1923.33 0.0 106153.0352
1937.47 1937.47 0.0 106123.9146
1951.61 1951.61 0.0 106095.4478
1965.76 1965.76 0.0 106067.5967
1979.9 1979.9 0.0 106040.3896
1994.04 1994.04 0.0 106013.7842
2008.18 2008.18 0.0 105987.7632
2022.33 2022.33 0.0 105962.2998
2036.47 2036.47 0.0 105937.4062
2050.61 2050.61 0.0 105913.0635
2064.75 2064.75 0.0 105889.2417
2078.89 2078.89 0.0 105865.9365
2093.04 2093.04 0.0 105843.1133
2107.18 2107.18 0.0 105820.8003
2121.32 2121.32 0.0 105798.9570
2135.46 2135.46 0.0 105777.5776
2149.6 2149.6 0.0 105756.6499
2163.75 2163.75 0.0 105736.1519
2177.89 2177.89 0.0 105716.0962
2192.03 2192.03 0.0 105696.4609
2206.17 2206.17 0.0 105677.2334
2220.32 2220.32 0.0 105658.3921
2234.46 2234.46 0.0 105639.9531
2248.6 2248.6 0.0 105621.8950
2262.74 2262.74 0.0 105604.2012
2276.88 2276.88 0.0 105586.8784
2291.03 2291.03 0.0 105569.8906
2305.17 2305.17 0.0 105553.2632
2319.31 2319.31 0.0 105536.9717
2333.45 2333.45 0.0 105521.0044
2347.59 2347.59 0.0 105505.3623
2361.74 2361.74 0.0 105490.0215
2375.88 2375.88 0.0 105474.9985
2390.02 2390.02 0.0 105460.2749
2404.16 2404.16 0.0 105445.8447
2418.31 2418.31 0.0 105431.6860
2432.45 2432.45 0.0 105417.8206
2446.59 2446.59 0.0 105404.2292
2460.73 2460.73 0.0 105390.8997
2474.87 2474.87 0.0 105377.8374
2489.02 2489.02 0.0 105365.0132
2503.16 2503.16 0.0 105352.4514
2517.3 2517.3 0.0 105340.1350
2531.44 2531.44 0.0 105328.0544
2545.58 2545.58 0.0 105316.2100
2559.73 2559.73 0.0 105304.5813
2573.87 2573.87 0.0 105293.1858
2588.01 2588.01 0.0 105282.0066
2602.15 2602.15 0.0 105271.0430
2616.3 2616.3 0.0 105260.2788
2630.44 2630.44 0.0 105249.7271
2644.58 2644.58 0.0 105239.3757
2658.72 2658.72 0.0 105229.2175
2672.86 2672.86 0.0 105219.2510
2687.01 2687.01 0.0 105209.4631
2701.15 2701.15 0.0 105199.8750
2715.29 2715.29 0.0 105190.4570
2729.43 2729.43 0.0 105181.2148
2743.57 2743.57 0.0 105172.1467
2757.72 2757.72 0.0 105163.2385
2771.86 2771.86 0.0 105154.5061
2786.0 2786.0 0.0 105145.9294
2800.14 2800.14 0.0 105137.5098
2814.28 2814.28 0.0 105129.2466
2828.43 2828.43 0.0 105121.1313
2842.57 2842.57 0.0 105113.1667
2856.71 2856.71 0.0 105105.3467
2870.85 2870.85 0.0 105097.6697
2885.0 2885.0 0.0 105090.1272
2899.14 2899.14 0.0 105082.7227
2913.28 2913.28 0.0 105075.4561
2927.42 2927.42 0.0 105068.3157
2941.56 2941.56 0.0 105061.3027
2955.71 2955.71 0.0 105054.4094
2969.85 2969.85 0.0 105047.6455
2983.99 2983.99 0.0 105041.0002
2998.13 2998.13 0.0 105034.4744
3012.27 3012.27 0.0 105028.0586
3026.42 3026.42 0.0 105021.7542
3040.56 3040.56 0.0 105015.5642
3054.7 3054.7 0.0 105009.4827
3068.84 3068.84 0.0 105003.5042
3082.99 3082.99 0.0 104997.6262
3097.13 3097.13 0.0 104991.8567
3111.27 3111.27 0.0 104986.1821
3125.41 3125.41 0.0 104980.6030
3139.55 3139.55 0.0 104975.1226
3153.7 3153.7 0.0 104969.7288
3167.84 3167.84 0.0 104964.4312
3181.98 3181.98 0.0 104959.2209
3196.12 3196.12 0.0 104954.1011
3210.26 3210.26 0.0 104949.0671
3224.41 3224.41 0.0 104944.1096
3238.55 3238.55 0.0 104939.2380
3252.69 3252.69 0.0 104934.4502
3266.83 3266.83 0.0 104929.7373
3280.98 3280.98 0.0 104925.0974
3295.12 3295.12 0.0 104920.5352
3309.26 3309.26 0.0 104916.0474
3323.4 3323.4 0.0 104911.6333
3337.54 3337.54 0.0 104907.2859
3351.69 3351.69 0.0 104903.0054
3365.83 3365.83 0.0 104898.7961
3379.97 3379.97 0.0 104894.6531
3394.11 3394.11 0.0 104890.5740
3408.25 3408.25 0.0 104886.5574
3422.4 3422.4 0.0 104882.6028
3436.54 3436.54 0.0 104878.7070
3450.68 3450.68 0.0 104874.8691
3464.82 3464.82 0.0 104871.0928
3478.97 3478.97 0.0 104867.3682
3493.11 3493.11 0.0 104863.7009
3507.25 3507.25 0.0 104860.0881
3521.39 3521.39 0.0 104856.5276
3535.53 3535.53 0.0 104853.0176
3549.68 3549.68 0.0 104849.5566
3563.82 3563.82 0.0 104846.1475
3577.96 3577.96 0.0 104842.7817
3592.1 3592.1 0.0 104839.4680
3606.24 3606.24 0.0 104836.1975
3620.39 3620.39 0.0 104832.9697
3634.53 3634.53 0.0 104829.7886
3648.67 3648.67 0.0 104826.6504
3662.81 3662.81 0.0 104823.5479
3676.96 3676.96 0.0 104820.4885
3691.1 3691.1 0.0 104817.4717
3705.24 3705.24 0.0 104814.4905
3719.38 3719.38 0.0 104811.5486
3733.52 3733.52 0.0 104808.6418
3747.67 3747.67 0.0 104805.7693
3761.81 3761.81 0.0 104802.9358
3775.95 3775.95 0.0 104800.1323
3790.09 3790.09 0.0 104797.3643
3804.23 3804.23 0.0 104794.6282
3818.38 3818.38 0.0 104791.9204
3832.52 3832.52 0.0 104789.2466
3846.66 3846.66 0.0 104786.5994
3860.8 3860.8 0.0 104783.9836
3874.95 3874.95 0.0 104781.3911
3889.09 3889.09 0.0 104778.8320
3903.23 3903.23 0.0 104776.2981
3917.37 3917.37 0.0 104773.7854
3931.51 3931.51 0.0 104771.3008
3945.66 3945.66 0.0 104768.8406
3959.8 3959.8 0.0 104766.4058
3973.94 3973.94 0.0 104763.9917
3988.08 3988.08 0.0 104761.6011
4002.22 4002.22 0.0 104759.2283
4016.37 4016.37 0.0 104756.8782
4030.51 4030.51 0.0 104754.5493
4044.65 4044.65 0.0 104752.2400
4058.79 4058.79 0.0 104749.9504
4072.94 4072.94 0.0 104747.6750
4087.08 4087.08 0.0 104745.4207
4101.22 4101.22 0.0 104743.1826
4115.36 4115.36 0.0 104740.9641
4129.5 4129.5 0.0 104738.7583
4143.65 4143.65 0.0 104736.5667
4157.79 4157.79 0.0 104734.3914
4171.93 4171.93 0.0 104732.2285
4186.07 4186.07 0.0 104730.0803
4200.21 4200.21 0.0 104727.9512
4214.36 4214.36 0.0 104725.8264
4228.5 4228.5 0.0 104723.7178
4242.64 4242.64 0.0 104721.6230
4256.78 4256.78 0.0 104719.5364
4270.92 4270.92 0.0 104717.4604
4285.07 4285.07 0.0 104715.3909
4299.21 4299.21 0.0 104713.3352
4313.35 4313.35 0.0 104711.2891
4327.49 4327.49 0.0 104709.2539
4341.64 4341.64 0.0 104707.2214
4355.78 4355.78 0.0 104705.2012
4369.92 4369.92 0.0 104703.1907
4384.06 4384.06 0.0 104701.1826
4398.2 4398.2 0.0 104699.1804
4412.35 4412.35 0.0 104697.1863
4426.49 4426.49 0.0 104695.1997
4440.63 4440.63 0.0 104693.2205
4454.77 4454.77 0.0 104691.2456
4468.91 4468.91 0.0 104689.2703
4483.06 4483.06 0.0 104687.3027
4497.2 4497.2 0.0 104685.3379
4511.34 4511.34 0.0 104683.3772
4525.48 4525.48 0.0 104681.4209
4539.63 4539.63 0.0 104679.4675
4553.77 4553.77 0.0 104677.5151
4567.91 4567.91 0.0 104675.5701
4582.05 4582.05 0.0 104673.6233
4596.19 4596.19 0.0 104671.6807
4610.34 4610.34 0.0 104669.7358
4624.48 4624.48 0.0 104667.7974
4638.62 4638.62 0.0 104665.8564
4652.76 4652.76 0.0 104663.9165
4666.9 4666.9 0.0 104661.9780
4681.05 4681.05 0.0 104660.0374
4695.19 4695.19 0.0 104658.0979
4709.33 4709.33 0.0 104656.1611
4723.47 4723.47 0.0 104654.2175
4737.62 4737.62 0.0 104652.2749
4751.76 4751.76 0.0 104650.3352
4765.9 4765.9 0.0 104648.3918
4780.04 4780.04 0.0 104646.4465
4794.18 4794.18 0.0 104644.5022
4808.33 4808.33 0.0 104642.5496
4822.47 4822.47 0.0 104640.6013
4836.61 4836.61 0.0 104638.6462
4850.75 4850.75 0.0 104636.6924
4864.89 4864.89 0.0 104634.7302
4879.04 4879.04 0.0 104632.7693
4893.18 4893.18 0.0 104630.8076
4907.32 4907.32 0.0 104628.8350
4921.46 4921.46 0.0 104626.8630
4935.61 4935.61 0.0 104624.8865
4949.75 4949.75 0.0 104622.9109
4963.89 4963.89 0.0 104620.9268
4978.03 4978.03 0.0 104618.9380
4992.17 4992.17 0.0 104616.9456
5006.32 5006.32 0.0 104614.9497
5020.46 5020.46 0.0 104612.9470
5034.6 5034.6 0.0 104610.9441
5048.74 5048.74 0.0 104608.9316
5062.88 5062.88 0.0 104606.9170
5077.03 5077.03 0.0 104604.8977
5091.17 5091.17 0.0 104602.8713
5105.31 5105.31 0.0 104600.8374
5119.45 5119.45 0.0 104598.8059
5133.6 5133.6 0.0 104596.7615
5147.74 5147.74 0.0 104594.7158
5161.88 5161.88 0.0 104592.6587
5176.02 5176.02 0.0 104590.6011
5190.16 5190.16 0.0 104588.5356
5204.31 5204.31 0.0 104586.4670
5218.45 5218.45 0.0 104584.3870
5232.59 5232.59 0.0 104582.3066
5246.73 5246.73 0.0 104580.2158
5260.87 5260.87 0.0 104578.1245
5275.02 5275.02 0.0 104576.0203
5289.16 5289.16 0.0 104573.9146
5303.3 5303.3 0.0 104571.7993
5317.44 5317.44 0.0 104569.6777
5331.59 5331.59 0.0 104567.5500
5345.73 5345.73 0.0 104565.4155
5359.87 5359.87 0.0 104563.2751
5374.01 5374.01 0.0 104561.1284
5388.15 5388.15 0.0 104558.9739
5402.3 5402.3 0.0 104556.8130
5416.44 5416.44 0.0 104554.6475
5430.58 5430.58 0.0 104552.4727
5444.72 5444.72 0.0 104550.2932
5458.86 5458.86 0.0 104548.1057
5473.01 5473.01 0.0 104545.9106
5487.15 5487.15 0.0 104543.7095
5501.29 5501.29 0.0 104541.5039
5515.43 5515.43 0.0 104539.2888
5529.58 5529.58 0.0 104537.0662
5543.72 5543.72 0.0 104534.8406
5557.86 5557.86 0.0 104532.6052
5572.0 5572.0 0.0 104530.3645
5586.14 5586.14 0.0 104528.1160
5600.29 5600.29 0.0 104525.8613
5614.43 5614.43 0.0 104523.5994
5628.57 5628.57 0.0 104521.3315
5642.71 5642.71 0.0 104519.0571
5656.85 5656.85 0.0 104516.7739
5671.0 5671.0 0.0 104514.4880
5685.14 5685.14 0.0 104512.1912
5699.28 5699.28 0.0 104509.8904
5713.42 5713.42 0.0 104507.5833
5727.56 5727.56 0.0 104505.2737
5741.71 5741.71 0.0 104502.9490
5755.85 5755.85 0.0 104500.6199
5769.99 5769.99 0.0 104498.2893
5784.13 5784.13 0.0 104495.9514
5798.28 5798.28 0.0 104493.6035
5812.42 5812.42 0.0 104491.2524
5826.56 5826.56 0.0 104488.8943
5840.7 5840.7 0.0 104486.5305
5854.84 5854.84 0.0 104484.1621
5868.99 5868.99 0.0 104481.7852
5883.13 5883.13 0.0 104479.4026
5897.27 5897.27 0.0 104477.0171
5911.41 5911.41 0.0 104474.6245
5925.55 5925.55 0.0 104472.2246
5939.7 5939.7 0.0 104469.8208
5953.84 5953.84 0.0 104467.4097
5967.98 5967.98 0.0 104464.9976
5982.12 5982.12 0.0 104462.5781
5996.27 5996.27 0.0 104460.1531
6010.41 6010.41 0.0 104457.7212
6024.55 6024.55 0.0 104455.2822
6038.69 6038.69 0.0 104452.8433
6052.83 6052.83 0.0 104450.3977
6066.98 6066.98 0.0 104447.9448
6081.12 6081.12 0.0 104445.4897
6095.26 6095.26 0.0 104443.0320
6109.4 6109.4 0.0 104440.5686
6123.54 6123.54 0.0 104438.0999
6137.69 6137.69 0.0 104435.6243
6151.83 6151.83 0.0 104433.1462
6165.97 6165.97 0.0 104430.6699
6180.11 6180.11 0.0 104428.1797
6194.26 6194.26 0.0 104425.6895
6208.4 6208.4 0.0 104423.1943
6222.54 6222.54 0.0 104420.6997
6236.68 6236.68 0.0 104418.2007
6250.82 6250.82 0.0 104415.6965
6264.97 6264.97 0.0 104413.1890
6279.11 6279.11 0.0 104410.6804
6293.25 6293.25 0.0 104408.1646
6307.39 6307.39 0.0 104405.6467
6321.53 6321.53 0.0 104403.1279
6335.68 6335.68 0.0 104400.6025
6349.82 6349.82 0.0 104398.0791
6363.96 6363.96 0.0 104395.5474
6378.1 6378.1 0.0 104393.0210
6392.25 6392.25 0.0 104390.4846
6406.39 6406.39 0.0 104387.9504
6420.53 6420.53 0.0 104385.4155
6434.67 6434.67 0.0 104382.8726
6448.81 6448.81 0.0 104380.3333
6462.96 6462.96 0.0 104377.7886
6477.1 6477.1 0.0 104375.2419
6491.24 6491.24 0.0 104372.6970
6505.38 6505.38 0.0 104370.1499
6519.52 6519.52 0.0 104367.6023
6533.67 6533.67 0.0 104365.0479
6547.81 6547.81 0.0 104362.4985
6561.95 6561.95 0.0 104359.9458
6576.09 6576.09 0.0 104357.3906
6590.24 6590.24 0.0 104354.8362
6604.38 6604.38 0.0 104352.2827
6618.52 6618.52 0.0 104349.7266
6632.66 6632.66 0.0 104347.1716
6646.8 6646.8 0.0 104344.6155
6660.95 6660.95 0.0 104342.0593
6675.09 6675.09 0.0 104339.5046
6689.23 6689.23 0.0 104336.9482
6703.37 6703.37 0.0 104334.3938
6717.51 6717.51 0.0 104331.8386
6731.66 6731.66 0.0 104329.2830
6745.8 6745.8 0.0 104326.7292
6759.94 6759.94 0.0 104324.1748
6774.08 6774.08 0.0 104321.6243
6788.23 6788.23 0.0 104319.0725
6802.37 6802.37 0.0 104316.5225
6816.51 6816.51 0.0 104313.9695
6830.65 6830.65 0.0 104311.4219
6844.79 6844.79 0.0 104308.8792
6858.94 6858.94 0.0 104306.3345
6873.08 6873.08 0.0 104303.7915
6887.22 6887.22 0.0 104301.2480
6901.36 6901.36 0.0 104298.7126
6915.5 6915.5 0.0 104296.1726
6929.65 6929.65 0.0 104293.6367
6943.79 6943.79 0.0 104291.1064
6957.93 6957.93 0.0 104288.5742
6972.07 6972.07 0.0 104286.0493
6986.21 6986.21 0.0 104283.5254
