0.0 0.0 0.0 323969.6094
14.1421 14.1421 0.0 1053712.8125
28.2843 28.2843 0.0 1275222.5000
42.4264 42.4264 0.0 1388800.5000
56.5685 56.5685 0.0 1453109.1250
70.7107 70.7107 0.0 1489495.7500
84.8528 84.8528 0.0 1508161.5000
98.9949 98.9949 0.0 1514761.6250
113.137 113.137 0.0 1512755.5000
127.279 127.279 0.0 1504410.5000
141.421 141.421 0.0 1491293.3750
155.563 155.563 0.0 1474526.8750
169.706 169.706 0.0 1454947.0000
183.848 183.848 0.0 1433195.1250
197.99 197.99 0.0 1409764.8750
212.132 212.132 0.0 1385053.2500
226.274 226.274 0.0 1359375.6250
240.416 240.416 0.0 1332993.1250
254.558 254.558 0.0 1306117.0000
268.701 268.701 0.0 1278926.5000
282.843 282.843 0.0 1251570.7500
296.985 296.985 0.0 1224172.3750
311.127 311.127 0.0 1196839.0000
325.269 325.269 0.0 1169658.5000
339.411 339.411 0.0 1142706.6250
353.553 353.553 0.0 1116046.7500
367.696 367.696 0.0 1089730.5625
381.838 381.838 0.0 1063807.6875
395.98 395.98 0.0 1038314.0625
410.122 410.122 0.0 1013280.1250
424.264 424.264 0.0 988731.7500
438.406 438.406 0.0 964689.8750
452.548 452.548 0.0 941170.5000
466.69 466.69 0.0 918186.7500
480.833 480.833 0.0 895745.8125
494.975 494.975 0.0 873856.4375
509.117 509.117 0.0 852521.6250
523.259 523.259 0.0 831741.3125
537.401 537.401 0.0 811515.5625
551.543 551.543 0.0 791840.8125
565.685 565.685 0.0 772713.6875
579.828 579.828 0.0 754126.6875
593.97 593.97 0.0 736076.0625
608.112 608.112 0.0 718552.1250
622.254 622.254 0.0 701547.1250
636.396 636.396 0.0 685050.6875
650.538 650.538 0.0 669053.5000
664.68 664.68 0.0 653545.0000
678.823 678.823 0.0 638512.6250
692.965 692.965 0.0 623947.8750
707.107 707.107 0.0 609837.6875
721.249 721.249 0.0 596171.0625
735.391 735.391 0.0 582935.8125
749.533 749.533 0.0 570120.0625
763.675 763.675 0.0 557712.4375
777.817 777.817 0.0 545700.7500
791.96 791.96 0.0 534072.4688
806.102 806.102 0.0 522817.8125
820.244 820.244 0.0 511924.4375
834.386 834.386 0.0 501381.1875
848.528 848.528 0.0 491176.8750
862.67 862.67 0.0 481300.7500
876.812 876.812 0.0 471741.8125
890.955 890.955 0.0 462489.4375
905.097 905.097 0.0 453534.4062
919.239 919.239 0.0 444866.1562
933.381 933.381 0.0 436475.1562
947.523 947.523 0.0 428352.0312
961.665 961.665 0.0 420487.3125
975.807 975.807 0.0 412872.4375
989.949 989.949 0.0 405498.6562
1004.09 1004.09 0.0 398358.0625
1018.23 1018.23 0.0 391442.6250
1032.38 1032.38 0.0 384739.1875
1046.52 1046.52 0.0 378249.7500
1060.66 1060.66 0.0 371962.0938
1074.8 1074.8 0.0 365869.1562
1088.94 1088.94 0.0 359964.0312
1103.09 1103.09 0.0 354236.2656
1117.23 1117.23 0.0 348687.4688
1131.37 1131.37 0.0 343307.3438
1145.51 1145.51 0.0 338090.1406
1159.66 1159.66 0.0 333026.4688
1173.8 1173.8 0.0 328117.8906
1187.94 1187.94 0.0 323355.5469
1202.08 1202.08 0.0 318734.3594
1216.22 1216.22 0.0 314249.3594
1230.37 1230.37 0.0 309892.8125
1244.51 1244.51 0.0 305666.1562
1258.65 1258.65 0.0 301562.0312
1272.79 1272.79 0.0 297576.0625
1286.93 1286.93 0.0 293704.2344
1301.08 1301.08 0.0 289940.0000
1315.22 1315.22 0.0 286284.8594
1329.36 1329.36 0.0 282732.5312
1343.5 1343.5 0.0 279279.4219
1357.65 1357.65 0.0 275919.9375
1371.79 1371.79 0.0 272655.5000
1385.93 1385.93 0.0 269480.5781
1400.07 1400.07 0.0 266392.2500
1414.21 1414.21 0.0 263387.5156
1428.36 1428.36 0.0 260461.5625
1442.5 1442.5 0.0 257615.9219
1456.64 1456.64 0.0 254845.9219
1470.78 1470.78 0.0 252148.9531
1484.92 1484.92 0.0 249522.7656
1499.07 1499.07 0.0 246963.1719
1513.21 1513.21 0.0 244471.6562
1527.35 1527.35 0.0 242044.2344
1541.49 1541.49 0.0 239678.7656
1555.63 1555.63 0.0 237373.4062
1569.78 1569.78 0.0 235124.5938
1583.92 1583.92 0.0 232933.7031
1598.06 1598.06 0.0 230797.3125
1612.2 1612.2 0.0 228713.7734
1626.35 1626.35 0.0 226679.9922
1640.49 1640.49 0.0 224697.2812
1654.63 1654.63 0.0 222762.5859
1668.77 1668.77 0.0 220874.5703
1682.91 1682.91 0.0 219031.7188
1697.06 1697.06 0.0 217231.4062
1711.2 1711.2 0.0 215474.8828
1725.34 1725.34 0.0 213759.5859
1739.48 1739.48 0.0 212084.3125
1753.62 1753.62 0.0 210447.8438
1767.77 1767.77 0.0 208847.8359
1781.91 1781.91 0.0 207285.6484
1796.05 1796.05 0.0 205758.9453
1810.19 1810.19 0.0 204266.6953
1824.34 1824.34 0.0 202806.8516
1838.48 1838.48 0.0 201380.6484
1852.62 1852.62 0.0 199986.0234
1866.76 1866.76 0.0 198622.0547
1880.9 1880.9 0.0 197287.9844
1895.05 1895.05 0.0 195981.9297
1909.19 1909.19 0.0 194705.0078
1923.33 1923.33 0.0 193455.5234
1937.47 1937.47 0.0 192232.6719
1951.61 1951.61 0.0 191035.7109
1965.76 1965.76 0.0 189863.1875
1979.9 1979.9 0.0 188716.0078
1994.04 1994.04 0.0 187592.7266
2008.18 2008.18 0.0 186492.6562
2022.33 2022.33 0.0 185414.4297
2036.47 2036.47 0.0 184359.0234
2050.61 2050.61 0.0 183325.0391
2064.75 2064.75 0.0 182311.8906
2078.89 2078.89 0.0 181319.0859
2093.04 2093.04 0.0 180345.3828
2107.18 2107.18 0.0 179391.6797
2121.32 2121.32 0.0 178456.7734
2135.46 2135.46 0.0 177540.1562
2149.6 2149.6 0.0 176641.4297
2163.75 2163.75 0.0 175759.4141
2177.89 2177.89 0.0 174895.0391
2192.03 2192.03 0.0 174047.1719
2206.17 2206.17 0.0 173215.4531
2220.32 2220.32 0.0 172398.9062
2234.46 2234.46 0.0 171598.2422
2248.6 2248.6 0.0 170812.5391
2262.74 2262.74 0.0 170041.4531
2276.88 2276.88 0.0 169284.6250
2291.03 2291.03 0.0 168541.1797
2305.17 2305.17 0.0 167811.8281
2319.31 2319.31 0.0 167095.7031
2333.45 2333.45 0.0 166392.5430
2347.59 2347.59 0.0 165701.9961
2361.74 2361.74 0.0 165023.3281
2375.88 2375.88 0.0 164357.1562
2390.02 2390.02 0.0 163702.7539
2404.16 2404.16 0.0 163059.8750
2418.31 2418.31 0.0 162427.7461
2432.45 2432.45 0.0 161807.0547
2446.59 2446.59 0.0 161197.0859
2460.73 2460.73 0.0 160597.5742
2474.87 2474.87 0.0 160008.3281
2489.02 2489.02 0.0 159428.6641
2503.16 2503.16 0.0 158859.2188
2517.3 2517.3 0.0 158299.3242
2531.44 2531.44 0.0 157748.8125
2545.58 2545.58 0.0 157207.4336
2559.73 2559.73 0.0 156674.6250
2573.87 2573.87 0.0 156150.9961
2588.01 2588.01 0.0 155635.8867
2602.15 2602.15 0.0 155129.1797
2616.3 2616.3 0.0 154630.3242
2630.44 2630.44 0.0 154139.8516
2644.58 2644.58 0.0 153657.2109
2658.72 2658.72 0.0 153182.2695
2672.86 2672.86 0.0 152714.8516
2687.01 2687.01 0.0 152254.4961
2701.15 2701.15 0.0 151801.6562
2715.29 2715.29 0.0 151355.8828
2729.43 2729.43 0.0 150917.0234
2743.57 2743.57 0.0 150484.9609
2757.72 2757.72 0.0 150059.1992
2771.86 2771.86 0.0 149640.2461
2786.0 2786.0 0.0 149227.6602
2800.14 2800.14 0.0 148821.3320
2814.28 2814.28 0.0 148421.0859
2828.43 2828.43 0.0 148026.5586
2842.57 2842.57 0.0 147638.1797
2856.71 2856.71 0.0 147255.5391
2870.85 2870.85 0.0 146878.5547
2885.0 2885.0 0.0 146506.8203
2899.14 2899.14 0.0 146140.7656
2913.28 2913.28 0.0 145780.0352
2927.42 2927.42 0.0 145424.4844
2941.56 2941.56 0.0 145074.0469
2955.71 2955.71 0.0 144728.3789
2969.85 2969.85 0.0 144387.8750
2983.99 2983.99 0.0 144052.1641
2998.13 2998.13 0.0 143721.1875
3012.27 3012.27 0.0 143394.8594
3026.42 3026.42 0.0 143072.8281
3040.56 3040.56 0.0 142755.4766
3054.7 3054.7 0.0 142442.5156
3068.84 3068.84 0.0 142133.8516
3082.99 3082.99 0.0 141829.1719
3097.13 3097.13 0.0 141528.8555
3111.27 3111.27 0.0 141232.5938
3125.41 3125.41 0.0 140940.3008
3139.55 3139.55 0.0 140651.9492
3153.7 3153.7 0.0 140367.2031
3167.84 3167.84 0.0 140086.4453
3181.98 3181.98 0.0 139809.3945
3196.12 3196.12 0.0 139535.9531
3210.26 3210.26 0.0 139266.0977
3224.41 3224.41 0.0 138999.5586
3238.55 3238.55 0.0 138736.6484
3252.69 3252.69 0.0 138477.1211
3266.83 3266.83 0.0 138220.9102
3280.98 3280.98 0.0 137967.7891
3295.12 3295.12 0.0 137718.0547
3309.26 3309.26 0.0 137471.4492
3323.4 3323.4 0.0 137227.9492
3337.54 3337.54 0.0 136987.5078
3351.69 3351.69 0.0 136749.8711
3365.83 3365.83 0.0 136515.3320
3379.97 3379.97 0.0 136283.6836
3394.11 3394.11 0.0 136054.8672
3408.25 3408.25 0.0 135828.8477
3422.4 3422.4 0.0 135605.4102
3436.54 3436.54 0.0 135384.8242
3450.68 3450.68 0.0 135166.8984
3464.82 3464.82 0.0 134951.5820
3478.97 3478.97 0.0 134738.6445
3493.11 3493.11 0.0 134528.3984
3507.25 3507.25 0.0 134320.6328
3521.39 3521.39 0.0 134115.2969
3535.53 3535.53 0.0 133912.3535
3549.68 3549.68 0.0 133711.6465
3563.82 3563.82 0.0 133513.3848
3577.96 3577.96 0.0 133317.4062
3592.1 3592.1 0.0 133123.6719
3606.24 3606.24 0.0 132932.1367
3620.39 3620.39 0.0 132742.6680
3634.53 3634.53 0.0 132555.4512
3648.67 3648.67 0.0 132370.3477
3662.81 3662.81 0.0 132187.3145
3676.96 3676.96 0.0 132006.1992
3691.1 3691.1 0.0 131827.2070
3705.24 3705.24 0.0 131650.1934
3719.38 3719.38 0.0 131475.1172
3733.52 3733.52 0.0 131301.9805
3747.67 3747.67 0.0 131130.5801
3761.81 3761.81 0.0 130961.1680
3775.95 3775.95 0.0 130793.5918
3790.09 3790.09 0.0 130627.7969
3804.23 3804.23 0.0 130463.7969
3818.38 3818.38 0.0 130301.4219
3832.52 3832.52 0.0 130140.8828
3846.66 3846.66 0.0 129982.0254
3860.8 3860.8 0.0 129824.8574
3874.95 3874.95 0.0 129669.2168
3889.09 3889.09 0.0 129515.3047
3903.23 3903.23 0.0 129362.9824
3917.37 3917.37 0.0 129212.2168
3931.51 3931.51 0.0 129063.0195
3945.66 3945.66 0.0 128915.2461
3959.8 3959.8 0.0 128769.0898
3973.94 3973.94 0.0 128624.4160
3988.08 3988.08 0.0 128481.1836
4002.22 4002.22 0.0 128339.4180
4016.37 4016.37 0.0 128198.9473
4030.51 4030.51 0.0 128059.9961
4044.65 4044.65 0.0 127922.4199
4058.79 4058.79 0.0 127786.2031
4072.94 4072.94 0.0 127651.2363
4087.08 4087.08 0.0 127517.7051
4101.22 4101.22 0.0 127385.4707
4115.36 4115.36 0.0 127254.5078
4129.5 4129.5 0.0 127124.8223
4143.65 4143.65 0.0 126996.3066
4157.79 4157.79 0.0 126869.1250
4171.93 4171.93 0.0 126743.1426
4186.07 4186.07 0.0 126618.3828
4200.21 4200.21 0.0 126494.7910
4214.36 4214.36 0.0 126372.3008
4228.5 4228.5 0.0 126251.0312
4242.64 4242.64 0.0 126130.9238
4256.78 4256.78 0.0 126011.9375
4270.92 4270.92 0.0 125894.0508
4285.07 4285.07 0.0 125777.1816
4299.21 4299.21 0.0 125661.4863
4313.35 4313.35 0.0 125546.8633
4327.49 4327.49 0.0 125433.2891
4341.64 4341.64 0.0 125320.6719
4355.78 4355.78 0.0 125209.1660
4369.92 4369.92 0.0 125098.6680
4384.06 4384.06 0.0 124989.1836
4398.2 4398.2 0.0 124880.6934
4412.35 4412.35 0.0 124773.0840
4426.49 4426.49 0.0 124666.5312
4440.63 4440.63 0.0 124560.9219
4454.77 4454.77 0.0 124456.2695
4468.91 4468.91 0.0 124352.5332
4483.06 4483.06 0.0 124249.6543
4497.2 4497.2 0.0 124147.7520
4511.34 4511.34 0.0 124046.7402
4525.48 4525.48 0.0 123946.6211
4539.63 4539.63 0.0 123847.3105
4553.77 4553.77 0.0 123748.9355
4567.91 4567.91 0.0 123651.4219
4582.05 4582.05 0.0 123554.7227
4596.19 4596.19 0.0 123458.8965
4610.34 4610.34 0.0 123363.8184
4624.48 4624.48 0.0 123269.6152
4638.62 4638.62 0.0 123176.2383
4652.76 4652.76 0.0 123083.6387
4666.9 4666.9 0.0 122991.8398
4681.05 4681.05 0.0 122900.7422
4695.19 4695.19 0.0 122810.4863
4709.33 4709.33 0.0 122721.0000
4723.47 4723.47 0.0 122632.2754
4737.62 4737.62 0.0 122544.2207
4751.76 4751.76 0.0 122456.9629
4765.9 4765.9 0.0 122370.4414
4780.04 4780.04 0.0 122284.6562
4794.18 4794.18 0.0 122199.5605
4808.33 4808.33 0.0 122115.1270
4822.47 4822.47 0.0 122031.4434
4836.61 4836.61 0.0 121948.4629
4850.75 4850.75 0.0 121866.1445
4864.89 4864.89 0.0 121784.5254
4879.04 4879.04 0.0 121703.5098
4893.18 4893.18 0.0 121623.2207
4907.32 4907.32 0.0 121543.5801
4921.46 4921.46 0.0 121464.5938
4935.61 4935.61 0.0 121386.1973
4949.75 4949.75 0.0 121308.4785
4963.89 4963.89 0.0 121231.3965
4978.03 4978.03 0.0 121154.9512
4992.17 4992.17 0.0 121079.1035
5006.32 5006.32 0.0 121003.8223
5020.46 5020.46 0.0 120929.1953
5034.6 5034.6 0.0 120855.1699
5048.74 5048.74 0.0 120781.7285
5062.88 5062.88 0.0 120708.8926
5077.03 5077.03 0.0 120636.5742
5091.17 5091.17 0.0 120564.8926
5105.31 5105.31 0.0 120493.7754
5119.45 5119.45 0.0 120423.2266
5133.6 5133.6 0.0 120353.1758
5147.74 5147.74 0.0 120283.7383
5161.88 5161.88 0.0 120214.8438
5176.02 5176.02 0.0 120146.5039
5190.16 5190.16 0.0 120078.6797
5204.31 5204.31 0.0 120011.3633
5218.45 5218.45 0.0 119944.6230
5232.59 5232.59 0.0 119878.4062
5246.73 5246.73 0.0 119812.7012
5260.87 5260.87 0.0 119747.5156
5275.02 5275.02 0.0 119682.8008
5289.16 5289.16 0.0 119618.6211
5303.3 5303.3 0.0 119554.9512
5317.44 5317.44 0.0 119491.7891
5331.59 5331.59 0.0 119429.0410
5345.73 5345.73 0.0 119366.8496
5359.87 5359.87 0.0 119305.1406
5374.01 5374.01 0.0 119243.9141
5388.15 5388.15 0.0 119183.1621
5402.3 5402.3 0.0 119122.8184
5416.44 5416.44 0.0 119063.0039
5430.58 5430.58 0.0 119003.6445
5444.72 5444.72 0.0 118944.7500
5458.86 5458.86 0.0 118886.2930
5473.01 5473.01 0.0 118828.2480
5487.15 5487.15 0.0 118770.7168
5501.29 5501.29 0.0 118713.6191
5515.43 5515.43 0.0 118656.9531
5529.58 5529.58 0.0 118600.6895
5543.72 5543.72 0.0 118544.8926
5557.86 5557.86 0.0 118489.5273
5572.0 5572.0 0.0 118434.5957
5586.14 5586.14 0.0 118380.0723
5600.29 5600.29 0.0 118325.9297
5614.43 5614.43 0.0 118272.2539
5628.57 5628.57 0.0 118218.9727
5642.71 5642.71 0.0 118166.1250
5656.85 5656.85 0.0 118113.6582
5671.0 5671.0 0.0 118061.5645
5685.14 5685.14 0.0 118009.9180
5699.28 5699.28 0.0 117958.6641
5713.42 5713.42 0.0 117907.7910
5727.56 5727.56 0.0 117857.3105
5741.71 5741.71 0.0 117807.1934
5755.85 5755.85 0.0 117757.4805
5769.99 5769.99 0.0 117708.1582
5784.13 5784.13 0.0 117659.2061
5798.28 5798.28 0.0 117610.6006
5812.42 5812.42 0.0 117562.3984
5826.56 5826.56 0.0 117514.5586
5840.7 5840.7 0.0 117467.0986
5854.84 5854.84 0.0 117420.0010
5868.99 5868.99 0.0 117373.2246
5883.13 5883.13 0.0 117326.8486
5897.27 5897.27 0.0 117280.8174
5911.41 5911.41 0.0 117235.1465
5925.55 5925.55 0.0 117189.8193
5939.7 5939.7 0.0 117144.8213
5953.84 5953.84 0.0 117100.1885
5967.98 5967.98 0.0 117055.8965
5982.12 5982.12 0.0 117011.9512
5996.27 5996.27 0.0 116968.3115
6010.41 6010.41 0.0 116925.0439
6024.55 6024.55 0.0 116882.1006
6038.69 6038.69 0.0 116839.4824
6052.83 6052.83 0.0 116797.1982
6066.98 6066.98 0.0 116755.2178
6081.12 6081.12 0.0 116713.5908
6095.26 6095.26 0.0 116672.2783
6109.4 6109.4 0.0 116631.2939
6123.54 6123.54 0.0 116590.6133
6137.69 6137.69 0.0 116550.2188
6151.83 6151.83 0.0 116510.1680
6165.97 6165.97 0.0 116470.4307
6180.11 6180.11 0.0 116431.0098
6194.26 6194.26 0.0 116391.8555
6208.4 6208.4 0.0 116353.0439
6222.54 6222.54 0.0 116314.5225
6236.68 6236.68 0.0 116276.2969
6250.82 6250.82 0.0 116238.3740
6264.97 6264.97 0.0 116200.7148
6279.11 6279.11 0.0 116163.3818
6293.25 6293.25 0.0 116126.3369
6307.39 6307.39 0.0 116089.5820
6321.53 6321.53 0.0 116053.1240
6335.68 6335.68 0.0 116016.9170
6349.82 6349.82 0.0 115981.0205
6363.96 6363.96 0.0 115945.3975
6378.1 6378.1 0.0 115910.0742
6392.25 6392.25 0.0 115874.9805
6406.39 6406.39 0.0 115840.2041
6420.53 6420.53 0.0 115805.6963
6434.67 6434.67 0.0 115771.4668
6448.81 6448.81 0.0 115737.4951
6462.96 6462.96 0.0 115703.7686
6477.1 6477.1 0.0 115670.3486
6491.24 6491.24 0.0 115637.1836
6505.38 6505.38 0.0 115604.2812
6519.52 6519.52 0.0 115571.6328
6533.67 6533.67 0.0 115539.2305
6547.81 6547.81 0.0 115507.1123
6561.95 6561.95 0.0 115475.2451
6576.09 6576.09 0.0 115443.6309
6590.24 6590.24 0.0 115412.2520
6604.38 6604.38 0.0 115381.1436
6618.52 6618.52 0.0 115350.2812
6632.66 6632.66 0.0 115319.6719
6646.8 6646.8 0.0 115289.3086
6660.95 6660.95 0.0 115259.1689
6675.09 6675.09 0.0 115229.2969
6689.23 6689.23 0.0 115199.6602
6703.37 6703.37 0.0 115170.2627
6717.51 6717.51 0.0 115141.1104
6731.66 6731.66 0.0 115112.1699
6745.8 6745.8 0.0 115083.4844
6759.94 6759.94 0.0 115055.0273
6774.08 6774.08 0.0 115026.8105
6788.23 6788.23 0.0 114998.7998
6802.37 6802.37 0.0 114971.0469
6816.51 6816.51 0.0 114943.5098
6830.65 6830.65 0.0 114916.2168
6844.79 6844.79 0.0 114889.1309
6858.94 6858.94 0.0 114862.2529
6873.08 6873.08 0.0 114835.6191
6887.22 6887.22 0.0 114809.2041
6901.36 6901.36 0.0 114783.0000
6915.5 6915.5 0.0 114757.0303
6929.65 6929.65 0.0 114731.2441
6943.79 6943.79 0.0 114705.7031
6957.93 6957.93 0.0 114680.3564
6972.07 6972.07 0.0 114655.2412
6986.21 6986.21 0.0 114630.3301
7000.36 7000.36 0.0 114605.6084
7014.5 7014.5 0.0 114581.1025
7028.64 7028.64 0.0 114556.8174
7042.78 7042.78 0.0 114532.7275
7056.93 7056.93 0.0 114508.8301
7071.07 7071.07 0.0 114485.1572
7085.21 7085.21 0.0 114461.6758
7099.35 7099.35 0.0 114438.3965
7113.49 7113.49 0.0 114415.3135
7127.64 7127.64 0.0 114392.4141
7141.78 7141.78 0.0 114369.7207
7155.92 7155.92 0.0 114347.2324
7170.06 7170.06 0.0 114324.9248
7184.2 7184.2 0.0 114302.8164
7198.35 7198.35 0.0 114280.8848
7212.49 7212.49 0.0 114259.1621
7226.63 7226.63 0.0 114237.6162
7240.77 7240.77 0.0 114216.2529
7254.92 7254.92 0.0 114195.0771
7269.06 7269.06 0.0 114174.0938
7283.2 7283.2 0.0 114153.2900
7297.34 7297.34 0.0 114132.6777
7311.48 7311.48 0.0 114112.2324
7325.63 7325.63 0.0 114091.9639
7339.77 7339.77 0.0 114071.8789
7353.91 7353.91 0.0 114051.9756
7368.05 7368.05 0.0 114032.2422
7382.19 7382.19 0.0 114012.6875
7396.34 7396.34 0.0 113993.2979
7410.48 7410.48 0.0 113974.0918
7424.62 7424.62 0.0 113955.0459
7438.76 7438.76 0.0 113936.1855
7452.91 7452.91 0.0 113917.4766
7467.05 7467.05 0.0 113898.9521
7481.19 7481.19 0.0 113880.5889
7495.33 7495.33 0.0 113862.3906
7509.47 7509.47 0.0 113844.3496
7523.62 7523.62 0.0 113826.4756
7537.76 7537.76 0.0 113808.7578
7551.9 7551.9 0.0 113791.2119
7566.04 7566.04 0.0 113773.8320
7580.18 7580.18 0.0 113756.6006
7594.33 7594.33 0.0 113739.5225
7608.47 7608.47 0.0 113722.6025
7622.61 7622.61 0.0 113705.8447
7636.75 7636.75 0.0 113689.2402
7650.9 7650.9 0.0 113672.7744
7665.04 7665.04 0.0 113656.4824
7679.18 7679.18 0.0 113640.3408
7693.32 7693.32 0.0 113624.3350
7707.46 7707.46 0.0 113608.4912
7721.61 7721.61 0.0 113592.7832
7735.75 7735.75 0.0 113577.2236
7749.89 7749.89 0.0 113561.8213
7764.03 7764.03 0.0 113546.5615
7778.17 7778.17 0.0 113531.4482
