0.0 0.0 0.0 418951.4688
14.1421 14.1421 0.0 2687865.5000
28.2843 28.2843 0.0 2443461.0000
42.4264 42.4264 0.0 2115870.8750
56.5685 56.5685 0.0 1795513.0000
70.7107 70.7107 0.0 1508658.0000
84.8528 84.8528 0.0 1263117.1250
98.9949 98.9949 0.0 1058813.1250
113.137 113.137 0.0 891956.0625
127.279 127.279 0.0 757241.8125
141.421 141.421 0.0 649108.5625
155.563 155.563 0.0 562429.4688
169.706 169.706 0.0 492801.7812
183.848 183.848 0.0 436627.6250
197.99 197.99 0.0 391024.9062
212.132 212.132 0.0 353737.5000
226.274 226.274 0.0 323012.1094
240.416 240.416 0.0 297491.3281
254.558 254.558 0.0 276123.8906
268.701 268.701 0.0 258092.7188
282.843 282.843 0.0 242763.9688
296.985 296.985 0.0 229637.5156
311.127 311.127 0.0 218319.8594
325.269 325.269 0.0 208498.4766
339.411 339.411 0.0 199923.6328
353.553 353.553 0.0 192394.1953
367.696 367.696 0.0 185746.9141
381.838 381.838 0.0 179849.5234
395.98 395.98 0.0 174592.5938
410.122 410.122 0.0 169885.8203
424.264 424.264 0.0 165654.2578
438.406 438.406 0.0 161835.2031
452.548 452.548 0.0 158375.9570
466.69 466.69 0.0 155231.9727
480.833 480.833 0.0 152365.1953
494.975 494.975 0.0 149743.7305
509.117 509.117 0.0 147339.6094
523.259 523.259 0.0 145128.9844
537.401 537.401 0.0 143091.1797
551.543 551.543 0.0 141208.2383
565.685 565.685 0.0 139464.4961
579.828 579.828 0.0 137846.1797
593.97 593.97 0.0 136341.4180
608.112 608.112 0.0 134939.5430
622.254 622.254 0.0 133631.1465
636.396 636.396 0.0 132407.8984
650.538 650.538 0.0 131262.3945
664.68 664.68 0.0 130188.0488
678.823 678.823 0.0 129178.8926
692.965 692.965 0.0 128229.7441
707.107 707.107 0.0 127335.7852
721.249 721.249 0.0 126492.7188
735.391 735.391 0.0 125696.6797
749.533 749.533 0.0 124944.1465
763.675 763.675 0.0 124231.9336
777.817 777.817 0.0 123557.1797
791.96 791.96 0.0 122917.1641
806.102 806.102 0.0 122309.6191
820.244 820.244 0.0 121732.2676
834.386 834.386 0.0 121183.1152
848.528 848.528 0.0 120660.3184
862.67 862.67 0.0 120162.1914
876.812 876.812 0.0 119687.1719
890.955 890.955 0.0 119233.7715
905.097 905.097 0.0 118800.7676
919.239 919.239 0.0 118386.8789
933.381 933.381 0.0 117991.0000
947.523 947.523 0.0 117612.0625
961.665 961.665 0.0 117249.0996
975.807 975.807 0.0 116901.2080
989.949 989.949 0.0 116567.5645
1004.09 1004.09 0.0 116247.3828
1018.23 1018.23 0.0 115939.9727
1032.38 1032.38 0.0 115644.4014
1046.52 1046.52 0.0 115360.4600
1060.66 1060.66 0.0 115087.3418
1074.8 1074.8 0.0 114824.5029
1088.94 1088.94 0.0 114571.4238
1103.09 1103.09 0.0 114327.4385
1117.23 1117.23 0.0 114092.4473
1131.37 1131.37 0.0 113865.8555
1145.51 1145.51 0.0 113647.2461
1159.66 1159.66 0.0 113436.0996
1173.8 1173.8 0.0 113232.3682
1187.94 1187.94 0.0 113035.5645
1202.08 1202.08 0.0 112845.3584
1216.22 1216.22 0.0 112661.4697
1230.37 1230.37 0.0 112483.4854
1244.51 1244.51 0.0 112311.3936
1258.65 1258.65 0.0 112144.8262
1272.79 1272.79 0.0 111983.5195
1286.93 1286.93 0.0 111827.2852
1301.08 1301.08 0.0 111675.7793
1315.22 1315.22 0.0 111529.0225
1329.36 1329.36 0.0 111386.7188
1343.5 1343.5 0.0 111248.6865
1357.65 1357.65 0.0 111114.6562
1371.79 1371.79 0.0 110984.6650
1385.93 1385.93 0.0 110858.4502
1400.07 1400.07 0.0 110735.8682
1414.21 1414.21 0.0 110616.7725
1428.36 1428.36 0.0 110500.9600
1442.5 1442.5 0.0 110388.4668
1456.64 1456.64 0.0 110279.0811
1470.78 1470.78 0.0 110172.6914
1484.92 1484.92 0.0 110069.1885
1499.07 1499.07 0.0 109968.3994
1513.21 1513.21 0.0 109870.3613
1527.35 1527.35 0.0 109774.9111
1541.49 1541.49 0.0 109681.9414
1555.63 1555.63 0.0 109591.3896
1569.78 1569.78 0.0 109503.0991
1583.92 1583.92 0.0 109417.1084
1598.06 1598.06 0.0 109333.2817
1612.2 1612.2 0.0 109251.5542
1626.35 1626.35 0.0 109171.7905
1640.49 1640.49 0.0 109094.0366
1654.63 1654.63 0.0 109018.1787
1668.77 1668.77 0.0 108944.1455
1682.91 1682.91 0.0 108871.8784
1697.06 1697.06 0.0 108801.2827
1711.2 1711.2 0.0 108732.3931
1725.34 1725.34 0.0 108665.1050
1739.48 1739.48 0.0 108599.3687
1753.62 1753.62 0.0 108535.1450
1767.77 1767.77 0.0 108472.3315
1781.91 1781.91 0.0 108410.9858
1796.05 1796.05 0.0 108351.0029
1810.19 1810.19 0.0 108292.3530
1824.34 1824.34 0.0 108234.9565
1838.48 1838.48 0.0 108178.8486
1852.62 1852.62 0.0 108123.9541
1866.76 1866.76 0.0 108070.2446
1880.9 1880.9 0.0 108017.6733
1895.05 1895.05 0.0 107966.1797
1909.19 1909.19 0.0 107915.8013
1923.33 1923.33 0.0 107866.4756
1937.47 1937.47 0.0 107818.1660
1951.61 1951.61 0.0 107770.8423
1965.76 1965.76 0.0 107724.4502
1979.9 1979.9 0.0 107679.0249
1994.04 1994.04 0.0 107634.5176
2008.18 2008.18 0.0 107590.8877
2022.33 2022.33 0.0 107548.0879
2036.47 2036.47 0.0 107506.1606
2050.61 2050.61 0.0 107465.0405
2064.75 2064.75 0.0 107424.7148
2078.89 2078.89 0.0 107385.1641
2093.04 2093.04 0.0 107346.3320
2107.18 2107.18 0.0 107308.2661
2121.32 2121.32 0.0 107270.9033
2135.46 2135.46 0.0 107234.2427
2149.6 2149.6 0.0 107198.2539
2163.75 2163.75 0.0 107162.8940
2177.89 2177.89 0.0 107128.1992
2192.03 2192.03 0.0 107094.1353
2206.17 2206.17 0.0 107060.6797
2220.32 2220.32 0.0 107027.7896
2234.46 2234.46 0.0 106995.5078
2248.6 2248.6 0.0 106963.7861
2262.74 2262.74 0.0 106932.6147
2276.88 2276.88 0.0 106901.9814
2291.03 2291.03 0.0 106871.8462
2305.17 2305.17 0.0 106842.2471
2319.31 2319.31 0.0 106813.1440
2333.45 2333.45 0.0 106784.5269
2347.59 2347.59 0.0 106756.3789
2361.74 2361.74 0.0 106728.6782
2375.88 2375.88 0.0 106701.4463
2390.02 2390.02 0.0 106674.6567
2404.16 2404.16 0.0 106648.2988
2418.31 2418.31 0.0 106622.3447
2432.45 2432.45 0.0 106596.8149
2446.59 2446.59 0.0 106571.6855
2460.73 2460.73 0.0 106546.9458
2474.87 2474.87 0.0 106522.5898
2489.02 2489.02 0.0 106498.5928
2503.16 2503.16 0.0 106474.9683
2517.3 2517.3 0.0 106451.7100
2531.44 2531.44 0.0 106428.7944
2545.58 2545.58 0.0 106406.2222
2559.73 2559.73 0.0 106383.9595
2573.87 2573.87 0.0 106362.0386
2588.01 2588.01 0.0 106340.4365
2602.15 2602.15 0.0 106319.1431
2616.3 2616.3 0.0 106298.1382
2630.44 2630.44 0.0 106277.4404
2644.58 2644.58 0.0 106257.0376
2658.72 2658.72 0.0 106236.9150
2672.86 2672.86 0.0 106217.0698
2687.01 2687.01 0.0 106197.4761
2701.15 2701.15 0.0 106178.1655
2715.29 2715.29 0.0 106159.1118
2729.43 2729.43 0.0 106140.3125
2743.57 2743.57 0.0 106121.7578
2757.72 2757.72 0.0 106103.4360
2771.86 2771.86 0.0 106085.3579
2786.0 2786.0 0.0 106067.5151
2800.14 2800.14 0.0 106049.8921
2814.28 2814.28 0.0 106032.4932
2828.43 2828.43 0.0 106015.3013
2842.57 2842.57 0.0 105998.3345
2856.71 2856.71 0.0 105981.5698
2870.85 2870.85 0.0 105965.0068
2885.0 2885.0 0.0 105948.6348
2899.14 2899.14 0.0 105932.4634
2913.28 2913.28 0.0 105916.4829
2927.42 2927.42 0.0 105900.6865
2941.56 2941.56 0.0 105885.0742
2955.71 2955.71 0.0 105869.6279
2969.85 2969.85 0.0 105854.3677
2983.99 2983.99 0.0 105839.2720
2998.13 2998.13 0.0 105824.3477
3012.27 3012.27 0.0 105809.5806
3026.42 3026.42 0.0 105794.9697
3040.56 3040.56 0.0 105780.5190
3054.7 3054.7 0.0 105766.2202
3068.84 3068.84 0.0 105752.0747
3082.99 3082.99 0.0 105738.0625
3097.13 3097.13 0.0 105724.2051
3111.27 3111.27 0.0 105710.4878
3125.41 3125.41 0.0 105696.9019
3139.55 3139.55 0.0 105683.4536
3153.7 3153.7 0.0 105670.1274
3167.84 3167.84 0.0 105656.9365
3181.98 3181.98 0.0 105643.8726
3196.12 3196.12 0.0 105630.9351
3210.26 3210.26 0.0 105618.1128
3224.41 3224.41 0.0 105605.3970
3238.55 3238.55 0.0 105592.8042
3252.69 3252.69 0.0 105580.3291
3266.83 3266.83 0.0 105567.9575
3280.98 3280.98 0.0 105555.6963
3295.12 3295.12 0.0 105543.5430
3309.26 3309.26 0.0 105531.4878
3323.4 3323.4 0.0 105519.5396
3337.54 3337.54 0.0 105507.6924
3351.69 3351.69 0.0 105495.9263
3365.83 3365.83 0.0 105484.2646
3379.97 3379.97 0.0 105472.6982
3394.11 3394.11 0.0 105461.2222
3408.25 3408.25 0.0 105449.8315
3422.4 3422.4 0.0 105438.5215
3436.54 3436.54 0.0 105427.3047
3450.68 3450.68 0.0 105416.1697
3464.82 3464.82 0.0 105405.1187
3478.97 3478.97 0.0 105394.1360
3493.11 3493.11 0.0 105383.2373
3507.25 3507.25 0.0 105372.4180
3521.39 3521.39 0.0 105361.6729
3535.53 3535.53 0.0 105350.9990
3549.68 3549.68 0.0 105340.3875
3563.82 3563.82 0.0 105329.8552
3577.96 3577.96 0.0 105319.3904
3592.1 3592.1 0.0 105308.9949
3606.24 3606.24 0.0 105298.6582
3620.39 3620.39 0.0 105288.3843
3634.53 3634.53 0.0 105278.1765
3648.67 3648.67 0.0 105268.0325
3662.81 3662.81 0.0 105257.9426
3676.96 3676.96 0.0 105247.9058
3691.1 3691.1 0.0 105237.9341
3705.24 3705.24 0.0 105228.0159
3719.38 3719.38 0.0 105218.1577
3733.52 3733.52 0.0 105208.3503
3747.67 3747.67 0.0 105198.5859
3761.81 3761.81 0.0 105188.8792
3775.95 3775.95 0.0 105179.2261
3790.09 3790.09 0.0 105169.6191
3804.23 3804.23 0.0 105160.0613
3818.38 3818.38 0.0 105150.5403
3832.52 3832.52 0.0 105141.0718
3846.66 3846.66 0.0 105131.6465
3860.8 3860.8 0.0 105122.2698
3874.95 3874.95 0.0 105112.9268
3889.09 3889.09 0.0 105103.6321
3903.23 3903.23 0.0 105094.3728
3917.37 3917.37 0.0 105085.1611
3931.51 3931.51 0.0 105075.9807
3945.66 3945.66 0.0 105066.8374
3959.8 3959.8 0.0 105057.7371
3973.94 3973.94 0.0 105048.6736
3988.08 3988.08 0.0 105039.6421
4002.22 4002.22 0.0 105030.6453
4016.37 4016.37 0.0 105021.6787
4030.51 4030.51 0.0 105012.7493
4044.65 4044.65 0.0 105003.8540
4058.79 4058.79 0.0 104994.9893
4072.94 4072.94 0.0 104986.1489
4087.08 4087.08 0.0 104977.3455
4101.22 4101.22 0.0 104968.5737
4115.36 4115.36 0.0 104959.8262
4129.5 4129.5 0.0 104951.1084
4143.65 4143.65 0.0 104942.4116
4157.79 4157.79 0.0 104933.7524
4171.93 4171.93 0.0 104925.1145
4186.07 4186.07 0.0 104916.5022
4200.21 4200.21 0.0 104907.9170
4214.36 4214.36 0.0 104899.3489
4228.5 4228.5 0.0 104890.8149
4242.64 4242.64 0.0 104882.3015
4256.78 4256.78 0.0 104873.8115
4270.92 4270.92 0.0 104865.3420
4285.07 4285.07 0.0 104856.8923
4299.21 4299.21 0.0 104848.4697
4313.35 4313.35 0.0 104840.0635
4327.49 4327.49 0.0 104831.6809
4341.64 4341.64 0.0 104823.3115
4355.78 4355.78 0.0 104814.9688
4369.92 4369.92 0.0 104806.6460
4384.06 4384.06 0.0 104798.3428
4398.2 4398.2 0.0 104790.0544
4412.35 4412.35 0.0 104781.7812
4426.49 4426.49 0.0 104773.5308
4440.63 4440.63 0.0 104765.2983
4454.77 4454.77 0.0 104757.0806
4468.91 4468.91 0.0 104748.8792
4483.06 4483.06 0.0 104740.6943
4497.2 4497.2 0.0 104732.5256
4511.34 4511.34 0.0 104724.3730
4525.48 4525.48 0.0 104716.2383
4539.63 4539.63 0.0 104708.1101
4553.77 4553.77 0.0 104700.0063
4567.91 4567.91 0.0 104691.9109
4582.05 4582.05 0.0 104683.8342
4596.19 4596.19 0.0 104675.7729
4610.34 4610.34 0.0 104667.7144
4624.48 4624.48 0.0 104659.6785
4638.62 4638.62 0.0 104651.6572
4652.76 4652.76 0.0 104643.6460
4666.9 4666.9 0.0 104635.6489
4681.05 4681.05 0.0 104627.6584
4695.19 4695.19 0.0 104619.6814
4709.33 4709.33 0.0 104611.7263
4723.47 4723.47 0.0 104603.7766
4737.62 4737.62 0.0 104595.8364
4751.76 4751.76 0.0 104587.9111
4765.9 4765.9 0.0 104579.9988
4780.04 4780.04 0.0 104572.0959
4794.18 4794.18 0.0 104564.2065
4808.33 4808.33 0.0 104556.3237
4822.47 4822.47 0.0 104548.4541
4836.61 4836.61 0.0 104540.5959
4850.75 4850.75 0.0 104532.7537
4864.89 4864.89 0.0 104524.9153
4879.04 4879.04 0.0 104517.0854
4893.18 4893.18 0.0 104509.2700
4907.32 4907.32 0.0 104501.4666
4921.46 4921.46 0.0 104493.6729
4935.61 4935.61 0.0 104485.8816
4949.75 4949.75 0.0 104478.1096
4963.89 4963.89 0.0 104470.3462
4978.03 4978.03 0.0 104462.5901
4992.17 4992.17 0.0 104454.8469
5006.32 5006.32 0.0 104447.1079
5020.46 5020.46 0.0 104439.3853
5034.6 5034.6 0.0 104431.6694
5048.74 5048.74 0.0 104423.9658
5062.88 5062.88 0.0 104416.2693
5077.03 5077.03 0.0 104408.5789
5091.17 5091.17 0.0 104400.9041
5105.31 5105.31 0.0 104393.2371
5119.45 5119.45 0.0 104385.5833
5133.6 5133.6 0.0 104377.9338
5147.74 5147.74 0.0 104370.2949
5161.88 5161.88 0.0 104362.6677
5176.02 5176.02 0.0 104355.0513
5190.16 5190.16 0.0 104347.4451
5204.31 5204.31 0.0 104339.8418
5218.45 5218.45 0.0 104332.2539
5232.59 5232.59 0.0 104324.6750
5246.73 5246.73 0.0 104317.1062
5260.87 5260.87 0.0 104309.5483
5275.02 5275.02 0.0 104301.9939
5289.16 5289.16 0.0 104294.4565
5303.3 5303.3 0.0 104286.9263
5317.44 5317.44 0.0 104279.4077
5331.59 5331.59 0.0 104271.8945
5345.73 5345.73 0.0 104264.3972
5359.87 5359.87 0.0 104256.9080
5374.01 5374.01 0.0 104249.4307
5388.15 5388.15 0.0 104241.9644
5402.3 5402.3 0.0 104234.5029
5416.44 5416.44 0.0 104227.0554
5430.58 5430.58 0.0 104219.6169
5444.72 5444.72 0.0 104212.1921
5458.86 5458.86 0.0 104204.7781
5473.01 5473.01 0.0 104197.3691
5487.15 5487.15 0.0 104189.9768
5501.29 5501.29 0.0 104182.5952
5515.43 5515.43 0.0 104175.2234
5529.58 5529.58 0.0 104167.8594
5543.72 5543.72 0.0 104160.5103
5557.86 5557.86 0.0 104153.1750
5572.0 5572.0 0.0 104145.8489
5586.14 5586.14 0.0 104138.5342
5600.29 5600.29 0.0 104131.2288
5614.43 5614.43 0.0 104123.9370
5628.57 5628.57 0.0 104116.6589
5642.71 5642.71 0.0 104109.3916
5656.85 5656.85 0.0 104102.1382
5671.0 5671.0 0.0 104094.8904
5685.14 5685.14 0.0 104087.6616
5699.28 5699.28 0.0 104080.4458
5713.42 5713.42 0.0 104073.2417
5727.56 5727.56 0.0 104066.0479
5741.71 5741.71 0.0 104058.8682
5755.85 5755.85 0.0 104051.7004
5769.99 5769.99 0.0 104044.5464
5784.13 5784.13 0.0 104037.4075
5798.28 5798.28 0.0 104030.2791
5812.42 5812.42 0.0 104023.1672
5826.56 5826.56 0.0 104016.0686
5840.7 5840.7 0.0 104008.9839
5854.84 5854.84 0.0 104001.9126
5868.99 5868.99 0.0 103994.8521
5883.13 5883.13 0.0 103987.8127
5897.27 5897.27 0.0 103980.7817
5911.41 5911.41 0.0 103973.7695
5925.55 5925.55 0.0 103966.7683
5939.7 5939.7 0.0 103959.7817
5953.84 5953.84 0.0 103952.8120
5967.98 5967.98 0.0 103945.8584
5982.12 5982.12 0.0 103938.9221
5996.27 5996.27 0.0 103931.9929
6010.41 6010.41 0.0 103925.0867
6024.55 6024.55 0.0 103918.1953
6038.69 6038.69 0.0 103911.3198
6052.83 6052.83 0.0 103904.4587
6066.98 6066.98 0.0 103897.6121
6081.12 6081.12 0.0 103890.7849
6095.26 6095.26 0.0 103883.9736
6109.4 6109.4 0.0 103877.1787
6123.54 6123.54 0.0 103870.4006
6137.69 6137.69 0.0 103863.6357
6151.83 6151.83 0.0 103856.8940
6165.97 6165.97 0.0 103850.1687
6180.11 6180.11 0.0 103843.4587
6194.26 6194.26 0.0 103836.7629
6208.4 6208.4 0.0 103830.0901
6222.54 6222.54 0.0 103823.4358
6236.68 6236.68 0.0 103816.7971
6250.82 6250.82 0.0 103810.1768
6264.97 6264.97 0.0 103803.5706
6279.11 6279.11 0.0 103796.9868
6293.25 6293.25 0.0 103790.4265
6307.39 6307.39 0.0 103783.8809
6321.53 6321.53 0.0 103777.3540
6335.68 6335.68 0.0 103770.8396
6349.82 6349.82 0.0 103764.3530
6363.96 6363.96 0.0 103757.8838
6378.1 6378.1 0.0 103751.4338
6392.25 6392.25 0.0 103744.9998
6406.39 6406.39 0.0 103738.5898
6420.53 6420.53 0.0 103732.2002
6434.67 6434.67 0.0 103725.8296
6448.81 6448.81 0.0 103719.4795
6462.96 6462.96 0.0 103713.1438
6477.1 6477.1 0.0 103706.8372
6491.24 6491.24 0.0 103700.5486
6505.38 6505.38 0.0 103694.2810
6519.52 6519.52 0.0 103688.0332
6533.67 6533.67 0.0 103681.8040
6547.81 6547.81 0.0 103675.5981
6561.95 6561.95 0.0 103669.4153
6576.09 6576.09 0.0 103663.2554
6590.24 6590.24 0.0 103657.1094
6604.38 6604.38 0.0 103650.9939
6618.52 6618.52 0.0 103644.8962
6632.66 6632.66 0.0 103638.8206
6646.8 6646.8 0.0 103632.7673
6660.95 6660.95 0.0 103626.7344
6675.09 6675.09 0.0 103620.7266
6689.23 6689.23 0.0 103614.7393
6703.37 6703.37 0.0 103608.7783
6717.51 6717.51 0.0 103602.8403
6731.66 6731.66 0.0 103596.9189
6745.8 6745.8 0.0 103591.0249
6759.94 6759.94 0.0 103585.1558
6774.08 6774.08 0.0 103579.3091
6788.23 6788.23 0.0 103573.4812
6802.37 6802.37 0.0 103567.6819
6816.51 6816.51 0.0 103561.9038
6830.65 6830.65 0.0 103556.1494
6844.79 6844.79 0.0 103550.4224
6858.94 6858.94 0.0 103544.7109
6873.08 6873.08 0.0 103539.0315
6887.22 6887.22 0.0 103533.3755
6901.36 6901.36 0.0 103527.7427
6915.5 6915.5 0.0 103522.1345
6929.65 6929.65 0.0 103516.5469
6943.79 6943.79 0.0 103510.9878
6957.93 6957.93 0.0 103505.4536
6972.07 6972.07 0.0 103499.9456
6986.21 6986.21 0.0 103494.4600
