0.0 0.0 0.0 329207.7656
14.1421 14.1421 0.0 1436159.0000
28.2843 28.2843 0.0 1350381.1250
42.4264 42.4264 0.0 1190935.6250
56.5685 56.5685 0.0 1028141.9375
70.7107 70.7107 0.0 881290.8750
84.8528 84.8528 0.0 755598.8750
98.9949 98.9949 0.0 650898.0625
113.137 113.137 0.0 564916.5000
127.279 127.279 0.0 494758.2812
141.421 141.421 0.0 437583.5625
155.563 155.563 0.0 390889.3125
169.706 169.706 0.0 352584.6562
183.848 183.848 0.0 320984.2812
197.99 197.99 0.0 294740.5000
212.132 212.132 0.0 272791.8281
226.274 226.274 0.0 254304.0938
240.416 240.416 0.0 238621.1875
254.558 254.558 0.0 225225.7734
268.701 268.701 0.0 213707.3750
282.843 282.843 0.0 203741.9609
296.985 296.985 0.0 195067.6719
311.127 311.127 0.0 187474.6875
325.269 325.269 0.0 180792.8203
339.411 339.411 0.0 174883.3359
353.553 353.553 0.0 169632.5078
367.696 367.696 0.0 164946.1914
381.838 381.838 0.0 160746.9961
395.98 395.98 0.0 156969.5664
410.122 410.122 0.0 153559.1797
424.264 424.264 0.0 150469.7266
438.406 438.406 0.0 147662.0625
452.548 452.548 0.0 145102.8555
466.69 466.69 0.0 142763.4766
480.833 480.833 0.0 140619.2383
494.975 494.975 0.0 138649.1953
509.117 509.117 0.0 136834.7188
523.259 523.259 0.0 135159.8086
537.401 537.401 0.0 133610.4297
551.543 551.543 0.0 132174.2754
565.685 565.685 0.0 130840.5020
579.828 579.828 0.0 129599.4824
593.97 593.97 0.0 128442.9238
608.112 608.112 0.0 127363.2109
622.254 622.254 0.0 126353.6465
636.396 636.396 0.0 125408.2676
650.538 650.538 0.0 124521.7051
664.68 664.68 0.0 123689.1582
678.823 678.823 0.0 122906.2441
692.965 692.965 0.0 122169.1875
707.107 707.107 0.0 121474.3984
721.249 721.249 0.0 120818.7051
735.391 735.391 0.0 120199.1992
749.533 749.533 0.0 119613.2539
763.675 763.675 0.0 119058.4922
777.817 777.817 0.0 118532.7188
791.96 791.96 0.0 118033.8965
806.102 806.102 0.0 117560.2861
820.244 820.244 0.0 117110.1855
834.386 834.386 0.0 116682.0420
848.528 848.528 0.0 116274.4287
862.67 862.67 0.0 115886.0742
876.812 876.812 0.0 115515.7842
890.955 890.955 0.0 115162.4043
905.097 905.097 0.0 114824.9824
919.239 919.239 0.0 114502.5303
933.381 933.381 0.0 114194.1738
947.523 947.523 0.0 113899.1055
961.665 961.665 0.0 113616.5791
975.807 975.807 0.0 113345.8662
989.949 989.949 0.0 113086.3418
1004.09 1004.09 0.0 112837.3877
1018.23 1018.23 0.0 112598.4600
1032.38 1032.38 0.0 112368.8369
1046.52 1046.52 0.0 112148.3564
1060.66 1060.66 0.0 111936.3652
1074.8 1074.8 0.0 111732.4736
1088.94 1088.94 0.0 111536.2383
1103.09 1103.09 0.0 111347.1748
1117.23 1117.23 0.0 111165.1680
1131.37 1131.37 0.0 110989.7637
1145.51 1145.51 0.0 110820.6426
1159.66 1159.66 0.0 110657.3896
1173.8 1173.8 0.0 110499.9531
1187.94 1187.94 0.0 110347.9648
1202.08 1202.08 0.0 110201.1807
1216.22 1216.22 0.0 110059.3555
1230.37 1230.37 0.0 109922.1592
1244.51 1244.51 0.0 109789.6172
1258.65 1258.65 0.0 109661.3994
1272.79 1272.79 0.0 109537.3281
1286.93 1286.93 0.0 109417.2319
1301.08 1301.08 0.0 109300.8584
1315.22 1315.22 0.0 109188.2217
1329.36 1329.36 0.0 109079.0723
1343.5 1343.5 0.0 108973.2778
1357.65 1357.65 0.0 108870.6382
1371.79 1371.79 0.0 108771.1611
1385.93 1385.93 0.0 108674.6519
1400.07 1400.07 0.0 108580.9951
1414.21 1414.21 0.0 108490.0840
1428.36 1428.36 0.0 108401.7466
1442.5 1442.5 0.0 108316.0088
1456.64 1456.64 0.0 108232.7144
1470.78 1470.78 0.0 108151.7681
1484.92 1484.92 0.0 108073.0918
1499.07 1499.07 0.0 107996.5493
1513.21 1513.21 0.0 107922.1572
1527.35 1527.35 0.0 107849.7954
1541.49 1541.49 0.0 107779.3896
1555.63 1555.63 0.0 107710.8711
1569.78 1569.78 0.0 107644.1372
1583.92 1583.92 0.0 107579.2051
1598.06 1598.06 0.0 107515.9673
1612.2 1612.2 0.0 107454.3818
1626.35 1626.35 0.0 107394.3325
1640.49 1640.49 0.0 107335.8613
1654.63 1654.63 0.0 107278.8716
1668.77 1668.77 0.0 107223.3213
1682.91 1682.91 0.0 107169.1567
1697.06 1697.06 0.0 107116.2979
1711.2 1711.2 0.0 107064.7808
1725.34 1725.34 0.0 107014.5181
1739.48 1739.48 0.0 106965.4810
1753.62 1753.62 0.0 106917.6226
1767.77 1767.77 0.0 106870.8813
1781.91 1781.91 0.0 106825.2773
1796.05 1796.05 0.0 106780.7588
1810.19 1810.19 0.0 106737.2783
1824.34 1824.34 0.0 106694.7852
1838.48 1838.48 0.0 106653.3027
1852.62 1852.62 0.0 106612.7725
1866.76 1866.76 0.0 106573.1729
1880.9 1880.9 0.0 106534.4736
1895.05 1895.05 0.0 106496.6147
1909.19 1909.19 0.0 106459.6362
1923.33 1923.33 0.0 106423.4834
1937.47 1937.47 0.0 106388.1313
1951.61 1951.61 0.0 106353.5547
1965.76 1965.76 0.0 106319.7109
1979.9 1979.9 0.0 106286.6318
1994.04 1994.04 0.0 106254.2681
2008.18 2008.18 0.0 106222.5977
2022.33 2022.33 0.0 106191.5879
2036.47 2036.47 0.0 106161.2573
2050.61 2050.61 0.0 106131.5679
2064.75 2064.75 0.0 106102.5083
2078.89 2078.89 0.0 106074.0488
2093.04 2093.04 0.0 106046.1714
2107.18 2107.18 0.0 106018.8818
2121.32 2121.32 0.0 105992.1621
2135.46 2135.46 0.0 105965.9941
2149.6 2149.6 0.0 105940.3501
2163.75 2163.75 0.0 105915.2119
2177.89 2177.89 0.0 105890.6011
2192.03 2192.03 0.0 105866.4829
2206.17 2206.17 0.0 105842.8467
2220.32 2220.32 0.0 105819.6606
2234.46 2234.46 0.0 105796.9590
2248.6 2248.6 0.0 105774.6953
2262.74 2262.74 0.0 105752.8730
2276.88 2276.88 0.0 105731.4780
2291.03 2291.03 0.0 105710.4795
2305.17 2305.17 0.0 105689.9062
2319.31 2319.31 0.0 105669.7271
2333.45 2333.45 0.0 105649.9307
2347.59 2347.59 0.0 105630.5190
2361.74 2361.74 0.0 105611.4561
2375.88 2375.88 0.0 105592.7734
2390.02 2390.02 0.0 105574.4414
2404.16 2404.16 0.0 105556.4448
2418.31 2418.31 0.0 105538.7778
2432.45 2432.45 0.0 105521.4521
2446.59 2446.59 0.0 105504.4458
2460.73 2460.73 0.0 105487.7573
2474.87 2474.87 0.0 105471.3647
2489.02 2489.02 0.0 105455.2661
2503.16 2503.16 0.0 105439.4673
2517.3 2517.3 0.0 105423.9600
2531.44 2531.44 0.0 105408.7317
2545.58 2545.58 0.0 105393.7742
2559.73 2559.73 0.0 105379.0742
2573.87 2573.87 0.0 105364.6475
2588.01 2588.01 0.0 105350.4736
2602.15 2602.15 0.0 105336.5522
2616.3 2616.3 0.0 105322.8689
2630.44 2630.44 0.0 105309.4331
2644.58 2644.58 0.0 105296.2312
2658.72 2658.72 0.0 105283.2537
2672.86 2672.86 0.0 105270.5005
2687.01 2687.01 0.0 105257.9663
2701.15 2701.15 0.0 105245.6533
2715.29 2715.29 0.0 105233.5457
2729.43 2729.43 0.0 105221.6499
2743.57 2743.57 0.0 105209.9548
2757.72 2757.72 0.0 105198.4458
2771.86 2771.86 0.0 105187.1401
2786.0 2786.0 0.0 105176.0227
2800.14 2800.14 0.0 105165.0911
2814.28 2814.28 0.0 105154.3435
2828.43 2828.43 0.0 105143.7605
2842.57 2842.57 0.0 105133.3643
2856.71 2856.71 0.0 105123.1338
2870.85 2870.85 0.0 105113.0747
2885.0 2885.0 0.0 105103.1682
2899.14 2899.14 0.0 105093.4309
2913.28 2913.28 0.0 105083.8513
2927.42 2927.42 0.0 105074.4246
2941.56 2941.56 0.0 105065.1458
2955.71 2955.71 0.0 105056.0107
2969.85 2969.85 0.0 105047.0291
2983.99 2983.99 0.0 105038.1836
2998.13 2998.13 0.0 105029.4795
3012.27 3012.27 0.0 105020.9099
3026.42 3026.42 0.0 105012.4688
3040.56 3040.56 0.0 105004.1606
3054.7 3054.7 0.0 104995.9832
3068.84 3068.84 0.0 104987.9304
3082.99 3082.99 0.0 104979.9995
3097.13 3097.13 0.0 104972.1860
3111.27 3111.27 0.0 104964.4951
3125.41 3125.41 0.0 104956.9194
3139.55 3139.55 0.0 104949.4573
3153.7 3153.7 0.0 104942.1018
3167.84 3167.84 0.0 104934.8557
3181.98 3181.98 0.0 104927.7166
3196.12 3196.12 0.0 104920.6892
3210.26 3210.26 0.0 104913.7559
3224.41 3224.41 0.0 104906.9214
3238.55 3238.55 0.0 104900.1880
3252.69 3252.69 0.0 104893.5554
3266.83 3266.83 0.0 104887.0151
3280.98 3280.98 0.0 104880.5613
3295.12 3295.12 0.0 104874.2017
3309.26 3309.26 0.0 104867.9346
3323.4 3323.4 0.0 104861.7524
3337.54 3337.54 0.0 104855.6584
3351.69 3351.69 0.0 104849.6404
3365.83 3365.83 0.0 104843.7097
3379.97 3379.97 0.0 104837.8625
3394.11 3394.11 0.0 104832.0916
3408.25 3408.25 0.0 104826.3921
3422.4 3422.4 0.0 104820.7698
3436.54 3436.54 0.0 104815.2249
3450.68 3450.68 0.0 104809.7549
3464.82 3464.82 0.0 104804.3533
3478.97 3478.97 0.0 104799.0208
3493.11 3493.11 0.0 104793.7595
3507.25 3507.25 0.0 104788.5620
3521.39 3521.39 0.0 104783.4321
3535.53 3535.53 0.0 104778.3652
3549.68 3549.68 0.0 104773.3599
3563.82 3563.82 0.0 104768.4194
3577.96 3577.96 0.0 104763.5369
3592.1 3592.1 0.0 104758.7180
3606.24 3606.24 0.0 104753.9534
3620.39 3620.39 0.0 104749.2461
3634.53 3634.53 0.0 104744.5923
3648.67 3648.67 0.0 104739.9966
3662.81 3662.81 0.0 104735.4529
3676.96 3676.96 0.0 104730.9622
3691.1 3691.1 0.0 104726.5212
3705.24 3705.24 0.0 104722.1326
3719.38 3719.38 0.0 104717.7932
3733.52 3733.52 0.0 104713.4998
3747.67 3747.67 0.0 104709.2539
3761.81 3761.81 0.0 104705.0552
3775.95 3775.95 0.0 104700.9045
3790.09 3790.09 0.0 104696.7947
3804.23 3804.23 0.0 104692.7283
3818.38 3818.38 0.0 104688.7051
3832.52 3832.52 0.0 104684.7236
3846.66 3846.66 0.0 104680.7803
3860.8 3860.8 0.0 104676.8799
3874.95 3874.95 0.0 104673.0112
3889.09 3889.09 0.0 104669.1882
3903.23 3903.23 0.0 104665.4048
3917.37 3917.37 0.0 104661.6523
3931.51 3931.51 0.0 104657.9392
3945.66 3945.66 0.0 104654.2571
3959.8 3959.8 0.0 104650.6123
3973.94 3973.94 0.0 104647.0000
3988.08 3988.08 0.0 104643.4216
4002.22 4002.22 0.0 104639.8723
4016.37 4016.37 0.0 104636.3552
4030.51 4030.51 0.0 104632.8699
4044.65 4044.65 0.0 104629.4150
4058.79 4058.79 0.0 104625.9893
4072.94 4072.94 0.0 104622.5872
4087.08 4087.08 0.0 104619.2202
4101.22 4101.22 0.0 104615.8752
4115.36 4115.36 0.0 104612.5586
4129.5 4129.5 0.0 104609.2708
4143.65 4143.65 0.0 104606.0046
4157.79 4157.79 0.0 104602.7668
4171.93 4171.93 0.0 104599.5525
4186.07 4186.07 0.0 104596.3596
4200.21 4200.21 0.0 104593.1907
4214.36 4214.36 0.0 104590.0430
4228.5 4228.5 0.0 104586.9236
4242.64 4242.64 0.0 104583.8191
4256.78 4256.78 0.0 104580.7410
4270.92 4270.92 0.0 104577.6814
4285.07 4285.07 0.0 104574.6384
4299.21 4299.21 0.0 104571.6184
4313.35 4313.35 0.0 104568.6167
4327.49 4327.49 0.0 104565.6377
4341.64 4341.64 0.0 104562.6709
4355.78 4355.78 0.0 104559.7268
4369.92 4369.92 0.0 104556.7993
4384.06 4384.06 0.0 104553.8850
4398.2 4398.2 0.0 104550.9917
4412.35 4412.35 0.0 104548.1118
4426.49 4426.49 0.0 104545.2502
4440.63 4440.63 0.0 104542.4011
4454.77 4454.77 0.0 104539.5657
4468.91 4468.91 0.0 104536.7512
4483.06 4483.06 0.0 104533.9419
4497.2 4497.2 0.0 104531.1565
4511.34 4511.34 0.0 104528.3799
4525.48 4525.48 0.0 104525.6147
4539.63 4539.63 0.0 104522.8643
4553.77 4553.77 0.0 104520.1262
4567.91 4567.91 0.0 104517.3984
4582.05 4582.05 0.0 104514.6838
4596.19 4596.19 0.0 104511.9805
4610.34 4610.34 0.0 104509.2898
4624.48 4624.48 0.0 104506.6062
4638.62 4638.62 0.0 104503.9385
4652.76 4652.76 0.0 104501.2805
4666.9 4666.9 0.0 104498.6262
4681.05 4681.05 0.0 104495.9849
4695.19 4695.19 0.0 104493.3530
4709.33 4709.33 0.0 104490.7354
4723.47 4723.47 0.0 104488.1248
4737.62 4737.62 0.0 104485.5161
4751.76 4751.76 0.0 104482.9246
4765.9 4765.9 0.0 104480.3398
4780.04 4780.04 0.0 104477.7617
4794.18 4794.18 0.0 104475.1870
4808.33 4808.33 0.0 104472.6260
4822.47 4822.47 0.0 104470.0676
4836.61 4836.61 0.0 104467.5203
4850.75 4850.75 0.0 104464.9810
4864.89 4864.89 0.0 104462.4468
4879.04 4879.04 0.0 104459.9172
4893.18 4893.18 0.0 104457.3960
4907.32 4907.32 0.0 104454.8811
4921.46 4921.46 0.0 104452.3713
4935.61 4935.61 0.0 104449.8647
4949.75 4949.75 0.0 104447.3696
4963.89 4963.89 0.0 104444.8792
4978.03 4978.03 0.0 104442.3921
4992.17 4992.17 0.0 104439.9102
5006.32 5006.32 0.0 104437.4331
5020.46 5020.46 0.0 104434.9622
5034.6 5034.6 0.0 104432.4949
5048.74 5048.74 0.0 104430.0342
5062.88 5062.88 0.0 104427.5769
5077.03 5077.03 0.0 104425.1243
5091.17 5091.17 0.0 104422.6750
5105.31 5105.31 0.0 104420.2307
5119.45 5119.45 0.0 104417.7915
5133.6 5133.6 0.0 104415.3542
5147.74 5147.74 0.0 104412.9243
5161.88 5161.88 0.0 104410.4937
5176.02 5176.02 0.0 104408.0720
5190.16 5190.16 0.0 104405.6497
5204.31 5204.31 0.0 104403.2336
5218.45 5218.45 0.0 104400.8193
5232.59 5232.59 0.0 104398.4082
5246.73 5246.73 0.0 104396.0022
5260.87 5260.87 0.0 104393.5994
5275.02 5275.02 0.0 104391.1956
5289.16 5289.16 0.0 104388.7979
5303.3 5303.3 0.0 104386.4050
5317.44 5317.44 0.0 104384.0127
5331.59 5331.59 0.0 104381.6223
5345.73 5345.73 0.0 104379.2334
5359.87 5359.87 0.0 104376.8540
5374.01 5374.01 0.0 104374.4736
5388.15 5388.15 0.0 104372.0962
5402.3 5402.3 0.0 104369.7207
5416.44 5416.44 0.0 104367.3472
5430.58 5430.58 0.0 104364.9785
5444.72 5444.72 0.0 104362.6116
5458.86 5458.86 0.0 104360.2478
5473.01 5473.01 0.0 104357.8828
5487.15 5487.15 0.0 104355.5212
5501.29 5501.29 0.0 104353.1677
5515.43 5515.43 0.0 104350.8127
5529.58 5529.58 0.0 104348.4583
5543.72 5543.72 0.0 104346.1084
5557.86 5557.86 0.0 104343.7632
5572.0 5572.0 0.0 104341.4172
5586.14 5586.14 0.0 104339.0769
5600.29 5600.29 0.0 104336.7332
5614.43 5614.43 0.0 104334.3965
5628.57 5628.57 0.0 104332.0620
5642.71 5642.71 0.0 104329.7322
5656.85 5656.85 0.0 104327.3997
5671.0 5671.0 0.0 104325.0703
5685.14 5685.14 0.0 104322.7415
5699.28 5699.28 0.0 104320.4216
5713.42 5713.42 0.0 104318.1008
5727.56 5727.56 0.0 104315.7859
5741.71 5741.71 0.0 104313.4629
5755.85 5755.85 0.0 104311.1516
5769.99 5769.99 0.0 104308.8406
5784.13 5784.13 0.0 104306.5344
5798.28 5798.28 0.0 104304.2268
5812.42 5812.42 0.0 104301.9270
5826.56 5826.56 0.0 104299.6230
5840.7 5840.7 0.0 104297.3269
5854.84 5854.84 0.0 104295.0352
5868.99 5868.99 0.0 104292.7410
5883.13 5883.13 0.0 104290.4514
5897.27 5897.27 0.0 104288.1648
5911.41 5911.41 0.0 104285.8801
5925.55 5925.55 0.0 104283.6028
5939.7 5939.7 0.0 104281.3188
5953.84 5953.84 0.0 104279.0437
5967.98 5967.98 0.0 104276.7744
5982.12 5982.12 0.0 104274.5024
5996.27 5996.27 0.0 104272.2383
6010.41 6010.41 0.0 104269.9729
6024.55 6024.55 0.0 104267.7146
6038.69 6038.69 0.0 104265.4568
6052.83 6052.83 0.0 104263.2048
6066.98 6066.98 0.0 104260.9536
6081.12 6081.12 0.0 104258.7078
6095.26 6095.26 0.0 104256.4670
6109.4 6109.4 0.0 104254.2261
6123.54 6123.54 0.0 104251.9900
6137.69 6137.69 0.0 104249.7539
6151.83 6151.83 0.0 104247.5251
6165.97 6165.97 0.0 104245.3022
6180.11 6180.11 0.0 104243.0813
6194.26 6194.26 0.0 104240.8618
6208.4 6208.4 0.0 104238.6482
6222.54 6222.54 0.0 104236.4390
6236.68 6236.68 0.0 104234.2344
6250.82 6250.82 0.0 104232.0312
6264.97 6264.97 0.0 104229.8315
6279.11 6279.11 0.0 104227.6384
6293.25 6293.25 0.0 104225.4490
6307.39 6307.39 0.0 104223.2632
6321.53 6321.53 0.0 104221.0837
6335.68 6335.68 0.0 104218.9055
6349.82 6349.82 0.0 104216.7349
6363.96 6363.96 0.0 104214.5657
6378.1 6378.1 0.0 104212.4023
6392.25 6392.25 0.0 104210.2434
6406.39 6406.39 0.0 104208.0889
6420.53 6420.53 0.0 104205.9424
6434.67 6434.67 0.0 104203.7964
6448.81 6448.81 0.0 104201.6562
6462.96 6462.96 0.0 104199.5215
6477.1 6477.1 0.0 104197.3940
6491.24 6491.24 0.0 104195.2666
6505.38 6505.38 0.0 104193.1487
6519.52 6519.52 0.0 104191.0356
6533.67 6533.67 0.0 104188.9265
6547.81 6547.81 0.0 104186.8191
6561.95 6561.95 0.0 104184.7229
6576.09 6576.09 0.0 104182.6279
6590.24 6590.24 0.0 104180.5403
6604.38 6604.38 0.0 104178.4607
6618.52 6618.52 0.0 104176.3811
6632.66 6632.66 0.0 104174.3101
6646.8 6646.8 0.0 104172.2458
6660.95 6660.95 0.0 104170.1843
6675.09 6675.09 0.0 104168.1301
6689.23 6689.23 0.0 104166.0813
6703.37 6703.37 0.0 104164.0420
6717.51 6717.51 0.0 104162.0066
6731.66 6731.66 0.0 104159.9758
6745.8 6745.8 0.0 104157.9490
6759.94 6759.94 0.0 104155.9290
6774.08 6774.08 0.0 104153.9211
6788.23 6788.23 0.0 104151.9146
6802.37 6802.37 0.0 104149.9141
6816.51 6816.51 0.0 104147.9226
6830.65 6830.65 0.0 104145.9336
6844.79 6844.79 0.0 104143.9531
6858.94 6858.94 0.0 104141.9792
6873.08 6873.08 0.0 104140.0137
6887.22 6887.22 0.0 104138.0466
6901.36 6901.36 0.0 104136.0945
6915.5 6915.5 0.0 104134.1462
6929.65 6929.65 0.0 104132.2061
6943.79 6943.79 0.0 104130.2671
6957.93 6957.93 0.0 104128.3416
6972.07 6972.07 0.0 104126.4199
6986.21 6986.21 0.0 104124.5063
