0.0 0.0 0.0 318170.3125
14.1421 14.1421 0.0 1109606.3750
28.2843 28.2843 0.0 1295842.8750
42.4264 42.4264 0.0 1373463.6250
56.5685 56.5685 0.0 1404209.6250
70.7107 70.7107 0.0 1409570.2500
84.8528 84.8528 0.0 1399552.2500
98.9949 98.9949 0.0 1379619.2500
113.137 113.137 0.0 1353077.0000
127.279 127.279 0.0 1322080.2500
141.421 141.421 0.0 1288102.3750
155.563 155.563 0.0 1252194.2500
169.706 169.706 0.0 1215121.8750
183.848 183.848 0.0 1177469.2500
197.99 197.99 0.0 1139673.4375
212.132 212.132 0.0 1102072.6875
226.274 226.274 0.0 1064923.9375
240.416 240.416 0.0 1028430.2500
254.558 254.558 0.0 992742.8125
268.701 268.701 0.0 957976.0625
282.843 282.843 0.0 924220.6250
296.985 296.985 0.0 891534.2500
311.127 311.127 0.0 859959.0000
325.269 325.269 0.0 829518.3750
339.411 339.411 0.0 800225.4375
353.553 353.553 0.0 772079.5000
367.696 367.696 0.0 745070.6250
381.838 381.838 0.0 719186.4375
395.98 395.98 0.0 694404.2500
410.122 410.122 0.0 670697.0000
424.264 424.264 0.0 648036.0000
438.406 438.406 0.0 626388.6875
452.548 452.548 0.0 605720.6562
466.69 466.69 0.0 585997.0000
480.833 480.833 0.0 567179.5312
494.975 494.975 0.0 549234.9062
509.117 509.117 0.0 532125.1562
523.259 523.259 0.0 515813.6562
537.401 537.401 0.0 500265.0625
551.543 551.543 0.0 485444.2812
565.685 565.685 0.0 471317.1562
579.828 579.828 0.0 457849.8750
593.97 593.97 0.0 445012.0938
608.112 608.112 0.0 432772.3125
622.254 622.254 0.0 421100.7812
636.396 636.396 0.0 409969.0000
650.538 650.538 0.0 399349.8438
664.68 664.68 0.0 389217.2188
678.823 678.823 0.0 379545.9062
692.965 692.965 0.0 370313.5312
707.107 707.107 0.0 361496.9219
721.249 721.249 0.0 353074.8750
735.391 735.391 0.0 345026.9219
749.533 749.533 0.0 337333.9688
763.675 763.675 0.0 329977.9531
777.817 777.817 0.0 322941.4219
791.96 791.96 0.0 316207.6406
806.102 806.102 0.0 309762.2344
820.244 820.244 0.0 303589.9844
834.386 834.386 0.0 297677.0781
848.528 848.528 0.0 292010.4688
862.67 862.67 0.0 286577.7656
876.812 876.812 0.0 281367.4219
890.955 890.955 0.0 276367.8906
905.097 905.097 0.0 271569.5781
919.239 919.239 0.0 266962.1562
933.381 933.381 0.0 262536.3438
947.523 947.523 0.0 258283.3281
961.665 961.665 0.0 254194.8125
975.807 975.807 0.0 250262.8906
989.949 989.949 0.0 246480.1094
1004.09 1004.09 0.0 242839.8125
1018.23 1018.23 0.0 239335.0781
1032.38 1032.38 0.0 235957.1875
1046.52 1046.52 0.0 232704.8594
1060.66 1060.66 0.0 229570.0547
1074.8 1074.8 0.0 226547.3984
1088.94 1088.94 0.0 223631.8750
1103.09 1103.09 0.0 220816.6328
1117.23 1117.23 0.0 218101.2188
1131.37 1131.37 0.0 215479.2578
1145.51 1145.51 0.0 212946.6250
1159.66 1159.66 0.0 210497.8438
1173.8 1173.8 0.0 208132.5859
1187.94 1187.94 0.0 205845.6328
1202.08 1202.08 0.0 203633.7188
1216.22 1216.22 0.0 201493.6641
1230.37 1230.37 0.0 199421.0391
1244.51 1244.51 0.0 197415.8906
1258.65 1258.65 0.0 195474.0469
1272.79 1272.79 0.0 193592.9922
1286.93 1286.93 0.0 191770.2266
1301.08 1301.08 0.0 190002.2188
1315.22 1315.22 0.0 188289.2109
1329.36 1329.36 0.0 186627.8828
1343.5 1343.5 0.0 185016.1484
1357.65 1357.65 0.0 183451.0781
1371.79 1371.79 0.0 181932.9844
1385.93 1385.93 0.0 180459.0859
1400.07 1400.07 0.0 179027.6328
1414.21 1414.21 0.0 177637.0781
1428.36 1428.36 0.0 176284.9766
1442.5 1442.5 0.0 174971.7812
1456.64 1456.64 0.0 173695.1094
1470.78 1470.78 0.0 172453.7031
1484.92 1484.92 0.0 171246.2422
1499.07 1499.07 0.0 170070.7422
1513.21 1513.21 0.0 168927.6797
1527.35 1527.35 0.0 167815.1172
1541.49 1541.49 0.0 166731.9688
1555.63 1555.63 0.0 165677.2578
1569.78 1569.78 0.0 164649.2500
1583.92 1583.92 0.0 163648.5352
1598.06 1598.06 0.0 162673.4492
1612.2 1612.2 0.0 161723.1328
1626.35 1626.35 0.0 160796.1211
1640.49 1640.49 0.0 159892.9219
1654.63 1654.63 0.0 159012.1641
1668.77 1668.77 0.0 158153.0625
1682.91 1682.91 0.0 157314.9531
1697.06 1697.06 0.0 156496.6133
1711.2 1711.2 0.0 155698.5234
1725.34 1725.34 0.0 154919.5000
1739.48 1739.48 0.0 154158.9141
1753.62 1753.62 0.0 153416.2734
1767.77 1767.77 0.0 152690.4297
1781.91 1781.91 0.0 151981.9258
1796.05 1796.05 0.0 151289.7500
1810.19 1810.19 0.0 150613.3594
1824.34 1824.34 0.0 149951.8945
1838.48 1838.48 0.0 149305.7578
1852.62 1852.62 0.0 148674.0898
1866.76 1866.76 0.0 148056.4609
1880.9 1880.9 0.0 147452.4570
1895.05 1895.05 0.0 146861.2656
1909.19 1909.19 0.0 146283.3477
1923.33 1923.33 0.0 145717.9180
1937.47 1937.47 0.0 145164.6406
1951.61 1951.61 0.0 144623.1602
1965.76 1965.76 0.0 144092.7930
1979.9 1979.9 0.0 143573.9141
1994.04 1994.04 0.0 143065.9258
2008.18 2008.18 0.0 142568.4609
2022.33 2022.33 0.0 142080.9258
2036.47 2036.47 0.0 141603.7305
2050.61 2050.61 0.0 141136.2617
2064.75 2064.75 0.0 140678.2695
2078.89 2078.89 0.0 140229.4648
2093.04 2093.04 0.0 139789.3555
2107.18 2107.18 0.0 139358.2930
2121.32 2121.32 0.0 138935.7188
2135.46 2135.46 0.0 138521.4688
2149.6 2149.6 0.0 138115.2891
2163.75 2163.75 0.0 137716.7109
2177.89 2177.89 0.0 137326.0781
2192.03 2192.03 0.0 136942.9609
2206.17 2206.17 0.0 136567.1094
2220.32 2220.32 0.0 136198.1602
2234.46 2234.46 0.0 135836.3867
2248.6 2248.6 0.0 135481.3945
2262.74 2262.74 0.0 135133.0000
2276.88 2276.88 0.0 134791.0664
2291.03 2291.03 0.0 134455.1602
2305.17 2305.17 0.0 134125.6680
2319.31 2319.31 0.0 133802.1699
2333.45 2333.45 0.0 133484.5039
2347.59 2347.59 0.0 133172.5742
2361.74 2361.74 0.0 132865.9941
2375.88 2375.88 0.0 132565.0918
2390.02 2390.02 0.0 132269.5195
2404.16 2404.16 0.0 131979.1504
2418.31 2418.31 0.0 131693.6504
2432.45 2432.45 0.0 131413.3359
2446.59 2446.59 0.0 131137.8906
2460.73 2460.73 0.0 130867.1738
2474.87 2474.87 0.0 130601.0957
2489.02 2489.02 0.0 130339.3750
2503.16 2503.16 0.0 130082.2793
2517.3 2517.3 0.0 129829.5254
2531.44 2531.44 0.0 129581.0039
2545.58 2545.58 0.0 129336.6387
2559.73 2559.73 0.0 129096.1621
2573.87 2573.87 0.0 128859.8359
2588.01 2588.01 0.0 128627.3828
2602.15 2602.15 0.0 128398.7324
2616.3 2616.3 0.0 128173.6602
2630.44 2630.44 0.0 127952.3906
2644.58 2644.58 0.0 127734.6680
2658.72 2658.72 0.0 127520.4531
2672.86 2672.86 0.0 127309.6602
2687.01 2687.01 0.0 127102.0566
2701.15 2701.15 0.0 126897.8848
2715.29 2715.29 0.0 126696.9219
2729.43 2729.43 0.0 126499.1191
2743.57 2743.57 0.0 126304.3672
2757.72 2757.72 0.0 126112.5195
2771.86 2771.86 0.0 125923.7578
2786.0 2786.0 0.0 125737.8945
2800.14 2800.14 0.0 125554.8750
2814.28 2814.28 0.0 125374.6328
2828.43 2828.43 0.0 125196.9863
2842.57 2842.57 0.0 125022.1250
2856.71 2856.71 0.0 124849.9004
2870.85 2870.85 0.0 124680.2559
2885.0 2885.0 0.0 124512.9922
2899.14 2899.14 0.0 124348.3262
2913.28 2913.28 0.0 124186.0781
2927.42 2927.42 0.0 124026.1973
2941.56 2941.56 0.0 123868.6543
2955.71 2955.71 0.0 123713.2734
2969.85 2969.85 0.0 123560.2539
2983.99 2983.99 0.0 123409.4219
2998.13 2998.13 0.0 123260.7402
3012.27 3012.27 0.0 123114.1914
3026.42 3026.42 0.0 122969.5977
3040.56 3040.56 0.0 122827.1562
3054.7 3054.7 0.0 122686.7090
3068.84 3068.84 0.0 122548.2090
3082.99 3082.99 0.0 122411.5488
3097.13 3097.13 0.0 122276.8711
3111.27 3111.27 0.0 122144.0449
3125.41 3125.41 0.0 122013.0312
3139.55 3139.55 0.0 121883.8164
3153.7 3153.7 0.0 121756.2539
3167.84 3167.84 0.0 121630.5098
3181.98 3181.98 0.0 121506.4590
3196.12 3196.12 0.0 121384.0605
3210.26 3210.26 0.0 121263.2949
3224.41 3224.41 0.0 121144.0410
3238.55 3238.55 0.0 121026.4512
3252.69 3252.69 0.0 120910.4004
3266.83 3266.83 0.0 120795.8516
3280.98 3280.98 0.0 120682.7207
3295.12 3295.12 0.0 120571.1562
3309.26 3309.26 0.0 120460.9941
3323.4 3323.4 0.0 120352.2754
3337.54 3337.54 0.0 120244.9199
3351.69 3351.69 0.0 120138.8594
3365.83 3365.83 0.0 120034.2070
3379.97 3379.97 0.0 119930.8789
3394.11 3394.11 0.0 119828.8496
3408.25 3408.25 0.0 119728.0723
3422.4 3422.4 0.0 119628.4883
3436.54 3436.54 0.0 119530.1914
3450.68 3450.68 0.0 119433.1133
3464.82 3464.82 0.0 119337.2129
3478.97 3478.97 0.0 119242.4062
3493.11 3493.11 0.0 119148.8203
3507.25 3507.25 0.0 119056.3555
3521.39 3521.39 0.0 118964.9902
3535.53 3535.53 0.0 118874.7422
3549.68 3549.68 0.0 118785.4766
3563.82 3563.82 0.0 118697.3203
3577.96 3577.96 0.0 118610.2148
3592.1 3592.1 0.0 118524.1211
3606.24 3606.24 0.0 118439.0293
3620.39 3620.39 0.0 118354.8613
3634.53 3634.53 0.0 118271.7090
3648.67 3648.67 0.0 118189.5391
3662.81 3662.81 0.0 118108.2773
3676.96 3676.96 0.0 118027.8906
3691.1 3691.1 0.0 117948.4551
3705.24 3705.24 0.0 117869.9277
3719.38 3719.38 0.0 117792.2559
3733.52 3733.52 0.0 117715.4746
3747.67 3747.67 0.0 117639.4639
3761.81 3761.81 0.0 117564.3398
3775.95 3775.95 0.0 117490.0518
3790.09 3790.09 0.0 117416.5605
3804.23 3804.23 0.0 117343.8584
3818.38 3818.38 0.0 117271.9043
3832.52 3832.52 0.0 117200.7656
3846.66 3846.66 0.0 117130.3818
3860.8 3860.8 0.0 117060.7363
3874.95 3874.95 0.0 116991.7852
3889.09 3889.09 0.0 116923.5977
3903.23 3903.23 0.0 116856.1328
3917.37 3917.37 0.0 116789.3594
3931.51 3931.51 0.0 116723.2705
3945.66 3945.66 0.0 116657.8193
3959.8 3959.8 0.0 116593.0762
3973.94 3973.94 0.0 116528.9941
3988.08 3988.08 0.0 116465.5576
4002.22 4002.22 0.0 116402.7559
4016.37 4016.37 0.0 116340.5449
4030.51 4030.51 0.0 116278.9863
4044.65 4044.65 0.0 116218.0371
4058.79 4058.79 0.0 116157.6943
4072.94 4072.94 0.0 116097.8926
4087.08 4087.08 0.0 116038.7285
4101.22 4101.22 0.0 115980.1191
4115.36 4115.36 0.0 115922.0791
4129.5 4129.5 0.0 115864.5977
4143.65 4143.65 0.0 115807.6230
4157.79 4157.79 0.0 115751.2168
4171.93 4171.93 0.0 115695.3428
4186.07 4186.07 0.0 115640.0020
4200.21 4200.21 0.0 115585.1689
4214.36 4214.36 0.0 115530.8076
4228.5 4228.5 0.0 115476.9873
4242.64 4242.64 0.0 115423.6562
4256.78 4256.78 0.0 115370.8115
4270.92 4270.92 0.0 115318.4541
4285.07 4285.07 0.0 115266.5146
4299.21 4299.21 0.0 115215.0898
4313.35 4313.35 0.0 115164.1211
4327.49 4327.49 0.0 115113.6064
4341.64 4341.64 0.0 115063.4961
4355.78 4355.78 0.0 115013.8643
4369.92 4369.92 0.0 114964.6699
4384.06 4384.06 0.0 114915.8945
4398.2 4398.2 0.0 114867.5439
4412.35 4412.35 0.0 114819.5811
4426.49 4426.49 0.0 114772.0469
4440.63 4440.63 0.0 114724.9336
4454.77 4454.77 0.0 114678.2129
4468.91 4468.91 0.0 114631.8857
4483.06 4483.06 0.0 114585.9082
4497.2 4497.2 0.0 114540.3506
4511.34 4511.34 0.0 114495.1738
4525.48 4525.48 0.0 114450.3613
4539.63 4539.63 0.0 114405.8965
4553.77 4553.77 0.0 114361.8184
4567.91 4567.91 0.0 114318.0967
4582.05 4582.05 0.0 114274.7363
4596.19 4596.19 0.0 114231.7139
4610.34 4610.34 0.0 114189.0117
4624.48 4624.48 0.0 114146.6846
4638.62 4638.62 0.0 114104.6846
4652.76 4652.76 0.0 114063.0225
4666.9 4666.9 0.0 114021.6855
4681.05 4681.05 0.0 113980.6436
4695.19 4695.19 0.0 113939.9443
4709.33 4709.33 0.0 113899.5645
4723.47 4723.47 0.0 113859.4980
4737.62 4737.62 0.0 113819.7070
4751.76 4751.76 0.0 113780.2520
4765.9 4765.9 0.0 113741.0928
4780.04 4780.04 0.0 113702.2314
4794.18 4794.18 0.0 113663.6660
4808.33 4808.33 0.0 113625.3613
4822.47 4822.47 0.0 113587.3711
4836.61 4836.61 0.0 113549.6670
4850.75 4850.75 0.0 113512.2324
4864.89 4864.89 0.0 113475.0801
4879.04 4879.04 0.0 113438.1768
4893.18 4893.18 0.0 113401.5693
4907.32 4907.32 0.0 113365.2314
4921.46 4921.46 0.0 113329.1494
4935.61 4935.61 0.0 113293.3223
4949.75 4949.75 0.0 113257.7617
4963.89 4963.89 0.0 113222.4502
4978.03 4978.03 0.0 113187.4131
4992.17 4992.17 0.0 113152.6123
5006.32 5006.32 0.0 113118.0361
5020.46 5020.46 0.0 113083.7324
5034.6 5034.6 0.0 113049.6729
5048.74 5048.74 0.0 113015.8516
5062.88 5062.88 0.0 112982.2686
5077.03 5077.03 0.0 112948.9053
5091.17 5091.17 0.0 112915.7881
5105.31 5105.31 0.0 112882.8926
5119.45 5119.45 0.0 112850.2305
5133.6 5133.6 0.0 112817.7871
5147.74 5147.74 0.0 112785.5752
5161.88 5161.88 0.0 112753.5938
5176.02 5176.02 0.0 112721.8242
5190.16 5190.16 0.0 112690.2793
5204.31 5204.31 0.0 112658.9229
5218.45 5218.45 0.0 112627.8076
5232.59 5232.59 0.0 112596.9053
5246.73 5246.73 0.0 112566.2051
5260.87 5260.87 0.0 112535.7090
5275.02 5275.02 0.0 112505.4111
5289.16 5289.16 0.0 112475.3232
5303.3 5303.3 0.0 112445.4414
5317.44 5317.44 0.0 112415.7715
5331.59 5331.59 0.0 112386.2754
5345.73 5345.73 0.0 112356.9922
5359.87 5359.87 0.0 112327.9111
5374.01 5374.01 0.0 112299.0215
5388.15 5388.15 0.0 112270.3223
5402.3 5402.3 0.0 112241.7881
5416.44 5416.44 0.0 112213.4707
5430.58 5430.58 0.0 112185.3477
5444.72 5444.72 0.0 112157.3945
5458.86 5458.86 0.0 112129.6367
5473.01 5473.01 0.0 112102.0420
5487.15 5487.15 0.0 112074.6543
5501.29 5501.29 0.0 112047.4424
5515.43 5515.43 0.0 112020.4062
5529.58 5529.58 0.0 111993.5342
5543.72 5543.72 0.0 111966.8555
5557.86 5557.86 0.0 111940.3535
5572.0 5572.0 0.0 111914.0225
5586.14 5586.14 0.0 111887.8672
5600.29 5600.29 0.0 111861.8604
5614.43 5614.43 0.0 111836.0469
5628.57 5628.57 0.0 111810.4014
5642.71 5642.71 0.0 111784.9268
5656.85 5656.85 0.0 111759.6230
5671.0 5671.0 0.0 111734.4590
5685.14 5685.14 0.0 111709.4834
5699.28 5699.28 0.0 111684.6650
5713.42 5713.42 0.0 111660.0244
5727.56 5727.56 0.0 111635.5293
5741.71 5741.71 0.0 111611.1816
5755.85 5755.85 0.0 111587.0166
5769.99 5769.99 0.0 111562.9990
5784.13 5784.13 0.0 111539.1465
5798.28 5798.28 0.0 111515.4395
5812.42 5812.42 0.0 111491.8975
5826.56 5826.56 0.0 111468.5166
5840.7 5840.7 0.0 111445.2861
5854.84 5854.84 0.0 111422.2070
5868.99 5868.99 0.0 111399.2676
5883.13 5883.13 0.0 111376.4980
5897.27 5897.27 0.0 111353.8711
5911.41 5911.41 0.0 111331.3994
5925.55 5925.55 0.0 111309.0723
5939.7 5939.7 0.0 111286.8896
5953.84 5953.84 0.0 111264.8506
5967.98 5967.98 0.0 111242.9766
5982.12 5982.12 0.0 111221.2354
5996.27 5996.27 0.0 111199.6309
6010.41 6010.41 0.0 111178.1865
6024.55 6024.55 0.0 111156.8750
6038.69 6038.69 0.0 111135.7129
6052.83 6052.83 0.0 111114.6992
6066.98 6066.98 0.0 111093.8027
6081.12 6081.12 0.0 111073.0674
6095.26 6095.26 0.0 111052.4775
6109.4 6109.4 0.0 111032.0225
6123.54 6123.54 0.0 111011.6973
6137.69 6137.69 0.0 110991.5029
6151.83 6151.83 0.0 110971.4541
6165.97 6165.97 0.0 110951.5488
6180.11 6180.11 0.0 110931.7695
6194.26 6194.26 0.0 110912.1230
6208.4 6208.4 0.0 110892.6191
6222.54 6222.54 0.0 110873.2559
6236.68 6236.68 0.0 110854.0137
6250.82 6250.82 0.0 110834.9121
6264.97 6264.97 0.0 110815.9307
6279.11 6279.11 0.0 110797.0898
6293.25 6293.25 0.0 110778.3809
6307.39 6307.39 0.0 110759.8027
6321.53 6321.53 0.0 110741.3535
6335.68 6335.68 0.0 110723.0215
6349.82 6349.82 0.0 110704.8320
6363.96 6363.96 0.0 110686.7754
6378.1 6378.1 0.0 110668.8340
6392.25 6392.25 0.0 110651.0088
6406.39 6406.39 0.0 110633.3340
6420.53 6420.53 0.0 110615.7666
6434.67 6434.67 0.0 110598.3389
6448.81 6448.81 0.0 110581.0312
6462.96 6462.96 0.0 110563.8379
6477.1 6477.1 0.0 110546.7744
6491.24 6491.24 0.0 110529.8418
6505.38 6505.38 0.0 110513.0322
6519.52 6519.52 0.0 110496.3350
6533.67 6533.67 0.0 110479.7520
6547.81 6547.81 0.0 110463.3057
6561.95 6561.95 0.0 110446.9756
6576.09 6576.09 0.0 110430.7617
6590.24 6590.24 0.0 110414.6660
6604.38 6604.38 0.0 110398.6992
6618.52 6618.52 0.0 110382.8496
6632.66 6632.66 0.0 110367.1094
6646.8 6646.8 0.0 110351.4912
6660.95 6660.95 0.0 110335.9766
6675.09 6675.09 0.0 110320.5898
6689.23 6689.23 0.0 110305.3281
6703.37 6703.37 0.0 110290.1787
6717.51 6717.51 0.0 110275.1426
6731.66 6731.66 0.0 110260.2070
6745.8 6745.8 0.0 110245.3994
6759.94 6759.94 0.0 110230.7002
6774.08 6774.08 0.0 110216.1182
6788.23 6788.23 0.0 110201.6396
6802.37 6802.37 0.0 110187.2773
6816.51 6816.51 0.0 110173.0352
6830.65 6830.65 0.0 110158.8994
6844.79 6844.79 0.0 110144.8818
6858.94 6858.94 0.0 110130.9492
6873.08 6873.08 0.0 110117.1484
6887.22 6887.22 0.0 110103.4512
6901.36 6901.36 0.0 110089.8701
6915.5 6915.5 0.0 110076.3916
6929.65 6929.65 0.0 110063.0068
6943.79 6943.79 0.0 110049.7451
6957.93 6957.93 0.0 110036.5908
6972.07 6972.07 0.0 110023.5439
6986.21 6986.21 0.0 110010.5986
7000.36 7000.36 0.0 109997.7529
7014.5 7014.5 0.0 109985.0234
7028.64 7028.64 0.0 109972.3975
7042.78 7042.78 0.0 109959.8721
7056.93 7056.93 0.0 109947.4434
7071.07 7071.07 0.0 109935.1211
7085.21 7085.21 0.0 109922.9053
7099.35 7099.35 0.0 109910.7998
7113.49 7113.49 0.0 109898.7900
7127.64 7127.64 0.0 109886.8789
7141.78 7141.78 0.0 109875.0654
7155.92 7155.92 0.0 109863.3574
7170.06 7170.06 0.0 109851.7539
7184.2 7184.2 0.0 109840.2471
7198.35 7198.35 0.0 109828.8340
7212.49 7212.49 0.0 109817.5225
7226.63 7226.63 0.0 109806.3164
7240.77 7240.77 0.0 109795.2012
7254.92 7254.92 0.0 109784.1758
7269.06 7269.06 0.0 109773.2617
7283.2 7283.2 0.0 109762.4336
7297.34 7297.34 0.0 109751.7109
7311.48 7311.48 0.0 109741.0820
7325.63 7325.63 0.0 109730.5342
7339.77 7339.77 0.0 109720.1035
7353.91 7353.91 0.0 109709.7500
7368.05 7368.05 0.0 109699.5000
7382.19 7382.19 0.0 109689.3379
7396.34 7396.34 0.0 109679.2637
7410.48 7410.48 0.0 109669.2930
7424.62 7424.62 0.0 109659.4121
7438.76 7438.76 0.0 109649.6152
7452.91 7452.91 0.0 109639.9160
7467.05 7467.05 0.0 109630.3027
7481.19 7481.19 0.0 109620.7881
7495.33 7495.33 0.0 109611.3623
7509.47 7509.47 0.0 109602.0186
7523.62 7523.62 0.0 109592.7627
7537.76 7537.76 0.0 109583.6006
7551.9 7551.9 0.0 109574.5264
7566.04 7566.04 0.0 109565.5293
7580.18 7580.18 0.0 109556.6318
7594.33 7594.33 0.0 109547.8135
7608.47 7608.47 0.0 109539.0859
7622.61 7622.61 0.0 109530.4434
7636.75 7636.75 0.0 109521.8828
7650.9 7650.9 0.0 109513.4087
7665.04 7665.04 0.0 109505.0176
7679.18 7679.18 0.0 109496.7178
7693.32 7693.32 0.0 109488.4976
7707.46 7707.46 0.0 109480.3560
7721.61 7721.61 0.0 109472.2974
7735.75 7735.75 0.0 109464.3198
7749.89 7749.89 0.0 109456.4307
7764.03 7764.03 0.0 109448.6177
7778.17 7778.17 0.0 109440.8906
