0.0 0.0 0.0 189699.4766
14.1421 14.1421 0.0 192022.9453
28.2843 28.2843 0.0 193562.1250
42.4264 42.4264 0.0 194669.8828
56.5685 56.5685 0.0 195482.5078
70.7107 70.7107 0.0 196074.6094
84.8528 84.8528 0.0 196493.1797
98.9949 98.9949 0.0 196770.4922
113.137 113.137 0.0 196930.0078
127.279 127.279 0.0 196989.5312
141.421 141.421 0.0 196963.0234
155.563 155.563 0.0 196861.5156
169.706 169.706 0.0 196694.2109
183.848 183.848 0.0 196468.8359
197.99 197.99 0.0 196191.6875
212.132 212.132 0.0 195868.4375
226.274 226.274 0.0 195503.7891
240.416 240.416 0.0 195101.9219
254.558 254.558 0.0 194666.4141
268.701 268.701 0.0 194200.6562
282.843 282.843 0.0 193707.5078
296.985 296.985 0.0 193189.5234
311.127 311.127 0.0 192649.1172
325.269 325.269 0.0 192088.3281
339.411 339.411 0.0 191509.1562
353.553 353.553 0.0 190913.2500
367.696 367.696 0.0 190302.2578
381.838 381.838 0.0 189677.6953
395.98 395.98 0.0 189040.8750
410.122 410.122 0.0 188393.0078
424.264 424.264 0.0 187735.3047
438.406 438.406 0.0 187068.8047
452.548 452.548 0.0 186394.4609
466.69 466.69 0.0 185713.2344
480.833 480.833 0.0 185025.8750
494.975 494.975 0.0 184333.3047
509.117 509.117 0.0 183636.2500
523.259 523.259 0.0 182935.2812
537.401 537.401 0.0 182231.1094
551.543 551.543 0.0 181524.3984
565.685 565.685 0.0 180815.6094
579.828 579.828 0.0 180105.2656
593.97 593.97 0.0 179393.9531
608.112 608.112 0.0 178682.0625
622.254 622.254 0.0 177970.0469
636.396 636.396 0.0 177258.2969
650.538 650.538 0.0 176547.2109
664.68 664.68 0.0 175837.1328
678.823 678.823 0.0 175128.3203
692.965 692.965 0.0 174421.2266
707.107 707.107 0.0 173716.0859
721.249 721.249 0.0 173013.1328
735.391 735.391 0.0 172312.7109
749.533 749.533 0.0 171614.9766
763.675 763.675 0.0 170920.1719
777.817 777.817 0.0 170228.5703
791.96 791.96 0.0 169540.2344
806.102 806.102 0.0 168855.4922
820.244 820.244 0.0 168174.4766
834.386 834.386 0.0 167497.2969
848.528 848.528 0.0 166824.1797
862.67 862.67 0.0 166155.1836
876.812 876.812 0.0 165490.5195
890.955 890.955 0.0 164830.2031
905.097 905.097 0.0 164174.4531
919.239 919.239 0.0 163523.3477
933.381 933.381 0.0 162876.9219
947.523 947.523 0.0 162235.3672
961.665 961.665 0.0 161598.6758
975.807 975.807 0.0 160966.9258
989.949 989.949 0.0 160340.2578
1004.09 1004.09 0.0 159718.7188
1018.23 1018.23 0.0 159102.3477
1032.38 1032.38 0.0 158490.7695
1046.52 1046.52 0.0 157884.8359
1060.66 1060.66 0.0 157284.1953
1074.8 1074.8 0.0 156688.8906
1088.94 1088.94 0.0 156098.9297
1103.09 1103.09 0.0 155513.9062
1117.23 1117.23 0.0 154934.7070
1131.37 1131.37 0.0 154360.9258
1145.51 1145.51 0.0 153792.5859
1159.66 1159.66 0.0 153229.2695
1173.8 1173.8 0.0 152671.8008
1187.94 1187.94 0.0 152119.8008
1202.08 1202.08 0.0 151573.2617
1216.22 1216.22 0.0 151032.1367
1230.37 1230.37 0.0 150496.1016
1244.51 1244.51 0.0 149965.8867
1258.65 1258.65 0.0 149441.0938
1272.79 1272.79 0.0 148921.7227
1286.93 1286.93 0.0 148407.7578
1301.08 1301.08 0.0 147898.8281
1315.22 1315.22 0.0 147395.6562
1329.36 1329.36 0.0 146897.7969
1343.5 1343.5 0.0 146405.2852
1357.65 1357.65 0.0 145917.7461
1371.79 1371.79 0.0 145435.8320
1385.93 1385.93 0.0 144959.1836
1400.07 1400.07 0.0 144487.7500
1414.21 1414.21 0.0 144021.5195
1428.36 1428.36 0.0 143560.1523
1442.5 1442.5 0.0 143104.2461
1456.64 1456.64 0.0 142653.4453
1470.78 1470.78 0.0 142207.7305
1484.92 1484.92 0.0 141767.0508
1499.07 1499.07 0.0 141331.0586
1513.21 1513.21 0.0 140900.3711
1527.35 1527.35 0.0 140474.6172
1541.49 1541.49 0.0 140053.7461
1555.63 1555.63 0.0 139637.7500
1569.78 1569.78 0.0 139226.2891
1583.92 1583.92 0.0 138819.9023
1598.06 1598.06 0.0 138418.2422
1612.2 1612.2 0.0 138021.3164
1626.35 1626.35 0.0 137628.7500
1640.49 1640.49 0.0 137241.1133
1654.63 1654.63 0.0 136858.0352
1668.77 1668.77 0.0 136479.5078
1682.91 1682.91 0.0 136105.4766
1697.06 1697.06 0.0 135735.6523
1711.2 1711.2 0.0 135370.4844
1725.34 1725.34 0.0 135009.7305
1739.48 1739.48 0.0 134653.2734
1753.62 1753.62 0.0 134301.1250
1767.77 1767.77 0.0 133952.9746
1781.91 1781.91 0.0 133609.2891
1796.05 1796.05 0.0 133269.7363
1810.19 1810.19 0.0 132934.3184
1824.34 1824.34 0.0 132602.7500
1838.48 1838.48 0.0 132275.4609
1852.62 1852.62 0.0 131952.1582
1866.76 1866.76 0.0 131632.7988
1880.9 1880.9 0.0 131317.3633
1895.05 1895.05 0.0 131005.5508
1909.19 1909.19 0.0 130697.8027
1923.33 1923.33 0.0 130393.8203
1937.47 1937.47 0.0 130093.6074
1951.61 1951.61 0.0 129797.0820
1965.76 1965.76 0.0 129504.0215
1979.9 1979.9 0.0 129214.7598
1994.04 1994.04 0.0 128929.0820
2008.18 2008.18 0.0 128646.9473
2022.33 2022.33 0.0 128368.1152
2036.47 2036.47 0.0 128092.9355
2050.61 2050.61 0.0 127821.1797
2064.75 2064.75 0.0 127552.8008
2078.89 2078.89 0.0 127287.7383
2093.04 2093.04 0.0 127025.7930
2107.18 2107.18 0.0 126767.3027
2121.32 2121.32 0.0 126512.0352
2135.46 2135.46 0.0 126259.9414
2149.6 2149.6 0.0 126010.9941
2163.75 2163.75 0.0 125764.9863
2177.89 2177.89 0.0 125522.2090
2192.03 2192.03 0.0 125282.4707
2206.17 2206.17 0.0 125045.7148
2220.32 2220.32 0.0 124811.7754
2234.46 2234.46 0.0 124580.9141
2248.6 2248.6 0.0 124352.9492
2262.74 2262.74 0.0 124127.8359
2276.88 2276.88 0.0 123905.5234
2291.03 2291.03 0.0 123685.8398
2305.17 2305.17 0.0 123469.0605
2319.31 2319.31 0.0 123255.0020
2333.45 2333.45 0.0 123043.6230
2347.59 2347.59 0.0 122834.8867
2361.74 2361.74 0.0 122628.6074
2375.88 2375.88 0.0 122425.0684
2390.02 2390.02 0.0 122224.0762
2404.16 2404.16 0.0 122025.5957
2418.31 2418.31 0.0 121829.4629
2432.45 2432.45 0.0 121635.9238
2446.59 2446.59 0.0 121444.7988
2460.73 2460.73 0.0 121256.0586
2474.87 2474.87 0.0 121069.6875
2489.02 2489.02 0.0 120885.5234
2503.16 2503.16 0.0 120703.7656
2517.3 2517.3 0.0 120524.3184
2531.44 2531.44 0.0 120347.0645
2545.58 2545.58 0.0 120172.0469
2559.73 2559.73 0.0 119999.0977
2573.87 2573.87 0.0 119828.4219
2588.01 2588.01 0.0 119659.8633
2602.15 2602.15 0.0 119493.4297
2616.3 2616.3 0.0 119328.9473
2630.44 2630.44 0.0 119166.6113
2644.58 2644.58 0.0 119006.3125
2658.72 2658.72 0.0 118848.0098
2672.86 2672.86 0.0 118691.6602
2687.01 2687.01 0.0 118537.1602
2701.15 2701.15 0.0 118384.6758
2715.29 2715.29 0.0 118234.0898
2729.43 2729.43 0.0 118085.3711
2743.57 2743.57 0.0 117938.5000
2757.72 2757.72 0.0 117793.3379
2771.86 2771.86 0.0 117650.0850
2786.0 2786.0 0.0 117508.5957
2800.14 2800.14 0.0 117368.8604
2814.28 2814.28 0.0 117230.8418
2828.43 2828.43 0.0 117094.4365
2842.57 2842.57 0.0 116959.8252
2856.71 2856.71 0.0 116826.8613
2870.85 2870.85 0.0 116695.5352
2885.0 2885.0 0.0 116565.7324
2899.14 2899.14 0.0 116437.6240
2913.28 2913.28 0.0 116311.0830
2927.42 2927.42 0.0 116186.1055
2941.56 2941.56 0.0 116062.6504
2955.71 2955.71 0.0 115940.6299
2969.85 2969.85 0.0 115820.1885
2983.99 2983.99 0.0 115701.2148
2998.13 2998.13 0.0 115583.6973
3012.27 3012.27 0.0 115467.6221
3026.42 3026.42 0.0 115352.8848
3040.56 3040.56 0.0 115239.6250
3054.7 3054.7 0.0 115127.7432
3068.84 3068.84 0.0 115017.2158
3082.99 3082.99 0.0 114907.9668
3097.13 3097.13 0.0 114800.1123
3111.27 3111.27 0.0 114693.5654
3125.41 3125.41 0.0 114588.3193
3139.55 3139.55 0.0 114484.3467
3153.7 3153.7 0.0 114381.5596
3167.84 3167.84 0.0 114280.0859
3181.98 3181.98 0.0 114179.8350
3196.12 3196.12 0.0 114080.7900
3210.26 3210.26 0.0 113982.9521
3224.41 3224.41 0.0 113886.2129
3238.55 3238.55 0.0 113790.6973
3252.69 3252.69 0.0 113696.3447
3266.83 3266.83 0.0 113603.1250
3280.98 3280.98 0.0 113510.9443
3295.12 3295.12 0.0 113419.9404
3309.26 3309.26 0.0 113330.0254
3323.4 3323.4 0.0 113241.1885
3337.54 3337.54 0.0 113153.4033
3351.69 3351.69 0.0 113066.6045
3365.83 3365.83 0.0 112980.8994
3379.97 3379.97 0.0 112896.2100
3394.11 3394.11 0.0 112812.5361
3408.25 3408.25 0.0 112729.8525
3422.4 3422.4 0.0 112648.0830
3436.54 3436.54 0.0 112567.3447
3450.68 3450.68 0.0 112487.5654
3464.82 3464.82 0.0 112408.7168
3478.97 3478.97 0.0 112330.7500
3493.11 3493.11 0.0 112253.7646
3507.25 3507.25 0.0 112177.6758
3521.39 3521.39 0.0 112102.4814
3535.53 3535.53 0.0 112028.1650
3549.68 3549.68 0.0 111954.6719
3563.82 3563.82 0.0 111882.0957
3577.96 3577.96 0.0 111810.3613
3592.1 3592.1 0.0 111739.4775
3606.24 3606.24 0.0 111669.4131
3620.39 3620.39 0.0 111600.1104
3634.53 3634.53 0.0 111531.6562
3648.67 3648.67 0.0 111464.0137
3662.81 3662.81 0.0 111397.1455
3676.96 3676.96 0.0 111331.0107
3691.1 3691.1 0.0 111265.6895
3705.24 3705.24 0.0 111201.1211
3719.38 3719.38 0.0 111137.2959
3733.52 3733.52 0.0 111074.2061
3747.67 3747.67 0.0 111011.8037
3761.81 3761.81 0.0 110950.1592
3775.95 3775.95 0.0 110889.2236
3790.09 3790.09 0.0 110828.9844
3804.23 3804.23 0.0 110769.4346
3818.38 3818.38 0.0 110710.5283
3832.52 3832.52 0.0 110652.3330
3846.66 3846.66 0.0 110594.8057
3860.8 3860.8 0.0 110537.9326
3874.95 3874.95 0.0 110481.6680
3889.09 3889.09 0.0 110426.0781
3903.23 3903.23 0.0 110371.1201
3917.37 3917.37 0.0 110316.7812
3931.51 3931.51 0.0 110263.0664
3945.66 3945.66 0.0 110209.9160
3959.8 3959.8 0.0 110157.4062
3973.94 3973.94 0.0 110105.4854
3988.08 3988.08 0.0 110054.1367
4002.22 4002.22 0.0 110003.3809
4016.37 4016.37 0.0 109953.1504
4030.51 4030.51 0.0 109903.5215
4044.65 4044.65 0.0 109854.4512
4058.79 4058.79 0.0 109805.9297
4072.94 4072.94 0.0 109757.9072
4087.08 4087.08 0.0 109710.4590
4101.22 4101.22 0.0 109663.5332
4115.36 4115.36 0.0 109617.1338
4129.5 4129.5 0.0 109571.2451
4143.65 4143.65 0.0 109525.8389
4157.79 4157.79 0.0 109480.9604
4171.93 4171.93 0.0 109436.5820
4186.07 4186.07 0.0 109392.6963
4200.21 4200.21 0.0 109349.2837
4214.36 4214.36 0.0 109306.3228
4228.5 4228.5 0.0 109263.8599
4242.64 4242.64 0.0 109221.8760
4256.78 4256.78 0.0 109180.3379
4270.92 4270.92 0.0 109139.2544
4285.07 4285.07 0.0 109098.5991
4299.21 4299.21 0.0 109058.4043
4313.35 4313.35 0.0 109018.6577
4327.49 4327.49 0.0 108979.3369
4341.64 4341.64 0.0 108940.4258
4355.78 4355.78 0.0 108901.9526
4369.92 4369.92 0.0 108863.8950
4384.06 4384.06 0.0 108826.2529
4398.2 4398.2 0.0 108789.0176
4412.35 4412.35 0.0 108752.1611
4426.49 4426.49 0.0 108715.7236
4440.63 4440.63 0.0 108679.6709
4454.77 4454.77 0.0 108644.0161
4468.91 4468.91 0.0 108608.7310
4483.06 4483.06 0.0 108573.8042
4497.2 4497.2 0.0 108539.2778
4511.34 4511.34 0.0 108505.1167
4525.48 4525.48 0.0 108471.3193
4539.63 4539.63 0.0 108437.8511
4553.77 4553.77 0.0 108404.7666
4567.91 4567.91 0.0 108372.0366
4582.05 4582.05 0.0 108339.6509
4596.19 4596.19 0.0 108307.6099
4610.34 4610.34 0.0 108275.8853
4624.48 4624.48 0.0 108244.5054
4638.62 4638.62 0.0 108213.4634
4652.76 4652.76 0.0 108182.7554
4666.9 4666.9 0.0 108152.3589
4681.05 4681.05 0.0 108122.2583
4695.19 4695.19 0.0 108092.5020
4709.33 4709.33 0.0 108063.0483
4723.47 4723.47 0.0 108033.9111
4737.62 4737.62 0.0 108005.0513
4751.76 4751.76 0.0 107976.5088
4765.9 4765.9 0.0 107948.2637
4780.04 4780.04 0.0 107920.3135
4794.18 4794.18 0.0 107892.6499
4808.33 4808.33 0.0 107865.2632
4822.47 4822.47 0.0 107838.1699
4836.61 4836.61 0.0 107811.3555
4850.75 4850.75 0.0 107784.8159
4864.89 4864.89 0.0 107758.5503
4879.04 4879.04 0.0 107732.5405
4893.18 4893.18 0.0 107706.8110
4907.32 4907.32 0.0 107681.3452
4921.46 4921.46 0.0 107656.1396
4935.61 4935.61 0.0 107631.1719
4949.75 4949.75 0.0 107606.4790
4963.89 4963.89 0.0 107582.0361
4978.03 4978.03 0.0 107557.8486
4992.17 4992.17 0.0 107533.8984
5006.32 5006.32 0.0 107510.1724
5020.46 5020.46 0.0 107486.7041
5034.6 5034.6 0.0 107463.4736
5048.74 5048.74 0.0 107440.4810
5062.88 5062.88 0.0 107417.7192
5077.03 5077.03 0.0 107395.1689
5091.17 5091.17 0.0 107372.8633
5105.31 5105.31 0.0 107350.7822
5119.45 5119.45 0.0 107328.9185
5133.6 5133.6 0.0 107307.2593
5147.74 5147.74 0.0 107285.8335
5161.88 5161.88 0.0 107264.6196
5176.02 5176.02 0.0 107243.6162
5190.16 5190.16 0.0 107222.8276
5204.31 5204.31 0.0 107202.2256
5218.45 5218.45 0.0 107181.8491
5232.59 5232.59 0.0 107161.6704
5246.73 5246.73 0.0 107141.6909
5260.87 5260.87 0.0 107121.9121
5275.02 5275.02 0.0 107102.3125
5289.16 5289.16 0.0 107082.9160
5303.3 5303.3 0.0 107063.7188
5317.44 5317.44 0.0 107044.7075
5331.59 5331.59 0.0 107025.8726
5345.73 5345.73 0.0 107007.2324
5359.87 5359.87 0.0 106988.7764
5374.01 5374.01 0.0 106970.5044
5388.15 5388.15 0.0 106952.4072
5402.3 5402.3 0.0 106934.4761
5416.44 5416.44 0.0 106916.7285
5430.58 5430.58 0.0 106899.1626
5444.72 5444.72 0.0 106881.7593
5458.86 5458.86 0.0 106864.5293
5473.01 5473.01 0.0 106847.4575
5487.15 5487.15 0.0 106830.5659
5501.29 5501.29 0.0 106813.8335
5515.43 5515.43 0.0 106797.2627
5529.58 5529.58 0.0 106780.8364
5543.72 5543.72 0.0 106764.5928
5557.86 5557.86 0.0 106748.5015
5572.0 5572.0 0.0 106732.5630
5586.14 5586.14 0.0 106716.7783
5600.29 5600.29 0.0 106701.1367
5614.43 5614.43 0.0 106685.6606
5628.57 5628.57 0.0 106670.3281
5642.71 5642.71 0.0 106655.1455
5656.85 5656.85 0.0 106640.1079
5671.0 5671.0 0.0 106625.2070
5685.14 5685.14 0.0 106610.4590
5699.28 5699.28 0.0 106595.8477
5713.42 5713.42 0.0 106581.3833
5727.56 5727.56 0.0 106567.0513
5741.71 5741.71 0.0 106552.8496
5755.85 5755.85 0.0 106538.7964
5769.99 5769.99 0.0 106524.8745
5784.13 5784.13 0.0 106511.0879
5798.28 5798.28 0.0 106497.4268
5812.42 5812.42 0.0 106483.8994
5826.56 5826.56 0.0 106470.5005
5840.7 5840.7 0.0 106457.2334
5854.84 5854.84 0.0 106444.0879
5868.99 5868.99 0.0 106431.0645
5883.13 5883.13 0.0 106418.1709
5897.27 5897.27 0.0 106405.3984
5911.41 5911.41 0.0 106392.7524
5925.55 5925.55 0.0 106380.2271
5939.7 5939.7 0.0 106367.8062
5953.84 5953.84 0.0 106355.5142
5967.98 5967.98 0.0 106343.3433
5982.12 5982.12 0.0 106331.2847
5996.27 5996.27 0.0 106319.3311
6010.41 6010.41 0.0 106307.5024
6024.55 6024.55 0.0 106295.7827
6038.69 6038.69 0.0 106284.1777
6052.83 6052.83 0.0 106272.6802
6066.98 6066.98 0.0 106261.2837
6081.12 6081.12 0.0 106250.0098
6095.26 6095.26 0.0 106238.8364
6109.4 6109.4 0.0 106227.7695
6123.54 6123.54 0.0 106216.8120
6137.69 6137.69 0.0 106205.9478
6151.83 6151.83 0.0 106195.1890
6165.97 6165.97 0.0 106184.5415
6180.11 6180.11 0.0 106173.9893
6194.26 6194.26 0.0 106163.5332
6208.4 6208.4 0.0 106153.1821
6222.54 6222.54 0.0 106142.9272
6236.68 6236.68 0.0 106132.7734
6250.82 6250.82 0.0 106122.7183
6264.97 6264.97 0.0 106112.7466
6279.11 6279.11 0.0 106102.8765
6293.25 6293.25 0.0 106093.1045
6307.39 6307.39 0.0 106083.4224
6321.53 6321.53 0.0 106073.8359
6335.68 6335.68 0.0 106064.3281
6349.82 6349.82 0.0 106054.9253
6363.96 6363.96 0.0 106045.6030
6378.1 6378.1 0.0 106036.3809
6392.25 6392.25 0.0 106027.2290
6406.39 6406.39 0.0 106018.1782
6420.53 6420.53 0.0 106009.2095
6434.67 6434.67 0.0 106000.3286
6448.81 6448.81 0.0 105991.5312
6462.96 6462.96 0.0 105982.8198
6477.1 6477.1 0.0 105974.1904
6491.24 6491.24 0.0 105965.6455
6505.38 6505.38 0.0 105957.1821
6519.52 6519.52 0.0 105948.7983
6533.67 6533.67 0.0 105940.4902
6547.81 6547.81 0.0 105932.2681
6561.95 6561.95 0.0 105924.1255
6576.09 6576.09 0.0 105916.0635
6590.24 6590.24 0.0 105908.0742
6604.38 6604.38 0.0 105900.1641
6618.52 6618.52 0.0 105892.3325
6632.66 6632.66 0.0 105884.5776
6646.8 6646.8 0.0 105876.8965
6660.95 6660.95 0.0 105869.2817
6675.09 6675.09 0.0 105861.7515
6689.23 6689.23 0.0 105854.2939
6703.37 6703.37 0.0 105846.9067
6717.51 6717.51 0.0 105839.5918
6731.66 6731.66 0.0 105832.3467
6745.8 6745.8 0.0 105825.1680
6759.94 6759.94 0.0 105818.0698
6774.08 6774.08 0.0 105811.0381
6788.23 6788.23 0.0 105804.0684
6802.37 6802.37 0.0 105797.1763
6816.51 6816.51 0.0 105790.3525
6830.65 6830.65 0.0 105783.5894
6844.79 6844.79 0.0 105776.8994
6858.94 6858.94 0.0 105770.2705
6873.08 6873.08 0.0 105763.7085
6887.22 6887.22 0.0 105757.2173
6901.36 6901.36 0.0 105750.7861
6915.5 6915.5 0.0 105744.4165
6929.65 6929.65 0.0 105738.1123
6943.79 6943.79 0.0 105731.8730
6957.93 6957.93 0.0 105725.6963
6972.07 6972.07 0.0 105719.5820
6986.21 6986.21 0.0 105713.5308
7000.36 7000.36 0.0 105707.5342
7014.5 7014.5 0.0 105701.6035
7028.64 7028.64 0.0 105695.7334
7042.78 7042.78 0.0 105689.9209
7056.93 7056.93 0.0 105684.1675
7071.07 7071.07 0.0 105678.4717
7085.21 7085.21 0.0 105672.8413
7099.35 7099.35 0.0 105667.2632
7113.49 7113.49 0.0 105661.7422
7127.64 7127.64 0.0 105656.2778
7141.78 7141.78 0.0 105650.8730
7155.92 7155.92 0.0 105645.5190
7170.06 7170.06 0.0 105640.2285
7184.2 7184.2 0.0 105634.9873
7198.35 7198.35 0.0 105629.7983
7212.49 7212.49 0.0 105624.6724
7226.63 7226.63 0.0 105619.5933
7240.77 7240.77 0.0 105614.5649
7254.92 7254.92 0.0 105609.6001
7269.06 7269.06 0.0 105604.6841
7283.2 7283.2 0.0 105599.8115
7297.34 7297.34 0.0 105595.0039
7311.48 7311.48 0.0 105590.2397
7325.63 7325.63 0.0 105585.5303
7339.77 7339.77 0.0 105580.8682
7353.91 7353.91 0.0 105576.2559
7368.05 7368.05 0.0 105571.6963
7382.19 7382.19 0.0 105567.1885
7396.34 7396.34 0.0 105562.7217
7410.48 7410.48 0.0 105558.3140
7424.62 7424.62 0.0 105553.9453
7438.76 7438.76 0.0 105549.6333
7452.91 7452.91 0.0 105545.3594
7467.05 7467.05 0.0 105541.1367
7481.19 7481.19 0.0 105536.9653
7495.33 7495.33 0.0 105532.8374
7509.47 7509.47 0.0 105528.7549
7523.62 7523.62 0.0 105524.7158
7537.76 7537.76 0.0 105520.7290
7551.9 7551.9 0.0 105516.7817
7566.04 7566.04 0.0 105512.8818
7580.18 7580.18 0.0 105509.0264
7594.33 7594.33 0.0 105505.2173
7608.47 7608.47 0.0 105501.4478
7622.61 7622.61 0.0 105497.7246
7636.75 7636.75 0.0 105494.0449
7650.9 7650.9 0.0 105490.4043
7665.04 7665.04 0.0 105486.8105
7679.18 7679.18 0.0 105483.2568
7693.32 7693.32 0.0 105479.7471
7707.46 7707.46 0.0 105476.2720
7721.61 7721.61 0.0 105472.8442
7735.75 7735.75 0.0 105469.4595
7749.89 7749.89 0.0 105466.1113
7764.03 7764.03 0.0 105462.8086
7778.17 7778.17 0.0 105459.5435
