0.0 0.0 0.0 230263.7500
14.1421 14.1421 0.0 341752.2969
28.2843 28.2843 0.0 345770.7500
42.4264 42.4264 0.0 348956.5000
56.5685 56.5685 0.0 351549.0312
70.7107 70.7107 0.0 353690.2344
84.8528 84.8528 0.0 355470.6562
98.9949 98.9949 0.0 356951.2031
113.137 113.137 0.0 358176.5469
127.279 127.279 0.0 359180.0625
141.421 141.421 0.0 359988.6250
155.563 155.563 0.0 360623.3594
169.706 169.706 0.0 361101.5312
183.848 183.848 0.0 361438.2656
197.99 197.99 0.0 361646.0156
212.132 212.132 0.0 361735.9375
226.274 226.274 0.0 361717.3750
240.416 240.416 0.0 361598.6875
254.558 254.558 0.0 361387.8125
268.701 268.701 0.0 361091.1250
282.843 282.843 0.0 360715.1406
296.985 296.985 0.0 360265.0156
311.127 311.127 0.0 359746.1562
325.269 325.269 0.0 359163.0156
339.411 339.411 0.0 358520.1406
353.553 353.553 0.0 357821.3125
367.696 367.696 0.0 357070.2031
381.838 381.838 0.0 356270.6094
395.98 395.98 0.0 355425.3750
410.122 410.122 0.0 354537.7500
424.264 424.264 0.0 353610.2969
438.406 438.406 0.0 352646.0469
452.548 452.548 0.0 351647.2500
466.69 466.69 0.0 350616.2500
480.833 480.833 0.0 349555.1094
494.975 494.975 0.0 348466.4375
509.117 509.117 0.0 347351.8438
523.259 523.259 0.0 346213.2500
537.401 537.401 0.0 345052.5312
551.543 551.543 0.0 343871.1875
565.685 565.685 0.0 342671.0781
579.828 579.828 0.0 341453.2969
593.97 593.97 0.0 340219.7656
608.112 608.112 0.0 338971.5625
622.254 622.254 0.0 337710.0781
636.396 636.396 0.0 336436.7969
650.538 650.538 0.0 335152.4375
664.68 664.68 0.0 333858.3750
678.823 678.823 0.0 332555.6562
692.965 692.965 0.0 331245.3125
707.107 707.107 0.0 329928.1875
721.249 721.249 0.0 328605.4844
735.391 735.391 0.0 327277.7500
749.533 749.533 0.0 325945.9375
763.675 763.675 0.0 324610.9688
777.817 777.817 0.0 323273.3594
791.96 791.96 0.0 321933.8750
806.102 806.102 0.0 320593.3906
820.244 820.244 0.0 319252.3906
834.386 834.386 0.0 317911.5469
848.528 848.528 0.0 316571.4688
862.67 862.67 0.0 315232.5156
876.812 876.812 0.0 313895.3906
890.955 890.955 0.0 312560.4531
905.097 905.097 0.0 311228.3281
919.239 919.239 0.0 309899.4375
933.381 933.381 0.0 308574.1406
947.523 947.523 0.0 307252.8281
961.665 961.665 0.0 305935.9062
975.807 975.807 0.0 304623.7344
989.949 989.949 0.0 303316.5312
1004.09 1004.09 0.0 302014.7656
1018.23 1018.23 0.0 300718.8906
1032.38 1032.38 0.0 299427.8750
1046.52 1046.52 0.0 298144.0000
1060.66 1060.66 0.0 296866.6406
1074.8 1074.8 0.0 295595.7969
1088.94 1088.94 0.0 294331.7656
1103.09 1103.09 0.0 293074.0000
1117.23 1117.23 0.0 291824.2812
1131.37 1131.37 0.0 290581.9375
1145.51 1145.51 0.0 289347.1250
1159.66 1159.66 0.0 288119.1250
1173.8 1173.8 0.0 286899.8125
1187.94 1187.94 0.0 285688.2656
1202.08 1202.08 0.0 284484.8281
1216.22 1216.22 0.0 283289.4375
1230.37 1230.37 0.0 282101.4844
1244.51 1244.51 0.0 280922.4531
1258.65 1258.65 0.0 279751.7812
1272.79 1272.79 0.0 278589.5156
1286.93 1286.93 0.0 277435.5938
1301.08 1301.08 0.0 276289.3281
1315.22 1315.22 0.0 275152.3281
1329.36 1329.36 0.0 274023.8125
1343.5 1343.5 0.0 272903.7500
1357.65 1357.65 0.0 271791.4531
1371.79 1371.79 0.0 270688.3750
1385.93 1385.93 0.0 269593.8438
1400.07 1400.07 0.0 268507.7656
1414.21 1414.21 0.0 267430.1250
1428.36 1428.36 0.0 266360.1875
1442.5 1442.5 0.0 265299.4062
1456.64 1456.64 0.0 264247.0312
1470.78 1470.78 0.0 263202.8906
1484.92 1484.92 0.0 262167.0469
1499.07 1499.07 0.0 261138.7969
1513.21 1513.21 0.0 260119.4219
1527.35 1527.35 0.0 259108.1719
1541.49 1541.49 0.0 258105.0312
1555.63 1555.63 0.0 257109.8906
1569.78 1569.78 0.0 256121.9844
1583.92 1583.92 0.0 255142.7031
1598.06 1598.06 0.0 254171.1719
1612.2 1612.2 0.0 253207.4219
1626.35 1626.35 0.0 252250.6719
1640.49 1640.49 0.0 251302.2188
1654.63 1654.63 0.0 250361.2344
1668.77 1668.77 0.0 249427.6875
1682.91 1682.91 0.0 248501.5156
1697.06 1697.06 0.0 247581.9375
1711.2 1711.2 0.0 246670.2812
1725.34 1725.34 0.0 245765.6875
1739.48 1739.48 0.0 244868.1094
1753.62 1753.62 0.0 243977.5000
1767.77 1767.77 0.0 243093.0938
1781.91 1781.91 0.0 242216.1250
1796.05 1796.05 0.0 241345.7500
1810.19 1810.19 0.0 240482.0000
1824.34 1824.34 0.0 239624.1562
1838.48 1838.48 0.0 238773.3281
1852.62 1852.62 0.0 237928.8438
1866.76 1866.76 0.0 237090.5625
1880.9 1880.9 0.0 236258.4844
1895.05 1895.05 0.0 235431.8750
1909.19 1909.19 0.0 234611.8125
1923.33 1923.33 0.0 233797.6562
1937.47 1937.47 0.0 232989.3125
1951.61 1951.61 0.0 232186.6562
1965.76 1965.76 0.0 231389.1172
1979.9 1979.9 0.0 230597.6719
1994.04 1994.04 0.0 229811.7344
2008.18 2008.18 0.0 229031.2031
2022.33 2022.33 0.0 228255.3984
2036.47 2036.47 0.0 227485.4141
2050.61 2050.61 0.0 226720.5938
2064.75 2064.75 0.0 225960.8203
2078.89 2078.89 0.0 225206.0703
2093.04 2093.04 0.0 224455.7344
2107.18 2107.18 0.0 223710.8125
2121.32 2121.32 0.0 222970.6406
2135.46 2135.46 0.0 222235.2031
2149.6 2149.6 0.0 221504.4219
2163.75 2163.75 0.0 220777.6797
2177.89 2177.89 0.0 220056.0469
2192.03 2192.03 0.0 219338.7656
2206.17 2206.17 0.0 218625.9297
2220.32 2220.32 0.0 217917.0000
2234.46 2234.46 0.0 217212.7500
2248.6 2248.6 0.0 216512.7266
2262.74 2262.74 0.0 215816.8750
2276.88 2276.88 0.0 215125.1406
2291.03 2291.03 0.0 214436.8984
2305.17 2305.17 0.0 213753.2188
2319.31 2319.31 0.0 213073.4531
2333.45 2333.45 0.0 212397.6016
2347.59 2347.59 0.0 211725.6094
2361.74 2361.74 0.0 211056.9609
2375.88 2375.88 0.0 210392.5234
2390.02 2390.02 0.0 209731.7969
2404.16 2404.16 0.0 209074.7891
2418.31 2418.31 0.0 208420.9219
2432.45 2432.45 0.0 207771.1797
2446.59 2446.59 0.0 207124.9531
2460.73 2460.73 0.0 206482.2812
2474.87 2474.87 0.0 205843.1016
2489.02 2489.02 0.0 205206.9453
2503.16 2503.16 0.0 204574.6875
2517.3 2517.3 0.0 203945.8438
2531.44 2531.44 0.0 203320.3359
2545.58 2545.58 0.0 202698.2188
2559.73 2559.73 0.0 202078.9766
2573.87 2573.87 0.0 201463.5156
2588.01 2588.01 0.0 200851.3594
2602.15 2602.15 0.0 200242.4062
2616.3 2616.3 0.0 199636.3047
2630.44 2630.44 0.0 199033.8750
2644.58 2644.58 0.0 198434.6016
2658.72 2658.72 0.0 197838.5703
2672.86 2672.86 0.0 197245.6719
2687.01 2687.01 0.0 196655.5625
2701.15 2701.15 0.0 196069.0000
2715.29 2715.29 0.0 195485.5703
2729.43 2729.43 0.0 194905.2734
2743.57 2743.57 0.0 194328.0938
2757.72 2757.72 0.0 193753.5859
2771.86 2771.86 0.0 193182.6250
2786.0 2786.0 0.0 192614.7266
2800.14 2800.14 0.0 192049.9062
2814.28 2814.28 0.0 191488.2109
2828.43 2828.43 0.0 190929.1484
2842.57 2842.57 0.0 190373.5625
2856.71 2856.71 0.0 189821.0312
2870.85 2870.85 0.0 189271.5312
2885.0 2885.0 0.0 188724.7500
2899.14 2899.14 0.0 188181.3359
2913.28 2913.28 0.0 187641.0391
2927.42 2927.42 0.0 187103.7578
2941.56 2941.56 0.0 186569.5391
2955.71 2955.71 0.0 186037.9531
2969.85 2969.85 0.0 185509.8203
2983.99 2983.99 0.0 184984.7109
2998.13 2998.13 0.0 184462.6641
3012.27 3012.27 0.0 183943.6641
3026.42 3026.42 0.0 183427.3438
3040.56 3040.56 0.0 182914.3906
3054.7 3054.7 0.0 182404.5469
3068.84 3068.84 0.0 181897.7188
3082.99 3082.99 0.0 181393.5625
3097.13 3097.13 0.0 180892.8359
3111.27 3111.27 0.0 180395.1797
3125.41 3125.41 0.0 179900.5547
3139.55 3139.55 0.0 179408.9922
3153.7 3153.7 0.0 178920.1172
3167.84 3167.84 0.0 178434.6641
3181.98 3181.98 0.0 177952.2812
3196.12 3196.12 0.0 177472.9375
3210.26 3210.26 0.0 176996.6484
3224.41 3224.41 0.0 176523.1172
3238.55 3238.55 0.0 176052.9688
3252.69 3252.69 0.0 175585.8906
3266.83 3266.83 0.0 175121.8750
3280.98 3280.98 0.0 174660.6094
3295.12 3295.12 0.0 174202.7188
3309.26 3309.26 0.0 173747.9297
3323.4 3323.4 0.0 173296.1719
3337.54 3337.54 0.0 172847.5078
3351.69 3351.69 0.0 172401.5703
3365.83 3365.83 0.0 171959.0234
3379.97 3379.97 0.0 171519.5547
3394.11 3394.11 0.0 171083.1406
3408.25 3408.25 0.0 170649.7969
3422.4 3422.4 0.0 170219.1797
3436.54 3436.54 0.0 169791.9922
3450.68 3450.68 0.0 169367.8203
3464.82 3464.82 0.0 168946.7109
3478.97 3478.97 0.0 168528.3672
3493.11 3493.11 0.0 168113.3359
3507.25 3507.25 0.0 167701.3750
3521.39 3521.39 0.0 167292.4609
3535.53 3535.53 0.0 166886.5938
3549.68 3549.68 0.0 166483.4414
3563.82 3563.82 0.0 166083.6445
3577.96 3577.96 0.0 165686.8477
3592.1 3592.1 0.0 165293.0859
3606.24 3606.24 0.0 164902.3008
3620.39 3620.39 0.0 164514.2969
3634.53 3634.53 0.0 164129.5195
3648.67 3648.67 0.0 163747.7695
3662.81 3662.81 0.0 163369.0039
3676.96 3676.96 0.0 162992.9531
3691.1 3691.1 0.0 162620.1328
3705.24 3705.24 0.0 162250.2578
3719.38 3719.38 0.0 161883.3789
3733.52 3733.52 0.0 161519.4180
3747.67 3747.67 0.0 161158.1484
3761.81 3761.81 0.0 160800.0586
3775.95 3775.95 0.0 160444.9102
3790.09 3790.09 0.0 160092.6484
3804.23 3804.23 0.0 159743.2969
3818.38 3818.38 0.0 159396.5742
3832.52 3832.52 0.0 159053.0078
3846.66 3846.66 0.0 158712.2891
3860.8 3860.8 0.0 158374.4258
3874.95 3874.95 0.0 158039.1641
3889.09 3889.09 0.0 157706.9805
3903.23 3903.23 0.0 157377.6445
3917.37 3917.37 0.0 157051.0625
3931.51 3931.51 0.0 156727.2969
3945.66 3945.66 0.0 156406.1016
3959.8 3959.8 0.0 156087.9023
3973.94 3973.94 0.0 155772.4453
3988.08 3988.08 0.0 155459.7188
4002.22 4002.22 0.0 155149.7656
4016.37 4016.37 0.0 154842.2812
4030.51 4030.51 0.0 154537.7188
4044.65 4044.65 0.0 154235.8477
4058.79 4058.79 0.0 153936.6406
4072.94 4072.94 0.0 153639.8828
4087.08 4087.08 0.0 153345.9727
4101.22 4101.22 0.0 153054.7070
4115.36 4115.36 0.0 152766.0469
4129.5 4129.5 0.0 152479.9805
4143.65 4143.65 0.0 152196.2773
4157.79 4157.79 0.0 151915.3711
4171.93 4171.93 0.0 151636.9922
4186.07 4186.07 0.0 151361.1680
4200.21 4200.21 0.0 151087.8320
4214.36 4214.36 0.0 150816.8320
4228.5 4228.5 0.0 150548.5000
4242.64 4242.64 0.0 150282.6328
4256.78 4256.78 0.0 150019.2305
4270.92 4270.92 0.0 149758.2461
4285.07 4285.07 0.0 149499.5039
4299.21 4299.21 0.0 149243.3438
4313.35 4313.35 0.0 148989.5820
4327.49 4327.49 0.0 148738.1758
4341.64 4341.64 0.0 148488.9492
4355.78 4355.78 0.0 148242.2266
4369.92 4369.92 0.0 147997.8320
4384.06 4384.06 0.0 147755.7227
4398.2 4398.2 0.0 147515.8789
4412.35 4412.35 0.0 147278.1680
4426.49 4426.49 0.0 147042.8594
4440.63 4440.63 0.0 146809.7773
4454.77 4454.77 0.0 146578.9102
4468.91 4468.91 0.0 146350.2305
4483.06 4483.06 0.0 146123.5742
4497.2 4497.2 0.0 145899.2422
4511.34 4511.34 0.0 145677.0430
4525.48 4525.48 0.0 145456.9805
4539.63 4539.63 0.0 145238.8633
4553.77 4553.77 0.0 145022.9805
4567.91 4567.91 0.0 144809.2070
4582.05 4582.05 0.0 144597.4648
4596.19 4596.19 0.0 144387.7539
4610.34 4610.34 0.0 144179.9102
4624.48 4624.48 0.0 143974.2500
4638.62 4638.62 0.0 143770.5508
4652.76 4652.76 0.0 143568.8125
4666.9 4666.9 0.0 143369.0352
4681.05 4681.05 0.0 143171.0508
4695.19 4695.19 0.0 142975.1328
4709.33 4709.33 0.0 142781.0977
4723.47 4723.47 0.0 142588.9531
4737.62 4737.62 0.0 142398.5391
4751.76 4751.76 0.0 142210.1172
4765.9 4765.9 0.0 142023.5117
4780.04 4780.04 0.0 141838.7305
4794.18 4794.18 0.0 141655.7578
4808.33 4808.33 0.0 141474.4141
4822.47 4822.47 0.0 141294.9531
4836.61 4836.61 0.0 141117.2734
4850.75 4850.75 0.0 140941.3008
4864.89 4864.89 0.0 140767.0391
4879.04 4879.04 0.0 140594.3750
4893.18 4893.18 0.0 140423.4961
4907.32 4907.32 0.0 140254.3086
4921.46 4921.46 0.0 140086.7422
4935.61 4935.61 0.0 139920.7070
4949.75 4949.75 0.0 139756.3867
4963.89 4963.89 0.0 139593.6797
4978.03 4978.03 0.0 139432.5664
4992.17 4992.17 0.0 139273.0000
5006.32 5006.32 0.0 139114.8984
5020.46 5020.46 0.0 138958.4453
5034.6 5034.6 0.0 138803.5078
5048.74 5048.74 0.0 138650.0664
5062.88 5062.88 0.0 138498.1289
5077.03 5077.03 0.0 138347.5625
5091.17 5091.17 0.0 138198.5508
5105.31 5105.31 0.0 138051.0039
5119.45 5119.45 0.0 137904.8789
5133.6 5133.6 0.0 137760.0547
5147.74 5147.74 0.0 137616.7656
5161.88 5161.88 0.0 137474.8398
5176.02 5176.02 0.0 137334.2891
5190.16 5190.16 0.0 137195.1250
5204.31 5204.31 0.0 137057.1680
5218.45 5218.45 0.0 136920.6641
5232.59 5232.59 0.0 136785.4492
5246.73 5246.73 0.0 136651.5586
5260.87 5260.87 0.0 136518.9570
5275.02 5275.02 0.0 136387.5273
5289.16 5289.16 0.0 136257.4570
5303.3 5303.3 0.0 136128.6250
5317.44 5317.44 0.0 136001.0234
5331.59 5331.59 0.0 135874.5625
5345.73 5345.73 0.0 135749.3984
5359.87 5359.87 0.0 135625.4141
5374.01 5374.01 0.0 135502.6289
5388.15 5388.15 0.0 135380.9883
5402.3 5402.3 0.0 135260.4258
5416.44 5416.44 0.0 135141.0898
5430.58 5430.58 0.0 135022.8789
5444.72 5444.72 0.0 134905.8086
5458.86 5458.86 0.0 134789.8242
5473.01 5473.01 0.0 134674.8438
5487.15 5487.15 0.0 134561.0391
5501.29 5501.29 0.0 134448.2773
5515.43 5515.43 0.0 134336.5820
5529.58 5529.58 0.0 134225.8633
5543.72 5543.72 0.0 134116.2383
5557.86 5557.86 0.0 134007.6426
5572.0 5572.0 0.0 133900.0566
5586.14 5586.14 0.0 133793.4570
5600.29 5600.29 0.0 133687.7812
5614.43 5614.43 0.0 133583.1523
5628.57 5628.57 0.0 133479.4746
5642.71 5642.71 0.0 133376.7422
5656.85 5656.85 0.0 133274.9629
5671.0 5671.0 0.0 133174.0527
5685.14 5685.14 0.0 133074.1211
5699.28 5699.28 0.0 132975.0957
5713.42 5713.42 0.0 132876.9785
5727.56 5727.56 0.0 132779.7383
5741.71 5741.71 0.0 132683.3086
5755.85 5755.85 0.0 132587.8145
5769.99 5769.99 0.0 132493.1777
5784.13 5784.13 0.0 132399.4043
5798.28 5798.28 0.0 132306.3809
5812.42 5812.42 0.0 132214.2539
5826.56 5826.56 0.0 132122.9375
5840.7 5840.7 0.0 132032.4395
5854.84 5854.84 0.0 131942.7461
5868.99 5868.99 0.0 131853.7559
5883.13 5883.13 0.0 131765.6211
5897.27 5897.27 0.0 131678.2656
5911.41 5911.41 0.0 131591.6465
5925.55 5925.55 0.0 131505.7930
5939.7 5939.7 0.0 131420.6270
5953.84 5953.84 0.0 131336.2480
5967.98 5967.98 0.0 131252.6074
5982.12 5982.12 0.0 131169.6660
5996.27 5996.27 0.0 131087.3789
6010.41 6010.41 0.0 131005.8574
6024.55 6024.55 0.0 130925.0215
6038.69 6038.69 0.0 130844.8555
6052.83 6052.83 0.0 130765.3711
6066.98 6066.98 0.0 130686.5020
6081.12 6081.12 0.0 130608.3379
6095.26 6095.26 0.0 130530.8340
6109.4 6109.4 0.0 130453.9590
6123.54 6123.54 0.0 130377.7324
6137.69 6137.69 0.0 130302.0781
6151.83 6151.83 0.0 130227.0762
6165.97 6165.97 0.0 130152.7148
6180.11 6180.11 0.0 130078.9473
6194.26 6194.26 0.0 130005.7168
6208.4 6208.4 0.0 129933.1289
6222.54 6222.54 0.0 129861.1230
6236.68 6236.68 0.0 129789.6895
6250.82 6250.82 0.0 129718.8320
6264.97 6264.97 0.0 129648.4844
6279.11 6279.11 0.0 129578.7188
6293.25 6293.25 0.0 129509.5273
6307.39 6307.39 0.0 129440.8652
6321.53 6321.53 0.0 129372.7520
6335.68 6335.68 0.0 129305.0918
6349.82 6349.82 0.0 129238.0234
6363.96 6363.96 0.0 129171.4473
6378.1 6378.1 0.0 129105.3945
6392.25 6392.25 0.0 129039.7910
6406.39 6406.39 0.0 128974.7344
6420.53 6420.53 0.0 128910.1680
6434.67 6434.67 0.0 128846.0781
6448.81 6448.81 0.0 128782.4785
6462.96 6462.96 0.0 128719.2734
6477.1 6477.1 0.0 128656.6152
6491.24 6491.24 0.0 128594.4023
6505.38 6505.38 0.0 128532.6504
6519.52 6519.52 0.0 128471.3340
6533.67 6533.67 0.0 128410.4258
6547.81 6547.81 0.0 128349.9922
6561.95 6561.95 0.0 128289.9902
6576.09 6576.09 0.0 128230.4141
6590.24 6590.24 0.0 128171.2285
6604.38 6604.38 0.0 128112.4961
6618.52 6618.52 0.0 128054.1699
6632.66 6632.66 0.0 127996.2422
6646.8 6646.8 0.0 127938.7324
6660.95 6660.95 0.0 127881.5820
6675.09 6675.09 0.0 127824.8438
6689.23 6689.23 0.0 127768.5020
6703.37 6703.37 0.0 127712.5371
6717.51 6717.51 0.0 127656.9492
6731.66 6731.66 0.0 127601.7051
6745.8 6745.8 0.0 127546.8516
6759.94 6759.94 0.0 127492.3711
6774.08 6774.08 0.0 127438.2500
6788.23 6788.23 0.0 127384.4473
6802.37 6802.37 0.0 127331.0332
6816.51 6816.51 0.0 127277.9492
6830.65 6830.65 0.0 127225.2188
6844.79 6844.79 0.0 127172.8145
6858.94 6858.94 0.0 127120.7129
6873.08 6873.08 0.0 127068.9863
6887.22 6887.22 0.0 127017.5723
6901.36 6901.36 0.0 126966.4727
6915.5 6915.5 0.0 126915.7090
6929.65 6929.65 0.0 126865.2070
6943.79 6943.79 0.0 126815.0645
6957.93 6957.93 0.0 126765.2148
6972.07 6972.07 0.0 126715.6719
6986.21 6986.21 0.0 126666.4258
7000.36 7000.36 0.0 126617.4355
7014.5 7014.5 0.0 126568.7734
7028.64 7028.64 0.0 126520.3965
7042.78 7042.78 0.0 126472.3203
7056.93 7056.93 0.0 126424.4766
7071.07 7071.07 0.0 126376.9355
7085.21 7085.21 0.0 126329.6797
7099.35 7099.35 0.0 126282.6875
7113.49 7113.49 0.0 126235.9629
7127.64 7127.64 0.0 126189.4883
7141.78 7141.78 0.0 126143.2773
7155.92 7155.92 0.0 126097.3477
7170.06 7170.06 0.0 126051.6641
7184.2 7184.2 0.0 126006.2324
7198.35 7198.35 0.0 125961.0137
7212.49 7212.49 0.0 125916.0840
7226.63 7226.63 0.0 125871.3770
7240.77 7240.77 0.0 125826.9453
7254.92 7254.92 0.0 125782.6895
7269.06 7269.06 0.0 125738.7070
7283.2 7283.2 0.0 125694.9453
7297.34 7297.34 0.0 125651.4180
7311.48 7311.48 0.0 125608.1289
7325.63 7325.63 0.0 125565.0371
7339.77 7339.77 0.0 125522.1816
7353.91 7353.91 0.0 125479.5488
7368.05 7368.05 0.0 125437.1465
7382.19 7382.19 0.0 125394.9395
7396.34 7396.34 0.0 125352.9199
7410.48 7410.48 0.0 125311.1367
7424.62 7424.62 0.0 125269.5684
7438.76 7438.76 0.0 125228.1934
7452.91 7452.91 0.0 125186.9922
7467.05 7467.05 0.0 125146.0332
7481.19 7481.19 0.0 125105.2676
7495.33 7495.33 0.0 125064.6816
7509.47 7509.47 0.0 125024.3047
7523.62 7523.62 0.0 124984.0898
7537.76 7537.76 0.0 124944.0918
7551.9 7551.9 0.0 124904.2656
7566.04 7566.04 0.0 124864.6504
7580.18 7580.18 0.0 124825.2031
7594.33 7594.33 0.0 124785.9082
7608.47 7608.47 0.0 124746.8203
7622.61 7622.61 0.0 124707.9180
7636.75 7636.75 0.0 124669.1816
7650.9 7650.9 0.0 124630.5957
7665.04 7665.04 0.0 124592.2109
7679.18 7679.18 0.0 124553.9922
7693.32 7693.32 0.0 124515.9375
7707.46 7707.46 0.0 124478.0625
7721.61 7721.61 0.0 124440.3047
7735.75 7735.75 0.0 124402.7520
7749.89 7749.89 0.0 124365.3652
7764.03 7764.03 0.0 124328.1367
7778.17 7778.17 0.0 124291.0605
