0.0 0.0 0.0 180043.9297
14.1421 14.1421 0.0 202726.4922
28.2843 28.2843 0.0 200566.3438
42.4264 42.4264 0.0 199383.8438
56.5685 56.5685 0.0 198146.2969
70.7107 70.7107 0.0 196680.1250
84.8528 84.8528 0.0 194996.4531
98.9949 98.9949 0.0 193146.0859
113.137 113.137 0.0 191179.8828
127.279 127.279 0.0 189139.1484
141.421 141.421 0.0 187055.1641
155.563 155.563 0.0 184951.0156
169.706 169.706 0.0 182843.4453
183.848 183.848 0.0 180745.1250
197.99 197.99 0.0 178665.1172
212.132 212.132 0.0 176610.2969
226.274 226.274 0.0 174585.8750
240.416 240.416 0.0 172595.8281
254.558 254.558 0.0 170643.1250
268.701 268.701 0.0 168729.9766
282.843 282.843 0.0 166858.3711
296.985 296.985 0.0 165029.4297
311.127 311.127 0.0 163244.1133
325.269 325.269 0.0 161503.0273
339.411 339.411 0.0 159806.5117
353.553 353.553 0.0 158154.7227
367.696 367.696 0.0 156547.4648
381.838 381.838 0.0 154984.8086
395.98 395.98 0.0 153466.2383
410.122 410.122 0.0 151991.3750
424.264 424.264 0.0 150559.5742
438.406 438.406 0.0 149170.2148
452.548 452.548 0.0 147822.6172
466.69 466.69 0.0 146515.9570
480.833 480.833 0.0 145249.3086
494.975 494.975 0.0 144022.0625
509.117 509.117 0.0 142833.1289
523.259 523.259 0.0 141681.6562
537.401 537.401 0.0 140566.6602
551.543 551.543 0.0 139487.1914
565.685 565.685 0.0 138442.2891
579.828 579.828 0.0 137430.8867
593.97 593.97 0.0 136452.2383
608.112 608.112 0.0 135505.2109
622.254 622.254 0.0 134588.9219
636.396 636.396 0.0 133702.4375
650.538 650.538 0.0 132844.7637
664.68 664.68 0.0 132015.0391
678.823 678.823 0.0 131212.3125
692.965 692.965 0.0 130435.7715
707.107 707.107 0.0 129684.5215
721.249 721.249 0.0 128957.7578
735.391 735.391 0.0 128254.6055
749.533 749.533 0.0 127574.2969
763.675 763.675 0.0 126916.0449
777.817 777.817 0.0 126279.1016
791.96 791.96 0.0 125662.6973
806.102 806.102 0.0 125066.1816
820.244 820.244 0.0 124488.8496
834.386 834.386 0.0 123929.9922
848.528 848.528 0.0 123388.9961
862.67 862.67 0.0 122865.2402
876.812 876.812 0.0 122358.1016
890.955 890.955 0.0 121866.9688
905.097 905.097 0.0 121391.3398
919.239 919.239 0.0 120930.6309
933.381 933.381 0.0 120484.3262
947.523 947.523 0.0 120051.9180
961.665 961.665 0.0 119632.9121
975.807 975.807 0.0 119226.8418
989.949 989.949 0.0 118833.2461
1004.09 1004.09 0.0 118451.7129
1018.23 1018.23 0.0 118081.8145
1032.38 1032.38 0.0 117722.8711
1046.52 1046.52 0.0 117375.0020
1060.66 1060.66 0.0 117037.5625
1074.8 1074.8 0.0 116710.2051
1088.94 1088.94 0.0 116392.5537
1103.09 1103.09 0.0 116084.0820
1117.23 1117.23 0.0 115784.8916
1131.37 1131.37 0.0 115494.4541
1145.51 1145.51 0.0 115212.4443
1159.66 1159.66 0.0 114938.4160
1173.8 1173.8 0.0 114672.4648
1187.94 1187.94 0.0 114414.1230
1202.08 1202.08 0.0 114163.1270
1216.22 1216.22 0.0 113919.2373
1230.37 1230.37 0.0 113682.0586
1244.51 1244.51 0.0 113451.6768
1258.65 1258.65 0.0 113227.7070
1272.79 1272.79 0.0 113009.9336
1286.93 1286.93 0.0 112798.1670
1301.08 1301.08 0.0 112592.0430
1315.22 1315.22 0.0 112391.6777
1329.36 1329.36 0.0 112196.7412
1343.5 1343.5 0.0 112007.0430
1357.65 1357.65 0.0 111822.2900
1371.79 1371.79 0.0 111642.5957
1385.93 1385.93 0.0 111467.6406
1400.07 1400.07 0.0 111297.2988
1414.21 1414.21 0.0 111131.4072
1428.36 1428.36 0.0 110969.7197
1442.5 1442.5 0.0 110812.3184
1456.64 1456.64 0.0 110658.9707
1470.78 1470.78 0.0 110509.5439
1484.92 1484.92 0.0 110363.9082
1499.07 1499.07 0.0 110221.8604
1513.21 1513.21 0.0 110083.4814
1527.35 1527.35 0.0 109948.5566
1541.49 1541.49 0.0 109816.9863
1555.63 1555.63 0.0 109688.6709
1569.78 1569.78 0.0 109563.4092
1583.92 1583.92 0.0 109441.2944
1598.06 1598.06 0.0 109322.1533
1612.2 1612.2 0.0 109205.8843
1626.35 1626.35 0.0 109092.3242
1640.49 1640.49 0.0 108981.5586
1654.63 1654.63 0.0 108873.4238
1668.77 1668.77 0.0 108767.8364
1682.91 1682.91 0.0 108664.7280
1697.06 1697.06 0.0 108563.9575
1711.2 1711.2 0.0 108465.5903
1725.34 1725.34 0.0 108369.4922
1739.48 1739.48 0.0 108275.6074
1753.62 1753.62 0.0 108183.8599
1767.77 1767.77 0.0 108094.1294
1781.91 1781.91 0.0 108006.4902
1796.05 1796.05 0.0 107920.8149
1810.19 1810.19 0.0 107837.0557
1824.34 1824.34 0.0 107755.0898
1838.48 1838.48 0.0 107674.9971
1852.62 1852.62 0.0 107596.6592
1866.76 1866.76 0.0 107520.0269
1880.9 1880.9 0.0 107445.0586
1895.05 1895.05 0.0 107371.6611
1909.19 1909.19 0.0 107299.8833
1923.33 1923.33 0.0 107229.6421
1937.47 1937.47 0.0 107160.8936
1951.61 1951.61 0.0 107093.5928
1965.76 1965.76 0.0 107027.6562
1979.9 1979.9 0.0 106963.1504
1994.04 1994.04 0.0 106899.9795
2008.18 2008.18 0.0 106838.1084
2022.33 2022.33 0.0 106777.4722
2036.47 2036.47 0.0 106718.1118
2050.61 2050.61 0.0 106659.9619
2064.75 2064.75 0.0 106602.9863
2078.89 2078.89 0.0 106547.1567
2093.04 2093.04 0.0 106492.3999
2107.18 2107.18 0.0 106438.7764
2121.32 2121.32 0.0 106386.2100
2135.46 2135.46 0.0 106334.6758
2149.6 2149.6 0.0 106284.1519
2163.75 2163.75 0.0 106234.5747
2177.89 2177.89 0.0 106185.9980
2192.03 2192.03 0.0 106138.3477
2206.17 2206.17 0.0 106091.6118
2220.32 2220.32 0.0 106045.7358
2234.46 2234.46 0.0 106000.7583
2248.6 2248.6 0.0 105956.6304
2262.74 2262.74 0.0 105913.3340
2276.88 2276.88 0.0 105870.8389
2291.03 2291.03 0.0 105829.1006
2305.17 2305.17 0.0 105788.1675
2319.31 2319.31 0.0 105747.9805
2333.45 2333.45 0.0 105708.5308
2347.59 2347.59 0.0 105669.7969
2361.74 2361.74 0.0 105631.7329
2375.88 2375.88 0.0 105594.3799
2390.02 2390.02 0.0 105557.6938
2404.16 2404.16 0.0 105521.6641
2418.31 2418.31 0.0 105486.2437
2432.45 2432.45 0.0 105451.4722
2446.59 2446.59 0.0 105417.3069
2460.73 2460.73 0.0 105383.7415
2474.87 2474.87 0.0 105350.7517
2489.02 2489.02 0.0 105318.3110
2503.16 2503.16 0.0 105286.4458
2517.3 2517.3 0.0 105255.1282
2531.44 2531.44 0.0 105224.3362
2545.58 2545.58 0.0 105194.0684
2559.73 2559.73 0.0 105164.2854
2573.87 2573.87 0.0 105135.0195
2588.01 2588.01 0.0 105106.2407
2602.15 2602.15 0.0 105077.9417
2616.3 2616.3 0.0 105050.0842
2630.44 2630.44 0.0 105022.7007
2644.58 2644.58 0.0 104995.7615
2658.72 2658.72 0.0 104969.2639
2672.86 2672.86 0.0 104943.1902
2687.01 2687.01 0.0 104917.5159
2701.15 2701.15 0.0 104892.2717
2715.29 2715.29 0.0 104867.4238
2729.43 2729.43 0.0 104842.9675
2743.57 2743.57 0.0 104818.8982
2757.72 2757.72 0.0 104795.1899
2771.86 2771.86 0.0 104771.8618
2786.0 2786.0 0.0 104748.8938
2800.14 2800.14 0.0 104726.2847
2814.28 2814.28 0.0 104704.0156
2828.43 2828.43 0.0 104682.0762
2842.57 2842.57 0.0 104660.4788
2856.71 2856.71 0.0 104639.2095
2870.85 2870.85 0.0 104618.2590
2885.0 2885.0 0.0 104597.6091
2899.14 2899.14 0.0 104577.2756
2913.28 2913.28 0.0 104557.2439
2927.42 2927.42 0.0 104537.5063
2941.56 2941.56 0.0 104518.0598
2955.71 2955.71 0.0 104498.8813
2969.85 2969.85 0.0 104479.9927
2983.99 2983.99 0.0 104461.3772
2998.13 2998.13 0.0 104443.0288
3012.27 3012.27 0.0 104424.9412
3026.42 3026.42 0.0 104407.0962
3040.56 3040.56 0.0 104389.5188
3054.7 3054.7 0.0 104372.1892
3068.84 3068.84 0.0 104355.1001
3082.99 3082.99 0.0 104338.2332
3097.13 3097.13 0.0 104321.6172
3111.27 3111.27 0.0 104305.2258
3125.41 3125.41 0.0 104289.0608
3139.55 3139.55 0.0 104273.1182
3153.7 3153.7 0.0 104257.3772
3167.84 3167.84 0.0 104241.8616
3181.98 3181.98 0.0 104226.5552
3196.12 3196.12 0.0 104211.4497
3210.26 3210.26 0.0 104196.5527
3224.41 3224.41 0.0 104181.8350
3238.55 3238.55 0.0 104167.3232
3252.69 3252.69 0.0 104153.0066
3266.83 3266.83 0.0 104138.8745
3280.98 3280.98 0.0 104124.9128
3295.12 3295.12 0.0 104111.1423
3309.26 3309.26 0.0 104097.5520
3323.4 3323.4 0.0 104084.1343
3337.54 3337.54 0.0 104070.8867
3351.69 3351.69 0.0 104057.8008
3365.83 3365.83 0.0 104044.8845
3379.97 3379.97 0.0 104032.1299
3394.11 3394.11 0.0 104019.5386
3408.25 3408.25 0.0 104007.1006
3422.4 3422.4 0.0 103994.8101
3436.54 3436.54 0.0 103982.6782
3450.68 3450.68 0.0 103970.6975
3464.82 3464.82 0.0 103958.8594
3478.97 3478.97 0.0 103947.1606
3493.11 3493.11 0.0 103935.6082
3507.25 3507.25 0.0 103924.1968
3521.39 3521.39 0.0 103912.9189
3535.53 3535.53 0.0 103901.7776
3549.68 3549.68 0.0 103890.7617
3563.82 3563.82 0.0 103879.8809
3577.96 3577.96 0.0 103869.1292
3592.1 3592.1 0.0 103858.5029
3606.24 3606.24 0.0 103848.0027
3620.39 3620.39 0.0 103837.6104
3634.53 3634.53 0.0 103827.3525
3648.67 3648.67 0.0 103817.2087
3662.81 3662.81 0.0 103807.1819
3676.96 3676.96 0.0 103797.2588
3691.1 3691.1 0.0 103787.4575
3705.24 3705.24 0.0 103777.7686
3719.38 3719.38 0.0 103768.1829
3733.52 3733.52 0.0 103758.7100
3747.67 3747.67 0.0 103749.3328
3761.81 3761.81 0.0 103740.0652
3775.95 3775.95 0.0 103730.9004
3790.09 3790.09 0.0 103721.8354
3804.23 3804.23 0.0 103712.8694
3818.38 3818.38 0.0 103703.9937
3832.52 3832.52 0.0 103695.2222
3846.66 3846.66 0.0 103686.5413
3860.8 3860.8 0.0 103677.9548
3874.95 3874.95 0.0 103669.4578
3889.09 3889.09 0.0 103661.0513
3903.23 3903.23 0.0 103652.7380
3917.37 3917.37 0.0 103644.5120
3931.51 3931.51 0.0 103636.3667
3945.66 3945.66 0.0 103628.3047
3959.8 3959.8 0.0 103620.3298
3973.94 3973.94 0.0 103612.4417
3988.08 3988.08 0.0 103604.6282
4002.22 4002.22 0.0 103596.8984
4016.37 4016.37 0.0 103589.2415
4030.51 4030.51 0.0 103581.6672
4044.65 4044.65 0.0 103574.1687
4058.79 4058.79 0.0 103566.7463
4072.94 4072.94 0.0 103559.3899
4087.08 4087.08 0.0 103552.1169
4101.22 4101.22 0.0 103544.9141
4115.36 4115.36 0.0 103537.7798
4129.5 4129.5 0.0 103530.7178
4143.65 4143.65 0.0 103523.7214
4157.79 4157.79 0.0 103516.7942
4171.93 4171.93 0.0 103509.9346
4186.07 4186.07 0.0 103503.1428
4200.21 4200.21 0.0 103496.4167
4214.36 4214.36 0.0 103489.7476
4228.5 4228.5 0.0 103483.1494
4242.64 4242.64 0.0 103476.6130
4256.78 4256.78 0.0 103470.1375
4270.92 4270.92 0.0 103463.7241
4285.07 4285.07 0.0 103457.3643
4299.21 4299.21 0.0 103451.0662
4313.35 4313.35 0.0 103444.8301
4327.49 4327.49 0.0 103438.6521
4341.64 4341.64 0.0 103432.5239
4355.78 4355.78 0.0 103426.4583
4369.92 4369.92 0.0 103420.4446
4384.06 4384.06 0.0 103414.4871
4398.2 4398.2 0.0 103408.5835
4412.35 4412.35 0.0 103402.7290
4426.49 4426.49 0.0 103396.9307
4440.63 4440.63 0.0 103391.1846
4454.77 4454.77 0.0 103385.4897
4468.91 4468.91 0.0 103379.8420
4483.06 4483.06 0.0 103374.2432
4497.2 4497.2 0.0 103368.6964
4511.34 4511.34 0.0 103363.1956
4525.48 4525.48 0.0 103357.7451
4539.63 4539.63 0.0 103352.3369
4553.77 4553.77 0.0 103346.9781
4567.91 4567.91 0.0 103341.6656
4582.05 4582.05 0.0 103336.3995
4596.19 4596.19 0.0 103331.1787
4610.34 4610.34 0.0 103325.9952
4624.48 4624.48 0.0 103320.8613
4638.62 4638.62 0.0 103315.7698
4652.76 4652.76 0.0 103310.7196
4666.9 4666.9 0.0 103305.7124
4681.05 4681.05 0.0 103300.7427
4695.19 4695.19 0.0 103295.8187
4709.33 4709.33 0.0 103290.9309
4723.47 4723.47 0.0 103286.0867
4737.62 4737.62 0.0 103281.2756
4751.76 4751.76 0.0 103276.5101
4765.9 4765.9 0.0 103271.7803
4780.04 4780.04 0.0 103267.0895
4794.18 4794.18 0.0 103262.4342
4808.33 4808.33 0.0 103257.8158
4822.47 4822.47 0.0 103253.2340
4836.61 4836.61 0.0 103248.6888
4850.75 4850.75 0.0 103244.1798
4864.89 4864.89 0.0 103239.7061
4879.04 4879.04 0.0 103235.2646
4893.18 4893.18 0.0 103230.8579
4907.32 4907.32 0.0 103226.4896
4921.46 4921.46 0.0 103222.1510
4935.61 4935.61 0.0 103217.8430
4949.75 4949.75 0.0 103213.5709
4963.89 4963.89 0.0 103209.3319
4978.03 4978.03 0.0 103205.1229
4992.17 4992.17 0.0 103200.9484
5006.32 5006.32 0.0 103196.7974
5020.46 5020.46 0.0 103192.6841
5034.6 5034.6 0.0 103188.6010
5048.74 5048.74 0.0 103184.5454
5062.88 5062.88 0.0 103180.5217
5077.03 5077.03 0.0 103176.5234
5091.17 5091.17 0.0 103172.5566
5105.31 5105.31 0.0 103168.6195
5119.45 5119.45 0.0 103164.7100
5133.6 5133.6 0.0 103160.8243
5147.74 5147.74 0.0 103156.9716
5161.88 5161.88 0.0 103153.1459
5176.02 5176.02 0.0 103149.3457
5190.16 5190.16 0.0 103145.5741
5204.31 5204.31 0.0 103141.8241
5218.45 5218.45 0.0 103138.1025
5232.59 5232.59 0.0 103134.4094
5246.73 5246.73 0.0 103130.7384
5260.87 5260.87 0.0 103127.0955
5275.02 5275.02 0.0 103123.4744
5289.16 5289.16 0.0 103119.8785
5303.3 5303.3 0.0 103116.3085
5317.44 5317.44 0.0 103112.7621
5331.59 5331.59 0.0 103109.2385
5345.73 5345.73 0.0 103105.7380
5359.87 5359.87 0.0 103102.2640
5374.01 5374.01 0.0 103098.8110
5388.15 5388.15 0.0 103095.3810
5402.3 5402.3 0.0 103091.9707
5416.44 5416.44 0.0 103088.5857
5430.58 5430.58 0.0 103085.2223
5444.72 5444.72 0.0 103081.8794
5458.86 5458.86 0.0 103078.5587
5473.01 5473.01 0.0 103075.2578
5487.15 5487.15 0.0 103071.9803
5501.29 5501.29 0.0 103068.7233
5515.43 5515.43 0.0 103065.4865
5529.58 5529.58 0.0 103062.2671
5543.72 5543.72 0.0 103059.0712
5557.86 5557.86 0.0 103055.8934
5572.0 5572.0 0.0 103052.7371
5586.14 5586.14 0.0 103049.6003
5600.29 5600.29 0.0 103046.4786
5614.43 5614.43 0.0 103043.3811
5628.57 5628.57 0.0 103040.3008
5642.71 5642.71 0.0 103037.2389
5656.85 5656.85 0.0 103034.1940
5671.0 5671.0 0.0 103031.1665
5685.14 5685.14 0.0 103028.1591
5699.28 5699.28 0.0 103025.1708
5713.42 5713.42 0.0 103022.1973
5727.56 5727.56 0.0 103019.2430
5741.71 5741.71 0.0 103016.3032
5755.85 5755.85 0.0 103013.3832
5769.99 5769.99 0.0 103010.4801
5784.13 5784.13 0.0 103007.5925
5798.28 5798.28 0.0 103004.7202
5812.42 5812.42 0.0 103001.8665
5826.56 5826.56 0.0 102999.0278
5840.7 5840.7 0.0 102996.2062
5854.84 5854.84 0.0 102993.4001
5868.99 5868.99 0.0 102990.6068
5883.13 5883.13 0.0 102987.8318
5897.27 5897.27 0.0 102985.0707
5911.41 5911.41 0.0 102982.3260
5925.55 5925.55 0.0 102979.5970
5939.7 5939.7 0.0 102976.8796
5953.84 5953.84 0.0 102974.1791
5967.98 5967.98 0.0 102971.4932
5982.12 5982.12 0.0 102968.8204
5996.27 5996.27 0.0 102966.1621
6010.41 6010.41 0.0 102963.5182
6024.55 6024.55 0.0 102960.8887
6038.69 6038.69 0.0 102958.2727
6052.83 6052.83 0.0 102955.6687
6066.98 6066.98 0.0 102953.0780
6081.12 6081.12 0.0 102950.5024
6095.26 6095.26 0.0 102947.9395
6109.4 6109.4 0.0 102945.3906
6123.54 6123.54 0.0 102942.8540
6137.69 6137.69 0.0 102940.3262
6151.83 6151.83 0.0 102937.8145
6165.97 6165.97 0.0 102935.3153
6180.11 6180.11 0.0 102932.8290
6194.26 6194.26 0.0 102930.3534
6208.4 6208.4 0.0 102927.8901
6222.54 6222.54 0.0 102925.4391
6236.68 6236.68 0.0 102923.0000
6250.82 6250.82 0.0 102920.5724
6264.97 6264.97 0.0 102918.1559
6279.11 6279.11 0.0 102915.7515
6293.25 6293.25 0.0 102913.3567
6307.39 6307.39 0.0 102910.9761
6321.53 6321.53 0.0 102908.6051
6335.68 6335.68 0.0 102906.2422
6349.82 6349.82 0.0 102903.8933
6363.96 6363.96 0.0 102901.5569
6378.1 6378.1 0.0 102899.2286
6392.25 6392.25 0.0 102896.9088
6406.39 6406.39 0.0 102894.6014
6420.53 6420.53 0.0 102892.3042
6434.67 6434.67 0.0 102890.0194
6448.81 6448.81 0.0 102887.7407
6462.96 6462.96 0.0 102885.4713
6477.1 6477.1 0.0 102883.2172
6491.24 6491.24 0.0 102880.9678
6505.38 6505.38 0.0 102878.7318
6519.52 6519.52 0.0 102876.5029
6533.67 6533.67 0.0 102874.2825
6547.81 6547.81 0.0 102872.0724
6561.95 6561.95 0.0 102869.8713
6576.09 6576.09 0.0 102867.6816
6590.24 6590.24 0.0 102865.4985
6604.38 6604.38 0.0 102863.3239
6618.52 6618.52 0.0 102861.1595
6632.66 6632.66 0.0 102859.0046
6646.8 6646.8 0.0 102856.8551
6660.95 6660.95 0.0 102854.7159
6675.09 6675.09 0.0 102852.5854
6689.23 6689.23 0.0 102850.4645
6703.37 6703.37 0.0 102848.3494
6717.51 6717.51 0.0 102846.2466
6731.66 6731.66 0.0 102844.1460
6745.8 6745.8 0.0 102842.0555
6759.94 6759.94 0.0 102839.9744
6774.08 6774.08 0.0 102837.9006
6788.23 6788.23 0.0 102835.8324
6802.37 6802.37 0.0 102833.7728
6816.51 6816.51 0.0 102831.7211
6830.65 6830.65 0.0 102829.6793
6844.79 6844.79 0.0 102827.6431
6858.94 6858.94 0.0 102825.6110
6873.08 6873.08 0.0 102823.5905
6887.22 6887.22 0.0 102821.5746
6901.36 6901.36 0.0 102819.5677
6915.5 6915.5 0.0 102817.5659
6929.65 6929.65 0.0 102815.5710
6943.79 6943.79 0.0 102813.5829
6957.93 6957.93 0.0 102811.6039
6972.07 6972.07 0.0 102809.6304
6986.21 6986.21 0.0 102807.6628
