0.0 0.0 0.0 217550.4375
14.1421 14.1421 0.0 354757.7188
28.2843 28.2843 0.0 349534.5625
42.4264 42.4264 0.0 345590.4531
56.5685 56.5685 0.0 342109.2812
70.7107 70.7107 0.0 338793.6094
84.8528 84.8528 0.0 335513.0156
98.9949 98.9949 0.0 332206.4531
113.137 113.137 0.0 328847.3125
127.279 127.279 0.0 325427.1094
141.421 141.421 0.0 321946.7188
155.563 155.563 0.0 318412.3281
169.706 169.706 0.0 314832.5000
183.848 183.848 0.0 311218.0312
197.99 197.99 0.0 307578.9219
212.132 212.132 0.0 303925.6406
226.274 226.274 0.0 300267.6250
240.416 240.416 0.0 296613.8750
254.558 254.558 0.0 292972.3438
268.701 268.701 0.0 289350.4375
282.843 282.843 0.0 285754.7500
296.985 296.985 0.0 282190.7344
311.127 311.127 0.0 278663.5000
325.269 325.269 0.0 275177.0938
339.411 339.411 0.0 271735.2969
353.553 353.553 0.0 268341.0312
367.696 367.696 0.0 264996.7812
381.838 381.838 0.0 261704.9688
395.98 395.98 0.0 258467.0156
410.122 410.122 0.0 255284.3750
424.264 424.264 0.0 252157.9375
438.406 438.406 0.0 249088.4531
452.548 452.548 0.0 246076.4062
466.69 466.69 0.0 243122.0312
480.833 480.833 0.0 240225.2031
494.975 494.975 0.0 237386.2344
509.117 509.117 0.0 234604.6875
523.259 523.259 0.0 231880.0781
537.401 537.401 0.0 229212.0703
551.543 551.543 0.0 226600.0469
565.685 565.685 0.0 224043.3281
579.828 579.828 0.0 221541.0859
593.97 593.97 0.0 219092.8828
608.112 608.112 0.0 216697.7422
622.254 622.254 0.0 214354.8203
636.396 636.396 0.0 212063.2422
650.538 650.538 0.0 209822.1094
664.68 664.68 0.0 207630.5391
678.823 678.823 0.0 205487.3906
692.965 692.965 0.0 203392.0938
707.107 707.107 0.0 201343.5234
721.249 721.249 0.0 199340.7422
735.391 735.391 0.0 197382.8594
749.533 749.533 0.0 195468.8828
763.675 763.675 0.0 193597.9062
777.817 777.817 0.0 191769.0156
791.96 791.96 0.0 189981.1719
806.102 806.102 0.0 188233.7109
820.244 820.244 0.0 186525.6562
834.386 834.386 0.0 184856.0625
848.528 848.528 0.0 183224.1484
862.67 862.67 0.0 181628.9844
876.812 876.812 0.0 180069.8281
890.955 890.955 0.0 178545.7031
905.097 905.097 0.0 177055.9922
919.239 919.239 0.0 175599.8672
933.381 933.381 0.0 174176.4531
947.523 947.523 0.0 172785.1094
961.665 961.665 0.0 171425.0078
975.807 975.807 0.0 170095.4844
989.949 989.949 0.0 168795.7656
1004.09 1004.09 0.0 167525.2734
1018.23 1018.23 0.0 166283.3203
1032.38 1032.38 0.0 165068.2930
1046.52 1046.52 0.0 163881.2656
1060.66 1060.66 0.0 162720.7578
1074.8 1074.8 0.0 161586.0586
1088.94 1088.94 0.0 160476.6562
1103.09 1103.09 0.0 159391.1406
1117.23 1117.23 0.0 158330.5234
1131.37 1131.37 0.0 157293.3945
1145.51 1145.51 0.0 156279.2422
1159.66 1159.66 0.0 155286.8125
1173.8 1173.8 0.0 154316.9922
1187.94 1187.94 0.0 153368.5312
1202.08 1202.08 0.0 152440.9648
1216.22 1216.22 0.0 151533.7617
1230.37 1230.37 0.0 150645.8672
1244.51 1244.51 0.0 149778.0234
1258.65 1258.65 0.0 148929.1484
1272.79 1272.79 0.0 148098.8320
1286.93 1286.93 0.0 147286.6016
1301.08 1301.08 0.0 146491.4805
1315.22 1315.22 0.0 145714.1719
1329.36 1329.36 0.0 144953.7188
1343.5 1343.5 0.0 144209.7148
1357.65 1357.65 0.0 143481.2812
1371.79 1371.79 0.0 142769.0430
1385.93 1385.93 0.0 142072.1523
1400.07 1400.07 0.0 141390.2031
1414.21 1414.21 0.0 140722.8711
1428.36 1428.36 0.0 140069.3672
1442.5 1442.5 0.0 139430.2695
1456.64 1456.64 0.0 138804.7773
1470.78 1470.78 0.0 138192.5977
1484.92 1484.92 0.0 137593.3789
1499.07 1499.07 0.0 137006.4570
1513.21 1513.21 0.0 136432.3164
1527.35 1527.35 0.0 135870.3047
1541.49 1541.49 0.0 135320.1094
1555.63 1555.63 0.0 134781.4648
1569.78 1569.78 0.0 134253.7148
1583.92 1583.92 0.0 133737.3809
1598.06 1598.06 0.0 133231.8125
1612.2 1612.2 0.0 132736.7559
1626.35 1626.35 0.0 132251.6309
1640.49 1640.49 0.0 131776.8887
1654.63 1654.63 0.0 131311.9453
1668.77 1668.77 0.0 130856.5996
1682.91 1682.91 0.0 130410.5938
1697.06 1697.06 0.0 129973.4453
1711.2 1711.2 0.0 129545.5410
1725.34 1725.34 0.0 129126.3848
1739.48 1739.48 0.0 128715.7383
1753.62 1753.62 0.0 128313.4570
1767.77 1767.77 0.0 127919.0273
1781.91 1781.91 0.0 127532.8594
1796.05 1796.05 0.0 127154.4688
1810.19 1810.19 0.0 126783.6816
1824.34 1824.34 0.0 126420.0781
1838.48 1838.48 0.0 126063.9961
1852.62 1852.62 0.0 125715.0215
1866.76 1866.76 0.0 125372.9902
1880.9 1880.9 0.0 125037.7539
1895.05 1895.05 0.0 124708.9121
1909.19 1909.19 0.0 124386.7891
1923.33 1923.33 0.0 124071.0039
1937.47 1937.47 0.0 123761.4316
1951.61 1951.61 0.0 123457.9160
1965.76 1965.76 0.0 123160.1211
1979.9 1979.9 0.0 122868.3184
1994.04 1994.04 0.0 122582.1816
2008.18 2008.18 0.0 122301.5957
2022.33 2022.33 0.0 122026.2305
2036.47 2036.47 0.0 121756.3516
2050.61 2050.61 0.0 121491.6641
2064.75 2064.75 0.0 121232.0391
2078.89 2078.89 0.0 120977.3633
2093.04 2093.04 0.0 120727.3730
2107.18 2107.18 0.0 120482.2988
2121.32 2121.32 0.0 120241.8555
2135.46 2135.46 0.0 120005.9551
2149.6 2149.6 0.0 119774.4863
2163.75 2163.75 0.0 119547.2109
2177.89 2177.89 0.0 119324.3281
2192.03 2192.03 0.0 119105.6270
2206.17 2206.17 0.0 118890.9746
2220.32 2220.32 0.0 118680.1465
2234.46 2234.46 0.0 118473.3691
2248.6 2248.6 0.0 118270.3965
2262.74 2262.74 0.0 118071.1699
2276.88 2276.88 0.0 117875.5762
2291.03 2291.03 0.0 117683.4131
2305.17 2305.17 0.0 117494.9004
2319.31 2319.31 0.0 117309.7959
2333.45 2333.45 0.0 117128.0430
2347.59 2347.59 0.0 116949.5674
2361.74 2361.74 0.0 116774.1826
2375.88 2375.88 0.0 116602.0527
2390.02 2390.02 0.0 116433.0127
2404.16 2404.16 0.0 116266.9736
2418.31 2418.31 0.0 116103.7676
2432.45 2432.45 0.0 115943.5635
2446.59 2446.59 0.0 115786.1924
2460.73 2460.73 0.0 115631.5859
2474.87 2474.87 0.0 115479.6816
2489.02 2489.02 0.0 115330.3467
2503.16 2503.16 0.0 115183.6973
2517.3 2517.3 0.0 115039.5996
2531.44 2531.44 0.0 114898.0059
2545.58 2545.58 0.0 114758.8447
2559.73 2559.73 0.0 114621.9883
2573.87 2573.87 0.0 114487.5703
2588.01 2588.01 0.0 114355.4531
2602.15 2602.15 0.0 114225.5889
2616.3 2616.3 0.0 114097.8213
2630.44 2630.44 0.0 113972.3125
2644.58 2644.58 0.0 113848.9238
2658.72 2658.72 0.0 113727.6133
2672.86 2672.86 0.0 113608.3281
2687.01 2687.01 0.0 113490.9541
2701.15 2701.15 0.0 113375.6221
2715.29 2715.29 0.0 113262.1953
2729.43 2729.43 0.0 113150.6504
2743.57 2743.57 0.0 113040.9404
2757.72 2757.72 0.0 112932.9512
2771.86 2771.86 0.0 112826.8086
2786.0 2786.0 0.0 112722.4023
2800.14 2800.14 0.0 112619.6904
2814.28 2814.28 0.0 112518.6426
2828.43 2828.43 0.0 112419.1592
2842.57 2842.57 0.0 112321.3389
2856.71 2856.71 0.0 112225.0996
2870.85 2870.85 0.0 112130.3857
2885.0 2885.0 0.0 112037.1240
2899.14 2899.14 0.0 111945.3994
2913.28 2913.28 0.0 111855.1348
2927.42 2927.42 0.0 111766.2920
2941.56 2941.56 0.0 111678.8438
2955.71 2955.71 0.0 111592.7041
2969.85 2969.85 0.0 111507.9678
2983.99 2983.99 0.0 111424.5498
2998.13 2998.13 0.0 111342.4248
3012.27 3012.27 0.0 111261.5732
3026.42 3026.42 0.0 111181.8994
3040.56 3040.56 0.0 111103.5049
3054.7 3054.7 0.0 111026.3164
3068.84 3068.84 0.0 110950.3018
3082.99 3082.99 0.0 110875.3818
3097.13 3097.13 0.0 110801.6494
3111.27 3111.27 0.0 110729.0283
3125.41 3125.41 0.0 110657.4971
3139.55 3139.55 0.0 110587.0303
3153.7 3153.7 0.0 110517.5732
3167.84 3167.84 0.0 110449.1836
3181.98 3181.98 0.0 110381.8174
3196.12 3196.12 0.0 110315.4414
3210.26 3210.26 0.0 110250.0410
3224.41 3224.41 0.0 110185.5488
3238.55 3238.55 0.0 110122.0459
3252.69 3252.69 0.0 110059.4639
3266.83 3266.83 0.0 109997.7822
3280.98 3280.98 0.0 109936.9521
3295.12 3295.12 0.0 109877.0391
3309.26 3309.26 0.0 109817.9785
3323.4 3323.4 0.0 109759.7656
3337.54 3337.54 0.0 109702.3760
3351.69 3351.69 0.0 109645.7617
3365.83 3365.83 0.0 109589.9805
3379.97 3379.97 0.0 109534.9844
3394.11 3394.11 0.0 109480.7593
3408.25 3408.25 0.0 109427.2847
3422.4 3422.4 0.0 109374.5205
3436.54 3436.54 0.0 109322.5186
3450.68 3450.68 0.0 109271.2388
3464.82 3464.82 0.0 109220.6567
3478.97 3478.97 0.0 109170.7437
3493.11 3493.11 0.0 109121.5249
3507.25 3507.25 0.0 109072.9824
3521.39 3521.39 0.0 109025.0962
3535.53 3535.53 0.0 108977.8569
3549.68 3549.68 0.0 108931.2134
3563.82 3563.82 0.0 108885.2271
3577.96 3577.96 0.0 108839.8491
3592.1 3592.1 0.0 108795.0767
3606.24 3606.24 0.0 108750.8872
3620.39 3620.39 0.0 108707.2529
3634.53 3634.53 0.0 108664.2188
3648.67 3648.67 0.0 108621.7471
3662.81 3662.81 0.0 108579.8267
3676.96 3676.96 0.0 108538.4141
3691.1 3691.1 0.0 108497.5605
3705.24 3705.24 0.0 108457.2388
3719.38 3719.38 0.0 108417.4268
3733.52 3733.52 0.0 108378.1201
3747.67 3747.67 0.0 108339.2842
3761.81 3761.81 0.0 108300.9600
3775.95 3775.95 0.0 108263.1211
3790.09 3790.09 0.0 108225.7559
3804.23 3804.23 0.0 108188.8516
3818.38 3818.38 0.0 108152.3809
3832.52 3832.52 0.0 108116.3887
3846.66 3846.66 0.0 108080.8311
3860.8 3860.8 0.0 108045.7085
3874.95 3874.95 0.0 108010.9912
3889.09 3889.09 0.0 107976.7144
3903.23 3903.23 0.0 107942.8579
3917.37 3917.37 0.0 107909.4023
3931.51 3931.51 0.0 107876.3481
3945.66 3945.66 0.0 107843.6670
3959.8 3959.8 0.0 107811.3921
3973.94 3973.94 0.0 107779.4971
3988.08 3988.08 0.0 107747.9790
4002.22 4002.22 0.0 107716.8291
4016.37 4016.37 0.0 107686.0176
4030.51 4030.51 0.0 107655.5830
4044.65 4044.65 0.0 107625.5029
4058.79 4058.79 0.0 107595.7622
4072.94 4072.94 0.0 107566.3452
4087.08 4087.08 0.0 107537.2847
4101.22 4101.22 0.0 107508.5464
4115.36 4115.36 0.0 107480.1348
4129.5 4129.5 0.0 107452.0420
4143.65 4143.65 0.0 107424.2427
4157.79 4157.79 0.0 107396.7622
4171.93 4171.93 0.0 107369.5977
4186.07 4186.07 0.0 107342.7207
4200.21 4200.21 0.0 107316.1475
4214.36 4214.36 0.0 107289.8389
4228.5 4228.5 0.0 107263.8345
4242.64 4242.64 0.0 107238.1094
4256.78 4256.78 0.0 107212.6602
4270.92 4270.92 0.0 107187.4854
4285.07 4285.07 0.0 107162.5581
4299.21 4299.21 0.0 107137.9087
4313.35 4313.35 0.0 107113.5229
4327.49 4327.49 0.0 107089.3896
4341.64 4341.64 0.0 107065.4849
4355.78 4355.78 0.0 107041.8501
4369.92 4369.92 0.0 107018.4585
4384.06 4384.06 0.0 106995.3052
4398.2 4398.2 0.0 106972.3887
4412.35 4412.35 0.0 106949.6870
4426.49 4426.49 0.0 106927.2339
4440.63 4440.63 0.0 106905.0020
4454.77 4454.77 0.0 106882.9912
4468.91 4468.91 0.0 106861.1987
4483.06 4483.06 0.0 106839.6084
4497.2 4497.2 0.0 106818.2466
4511.34 4511.34 0.0 106797.0889
4525.48 4525.48 0.0 106776.1348
4539.63 4539.63 0.0 106755.3765
4553.77 4553.77 0.0 106734.8237
4567.91 4567.91 0.0 106714.4717
4582.05 4582.05 0.0 106694.3149
4596.19 4596.19 0.0 106674.3462
4610.34 4610.34 0.0 106654.5498
4624.48 4624.48 0.0 106634.9580
4638.62 4638.62 0.0 106615.5439
4652.76 4652.76 0.0 106596.3110
4666.9 4666.9 0.0 106577.2549
4681.05 4681.05 0.0 106558.3599
4695.19 4695.19 0.0 106539.6489
4709.33 4709.33 0.0 106521.1089
4723.47 4723.47 0.0 106502.7305
4737.62 4737.62 0.0 106484.5098
4751.76 4751.76 0.0 106466.4585
4765.9 4765.9 0.0 106448.5752
4780.04 4780.04 0.0 106430.8408
4794.18 4794.18 0.0 106413.2651
4808.33 4808.33 0.0 106395.8315
4822.47 4822.47 0.0 106378.5562
4836.61 4836.61 0.0 106361.4321
4850.75 4850.75 0.0 106344.4551
4864.89 4864.89 0.0 106327.6182
4879.04 4879.04 0.0 106310.9165
4893.18 4893.18 0.0 106294.3662
4907.32 4907.32 0.0 106277.9570
4921.46 4921.46 0.0 106261.6777
4935.61 4935.61 0.0 106245.5225
4949.75 4949.75 0.0 106229.5171
4963.89 4963.89 0.0 106213.6367
4978.03 4978.03 0.0 106197.8862
4992.17 4992.17 0.0 106182.2656
5006.32 5006.32 0.0 106166.7563
5020.46 5020.46 0.0 106151.3818
5034.6 5034.6 0.0 106136.1294
5048.74 5048.74 0.0 106121.0005
5062.88 5062.88 0.0 106105.9893
5077.03 5077.03 0.0 106091.0820
5091.17 5091.17 0.0 106076.2993
5105.31 5105.31 0.0 106061.6309
5119.45 5119.45 0.0 106047.0747
5133.6 5133.6 0.0 106032.6230
5147.74 5147.74 0.0 106018.2881
5161.88 5161.88 0.0 106004.0625
5176.02 5176.02 0.0 105989.9399
5190.16 5190.16 0.0 105975.9268
5204.31 5204.31 0.0 105962.0039
5218.45 5218.45 0.0 105948.1953
5232.59 5232.59 0.0 105934.4863
5246.73 5246.73 0.0 105920.8760
5260.87 5260.87 0.0 105907.3657
5275.02 5275.02 0.0 105893.9429
5289.16 5289.16 0.0 105880.6226
5303.3 5303.3 0.0 105867.3975
5317.44 5317.44 0.0 105854.2705
5331.59 5331.59 0.0 105841.2227
5345.73 5345.73 0.0 105828.2734
5359.87 5359.87 0.0 105815.4136
5374.01 5374.01 0.0 105802.6455
5388.15 5388.15 0.0 105789.9644
5402.3 5402.3 0.0 105777.3594
5416.44 5416.44 0.0 105764.8511
5430.58 5430.58 0.0 105752.4224
5444.72 5444.72 0.0 105740.0830
5458.86 5458.86 0.0 105727.8179
5473.01 5473.01 0.0 105715.6299
5487.15 5487.15 0.0 105703.5308
5501.29 5501.29 0.0 105691.5117
5515.43 5515.43 0.0 105679.5610
5529.58 5529.58 0.0 105667.6909
5543.72 5543.72 0.0 105655.9023
5557.86 5557.86 0.0 105644.1909
5572.0 5572.0 0.0 105632.5459
5586.14 5586.14 0.0 105620.9834
5600.29 5600.29 0.0 105609.4780
5614.43 5614.43 0.0 105598.0571
5628.57 5628.57 0.0 105586.7104
5642.71 5642.71 0.0 105575.4263
5656.85 5656.85 0.0 105564.2163
5671.0 5671.0 0.0 105553.0640
5685.14 5685.14 0.0 105541.9854
5699.28 5699.28 0.0 105530.9775
5713.42 5713.42 0.0 105520.0347
5727.56 5727.56 0.0 105509.1577
5741.71 5741.71 0.0 105498.3403
5755.85 5755.85 0.0 105487.5869
5769.99 5769.99 0.0 105476.9028
5784.13 5784.13 0.0 105466.2793
5798.28 5798.28 0.0 105455.7085
5812.42 5812.42 0.0 105445.2100
5826.56 5826.56 0.0 105434.7686
5840.7 5840.7 0.0 105424.3853
5854.84 5854.84 0.0 105414.0635
5868.99 5868.99 0.0 105403.7925
5883.13 5883.13 0.0 105393.5884
5897.27 5897.27 0.0 105383.4402
5911.41 5911.41 0.0 105373.3464
5925.55 5925.55 0.0 105363.3101
5939.7 5939.7 0.0 105353.3218
5953.84 5953.84 0.0 105343.3962
5967.98 5967.98 0.0 105333.5217
5982.12 5982.12 0.0 105323.7056
5996.27 5996.27 0.0 105313.9292
6010.41 6010.41 0.0 105304.2183
6024.55 6024.55 0.0 105294.5566
6038.69 6038.69 0.0 105284.9473
6052.83 6052.83 0.0 105275.3877
6066.98 6066.98 0.0 105265.8672
6081.12 6081.12 0.0 105256.4097
6095.26 6095.26 0.0 105246.9988
6109.4 6109.4 0.0 105237.6404
6123.54 6123.54 0.0 105228.3279
6137.69 6137.69 0.0 105219.0583
6151.83 6151.83 0.0 105209.8403
6165.97 6165.97 0.0 105200.6677
6180.11 6180.11 0.0 105191.5427
6194.26 6194.26 0.0 105182.4595
6208.4 6208.4 0.0 105173.4268
6222.54 6222.54 0.0 105164.4387
6236.68 6236.68 0.0 105155.4937
6250.82 6250.82 0.0 105146.5967
6264.97 6264.97 0.0 105137.7346
6279.11 6279.11 0.0 105128.9243
6293.25 6293.25 0.0 105120.1594
6307.39 6307.39 0.0 105111.4326
6321.53 6321.53 0.0 105102.7456
6335.68 6335.68 0.0 105094.0984
6349.82 6349.82 0.0 105085.4995
6363.96 6363.96 0.0 105076.9451
6378.1 6378.1 0.0 105068.4224
6392.25 6392.25 0.0 105059.9409
6406.39 6406.39 0.0 105051.5063
6420.53 6420.53 0.0 105043.1038
6434.67 6434.67 0.0 105034.7478
6448.81 6448.81 0.0 105026.4287
6462.96 6462.96 0.0 105018.1421
6477.1 6477.1 0.0 105009.8987
6491.24 6491.24 0.0 105001.6943
6505.38 6505.38 0.0 104993.5293
6519.52 6519.52 0.0 104985.3979
6533.67 6533.67 0.0 104977.3020
6547.81 6547.81 0.0 104969.2466
6561.95 6561.95 0.0 104961.2280
6576.09 6576.09 0.0 104953.2476
6590.24 6590.24 0.0 104945.2952
6604.38 6604.38 0.0 104937.3804
6618.52 6618.52 0.0 104929.5107
6632.66 6632.66 0.0 104921.6650
6646.8 6646.8 0.0 104913.8618
6660.95 6660.95 0.0 104906.0857
6675.09 6675.09 0.0 104898.3486
6689.23 6689.23 0.0 104890.6453
6703.37 6703.37 0.0 104882.9788
6717.51 6717.51 0.0 104875.3423
6731.66 6731.66 0.0 104867.7356
6745.8 6745.8 0.0 104860.1653
6759.94 6759.94 0.0 104852.6299
6774.08 6774.08 0.0 104845.1270
6788.23 6788.23 0.0 104837.6484
6802.37 6802.37 0.0 104830.2090
6816.51 6816.51 0.0 104822.8022
6830.65 6830.65 0.0 104815.4243
6844.79 6844.79 0.0 104808.0815
6858.94 6858.94 0.0 104800.7607
6873.08 6873.08 0.0 104793.4788
6887.22 6887.22 0.0 104786.2268
6901.36 6901.36 0.0 104779.0049
6915.5 6915.5 0.0 104771.8142
6929.65 6929.65 0.0 104764.6499
6943.79 6943.79 0.0 104757.5203
6957.93 6957.93 0.0 104750.4182
6972.07 6972.07 0.0 104743.3474
6986.21 6986.21 0.0 104736.3054
7000.36 7000.36 0.0 104729.2876
7014.5 7014.5 0.0 104722.3022
7028.64 7028.64 0.0 104715.3474
7042.78 7042.78 0.0 104708.4211
7056.93 7056.93 0.0 104701.5154
7071.07 7071.07 0.0 104694.6477
7085.21 7085.21 0.0 104687.8069
7099.35 7099.35 0.0 104680.9897
7113.49 7113.49 0.0 104674.2034
7127.64 7127.64 0.0 104667.4456
7141.78 7141.78 0.0 104660.7107
7155.92 7155.92 0.0 104654.0083
7170.06 7170.06 0.0 104647.3323
7184.2 7184.2 0.0 104640.6819
7198.35 7198.35 0.0 104634.0527
7212.49 7212.49 0.0 104627.4573
7226.63 7226.63 0.0 104620.8892
7240.77 7240.77 0.0 104614.3450
7254.92 7254.92 0.0 104607.8232
7269.06 7269.06 0.0 104601.3347
7283.2 7283.2 0.0 104594.8713
7297.34 7297.34 0.0 104588.4255
7311.48 7311.48 0.0 104582.0120
7325.63 7325.63 0.0 104575.6226
7339.77 7339.77 0.0 104569.2578
7353.91 7353.91 0.0 104562.9207
7368.05 7368.05 0.0 104556.6069
7382.19 7382.19 0.0 104550.3206
7396.34 7396.34 0.0 104544.0496
7410.48 7410.48 0.0 104537.8125
7424.62 7424.62 0.0 104531.6006
7438.76 7438.76 0.0 104525.4136
7452.91 7452.91 0.0 104519.2424
7467.05 7467.05 0.0 104513.1021
7481.19 7481.19 0.0 104506.9880
7495.33 7495.33 0.0 104500.8918
7509.47 7509.47 0.0 104494.8225
7523.62 7523.62 0.0 104488.7769
7537.76 7537.76 0.0 104482.7546
7551.9 7551.9 0.0 104476.7573
7566.04 7566.04 0.0 104470.7834
7580.18 7580.18 0.0 104464.8315
7594.33 7594.33 0.0 104458.8982
7608.47 7608.47 0.0 104452.9922
7622.61 7622.61 0.0 104447.1108
7636.75 7636.75 0.0 104441.2539
7650.9 7650.9 0.0 104435.4138
7665.04 7665.04 0.0 104429.5967
7679.18 7679.18 0.0 104423.8093
7693.32 7693.32 0.0 104418.0403
7707.46 7707.46 0.0 104412.2952
7721.61 7721.61 0.0 104406.5679
7735.75 7735.75 0.0 104400.8660
7749.89 7749.89 0.0 104395.1895
7764.03 7764.03 0.0 104389.5288
7778.17 7778.17 0.0 104383.8965
