0.0 0.0 0.0 376909.1875
14.1421 14.1421 0.0 2337151.7500
28.2843 28.2843 0.0 1739389.1250
42.4264 42.4264 0.0 1229241.5000
56.5685 56.5685 0.0 865556.7500
70.7107 70.7107 0.0 625600.9688
84.8528 84.8528 0.0 471214.7500
98.9949 98.9949 0.0 371229.4688
113.137 113.137 0.0 304967.6875
127.279 127.279 0.0 259738.5000
141.421 141.421 0.0 227905.6719
155.563 155.563 0.0 204838.7578
169.706 169.706 0.0 187671.4062
183.848 183.848 0.0 174587.2344
197.99 197.99 0.0 164399.6719
212.132 212.132 0.0 156316.1719
226.274 226.274 0.0 149793.6992
240.416 240.416 0.0 144451.7617
254.558 254.558 0.0 140018.2266
268.701 268.701 0.0 136294.4023
282.843 282.843 0.0 133133.6895
296.985 296.985 0.0 130424.9453
311.127 311.127 0.0 128083.4668
325.269 325.269 0.0 126043.5664
339.411 339.411 0.0 124253.8145
353.553 353.553 0.0 122673.4102
367.696 367.696 0.0 121269.5527
381.838 381.838 0.0 120016.0098
395.98 395.98 0.0 118891.0977
410.122 410.122 0.0 117877.0547
424.264 424.264 0.0 116959.1680
438.406 438.406 0.0 116125.1191
452.548 452.548 0.0 115364.5742
466.69 466.69 0.0 114668.7793
480.833 480.833 0.0 114030.2607
494.975 494.975 0.0 113442.7139
509.117 509.117 0.0 112900.5996
523.259 523.259 0.0 112399.2070
537.401 537.401 0.0 111934.3887
551.543 551.543 0.0 111502.5586
565.685 565.685 0.0 111100.5830
579.828 579.828 0.0 110725.6367
593.97 593.97 0.0 110375.3506
608.112 608.112 0.0 110047.5293
622.254 622.254 0.0 109740.2393
636.396 636.396 0.0 109451.7778
650.538 650.538 0.0 109180.5986
664.68 664.68 0.0 108925.3301
678.823 678.823 0.0 108684.7183
692.965 692.965 0.0 108457.6758
707.107 707.107 0.0 108243.1870
721.249 721.249 0.0 108040.3262
735.391 735.391 0.0 107848.2725
749.533 749.533 0.0 107666.2622
763.675 763.675 0.0 107493.6089
777.817 777.817 0.0 107329.6860
791.96 791.96 0.0 107173.9097
806.102 806.102 0.0 107025.7700
820.244 820.244 0.0 106884.7646
834.386 834.386 0.0 106750.4546
848.528 848.528 0.0 106622.4277
862.67 862.67 0.0 106500.3008
876.812 876.812 0.0 106383.7241
890.955 890.955 0.0 106272.3691
905.097 905.097 0.0 106165.9414
919.239 919.239 0.0 106064.1592
933.381 933.381 0.0 105966.7642
947.523 947.523 0.0 105873.5063
961.665 961.665 0.0 105784.1709
975.807 975.807 0.0 105698.5439
989.949 989.949 0.0 105616.4272
1004.09 1004.09 0.0 105537.6411
1018.23 1018.23 0.0 105462.0229
1032.38 1032.38 0.0 105389.3467
1046.52 1046.52 0.0 105319.5710
1060.66 1060.66 0.0 105252.4995
1074.8 1074.8 0.0 105188.0022
1088.94 1088.94 0.0 105125.9509
1103.09 1103.09 0.0 105066.1890
1117.23 1117.23 0.0 105008.6902
1131.37 1131.37 0.0 104953.3098
1145.51 1145.51 0.0 104899.9480
1159.66 1159.66 0.0 104848.4797
1173.8 1173.8 0.0 104798.8887
1187.94 1187.94 0.0 104751.0508
1202.08 1202.08 0.0 104704.8955
1216.22 1216.22 0.0 104660.3455
1230.37 1230.37 0.0 104617.3027
1244.51 1244.51 0.0 104575.7620
1258.65 1258.65 0.0 104535.6260
1272.79 1272.79 0.0 104496.8406
1286.93 1286.93 0.0 104459.3472
1301.08 1301.08 0.0 104423.0645
1315.22 1315.22 0.0 104388.0002
1329.36 1329.36 0.0 104354.0703
1343.5 1343.5 0.0 104321.2378
1357.65 1357.65 0.0 104289.4294
1371.79 1371.79 0.0 104258.6536
1385.93 1385.93 0.0 104228.8438
1400.07 1400.07 0.0 104199.9666
1414.21 1414.21 0.0 104171.9827
1428.36 1428.36 0.0 104144.8391
1442.5 1442.5 0.0 104118.5432
1456.64 1456.64 0.0 104093.0393
1470.78 1470.78 0.0 104068.3044
1484.92 1484.92 0.0 104044.3057
1499.07 1499.07 0.0 104020.9993
1513.21 1513.21 0.0 103998.3914
1527.35 1527.35 0.0 103976.4448
1541.49 1541.49 0.0 103955.1270
1555.63 1555.63 0.0 103934.4211
1569.78 1569.78 0.0 103914.2898
1583.92 1583.92 0.0 103894.7397
1598.06 1598.06 0.0 103875.7375
1612.2 1612.2 0.0 103857.2629
1626.35 1626.35 0.0 103839.2859
1640.49 1640.49 0.0 103821.8108
1654.63 1654.63 0.0 103804.8093
1668.77 1668.77 0.0 103788.2622
1682.91 1682.91 0.0 103772.1584
1697.06 1697.06 0.0 103756.4707
1711.2 1711.2 0.0 103741.2007
1725.34 1725.34 0.0 103726.3306
1739.48 1739.48 0.0 103711.8428
1753.62 1753.62 0.0 103697.7229
1767.77 1767.77 0.0 103683.9536
1781.91 1781.91 0.0 103670.5342
1796.05 1796.05 0.0 103657.4512
1810.19 1810.19 0.0 103644.6909
1824.34 1824.34 0.0 103632.2310
1838.48 1838.48 0.0 103620.0784
1852.62 1852.62 0.0 103608.2202
1866.76 1866.76 0.0 103596.6399
1880.9 1880.9 0.0 103585.3289
1895.05 1895.05 0.0 103574.2715
1909.19 1909.19 0.0 103563.4780
1923.33 1923.33 0.0 103552.9275
1937.47 1937.47 0.0 103542.6133
1951.61 1951.61 0.0 103532.5266
1965.76 1965.76 0.0 103522.6536
1979.9 1979.9 0.0 103513.0015
1994.04 1994.04 0.0 103503.5559
2008.18 2008.18 0.0 103494.3101
2022.33 2022.33 0.0 103485.2483
2036.47 2036.47 0.0 103476.3804
2050.61 2050.61 0.0 103467.6909
2064.75 2064.75 0.0 103459.1753
2078.89 2078.89 0.0 103450.8301
2093.04 2093.04 0.0 103442.6370
2107.18 2107.18 0.0 103434.6108
2121.32 2121.32 0.0 103426.7351
2135.46 2135.46 0.0 103419.0066
2149.6 2149.6 0.0 103411.4199
2163.75 2163.75 0.0 103403.9634
2177.89 2177.89 0.0 103396.6460
2192.03 2192.03 0.0 103389.4561
2206.17 2206.17 0.0 103382.3887
2220.32 2220.32 0.0 103375.4392
2234.46 2234.46 0.0 103368.6085
2248.6 2248.6 0.0 103361.8910
2262.74 2262.74 0.0 103355.2806
2276.88 2276.88 0.0 103348.7765
2291.03 2291.03 0.0 103342.3669
2305.17 2305.17 0.0 103336.0593
2319.31 2319.31 0.0 103329.8479
2333.45 2333.45 0.0 103323.7289
2347.59 2347.59 0.0 103317.6957
2361.74 2361.74 0.0 103311.7462
2375.88 2375.88 0.0 103305.8843
2390.02 2390.02 0.0 103300.1007
2404.16 2404.16 0.0 103294.3940
2418.31 2418.31 0.0 103288.7621
2432.45 2432.45 0.0 103283.2050
2446.59 2446.59 0.0 103277.7190
2460.73 2460.73 0.0 103272.3015
2474.87 2474.87 0.0 103266.9508
2489.02 2489.02 0.0 103261.6591
2503.16 2503.16 0.0 103256.4333
2517.3 2517.3 0.0 103251.2711
2531.44 2531.44 0.0 103246.1649
2545.58 2545.58 0.0 103241.1158
2559.73 2559.73 0.0 103236.1202
2573.87 2573.87 0.0 103231.1793
2588.01 2588.01 0.0 103226.2930
2602.15 2602.15 0.0 103221.4570
2616.3 2616.3 0.0 103216.6676
2630.44 2630.44 0.0 103211.9297
2644.58 2644.58 0.0 103207.2379
2658.72 2658.72 0.0 103202.5935
2672.86 2672.86 0.0 103197.9935
2687.01 2687.01 0.0 103193.4325
2701.15 2701.15 0.0 103188.9187
2715.29 2715.29 0.0 103184.4471
2729.43 2729.43 0.0 103180.0145
2743.57 2743.57 0.0 103175.6256
2757.72 2757.72 0.0 103171.2686
2771.86 2771.86 0.0 103166.9568
2786.0 2786.0 0.0 103162.6813
2800.14 2800.14 0.0 103158.4436
2814.28 2814.28 0.0 103154.2418
2828.43 2828.43 0.0 103150.0731
2842.57 2842.57 0.0 103145.9426
2856.71 2856.71 0.0 103141.8483
2870.85 2870.85 0.0 103137.7891
2885.0 2885.0 0.0 103133.7587
2899.14 2899.14 0.0 103129.7656
2913.28 2913.28 0.0 103125.8080
2927.42 2927.42 0.0 103121.8822
2941.56 2941.56 0.0 103117.9922
2955.71 2955.71 0.0 103114.1278
2969.85 2969.85 0.0 103110.3022
2983.99 2983.99 0.0 103106.5070
2998.13 2998.13 0.0 103102.7467
3012.27 3012.27 0.0 103099.0156
3026.42 3026.42 0.0 103095.3152
3040.56 3040.56 0.0 103091.6492
3054.7 3054.7 0.0 103088.0153
3068.84 3068.84 0.0 103084.4139
3082.99 3082.99 0.0 103080.8409
3097.13 3097.13 0.0 103077.3043
3111.27 3111.27 0.0 103073.7991
3125.41 3125.41 0.0 103070.3250
3139.55 3139.55 0.0 103066.8859
3153.7 3153.7 0.0 103063.4735
3167.84 3167.84 0.0 103060.0975
3181.98 3181.98 0.0 103056.7537
3196.12 3196.12 0.0 103053.4442
3210.26 3210.26 0.0 103050.1675
3224.41 3224.41 0.0 103046.9199
3238.55 3238.55 0.0 103043.7103
3252.69 3252.69 0.0 103040.5336
3266.83 3266.83 0.0 103037.3907
3280.98 3280.98 0.0 103034.2795
3295.12 3295.12 0.0 103031.2064
3309.26 3309.26 0.0 103028.1655
3323.4 3323.4 0.0 103025.1626
3337.54 3337.54 0.0 103022.1942
3351.69 3351.69 0.0 103019.2573
3365.83 3365.83 0.0 103016.3612
3379.97 3379.97 0.0 103013.4990
3394.11 3394.11 0.0 103010.6753
3408.25 3408.25 0.0 103007.8876
3422.4 3422.4 0.0 103005.1365
3436.54 3436.54 0.0 103002.4235
3450.68 3450.68 0.0 102999.7484
3464.82 3464.82 0.0 102997.1117
3478.97 3478.97 0.0 102994.5118
3493.11 3493.11 0.0 102991.9534
3507.25 3507.25 0.0 102989.4336
3521.39 3521.39 0.0 102986.9541
3535.53 3535.53 0.0 102984.5148
3549.68 3549.68 0.0 102982.1136
3563.82 3563.82 0.0 102979.7562
3577.96 3577.96 0.0 102977.4401
3592.1 3592.1 0.0 102975.1647
3606.24 3606.24 0.0 102972.9303
3620.39 3620.39 0.0 102970.7380
3634.53 3634.53 0.0 102968.5894
3648.67 3648.67 0.0 102966.4850
3662.81 3662.81 0.0 102964.4248
3676.96 3676.96 0.0 102962.4045
3691.1 3691.1 0.0 102960.4296
3705.24 3705.24 0.0 102958.5015
3719.38 3719.38 0.0 102956.6184
3733.52 3733.52 0.0 102954.7802
3747.67 3747.67 0.0 102952.9867
3761.81 3761.81 0.0 102951.2391
3775.95 3775.95 0.0 102949.5377
3790.09 3790.09 0.0 102947.8845
3804.23 3804.23 0.0 102946.2794
3818.38 3818.38 0.0 102944.7190
3832.52 3832.52 0.0 102943.2070
3846.66 3846.66 0.0 102941.7444
3860.8 3860.8 0.0 102940.3323
3874.95 3874.95 0.0 102938.9629
3889.09 3889.09 0.0 102937.6470
3903.23 3903.23 0.0 102936.3828
3917.37 3917.37 0.0 102935.1642
3931.51 3931.51 0.0 102933.9984
3945.66 3945.66 0.0 102932.8818
3959.8 3959.8 0.0 102931.8165
3973.94 3973.94 0.0 102930.8026
3988.08 3988.08 0.0 102929.8395
4002.22 4002.22 0.0 102928.9269
4016.37 4016.37 0.0 102928.0696
4030.51 4030.51 0.0 102927.2625
4044.65 4044.65 0.0 102926.5107
4058.79 4058.79 0.0 102925.8090
4072.94 4072.94 0.0 102925.1599
4087.08 4087.08 0.0 102924.5662
4101.22 4101.22 0.0 102924.0251
4115.36 4115.36 0.0 102923.5399
4129.5 4129.5 0.0 102923.1074
4143.65 4143.65 0.0 102922.7289
4157.79 4157.79 0.0 102922.4076
4171.93 4171.93 0.0 102922.1390
4186.07 4186.07 0.0 102921.9253
4200.21 4200.21 0.0 102921.7693
4214.36 4214.36 0.0 102921.6682
4228.5 4228.5 0.0 102921.6218
4242.64 4242.64 0.0 102921.6339
