0.0 0.0 0.0 291552.7188
14.1421 14.1421 0.0 1122656.5625
28.2843 28.2843 0.0 942841.1875
42.4264 42.4264 0.0 766323.3750
56.5685 56.5685 0.0 618110.5000
70.7107 70.7107 0.0 502531.2812
84.8528 84.8528 0.0 415367.3750
98.9949 98.9949 0.0 350365.7812
113.137 113.137 0.0 301822.3906
127.279 127.279 0.0 265262.7500
141.421 141.421 0.0 237393.6094
155.563 155.563 0.0 215856.3125
169.706 169.706 0.0 198974.6562
183.848 183.848 0.0 185559.3828
197.99 197.99 0.0 174755.6719
212.132 212.132 0.0 165946.0078
226.274 226.274 0.0 158678.4844
240.416 240.416 0.0 152618.4648
254.558 254.558 0.0 147514.9648
268.701 268.701 0.0 143177.4023
282.843 282.843 0.0 139460.2695
296.985 296.985 0.0 136249.8711
311.127 311.127 0.0 133457.3789
325.269 325.269 0.0 131012.4746
339.411 339.411 0.0 128858.9043
353.553 353.553 0.0 126951.3770
367.696 367.696 0.0 125252.9551
381.838 381.838 0.0 123733.6992
395.98 395.98 0.0 122368.5840
410.122 410.122 0.0 121136.9297
424.264 424.264 0.0 120021.4668
438.406 438.406 0.0 119007.6309
452.548 452.548 0.0 118083.0820
466.69 466.69 0.0 117237.3838
480.833 480.833 0.0 116461.5088
494.975 494.975 0.0 115747.8838
509.117 509.117 0.0 115089.7734
523.259 523.259 0.0 114481.4355
537.401 537.401 0.0 113917.8408
551.543 551.543 0.0 113394.6055
565.685 565.685 0.0 112907.8672
579.828 579.828 0.0 112454.2256
593.97 593.97 0.0 112030.7295
608.112 608.112 0.0 111634.6846
622.254 622.254 0.0 111263.7373
636.396 636.396 0.0 110915.7861
650.538 650.538 0.0 110588.9248
664.68 664.68 0.0 110281.4785
678.823 678.823 0.0 109991.9082
692.965 692.965 0.0 109718.8691
707.107 707.107 0.0 109461.1084
721.249 721.249 0.0 109217.5034
735.391 735.391 0.0 108987.0381
749.533 749.533 0.0 108768.7837
763.675 763.675 0.0 108561.8940
777.817 777.817 0.0 108365.6035
791.96 791.96 0.0 108179.1904
806.102 806.102 0.0 108002.0430
820.244 820.244 0.0 107833.5342
834.386 834.386 0.0 107673.1323
848.528 848.528 0.0 107520.3335
862.67 862.67 0.0 107374.6807
876.812 876.812 0.0 107235.7285
890.955 890.955 0.0 107103.0820
905.097 905.097 0.0 106976.3965
919.239 919.239 0.0 106855.3125
933.381 933.381 0.0 106739.5205
947.523 947.523 0.0 106628.7246
961.665 961.665 0.0 106522.6489
975.807 975.807 0.0 106421.0396
989.949 989.949 0.0 106323.6606
1004.09 1004.09 0.0 106230.2935
1018.23 1018.23 0.0 106140.7319
1032.38 1032.38 0.0 106054.7134
1046.52 1046.52 0.0 105972.1802
1060.66 1060.66 0.0 105892.8936
1074.8 1074.8 0.0 105816.6934
1088.94 1088.94 0.0 105743.4302
1103.09 1103.09 0.0 105672.9155
1117.23 1117.23 0.0 105605.1143
1131.37 1131.37 0.0 105539.8550
1145.51 1145.51 0.0 105477.0093
1159.66 1159.66 0.0 105416.4299
1173.8 1173.8 0.0 105358.0974
1187.94 1187.94 0.0 105301.8633
1202.08 1202.08 0.0 105247.6394
1216.22 1216.22 0.0 105195.3318
1230.37 1230.37 0.0 105144.8257
1244.51 1244.51 0.0 105096.1116
1258.65 1258.65 0.0 105049.0737
1272.79 1272.79 0.0 105003.6443
1286.93 1286.93 0.0 104959.7502
1301.08 1301.08 0.0 104917.3057
1315.22 1315.22 0.0 104876.2988
1329.36 1329.36 0.0 104836.6487
1343.5 1343.5 0.0 104798.2998
1357.65 1357.65 0.0 104761.1707
1371.79 1371.79 0.0 104725.2632
1385.93 1385.93 0.0 104690.4990
1400.07 1400.07 0.0 104656.8381
1414.21 1414.21 0.0 104624.2344
1428.36 1428.36 0.0 104592.6272
1442.5 1442.5 0.0 104562.0176
1456.64 1456.64 0.0 104532.3477
1470.78 1470.78 0.0 104503.5813
1484.92 1484.92 0.0 104475.6848
1499.07 1499.07 0.0 104448.5974
1513.21 1513.21 0.0 104422.3418
1527.35 1527.35 0.0 104396.8533
1541.49 1541.49 0.0 104372.1052
1555.63 1555.63 0.0 104348.0796
1569.78 1569.78 0.0 104324.7234
1583.92 1583.92 0.0 104302.0491
1598.06 1598.06 0.0 104280.0127
1612.2 1612.2 0.0 104258.5950
1626.35 1626.35 0.0 104237.7534
1640.49 1640.49 0.0 104217.5007
1654.63 1654.63 0.0 104197.7935
1668.77 1668.77 0.0 104178.6223
1682.91 1682.91 0.0 104159.9609
1697.06 1697.06 0.0 104141.7820
1711.2 1711.2 0.0 104124.0891
1725.34 1725.34 0.0 104106.8567
1739.48 1739.48 0.0 104090.0647
1753.62 1753.62 0.0 104073.7007
1767.77 1767.77 0.0 104057.7344
1781.91 1781.91 0.0 104042.1777
1796.05 1796.05 0.0 104027.0012
1810.19 1810.19 0.0 104012.1965
1824.34 1824.34 0.0 103997.7373
1838.48 1838.48 0.0 103983.6277
1852.62 1852.62 0.0 103969.8511
1866.76 1866.76 0.0 103956.3936
1880.9 1880.9 0.0 103943.2424
1895.05 1895.05 0.0 103930.3794
1909.19 1909.19 0.0 103917.8140
1923.33 1923.33 0.0 103905.5251
1937.47 1937.47 0.0 103893.5024
1951.61 1951.61 0.0 103881.7344
1965.76 1965.76 0.0 103870.2046
1979.9 1979.9 0.0 103858.9253
1994.04 1994.04 0.0 103847.8740
2008.18 2008.18 0.0 103837.0479
2022.33 2022.33 0.0 103826.4255
2036.47 2036.47 0.0 103816.0198
2050.61 2050.61 0.0 103805.8123
2064.75 2064.75 0.0 103795.7957
2078.89 2078.89 0.0 103785.9673
2093.04 2093.04 0.0 103776.3052
2107.18 2107.18 0.0 103766.8254
2121.32 2121.32 0.0 103757.5083
2135.46 2135.46 0.0 103748.3550
2149.6 2149.6 0.0 103739.3533
2163.75 2163.75 0.0 103730.4902
2177.89 2177.89 0.0 103721.7783
2192.03 2192.03 0.0 103713.2051
2206.17 2206.17 0.0 103704.7634
2220.32 2220.32 0.0 103696.4438
2234.46 2234.46 0.0 103688.2515
2248.6 2248.6 0.0 103680.1772
2262.74 2262.74 0.0 103672.2163
2276.88 2276.88 0.0 103664.3647
2291.03 2291.03 0.0 103656.6125
2305.17 2305.17 0.0 103648.9685
2319.31 2319.31 0.0 103641.4185
2333.45 2333.45 0.0 103633.9656
2347.59 2347.59 0.0 103626.5994
2361.74 2361.74 0.0 103619.3154
2375.88 2375.88 0.0 103612.1213
2390.02 2390.02 0.0 103605.0059
2404.16 2404.16 0.0 103597.9668
2418.31 2418.31 0.0 103590.9980
2432.45 2432.45 0.0 103584.1021
2446.59 2446.59 0.0 103577.2773
2460.73 2460.73 0.0 103570.5156
2474.87 2474.87 0.0 103563.8162
2489.02 2489.02 0.0 103557.1738
2503.16 2503.16 0.0 103550.5942
2517.3 2517.3 0.0 103544.0671
2531.44 2531.44 0.0 103537.5974
2545.58 2545.58 0.0 103531.1772
2559.73 2559.73 0.0 103524.8035
2573.87 2573.87 0.0 103518.4788
2588.01 2588.01 0.0 103512.2002
2602.15 2602.15 0.0 103505.9646
2616.3 2616.3 0.0 103499.7673
2630.44 2630.44 0.0 103493.6147
2644.58 2644.58 0.0 103487.4998
2658.72 2658.72 0.0 103481.4241
2672.86 2672.86 0.0 103475.3816
2687.01 2687.01 0.0 103469.3694
2701.15 2701.15 0.0 103463.3940
2715.29 2715.29 0.0 103457.4519
2729.43 2729.43 0.0 103451.5403
2743.57 2743.57 0.0 103445.6553
2757.72 2757.72 0.0 103439.7964
2771.86 2771.86 0.0 103433.9688
2786.0 2786.0 0.0 103428.1692
2800.14 2800.14 0.0 103422.3926
2814.28 2814.28 0.0 103416.6389
2828.43 2828.43 0.0 103410.9072
2842.57 2842.57 0.0 103405.2019
2856.71 2856.71 0.0 103399.5198
2870.85 2870.85 0.0 103393.8584
2885.0 2885.0 0.0 103388.2104
2899.14 2899.14 0.0 103382.5923
2913.28 2913.28 0.0 103376.9888
2927.42 2927.42 0.0 103371.4054
2941.56 2941.56 0.0 103365.8440
2955.71 2955.71 0.0 103360.2935
2969.85 2969.85 0.0 103354.7661
2983.99 2983.99 0.0 103349.2548
2998.13 2998.13 0.0 103343.7609
3012.27 3012.27 0.0 103338.2861
3026.42 3026.42 0.0 103332.8212
3040.56 3040.56 0.0 103327.3768
3054.7 3054.7 0.0 103321.9502
3068.84 3068.84 0.0 103316.5363
3082.99 3082.99 0.0 103311.1360
3097.13 3097.13 0.0 103305.7560
3111.27 3111.27 0.0 103300.3887
3125.41 3125.41 0.0 103295.0387
3139.55 3139.55 0.0 103289.7035
3153.7 3153.7 0.0 103284.3795
3167.84 3167.84 0.0 103279.0750
3181.98 3181.98 0.0 103273.7844
3196.12 3196.12 0.0 103268.5111
3210.26 3210.26 0.0 103263.2521
3224.41 3224.41 0.0 103258.0027
3238.55 3238.55 0.0 103252.7738
3252.69 3252.69 0.0 103247.5620
3266.83 3266.83 0.0 103242.3632
3280.98 3280.98 0.0 103237.1775
3295.12 3295.12 0.0 103232.0114
3309.26 3309.26 0.0 103226.8601
3323.4 3323.4 0.0 103221.7253
3337.54 3337.54 0.0 103216.6062
3351.69 3351.69 0.0 103211.5001
3365.83 3365.83 0.0 103206.4159
3379.97 3379.97 0.0 103201.3470
3394.11 3394.11 0.0 103196.2963
3408.25 3408.25 0.0 103191.2610
3422.4 3422.4 0.0 103186.2408
3436.54 3436.54 0.0 103181.2413
3450.68 3450.68 0.0 103176.2588
3464.82 3464.82 0.0 103171.2966
3478.97 3478.97 0.0 103166.3479
3493.11 3493.11 0.0 103161.4219
3507.25 3507.25 0.0 103156.5151
3521.39 3521.39 0.0 103151.6259
3535.53 3535.53 0.0 103146.7574
3549.68 3549.68 0.0 103141.9054
3563.82 3563.82 0.0 103137.0767
3577.96 3577.96 0.0 103132.2677
3592.1 3592.1 0.0 103127.4801
3606.24 3606.24 0.0 103122.7136
3620.39 3620.39 0.0 103117.9633
3634.53 3634.53 0.0 103113.2389
3648.67 3648.67 0.0 103108.5356
3662.81 3662.81 0.0 103103.8557
3676.96 3676.96 0.0 103099.1930
3691.1 3691.1 0.0 103094.5570
3705.24 3705.24 0.0 103089.9431
3719.38 3719.38 0.0 103085.3557
3733.52 3733.52 0.0 103080.7866
3747.67 3747.67 0.0 103076.2404
3761.81 3761.81 0.0 103071.7224
3775.95 3775.95 0.0 103067.2279
3790.09 3790.09 0.0 103062.7581
3804.23 3804.23 0.0 103058.3146
3818.38 3818.38 0.0 103053.8907
3832.52 3832.52 0.0 103049.4954
3846.66 3846.66 0.0 103045.1276
3860.8 3860.8 0.0 103040.7830
3874.95 3874.95 0.0 103036.4615
3889.09 3889.09 0.0 103032.1724
3903.23 3903.23 0.0 103027.9093
3917.37 3917.37 0.0 103023.6730
3931.51 3931.51 0.0 103019.4617
3945.66 3945.66 0.0 103015.2762
3959.8 3959.8 0.0 103011.1234
3973.94 3973.94 0.0 103006.9962
3988.08 3988.08 0.0 103002.8982
4002.22 4002.22 0.0 102998.8286
4016.37 4016.37 0.0 102994.7822
4030.51 4030.51 0.0 102990.7704
4044.65 4044.65 0.0 102986.7878
4058.79 4058.79 0.0 102982.8340
4072.94 4072.94 0.0 102978.9050
4087.08 4087.08 0.0 102975.0089
4101.22 4101.22 0.0 102971.1443
4115.36 4115.36 0.0 102967.3088
4129.5 4129.5 0.0 102963.5042
4143.65 4143.65 0.0 102959.7255
4157.79 4157.79 0.0 102955.9817
4171.93 4171.93 0.0 102952.2661
4186.07 4186.07 0.0 102948.5846
4200.21 4200.21 0.0 102944.9335
4214.36 4214.36 0.0 102941.3086
4228.5 4228.5 0.0 102937.7208
4242.64 4242.64 0.0 102934.1593
