0.0 0.0 0.0 217143.0312
14.1421 14.1421 0.0 336641.7188
28.2843 28.2843 0.0 330008.7500
42.4264 42.4264 0.0 323312.1562
56.5685 56.5685 0.0 315987.6562
70.7107 70.7107 0.0 308165.3594
84.8528 84.8528 0.0 300073.4531
98.9949 98.9949 0.0 291912.9219
113.137 113.137 0.0 283834.0000
127.279 127.279 0.0 275939.8594
141.421 141.421 0.0 268296.7656
155.563 155.563 0.0 260943.9375
169.706 169.706 0.0 253901.3281
183.848 183.848 0.0 247177.5000
197.99 197.99 0.0 240771.0469
212.132 212.132 0.0 234675.6094
226.274 226.274 0.0 228881.3516
240.416 240.416 0.0 223376.6172
254.558 254.558 0.0 218148.6250
268.701 268.701 0.0 213183.7891
282.843 282.843 0.0 208469.6484
296.985 296.985 0.0 203992.9609
311.127 311.127 0.0 199741.1250
325.269 325.269 0.0 195702.1797
339.411 339.411 0.0 191864.6797
353.553 353.553 0.0 188217.6719
367.696 367.696 0.0 184750.6797
381.838 381.838 0.0 181454.3516
395.98 395.98 0.0 178319.3125
410.122 410.122 0.0 175336.7812
424.264 424.264 0.0 172498.5703
438.406 438.406 0.0 169796.8750
452.548 452.548 0.0 167224.4453
466.69 466.69 0.0 164774.3594
480.833 480.833 0.0 162439.9297
494.975 494.975 0.0 160215.3555
509.117 509.117 0.0 158094.6641
523.259 523.259 0.0 156072.3789
537.401 537.401 0.0 154143.3477
551.543 551.543 0.0 152302.6641
565.685 565.685 0.0 150545.7422
579.828 579.828 0.0 148868.0938
593.97 593.97 0.0 147265.8789
608.112 608.112 0.0 145735.0859
622.254 622.254 0.0 144272.0625
636.396 636.396 0.0 142873.3047
650.538 650.538 0.0 141535.5938
664.68 664.68 0.0 140255.7773
678.823 678.823 0.0 139030.9180
692.965 692.965 0.0 137858.3633
707.107 707.107 0.0 136735.4648
721.249 721.249 0.0 135659.7344
735.391 735.391 0.0 134628.8398
749.533 749.533 0.0 133640.5664
763.675 763.675 0.0 132692.8418
777.817 777.817 0.0 131783.6973
791.96 791.96 0.0 130911.1738
806.102 806.102 0.0 130073.6680
820.244 820.244 0.0 129269.4180
834.386 834.386 0.0 128496.8359
848.528 848.528 0.0 127754.4629
862.67 862.67 0.0 127040.8242
876.812 876.812 0.0 126354.6191
890.955 890.955 0.0 125694.5039
905.097 905.097 0.0 125059.3965
919.239 919.239 0.0 124448.0508
933.381 933.381 0.0 123859.4453
947.523 947.523 0.0 123292.5098
961.665 961.665 0.0 122746.2852
975.807 975.807 0.0 122219.8359
989.949 989.949 0.0 121712.2969
1004.09 1004.09 0.0 121222.8789
1018.23 1018.23 0.0 120750.7539
1032.38 1032.38 0.0 120294.8516
1046.52 1046.52 0.0 119855.0957
1060.66 1060.66 0.0 119430.4609
1074.8 1074.8 0.0 119020.3223
1088.94 1088.94 0.0 118624.0566
1103.09 1103.09 0.0 118240.8418
1117.23 1117.23 0.0 117870.6309
1131.37 1131.37 0.0 117512.6377
1145.51 1145.51 0.0 117166.3594
1159.66 1159.66 0.0 116831.1006
1173.8 1173.8 0.0 116506.8486
1187.94 1187.94 0.0 116192.9580
1202.08 1202.08 0.0 115888.9961
1216.22 1216.22 0.0 115594.5840
1230.37 1230.37 0.0 115309.1338
1244.51 1244.51 0.0 115032.7100
1258.65 1258.65 0.0 114764.7500
1272.79 1272.79 0.0 114504.9346
1286.93 1286.93 0.0 114252.9629
1301.08 1301.08 0.0 114008.3428
1315.22 1315.22 0.0 113771.1660
1329.36 1329.36 0.0 113540.9619
1343.5 1343.5 0.0 113317.4854
1357.65 1357.65 0.0 113100.3379
1371.79 1371.79 0.0 112889.5742
1385.93 1385.93 0.0 112684.8389
1400.07 1400.07 0.0 112485.8926
1414.21 1414.21 0.0 112292.5391
1428.36 1428.36 0.0 112104.4395
1442.5 1442.5 0.0 111921.6885
1456.64 1456.64 0.0 111743.9482
1470.78 1470.78 0.0 111571.0508
1484.92 1484.92 0.0 111402.8467
1499.07 1499.07 0.0 111239.0342
1513.21 1513.21 0.0 111079.7080
1527.35 1527.35 0.0 110924.5967
1541.49 1541.49 0.0 110773.5625
1555.63 1555.63 0.0 110626.4766
1569.78 1569.78 0.0 110483.0889
1583.92 1583.92 0.0 110343.4951
1598.06 1598.06 0.0 110207.4609
1612.2 1612.2 0.0 110074.8789
1626.35 1626.35 0.0 109945.5469
1640.49 1640.49 0.0 109819.5439
1654.63 1654.63 0.0 109696.6602
1668.77 1668.77 0.0 109576.8154
1682.91 1682.91 0.0 109459.9023
1697.06 1697.06 0.0 109345.7510
1711.2 1711.2 0.0 109234.4434
1725.34 1725.34 0.0 109125.8071
1739.48 1739.48 0.0 109019.7617
1753.62 1753.62 0.0 108916.2266
1767.77 1767.77 0.0 108815.0576
1781.91 1781.91 0.0 108716.3242
1796.05 1796.05 0.0 108619.8823
1810.19 1810.19 0.0 108525.6689
1824.34 1824.34 0.0 108433.5562
1838.48 1838.48 0.0 108343.6021
1852.62 1852.62 0.0 108255.6875
1866.76 1866.76 0.0 108169.7480
1880.9 1880.9 0.0 108085.7290
1895.05 1895.05 0.0 108003.5215
1909.19 1909.19 0.0 107923.1826
1923.33 1923.33 0.0 107844.6123
1937.47 1937.47 0.0 107767.7549
1951.61 1951.61 0.0 107692.5610
1965.76 1965.76 0.0 107618.9355
1979.9 1979.9 0.0 107546.9424
1994.04 1994.04 0.0 107476.4785
2008.18 2008.18 0.0 107407.5034
2022.33 2022.33 0.0 107339.9380
2036.47 2036.47 0.0 107273.8237
2050.61 2050.61 0.0 107209.0952
2064.75 2064.75 0.0 107145.6992
2078.89 2078.89 0.0 107083.6064
2093.04 2093.04 0.0 107022.7373
2107.18 2107.18 0.0 106963.1479
2121.32 2121.32 0.0 106904.7607
2135.46 2135.46 0.0 106847.5439
2149.6 2149.6 0.0 106791.4785
2163.75 2163.75 0.0 106736.4780
2177.89 2177.89 0.0 106682.6050
2192.03 2192.03 0.0 106629.7920
2206.17 2206.17 0.0 106578.0020
2220.32 2220.32 0.0 106527.1865
2234.46 2234.46 0.0 106477.3887
2248.6 2248.6 0.0 106428.5488
2262.74 2262.74 0.0 106380.6353
2276.88 2276.88 0.0 106333.6372
2291.03 2291.03 0.0 106287.4888
2305.17 2305.17 0.0 106242.2402
2319.31 2319.31 0.0 106197.8374
2333.45 2333.45 0.0 106154.2617
2347.59 2347.59 0.0 106111.4849
2361.74 2361.74 0.0 106069.4673
2375.88 2375.88 0.0 106028.2471
2390.02 2390.02 0.0 105987.7812
2404.16 2404.16 0.0 105948.0386
2418.31 2418.31 0.0 105908.9878
2432.45 2432.45 0.0 105870.6616
2446.59 2446.59 0.0 105833.0176
2460.73 2460.73 0.0 105796.0400
2474.87 2474.87 0.0 105759.7129
2489.02 2489.02 0.0 105723.9961
2503.16 2503.16 0.0 105688.9282
2517.3 2517.3 0.0 105654.4663
2531.44 2531.44 0.0 105620.5972
2545.58 2545.58 0.0 105587.3145
2559.73 2559.73 0.0 105554.5732
2573.87 2573.87 0.0 105522.4082
2588.01 2588.01 0.0 105490.7891
2602.15 2602.15 0.0 105459.7002
2616.3 2616.3 0.0 105429.1089
2630.44 2630.44 0.0 105399.0479
2644.58 2644.58 0.0 105369.4834
2658.72 2658.72 0.0 105340.4023
2672.86 2672.86 0.0 105311.8000
2687.01 2687.01 0.0 105283.6489
2701.15 2701.15 0.0 105255.9683
2715.29 2715.29 0.0 105228.7332
2729.43 2729.43 0.0 105201.9353
2743.57 2743.57 0.0 105175.5630
2757.72 2757.72 0.0 105149.5935
2771.86 2771.86 0.0 105124.0540
2786.0 2786.0 0.0 105098.9126
2800.14 2800.14 0.0 105074.1641
2814.28 2814.28 0.0 105049.8005
2828.43 2828.43 0.0 105025.7979
2842.57 2842.57 0.0 105002.1807
2856.71 2856.71 0.0 104978.9246
2870.85 2870.85 0.0 104956.0259
2885.0 2885.0 0.0 104933.4556
2899.14 2899.14 0.0 104911.2405
2913.28 2913.28 0.0 104889.3591
2927.42 2927.42 0.0 104867.8064
2941.56 2941.56 0.0 104846.5715
2955.71 2955.71 0.0 104825.6372
2969.85 2969.85 0.0 104805.0208
2983.99 2983.99 0.0 104784.7117
2998.13 2998.13 0.0 104764.6958
3012.27 3012.27 0.0 104744.9666
3026.42 3026.42 0.0 104725.5107
3040.56 3040.56 0.0 104706.3472
3054.7 3054.7 0.0 104687.4563
3068.84 3068.84 0.0 104668.8335
3082.99 3082.99 0.0 104650.4585
3097.13 3097.13 0.0 104632.3567
3111.27 3111.27 0.0 104614.5063
3125.41 3125.41 0.0 104596.9033
3139.55 3139.55 0.0 104579.5447
3153.7 3153.7 0.0 104562.4104
3167.84 3167.84 0.0 104545.5227
3181.98 3181.98 0.0 104528.8662
3196.12 3196.12 0.0 104512.4341
3210.26 3210.26 0.0 104496.2234
3224.41 3224.41 0.0 104480.2209
3238.55 3238.55 0.0 104464.4370
3252.69 3252.69 0.0 104448.8655
3266.83 3266.83 0.0 104433.5015
3280.98 3280.98 0.0 104418.3259
3295.12 3295.12 0.0 104403.3579
3309.26 3309.26 0.0 104388.5850
3323.4 3323.4 0.0 104374.0002
3337.54 3337.54 0.0 104359.6047
3351.69 3351.69 0.0 104345.3833
3365.83 3365.83 0.0 104331.3518
3379.97 3379.97 0.0 104317.4966
3394.11 3394.11 0.0 104303.8157
3408.25 3408.25 0.0 104290.3057
3422.4 3422.4 0.0 104276.9568
3436.54 3436.54 0.0 104263.7771
3450.68 3450.68 0.0 104250.7607
3464.82 3464.82 0.0 104237.9062
3478.97 3478.97 0.0 104225.1960
3493.11 3493.11 0.0 104212.6484
3507.25 3507.25 0.0 104200.2539
3521.39 3521.39 0.0 104188.0051
3535.53 3535.53 0.0 104175.9004
3549.68 3549.68 0.0 104163.9338
3563.82 3563.82 0.0 104152.1140
3577.96 3577.96 0.0 104140.4319
3592.1 3592.1 0.0 104128.8887
3606.24 3606.24 0.0 104117.4741
3620.39 3620.39 0.0 104106.1851
3634.53 3634.53 0.0 104095.0342
3648.67 3648.67 0.0 104084.0078
3662.81 3662.81 0.0 104073.1055
3676.96 3676.96 0.0 104062.3174
3691.1 3691.1 0.0 104051.6592
3705.24 3705.24 0.0 104041.1194
3719.38 3719.38 0.0 104030.6941
3733.52 3733.52 0.0 104020.3845
3747.67 3747.67 0.0 104010.1777
3761.81 3761.81 0.0 104000.0891
3775.95 3775.95 0.0 103990.1062
3790.09 3790.09 0.0 103980.2356
3804.23 3804.23 0.0 103970.4683
3818.38 3818.38 0.0 103960.7954
3832.52 3832.52 0.0 103951.2322
3846.66 3846.66 0.0 103941.7678
3860.8 3860.8 0.0 103932.4014
3874.95 3874.95 0.0 103923.1262
3889.09 3889.09 0.0 103913.9497
3903.23 3903.23 0.0 103904.8691
3917.37 3917.37 0.0 103895.8792
3931.51 3931.51 0.0 103886.9802
3945.66 3945.66 0.0 103878.1633
3959.8 3959.8 0.0 103869.4385
3973.94 3973.94 0.0 103860.8013
3988.08 3988.08 0.0 103852.2485
4002.22 4002.22 0.0 103843.7788
4016.37 4016.37 0.0 103835.3845
4030.51 4030.51 0.0 103827.0784
4044.65 4044.65 0.0 103818.8459
4058.79 4058.79 0.0 103810.6975
4072.94 4072.94 0.0 103802.6160
4087.08 4087.08 0.0 103794.6194
4101.22 4101.22 0.0 103786.6934
4115.36 4115.36 0.0 103778.8389
4129.5 4129.5 0.0 103771.0613
4143.65 4143.65 0.0 103763.3462
4157.79 4157.79 0.0 103755.7053
4171.93 4171.93 0.0 103748.1335
4186.07 4186.07 0.0 103740.6277
4200.21 4200.21 0.0 103733.1885
4214.36 4214.36 0.0 103725.8091
4228.5 4228.5 0.0 103718.5002
4242.64 4242.64 0.0 103711.2520
4256.78 4256.78 0.0 103704.0686
4270.92 4270.92 0.0 103696.9453
4285.07 4285.07 0.0 103689.8772
4299.21 4299.21 0.0 103682.8740
4313.35 4313.35 0.0 103675.9272
4327.49 4327.49 0.0 103669.0378
4341.64 4341.64 0.0 103662.2019
4355.78 4355.78 0.0 103655.4258
4369.92 4369.92 0.0 103648.7039
4384.06 4384.06 0.0 103642.0342
4398.2 4398.2 0.0 103635.4189
4412.35 4412.35 0.0 103628.8501
4426.49 4426.49 0.0 103622.3379
4440.63 4440.63 0.0 103615.8760
4454.77 4454.77 0.0 103609.4636
4468.91 4468.91 0.0 103603.1008
4483.06 4483.06 0.0 103596.7827
4497.2 4497.2 0.0 103590.5134
4511.34 4511.34 0.0 103584.2925
4525.48 4525.48 0.0 103578.1177
4539.63 4539.63 0.0 103571.9832
4553.77 4553.77 0.0 103565.8965
4567.91 4567.91 0.0 103559.8547
4582.05 4582.05 0.0 103553.8572
4596.19 4596.19 0.0 103547.9009
4610.34 4610.34 0.0 103541.9805
4624.48 4624.48 0.0 103536.1057
4638.62 4638.62 0.0 103530.2747
4652.76 4652.76 0.0 103524.4819
4666.9 4666.9 0.0 103518.7275
4681.05 4681.05 0.0 103513.0090
4695.19 4695.19 0.0 103507.3320
4709.33 4709.33 0.0 103501.6929
4723.47 4723.47 0.0 103496.0901
4737.62 4737.62 0.0 103490.5181
4751.76 4751.76 0.0 103484.9883
4765.9 4765.9 0.0 103479.4910
4780.04 4780.04 0.0 103474.0298
4794.18 4794.18 0.0 103468.6055
4808.33 4808.33 0.0 103463.2078
4822.47 4822.47 0.0 103457.8479
4836.61 4836.61 0.0 103452.5190
4850.75 4850.75 0.0 103447.2256
4864.89 4864.89 0.0 103441.9602
4879.04 4879.04 0.0 103436.7244
4893.18 4893.18 0.0 103431.5222
4907.32 4907.32 0.0 103426.3499
4921.46 4921.46 0.0 103421.2083
4935.61 4935.61 0.0 103416.0901
4949.75 4949.75 0.0 103411.0066
4963.89 4963.89 0.0 103405.9509
4978.03 4978.03 0.0 103400.9216
4992.17 4992.17 0.0 103395.9221
5006.32 5006.32 0.0 103390.9453
5020.46 5020.46 0.0 103385.9993
5034.6 5034.6 0.0 103381.0776
5048.74 5048.74 0.0 103376.1829
5062.88 5062.88 0.0 103371.3126
5077.03 5077.03 0.0 103366.4670
5091.17 5091.17 0.0 103361.6475
5105.31 5105.31 0.0 103356.8518
5119.45 5119.45 0.0 103352.0800
5133.6 5133.6 0.0 103347.3309
5147.74 5147.74 0.0 103342.6044
5161.88 5161.88 0.0 103337.9045
5176.02 5176.02 0.0 103333.2246
5190.16 5190.16 0.0 103328.5677
5204.31 5204.31 0.0 103323.9307
5218.45 5218.45 0.0 103319.3176
5232.59 5232.59 0.0 103314.7249
5246.73 5246.73 0.0 103310.1542
5260.87 5260.87 0.0 103305.6021
5275.02 5275.02 0.0 103301.0712
5289.16 5289.16 0.0 103296.5605
5303.3 5303.3 0.0 103292.0690
5317.44 5317.44 0.0 103287.5996
5331.59 5331.59 0.0 103283.1442
5345.73 5345.73 0.0 103278.7101
5359.87 5359.87 0.0 103274.2952
5374.01 5374.01 0.0 103269.9004
5388.15 5388.15 0.0 103265.5229
5402.3 5402.3 0.0 103261.1591
5416.44 5416.44 0.0 103256.8160
5430.58 5430.58 0.0 103252.4911
5444.72 5444.72 0.0 103248.1820
5458.86 5458.86 0.0 103243.8892
5473.01 5473.01 0.0 103239.6104
5487.15 5487.15 0.0 103235.3529
5501.29 5501.29 0.0 103231.1085
5515.43 5515.43 0.0 103226.8818
5529.58 5529.58 0.0 103222.6671
5543.72 5543.72 0.0 103218.4727
5557.86 5557.86 0.0 103214.2892
5572.0 5572.0 0.0 103210.1238
5586.14 5586.14 0.0 103205.9713
5600.29 5600.29 0.0 103201.8298
5614.43 5614.43 0.0 103197.7098
5628.57 5628.57 0.0 103193.5999
5642.71 5642.71 0.0 103189.5067
5656.85 5656.85 0.0 103185.4244
5671.0 5671.0 0.0 103181.3538
5685.14 5685.14 0.0 103177.2998
5699.28 5699.28 0.0 103173.2600
5713.42 5713.42 0.0 103169.2308
5727.56 5727.56 0.0 103165.2166
5741.71 5741.71 0.0 103161.2092
5755.85 5755.85 0.0 103157.2202
5769.99 5769.99 0.0 103153.2434
5784.13 5784.13 0.0 103149.2760
5798.28 5798.28 0.0 103145.3191
5812.42 5812.42 0.0 103141.3783
5826.56 5826.56 0.0 103137.4473
5840.7 5840.7 0.0 103133.5278
5854.84 5854.84 0.0 103129.6212
5868.99 5868.99 0.0 103125.7223
5883.13 5883.13 0.0 103121.8368
5897.27 5897.27 0.0 103117.9615
5911.41 5911.41 0.0 103114.0988
5925.55 5925.55 0.0 103110.2451
5939.7 5939.7 0.0 103106.3990
5953.84 5953.84 0.0 103102.5673
5967.98 5967.98 0.0 103098.7468
5982.12 5982.12 0.0 103094.9330
5996.27 5996.27 0.0 103091.1292
6010.41 6010.41 0.0 103087.3386
6024.55 6024.55 0.0 103083.5559
6038.69 6038.69 0.0 103079.7831
6052.83 6052.83 0.0 103076.0210
6066.98 6066.98 0.0 103072.2634
6081.12 6081.12 0.0 103068.5198
6095.26 6095.26 0.0 103064.7843
6109.4 6109.4 0.0 103061.0592
6123.54 6123.54 0.0 103057.3419
6137.69 6137.69 0.0 103053.6312
6151.83 6151.83 0.0 103049.9315
6165.97 6165.97 0.0 103046.2399
6180.11 6180.11 0.0 103042.5594
6194.26 6194.26 0.0 103038.8827
6208.4 6208.4 0.0 103035.2178
6222.54 6222.54 0.0 103031.5592
6236.68 6236.68 0.0 103027.9109
6250.82 6250.82 0.0 103024.2727
6264.97 6264.97 0.0 103020.6375
6279.11 6279.11 0.0 103017.0126
6293.25 6293.25 0.0 103013.3961
6307.39 6307.39 0.0 103009.7874
6321.53 6321.53 0.0 103006.1854
6335.68 6335.68 0.0 103002.5913
6349.82 6349.82 0.0 102999.0049
6363.96 6363.96 0.0 102995.4260
6378.1 6378.1 0.0 102991.8564
6392.25 6392.25 0.0 102988.2921
6406.39 6406.39 0.0 102984.7362
6420.53 6420.53 0.0 102981.1863
6434.67 6434.67 0.0 102977.6462
6448.81 6448.81 0.0 102974.1115
6462.96 6462.96 0.0 102970.5835
6477.1 6477.1 0.0 102967.0631
6491.24 6491.24 0.0 102963.5500
6505.38 6505.38 0.0 102960.0448
6519.52 6519.52 0.0 102956.5446
6533.67 6533.67 0.0 102953.0494
6547.81 6547.81 0.0 102949.5642
6561.95 6561.95 0.0 102946.0847
6576.09 6576.09 0.0 102942.6151
6590.24 6590.24 0.0 102939.1453
6604.38 6604.38 0.0 102935.6866
6618.52 6618.52 0.0 102932.2346
6632.66 6632.66 0.0 102928.7877
6646.8 6646.8 0.0 102925.3497
6660.95 6660.95 0.0 102921.9138
6675.09 6675.09 0.0 102918.4875
6689.23 6689.23 0.0 102915.0664
6703.37 6703.37 0.0 102911.6517
6717.51 6717.51 0.0 102908.2460
6731.66 6731.66 0.0 102904.8408
6745.8 6745.8 0.0 102901.4459
6759.94 6759.94 0.0 102898.0565
6774.08 6774.08 0.0 102894.6732
6788.23 6788.23 0.0 102891.2957
6802.37 6802.37 0.0 102887.9246
6816.51 6816.51 0.0 102884.5601
6830.65 6830.65 0.0 102881.2006
6844.79 6844.79 0.0 102877.8490
6858.94 6858.94 0.0 102874.4988
6873.08 6873.08 0.0 102871.1593
6887.22 6887.22 0.0 102867.8243
6901.36 6901.36 0.0 102864.4949
6915.5 6915.5 0.0 102861.1727
6929.65 6929.65 0.0 102857.8531
6943.79 6943.79 0.0 102854.5424
6957.93 6957.93 0.0 102851.2358
6972.07 6972.07 0.0 102847.9379
6986.21 6986.21 0.0 102844.6418
