0.0 0.0 0.0 242480.3125
14.1421 14.1421 0.0 316448.5625
28.2843 28.2843 0.0 268407.4688
42.4264 42.4264 0.0 232027.9844
56.5685 56.5685 0.0 205389.0625
70.7107 70.7107 0.0 185639.2266
84.8528 84.8528 0.0 170720.0547
98.9949 98.9949 0.0 159237.0742
113.137 113.137 0.0 150245.3164
127.279 127.279 0.0 143094.2383
141.421 141.421 0.0 137327.6211
155.563 155.563 0.0 132619.3691
169.706 169.706 0.0 128732.0605
183.848 183.848 0.0 125490.8633
197.99 197.99 0.0 122763.7402
212.132 212.132 0.0 120450.3750
226.274 226.274 0.0 118473.4492
240.416 240.416 0.0 116772.5752
254.558 254.558 0.0 115300.1572
268.701 268.701 0.0 114018.1719
282.843 282.843 0.0 112896.2920
296.985 296.985 0.0 111909.7285
311.127 311.127 0.0 111038.2461
325.269 325.269 0.0 110265.2354
339.411 339.411 0.0 109576.9053
353.553 353.553 0.0 108961.7480
367.696 367.696 0.0 108410.1074
381.838 381.838 0.0 107913.9189
395.98 395.98 0.0 107466.2314
410.122 410.122 0.0 107061.1816
424.264 424.264 0.0 106693.7329
438.406 438.406 0.0 106359.5640
452.548 452.548 0.0 106054.9316
466.69 466.69 0.0 105776.6050
480.833 480.833 0.0 105521.7495
494.975 494.975 0.0 105287.9507
509.117 509.117 0.0 105073.0417
523.259 523.259 0.0 104875.1226
537.401 537.401 0.0 104692.5327
551.543 551.543 0.0 104523.8064
565.685 565.685 0.0 104367.6384
579.828 579.828 0.0 104222.8604
593.97 593.97 0.0 104088.4666
608.112 608.112 0.0 103963.5195
622.254 622.254 0.0 103847.2036
636.396 636.396 0.0 103738.7795
650.538 650.538 0.0 103637.5857
664.68 664.68 0.0 103543.0264
678.823 678.823 0.0 103454.5537
692.965 692.965 0.0 103371.7036
707.107 707.107 0.0 103294.0210
721.249 721.249 0.0 103221.1111
735.391 735.391 0.0 103152.6138
749.533 749.533 0.0 103088.1985
763.675 763.675 0.0 103027.5627
777.817 777.817 0.0 102970.4362
791.96 791.96 0.0 102916.5664
806.102 806.102 0.0 102865.7262
820.244 820.244 0.0 102817.7089
834.386 834.386 0.0 102772.3169
848.528 848.528 0.0 102729.3771
862.67 862.67 0.0 102688.7264
876.812 876.812 0.0 102650.2151
890.955 890.955 0.0 102613.7002
905.097 905.097 0.0 102579.0638
919.239 919.239 0.0 102546.1842
933.381 933.381 0.0 102514.9514
947.523 947.523 0.0 102485.2654
961.665 961.665 0.0 102457.0325
975.807 975.807 0.0 102430.1676
989.949 989.949 0.0 102404.5889
1004.09 1004.09 0.0 102380.2234
1018.23 1018.23 0.0 102357.0015
1032.38 1032.38 0.0 102334.8413
1046.52 1046.52 0.0 102313.7145
1060.66 1060.66 0.0 102293.5491
1074.8 1074.8 0.0 102274.2887
1088.94 1088.94 0.0 102255.8875
1103.09 1103.09 0.0 102238.2877
1117.23 1117.23 0.0 102221.4684
1131.37 1131.37 0.0 102205.3788
1145.51 1145.51 0.0 102189.9797
1159.66 1159.66 0.0 102175.2271
1173.8 1173.8 0.0 102161.1072
1187.94 1187.94 0.0 102147.5784
1202.08 1202.08 0.0 102134.6103
1216.22 1216.22 0.0 102122.1752
1230.37 1230.37 0.0 102110.2408
1244.51 1244.51 0.0 102098.7970
1258.65 1258.65 0.0 102087.8118
1272.79 1272.79 0.0 102077.2647
1286.93 1286.93 0.0 102067.1342
1301.08 1301.08 0.0 102057.3942
1315.22 1315.22 0.0 102048.0399
1329.36 1329.36 0.0 102039.0451
1343.5 1343.5 0.0 102030.3952
1357.65 1357.65 0.0 102022.0686
1371.79 1371.79 0.0 102014.0594
1385.93 1385.93 0.0 102006.3502
1400.07 1400.07 0.0 101998.9271
1414.21 1414.21 0.0 101991.7762
1428.36 1428.36 0.0 101984.8804
1442.5 1442.5 0.0 101978.2386
1456.64 1456.64 0.0 101971.8332
1470.78 1470.78 0.0 101965.6562
1484.92 1484.92 0.0 101959.6956
1499.07 1499.07 0.0 101953.9374
1513.21 1513.21 0.0 101948.3824
1527.35 1527.35 0.0 101943.0154
1541.49 1541.49 0.0 101937.8293
1555.63 1555.63 0.0 101932.8171
1569.78 1569.78 0.0 101927.9649
1583.92 1583.92 0.0 101923.2748
1598.06 1598.06 0.0 101918.7339
1612.2 1612.2 0.0 101914.3373
1626.35 1626.35 0.0 101910.0750
1640.49 1640.49 0.0 101905.9459
1654.63 1654.63 0.0 101901.9427
1668.77 1668.77 0.0 101898.0585
1682.91 1682.91 0.0 101894.2875
1697.06 1697.06 0.0 101890.6226
1711.2 1711.2 0.0 101887.0629
1725.34 1725.34 0.0 101883.6016
1739.48 1739.48 0.0 101880.2342
1753.62 1753.62 0.0 101876.9555
1767.77 1767.77 0.0 101873.7605
1781.91 1781.91 0.0 101870.6475
1796.05 1796.05 0.0 101867.6099
1810.19 1810.19 0.0 101864.6460
1824.34 1824.34 0.0 101861.7495
1838.48 1838.48 0.0 101858.9193
1852.62 1852.62 0.0 101856.1519
1866.76 1866.76 0.0 101853.4432
1880.9 1880.9 0.0 101850.7897
1895.05 1895.05 0.0 101848.1869
1909.19 1909.19 0.0 101845.6349
1923.33 1923.33 0.0 101843.1300
1937.47 1937.47 0.0 101840.6693
1951.61 1951.61 0.0 101838.2502
1965.76 1965.76 0.0 101835.8682
1979.9 1979.9 0.0 101833.5246
1994.04 1994.04 0.0 101831.2164
2008.18 2008.18 0.0 101828.9394
2022.33 2022.33 0.0 101826.6913
2036.47 2036.47 0.0 101824.4734
2050.61 2050.61 0.0 101822.2824
2064.75 2064.75 0.0 101820.1158
2078.89 2078.89 0.0 101817.9719
2093.04 2093.04 0.0 101815.8482
2107.18 2107.18 0.0 101813.7463
2121.32 2121.32 0.0 101811.6636
2135.46 2135.46 0.0 101809.5967
2149.6 2149.6 0.0 101807.5468
2163.75 2163.75 0.0 101805.5100
2177.89 2177.89 0.0 101803.4890
2192.03 2192.03 0.0 101801.4802
2206.17 2206.17 0.0 101799.4834
2220.32 2220.32 0.0 101797.4959
2234.46 2234.46 0.0 101795.5201
2248.6 2248.6 0.0 101793.5533
2262.74 2262.74 0.0 101791.5952
2276.88 2276.88 0.0 101789.6457
2291.03 2291.03 0.0 101787.7011
2305.17 2305.17 0.0 101785.7654
2319.31 2319.31 0.0 101783.8356
2333.45 2333.45 0.0 101781.9116
2347.59 2347.59 0.0 101779.9936
2361.74 2361.74 0.0 101778.0785
2375.88 2375.88 0.0 101776.1705
2390.02 2390.02 0.0 101774.2675
2404.16 2404.16 0.0 101772.3679
2418.31 2418.31 0.0 101770.4717
2432.45 2432.45 0.0 101768.5809
2446.59 2446.59 0.0 101766.6938
2460.73 2460.73 0.0 101764.8113
2474.87 2474.87 0.0 101762.9317
2489.02 2489.02 0.0 101761.0555
2503.16 2503.16 0.0 101759.1838
2517.3 2517.3 0.0 101757.3158
2531.44 2531.44 0.0 101755.4523
2545.58 2545.58 0.0 101753.5918
2559.73 2559.73 0.0 101751.7349
2573.87 2573.87 0.0 101749.8829
2588.01 2588.01 0.0 101748.0359
2602.15 2602.15 0.0 101746.1927
2616.3 2616.3 0.0 101744.3523
2630.44 2630.44 0.0 101742.5183
2644.58 2644.58 0.0 101740.6891
2658.72 2658.72 0.0 101738.8646
2672.86 2672.86 0.0 101737.0451
2687.01 2687.01 0.0 101735.2303
2701.15 2701.15 0.0 101733.4217
2715.29 2715.29 0.0 101731.6182
2729.43 2729.43 0.0 101729.8211
2743.57 2743.57 0.0 101728.0302
2757.72 2757.72 0.0 101726.2430
2771.86 2771.86 0.0 101724.4648
2786.0 2786.0 0.0 101722.6928
2800.14 2800.14 0.0 101720.9267
2814.28 2814.28 0.0 101719.1680
2828.43 2828.43 0.0 101717.4153
2842.57 2842.57 0.0 101715.6709
2856.71 2856.71 0.0 101713.9333
2870.85 2870.85 0.0 101712.2039
2885.0 2885.0 0.0 101710.4800
2899.14 2899.14 0.0 101708.7659
2913.28 2913.28 0.0 101707.0594
2927.42 2927.42 0.0 101705.3605
2941.56 2941.56 0.0 101703.6710
2955.71 2955.71 0.0 101701.9868
2969.85 2969.85 0.0 101700.3133
2983.99 2983.99 0.0 101698.6472
2998.13 2998.13 0.0 101696.9907
3012.27 3012.27 0.0 101695.3425
3026.42 3026.42 0.0 101693.7014
3040.56 3040.56 0.0 101692.0706
3054.7 3054.7 0.0 101690.4484
3068.84 3068.84 0.0 101688.8352
3082.99 3082.99 0.0 101687.2290
3097.13 3097.13 0.0 101685.6332
3111.27 3111.27 0.0 101684.0469
3125.41 3125.41 0.0 101682.4693
3139.55 3139.55 0.0 101680.9001
3153.7 3153.7 0.0 101679.3392
3167.84 3167.84 0.0 101677.7884
3181.98 3181.98 0.0 101676.2464
3196.12 3196.12 0.0 101674.7135
3210.26 3210.26 0.0 101673.1893
3224.41 3224.41 0.0 101671.6730
3238.55 3238.55 0.0 101670.1663
3252.69 3252.69 0.0 101668.6685
3266.83 3266.83 0.0 101667.1801
3280.98 3280.98 0.0 101665.6987
3295.12 3295.12 0.0 101664.2280
3309.26 3309.26 0.0 101662.7646
3323.4 3323.4 0.0 101661.3105
3337.54 3337.54 0.0 101659.8644
3351.69 3351.69 0.0 101658.4265
3365.83 3365.83 0.0 101656.9977
3379.97 3379.97 0.0 101655.5761
3394.11 3394.11 0.0 101654.1638
3408.25 3408.25 0.0 101652.7589
3422.4 3422.4 0.0 101651.3618
3436.54 3436.54 0.0 101649.9731
3450.68 3450.68 0.0 101648.5922
3464.82 3464.82 0.0 101647.2189
3478.97 3478.97 0.0 101645.8524
3493.11 3493.11 0.0 101644.4951
3507.25 3507.25 0.0 101643.1448
3521.39 3521.39 0.0 101641.8013
3535.53 3535.53 0.0 101640.4656
3549.68 3549.68 0.0 101639.1355
3563.82 3563.82 0.0 101637.8141
3577.96 3577.96 0.0 101636.4997
3592.1 3592.1 0.0 101635.1914
3606.24 3606.24 0.0 101633.8903
3620.39 3620.39 0.0 101632.5950
3634.53 3634.53 0.0 101631.3069
3648.67 3648.67 0.0 101630.0251
3662.81 3662.81 0.0 101628.7503
3676.96 3676.96 0.0 101627.4803
3691.1 3691.1 0.0 101626.2168
3705.24 3705.24 0.0 101624.9597
3719.38 3719.38 0.0 101623.7090
3733.52 3733.52 0.0 101622.4637
3747.67 3747.67 0.0 101621.2231
3761.81 3761.81 0.0 101619.9897
3775.95 3775.95 0.0 101618.7608
3790.09 3790.09 0.0 101617.5373
3804.23 3804.23 0.0 101616.3195
3818.38 3818.38 0.0 101615.1058
3832.52 3832.52 0.0 101613.8981
3846.66 3846.66 0.0 101612.6954
3860.8 3860.8 0.0 101611.4980
3874.95 3874.95 0.0 101610.3045
3889.09 3889.09 0.0 101609.1160
3903.23 3903.23 0.0 101607.9329
3917.37 3917.37 0.0 101606.7537
3931.51 3931.51 0.0 101605.5797
3945.66 3945.66 0.0 101604.4081
3959.8 3959.8 0.0 101603.2423
3973.94 3973.94 0.0 101602.0808
3988.08 3988.08 0.0 101600.9233
4002.22 4002.22 0.0 101599.7699
4016.37 4016.37 0.0 101598.6198
4030.51 4030.51 0.0 101597.4742
4044.65 4044.65 0.0 101596.3324
4058.79 4058.79 0.0 101595.1943
4072.94 4072.94 0.0 101594.0592
4087.08 4087.08 0.0 101592.9286
4101.22 4101.22 0.0 101591.8015
4115.36 4115.36 0.0 101590.6776
4129.5 4129.5 0.0 101589.5579
4143.65 4143.65 0.0 101588.4400
4157.79 4157.79 0.0 101587.3265
4171.93 4171.93 0.0 101586.2165
4186.07 4186.07 0.0 101585.1092
4200.21 4200.21 0.0 101584.0053
4214.36 4214.36 0.0 101582.9034
4228.5 4228.5 0.0 101581.8057
4242.64 4242.64 0.0 101580.7111
