0.0 0.0 0.0 288413.1094
14.1421 14.1421 0.0 1217018.1250
28.2843 28.2843 0.0 1313587.0000
42.4264 42.4264 0.0 1320199.7500
56.5685 56.5685 0.0 1292970.7500
70.7107 70.7107 0.0 1250436.3750
84.8528 84.8528 0.0 1200773.8750
98.9949 98.9949 0.0 1148155.5625
113.137 113.137 0.0 1094895.8125
127.279 127.279 0.0 1042339.5625
141.421 141.421 0.0 991281.2500
155.563 155.563 0.0 942190.3125
169.706 169.706 0.0 895325.9375
183.848 183.848 0.0 850825.0625
197.99 197.99 0.0 808727.5000
212.132 212.132 0.0 769019.3750
226.274 226.274 0.0 731647.5625
240.416 240.416 0.0 696534.1250
254.558 254.558 0.0 663584.9375
268.701 268.701 0.0 632694.4375
282.843 282.843 0.0 603758.7188
296.985 296.985 0.0 576665.4062
311.127 311.127 0.0 551304.8438
325.269 325.269 0.0 527570.4688
339.411 339.411 0.0 505358.7500
353.553 353.553 0.0 484570.2500
367.696 367.696 0.0 465109.2500
381.838 381.838 0.0 446888.8750
395.98 395.98 0.0 429823.5312
410.122 410.122 0.0 413833.6875
424.264 424.264 0.0 398845.0312
438.406 438.406 0.0 384788.5000
452.548 452.548 0.0 371598.9375
466.69 466.69 0.0 359216.2031
480.833 480.833 0.0 347583.4062
494.975 494.975 0.0 336650.1719
509.117 509.117 0.0 326367.1719
523.259 523.259 0.0 316689.8906
537.401 537.401 0.0 307576.4844
551.543 551.543 0.0 298988.5781
565.685 565.685 0.0 290890.5469
579.828 579.828 0.0 283248.7031
593.97 593.97 0.0 276033.5781
608.112 608.112 0.0 269216.2656
622.254 622.254 0.0 262770.5312
636.396 636.396 0.0 256671.9688
650.538 650.538 0.0 250898.1562
664.68 664.68 0.0 245427.9531
678.823 678.823 0.0 240241.8281
692.965 692.965 0.0 235322.4062
707.107 707.107 0.0 230652.6250
721.249 721.249 0.0 226217.0078
735.391 735.391 0.0 222001.0938
749.533 749.533 0.0 217991.5078
763.675 763.675 0.0 214175.7891
777.817 777.817 0.0 210542.3359
791.96 791.96 0.0 207080.1484
806.102 806.102 0.0 203779.6406
820.244 820.244 0.0 200631.2188
834.386 834.386 0.0 197626.1094
848.528 848.528 0.0 194756.2109
862.67 862.67 0.0 192013.8359
876.812 876.812 0.0 189391.9922
890.955 890.955 0.0 186883.7422
905.097 905.097 0.0 184483.2734
919.239 919.239 0.0 182184.6172
933.381 933.381 0.0 179982.2812
947.523 947.523 0.0 177871.1953
961.665 961.665 0.0 175846.5312
975.807 975.807 0.0 173903.9141
989.949 989.949 0.0 172039.0156
1004.09 1004.09 0.0 170247.9922
1018.23 1018.23 0.0 168527.2344
1032.38 1032.38 0.0 166871.8906
1046.52 1046.52 0.0 165280.9844
1060.66 1060.66 0.0 163750.3125
1074.8 1074.8 0.0 162276.8945
1088.94 1088.94 0.0 160858.0430
1103.09 1103.09 0.0 159490.1758
1117.23 1117.23 0.0 158172.7969
1131.37 1131.37 0.0 156902.6445
1145.51 1145.51 0.0 155677.4844
1159.66 1159.66 0.0 154494.5039
1173.8 1173.8 0.0 153353.3945
1187.94 1187.94 0.0 152251.4727
1202.08 1202.08 0.0 151187.0312
1216.22 1216.22 0.0 150158.3555
1230.37 1230.37 0.0 149163.2461
1244.51 1244.51 0.0 148201.6484
1258.65 1258.65 0.0 147271.4141
1272.79 1272.79 0.0 146371.1992
1286.93 1286.93 0.0 145499.7773
1301.08 1301.08 0.0 144655.3359
1315.22 1315.22 0.0 143837.9375
1329.36 1329.36 0.0 143045.9375
1343.5 1343.5 0.0 142278.2344
1357.65 1357.65 0.0 141533.3594
1371.79 1371.79 0.0 140811.4727
1385.93 1385.93 0.0 140111.1133
1400.07 1400.07 0.0 139431.4570
1414.21 1414.21 0.0 138771.6680
1428.36 1428.36 0.0 138130.5742
1442.5 1442.5 0.0 137508.3359
1456.64 1456.64 0.0 136903.7891
1470.78 1470.78 0.0 136316.2734
1484.92 1484.92 0.0 135745.1641
1499.07 1499.07 0.0 135189.4531
1513.21 1513.21 0.0 134649.3516
1527.35 1527.35 0.0 134123.9062
1541.49 1541.49 0.0 133612.5859
1555.63 1555.63 0.0 133114.8906
1569.78 1569.78 0.0 132629.9922
1583.92 1583.92 0.0 132158.1074
1598.06 1598.06 0.0 131698.4512
1612.2 1612.2 0.0 131250.5898
1626.35 1626.35 0.0 130813.8359
1640.49 1640.49 0.0 130388.3906
1654.63 1654.63 0.0 129973.5742
1668.77 1668.77 0.0 129569.0215
1682.91 1682.91 0.0 129174.4004
1697.06 1697.06 0.0 128789.1250
1711.2 1711.2 0.0 128413.3750
1725.34 1725.34 0.0 128046.5957
1739.48 1739.48 0.0 127688.5020
1753.62 1753.62 0.0 127338.7969
1767.77 1767.77 0.0 126996.9902
1781.91 1781.91 0.0 126663.2734
1796.05 1796.05 0.0 126337.1797
1810.19 1810.19 0.0 126018.4668
1824.34 1824.34 0.0 125706.6914
1838.48 1838.48 0.0 125402.0508
1852.62 1852.62 0.0 125104.1211
1866.76 1866.76 0.0 124812.6738
1880.9 1880.9 0.0 124527.5430
1895.05 1895.05 0.0 124248.3301
1909.19 1909.19 0.0 123975.2207
1923.33 1923.33 0.0 123707.8652
1937.47 1937.47 0.0 123446.0879
1951.61 1951.61 0.0 123189.7188
1965.76 1965.76 0.0 122938.4180
1979.9 1979.9 0.0 122692.3984
1994.04 1994.04 0.0 122451.3223
2008.18 2008.18 0.0 122215.0488
2022.33 2022.33 0.0 121983.2832
2036.47 2036.47 0.0 121756.2168
2050.61 2050.61 0.0 121533.5469
2064.75 2064.75 0.0 121315.1445
2078.89 2078.89 0.0 121100.9082
2093.04 2093.04 0.0 120890.5703
2107.18 2107.18 0.0 120684.3066
2121.32 2121.32 0.0 120481.8691
2135.46 2135.46 0.0 120283.1230
2149.6 2149.6 0.0 120088.0156
2163.75 2163.75 0.0 119896.2734
2177.89 2177.89 0.0 119708.0898
2192.03 2192.03 0.0 119523.2285
2206.17 2206.17 0.0 119341.6133
2220.32 2220.32 0.0 119163.0098
2234.46 2234.46 0.0 118987.6250
2248.6 2248.6 0.0 118815.2129
2262.74 2262.74 0.0 118645.7324
2276.88 2276.88 0.0 118479.0625
2291.03 2291.03 0.0 118315.0488
2305.17 2305.17 0.0 118153.8418
2319.31 2319.31 0.0 117995.2559
2333.45 2333.45 0.0 117839.2285
2347.59 2347.59 0.0 117685.6943
2361.74 2361.74 0.0 117534.4814
2375.88 2375.88 0.0 117385.7344
2390.02 2390.02 0.0 117239.3242
2404.16 2404.16 0.0 117095.1426
2418.31 2418.31 0.0 116953.0645
2432.45 2432.45 0.0 116813.2461
2446.59 2446.59 0.0 116675.5029
2460.73 2460.73 0.0 116539.8184
2474.87 2474.87 0.0 116406.1172
2489.02 2489.02 0.0 116274.2812
2503.16 2503.16 0.0 116144.4375
2517.3 2517.3 0.0 116016.4512
2531.44 2531.44 0.0 115890.2725
2545.58 2545.58 0.0 115765.8809
2559.73 2559.73 0.0 115643.1328
2573.87 2573.87 0.0 115522.1553
2588.01 2588.01 0.0 115402.8438
2602.15 2602.15 0.0 115285.1504
2616.3 2616.3 0.0 115168.9521
2630.44 2630.44 0.0 115054.3828
2644.58 2644.58 0.0 114941.3438
2658.72 2658.72 0.0 114829.7793
2672.86 2672.86 0.0 114719.6602
2687.01 2687.01 0.0 114610.8877
2701.15 2701.15 0.0 114503.5918
2715.29 2715.29 0.0 114397.6328
2729.43 2729.43 0.0 114293.0186
2743.57 2743.57 0.0 114189.7168
2757.72 2757.72 0.0 114087.6221
2771.86 2771.86 0.0 113986.8467
2786.0 2786.0 0.0 113887.2900
2800.14 2800.14 0.0 113788.9482
2814.28 2814.28 0.0 113691.7842
2828.43 2828.43 0.0 113595.7090
2842.57 2842.57 0.0 113500.8359
2856.71 2856.71 0.0 113407.0762
2870.85 2870.85 0.0 113314.4170
2885.0 2885.0 0.0 113222.7490
2899.14 2899.14 0.0 113132.2041
2913.28 2913.28 0.0 113042.6992
2927.42 2927.42 0.0 112954.1904
2941.56 2941.56 0.0 112866.6953
2955.71 2955.71 0.0 112780.1035
2969.85 2969.85 0.0 112694.5371
2983.99 2983.99 0.0 112609.9160
2998.13 2998.13 0.0 112526.2178
3012.27 3012.27 0.0 112443.4336
3026.42 3026.42 0.0 112361.4766
3040.56 3040.56 0.0 112280.4688
3054.7 3054.7 0.0 112200.3203
3068.84 3068.84 0.0 112121.0273
3082.99 3082.99 0.0 112042.5098
3097.13 3097.13 0.0 111964.8818
3111.27 3111.27 0.0 111888.0615
3125.41 3125.41 0.0 111812.0322
3139.55 3139.55 0.0 111736.7900
3153.7 3153.7 0.0 111662.2705
3167.84 3167.84 0.0 111588.5596
3181.98 3181.98 0.0 111515.6084
3196.12 3196.12 0.0 111443.3828
3210.26 3210.26 0.0 111371.8877
3224.41 3224.41 0.0 111301.0566
3238.55 3238.55 0.0 111230.9980
3252.69 3252.69 0.0 111161.6162
3266.83 3266.83 0.0 111092.9229
3280.98 3280.98 0.0 111024.8535
3295.12 3295.12 0.0 110957.5029
3309.26 3309.26 0.0 110890.8076
3323.4 3323.4 0.0 110824.7588
3337.54 3337.54 0.0 110759.3408
3351.69 3351.69 0.0 110694.5244
3365.83 3365.83 0.0 110630.3574
3379.97 3379.97 0.0 110566.8125
3394.11 3394.11 0.0 110503.8604
3408.25 3408.25 0.0 110441.5127
3422.4 3422.4 0.0 110379.6992
3436.54 3436.54 0.0 110318.5283
3450.68 3450.68 0.0 110257.9131
3464.82 3464.82 0.0 110197.8682
3478.97 3478.97 0.0 110138.3438
3493.11 3493.11 0.0 110079.4033
3507.25 3507.25 0.0 110021.0088
3521.39 3521.39 0.0 109963.1562
3535.53 3535.53 0.0 109905.8311
3549.68 3549.68 0.0 109848.9893
3563.82 3563.82 0.0 109792.6982
3577.96 3577.96 0.0 109736.9316
3592.1 3592.1 0.0 109681.6641
3606.24 3606.24 0.0 109626.8926
3620.39 3620.39 0.0 109572.5723
3634.53 3634.53 0.0 109518.7783
3648.67 3648.67 0.0 109465.4595
3662.81 3662.81 0.0 109412.6221
3676.96 3676.96 0.0 109360.2202
3691.1 3691.1 0.0 109308.3091
3705.24 3705.24 0.0 109256.8574
3719.38 3719.38 0.0 109205.8574
3733.52 3733.52 0.0 109155.3076
3747.67 3747.67 0.0 109105.1631
3761.81 3761.81 0.0 109055.4917
3775.95 3775.95 0.0 109006.2461
3790.09 3790.09 0.0 108957.4360
3804.23 3804.23 0.0 108909.0430
3818.38 3818.38 0.0 108861.0273
3832.52 3832.52 0.0 108813.4604
3846.66 3846.66 0.0 108766.3057
3860.8 3860.8 0.0 108719.5518
3874.95 3874.95 0.0 108673.1577
3889.09 3889.09 0.0 108627.1953
3903.23 3903.23 0.0 108581.6123
3917.37 3917.37 0.0 108536.4263
3931.51 3931.51 0.0 108491.6123
3945.66 3945.66 0.0 108447.1543
3959.8 3959.8 0.0 108403.0815
3973.94 3973.94 0.0 108359.3911
3988.08 3988.08 0.0 108316.0552
4002.22 4002.22 0.0 108273.0747
4016.37 4016.37 0.0 108230.4238
4030.51 4030.51 0.0 108188.1606
4044.65 4044.65 0.0 108146.2329
4058.79 4058.79 0.0 108104.6533
4072.94 4072.94 0.0 108063.3848
4087.08 4087.08 0.0 108022.4844
4101.22 4101.22 0.0 107981.9072
4115.36 4115.36 0.0 107941.6665
4129.5 4129.5 0.0 107901.7456
4143.65 4143.65 0.0 107862.1216
4157.79 4157.79 0.0 107822.8428
4171.93 4171.93 0.0 107783.8735
4186.07 4186.07 0.0 107745.2158
4200.21 4200.21 0.0 107706.8628
4214.36 4214.36 0.0 107668.7944
4228.5 4228.5 0.0 107631.0464
4242.64 4242.64 0.0 107593.5986
