0.0 0.0 0.0 452410.8125
70.7107 70.7107 0.0 197861.4297
141.421 141.421 0.0 125819.0801
212.132 212.132 0.0 112563.2031
282.843 282.843 0.0 107824.3188
353.553 353.553 0.0 105585.4131
424.264 424.264 0.0 104351.2290
494.975 494.975 0.0 103600.5242
565.685 565.685 0.0 103111.5112
636.396 636.396 0.0 102776.4563
707.107 707.107 0.0 102537.8427
777.817 777.817 0.0 102362.6633
848.528 848.528 0.0 102230.8727
919.239 919.239 0.0 102129.7369
989.949 989.949 0.0 102050.8417
1060.66 1060.66 0.0 101988.4444
1131.37 1131.37 0.0 101938.5125
1202.08 1202.08 0.0 101898.1334
1272.79 1272.79 0.0 101865.1603
1343.5 1343.5 0.0 101837.9701
1414.21 1414.21 0.0 101815.3118
1484.92 1484.92 0.0 101796.2064
1555.63 1555.63 0.0 101779.8732
1626.35 1626.35 0.0 101765.6846
1697.06 1697.06 0.0 101753.1401
1767.77 1767.77 0.0 101741.8307
1838.48 1838.48 0.0 101731.4343
1909.19 1909.19 0.0 101721.6975
1979.9 1979.9 0.0 101712.4304
2050.61 2050.61 0.0 101703.4937
2121.32 2121.32 0.0 101694.7928
2192.03 2192.03 0.0 101686.2694
2262.74 2262.74 0.0 101677.8920
2333.45 2333.45 0.0 101669.6523
2404.16 2404.16 0.0 101661.5536
2474.87 2474.87 0.0 101653.6082
2545.58 2545.58 0.0 101645.8319
2616.3 2616.3 0.0 101638.2397
2687.01 2687.01 0.0 101630.8470
2757.72 2757.72 0.0 101623.6608
2828.43 2828.43 0.0 101616.6866
2899.14 2899.14 0.0 101609.9244
2969.85 2969.85 0.0 101603.3702
3040.56 3040.56 0.0 101597.0152
3111.27 3111.27 0.0 101590.8489
3181.98 3181.98 0.0 101584.8588
3252.69 3252.69 0.0 101579.0297
3323.4 3323.4 0.0 101573.3473
3394.11 3394.11 0.0 101567.7962
3464.82 3464.82 0.0 101562.3621
3535.53 3535.53 0.0 101557.0305
3606.24 3606.24 0.0 101551.7896
3676.96 3676.96 0.0 101546.6268
3747.67 3747.67 0.0 101541.5330
3818.38 3818.38 0.0 101536.4998
3889.09 3889.09 0.0 101531.5192
3959.8 3959.8 0.0 101526.5857
4030.51 4030.51 0.0 101521.6951
4101.22 4101.22 0.0 101516.8442
4171.93 4171.93 0.0 101512.0308
4242.64 4242.64 0.0 101507.2541
4313.35 4313.35 0.0 101502.5139
4384.06 4384.06 0.0 101497.8116
4454.77 4454.77 0.0 101493.1481
4525.48 4525.48 0.0 101488.5255
4596.19 4596.19 0.0 101483.9468
4666.9 4666.9 0.0 101479.4146
4737.62 4737.62 0.0 101474.9315
4808.33 4808.33 0.0 101470.5019
4879.04 4879.04 0.0 101466.1286
4949.75 4949.75 0.0 101461.8155
5020.46 5020.46 0.0 101457.5659
5091.17 5091.17 0.0 101453.3829
5161.88 5161.88 0.0 101449.2698
5232.59 5232.59 0.0 101445.2298
5303.3 5303.3 0.0 101441.2655
5374.01 5374.01 0.0 101437.3796
5444.72 5444.72 0.0 101433.5745
5515.43 5515.43 0.0 101429.8525
5586.14 5586.14 0.0 101426.2150
5656.85 5656.85 0.0 101422.6638
5727.56 5727.56 0.0 101419.2002
5798.28 5798.28 0.0 101415.8246
5868.99 5868.99 0.0 101412.5388
5939.7 5939.7 0.0 101409.3427
6010.41 6010.41 0.0 101406.2364
6081.12 6081.12 0.0 101403.2200
6151.83 6151.83 0.0 101400.2932
6222.54 6222.54 0.0 101397.4555
6293.25 6293.25 0.0 101394.7064
6363.96 6363.96 0.0 101392.0448
6434.67 6434.67 0.0 101389.4698
6505.38 6505.38 0.0 101386.9800
6576.09 6576.09 0.0 101384.5746
6646.8 6646.8 0.0 101382.2514
6717.51 6717.51 0.0 101380.0094
6788.23 6788.23 0.0 101377.8463
6858.94 6858.94 0.0 101375.7612
6929.65 6929.65 0.0 101373.7519
7000.36 7000.36 0.0 101371.8164
7071.07 7071.07 0.0 101369.9528
7141.78 7141.78 0.0 101368.1592
7212.49 7212.49 0.0 101366.4336
7283.2 7283.2 0.0 101364.7739
7353.91 7353.91 0.0 101363.1782
7424.62 7424.62 0.0 101361.6444
7495.33 7495.33 0.0 101360.1704
7566.04 7566.04 0.0 101358.7545
7636.75 7636.75 0.0 101357.3944
7707.46 7707.46 0.0 101356.0883
7778.17 7778.17 0.0 101354.8342
