0.0 0.0 0.0 203638.4766
14.1421 14.1421 0.0 198049.2109
28.2843 28.2843 0.0 189940.3281
42.4264 42.4264 0.0 182592.4609
56.5685 56.5685 0.0 176054.3750
70.7107 70.7107 0.0 170223.6484
84.8528 84.8528 0.0 165000.4336
98.9949 98.9949 0.0 160301.0938
113.137 113.137 0.0 156056.8203
127.279 127.279 0.0 152210.6133
141.421 141.421 0.0 148714.8047
155.563 155.563 0.0 145529.0391
169.706 169.706 0.0 142618.7539
183.848 183.848 0.0 139954.7695
197.99 197.99 0.0 137511.2500
212.132 212.132 0.0 135265.8594
226.274 226.274 0.0 133199.0312
240.416 240.416 0.0 131293.5254
254.558 254.558 0.0 129534.1387
268.701 268.701 0.0 127907.2930
282.843 282.843 0.0 126401.1621
296.985 296.985 0.0 125004.9199
311.127 311.127 0.0 123708.9707
325.269 325.269 0.0 122504.7051
339.411 339.411 0.0 121384.3906
353.553 353.553 0.0 120341.0684
367.696 367.696 0.0 119368.3477
381.838 381.838 0.0 118460.7031
395.98 395.98 0.0 117612.8730
410.122 410.122 0.0 116820.1953
424.264 424.264 0.0 116078.4033
438.406 438.406 0.0 115383.6191
452.548 452.548 0.0 114732.3174
466.69 466.69 0.0 114121.2568
480.833 480.833 0.0 113547.4775
494.975 494.975 0.0 113008.3330
509.117 509.117 0.0 112501.3193
523.259 523.259 0.0 112024.1709
537.401 537.401 0.0 111574.7891
551.543 551.543 0.0 111151.2881
565.685 565.685 0.0 110751.8662
579.828 579.828 0.0 110374.9082
593.97 593.97 0.0 110018.9365
608.112 608.112 0.0 109682.5537
622.254 622.254 0.0 109364.4922
636.396 636.396 0.0 109063.5596
650.538 650.538 0.0 108778.6641
664.68 664.68 0.0 108508.7915
678.823 678.823 0.0 108252.9805
692.965 692.965 0.0 108010.4062
707.107 707.107 0.0 107780.2305
721.249 721.249 0.0 107561.7070
735.391 735.391 0.0 107354.1372
749.533 749.533 0.0 107156.8599
763.675 763.675 0.0 106969.2769
777.817 777.817 0.0 106790.8208
791.96 791.96 0.0 106620.9487
806.102 806.102 0.0 106459.2017
820.244 820.244 0.0 106305.0996
834.386 834.386 0.0 106158.2217
848.528 848.528 0.0 106018.1562
862.67 862.67 0.0 105884.5322
876.812 876.812 0.0 105757.0000
890.955 890.955 0.0 105635.2192
905.097 905.097 0.0 105518.8989
919.239 919.239 0.0 105407.7388
933.381 933.381 0.0 105301.4712
947.523 947.523 0.0 105199.8342
961.665 961.665 0.0 105102.5981
975.807 975.807 0.0 105009.5232
989.949 989.949 0.0 104920.4104
1004.09 1004.09 0.0 104835.0627
1018.23 1018.23 0.0 104753.2893
1032.38 1032.38 0.0 104674.8557
1046.52 1046.52 0.0 104599.7007
1060.66 1060.66 0.0 104527.6191
1074.8 1074.8 0.0 104458.4565
1088.94 1088.94 0.0 104392.0730
1103.09 1103.09 0.0 104328.2976
1117.23 1117.23 0.0 104267.0911
1131.37 1131.37 0.0 104208.2905
1145.51 1145.51 0.0 104151.7856
1159.66 1159.66 0.0 104097.4331
1173.8 1173.8 0.0 104045.2083
1187.94 1187.94 0.0 103994.9802
1202.08 1202.08 0.0 103946.6587
1216.22 1216.22 0.0 103900.1582
1230.37 1230.37 0.0 103855.3669
1244.51 1244.51 0.0 103812.2749
1258.65 1258.65 0.0 103770.7722
1272.79 1272.79 0.0 103730.7986
1286.93 1286.93 0.0 103692.2810
1301.08 1301.08 0.0 103655.1340
1315.22 1315.22 0.0 103619.3540
1329.36 1329.36 0.0 103584.8564
1343.5 1343.5 0.0 103551.5889
1357.65 1357.65 0.0 103519.4736
1371.79 1371.79 0.0 103488.5159
1385.93 1385.93 0.0 103458.6416
1400.07 1400.07 0.0 103429.8088
1414.21 1414.21 0.0 103401.9771
1428.36 1428.36 0.0 103375.0818
1442.5 1442.5 0.0 103349.1323
1456.64 1456.64 0.0 103324.0676
1470.78 1470.78 0.0 103299.8533
1484.92 1484.92 0.0 103276.4600
1499.07 1499.07 0.0 103253.8358
1513.21 1513.21 0.0 103231.9851
1527.35 1527.35 0.0 103210.8649
1541.49 1541.49 0.0 103190.4432
1555.63 1555.63 0.0 103170.6979
1569.78 1569.78 0.0 103151.5867
1583.92 1583.92 0.0 103133.1169
1598.06 1598.06 0.0 103115.2472
1612.2 1612.2 0.0 103097.9603
1626.35 1626.35 0.0 103081.2191
1640.49 1640.49 0.0 103065.0312
1654.63 1654.63 0.0 103049.3605
1668.77 1668.77 0.0 103034.1915
1682.91 1682.91 0.0 103019.5070
1697.06 1697.06 0.0 103005.2733
1711.2 1711.2 0.0 102991.5015
1725.34 1725.34 0.0 102978.1646
1739.48 1739.48 0.0 102965.2435
1753.62 1753.62 0.0 102952.7267
1767.77 1767.77 0.0 102940.5909
1781.91 1781.91 0.0 102928.8390
1796.05 1796.05 0.0 102917.4470
1810.19 1810.19 0.0 102906.4071
1824.34 1824.34 0.0 102895.6952
1838.48 1838.48 0.0 102885.3190
1852.62 1852.62 0.0 102875.2557
1866.76 1866.76 0.0 102865.4979
1880.9 1880.9 0.0 102856.0305
1895.05 1895.05 0.0 102846.8418
1909.19 1909.19 0.0 102837.9316
1923.33 1923.33 0.0 102829.2856
1937.47 1937.47 0.0 102820.8936
1951.61 1951.61 0.0 102812.7477
1965.76 1965.76 0.0 102804.8328
1979.9 1979.9 0.0 102797.1543
1994.04 1994.04 0.0 102789.6969
2008.18 2008.18 0.0 102782.4518
2022.33 2022.33 0.0 102775.4082
2036.47 2036.47 0.0 102768.5680
2050.61 2050.61 0.0 102761.9187
2064.75 2064.75 0.0 102755.4554
2078.89 2078.89 0.0 102749.1707
2093.04 2093.04 0.0 102743.0532
2107.18 2107.18 0.0 102737.1074
2121.32 2121.32 0.0 102731.3212
2135.46 2135.46 0.0 102725.6895
2149.6 2149.6 0.0 102720.2059
2163.75 2163.75 0.0 102714.8617
2177.89 2177.89 0.0 102709.6606
2192.03 2192.03 0.0 102704.5922
2206.17 2206.17 0.0 102699.6527
2220.32 2220.32 0.0 102694.8344
2234.46 2234.46 0.0 102690.1373
2248.6 2248.6 0.0 102685.5564
2262.74 2262.74 0.0 102681.0839
2276.88 2276.88 0.0 102676.7188
2291.03 2291.03 0.0 102672.4531
2305.17 2305.17 0.0 102668.2880
2319.31 2319.31 0.0 102664.2198
2333.45 2333.45 0.0 102660.2391
2347.59 2347.59 0.0 102656.3484
2361.74 2361.74 0.0 102652.5371
2375.88 2375.88 0.0 102648.8126
2390.02 2390.02 0.0 102645.1646
2404.16 2404.16 0.0 102641.5898
2418.31 2418.31 0.0 102638.0848
2432.45 2432.45 0.0 102634.6523
2446.59 2446.59 0.0 102631.2854
2460.73 2460.73 0.0 102627.9817
2474.87 2474.87 0.0 102624.7390
2489.02 2489.02 0.0 102621.5533
2503.16 2503.16 0.0 102618.4252
2517.3 2517.3 0.0 102615.3508
2531.44 2531.44 0.0 102612.3290
2545.58 2545.58 0.0 102609.3572
2559.73 2559.73 0.0 102606.4282
2573.87 2573.87 0.0 102603.5505
2588.01 2588.01 0.0 102600.7151
2602.15 2602.15 0.0 102597.9193
2616.3 2616.3 0.0 102595.1672
2630.44 2630.44 0.0 102592.4523
2644.58 2644.58 0.0 102589.7747
2658.72 2658.72 0.0 102587.1327
2672.86 2672.86 0.0 102584.5265
2687.01 2687.01 0.0 102581.9492
2701.15 2701.15 0.0 102579.4067
2715.29 2715.29 0.0 102576.8933
2729.43 2729.43 0.0 102574.4110
2743.57 2743.57 0.0 102571.9563
2757.72 2757.72 0.0 102569.5259
2771.86 2771.86 0.0 102567.1239
2786.0 2786.0 0.0 102564.7454
2800.14 2800.14 0.0 102562.3922
2814.28 2814.28 0.0 102560.0635
2828.43 2828.43 0.0 102557.7542
2842.57 2842.57 0.0 102555.4689
2856.71 2856.71 0.0 102553.2046
2870.85 2870.85 0.0 102550.9580
2885.0 2885.0 0.0 102548.7324
2899.14 2899.14 0.0 102546.5271
2913.28 2913.28 0.0 102544.3397
2927.42 2927.42 0.0 102542.1713
2941.56 2941.56 0.0 102540.0177
2955.71 2955.71 0.0 102537.8818
2969.85 2969.85 0.0 102535.7626
2983.99 2983.99 0.0 102533.6624
2998.13 2998.13 0.0 102531.5751
3012.27 3012.27 0.0 102529.5046
3026.42 3026.42 0.0 102527.4469
3040.56 3040.56 0.0 102525.4052
3054.7 3054.7 0.0 102523.3789
3068.84 3068.84 0.0 102521.3652
3082.99 3082.99 0.0 102519.3658
3097.13 3097.13 0.0 102517.3805
3111.27 3111.27 0.0 102515.4097
3125.41 3125.41 0.0 102513.4507
3139.55 3139.55 0.0 102511.5063
3153.7 3153.7 0.0 102509.5730
3167.84 3167.84 0.0 102507.6541
3181.98 3181.98 0.0 102505.7461
3196.12 3196.12 0.0 102503.8531
3210.26 3210.26 0.0 102501.9703
3224.41 3224.41 0.0 102500.0985
3238.55 3238.55 0.0 102498.2424
3252.69 3252.69 0.0 102496.3959
3266.83 3266.83 0.0 102494.5625
3280.98 3280.98 0.0 102492.7390
3295.12 3295.12 0.0 102490.9296
3309.26 3309.26 0.0 102489.1292
3323.4 3323.4 0.0 102487.3435
3337.54 3337.54 0.0 102485.5685
3351.69 3351.69 0.0 102483.8016
3365.83 3365.83 0.0 102482.0485
3379.97 3379.97 0.0 102480.3063
3394.11 3394.11 0.0 102478.5759
3408.25 3408.25 0.0 102476.8560
3422.4 3422.4 0.0 102475.1445
3436.54 3436.54 0.0 102473.4467
3450.68 3450.68 0.0 102471.7589
3464.82 3464.82 0.0 102470.0807
3478.97 3478.97 0.0 102468.4132
3493.11 3493.11 0.0 102466.7567
3507.25 3507.25 0.0 102465.1108
3521.39 3521.39 0.0 102463.4750
3535.53 3535.53 0.0 102461.8485
3549.68 3549.68 0.0 102460.2319
3563.82 3563.82 0.0 102458.6250
3577.96 3577.96 0.0 102457.0282
3592.1 3592.1 0.0 102455.4426
3606.24 3606.24 0.0 102453.8652
3620.39 3620.39 0.0 102452.2949
3634.53 3634.53 0.0 102450.7347
3648.67 3648.67 0.0 102449.1854
3662.81 3662.81 0.0 102447.6436
3676.96 3676.96 0.0 102446.1091
3691.1 3691.1 0.0 102444.5852
3705.24 3705.24 0.0 102443.0682
3719.38 3719.38 0.0 102441.5618
3733.52 3733.52 0.0 102440.0614
3747.67 3747.67 0.0 102438.5669
3761.81 3761.81 0.0 102437.0840
3775.95 3775.95 0.0 102435.6053
3790.09 3790.09 0.0 102434.1370
3804.23 3804.23 0.0 102432.6732
3818.38 3818.38 0.0 102431.2167
3832.52 3832.52 0.0 102429.7668
3846.66 3846.66 0.0 102428.3231
3860.8 3860.8 0.0 102426.8868
3874.95 3874.95 0.0 102425.4559
3889.09 3889.09 0.0 102424.0303
3903.23 3903.23 0.0 102422.6096
3917.37 3917.37 0.0 102421.1962
3931.51 3931.51 0.0 102419.7865
3945.66 3945.66 0.0 102418.3809
3959.8 3959.8 0.0 102416.9816
3973.94 3973.94 0.0 102415.5867
3988.08 3988.08 0.0 102414.1947
4002.22 4002.22 0.0 102412.8090
4016.37 4016.37 0.0 102411.4247
4030.51 4030.51 0.0 102410.0442
4044.65 4044.65 0.0 102408.6674
4058.79 4058.79 0.0 102407.2935
4072.94 4072.94 0.0 102405.9213
4087.08 4087.08 0.0 102404.5525
4101.22 4101.22 0.0 102403.1859
4115.36 4115.36 0.0 102401.8214
4129.5 4129.5 0.0 102400.4587
4143.65 4143.65 0.0 102399.0977
4157.79 4157.79 0.0 102397.7368
4171.93 4171.93 0.0 102396.3788
4186.07 4186.07 0.0 102395.0200
4200.21 4200.21 0.0 102393.6619
4214.36 4214.36 0.0 102392.3019
4228.5 4228.5 0.0 102390.9452
4242.64 4242.64 0.0 102389.5886
