0.0 0.0 0.0 279889.1875
14.1421 14.1421 0.0 940892.8750
28.2843 28.2843 0.0 1111248.8125
42.4264 42.4264 0.0 1205198.3750
56.5685 56.5685 0.0 1262376.7500
70.7107 70.7107 0.0 1297752.0000
84.8528 84.8528 0.0 1318774.6250
98.9949 98.9949 0.0 1329730.8750
113.137 113.137 0.0 1333322.5000
127.279 127.279 0.0 1331368.3750
141.421 141.421 0.0 1325147.8750
155.563 155.563 0.0 1315596.5000
169.706 169.706 0.0 1303417.0000
183.848 183.848 0.0 1289154.7500
197.99 197.99 0.0 1273234.0000
212.132 212.132 0.0 1255994.0000
226.274 226.274 0.0 1237711.8750
240.416 240.416 0.0 1218610.2500
254.558 254.558 0.0 1198876.6250
268.701 268.701 0.0 1178664.7500
282.843 282.843 0.0 1158108.3750
296.985 296.985 0.0 1137314.7500
311.127 311.127 0.0 1116379.0000
325.269 325.269 0.0 1095379.8750
339.411 339.411 0.0 1074385.8750
353.553 353.553 0.0 1053456.0000
367.696 367.696 0.0 1032638.5000
381.838 381.838 0.0 1011979.1875
395.98 395.98 0.0 991513.5625
410.122 410.122 0.0 971273.8750
424.264 424.264 0.0 951286.9375
438.406 438.406 0.0 931575.4375
452.548 452.548 0.0 912159.3750
466.69 466.69 0.0 893055.4375
480.833 480.833 0.0 874275.3125
494.975 494.975 0.0 855833.1875
509.117 509.117 0.0 837736.7500
523.259 523.259 0.0 819993.8750
537.401 537.401 0.0 802608.6875
551.543 551.543 0.0 785586.3125
565.685 565.685 0.0 768929.0000
579.828 579.828 0.0 752636.8750
593.97 593.97 0.0 736712.5625
608.112 608.112 0.0 721154.4375
622.254 622.254 0.0 705960.5625
636.396 636.396 0.0 691128.9375
650.538 650.538 0.0 676656.7500
664.68 664.68 0.0 662540.1875
678.823 678.823 0.0 648774.5000
692.965 692.965 0.0 635356.8125
707.107 707.107 0.0 622281.5625
721.249 721.249 0.0 609543.0625
735.391 735.391 0.0 597136.2188
749.533 749.533 0.0 585055.0000
763.675 763.675 0.0 573293.2500
777.817 777.817 0.0 561845.0625
791.96 791.96 0.0 550703.2188
806.102 806.102 0.0 539862.9062
820.244 820.244 0.0 529316.5000
834.386 834.386 0.0 519057.8125
848.528 848.528 0.0 509080.1875
862.67 862.67 0.0 499376.8125
876.812 876.812 0.0 489941.1875
890.955 890.955 0.0 480766.0938
905.097 905.097 0.0 471846.3438
919.239 919.239 0.0 463174.5625
933.381 933.381 0.0 454744.6250
947.523 947.523 0.0 446549.9375
961.665 961.665 0.0 438584.2188
975.807 975.807 0.0 430841.3125
989.949 989.949 0.0 423315.2812
1004.09 1004.09 0.0 416000.4062
1018.23 1018.23 0.0 408890.9062
1032.38 1032.38 0.0 401975.6250
1046.52 1046.52 0.0 395258.6875
1060.66 1060.66 0.0 388729.5938
1074.8 1074.8 0.0 382382.9688
1088.94 1088.94 0.0 376213.5000
1103.09 1103.09 0.0 370211.7812
1117.23 1117.23 0.0 364381.4062
1131.37 1131.37 0.0 358713.0000
1145.51 1145.51 0.0 353201.8281
1159.66 1159.66 0.0 347839.4688
1173.8 1173.8 0.0 342629.0000
1187.94 1187.94 0.0 337562.1406
1202.08 1202.08 0.0 332634.5156
1216.22 1216.22 0.0 327842.0000
1230.37 1230.37 0.0 323177.3125
1244.51 1244.51 0.0 318643.0000
1258.65 1258.65 0.0 314231.8750
1272.79 1272.79 0.0 309940.4219
1286.93 1286.93 0.0 305764.7188
1301.08 1301.08 0.0 301698.6719
1315.22 1315.22 0.0 297744.4844
1329.36 1329.36 0.0 293895.9375
1343.5 1343.5 0.0 290149.9688
1357.65 1357.65 0.0 286500.7812
1371.79 1371.79 0.0 282950.5781
1385.93 1385.93 0.0 279493.7812
1400.07 1400.07 0.0 276127.7031
1414.21 1414.21 0.0 272849.4688
1428.36 1428.36 0.0 269654.2500
1442.5 1442.5 0.0 266544.0312
1456.64 1456.64 0.0 263513.9688
1470.78 1470.78 0.0 260561.6875
1484.92 1484.92 0.0 257684.8281
1499.07 1499.07 0.0 254879.2500
1513.21 1513.21 0.0 252146.6719
1527.35 1527.35 0.0 249483.0156
1541.49 1541.49 0.0 246886.1562
1555.63 1555.63 0.0 244354.1562
1569.78 1569.78 0.0 241883.4219
1583.92 1583.92 0.0 239475.5000
1598.06 1598.06 0.0 237126.8750
1612.2 1612.2 0.0 234835.8438
1626.35 1626.35 0.0 232599.0312
1640.49 1640.49 0.0 230418.0938
1654.63 1654.63 0.0 228289.8047
1668.77 1668.77 0.0 226212.6719
1682.91 1682.91 0.0 224185.1484
1697.06 1697.06 0.0 222204.4297
1711.2 1711.2 0.0 220272.0078
1725.34 1725.34 0.0 218385.0000
1739.48 1739.48 0.0 216542.2500
1753.62 1753.62 0.0 214742.3828
1767.77 1767.77 0.0 212983.0703
1781.91 1781.91 0.0 211265.4609
1796.05 1796.05 0.0 209587.2500
1810.19 1810.19 0.0 207947.3672
1824.34 1824.34 0.0 206343.5781
1838.48 1838.48 0.0 204777.0859
1852.62 1852.62 0.0 203245.7969
1866.76 1866.76 0.0 201748.6797
1880.9 1880.9 0.0 200284.8125
1895.05 1895.05 0.0 198852.2891
1909.19 1909.19 0.0 197452.2656
1923.33 1923.33 0.0 196082.8438
1937.47 1937.47 0.0 194743.1719
1951.61 1951.61 0.0 193432.4766
1965.76 1965.76 0.0 192149.0312
1979.9 1979.9 0.0 190893.9844
1994.04 1994.04 0.0 189665.6016
2008.18 2008.18 0.0 188463.1953
2022.33 2022.33 0.0 187285.2891
2036.47 2036.47 0.0 186132.8359
2050.61 2050.61 0.0 185004.3438
2064.75 2064.75 0.0 183899.2031
2078.89 2078.89 0.0 182816.7891
2093.04 2093.04 0.0 181755.7969
2107.18 2107.18 0.0 180717.1328
2121.32 2121.32 0.0 179699.4766
2135.46 2135.46 0.0 178702.3203
2149.6 2149.6 0.0 177725.0781
2163.75 2163.75 0.0 176766.6250
2177.89 2177.89 0.0 175827.8203
2192.03 2192.03 0.0 174907.4297
2206.17 2206.17 0.0 174005.1172
2220.32 2220.32 0.0 173119.7031
2234.46 2234.46 0.0 172252.0547
2248.6 2248.6 0.0 171401.0547
2262.74 2262.74 0.0 170566.3438
2276.88 2276.88 0.0 169747.5312
2291.03 2291.03 0.0 168943.6016
2305.17 2305.17 0.0 168155.3594
2319.31 2319.31 0.0 167381.8594
2333.45 2333.45 0.0 166622.7461
2347.59 2347.59 0.0 165877.6484
2361.74 2361.74 0.0 165145.7344
2375.88 2375.88 0.0 164427.6758
2390.02 2390.02 0.0 163722.6953
2404.16 2404.16 0.0 163030.4336
2418.31 2418.31 0.0 162350.1445
2432.45 2432.45 0.0 161682.4492
2446.59 2446.59 0.0 161026.6328
2460.73 2460.73 0.0 160382.3828
2474.87 2474.87 0.0 159749.4141
2489.02 2489.02 0.0 159127.0781
2503.16 2503.16 0.0 158515.9688
2517.3 2517.3 0.0 157915.3867
2531.44 2531.44 0.0 157325.0977
2545.58 2545.58 0.0 156744.9023
2559.73 2559.73 0.0 156174.1211
2573.87 2573.87 0.0 155613.3477
2588.01 2588.01 0.0 155061.9922
2602.15 2602.15 0.0 154519.7930
2616.3 2616.3 0.0 153986.2266
2630.44 2630.44 0.0 153461.7812
2644.58 2644.58 0.0 152945.9336
2658.72 2658.72 0.0 152438.4883
2672.86 2672.86 0.0 151939.2656
2687.01 2687.01 0.0 151447.7070
2701.15 2701.15 0.0 150964.3633
2715.29 2715.29 0.0 150488.6992
2729.43 2729.43 0.0 150020.5664
2743.57 2743.57 0.0 149559.7695
2757.72 2757.72 0.0 149105.8789
2771.86 2771.86 0.0 148659.3320
2786.0 2786.0 0.0 148219.7031
2800.14 2800.14 0.0 147786.8047
2814.28 2814.28 0.0 147360.5352
2828.43 2828.43 0.0 146940.4336
2842.57 2842.57 0.0 146526.9688
2856.71 2856.71 0.0 146119.7031
2870.85 2870.85 0.0 145718.5312
2885.0 2885.0 0.0 145323.0078
2899.14 2899.14 0.0 144933.6211
2913.28 2913.28 0.0 144549.9219
2927.42 2927.42 0.0 144171.8398
2941.56 2941.56 0.0 143799.2266
2955.71 2955.71 0.0 143431.7383
2969.85 2969.85 0.0 143069.7539
2983.99 2983.99 0.0 142712.9766
2998.13 2998.13 0.0 142361.2266
3012.27 3012.27 0.0 142014.4180
3026.42 3026.42 0.0 141672.2539
3040.56 3040.56 0.0 141335.0898
3054.7 3054.7 0.0 141002.6289
3068.84 3068.84 0.0 140674.7070
3082.99 3082.99 0.0 140351.0977
3097.13 3097.13 0.0 140032.1016
3111.27 3111.27 0.0 139717.4570
3125.41 3125.41 0.0 139407.0391
3139.55 3139.55 0.0 139100.7812
3153.7 3153.7 0.0 138798.3984
3167.84 3167.84 0.0 138500.2500
3181.98 3181.98 0.0 138206.0352
3196.12 3196.12 0.0 137915.7070
3210.26 3210.26 0.0 137629.1484
3224.41 3224.41 0.0 137346.1055
3238.55 3238.55 0.0 137066.9453
3252.69 3252.69 0.0 136791.3594
3266.83 3266.83 0.0 136519.3242
3280.98 3280.98 0.0 136250.5312
3295.12 3295.12 0.0 135985.3320
3309.26 3309.26 0.0 135723.4727
3323.4 3323.4 0.0 135464.9258
3337.54 3337.54 0.0 135209.5781
3351.69 3351.69 0.0 134957.2383
3365.83 3365.83 0.0 134708.1680
3379.97 3379.97 0.0 134462.1797
3394.11 3394.11 0.0 134219.2070
3408.25 3408.25 0.0 133979.1621
3422.4 3422.4 0.0 133741.8574
3436.54 3436.54 0.0 133507.6191
3450.68 3450.68 0.0 133276.1602
3464.82 3464.82 0.0 133047.4785
3478.97 3478.97 0.0 132821.3418
3493.11 3493.11 0.0 132598.0488
3507.25 3507.25 0.0 132377.3750
3521.39 3521.39 0.0 132159.2949
3535.53 3535.53 0.0 131943.7598
3549.68 3549.68 0.0 131730.5645
3563.82 3563.82 0.0 131520.0098
3577.96 3577.96 0.0 131311.8398
3592.1 3592.1 0.0 131106.0781
3606.24 3606.24 0.0 130902.6465
3620.39 3620.39 0.0 130701.4121
3634.53 3634.53 0.0 130502.5684
3648.67 3648.67 0.0 130305.9785
3662.81 3662.81 0.0 130111.5918
3676.96 3676.96 0.0 129919.2383
3691.1 3691.1 0.0 129729.1387
3705.24 3705.24 0.0 129541.1758
3719.38 3719.38 0.0 129355.2637
3733.52 3733.52 0.0 129171.3965
3747.67 3747.67 0.0 128989.4082
3761.81 3761.81 0.0 128809.5293
3775.95 3775.95 0.0 128631.6133
3790.09 3790.09 0.0 128455.6074
3804.23 3804.23 0.0 128281.4980
3818.38 3818.38 0.0 128109.1289
3832.52 3832.52 0.0 127938.7266
3846.66 3846.66 0.0 127770.1250
3860.8 3860.8 0.0 127603.3184
3874.95 3874.95 0.0 127438.1504
3889.09 3889.09 0.0 127274.8301
3903.23 3903.23 0.0 127113.2266
3917.37 3917.37 0.0 126953.2812
3931.51 3931.51 0.0 126795.0488
3945.66 3945.66 0.0 126638.2910
3959.8 3959.8 0.0 126483.2930
3973.94 3973.94 0.0 126329.8672
3988.08 3988.08 0.0 126178.0234
4002.22 4002.22 0.0 126027.7207
4016.37 4016.37 0.0 125878.8262
4030.51 4030.51 0.0 125731.5703
4044.65 4044.65 0.0 125585.7715
4058.79 4058.79 0.0 125441.4668
4072.94 4072.94 0.0 125298.4883
4087.08 4087.08 0.0 125157.0312
4101.22 4101.22 0.0 125016.9785
4115.36 4115.36 0.0 124878.3086
4129.5 4129.5 0.0 124741.0195
4143.65 4143.65 0.0 124604.9824
4157.79 4157.79 0.0 124470.3672
4171.93 4171.93 0.0 124337.0527
4186.07 4186.07 0.0 124205.0469
4200.21 4200.21 0.0 124074.3086
4214.36 4214.36 0.0 123944.7598
4228.5 4228.5 0.0 123816.5488
4242.64 4242.64 0.0 123689.5469
