0.0 0.0 0.0 298720.0938
14.1421 14.1421 0.0 1342697.1250
28.2843 28.2843 0.0 1016115.5000
42.4264 42.4264 0.0 772689.7500
56.5685 56.5685 0.0 603017.5312
70.7107 70.7107 0.0 484709.6250
84.8528 84.8528 0.0 400941.1875
98.9949 98.9949 0.0 340423.9531
113.137 113.137 0.0 295770.1406
127.279 127.279 0.0 262138.0781
141.421 141.421 0.0 236315.1719
155.563 155.563 0.0 216134.9453
169.706 169.706 0.0 200108.1406
183.848 183.848 0.0 187195.4141
197.99 197.99 0.0 176653.4297
212.132 212.132 0.0 167944.3672
226.274 226.274 0.0 160671.9453
240.416 240.416 0.0 154539.9453
254.558 254.558 0.0 149323.7656
268.701 268.701 0.0 144850.5703
282.843 282.843 0.0 140986.9180
296.985 296.985 0.0 137627.0078
311.127 311.127 0.0 134687.1836
325.269 325.269 0.0 132100.3516
339.411 339.411 0.0 129812.2266
353.553 353.553 0.0 127778.5391
367.696 367.696 0.0 125962.8301
381.838 381.838 0.0 124335.2305
395.98 395.98 0.0 122870.5176
410.122 410.122 0.0 121547.6504
424.264 424.264 0.0 120348.8926
438.406 438.406 0.0 119259.1719
452.548 452.548 0.0 118265.6777
466.69 466.69 0.0 117357.3906
480.833 480.833 0.0 116524.8145
494.975 494.975 0.0 115759.8525
509.117 509.117 0.0 115055.3594
523.259 523.259 0.0 114405.1289
537.401 537.401 0.0 113803.7598
551.543 551.543 0.0 113246.4824
565.685 565.685 0.0 112729.1006
579.828 579.828 0.0 112247.8936
593.97 593.97 0.0 111799.6484
608.112 608.112 0.0 111381.4170
622.254 622.254 0.0 110990.5898
636.396 636.396 0.0 110624.8467
650.538 650.538 0.0 110282.1084
664.68 664.68 0.0 109960.5078
678.823 678.823 0.0 109658.3359
692.965 692.965 0.0 109374.1201
707.107 707.107 0.0 109106.4678
721.249 721.249 0.0 108854.1318
735.391 735.391 0.0 108615.9980
749.533 749.533 0.0 108391.0181
763.675 763.675 0.0 108178.2695
777.817 777.817 0.0 107976.9043
791.96 791.96 0.0 107786.1270
806.102 806.102 0.0 107605.2480
820.244 820.244 0.0 107433.5977
834.386 834.386 0.0 107270.5728
848.528 848.528 0.0 107115.6230
862.67 862.67 0.0 106968.2412
876.812 876.812 0.0 106827.9565
890.955 890.955 0.0 106694.3301
905.097 905.097 0.0 106566.9688
919.239 919.239 0.0 106445.4956
933.381 933.381 0.0 106329.5747
947.523 947.523 0.0 106218.8809
961.665 961.665 0.0 106113.1128
975.807 975.807 0.0 106012.0024
989.949 989.949 0.0 105915.2881
1004.09 1004.09 0.0 105822.7388
1018.23 1018.23 0.0 105734.1274
1032.38 1032.38 0.0 105649.1816
1046.52 1046.52 0.0 105567.8286
1060.66 1060.66 0.0 105489.8198
1074.8 1074.8 0.0 105414.9861
1088.94 1088.94 0.0 105343.1685
1103.09 1103.09 0.0 105274.1733
1117.23 1117.23 0.0 105207.9458
1131.37 1131.37 0.0 105144.3130
1145.51 1145.51 0.0 105083.1467
1159.66 1159.66 0.0 105024.2888
1173.8 1173.8 0.0 104967.7102
1187.94 1187.94 0.0 104913.2656
1202.08 1202.08 0.0 104860.8604
1216.22 1216.22 0.0 104810.3950
1230.37 1230.37 0.0 104761.7512
1244.51 1244.51 0.0 104714.9180
1258.65 1258.65 0.0 104669.7756
1272.79 1272.79 0.0 104626.2549
1286.93 1286.93 0.0 104584.2800
1301.08 1301.08 0.0 104543.7571
1315.22 1315.22 0.0 104504.6877
1329.36 1329.36 0.0 104466.9744
1343.5 1343.5 0.0 104430.5576
1357.65 1357.65 0.0 104395.3691
1371.79 1371.79 0.0 104361.3999
1385.93 1385.93 0.0 104328.5776
1400.07 1400.07 0.0 104296.8501
1414.21 1414.21 0.0 104266.1794
1428.36 1428.36 0.0 104236.5012
1442.5 1442.5 0.0 104207.8140
1456.64 1456.64 0.0 104180.0588
1470.78 1470.78 0.0 104153.1992
1484.92 1484.92 0.0 104127.2017
1499.07 1499.07 0.0 104102.0088
1513.21 1513.21 0.0 104077.6277
1527.35 1527.35 0.0 104054.0154
1541.49 1541.49 0.0 104031.1321
1555.63 1555.63 0.0 104008.9519
1569.78 1569.78 0.0 103987.4375
1583.92 1583.92 0.0 103966.5872
1598.06 1598.06 0.0 103946.3655
1612.2 1612.2 0.0 103926.7454
1626.35 1626.35 0.0 103907.6926
1640.49 1640.49 0.0 103889.2092
1654.63 1654.63 0.0 103871.2603
1668.77 1668.77 0.0 103853.8269
1682.91 1682.91 0.0 103836.8887
1697.06 1697.06 0.0 103820.4167
1711.2 1711.2 0.0 103804.4124
1725.34 1725.34 0.0 103788.8499
1739.48 1739.48 0.0 103773.7126
1753.62 1753.62 0.0 103758.9824
1767.77 1767.77 0.0 103744.6333
1781.91 1781.91 0.0 103730.6711
1796.05 1796.05 0.0 103717.0696
1810.19 1810.19 0.0 103703.8193
1824.34 1824.34 0.0 103690.8923
1838.48 1838.48 0.0 103678.2979
1852.62 1852.62 0.0 103666.0088
1866.76 1866.76 0.0 103654.0178
1880.9 1880.9 0.0 103642.3132
1895.05 1895.05 0.0 103630.8743
1909.19 1909.19 0.0 103619.7058
1923.33 1923.33 0.0 103608.7893
1937.47 1937.47 0.0 103598.1140
1951.61 1951.61 0.0 103587.6716
1965.76 1965.76 0.0 103577.4460
1979.9 1979.9 0.0 103567.4370
1994.04 1994.04 0.0 103557.6367
2008.18 2008.18 0.0 103548.0312
2022.33 2022.33 0.0 103538.6106
2036.47 2036.47 0.0 103529.3748
2050.61 2050.61 0.0 103520.3110
2064.75 2064.75 0.0 103511.4138
2078.89 2078.89 0.0 103502.6750
2093.04 2093.04 0.0 103494.0818
2107.18 2107.18 0.0 103485.6406
2121.32 2121.32 0.0 103477.3369
2135.46 2135.46 0.0 103469.1648
2149.6 2149.6 0.0 103461.1238
2163.75 2163.75 0.0 103453.1970
2177.89 2177.89 0.0 103445.3906
2192.03 2192.03 0.0 103437.6980
2206.17 2206.17 0.0 103430.1089
2220.32 2220.32 0.0 103422.6194
2234.46 2234.46 0.0 103415.2278
2248.6 2248.6 0.0 103407.9314
2262.74 2262.74 0.0 103400.7217
2276.88 2276.88 0.0 103393.6001
2291.03 2291.03 0.0 103386.5491
2305.17 2305.17 0.0 103379.5828
2319.31 2319.31 0.0 103372.6885
2333.45 2333.45 0.0 103365.8682
2347.59 2347.59 0.0 103359.1133
2361.74 2361.74 0.0 103352.4171
2375.88 2375.88 0.0 103345.7872
2390.02 2390.02 0.0 103339.2166
2404.16 2404.16 0.0 103332.7026
2418.31 2418.31 0.0 103326.2355
2432.45 2432.45 0.0 103319.8242
2446.59 2446.59 0.0 103313.4657
2460.73 2460.73 0.0 103307.1520
2474.87 2474.87 0.0 103300.8828
2489.02 2489.02 0.0 103294.6541
2503.16 2503.16 0.0 103288.4713
2517.3 2517.3 0.0 103282.3271
2531.44 2531.44 0.0 103276.2247
2545.58 2545.58 0.0 103270.1571
2559.73 2559.73 0.0 103264.1230
2573.87 2573.87 0.0 103258.1270
2588.01 2588.01 0.0 103252.1632
2602.15 2602.15 0.0 103246.2317
2616.3 2616.3 0.0 103240.3264
2630.44 2630.44 0.0 103234.4567
2644.58 2644.58 0.0 103228.6185
2658.72 2658.72 0.0 103222.8063
2672.86 2672.86 0.0 103217.0236
2687.01 2687.01 0.0 103211.2629
2701.15 2701.15 0.0 103205.5323
2715.29 2715.29 0.0 103199.8290
2729.43 2729.43 0.0 103194.1500
2743.57 2743.57 0.0 103188.4954
2757.72 2757.72 0.0 103182.8647
2771.86 2771.86 0.0 103177.2582
2786.0 2786.0 0.0 103171.6758
2800.14 2800.14 0.0 103166.1171
2814.28 2814.28 0.0 103160.5813
2828.43 2828.43 0.0 103155.0630
2842.57 2842.57 0.0 103149.5725
2856.71 2856.71 0.0 103144.1045
2870.85 2870.85 0.0 103138.6572
2885.0 2885.0 0.0 103133.2280
2899.14 2899.14 0.0 103127.8252
2913.28 2913.28 0.0 103122.4404
2927.42 2927.42 0.0 103117.0802
2941.56 2941.56 0.0 103111.7375
2955.71 2955.71 0.0 103106.4152
2969.85 2969.85 0.0 103101.1162
2983.99 2983.99 0.0 103095.8348
2998.13 2998.13 0.0 103090.5781
3012.27 3012.27 0.0 103085.3406
3026.42 3026.42 0.0 103080.1167
3040.56 3040.56 0.0 103074.9176
3054.7 3054.7 0.0 103069.7405
3068.84 3068.84 0.0 103064.5812
3082.99 3082.99 0.0 103059.4371
3097.13 3097.13 0.0 103054.3181
3111.27 3111.27 0.0 103049.2159
3125.41 3125.41 0.0 103044.1353
3139.55 3139.55 0.0 103039.0713
3153.7 3153.7 0.0 103034.0254
3167.84 3167.84 0.0 103028.9999
3181.98 3181.98 0.0 103023.9934
3196.12 3196.12 0.0 103019.0073
3210.26 3210.26 0.0 103014.0364
3224.41 3224.41 0.0 103009.0826
3238.55 3238.55 0.0 103004.1473
3252.69 3252.69 0.0 102999.2321
3266.83 3266.83 0.0 102994.3353
3280.98 3280.98 0.0 102989.4496
3295.12 3295.12 0.0 102984.5858
3309.26 3309.26 0.0 102979.7380
3323.4 3323.4 0.0 102974.9069
3337.54 3337.54 0.0 102970.0929
3351.69 3351.69 0.0 102965.2928
3365.83 3365.83 0.0 102960.5114
3379.97 3379.97 0.0 102955.7433
3394.11 3394.11 0.0 102950.9906
3408.25 3408.25 0.0 102946.2562
3422.4 3422.4 0.0 102941.5310
3436.54 3436.54 0.0 102936.8259
3450.68 3450.68 0.0 102932.1313
3464.82 3464.82 0.0 102927.4518
3478.97 3478.97 0.0 102922.7875
3493.11 3493.11 0.0 102918.1338
3507.25 3507.25 0.0 102913.4937
3521.39 3521.39 0.0 102908.8700
3535.53 3535.53 0.0 102904.2545
3549.68 3549.68 0.0 102899.6501
3563.82 3563.82 0.0 102895.0614
3577.96 3577.96 0.0 102890.4810
3592.1 3592.1 0.0 102885.9138
3606.24 3606.24 0.0 102881.3577
3620.39 3620.39 0.0 102876.8083
3634.53 3634.53 0.0 102872.2699
3648.67 3648.67 0.0 102867.7440
3662.81 3662.81 0.0 102863.2271
3676.96 3676.96 0.0 102858.7139
3691.1 3691.1 0.0 102854.2152
3705.24 3705.24 0.0 102849.7217
3719.38 3719.38 0.0 102845.2373
3733.52 3733.52 0.0 102840.7615
3747.67 3747.67 0.0 102836.2903
3761.81 3761.81 0.0 102831.8265
3775.95 3775.95 0.0 102827.3717
3790.09 3790.09 0.0 102822.9214
3804.23 3804.23 0.0 102818.4785
3818.38 3818.38 0.0 102814.0363
3832.52 3832.52 0.0 102809.6042
3846.66 3846.66 0.0 102805.1741
3860.8 3860.8 0.0 102800.7523
3874.95 3874.95 0.0 102796.3282
3889.09 3889.09 0.0 102791.9125
3903.23 3903.23 0.0 102787.5002
3917.37 3917.37 0.0 102783.0901
3931.51 3931.51 0.0 102778.6849
3945.66 3945.66 0.0 102774.2781
3959.8 3959.8 0.0 102769.8762
3973.94 3973.94 0.0 102765.4773
3988.08 3988.08 0.0 102761.0782
4002.22 4002.22 0.0 102756.6836
4016.37 4016.37 0.0 102752.2841
4030.51 4030.51 0.0 102747.8900
4044.65 4044.65 0.0 102743.4979
4058.79 4058.79 0.0 102739.1045
4072.94 4072.94 0.0 102734.7085
4087.08 4087.08 0.0 102730.3143
4101.22 4101.22 0.0 102725.9218
4115.36 4115.36 0.0 102721.5269
4129.5 4129.5 0.0 102717.1312
4143.65 4143.65 0.0 102712.7334
4157.79 4157.79 0.0 102708.3339
4171.93 4171.93 0.0 102703.9355
4186.07 4186.07 0.0 102699.5355
4200.21 4200.21 0.0 102695.1318
4214.36 4214.36 0.0 102690.7244
4228.5 4228.5 0.0 102686.3171
4242.64 4242.64 0.0 102681.9081
