0.0 0.0 0.0 201395.6406
14.1421 14.1421 0.0 200560.6953
28.2843 28.2843 0.0 198075.6953
42.4264 42.4264 0.0 195017.7734
56.5685 56.5685 0.0 191876.2656
70.7107 70.7107 0.0 188775.8281
84.8528 84.8528 0.0 185759.0312
98.9949 98.9949 0.0 182841.7422
113.137 113.137 0.0 180029.0078
127.279 127.279 0.0 177321.1172
141.421 141.421 0.0 174716.1328
155.563 155.563 0.0 172211.0547
169.706 169.706 0.0 169802.2734
183.848 183.848 0.0 167486.4453
197.99 197.99 0.0 165259.7227
212.132 212.132 0.0 163118.4961
226.274 226.274 0.0 161059.2500
240.416 240.416 0.0 159078.5391
254.558 254.558 0.0 157173.1953
268.701 268.701 0.0 155339.9023
282.843 282.843 0.0 153576.0156
296.985 296.985 0.0 151878.5234
311.127 311.127 0.0 150244.6992
325.269 325.269 0.0 148671.9883
339.411 339.411 0.0 147157.9023
353.553 353.553 0.0 145700.0664
367.696 367.696 0.0 144296.1406
381.838 381.838 0.0 142944.1328
395.98 395.98 0.0 141641.9336
410.122 410.122 0.0 140387.5039
424.264 424.264 0.0 139178.9844
438.406 438.406 0.0 138014.5625
452.548 452.548 0.0 136892.5039
466.69 466.69 0.0 135811.1523
480.833 480.833 0.0 134768.8281
494.975 494.975 0.0 133764.1582
509.117 509.117 0.0 132795.6191
523.259 523.259 0.0 131861.8066
537.401 537.401 0.0 130961.3711
551.543 551.543 0.0 130093.0137
565.685 565.685 0.0 129255.5312
579.828 579.828 0.0 128447.6289
593.97 593.97 0.0 127668.3535
608.112 608.112 0.0 126916.4844
622.254 622.254 0.0 126191.0293
636.396 636.396 0.0 125490.9434
650.538 650.538 0.0 124815.2793
664.68 664.68 0.0 124163.1074
678.823 678.823 0.0 123533.5020
692.965 692.965 0.0 122925.6914
707.107 707.107 0.0 122338.8066
721.249 721.249 0.0 121772.0723
735.391 735.391 0.0 121224.6992
749.533 749.533 0.0 120696.0234
763.675 763.675 0.0 120185.2852
777.817 777.817 0.0 119691.8379
791.96 791.96 0.0 119215.0176
806.102 806.102 0.0 118754.2383
820.244 820.244 0.0 118308.9160
834.386 834.386 0.0 117878.4512
848.528 848.528 0.0 117462.3115
862.67 862.67 0.0 117059.9463
876.812 876.812 0.0 116670.8848
890.955 890.955 0.0 116294.5801
905.097 905.097 0.0 115930.6357
919.239 919.239 0.0 115578.5820
933.381 933.381 0.0 115237.9648
947.523 947.523 0.0 114908.3984
961.665 961.665 0.0 114589.4580
975.807 975.807 0.0 114280.7676
989.949 989.949 0.0 113981.9570
1004.09 1004.09 0.0 113692.6982
1018.23 1018.23 0.0 113412.6387
1032.38 1032.38 0.0 113141.2637
1046.52 1046.52 0.0 112878.6191
1060.66 1060.66 0.0 112624.2119
1074.8 1074.8 0.0 112377.7549
1088.94 1088.94 0.0 112138.9521
1103.09 1103.09 0.0 111907.4053
1117.23 1117.23 0.0 111683.1475
1131.37 1131.37 0.0 111465.7979
1145.51 1145.51 0.0 111255.0781
1159.66 1159.66 0.0 111050.6445
1173.8 1173.8 0.0 110852.5479
1187.94 1187.94 0.0 110660.4336
1202.08 1202.08 0.0 110474.0908
1216.22 1216.22 0.0 110293.3242
1230.37 1230.37 0.0 110117.8291
1244.51 1244.51 0.0 109947.6602
1258.65 1258.65 0.0 109782.5166
1272.79 1272.79 0.0 109622.2266
1286.93 1286.93 0.0 109466.6313
1301.08 1301.08 0.0 109315.4600
1315.22 1315.22 0.0 109168.7866
1329.36 1329.36 0.0 109026.3398
1343.5 1343.5 0.0 108887.9893
1357.65 1357.65 0.0 108753.5088
1371.79 1371.79 0.0 108622.9395
1385.93 1385.93 0.0 108496.0845
1400.07 1400.07 0.0 108372.7964
1414.21 1414.21 0.0 108252.9805
1428.36 1428.36 0.0 108136.4243
1442.5 1442.5 0.0 108023.1914
1456.64 1456.64 0.0 107913.0928
1470.78 1470.78 0.0 107806.0269
1484.92 1484.92 0.0 107701.9077
1499.07 1499.07 0.0 107600.5454
1513.21 1513.21 0.0 107502.0156
1527.35 1527.35 0.0 107406.1416
1541.49 1541.49 0.0 107312.8560
1555.63 1555.63 0.0 107222.0591
1569.78 1569.78 0.0 107133.6182
1583.92 1583.92 0.0 107047.5854
1598.06 1598.06 0.0 106963.8262
1612.2 1612.2 0.0 106882.2617
1626.35 1626.35 0.0 106802.7671
1640.49 1640.49 0.0 106725.3931
1654.63 1654.63 0.0 106650.0278
1668.77 1668.77 0.0 106576.5957
1682.91 1682.91 0.0 106505.0435
1697.06 1697.06 0.0 106435.2656
1711.2 1711.2 0.0 106367.3003
1725.34 1725.34 0.0 106301.0508
1739.48 1739.48 0.0 106236.4644
1753.62 1753.62 0.0 106173.4839
1767.77 1767.77 0.0 106112.0225
1781.91 1781.91 0.0 106052.1245
1796.05 1796.05 0.0 105993.6963
1810.19 1810.19 0.0 105936.6997
1824.34 1824.34 0.0 105881.0430
1838.48 1838.48 0.0 105826.7681
1852.62 1852.62 0.0 105773.8018
1866.76 1866.76 0.0 105722.1001
1880.9 1880.9 0.0 105671.6289
1895.05 1895.05 0.0 105622.3145
1909.19 1909.19 0.0 105574.1948
1923.33 1923.33 0.0 105527.1968
1937.47 1937.47 0.0 105481.2954
1951.61 1951.61 0.0 105436.4531
1965.76 1965.76 0.0 105392.6123
1979.9 1979.9 0.0 105349.8037
1994.04 1994.04 0.0 105307.9673
2008.18 2008.18 0.0 105267.0774
2022.33 2022.33 0.0 105227.0742
2036.47 2036.47 0.0 105187.9946
2050.61 2050.61 0.0 105149.7793
2064.75 2064.75 0.0 105112.4094
2078.89 2078.89 0.0 105075.8577
2093.04 2093.04 0.0 105040.0789
2107.18 2107.18 0.0 105005.0996
2121.32 2121.32 0.0 104970.8723
2135.46 2135.46 0.0 104937.3752
2149.6 2149.6 0.0 104904.5928
2163.75 2163.75 0.0 104872.4756
2177.89 2177.89 0.0 104841.0559
2192.03 2192.03 0.0 104810.2925
2206.17 2206.17 0.0 104780.1624
2220.32 2220.32 0.0 104750.6353
2234.46 2234.46 0.0 104721.7283
2248.6 2248.6 0.0 104693.4082
2262.74 2262.74 0.0 104665.6572
2276.88 2276.88 0.0 104638.4602
2291.03 2291.03 0.0 104611.7874
2305.17 2305.17 0.0 104585.6580
2319.31 2319.31 0.0 104560.0396
2333.45 2333.45 0.0 104534.9182
2347.59 2347.59 0.0 104510.2815
2361.74 2361.74 0.0 104486.1016
2375.88 2375.88 0.0 104462.3975
2390.02 2390.02 0.0 104439.1375
2404.16 2404.16 0.0 104416.3091
2418.31 2418.31 0.0 104393.8975
2432.45 2432.45 0.0 104371.9060
2446.59 2446.59 0.0 104350.3186
2460.73 2460.73 0.0 104329.1270
2474.87 2474.87 0.0 104308.3079
2489.02 2489.02 0.0 104287.8516
2503.16 2503.16 0.0 104267.7708
2517.3 2517.3 0.0 104248.0415
2531.44 2531.44 0.0 104228.6516
2545.58 2545.58 0.0 104209.5991
2559.73 2559.73 0.0 104190.8569
2573.87 2573.87 0.0 104172.4465
2588.01 2588.01 0.0 104154.3457
2602.15 2602.15 0.0 104136.5466
2616.3 2616.3 0.0 104119.0261
2630.44 2630.44 0.0 104101.8037
2644.58 2644.58 0.0 104084.8621
2658.72 2658.72 0.0 104068.1907
2672.86 2672.86 0.0 104051.7874
2687.01 2687.01 0.0 104035.6294
2701.15 2701.15 0.0 104019.7363
2715.29 2715.29 0.0 104004.0857
2729.43 2729.43 0.0 103988.6765
2743.57 2743.57 0.0 103973.5010
2757.72 2757.72 0.0 103958.5447
2771.86 2771.86 0.0 103943.8174
2786.0 2786.0 0.0 103929.3113
2800.14 2800.14 0.0 103915.0151
2814.28 2814.28 0.0 103900.9246
2828.43 2828.43 0.0 103887.0278
2842.57 2842.57 0.0 103873.3359
2856.71 2856.71 0.0 103859.8379
2870.85 2870.85 0.0 103846.5264
2885.0 2885.0 0.0 103833.3862
2899.14 2899.14 0.0 103820.4392
2913.28 2913.28 0.0 103807.6631
2927.42 2927.42 0.0 103795.0593
2941.56 2941.56 0.0 103782.6213
2955.71 2955.71 0.0 103770.3389
2969.85 2969.85 0.0 103758.2209
2983.99 2983.99 0.0 103746.2634
2998.13 2998.13 0.0 103734.4539
3012.27 3012.27 0.0 103722.7944
3026.42 3026.42 0.0 103711.2734
3040.56 3040.56 0.0 103699.8967
3054.7 3054.7 0.0 103688.6680
3068.84 3068.84 0.0 103677.5681
3082.99 3082.99 0.0 103666.5964
3097.13 3097.13 0.0 103655.7578
3111.27 3111.27 0.0 103645.0522
3125.41 3125.41 0.0 103634.4683
3139.55 3139.55 0.0 103624.0073
3153.7 3153.7 0.0 103613.6589
3167.84 3167.84 0.0 103603.4326
3181.98 3181.98 0.0 103593.3215
3196.12 3196.12 0.0 103583.3223
3210.26 3210.26 0.0 103573.4319
3224.41 3224.41 0.0 103563.6414
3238.55 3238.55 0.0 103553.9668
3252.69 3252.69 0.0 103544.3918
3266.83 3266.83 0.0 103534.9192
3280.98 3280.98 0.0 103525.5413
3295.12 3295.12 0.0 103516.2639
3309.26 3309.26 0.0 103507.0825
3323.4 3323.4 0.0 103497.9956
3337.54 3337.54 0.0 103489.0012
3351.69 3351.69 0.0 103480.0911
3365.83 3365.83 0.0 103471.2751
3379.97 3379.97 0.0 103462.5417
3394.11 3394.11 0.0 103453.8965
3408.25 3408.25 0.0 103445.3337
3422.4 3422.4 0.0 103436.8479
3436.54 3436.54 0.0 103428.4487
3450.68 3450.68 0.0 103420.1292
3464.82 3464.82 0.0 103411.8860
3478.97 3478.97 0.0 103403.7148
3493.11 3493.11 0.0 103395.6230
3507.25 3507.25 0.0 103387.6062
3521.39 3521.39 0.0 103379.6611
3535.53 3535.53 0.0 103371.7874
3549.68 3549.68 0.0 103363.9752
3563.82 3563.82 0.0 103356.2413
3577.96 3577.96 0.0 103348.5730
3592.1 3592.1 0.0 103340.9702
3606.24 3606.24 0.0 103333.4343
3620.39 3620.39 0.0 103325.9552
3634.53 3634.53 0.0 103318.5475
3648.67 3648.67 0.0 103311.2014
3662.81 3662.81 0.0 103303.9143
3676.96 3676.96 0.0 103296.6837
3691.1 3691.1 0.0 103289.5144
3705.24 3705.24 0.0 103282.4075
3719.38 3719.38 0.0 103275.3568
3733.52 3733.52 0.0 103268.3611
3747.67 3747.67 0.0 103261.4155
3761.81 3761.81 0.0 103254.5305
3775.95 3775.95 0.0 103247.7002
3790.09 3790.09 0.0 103240.9196
3804.23 3804.23 0.0 103234.1947
3818.38 3818.38 0.0 103227.5134
3832.52 3832.52 0.0 103220.8870
3846.66 3846.66 0.0 103214.3097
3860.8 3860.8 0.0 103207.7822
3874.95 3874.95 0.0 103201.2996
3889.09 3889.09 0.0 103194.8652
3903.23 3903.23 0.0 103188.4792
3917.37 3917.37 0.0 103182.1401
3931.51 3931.51 0.0 103175.8453
3945.66 3945.66 0.0 103169.5892
3959.8 3959.8 0.0 103163.3809
3973.94 3973.94 0.0 103157.2159
3988.08 3988.08 0.0 103151.0951
4002.22 4002.22 0.0 103145.0131
4016.37 4016.37 0.0 103138.9683
4030.51 4030.51 0.0 103132.9688
4044.65 4044.65 0.0 103127.0079
4058.79 4058.79 0.0 103121.0862
4072.94 4072.94 0.0 103115.1995
4087.08 4087.08 0.0 103109.3516
4101.22 4101.22 0.0 103103.5455
4115.36 4115.36 0.0 103097.7712
4129.5 4129.5 0.0 103092.0356
4143.65 4143.65 0.0 103086.3304
4157.79 4157.79 0.0 103080.6637
4171.93 4171.93 0.0 103075.0302
4186.07 4186.07 0.0 103069.4313
4200.21 4200.21 0.0 103063.8636
4214.36 4214.36 0.0 103058.3268
4228.5 4228.5 0.0 103052.8252
4242.64 4242.64 0.0 103047.3539
