0.0 0.0 0.0 357290.7344
14.1421 14.1421 0.0 2586907.7500
28.2843 28.2843 0.0 2058401.7500
42.4264 42.4264 0.0 1626899.8750
56.5685 56.5685 0.0 1294975.1250
70.7107 70.7107 0.0 1042635.5625
84.8528 84.8528 0.0 851272.5625
98.9949 98.9949 0.0 705805.1875
113.137 113.137 0.0 594574.9375
127.279 127.279 0.0 508807.7500
141.421 141.421 0.0 442010.2500
155.563 155.563 0.0 389418.8750
169.706 169.706 0.0 347546.0469
183.848 183.848 0.0 313841.2500
197.99 197.99 0.0 286416.7812
212.132 212.132 0.0 263873.0156
226.274 226.274 0.0 245161.3750
240.416 240.416 0.0 229488.9375
254.558 254.558 0.0 216250.3594
268.701 268.701 0.0 204978.2734
282.843 282.843 0.0 195311.1562
296.985 296.985 0.0 186962.9531
311.127 311.127 0.0 179707.8750
325.269 325.269 0.0 173365.3594
339.411 339.411 0.0 167790.0391
353.553 353.553 0.0 162863.9727
367.696 367.696 0.0 158490.3711
381.838 381.838 0.0 154590.5391
395.98 395.98 0.0 151098.2969
410.122 410.122 0.0 147958.8555
424.264 424.264 0.0 145126.2148
438.406 438.406 0.0 142561.6211
452.548 452.548 0.0 140232.2227
466.69 466.69 0.0 138110.0273
480.833 480.833 0.0 136170.9180
494.975 494.975 0.0 134394.5977
509.117 509.117 0.0 132763.1230
523.259 523.259 0.0 131261.0859
537.401 537.401 0.0 129875.0820
551.543 551.543 0.0 128593.3516
565.685 565.685 0.0 127405.6562
579.828 579.828 0.0 126302.9043
593.97 593.97 0.0 125277.2461
608.112 608.112 0.0 124321.5527
622.254 622.254 0.0 123429.5664
636.396 636.396 0.0 122595.7188
650.538 650.538 0.0 121815.0273
664.68 664.68 0.0 121083.0723
678.823 678.823 0.0 120395.7832
692.965 692.965 0.0 119749.6875
707.107 707.107 0.0 119141.4941
721.249 721.249 0.0 118568.2969
735.391 735.391 0.0 118027.4492
749.533 749.533 0.0 117516.5586
763.675 763.675 0.0 117033.4375
777.817 777.817 0.0 116576.1133
791.96 791.96 0.0 116142.7686
806.102 806.102 0.0 115731.7998
820.244 820.244 0.0 115341.6641
834.386 834.386 0.0 114970.9814
848.528 848.528 0.0 114618.4912
862.67 862.67 0.0 114283.0205
876.812 876.812 0.0 113963.4922
890.955 890.955 0.0 113658.9141
905.097 905.097 0.0 113368.3984
919.239 919.239 0.0 113091.0703
933.381 933.381 0.0 112826.1807
947.523 947.523 0.0 112572.9863
961.665 961.665 0.0 112330.8076
975.807 975.807 0.0 112099.0371
989.949 989.949 0.0 111877.0840
1004.09 1004.09 0.0 111664.4277
1018.23 1018.23 0.0 111460.5693
1032.38 1032.38 0.0 111264.8740
1046.52 1046.52 0.0 111077.1895
1060.66 1060.66 0.0 110896.9609
1074.8 1074.8 0.0 110723.8213
1088.94 1088.94 0.0 110557.3906
1103.09 1103.09 0.0 110397.2266
1117.23 1117.23 0.0 110243.2363
1131.37 1131.37 0.0 110095.0283
1145.51 1145.51 0.0 109952.3027
1159.66 1159.66 0.0 109814.7051
1173.8 1173.8 0.0 109682.1924
1187.94 1187.94 0.0 109554.4268
1202.08 1202.08 0.0 109431.1870
1216.22 1216.22 0.0 109312.2729
1230.37 1230.37 0.0 109197.4028
1244.51 1244.51 0.0 109086.5635
1258.65 1258.65 0.0 108979.4858
1272.79 1272.79 0.0 108876.0059
1286.93 1286.93 0.0 108775.9771
1301.08 1301.08 0.0 108679.1816
1315.22 1315.22 0.0 108585.6094
1329.36 1329.36 0.0 108495.0630
1343.5 1343.5 0.0 108407.4146
1357.65 1357.65 0.0 108322.4766
1371.79 1371.79 0.0 108240.2686
1385.93 1385.93 0.0 108160.6143
1400.07 1400.07 0.0 108083.4033
1414.21 1414.21 0.0 108008.5479
1428.36 1428.36 0.0 107935.9014
1442.5 1442.5 0.0 107865.4712
1456.64 1456.64 0.0 107797.1187
1470.78 1470.78 0.0 107730.7744
1484.92 1484.92 0.0 107666.3496
1499.07 1499.07 0.0 107603.7290
1513.21 1513.21 0.0 107542.9307
1527.35 1527.35 0.0 107483.8403
1541.49 1541.49 0.0 107426.3940
1555.63 1555.63 0.0 107370.5259
1569.78 1569.78 0.0 107316.1475
1583.92 1583.92 0.0 107263.2725
1598.06 1598.06 0.0 107211.8037
1612.2 1612.2 0.0 107161.6929
1626.35 1626.35 0.0 107112.8564
1640.49 1640.49 0.0 107065.3096
1654.63 1654.63 0.0 107018.9731
1668.77 1668.77 0.0 106973.8091
1682.91 1682.91 0.0 106929.7651
1697.06 1697.06 0.0 106886.7773
1711.2 1711.2 0.0 106844.8633
1725.34 1725.34 0.0 106803.9575
1739.48 1739.48 0.0 106764.0166
1753.62 1753.62 0.0 106725.0078
1767.77 1767.77 0.0 106686.8745
1781.91 1781.91 0.0 106649.6377
1796.05 1796.05 0.0 106613.2300
1810.19 1810.19 0.0 106577.6348
1824.34 1824.34 0.0 106542.7822
1838.48 1838.48 0.0 106508.7109
1852.62 1852.62 0.0 106475.3604
1866.76 1866.76 0.0 106442.6963
1880.9 1880.9 0.0 106410.7031
1895.05 1895.05 0.0 106379.3398
1909.19 1909.19 0.0 106348.6157
1923.33 1923.33 0.0 106318.4897
1937.47 1937.47 0.0 106288.9424
1951.61 1951.61 0.0 106259.9521
1965.76 1965.76 0.0 106231.4814
1979.9 1979.9 0.0 106203.5405
1994.04 1994.04 0.0 106176.1030
2008.18 2008.18 0.0 106149.1392
2022.33 2022.33 0.0 106122.6250
2036.47 2036.47 0.0 106096.5713
2050.61 2050.61 0.0 106070.9458
2064.75 2064.75 0.0 106045.7358
2078.89 2078.89 0.0 106020.9209
2093.04 2093.04 0.0 105996.4780
2107.18 2107.18 0.0 105972.4189
2121.32 2121.32 0.0 105948.7095
2135.46 2135.46 0.0 105925.3511
2149.6 2149.6 0.0 105902.3198
2163.75 2163.75 0.0 105879.5952
2177.89 2177.89 0.0 105857.1846
2192.03 2192.03 0.0 105835.0767
2206.17 2206.17 0.0 105813.2500
2220.32 2220.32 0.0 105791.6812
2234.46 2234.46 0.0 105770.3955
2248.6 2248.6 0.0 105749.3623
2262.74 2262.74 0.0 105728.5718
2276.88 2276.88 0.0 105708.0244
2291.03 2291.03 0.0 105687.6821
2305.17 2305.17 0.0 105667.5791
2319.31 2319.31 0.0 105647.6860
2333.45 2333.45 0.0 105628.0024
2347.59 2347.59 0.0 105608.5137
2361.74 2361.74 0.0 105589.2031
2375.88 2375.88 0.0 105570.0845
2390.02 2390.02 0.0 105551.1470
2404.16 2404.16 0.0 105532.3828
2418.31 2418.31 0.0 105513.7690
2432.45 2432.45 0.0 105495.3311
2446.59 2446.59 0.0 105477.0430
2460.73 2460.73 0.0 105458.9111
2474.87 2474.87 0.0 105440.9219
2489.02 2489.02 0.0 105423.0615
2503.16 2503.16 0.0 105405.3459
2517.3 2517.3 0.0 105387.7686
2531.44 2531.44 0.0 105370.3132
2545.58 2545.58 0.0 105352.9861
2559.73 2559.73 0.0 105335.7634
2573.87 2573.87 0.0 105318.6760
2588.01 2588.01 0.0 105301.6985
2602.15 2602.15 0.0 105284.8345
2616.3 2616.3 0.0 105268.0667
2630.44 2630.44 0.0 105251.4141
2644.58 2644.58 0.0 105234.8667
2658.72 2658.72 0.0 105218.4192
2672.86 2672.86 0.0 105202.0698
2687.01 2687.01 0.0 105185.8079
2701.15 2701.15 0.0 105169.6409
2715.29 2715.29 0.0 105153.5747
2729.43 2729.43 0.0 105137.5972
2743.57 2743.57 0.0 105121.7078
2757.72 2757.72 0.0 105105.8901
2771.86 2771.86 0.0 105090.1719
2786.0 2786.0 0.0 105074.5371
2800.14 2800.14 0.0 105058.9829
2814.28 2814.28 0.0 105043.5088
2828.43 2828.43 0.0 105028.1062
2842.57 2842.57 0.0 105012.7898
2856.71 2856.71 0.0 104997.5508
2870.85 2870.85 0.0 104982.3884
2885.0 2885.0 0.0 104967.2903
2899.14 2899.14 0.0 104952.2788
2913.28 2913.28 0.0 104937.3376
2927.42 2927.42 0.0 104922.4680
2941.56 2941.56 0.0 104907.6748
2955.71 2955.71 0.0 104892.9392
2969.85 2969.85 0.0 104878.2822
2983.99 2983.99 0.0 104863.6992
2998.13 2998.13 0.0 104849.1792
3012.27 3012.27 0.0 104834.7319
3026.42 3026.42 0.0 104820.3406
3040.56 3040.56 0.0 104806.0264
3054.7 3054.7 0.0 104791.7773
3068.84 3068.84 0.0 104777.5928
3082.99 3082.99 0.0 104763.4663
3097.13 3097.13 0.0 104749.4124
3111.27 3111.27 0.0 104735.4221
3125.41 3125.41 0.0 104721.5005
3139.55 3139.55 0.0 104707.6367
3153.7 3153.7 0.0 104693.8267
3167.84 3167.84 0.0 104680.0903
3181.98 3181.98 0.0 104666.4160
3196.12 3196.12 0.0 104652.7996
3210.26 3210.26 0.0 104639.2488
3224.41 3224.41 0.0 104625.7427
3238.55 3238.55 0.0 104612.3083
3252.69 3252.69 0.0 104598.9353
3266.83 3266.83 0.0 104585.6208
3280.98 3280.98 0.0 104572.3513
3295.12 3295.12 0.0 104559.1526
3309.26 3309.26 0.0 104546.0120
3323.4 3323.4 0.0 104532.9231
3337.54 3337.54 0.0 104519.8979
3351.69 3351.69 0.0 104506.9138
3365.83 3365.83 0.0 104493.9988
3379.97 3379.97 0.0 104481.1360
3394.11 3394.11 0.0 104468.3269
3408.25 3408.25 0.0 104455.5713
3422.4 3422.4 0.0 104442.8640
3436.54 3436.54 0.0 104430.2146
3450.68 3450.68 0.0 104417.6162
3464.82 3464.82 0.0 104405.0747
3478.97 3478.97 0.0 104392.5696
3493.11 3493.11 0.0 104380.1294
3507.25 3507.25 0.0 104367.7385
3521.39 3521.39 0.0 104355.3931
3535.53 3535.53 0.0 104343.1008
3549.68 3549.68 0.0 104330.8452
3563.82 3563.82 0.0 104318.6465
3577.96 3577.96 0.0 104306.4973
3592.1 3592.1 0.0 104294.3916
3606.24 3606.24 0.0 104282.3337
3620.39 3620.39 0.0 104270.3123
3634.53 3634.53 0.0 104258.3447
3648.67 3648.67 0.0 104246.4192
3662.81 3662.81 0.0 104234.5391
3676.96 3676.96 0.0 104222.6963
3691.1 3691.1 0.0 104210.8989
3705.24 3705.24 0.0 104199.1506
3719.38 3719.38 0.0 104187.4380
3733.52 3733.52 0.0 104175.7676
3747.67 3747.67 0.0 104164.1257
3761.81 3761.81 0.0 104152.5378
3775.95 3775.95 0.0 104140.9856
3790.09 3790.09 0.0 104129.4722
3804.23 3804.23 0.0 104117.9951
3818.38 3818.38 0.0 104106.5493
3832.52 3832.52 0.0 104095.1477
3846.66 3846.66 0.0 104083.7808
3860.8 3860.8 0.0 104072.4497
3874.95 3874.95 0.0 104061.1458
3889.09 3889.09 0.0 104049.8831
3903.23 3903.23 0.0 104038.6567
3917.37 3917.37 0.0 104027.4634
3931.51 3931.51 0.0 104016.2983
3945.66 3945.66 0.0 104005.1624
3959.8 3959.8 0.0 103994.0652
3973.94 3973.94 0.0 103982.9973
3988.08 3988.08 0.0 103971.9578
4002.22 4002.22 0.0 103960.9512
4016.37 4016.37 0.0 103949.9692
4030.51 4030.51 0.0 103939.0203
4044.65 4044.65 0.0 103928.0986
4058.79 4058.79 0.0 103917.2063
4072.94 4072.94 0.0 103906.3352
4087.08 4087.08 0.0 103895.4983
4101.22 4101.22 0.0 103884.6851
4115.36 4115.36 0.0 103873.9004
4129.5 4129.5 0.0 103863.1440
4143.65 4143.65 0.0 103852.4006
4157.79 4157.79 0.0 103841.6926
4171.93 4171.93 0.0 103831.0078
4186.07 4186.07 0.0 103820.3467
4200.21 4200.21 0.0 103809.7107
4214.36 4214.36 0.0 103799.0879
4228.5 4228.5 0.0 103788.4956
4242.64 4242.64 0.0 103777.9285
