0.0 0.0 0.0 284104.6719
14.1421 14.1421 0.0 1064600.6875
28.2843 28.2843 0.0 1207186.1250
42.4264 42.4264 0.0 1264255.7500
56.5685 56.5685 0.0 1283854.7500
70.7107 70.7107 0.0 1283139.7500
84.8528 84.8528 0.0 1270259.1250
98.9949 98.9949 0.0 1249698.5000
113.137 113.137 0.0 1224173.6250
127.279 127.279 0.0 1195433.1250
141.421 141.421 0.0 1164659.1250
155.563 155.563 0.0 1132675.1250
169.706 169.706 0.0 1100068.5625
183.848 183.848 0.0 1067272.3750
197.99 197.99 0.0 1034602.1875
212.132 212.132 0.0 1002291.9375
226.274 226.274 0.0 970516.9375
240.416 240.416 0.0 939406.2500
254.558 254.558 0.0 909054.8750
268.701 268.701 0.0 879529.4375
282.843 282.843 0.0 850881.7500
296.985 296.985 0.0 823139.4375
311.127 311.127 0.0 796321.3125
325.269 325.269 0.0 770435.0000
339.411 339.411 0.0 745480.0625
353.553 353.553 0.0 721448.8750
367.696 367.696 0.0 698327.9375
381.838 381.838 0.0 676104.0625
395.98 395.98 0.0 654756.0625
410.122 410.122 0.0 634261.9375
424.264 424.264 0.0 614598.0000
438.406 438.406 0.0 595738.8750
452.548 452.548 0.0 577658.5000
466.69 466.69 0.0 560330.5625
480.833 480.833 0.0 543726.6562
494.975 494.975 0.0 527822.4062
509.117 509.117 0.0 512589.5625
523.259 523.259 0.0 498001.8125
537.401 537.401 0.0 484032.9688
551.543 551.543 0.0 470657.4062
565.685 565.685 0.0 457850.3438
579.828 579.828 0.0 445586.5000
593.97 593.97 0.0 433844.1875
608.112 608.112 0.0 422599.7500
622.254 622.254 0.0 411831.0000
636.396 636.396 0.0 401516.8438
650.538 650.538 0.0 391637.0312
664.68 664.68 0.0 382171.6875
678.823 678.823 0.0 373101.3750
692.965 692.965 0.0 364409.5312
707.107 707.107 0.0 356078.1094
721.249 721.249 0.0 348090.5312
735.391 735.391 0.0 340431.1250
749.533 749.533 0.0 333084.5625
763.675 763.675 0.0 326036.8281
777.817 777.817 0.0 319273.8125
791.96 791.96 0.0 312782.1875
806.102 806.102 0.0 306550.2812
820.244 820.244 0.0 300565.8125
834.386 834.386 0.0 294817.3438
848.528 848.528 0.0 289294.2031
862.67 862.67 0.0 283986.0156
876.812 876.812 0.0 278883.1250
890.955 890.955 0.0 273975.8281
905.097 905.097 0.0 269255.9844
919.239 919.239 0.0 264714.8438
933.381 933.381 0.0 260344.3438
947.523 947.523 0.0 256136.9844
961.665 961.665 0.0 252085.4062
975.807 975.807 0.0 248182.7031
989.949 989.949 0.0 244422.4531
1004.09 1004.09 0.0 240798.6406
1018.23 1018.23 0.0 237305.2188
1032.38 1032.38 0.0 233934.0156
1046.52 1046.52 0.0 230684.3359
1060.66 1060.66 0.0 227548.8047
1074.8 1074.8 0.0 224522.4219
1088.94 1088.94 0.0 221600.5703
1103.09 1103.09 0.0 218776.9688
1117.23 1117.23 0.0 216051.3516
1131.37 1131.37 0.0 213417.6641
1145.51 1145.51 0.0 210872.1484
1159.66 1159.66 0.0 208409.3906
1173.8 1173.8 0.0 206029.4922
1187.94 1187.94 0.0 203727.4141
1202.08 1202.08 0.0 201499.8516
1216.22 1216.22 0.0 199344.0078
1230.37 1230.37 0.0 197255.4453
1244.51 1244.51 0.0 195234.4062
1258.65 1258.65 0.0 193276.8438
1272.79 1272.79 0.0 191380.1719
1286.93 1286.93 0.0 189542.1797
1301.08 1301.08 0.0 187759.1953
1315.22 1315.22 0.0 186031.6953
1329.36 1329.36 0.0 184356.2656
1343.5 1343.5 0.0 182730.9922
1357.65 1357.65 0.0 181152.7969
1371.79 1371.79 0.0 179622.1797
1385.93 1385.93 0.0 178136.2891
1400.07 1400.07 0.0 176693.4297
1414.21 1414.21 0.0 175292.1016
1428.36 1428.36 0.0 173929.7266
1442.5 1442.5 0.0 172606.8672
1456.64 1456.64 0.0 171321.1328
1470.78 1470.78 0.0 170071.2109
1484.92 1484.92 0.0 168855.8594
1499.07 1499.07 0.0 167672.9453
1513.21 1513.21 0.0 166523.0781
1527.35 1527.35 0.0 165404.2188
1541.49 1541.49 0.0 164315.3359
1555.63 1555.63 0.0 163255.3516
1569.78 1569.78 0.0 162222.6133
1583.92 1583.92 0.0 161217.6094
1598.06 1598.06 0.0 160238.6875
1612.2 1612.2 0.0 159284.9727
1626.35 1626.35 0.0 158354.9805
1640.49 1640.49 0.0 157449.2344
1654.63 1654.63 0.0 156566.2734
1668.77 1668.77 0.0 155705.3633
1682.91 1682.91 0.0 154865.8047
1697.06 1697.06 0.0 154046.2891
1711.2 1711.2 0.0 153247.3359
1725.34 1725.34 0.0 152467.7617
1739.48 1739.48 0.0 151706.9180
1753.62 1753.62 0.0 150964.2031
1767.77 1767.77 0.0 150238.5547
1781.91 1781.91 0.0 149530.4961
1796.05 1796.05 0.0 148838.9219
1810.19 1810.19 0.0 148163.3438
1824.34 1824.34 0.0 147502.8398
1838.48 1838.48 0.0 146857.8047
1852.62 1852.62 0.0 146227.3789
1866.76 1866.76 0.0 145611.1133
1880.9 1880.9 0.0 145008.5586
1895.05 1895.05 0.0 144418.9180
1909.19 1909.19 0.0 143842.6406
1923.33 1923.33 0.0 143278.8906
1937.47 1937.47 0.0 142727.3320
1951.61 1951.61 0.0 142187.6133
1965.76 1965.76 0.0 141659.0078
1979.9 1979.9 0.0 141141.9453
1994.04 1994.04 0.0 140635.7227
2008.18 2008.18 0.0 140140.0391
2022.33 2022.33 0.0 139654.2539
2036.47 2036.47 0.0 139178.7891
2050.61 2050.61 0.0 138712.9805
2064.75 2064.75 0.0 138256.5859
2078.89 2078.89 0.0 137809.3359
2093.04 2093.04 0.0 137370.6953
2107.18 2107.18 0.0 136941.0234
2121.32 2121.32 0.0 136519.7617
2135.46 2135.46 0.0 136106.6992
2149.6 2149.6 0.0 135701.6211
2163.75 2163.75 0.0 135304.0156
2177.89 2177.89 0.0 134914.2578
2192.03 2192.03 0.0 134531.8711
2206.17 2206.17 0.0 134156.6484
2220.32 2220.32 0.0 133788.1484
2234.46 2234.46 0.0 133426.6875
2248.6 2248.6 0.0 133071.8750
2262.74 2262.74 0.0 132723.5059
2276.88 2276.88 0.0 132381.4258
2291.03 2291.03 0.0 132045.2520
2305.17 2305.17 0.0 131715.2734
2319.31 2319.31 0.0 131391.1445
2333.45 2333.45 0.0 131072.6875
2347.59 2347.59 0.0 130759.7637
2361.74 2361.74 0.0 130452.0273
2375.88 2375.88 0.0 130149.7812
2390.02 2390.02 0.0 129852.6777
2404.16 2404.16 0.0 129560.5859
2418.31 2418.31 0.0 129273.1973
2432.45 2432.45 0.0 128990.7871
2446.59 2446.59 0.0 128713.0391
2460.73 2460.73 0.0 128439.8418
2474.87 2474.87 0.0 128171.0957
2489.02 2489.02 0.0 127906.5039
2503.16 2503.16 0.0 127646.3379
2517.3 2517.3 0.0 127390.3105
2531.44 2531.44 0.0 127138.3320
2545.58 2545.58 0.0 126890.3184
2559.73 2559.73 0.0 126645.9727
2573.87 2573.87 0.0 126405.5918
2588.01 2588.01 0.0 126168.9004
2602.15 2602.15 0.0 125935.8066
2616.3 2616.3 0.0 125706.0820
2630.44 2630.44 0.0 125479.9824
2644.58 2644.58 0.0 125257.2383
2658.72 2658.72 0.0 125037.7871
2672.86 2672.86 0.0 124821.5977
2687.01 2687.01 0.0 124608.3887
2701.15 2701.15 0.0 124398.4277
2715.29 2715.29 0.0 124191.5039
2729.43 2729.43 0.0 123987.5176
2743.57 2743.57 0.0 123786.4395
2757.72 2757.72 0.0 123588.0566
2771.86 2771.86 0.0 123392.5820
2786.0 2786.0 0.0 123199.8418
2800.14 2800.14 0.0 123009.7637
2814.28 2814.28 0.0 122822.2832
2828.43 2828.43 0.0 122637.2422
2842.57 2842.57 0.0 122454.8340
2856.71 2856.71 0.0 122274.8867
2870.85 2870.85 0.0 122097.3320
2885.0 2885.0 0.0 121922.0176
2899.14 2899.14 0.0 121749.1484
2913.28 2913.28 0.0 121578.5469
2927.42 2927.42 0.0 121410.1465
2941.56 2941.56 0.0 121243.9648
2955.71 2955.71 0.0 121079.7793
2969.85 2969.85 0.0 120917.8184
2983.99 2983.99 0.0 120757.9160
2998.13 2998.13 0.0 120600.0312
3012.27 3012.27 0.0 120444.1426
3026.42 3026.42 0.0 120290.0664
3040.56 3040.56 0.0 120138.0273
3054.7 3054.7 0.0 119987.8652
3068.84 3068.84 0.0 119839.5488
3082.99 3082.99 0.0 119692.9395
3097.13 3097.13 0.0 119548.2012
3111.27 3111.27 0.0 119405.1973
3125.41 3125.41 0.0 119263.9355
3139.55 3139.55 0.0 119124.3496
3153.7 3153.7 0.0 118986.3340
3167.84 3167.84 0.0 118850.0312
3181.98 3181.98 0.0 118715.3301
3196.12 3196.12 0.0 118582.2012
3210.26 3210.26 0.0 118450.6270
3224.41 3224.41 0.0 118320.4805
3238.55 3238.55 0.0 118191.9219
3252.69 3252.69 0.0 118064.8262
3266.83 3266.83 0.0 117939.1895
3280.98 3280.98 0.0 117814.8867
3295.12 3295.12 0.0 117692.0801
3309.26 3309.26 0.0 117570.6406
3323.4 3323.4 0.0 117450.5674
3337.54 3337.54 0.0 117331.8213
3351.69 3351.69 0.0 117214.3135
3365.83 3365.83 0.0 117098.1826
3379.97 3379.97 0.0 116983.3213
3394.11 3394.11 0.0 116869.7188
3408.25 3408.25 0.0 116757.3564
3422.4 3422.4 0.0 116646.1270
3436.54 3436.54 0.0 116536.1836
3450.68 3450.68 0.0 116427.4141
3464.82 3464.82 0.0 116319.8008
3478.97 3478.97 0.0 116213.2734
3493.11 3493.11 0.0 116107.9443
3507.25 3507.25 0.0 116003.7383
3521.39 3521.39 0.0 115900.6182
3535.53 3535.53 0.0 115798.5820
3549.68 3549.68 0.0 115697.5332
3563.82 3563.82 0.0 115597.6182
3577.96 3577.96 0.0 115498.7344
3592.1 3592.1 0.0 115400.8779
3606.24 3606.24 0.0 115304.0225
3620.39 3620.39 0.0 115208.0928
3634.53 3634.53 0.0 115113.2207
3648.67 3648.67 0.0 115019.2910
3662.81 3662.81 0.0 114926.3330
3676.96 3676.96 0.0 114834.2451
3691.1 3691.1 0.0 114743.1553
3705.24 3705.24 0.0 114652.9678
3719.38 3719.38 0.0 114563.6963
3733.52 3733.52 0.0 114475.2979
3747.67 3747.67 0.0 114387.7217
3761.81 3761.81 0.0 114301.0879
3775.95 3775.95 0.0 114215.2998
3790.09 3790.09 0.0 114130.3535
3804.23 3804.23 0.0 114046.2490
3818.38 3818.38 0.0 113962.8945
3832.52 3832.52 0.0 113880.4219
3846.66 3846.66 0.0 113798.7402
3860.8 3860.8 0.0 113717.8613
3874.95 3874.95 0.0 113637.6963
3889.09 3889.09 0.0 113558.3594
3903.23 3903.23 0.0 113479.7969
3917.37 3917.37 0.0 113401.9697
3931.51 3931.51 0.0 113324.8887
3945.66 3945.66 0.0 113248.4824
3959.8 3959.8 0.0 113172.8574
3973.94 3973.94 0.0 113097.9443
3988.08 3988.08 0.0 113023.7393
4002.22 4002.22 0.0 112950.2373
4016.37 4016.37 0.0 112877.3545
4030.51 4030.51 0.0 112805.2119
4044.65 4044.65 0.0 112733.7412
4058.79 4058.79 0.0 112662.9326
4072.94 4072.94 0.0 112592.7207
4087.08 4087.08 0.0 112523.2227
4101.22 4101.22 0.0 112454.3418
4115.36 4115.36 0.0 112386.1074
4129.5 4129.5 0.0 112318.4863
4143.65 4143.65 0.0 112251.4385
4157.79 4157.79 0.0 112185.0430
4171.93 4171.93 0.0 112119.2451
4186.07 4186.07 0.0 112054.0459
4200.21 4200.21 0.0 111989.4307
4214.36 4214.36 0.0 111925.3486
4228.5 4228.5 0.0 111861.8799
4242.64 4242.64 0.0 111798.9883
