0.0 0.0 0.0 238816.7812
14.1421 14.1421 0.0 322135.6562
28.2843 28.2843 0.0 327040.5469
42.4264 42.4264 0.0 323579.0000
56.5685 56.5685 0.0 317032.9062
70.7107 70.7107 0.0 309165.6406
84.8528 84.8528 0.0 300763.7812
98.9949 98.9949 0.0 292229.4688
113.137 113.137 0.0 283783.3594
127.279 127.279 0.0 275550.5625
141.421 141.421 0.0 267601.9062
155.563 155.563 0.0 259975.4062
169.706 169.706 0.0 252688.8750
183.848 183.848 0.0 245748.7031
197.99 197.99 0.0 239151.7188
212.132 212.132 0.0 232890.1562
226.274 226.274 0.0 226953.0234
240.416 240.416 0.0 221327.3828
254.558 254.558 0.0 215999.2344
268.701 268.701 0.0 210953.7109
282.843 282.843 0.0 206177.0625
296.985 296.985 0.0 201654.5469
311.127 311.127 0.0 197372.1875
325.269 325.269 0.0 193316.5703
339.411 339.411 0.0 189474.7109
353.553 353.553 0.0 185834.4844
367.696 367.696 0.0 182383.8672
381.838 381.838 0.0 179112.2891
395.98 395.98 0.0 176009.2344
410.122 410.122 0.0 173064.7891
424.264 424.264 0.0 170269.6797
438.406 438.406 0.0 167615.3672
452.548 452.548 0.0 165093.5742
466.69 466.69 0.0 162696.7227
480.833 480.833 0.0 160417.4336
494.975 494.975 0.0 158249.3164
509.117 509.117 0.0 156185.9297
523.259 523.259 0.0 154221.3164
537.401 537.401 0.0 152349.9258
551.543 551.543 0.0 150566.5859
565.685 565.685 0.0 148866.3750
579.828 579.828 0.0 147244.6133
593.97 593.97 0.0 145697.2422
608.112 608.112 0.0 144220.1133
622.254 622.254 0.0 142809.4453
636.396 636.396 0.0 141461.6523
650.538 650.538 0.0 140173.4414
664.68 664.68 0.0 138941.6328
678.823 678.823 0.0 137763.2227
692.965 692.965 0.0 136635.5938
707.107 707.107 0.0 135556.0430
721.249 721.249 0.0 134522.1328
735.391 735.391 0.0 133531.5430
749.533 749.533 0.0 132582.0898
763.675 763.675 0.0 131671.7285
777.817 777.817 0.0 130798.5156
791.96 791.96 0.0 129960.5820
806.102 806.102 0.0 129156.3145
820.244 820.244 0.0 128384.0293
834.386 834.386 0.0 127642.1934
848.528 848.528 0.0 126929.3574
862.67 862.67 0.0 126244.1602
876.812 876.812 0.0 125585.2871
890.955 890.955 0.0 124951.5039
905.097 905.097 0.0 124341.7070
919.239 919.239 0.0 123754.7734
933.381 933.381 0.0 123189.6543
947.523 947.523 0.0 122645.3691
961.665 961.665 0.0 122121.0098
975.807 975.807 0.0 121615.6562
989.949 989.949 0.0 121128.4902
1004.09 1004.09 0.0 120658.7441
1018.23 1018.23 0.0 120205.6523
1032.38 1032.38 0.0 119768.1855
1046.52 1046.52 0.0 119346.2363
1060.66 1060.66 0.0 118938.8965
1074.8 1074.8 0.0 118545.5371
1088.94 1088.94 0.0 118165.5430
1103.09 1103.09 0.0 117798.1387
1117.23 1117.23 0.0 117443.2842
1131.37 1131.37 0.0 117100.2256
1145.51 1145.51 0.0 116768.5049
1159.66 1159.66 0.0 116447.4121
1173.8 1173.8 0.0 116136.9834
1187.94 1187.94 0.0 115836.5420
1202.08 1202.08 0.0 115545.7344
1216.22 1216.22 0.0 115264.1582
1230.37 1230.37 0.0 114991.2637
1244.51 1244.51 0.0 114727.1055
1258.65 1258.65 0.0 114471.1553
1272.79 1272.79 0.0 114223.0898
1286.93 1286.93 0.0 113982.6172
1301.08 1301.08 0.0 113749.2852
1315.22 1315.22 0.0 113523.1553
1329.36 1329.36 0.0 113303.7871
1343.5 1343.5 0.0 113090.9375
1357.65 1357.65 0.0 112884.2295
1371.79 1371.79 0.0 112683.7236
1385.93 1385.93 0.0 112489.0537
1400.07 1400.07 0.0 112299.9746
1414.21 1414.21 0.0 112116.3369
1428.36 1428.36 0.0 111937.7900
1442.5 1442.5 0.0 111764.4102
1456.64 1456.64 0.0 111595.9043
1470.78 1470.78 0.0 111432.0762
1484.92 1484.92 0.0 111272.7812
1499.07 1499.07 0.0 111117.7559
1513.21 1513.21 0.0 110967.0566
1527.35 1527.35 0.0 110820.4355
1541.49 1541.49 0.0 110677.7520
1555.63 1555.63 0.0 110538.8770
1569.78 1569.78 0.0 110403.5811
1583.92 1583.92 0.0 110271.9346
1598.06 1598.06 0.0 110143.7305
1612.2 1612.2 0.0 110018.8496
1626.35 1626.35 0.0 109897.0840
1640.49 1640.49 0.0 109778.5225
1654.63 1654.63 0.0 109662.9629
1668.77 1668.77 0.0 109550.3135
1682.91 1682.91 0.0 109440.4771
1697.06 1697.06 0.0 109333.2939
1711.2 1711.2 0.0 109228.8218
1725.34 1725.34 0.0 109126.9038
1739.48 1739.48 0.0 109027.4590
1753.62 1753.62 0.0 108930.4116
1767.77 1767.77 0.0 108835.6201
1781.91 1781.91 0.0 108743.1372
1796.05 1796.05 0.0 108652.8364
1810.19 1810.19 0.0 108564.6455
1824.34 1824.34 0.0 108478.4434
1838.48 1838.48 0.0 108394.2783
1852.62 1852.62 0.0 108312.0405
1866.76 1866.76 0.0 108231.6641
1880.9 1880.9 0.0 108153.1021
1895.05 1895.05 0.0 108076.2383
1909.19 1909.19 0.0 108001.1226
1923.33 1923.33 0.0 107927.6655
1937.47 1937.47 0.0 107855.8105
1951.61 1951.61 0.0 107785.5005
1965.76 1965.76 0.0 107716.6562
1979.9 1979.9 0.0 107649.3242
1994.04 1994.04 0.0 107583.4072
2008.18 2008.18 0.0 107518.8765
2022.33 2022.33 0.0 107455.6431
2036.47 2036.47 0.0 107393.7520
2050.61 2050.61 0.0 107333.1245
2064.75 2064.75 0.0 107273.7222
2078.89 2078.89 0.0 107215.5195
2093.04 2093.04 0.0 107158.4272
2107.18 2107.18 0.0 107102.4995
2121.32 2121.32 0.0 107047.6729
2135.46 2135.46 0.0 106993.9033
2149.6 2149.6 0.0 106941.1670
2163.75 2163.75 0.0 106889.4009
2177.89 2177.89 0.0 106838.6514
2192.03 2192.03 0.0 106788.8413
2206.17 2206.17 0.0 106739.9585
2220.32 2220.32 0.0 106691.9385
2234.46 2234.46 0.0 106644.8242
2248.6 2248.6 0.0 106598.5601
2262.74 2262.74 0.0 106553.1235
2276.88 2276.88 0.0 106508.4907
2291.03 2291.03 0.0 106464.6079
2305.17 2305.17 0.0 106421.5176
2319.31 2319.31 0.0 106379.1616
2333.45 2333.45 0.0 106337.5342
2347.59 2347.59 0.0 106296.6006
2361.74 2361.74 0.0 106256.3252
2375.88 2375.88 0.0 106216.7417
2390.02 2390.02 0.0 106177.8081
2404.16 2404.16 0.0 106139.5020
2418.31 2418.31 0.0 106101.7861
2432.45 2432.45 0.0 106064.6895
2446.59 2446.59 0.0 106028.1821
2460.73 2460.73 0.0 105992.2354
2474.87 2474.87 0.0 105956.8442
2489.02 2489.02 0.0 105921.9717
2503.16 2503.16 0.0 105887.6416
2517.3 2517.3 0.0 105853.8291
2531.44 2531.44 0.0 105820.5156
2545.58 2545.58 0.0 105787.6919
2559.73 2559.73 0.0 105755.3115
2573.87 2573.87 0.0 105723.4209
2588.01 2588.01 0.0 105691.9834
2602.15 2602.15 0.0 105660.9829
2616.3 2616.3 0.0 105630.3945
2630.44 2630.44 0.0 105600.2427
2644.58 2644.58 0.0 105570.5024
2658.72 2658.72 0.0 105541.1626
2672.86 2672.86 0.0 105512.2148
2687.01 2687.01 0.0 105483.6255
2701.15 2701.15 0.0 105455.4272
2715.29 2715.29 0.0 105427.5981
2729.43 2729.43 0.0 105400.1201
2743.57 2743.57 0.0 105372.9824
2757.72 2757.72 0.0 105346.1758
2771.86 2771.86 0.0 105319.7141
2786.0 2786.0 0.0 105293.5769
2800.14 2800.14 0.0 105267.7563
2814.28 2814.28 0.0 105242.2498
2828.43 2828.43 0.0 105217.0222
2842.57 2842.57 0.0 105192.1116
2856.71 2856.71 0.0 105167.4897
2870.85 2870.85 0.0 105143.1533
2885.0 2885.0 0.0 105119.0779
2899.14 2899.14 0.0 105095.2915
2913.28 2913.28 0.0 105071.7717
2927.42 2927.42 0.0 105048.5156
2941.56 2941.56 0.0 105025.5056
2955.71 2955.71 0.0 105002.7427
2969.85 2969.85 0.0 104980.2341
2983.99 2983.99 0.0 104957.9668
2998.13 2998.13 0.0 104935.9351
3012.27 3012.27 0.0 104914.1350
3026.42 3026.42 0.0 104892.5452
3040.56 3040.56 0.0 104871.1992
3054.7 3054.7 0.0 104850.0667
3068.84 3068.84 0.0 104829.1497
3082.99 3082.99 0.0 104808.4233
3097.13 3097.13 0.0 104787.9243
3111.27 3111.27 0.0 104767.6233
3125.41 3125.41 0.0 104747.5249
3139.55 3139.55 0.0 104727.6208
3153.7 3153.7 0.0 104707.8958
3167.84 3167.84 0.0 104688.3704
3181.98 3181.98 0.0 104669.0371
3196.12 3196.12 0.0 104649.8794
3210.26 3210.26 0.0 104630.9004
3224.41 3224.41 0.0 104612.0894
3238.55 3238.55 0.0 104593.4597
3252.69 3252.69 0.0 104575.0051
3266.83 3266.83 0.0 104556.7163
3280.98 3280.98 0.0 104538.5818
3295.12 3295.12 0.0 104520.6191
3309.26 3309.26 0.0 104502.8145
3323.4 3323.4 0.0 104485.1729
3337.54 3337.54 0.0 104467.6833
3351.69 3351.69 0.0 104450.3337
3365.83 3365.83 0.0 104433.1462
3379.97 3379.97 0.0 104416.1060
3394.11 3394.11 0.0 104399.2117
3408.25 3408.25 0.0 104382.4604
3422.4 3422.4 0.0 104365.8413
3436.54 3436.54 0.0 104349.3711
3450.68 3450.68 0.0 104333.0386
3464.82 3464.82 0.0 104316.8398
3478.97 3478.97 0.0 104300.7666
3493.11 3493.11 0.0 104284.8328
3507.25 3507.25 0.0 104269.0291
3521.39 3521.39 0.0 104253.3545
3535.53 3535.53 0.0 104237.8047
3549.68 3549.68 0.0 104222.3706
3563.82 3563.82 0.0 104207.0674
3577.96 3577.96 0.0 104191.8833
3592.1 3592.1 0.0 104176.8196
3606.24 3606.24 0.0 104161.8757
3620.39 3620.39 0.0 104147.0369
3634.53 3634.53 0.0 104132.3223
3648.67 3648.67 0.0 104117.7214
3662.81 3662.81 0.0 104103.2295
3676.96 3676.96 0.0 104088.8389
3691.1 3691.1 0.0 104074.5649
3705.24 3705.24 0.0 104060.4021
3719.38 3719.38 0.0 104046.3420
3733.52 3733.52 0.0 104032.3865
3747.67 3747.67 0.0 104018.5227
3761.81 3761.81 0.0 104004.7734
3775.95 3775.95 0.0 103991.1233
3790.09 3790.09 0.0 103977.5691
3804.23 3804.23 0.0 103964.1140
3818.38 3818.38 0.0 103950.7493
3832.52 3832.52 0.0 103937.4846
3846.66 3846.66 0.0 103924.3167
3860.8 3860.8 0.0 103911.2400
3874.95 3874.95 0.0 103898.2456
3889.09 3889.09 0.0 103885.3521
3903.23 3903.23 0.0 103872.5471
3917.37 3917.37 0.0 103859.8318
3931.51 3931.51 0.0 103847.2002
3945.66 3945.66 0.0 103834.6479
3959.8 3959.8 0.0 103822.1868
3973.94 3973.94 0.0 103809.8135
3988.08 3988.08 0.0 103797.5193
4002.22 4002.22 0.0 103785.3088
4016.37 4016.37 0.0 103773.1670
4030.51 4030.51 0.0 103761.1152
4044.65 4044.65 0.0 103749.1433
4058.79 4058.79 0.0 103737.2485
4072.94 4072.94 0.0 103725.4194
4087.08 4087.08 0.0 103713.6750
4101.22 4101.22 0.0 103702.0085
4115.36 4115.36 0.0 103690.4148
4129.5 4129.5 0.0 103678.8931
4143.65 4143.65 0.0 103667.4351
4157.79 4157.79 0.0 103656.0554
4171.93 4171.93 0.0 103644.7461
4186.07 4186.07 0.0 103633.5051
4200.21 4200.21 0.0 103622.3335
4214.36 4214.36 0.0 103611.2227
4228.5 4228.5 0.0 103600.1853
4242.64 4242.64 0.0 103589.2134
