0.0 0.0 0.0 451263.7188
14.1421 14.1421 0.0 2430973.2500
28.2843 28.2843 0.0 1341231.0000
42.4264 42.4264 0.0 801859.5625
56.5685 56.5685 0.0 527811.0000
70.7107 70.7107 0.0 380728.6562
84.8528 84.8528 0.0 296216.6094
98.9949 98.9949 0.0 244348.5156
113.137 113.137 0.0 210626.7422
127.279 127.279 0.0 187611.3047
141.421 141.421 0.0 171252.9375
155.563 155.563 0.0 159225.6055
169.706 169.706 0.0 150126.8906
183.848 183.848 0.0 143076.9102
197.99 197.99 0.0 137500.5508
212.132 212.132 0.0 133011.1387
226.274 226.274 0.0 129340.9941
240.416 240.416 0.0 126300.1875
254.558 254.558 0.0 123751.0234
268.701 268.701 0.0 121591.4961
282.843 282.843 0.0 119745.2754
296.985 296.985 0.0 118153.6523
311.127 311.127 0.0 116771.2520
325.269 325.269 0.0 115562.4619
339.411 339.411 0.0 114498.9854
353.553 353.553 0.0 113558.1162
367.696 367.696 0.0 112721.4355
381.838 381.838 0.0 111974.0039
395.98 395.98 0.0 111303.3936
410.122 410.122 0.0 110699.2959
424.264 424.264 0.0 110153.1133
438.406 438.406 0.0 109657.6035
452.548 452.548 0.0 109206.6294
466.69 466.69 0.0 108794.9663
480.833 480.833 0.0 108418.1274
494.975 494.975 0.0 108072.3125
509.117 509.117 0.0 107754.1699
523.259 523.259 0.0 107460.8159
537.401 537.401 0.0 107189.7290
551.543 551.543 0.0 106938.7109
565.685 565.685 0.0 106705.8384
579.828 579.828 0.0 106489.3760
593.97 593.97 0.0 106287.8589
608.112 608.112 0.0 106099.9346
622.254 622.254 0.0 105924.4126
636.396 636.396 0.0 105760.2339
650.538 650.538 0.0 105606.4478
664.68 664.68 0.0 105462.2139
678.823 678.823 0.0 105326.7422
692.965 692.965 0.0 105199.3806
707.107 707.107 0.0 105079.4836
721.249 721.249 0.0 104966.4966
735.391 735.391 0.0 104859.9080
749.533 749.533 0.0 104759.2524
763.675 763.675 0.0 104664.1123
777.817 777.817 0.0 104574.1001
791.96 791.96 0.0 104488.8538
806.102 806.102 0.0 104408.0735
820.244 820.244 0.0 104331.4509
834.386 834.386 0.0 104258.7192
848.528 848.528 0.0 104189.6292
862.67 862.67 0.0 104123.9478
876.812 876.812 0.0 104061.4702
890.955 890.955 0.0 104001.9941
905.097 905.097 0.0 103945.3455
919.239 919.239 0.0 103891.3582
933.381 933.381 0.0 103839.8740
947.523 947.523 0.0 103790.7505
961.665 961.665 0.0 103743.8545
975.807 975.807 0.0 103699.0610
989.949 989.949 0.0 103656.2576
1004.09 1004.09 0.0 103615.3359
1018.23 1018.23 0.0 103576.1956
1032.38 1032.38 0.0 103538.7158
1046.52 1046.52 0.0 103502.8618
1060.66 1060.66 0.0 103468.5205
1074.8 1074.8 0.0 103435.6208
1088.94 1088.94 0.0 103404.0842
1103.09 1103.09 0.0 103373.8301
1117.23 1117.23 0.0 103344.8306
1131.37 1131.37 0.0 103317.0077
1145.51 1145.51 0.0 103290.3035
1159.66 1159.66 0.0 103264.6478
1173.8 1173.8 0.0 103240.0272
1187.94 1187.94 0.0 103216.3748
1202.08 1202.08 0.0 103193.6450
1216.22 1216.22 0.0 103171.8007
1230.37 1230.37 0.0 103150.7802
1244.51 1244.51 0.0 103130.5835
1258.65 1258.65 0.0 103111.1538
1272.79 1272.79 0.0 103092.4567
1286.93 1286.93 0.0 103074.4648
1301.08 1301.08 0.0 103057.1315
1315.22 1315.22 0.0 103040.4536
1329.36 1329.36 0.0 103024.3926
1343.5 1343.5 0.0 103008.9197
1357.65 1357.65 0.0 102993.9979
1371.79 1371.79 0.0 102979.6310
1385.93 1385.93 0.0 102965.7812
1400.07 1400.07 0.0 102952.4259
1414.21 1414.21 0.0 102939.5436
1428.36 1428.36 0.0 102927.1106
1442.5 1442.5 0.0 102915.1223
1456.64 1456.64 0.0 102903.5510
1470.78 1470.78 0.0 102892.3804
1484.92 1484.92 0.0 102881.5942
1499.07 1499.07 0.0 102871.1704
1513.21 1513.21 0.0 102861.1030
1527.35 1527.35 0.0 102851.3777
1541.49 1541.49 0.0 102841.9753
1555.63 1555.63 0.0 102832.8823
1569.78 1569.78 0.0 102824.0823
1583.92 1583.92 0.0 102815.5739
1598.06 1598.06 0.0 102807.3367
1612.2 1612.2 0.0 102799.3606
1626.35 1626.35 0.0 102791.6337
1640.49 1640.49 0.0 102784.1487
1654.63 1654.63 0.0 102776.8950
1668.77 1668.77 0.0 102769.8596
1682.91 1682.91 0.0 102763.0359
1697.06 1697.06 0.0 102756.4067
1711.2 1711.2 0.0 102749.9758
1725.34 1725.34 0.0 102743.7278
1739.48 1739.48 0.0 102737.6565
1753.62 1753.62 0.0 102731.7506
1767.77 1767.77 0.0 102726.0018
1781.91 1781.91 0.0 102720.4099
1796.05 1796.05 0.0 102714.9635
1810.19 1810.19 0.0 102709.6541
1824.34 1824.34 0.0 102704.4750
1838.48 1838.48 0.0 102699.4255
1852.62 1852.62 0.0 102694.4949
1866.76 1866.76 0.0 102689.6776
1880.9 1880.9 0.0 102684.9679
1895.05 1895.05 0.0 102680.3596
1909.19 1909.19 0.0 102675.8534
1923.33 1923.33 0.0 102671.4370
1937.47 1937.47 0.0 102667.1094
1951.61 1951.61 0.0 102662.8650
1965.76 1965.76 0.0 102658.6984
1979.9 1979.9 0.0 102654.6080
1994.04 1994.04 0.0 102650.5878
2008.18 2008.18 0.0 102646.6350
2022.33 2022.33 0.0 102642.7423
2036.47 2036.47 0.0 102638.9117
2050.61 2050.61 0.0 102635.1367
2064.75 2064.75 0.0 102631.4161
2078.89 2078.89 0.0 102627.7440
2093.04 2093.04 0.0 102624.1168
2107.18 2107.18 0.0 102620.5372
2121.32 2121.32 0.0 102616.9984
2135.46 2135.46 0.0 102613.4988
2149.6 2149.6 0.0 102610.0363
2163.75 2163.75 0.0 102606.6047
2177.89 2177.89 0.0 102603.2100
2192.03 2192.03 0.0 102599.8438
2206.17 2206.17 0.0 102596.5055
2220.32 2220.32 0.0 102593.1942
2234.46 2234.46 0.0 102589.9078
2248.6 2248.6 0.0 102586.6476
2262.74 2262.74 0.0 102583.4093
2276.88 2276.88 0.0 102580.1907
2291.03 2291.03 0.0 102576.9894
2305.17 2305.17 0.0 102573.8104
2319.31 2319.31 0.0 102570.6478
2333.45 2333.45 0.0 102567.5028
2347.59 2347.59 0.0 102564.3722
2361.74 2361.74 0.0 102561.2559
2375.88 2375.88 0.0 102558.1544
2390.02 2390.02 0.0 102555.0656
2404.16 2404.16 0.0 102551.9924
2418.31 2418.31 0.0 102548.9271
2432.45 2432.45 0.0 102545.8777
2446.59 2446.59 0.0 102542.8373
2460.73 2460.73 0.0 102539.8112
2474.87 2474.87 0.0 102536.7924
2489.02 2489.02 0.0 102533.7845
2503.16 2503.16 0.0 102530.7876
2517.3 2517.3 0.0 102527.8021
2531.44 2531.44 0.0 102524.8253
2545.58 2545.58 0.0 102521.8579
2559.73 2559.73 0.0 102518.8992
2573.87 2573.87 0.0 102515.9523
2588.01 2588.01 0.0 102513.0148
2602.15 2602.15 0.0 102510.0869
2616.3 2616.3 0.0 102507.1649
2630.44 2630.44 0.0 102504.2559
2644.58 2644.58 0.0 102501.3568
2658.72 2658.72 0.0 102498.4678
2672.86 2672.86 0.0 102495.5884
2687.01 2687.01 0.0 102492.7168
2701.15 2701.15 0.0 102489.8566
2715.29 2715.29 0.0 102487.0067
2729.43 2729.43 0.0 102484.1661
2743.57 2743.57 0.0 102481.3379
2757.72 2757.72 0.0 102478.5166
2771.86 2771.86 0.0 102475.7078
2786.0 2786.0 0.0 102472.9098
2800.14 2800.14 0.0 102470.1222
2814.28 2814.28 0.0 102467.3462
2828.43 2828.43 0.0 102464.5780
2842.57 2842.57 0.0 102461.8230
2856.71 2856.71 0.0 102459.0791
2870.85 2870.85 0.0 102456.3455
2885.0 2885.0 0.0 102453.6216
2899.14 2899.14 0.0 102450.9113
2913.28 2913.28 0.0 102448.2118
2927.42 2927.42 0.0 102445.5225
2941.56 2941.56 0.0 102442.8461
2955.71 2955.71 0.0 102440.1788
2969.85 2969.85 0.0 102437.5251
2983.99 2983.99 0.0 102434.8810
2998.13 2998.13 0.0 102432.2499
3012.27 3012.27 0.0 102429.6288
3026.42 3026.42 0.0 102427.0166
3040.56 3040.56 0.0 102424.4180
3054.7 3054.7 0.0 102421.8300
3068.84 3068.84 0.0 102419.2523
3082.99 3082.99 0.0 102416.6844
3097.13 3097.13 0.0 102414.1292
3111.27 3111.27 0.0 102411.5836
3125.41 3125.41 0.0 102409.0491
3139.55 3139.55 0.0 102406.5253
3153.7 3153.7 0.0 102404.0088
3167.84 3167.84 0.0 102401.5052
3181.98 3181.98 0.0 102399.0106
3196.12 3196.12 0.0 102396.5254
3210.26 3210.26 0.0 102394.0490
3224.41 3224.41 0.0 102391.5803
3238.55 3238.55 0.0 102389.1239
3252.69 3252.69 0.0 102386.6736
3266.83 3266.83 0.0 102384.2332
3280.98 3280.98 0.0 102381.7982
3295.12 3295.12 0.0 102379.3734
3309.26 3309.26 0.0 102376.9561
3323.4 3323.4 0.0 102374.5463
3337.54 3337.54 0.0 102372.1442
3351.69 3351.69 0.0 102369.7469
3365.83 3365.83 0.0 102367.3572
3379.97 3379.97 0.0 102364.9749
3394.11 3394.11 0.0 102362.5964
3408.25 3408.25 0.0 102360.2262
3422.4 3422.4 0.0 102357.8572
3436.54 3436.54 0.0 102355.4962
3450.68 3450.68 0.0 102353.1399
3464.82 3464.82 0.0 102350.7881
3478.97 3478.97 0.0 102348.4374
3493.11 3493.11 0.0 102346.0933
3507.25 3507.25 0.0 102343.7514
3521.39 3521.39 0.0 102341.4128
3535.53 3535.53 0.0 102339.0778
3549.68 3549.68 0.0 102336.7432
3563.82 3563.82 0.0 102334.4120
3577.96 3577.96 0.0 102332.0825
3592.1 3592.1 0.0 102329.7545
3606.24 3606.24 0.0 102327.4280
3620.39 3620.39 0.0 102325.1002
3634.53 3634.53 0.0 102322.7750
3648.67 3648.67 0.0 102320.4475
3662.81 3662.81 0.0 102318.1218
3676.96 3676.96 0.0 102315.7938
3691.1 3691.1 0.0 102313.4658
3705.24 3705.24 0.0 102311.1370
3719.38 3719.38 0.0 102308.8071
3733.52 3733.52 0.0 102306.4747
3747.67 3747.67 0.0 102304.1383
3761.81 3761.81 0.0 102301.8022
3775.95 3775.95 0.0 102299.4633
3790.09 3790.09 0.0 102297.1198
3804.23 3804.23 0.0 102294.7745
3818.38 3818.38 0.0 102292.4224
3832.52 3832.52 0.0 102290.0696
3846.66 3846.66 0.0 102287.7125
3860.8 3860.8 0.0 102285.3506
3874.95 3874.95 0.0 102282.9835
3889.09 3889.09 0.0 102280.6112
3903.23 3903.23 0.0 102278.2344
3917.37 3917.37 0.0 102275.8527
3931.51 3931.51 0.0 102273.4647
3945.66 3945.66 0.0 102271.0692
3959.8 3959.8 0.0 102268.6697
3973.94 3973.94 0.0 102266.2630
3988.08 3988.08 0.0 102263.8511
4002.22 4002.22 0.0 102261.4317
4016.37 4016.37 0.0 102259.0029
4030.51 4030.51 0.0 102256.5693
4044.65 4044.65 0.0 102254.1287
4058.79 4058.79 0.0 102251.6794
4072.94 4072.94 0.0 102249.2217
4087.08 4087.08 0.0 102246.7582
4101.22 4101.22 0.0 102244.2855
4115.36 4115.36 0.0 102241.8046
4129.5 4129.5 0.0 102239.3163
4143.65 4143.65 0.0 102236.8171
4157.79 4157.79 0.0 102234.3108
4171.93 4171.93 0.0 102231.7967
4186.07 4186.07 0.0 102229.2731
4200.21 4200.21 0.0 102226.7407
4214.36 4214.36 0.0 102224.1973
4228.5 4228.5 0.0 102221.6467
4242.64 4242.64 0.0 102219.0865
