0.0 0.0 0.0 230520.2266
14.1421 14.1421 0.0 267013.0938
28.2843 28.2843 0.0 279156.7656
42.4264 42.4264 0.0 286237.6875
56.5685 56.5685 0.0 290914.3281
70.7107 70.7107 0.0 294137.9375
84.8528 84.8528 0.0 296373.0469
98.9949 98.9949 0.0 297886.6719
113.137 113.137 0.0 298848.1250
127.279 127.279 0.0 299372.9062
141.421 141.421 0.0 299543.8281
155.563 155.563 0.0 299422.4375
169.706 169.706 0.0 299056.2812
183.848 183.848 0.0 298482.7656
197.99 197.99 0.0 297732.0625
212.132 212.132 0.0 296828.6250
226.274 226.274 0.0 295793.0469
240.416 240.416 0.0 294642.5156
254.558 254.558 0.0 293391.7188
268.701 268.701 0.0 292053.0938
282.843 282.843 0.0 290637.7188
296.985 296.985 0.0 289154.8594
311.127 311.127 0.0 287612.8750
325.269 325.269 0.0 286019.1562
339.411 339.411 0.0 284380.1562
353.553 353.553 0.0 282701.7656
367.696 367.696 0.0 280988.9062
381.838 381.838 0.0 279246.4688
395.98 395.98 0.0 277478.6406
410.122 410.122 0.0 275689.1562
424.264 424.264 0.0 273881.3906
438.406 438.406 0.0 272058.4688
452.548 452.548 0.0 270223.2500
466.69 466.69 0.0 268378.3281
480.833 480.833 0.0 266525.8906
494.975 494.975 0.0 264668.3125
509.117 509.117 0.0 262807.4531
523.259 523.259 0.0 260945.2344
537.401 537.401 0.0 259083.1719
551.543 551.543 0.0 257222.9219
565.685 565.685 0.0 255365.6719
579.828 579.828 0.0 253512.8438
593.97 593.97 0.0 251665.6562
608.112 608.112 0.0 249825.2031
622.254 622.254 0.0 247992.4219
636.396 636.396 0.0 246168.3281
650.538 650.538 0.0 244353.6250
664.68 664.68 0.0 242549.1719
678.823 678.823 0.0 240755.5625
692.965 692.965 0.0 238973.7031
707.107 707.107 0.0 237204.1094
721.249 721.249 0.0 235447.2812
735.391 735.391 0.0 233703.7031
749.533 749.533 0.0 231973.8984
763.675 763.675 0.0 230258.2812
777.817 777.817 0.0 228557.2422
791.96 791.96 0.0 226871.0078
806.102 806.102 0.0 225200.0703
820.244 820.244 0.0 223544.6719
834.386 834.386 0.0 221905.0469
848.528 848.528 0.0 220281.3906
862.67 862.67 0.0 218673.9375
876.812 876.812 0.0 217082.9219
890.955 890.955 0.0 215508.3516
905.097 905.097 0.0 213950.5312
919.239 919.239 0.0 212409.5000
933.381 933.381 0.0 210885.4062
947.523 947.523 0.0 209378.2734
961.665 961.665 0.0 207888.1875
975.807 975.807 0.0 206415.2188
989.949 989.949 0.0 204959.3594
1004.09 1004.09 0.0 203520.7969
1018.23 1018.23 0.0 202099.4062
1032.38 1032.38 0.0 200694.2109
1046.52 1046.52 0.0 199307.1719
1060.66 1060.66 0.0 197937.2812
1074.8 1074.8 0.0 196584.4062
1088.94 1088.94 0.0 195248.6016
1103.09 1103.09 0.0 193928.8672
1117.23 1117.23 0.0 192626.9609
1131.37 1131.37 0.0 191341.9453
1145.51 1145.51 0.0 190073.6875
1159.66 1159.66 0.0 188821.2500
1173.8 1173.8 0.0 187586.3047
1187.94 1187.94 0.0 186367.8750
1202.08 1202.08 0.0 185165.8281
1216.22 1216.22 0.0 183980.1172
1230.37 1230.37 0.0 182809.7578
1244.51 1244.51 0.0 181656.3125
1258.65 1258.65 0.0 180518.7969
1272.79 1272.79 0.0 179397.1562
1286.93 1286.93 0.0 178291.1953
1301.08 1301.08 0.0 177200.0156
1315.22 1315.22 0.0 176125.1016
1329.36 1329.36 0.0 175065.4375
1343.5 1343.5 0.0 174020.9531
1357.65 1357.65 0.0 172990.7734
1371.79 1371.79 0.0 171976.2188
1385.93 1385.93 0.0 170976.3438
1400.07 1400.07 0.0 169991.0547
1414.21 1414.21 0.0 169020.2188
1428.36 1428.36 0.0 168062.9688
1442.5 1442.5 0.0 167120.5234
1456.64 1456.64 0.0 166192.0781
1470.78 1470.78 0.0 165277.4102
1484.92 1484.92 0.0 164376.4492
1499.07 1499.07 0.0 163488.3477
1513.21 1513.21 0.0 162614.2383
1527.35 1527.35 0.0 161753.2930
1541.49 1541.49 0.0 160905.3789
1555.63 1555.63 0.0 160070.3789
1569.78 1569.78 0.0 159247.4844
1583.92 1583.92 0.0 158437.7773
1598.06 1598.06 0.0 157640.4141
1612.2 1612.2 0.0 156855.3242
1626.35 1626.35 0.0 156081.7891
1640.49 1640.49 0.0 155320.7148
1654.63 1654.63 0.0 154571.4219
1668.77 1668.77 0.0 153833.7305
1682.91 1682.91 0.0 153107.5117
1697.06 1697.06 0.0 152392.1328
1711.2 1711.2 0.0 151688.3750
1725.34 1725.34 0.0 150995.6289
1739.48 1739.48 0.0 150313.7305
1753.62 1753.62 0.0 149642.5352
1767.77 1767.77 0.0 148981.4023
1781.91 1781.91 0.0 148331.1602
1796.05 1796.05 0.0 147691.1562
1810.19 1810.19 0.0 147061.2773
1824.34 1824.34 0.0 146440.8828
1838.48 1838.48 0.0 145830.7578
1852.62 1852.62 0.0 145230.2891
1866.76 1866.76 0.0 144639.3516
1880.9 1880.9 0.0 144057.7891
1895.05 1895.05 0.0 143485.0625
1909.19 1909.19 0.0 142921.8633
1923.33 1923.33 0.0 142367.6172
1937.47 1937.47 0.0 141822.2266
1951.61 1951.61 0.0 141285.5039
1965.76 1965.76 0.0 140756.9648
1979.9 1979.9 0.0 140237.2305
1994.04 1994.04 0.0 139725.8125
2008.18 2008.18 0.0 139222.5664
2022.33 2022.33 0.0 138727.0039
2036.47 2036.47 0.0 138239.7031
2050.61 2050.61 0.0 137760.2109
2064.75 2064.75 0.0 137288.3867
2078.89 2078.89 0.0 136824.0859
2093.04 2093.04 0.0 136366.9258
2107.18 2107.18 0.0 135917.3555
2121.32 2121.32 0.0 135474.9922
2135.46 2135.46 0.0 135039.7227
2149.6 2149.6 0.0 134611.3867
2163.75 2163.75 0.0 134189.6172
2177.89 2177.89 0.0 133774.8906
2192.03 2192.03 0.0 133366.7656
2206.17 2206.17 0.0 132965.1719
2220.32 2220.32 0.0 132569.7207
2234.46 2234.46 0.0 132180.8301
2248.6 2248.6 0.0 131798.1562
2262.74 2262.74 0.0 131421.5820
2276.88 2276.88 0.0 131051.0098
2291.03 2291.03 0.0 130686.0723
2305.17 2305.17 0.0 130327.1934
2319.31 2319.31 0.0 129974.0039
2333.45 2333.45 0.0 129626.4473
2347.59 2347.59 0.0 129284.3887
2361.74 2361.74 0.0 128947.5312
2375.88 2375.88 0.0 128616.2227
2390.02 2390.02 0.0 128290.1621
2404.16 2404.16 0.0 127969.2539
2418.31 2418.31 0.0 127653.1895
2432.45 2432.45 0.0 127342.3301
2446.59 2446.59 0.0 127036.3594
2460.73 2460.73 0.0 126735.2090
2474.87 2474.87 0.0 126438.7812
2489.02 2489.02 0.0 126146.8125
2503.16 2503.16 0.0 125859.6172
2517.3 2517.3 0.0 125576.9043
2531.44 2531.44 0.0 125298.6074
2545.58 2545.58 0.0 125024.6621
2559.73 2559.73 0.0 124754.7793
2573.87 2573.87 0.0 124489.2930
2588.01 2588.01 0.0 124227.9160
2602.15 2602.15 0.0 123970.6094
2616.3 2616.3 0.0 123717.1055
2630.44 2630.44 0.0 123467.6816
2644.58 2644.58 0.0 123222.0977
2658.72 2658.72 0.0 122980.3105
2672.86 2672.86 0.0 122742.2344
2687.01 2687.01 0.0 122507.6387
2701.15 2701.15 0.0 122276.8008
2715.29 2715.29 0.0 122049.4785
2729.43 2729.43 0.0 121825.6504
2743.57 2743.57 0.0 121605.2090
2757.72 2757.72 0.0 121387.9668
2771.86 2771.86 0.0 121174.1719
2786.0 2786.0 0.0 120963.6113
2800.14 2800.14 0.0 120756.2266
2814.28 2814.28 0.0 120551.9648
2828.43 2828.43 0.0 120350.6367
2842.57 2842.57 0.0 120152.4668
2856.71 2856.71 0.0 119957.2637
2870.85 2870.85 0.0 119764.9629
2885.0 2885.0 0.0 119575.4160
2899.14 2899.14 0.0 119388.7988
2913.28 2913.28 0.0 119204.9590
2927.42 2927.42 0.0 119023.8457
2941.56 2941.56 0.0 118845.3926
2955.71 2955.71 0.0 118669.4531
2969.85 2969.85 0.0 118496.2148
2983.99 2983.99 0.0 118325.5117
2998.13 2998.13 0.0 118157.3125
3012.27 3012.27 0.0 117991.5742
3026.42 3026.42 0.0 117828.1270
3040.56 3040.56 0.0 117667.1572
3054.7 3054.7 0.0 117508.5254
3068.84 3068.84 0.0 117352.1807
3082.99 3082.99 0.0 117197.9795
3097.13 3097.13 0.0 117046.0898
3111.27 3111.27 0.0 116896.3955
3125.41 3125.41 0.0 116748.8301
3139.55 3139.55 0.0 116603.3604
3153.7 3153.7 0.0 116459.8770
3167.84 3167.84 0.0 116318.5166
3181.98 3181.98 0.0 116179.1641
3196.12 3196.12 0.0 116041.7725
3210.26 3210.26 0.0 115906.3057
3224.41 3224.41 0.0 115772.6436
3238.55 3238.55 0.0 115640.9570
3252.69 3252.69 0.0 115511.1006
3266.83 3266.83 0.0 115383.0400
3280.98 3280.98 0.0 115256.6875
3295.12 3295.12 0.0 115132.1572
3309.26 3309.26 0.0 115009.3467
3323.4 3323.4 0.0 114888.2314
3337.54 3337.54 0.0 114768.7734
3351.69 3351.69 0.0 114650.8721
3365.83 3365.83 0.0 114534.6553
3379.97 3379.97 0.0 114420.0215
3394.11 3394.11 0.0 114306.9482
3408.25 3408.25 0.0 114195.3994
3422.4 3422.4 0.0 114085.2812
3436.54 3436.54 0.0 113976.7178
3450.68 3450.68 0.0 113869.6113
3464.82 3464.82 0.0 113763.9375
3478.97 3478.97 0.0 113659.6025
3493.11 3493.11 0.0 113556.7197
3507.25 3507.25 0.0 113455.2109
3521.39 3521.39 0.0 113355.0479
3535.53 3535.53 0.0 113256.1943
3549.68 3549.68 0.0 113158.5732
3563.82 3563.82 0.0 113062.2969
3577.96 3577.96 0.0 112967.2920
3592.1 3592.1 0.0 112873.5156
3606.24 3606.24 0.0 112780.9678
3620.39 3620.39 0.0 112689.5566
3634.53 3634.53 0.0 112599.3740
3648.67 3648.67 0.0 112510.3652
3662.81 3662.81 0.0 112422.4902
3676.96 3676.96 0.0 112335.6943
3691.1 3691.1 0.0 112250.0557
3705.24 3705.24 0.0 112165.5205
3719.38 3719.38 0.0 112082.0498
3733.52 3733.52 0.0 111999.6328
3747.67 3747.67 0.0 111918.2070
3761.81 3761.81 0.0 111837.8662
3775.95 3775.95 0.0 111758.5342
3790.09 3790.09 0.0 111680.1846
3804.23 3804.23 0.0 111602.8203
3818.38 3818.38 0.0 111526.3652
3832.52 3832.52 0.0 111450.9141
3846.66 3846.66 0.0 111376.3926
3860.8 3860.8 0.0 111302.7979
3874.95 3874.95 0.0 111230.0537
3889.09 3889.09 0.0 111158.2471
3903.23 3903.23 0.0 111087.3301
3917.37 3917.37 0.0 111017.2705
3931.51 3931.51 0.0 110948.0674
3945.66 3945.66 0.0 110879.6514
3959.8 3959.8 0.0 110812.1240
3973.94 3973.94 0.0 110745.3945
3988.08 3988.08 0.0 110679.4746
4002.22 4002.22 0.0 110614.3438
4016.37 4016.37 0.0 110549.9482
4030.51 4030.51 0.0 110486.3623
4044.65 4044.65 0.0 110423.5420
4058.79 4058.79 0.0 110361.4629
4072.94 4072.94 0.0 110300.0742
4087.08 4087.08 0.0 110239.4424
4101.22 4101.22 0.0 110179.5352
4115.36 4115.36 0.0 110120.3213
4129.5 4129.5 0.0 110061.8066
4143.65 4143.65 0.0 110003.9326
4157.79 4157.79 0.0 109946.7676
4171.93 4171.93 0.0 109890.2656
4186.07 4186.07 0.0 109834.4229
4200.21 4200.21 0.0 109779.2207
4214.36 4214.36 0.0 109724.6094
4228.5 4228.5 0.0 109670.6631
4242.64 4242.64 0.0 109617.3340
