0.0 0.0 0.0 296474.5781
14.1421 14.1421 0.0 1436901.2500
28.2843 28.2843 0.0 1271508.1250
42.4264 42.4264 0.0 1088271.0000
56.5685 56.5685 0.0 928320.2500
70.7107 70.7107 0.0 795447.7500
84.8528 84.8528 0.0 686762.3125
98.9949 98.9949 0.0 598221.6250
113.137 113.137 0.0 526018.0625
127.279 127.279 0.0 466919.0312
141.421 141.421 0.0 418293.5312
155.563 155.563 0.0 378043.1250
169.706 169.706 0.0 344507.3438
183.848 183.848 0.0 316384.6250
197.99 197.99 0.0 292643.3906
212.132 212.132 0.0 272471.0781
226.274 226.274 0.0 255223.5312
240.416 240.416 0.0 240387.8438
254.558 254.558 0.0 227553.1953
268.701 268.701 0.0 216388.1172
282.843 282.843 0.0 206626.4062
296.985 296.985 0.0 198048.9453
311.127 311.127 0.0 190477.1016
325.269 325.269 0.0 183763.5625
339.411 339.411 0.0 177786.3047
353.553 353.553 0.0 172443.7734
367.696 367.696 0.0 167650.5000
381.838 381.838 0.0 163335.6289
395.98 395.98 0.0 159438.1953
410.122 410.122 0.0 155906.8477
424.264 424.264 0.0 152697.7383
438.406 438.406 0.0 149773.2188
452.548 452.548 0.0 147100.9961
466.69 466.69 0.0 144653.1328
480.833 480.833 0.0 142405.2422
494.975 494.975 0.0 140336.6094
509.117 509.117 0.0 138428.6406
523.259 523.259 0.0 136665.3008
537.401 537.401 0.0 135032.3711
551.543 551.543 0.0 133517.3711
565.685 565.685 0.0 132109.2969
579.828 579.828 0.0 130798.2656
593.97 593.97 0.0 129575.8105
608.112 608.112 0.0 128434.0664
622.254 622.254 0.0 127366.0977
636.396 636.396 0.0 126365.7500
650.538 650.538 0.0 125427.4238
664.68 664.68 0.0 124546.1699
678.823 678.823 0.0 123717.3672
692.965 692.965 0.0 122937.1016
707.107 707.107 0.0 122201.6172
721.249 721.249 0.0 121507.5488
735.391 735.391 0.0 120851.8887
749.533 749.533 0.0 120231.8828
763.675 763.675 0.0 119644.9824
777.817 777.817 0.0 119088.8945
791.96 791.96 0.0 118561.4941
806.102 806.102 0.0 118060.9004
820.244 820.244 0.0 117585.3467
834.386 834.386 0.0 117133.1670
848.528 848.528 0.0 116702.8975
862.67 862.67 0.0 116293.1406
876.812 876.812 0.0 115902.6406
890.955 890.955 0.0 115530.1768
905.097 905.097 0.0 115174.7480
919.239 919.239 0.0 114835.2930
933.381 933.381 0.0 114510.8975
947.523 947.523 0.0 114200.6885
961.665 961.665 0.0 113903.8555
975.807 975.807 0.0 113619.6680
989.949 989.949 0.0 113347.4160
1004.09 1004.09 0.0 113086.4756
1018.23 1018.23 0.0 112836.2236
1032.38 1032.38 0.0 112595.9375
1046.52 1046.52 0.0 112365.3975
1060.66 1060.66 0.0 112143.9580
1074.8 1074.8 0.0 111931.1426
1088.94 1088.94 0.0 111726.5215
1103.09 1103.09 0.0 111529.5645
1117.23 1117.23 0.0 111340.1338
1131.37 1131.37 0.0 111157.7666
1145.51 1145.51 0.0 110982.0947
1159.66 1159.66 0.0 110812.7012
1173.8 1173.8 0.0 110649.5049
1187.94 1187.94 0.0 110492.1299
1202.08 1202.08 0.0 110340.2891
1216.22 1216.22 0.0 110193.7383
1230.37 1230.37 0.0 110052.1348
1244.51 1244.51 0.0 109915.4590
1258.65 1258.65 0.0 109783.4004
1272.79 1272.79 0.0 109655.7451
1286.93 1286.93 0.0 109532.3174
1301.08 1301.08 0.0 109412.8408
1315.22 1315.22 0.0 109297.3252
1329.36 1329.36 0.0 109185.5181
1343.5 1343.5 0.0 109077.2534
1357.65 1357.65 0.0 108972.3296
1371.79 1371.79 0.0 108870.7495
1385.93 1385.93 0.0 108772.2969
1400.07 1400.07 0.0 108676.8521
1414.21 1414.21 0.0 108584.2954
1428.36 1428.36 0.0 108494.4492
1442.5 1442.5 0.0 108407.3301
1456.64 1456.64 0.0 108322.7754
1470.78 1470.78 0.0 108240.6826
1484.92 1484.92 0.0 108160.9453
1499.07 1499.07 0.0 108083.4355
1513.21 1513.21 0.0 108008.1738
1527.35 1527.35 0.0 107935.0181
1541.49 1541.49 0.0 107863.8833
1555.63 1555.63 0.0 107794.7036
1569.78 1569.78 0.0 107727.3589
1583.92 1583.92 0.0 107661.8726
1598.06 1598.06 0.0 107598.1206
1612.2 1612.2 0.0 107536.0591
1626.35 1626.35 0.0 107475.5664
1640.49 1640.49 0.0 107416.6855
1654.63 1654.63 0.0 107359.3076
1668.77 1668.77 0.0 107303.3779
1682.91 1682.91 0.0 107248.8496
1697.06 1697.06 0.0 107195.6323
1711.2 1711.2 0.0 107143.7573
1725.34 1725.34 0.0 107093.1343
1739.48 1739.48 0.0 107043.7178
1753.62 1753.62 0.0 106995.4780
1767.77 1767.77 0.0 106948.3311
1781.91 1781.91 0.0 106902.3042
1796.05 1796.05 0.0 106857.3301
1810.19 1810.19 0.0 106813.3711
1824.34 1824.34 0.0 106770.3623
1838.48 1838.48 0.0 106728.3291
1852.62 1852.62 0.0 106687.2085
1866.76 1866.76 0.0 106646.9746
1880.9 1880.9 0.0 106607.5869
1895.05 1895.05 0.0 106568.9912
1909.19 1909.19 0.0 106531.2266
1923.33 1923.33 0.0 106494.2217
1937.47 1937.47 0.0 106457.9683
1951.61 1951.61 0.0 106422.4214
1965.76 1965.76 0.0 106387.5439
1979.9 1979.9 0.0 106353.3569
1994.04 1994.04 0.0 106319.8198
2008.18 2008.18 0.0 106286.9077
2022.33 2022.33 0.0 106254.5703
2036.47 2036.47 0.0 106222.8442
2050.61 2050.61 0.0 106191.6738
2064.75 2064.75 0.0 106161.0479
2078.89 2078.89 0.0 106130.9531
2093.04 2093.04 0.0 106101.3428
2107.18 2107.18 0.0 106072.2397
2121.32 2121.32 0.0 106043.6187
2135.46 2135.46 0.0 106015.4507
2149.6 2149.6 0.0 105987.7305
2163.75 2163.75 0.0 105960.4136
2177.89 2177.89 0.0 105933.5347
2192.03 2192.03 0.0 105907.0542
2206.17 2206.17 0.0 105880.9590
2220.32 2220.32 0.0 105855.2207
2234.46 2234.46 0.0 105829.8657
2248.6 2248.6 0.0 105804.8594
2262.74 2262.74 0.0 105780.1924
2276.88 2276.88 0.0 105755.8516
2291.03 2291.03 0.0 105731.8120
2305.17 2305.17 0.0 105708.0908
2319.31 2319.31 0.0 105684.6714
2333.45 2333.45 0.0 105661.5415
2347.59 2347.59 0.0 105638.6865
2361.74 2361.74 0.0 105616.0840
2375.88 2375.88 0.0 105593.7607
2390.02 2390.02 0.0 105571.6860
2404.16 2404.16 0.0 105549.8623
2418.31 2418.31 0.0 105528.2544
2432.45 2432.45 0.0 105506.8945
2446.59 2446.59 0.0 105485.7612
2460.73 2460.73 0.0 105464.8369
2474.87 2474.87 0.0 105444.1294
2489.02 2489.02 0.0 105423.6055
2503.16 2503.16 0.0 105403.2998
2517.3 2517.3 0.0 105383.1775
2531.44 2531.44 0.0 105363.2500
2545.58 2545.58 0.0 105343.5015
2559.73 2559.73 0.0 105323.9138
2573.87 2573.87 0.0 105304.5115
2588.01 2588.01 0.0 105285.2769
2602.15 2602.15 0.0 105266.2073
2616.3 2616.3 0.0 105247.2791
2630.44 2630.44 0.0 105228.5190
2644.58 2644.58 0.0 105209.9104
2658.72 2658.72 0.0 105191.4470
2672.86 2672.86 0.0 105173.1282
2687.01 2687.01 0.0 105154.9360
2701.15 2701.15 0.0 105136.8931
2715.29 2715.29 0.0 105118.9836
2729.43 2729.43 0.0 105101.2034
2743.57 2743.57 0.0 105083.5527
2757.72 2757.72 0.0 105066.0144
2771.86 2771.86 0.0 105048.6096
2786.0 2786.0 0.0 105031.3242
2800.14 2800.14 0.0 105014.1575
2814.28 2814.28 0.0 104997.1069
2828.43 2828.43 0.0 104980.1523
2842.57 2842.57 0.0 104963.3242
2856.71 2856.71 0.0 104946.6064
2870.85 2870.85 0.0 104929.9966
2885.0 2885.0 0.0 104913.4758
2899.14 2899.14 0.0 104897.0752
2913.28 2913.28 0.0 104880.7727
2927.42 2927.42 0.0 104864.5698
2941.56 2941.56 0.0 104848.4712
2955.71 2955.71 0.0 104832.4539
2969.85 2969.85 0.0 104816.5459
2983.99 2983.99 0.0 104800.7312
2998.13 2998.13 0.0 104785.0093
3012.27 3012.27 0.0 104769.3804
3026.42 3026.42 0.0 104753.8325
3040.56 3040.56 0.0 104738.3862
3054.7 3054.7 0.0 104723.0234
3068.84 3068.84 0.0 104707.7512
3082.99 3082.99 0.0 104692.5566
3097.13 3097.13 0.0 104677.4543
3111.27 3111.27 0.0 104662.4404
3125.41 3125.41 0.0 104647.5078
3139.55 3139.55 0.0 104632.6604
3153.7 3153.7 0.0 104617.8828
3167.84 3167.84 0.0 104603.1960
3181.98 3181.98 0.0 104588.5898
3196.12 3196.12 0.0 104574.0586
3210.26 3210.26 0.0 104559.6128
3224.41 3224.41 0.0 104545.2302
3238.55 3238.55 0.0 104530.9382
3252.69 3252.69 0.0 104516.7178
3266.83 3266.83 0.0 104502.5767
3280.98 3280.98 0.0 104488.4951
3295.12 3295.12 0.0 104474.5000
3309.26 3309.26 0.0 104460.5784
3323.4 3323.4 0.0 104446.7319
3337.54 3337.54 0.0 104432.9495
3351.69 3351.69 0.0 104419.2334
3365.83 3365.83 0.0 104405.5969
3379.97 3379.97 0.0 104392.0293
3394.11 3394.11 0.0 104378.5312
3408.25 3408.25 0.0 104365.0986
3422.4 3422.4 0.0 104351.7249
3436.54 3436.54 0.0 104338.4272
3450.68 3450.68 0.0 104325.1946
3464.82 3464.82 0.0 104312.0288
3478.97 3478.97 0.0 104298.9192
3493.11 3493.11 0.0 104285.8828
3507.25 3507.25 0.0 104272.9062
3521.39 3521.39 0.0 104259.9990
3535.53 3535.53 0.0 104247.1467
3549.68 3549.68 0.0 104234.3503
3563.82 3563.82 0.0 104221.6213
3577.96 3577.96 0.0 104208.9536
3592.1 3592.1 0.0 104196.3425
3606.24 3606.24 0.0 104183.7944
3620.39 3620.39 0.0 104171.2903
3634.53 3634.53 0.0 104158.8555
3648.67 3648.67 0.0 104146.4775
3662.81 3662.81 0.0 104134.1528
3676.96 3676.96 0.0 104121.8762
3691.1 3691.1 0.0 104109.6621
3705.24 3705.24 0.0 104097.5005
3719.38 3719.38 0.0 104085.3958
3733.52 3733.52 0.0 104073.3423
3747.67 3747.67 0.0 104061.3284
3761.81 3761.81 0.0 104049.3799
3775.95 3775.95 0.0 104037.4773
3790.09 3790.09 0.0 104025.6274
3804.23 3804.23 0.0 104013.8245
3818.38 3818.38 0.0 104002.0615
3832.52 3832.52 0.0 103990.3589
3846.66 3846.66 0.0 103978.7000
3860.8 3860.8 0.0 103967.0864
3874.95 3874.95 0.0 103955.5151
3889.09 3889.09 0.0 103943.9944
3903.23 3903.23 0.0 103932.5205
3917.37 3917.37 0.0 103921.0918
3931.51 3931.51 0.0 103909.7019
3945.66 3945.66 0.0 103898.3523
3959.8 3959.8 0.0 103887.0488
3973.94 3973.94 0.0 103875.7908
3988.08 3988.08 0.0 103864.5706
4002.22 4002.22 0.0 103853.3936
4016.37 4016.37 0.0 103842.2490
4030.51 4030.51 0.0 103831.1521
4044.65 4044.65 0.0 103820.0886
4058.79 4058.79 0.0 103809.0706
4072.94 4072.94 0.0 103798.0808
4087.08 4087.08 0.0 103787.1362
4101.22 4101.22 0.0 103776.2283
4115.36 4115.36 0.0 103765.3584
4129.5 4129.5 0.0 103754.5234
4143.65 4143.65 0.0 103743.7173
4157.79 4157.79 0.0 103732.9487
4171.93 4171.93 0.0 103722.2212
4186.07 4186.07 0.0 103711.5259
4200.21 4200.21 0.0 103700.8618
4214.36 4214.36 0.0 103690.2253
4228.5 4228.5 0.0 103679.6274
4242.64 4242.64 0.0 103669.0635
