0.0 0.0 0.0 259401.2969
14.1421 14.1421 0.0 1640286.5000
28.2843 28.2843 0.0 1649672.5000
42.4264 42.4264 0.0 1639650.2500
56.5685 56.5685 0.0 1614377.6250
70.7107 70.7107 0.0 1577299.1250
84.8528 84.8528 0.0 1531244.6250
98.9949 98.9949 0.0 1478580.1250
113.137 113.137 0.0 1421290.3750
127.279 127.279 0.0 1361039.3750
141.421 141.421 0.0 1299207.3750
155.563 155.563 0.0 1236932.3750
169.706 169.706 0.0 1175129.6250
183.848 183.848 0.0 1114537.6875
197.99 197.99 0.0 1055716.5000
212.132 212.132 0.0 999089.2500
226.274 226.274 0.0 944956.0000
240.416 240.416 0.0 893513.6250
254.558 254.558 0.0 844874.8125
268.701 268.701 0.0 799079.1875
282.843 282.843 0.0 756120.5000
296.985 296.985 0.0 715939.8125
311.127 311.127 0.0 678448.6250
325.269 325.269 0.0 643535.6875
339.411 339.411 0.0 611072.8750
353.553 353.553 0.0 580923.2188
367.696 367.696 0.0 552942.4688
381.838 381.838 0.0 526991.6875
395.98 395.98 0.0 502927.4688
410.122 410.122 0.0 480613.0000
424.264 424.264 0.0 459917.1875
438.406 438.406 0.0 440715.4062
452.548 452.548 0.0 422890.2812
466.69 466.69 0.0 406332.4375
480.833 480.833 0.0 390938.8750
494.975 494.975 0.0 376617.5312
509.117 509.117 0.0 363280.3438
523.259 523.259 0.0 350847.2812
537.401 537.401 0.0 339244.9844
551.543 551.543 0.0 328406.3281
565.685 565.685 0.0 318269.8750
579.828 579.828 0.0 308778.7969
593.97 593.97 0.0 299883.5625
608.112 608.112 0.0 291536.4062
622.254 622.254 0.0 283695.0469
636.396 636.396 0.0 276320.5156
650.538 650.538 0.0 269377.5781
664.68 664.68 0.0 262833.8594
678.823 678.823 0.0 256659.5938
692.965 692.965 0.0 250828.6562
707.107 707.107 0.0 245316.1875
721.249 721.249 0.0 240099.7344
735.391 735.391 0.0 235158.7031
749.533 749.533 0.0 230474.3359
763.675 763.675 0.0 226029.4297
777.817 777.817 0.0 221808.1562
791.96 791.96 0.0 217795.7578
806.102 806.102 0.0 213979.3906
820.244 820.244 0.0 210346.5391
834.386 834.386 0.0 206885.8672
848.528 848.528 0.0 203586.8594
862.67 862.67 0.0 200439.9688
876.812 876.812 0.0 197436.1328
890.955 890.955 0.0 194566.8984
905.097 905.097 0.0 191825.0391
919.239 919.239 0.0 189203.1641
933.381 933.381 0.0 186694.6172
947.523 947.523 0.0 184293.2031
961.665 961.665 0.0 181993.2344
975.807 975.807 0.0 179789.2109
989.949 989.949 0.0 177676.1484
1004.09 1004.09 0.0 175649.4922
1018.23 1018.23 0.0 173704.7422
1032.38 1032.38 0.0 171836.4141
1046.52 1046.52 0.0 170043.1484
1060.66 1060.66 0.0 168319.9766
1074.8 1074.8 0.0 166663.4688
1088.94 1088.94 0.0 165070.3789
1103.09 1103.09 0.0 163536.5664
1117.23 1117.23 0.0 162061.3594
1131.37 1131.37 0.0 160640.8906
1145.51 1145.51 0.0 159272.5781
1159.66 1159.66 0.0 157953.1172
1173.8 1173.8 0.0 156682.0312
1187.94 1187.94 0.0 155456.2266
1202.08 1202.08 0.0 154273.6562
1216.22 1216.22 0.0 153132.2930
1230.37 1230.37 0.0 152029.5938
1244.51 1244.51 0.0 150965.3359
1258.65 1258.65 0.0 149937.0508
1272.79 1272.79 0.0 148943.1836
1286.93 1286.93 0.0 147982.2031
1301.08 1301.08 0.0 147052.0742
1315.22 1315.22 0.0 146152.7148
1329.36 1329.36 0.0 145282.2305
1343.5 1343.5 0.0 144439.3555
1357.65 1357.65 0.0 143622.3750
1371.79 1371.79 0.0 142831.3398
1385.93 1385.93 0.0 142064.6172
1400.07 1400.07 0.0 141321.2070
1414.21 1414.21 0.0 140600.1602
1428.36 1428.36 0.0 139900.0742
1442.5 1442.5 0.0 139221.1055
1456.64 1456.64 0.0 138561.9102
1470.78 1470.78 0.0 137921.7148
1484.92 1484.92 0.0 137299.7852
1499.07 1499.07 0.0 136694.9844
1513.21 1513.21 0.0 136107.4961
1527.35 1527.35 0.0 135536.2383
1541.49 1541.49 0.0 134980.5938
1555.63 1555.63 0.0 134440.0156
1569.78 1569.78 0.0 133913.5312
1583.92 1583.92 0.0 133401.3770
1598.06 1598.06 0.0 132902.6719
1612.2 1612.2 0.0 132416.9004
1626.35 1626.35 0.0 131943.3203
1640.49 1640.49 0.0 131482.1133
1654.63 1654.63 0.0 131032.5527
1668.77 1668.77 0.0 130594.2031
1682.91 1682.91 0.0 130166.7012
1697.06 1697.06 0.0 129749.3848
1711.2 1711.2 0.0 129342.4531
1725.34 1725.34 0.0 128945.3301
1739.48 1739.48 0.0 128557.6582
1753.62 1753.62 0.0 128179.1191
1767.77 1767.77 0.0 127809.1738
1781.91 1781.91 0.0 127448.0469
1796.05 1796.05 0.0 127095.2129
1810.19 1810.19 0.0 126750.4004
1824.34 1824.34 0.0 126413.1250
1838.48 1838.48 0.0 126083.6289
1852.62 1852.62 0.0 125761.4355
1866.76 1866.76 0.0 125446.3086
1880.9 1880.9 0.0 125138.0547
1895.05 1895.05 0.0 124836.2480
1909.19 1909.19 0.0 124541.1074
1923.33 1923.33 0.0 124252.2480
1937.47 1937.47 0.0 123969.4824
1951.61 1951.61 0.0 123692.6113
1965.76 1965.76 0.0 123421.3047
1979.9 1979.9 0.0 123155.7617
1994.04 1994.04 0.0 122895.6426
2008.18 2008.18 0.0 122640.7832
2022.33 2022.33 0.0 122390.8867
2036.47 2036.47 0.0 122146.1543
2050.61 2050.61 0.0 121906.2520
2064.75 2064.75 0.0 121671.0762
2078.89 2078.89 0.0 121440.4863
2093.04 2093.04 0.0 121214.1992
2107.18 2107.18 0.0 120992.4297
2121.32 2121.32 0.0 120774.8906
2135.46 2135.46 0.0 120561.4785
2149.6 2149.6 0.0 120352.0820
2163.75 2163.75 0.0 120146.4668
2177.89 2177.89 0.0 119944.8027
2192.03 2192.03 0.0 119746.8594
2206.17 2206.17 0.0 119552.5469
2220.32 2220.32 0.0 119361.6406
2234.46 2234.46 0.0 119174.3105
2248.6 2248.6 0.0 118990.3555
2262.74 2262.74 0.0 118809.6836
2276.88 2276.88 0.0 118632.2109
2291.03 2291.03 0.0 118457.7539
2305.17 2305.17 0.0 118286.4688
2319.31 2319.31 0.0 118118.1738
2333.45 2333.45 0.0 117952.7793
2347.59 2347.59 0.0 117790.2324
2361.74 2361.74 0.0 117630.3613
2375.88 2375.88 0.0 117473.3213
2390.02 2390.02 0.0 117318.9248
2404.16 2404.16 0.0 117167.1318
2418.31 2418.31 0.0 117017.7627
2432.45 2432.45 0.0 116870.9834
2446.59 2446.59 0.0 116726.6299
2460.73 2460.73 0.0 116584.6611
2474.87 2474.87 0.0 116444.9932
2489.02 2489.02 0.0 116307.5078
2503.16 2503.16 0.0 116172.3535
2517.3 2517.3 0.0 116039.3633
2531.44 2531.44 0.0 115908.5000
2545.58 2545.58 0.0 115779.7246
2559.73 2559.73 0.0 115652.9043
2573.87 2573.87 0.0 115528.1709
2588.01 2588.01 0.0 115405.3838
2602.15 2602.15 0.0 115284.5352
2616.3 2616.3 0.0 115165.4648
2630.44 2630.44 0.0 115048.3379
2644.58 2644.58 0.0 114932.9951
2658.72 2658.72 0.0 114819.4277
2672.86 2672.86 0.0 114707.5986
2687.01 2687.01 0.0 114597.3887
2701.15 2701.15 0.0 114488.9170
2715.29 2715.29 0.0 114382.0859
2729.43 2729.43 0.0 114276.8652
2743.57 2743.57 0.0 114173.1992
2757.72 2757.72 0.0 114071.0215
2771.86 2771.86 0.0 113970.4180
2786.0 2786.0 0.0 113871.2998
2800.14 2800.14 0.0 113773.6377
2814.28 2814.28 0.0 113677.4043
2828.43 2828.43 0.0 113582.5137
2842.57 2842.57 0.0 113489.0693
2856.71 2856.71 0.0 113396.9736
2870.85 2870.85 0.0 113306.2139
2885.0 2885.0 0.0 113216.6885
2899.14 2899.14 0.0 113128.5107
2913.28 2913.28 0.0 113041.5850
2927.42 2927.42 0.0 112955.9102
2941.56 2941.56 0.0 112871.4346
2955.71 2955.71 0.0 112788.1006
2969.85 2969.85 0.0 112706.0039
2983.99 2983.99 0.0 112625.0527
2998.13 2998.13 0.0 112545.2275
3012.27 3012.27 0.0 112466.5293
3026.42 3026.42 0.0 112388.8721
3040.56 3040.56 0.0 112312.3369
3054.7 3054.7 0.0 112236.8613
3068.84 3068.84 0.0 112162.4258
3082.99 3082.99 0.0 112088.9697
3097.13 3097.13 0.0 112016.5674
3111.27 3111.27 0.0 111945.1523
3125.41 3125.41 0.0 111874.7129
3139.55 3139.55 0.0 111805.2197
3153.7 3153.7 0.0 111736.6367
3167.84 3167.84 0.0 111669.0205
3181.98 3181.98 0.0 111602.3135
3196.12 3196.12 0.0 111536.5049
3210.26 3210.26 0.0 111471.5820
3224.41 3224.41 0.0 111407.4824
3238.55 3238.55 0.0 111344.2832
3252.69 3252.69 0.0 111281.9229
3266.83 3266.83 0.0 111220.3945
3280.98 3280.98 0.0 111159.6426
3295.12 3295.12 0.0 111099.7236
3309.26 3309.26 0.0 111040.6025
3323.4 3323.4 0.0 110982.2637
3337.54 3337.54 0.0 110924.6875
3351.69 3351.69 0.0 110867.8242
3365.83 3365.83 0.0 110811.7461
3379.97 3379.97 0.0 110756.4043
3394.11 3394.11 0.0 110701.7744
3408.25 3408.25 0.0 110647.8584
3422.4 3422.4 0.0 110594.6025
3436.54 3436.54 0.0 110542.0791
3450.68 3450.68 0.0 110490.2295
3464.82 3464.82 0.0 110439.0430
3478.97 3478.97 0.0 110388.4844
3493.11 3493.11 0.0 110338.6113
3507.25 3507.25 0.0 110289.3740
3521.39 3521.39 0.0 110240.7715
3535.53 3535.53 0.0 110192.7861
3549.68 3549.68 0.0 110145.3848
3563.82 3563.82 0.0 110098.6133
3577.96 3577.96 0.0 110052.4414
3592.1 3592.1 0.0 110006.8506
3606.24 3606.24 0.0 109961.8369
3620.39 3620.39 0.0 109917.3604
3634.53 3634.53 0.0 109873.4814
3648.67 3648.67 0.0 109830.1494
3662.81 3662.81 0.0 109787.3574
3676.96 3676.96 0.0 109745.0840
3691.1 3691.1 0.0 109703.3662
3705.24 3705.24 0.0 109662.1719
3719.38 3719.38 0.0 109621.4863
3733.52 3733.52 0.0 109581.3066
3747.67 3747.67 0.0 109541.6035
3761.81 3761.81 0.0 109502.4277
3775.95 3775.95 0.0 109463.7319
3790.09 3790.09 0.0 109425.5181
3804.23 3804.23 0.0 109387.7744
3818.38 3818.38 0.0 109350.4683
3832.52 3832.52 0.0 109313.6616
3846.66 3846.66 0.0 109277.2944
3860.8 3860.8 0.0 109241.3813
3874.95 3874.95 0.0 109205.8804
3889.09 3889.09 0.0 109170.8477
3903.23 3903.23 0.0 109136.2373
3917.37 3917.37 0.0 109102.0557
3931.51 3931.51 0.0 109068.2881
3945.66 3945.66 0.0 109034.9121
3959.8 3959.8 0.0 109001.9639
3973.94 3973.94 0.0 108969.4204
3988.08 3988.08 0.0 108937.2681
4002.22 4002.22 0.0 108905.5059
4016.37 4016.37 0.0 108874.1128
4030.51 4030.51 0.0 108843.1133
4044.65 4044.65 0.0 108812.4927
4058.79 4058.79 0.0 108782.2446
4072.94 4072.94 0.0 108752.3340
4087.08 4087.08 0.0 108722.8159
4101.22 4101.22 0.0 108693.6431
4115.36 4115.36 0.0 108664.8188
4129.5 4129.5 0.0 108636.3491
4143.65 4143.65 0.0 108608.1943
4157.79 4157.79 0.0 108580.4023
4171.93 4171.93 0.0 108552.9395
4186.07 4186.07 0.0 108525.8022
4200.21 4200.21 0.0 108498.9878
4214.36 4214.36 0.0 108472.4810
4228.5 4228.5 0.0 108446.3081
4242.64 4242.64 0.0 108420.4429
4256.78 4256.78 0.0 108394.8867
4270.92 4270.92 0.0 108369.6294
4285.07 4285.07 0.0 108344.6558
4299.21 4299.21 0.0 108319.9932
4313.35 4313.35 0.0 108295.6284
4327.49 4327.49 0.0 108271.5435
4341.64 4341.64 0.0 108247.7285
4355.78 4355.78 0.0 108224.2109
4369.92 4369.92 0.0 108200.9731
4384.06 4384.06 0.0 108178.0088
4398.2 4398.2 0.0 108155.3086
4412.35 4412.35 0.0 108132.8516
4426.49 4426.49 0.0 108110.6875
4440.63 4440.63 0.0 108088.7793
4454.77 4454.77 0.0 108067.1265
4468.91 4468.91 0.0 108045.7183
4483.06 4483.06 0.0 108024.5537
4497.2 4497.2 0.0 108003.6426
4511.34 4511.34 0.0 107982.9888
4525.48 4525.48 0.0 107962.5542
4539.63 4539.63 0.0 107942.3521
4553.77 4553.77 0.0 107922.4048
4567.91 4567.91 0.0 107902.6807
4582.05 4582.05 0.0 107883.1831
4596.19 4596.19 0.0 107863.9141
4610.34 4610.34 0.0 107844.8506
4624.48 4624.48 0.0 107826.0220
4638.62 4638.62 0.0 107807.4072
4652.76 4652.76 0.0 107789.0117
4666.9 4666.9 0.0 107770.8184
4681.05 4681.05 0.0 107752.8252
4695.19 4695.19 0.0 107735.0508
4709.33 4709.33 0.0 107717.4761
4723.47 4723.47 0.0 107700.1016
4737.62 4737.62 0.0 107682.9194
4751.76 4751.76 0.0 107665.9395
4765.9 4765.9 0.0 107649.1558
4780.04 4780.04 0.0 107632.5508
4794.18 4794.18 0.0 107616.1421
4808.33 4808.33 0.0 107599.9097
4822.47 4822.47 0.0 107583.8652
4836.61 4836.61 0.0 107568.0103
4850.75 4850.75 0.0 107552.3193
4864.89 4864.89 0.0 107536.8154
4879.04 4879.04 0.0 107521.4731
4893.18 4893.18 0.0 107506.3076
4907.32 4907.32 0.0 107491.3193
4921.46 4921.46 0.0 107476.4932
4935.61 4935.61 0.0 107461.8188
4949.75 4949.75 0.0 107447.3257
4963.89 4963.89 0.0 107432.9878
4978.03 4978.03 0.0 107418.8110
4992.17 4992.17 0.0 107404.7891
5006.32 5006.32 0.0 107390.9082
5020.46 5020.46 0.0 107377.2002
5034.6 5034.6 0.0 107363.6382
5048.74 5048.74 0.0 107350.2178
5062.88 5062.88 0.0 107336.9531
5077.03 5077.03 0.0 107323.8198
5091.17 5091.17 0.0 107310.8408
5105.31 5105.31 0.0 107297.9971
5119.45 5119.45 0.0 107285.2979
5133.6 5133.6 0.0 107272.7266
5147.74 5147.74 0.0 107260.2983
5161.88 5161.88 0.0 107248.0078
5176.02 5176.02 0.0 107235.8442
5190.16 5190.16 0.0 107223.8120
5204.31 5204.31 0.0 107211.8994
5218.45 5218.45 0.0 107200.1221
5232.59 5232.59 0.0 107188.4741
5246.73 5246.73 0.0 107176.9448
5260.87 5260.87 0.0 107165.5425
5275.02 5275.02 0.0 107154.2461
5289.16 5289.16 0.0 107143.0820
5303.3 5303.3 0.0 107132.0308
5317.44 5317.44 0.0 107121.0962
5331.59 5331.59 0.0 107110.2700
5345.73 5345.73 0.0 107099.5635
5359.87 5359.87 0.0 107088.9673
5374.01 5374.01 0.0 107078.4805
5388.15 5388.15 0.0 107068.1025
5402.3 5402.3 0.0 107057.8232
5416.44 5416.44 0.0 107047.6562
5430.58 5430.58 0.0 107037.5923
5444.72 5444.72 0.0 107027.6294
5458.86 5458.86 0.0 107017.7705
5473.01 5473.01 0.0 107007.9966
5487.15 5487.15 0.0 106998.3369
5501.29 5501.29 0.0 106988.7681
5515.43 5515.43 0.0 106979.2969
5529.58 5529.58 0.0 106969.9160
5543.72 5543.72 0.0 106960.6309
5557.86 5557.86 0.0 106951.4312
5572.0 5572.0 0.0 106942.3311
5586.14 5586.14 0.0 106933.3184
5600.29 5600.29 0.0 106924.3872
5614.43 5614.43 0.0 106915.5459
5628.57 5628.57 0.0 106906.7910
5642.71 5642.71 0.0 106898.1187
5656.85 5656.85 0.0 106889.5254
5671.0 5671.0 0.0 106881.0176
5685.14 5685.14 0.0 106872.5879
5699.28 5699.28 0.0 106864.2368
5713.42 5713.42 0.0 106855.9727
5727.56 5727.56 0.0 106847.7778
5741.71 5741.71 0.0 106839.6558
5755.85 5755.85 0.0 106831.6133
5769.99 5769.99 0.0 106823.6460
5784.13 5784.13 0.0 106815.7466
5798.28 5798.28 0.0 106807.9116
5812.42 5812.42 0.0 106800.1572
5826.56 5826.56 0.0 106792.4746
5840.7 5840.7 0.0 106784.8569
5854.84 5854.84 0.0 106777.3037
5868.99 5868.99 0.0 106769.8188
5883.13 5883.13 0.0 106762.3979
5897.27 5897.27 0.0 106755.0435
5911.41 5911.41 0.0 106747.7510
5925.55 5925.55 0.0 106740.5249
5939.7 5939.7 0.0 106733.3496
5953.84 5953.84 0.0 106726.2402
5967.98 5967.98 0.0 106719.1890
5982.12 5982.12 0.0 106712.1982
5996.27 5996.27 0.0 106705.2651
6010.41 6010.41 0.0 106698.3867
6024.55 6024.55 0.0 106691.5684
6038.69 6038.69 0.0 106684.7939
6052.83 6052.83 0.0 106678.0845
6066.98 6066.98 0.0 106671.4238
6081.12 6081.12 0.0 106664.8174
6095.26 6095.26 0.0 106658.2642
6109.4 6109.4 0.0 106651.7549
6123.54 6123.54 0.0 106645.2988
6137.69 6137.69 0.0 106638.8867
6151.83 6151.83 0.0 106632.5269
6165.97 6165.97 0.0 106626.2153
6180.11 6180.11 0.0 106619.9517
6194.26 6194.26 0.0 106613.7305
6208.4 6208.4 0.0 106607.5566
6222.54 6222.54 0.0 106601.4155
6236.68 6236.68 0.0 106595.3311
6250.82 6250.82 0.0 106589.2910
6264.97 6264.97 0.0 106583.2808
6279.11 6279.11 0.0 106577.3154
6293.25 6293.25 0.0 106571.3960
6307.39 6307.39 0.0 106565.5132
6321.53 6321.53 0.0 106559.6641
6335.68 6335.68 0.0 106553.8545
6349.82 6349.82 0.0 106548.0913
6363.96 6363.96 0.0 106542.3579
6378.1 6378.1 0.0 106536.6592
6392.25 6392.25 0.0 106530.9980
6406.39 6406.39 0.0 106525.3706
6420.53 6420.53 0.0 106519.7749
6434.67 6434.67 0.0 106514.2188
6448.81 6448.81 0.0 106508.6958
6462.96 6462.96 0.0 106503.1982
6477.1 6477.1 0.0 106497.7344
6491.24 6491.24 0.0 106492.3052
6505.38 6505.38 0.0 106486.9062
6519.52 6519.52 0.0 106481.5317
6533.67 6533.67 0.0 106476.1885
6547.81 6547.81 0.0 106470.8745
6561.95 6561.95 0.0 106465.5859
6576.09 6576.09 0.0 106460.3315
6590.24 6590.24 0.0 106455.0977
6604.38 6604.38 0.0 106449.8911
6618.52 6618.52 0.0 106444.7144
6632.66 6632.66 0.0 106439.5591
6646.8 6646.8 0.0 106434.4292
6660.95 6660.95 0.0 106429.3237
6675.09 6675.09 0.0 106424.2378
6689.23 6689.23 0.0 106419.1807
6703.37 6703.37 0.0 106414.1440
6717.51 6717.51 0.0 106409.1309
6731.66 6731.66 0.0 106404.1323
6745.8 6745.8 0.0 106399.1655
6759.94 6759.94 0.0 106394.2134
6774.08 6774.08 0.0 106389.2827
6788.23 6788.23 0.0 106384.3643
6802.37 6802.37 0.0 106379.4741
6816.51 6816.51 0.0 106374.5986
6830.65 6830.65 0.0 106369.7471
6844.79 6844.79 0.0 106364.9048
6858.94 6858.94 0.0 106360.0840
6873.08 6873.08 0.0 106355.2778
6887.22 6887.22 0.0 106350.4927
6901.36 6901.36 0.0 106345.7207
6915.5 6915.5 0.0 106340.9639
6929.65 6929.65 0.0 106336.2231
6943.79 6943.79 0.0 106331.5015
6957.93 6957.93 0.0 106326.7881
6972.07 6972.07 0.0 106322.0894
6986.21 6986.21 0.0 106317.4092
7000.36 7000.36 0.0 106312.7378
7014.5 7014.5 0.0 106308.0806
7028.64 7028.64 0.0 106303.4375
7042.78 7042.78 0.0 106298.8057
7056.93 7056.93 0.0 106294.1826
7071.07 7071.07 0.0 106289.5708
7085.21 7085.21 0.0 106284.9756
7099.35 7099.35 0.0 106280.3887
7113.49 7113.49 0.0 106275.8135
7127.64 7127.64 0.0 106271.2422
7141.78 7141.78 0.0 106266.6846
7155.92 7155.92 0.0 106262.1406
7170.06 7170.06 0.0 106257.6011
7184.2 7184.2 0.0 106253.0747
7198.35 7198.35 0.0 106248.5479
7212.49 7212.49 0.0 106244.0396
7226.63 7226.63 0.0 106239.5352
7240.77 7240.77 0.0 106235.0391
7254.92 7254.92 0.0 106230.5454
7269.06 7269.06 0.0 106226.0674
7283.2 7283.2 0.0 106221.5864
7297.34 7297.34 0.0 106217.1211
7311.48 7311.48 0.0 106212.6597
7325.63 7325.63 0.0 106208.1982
7339.77 7339.77 0.0 106203.7495
7353.91 7353.91 0.0 106199.3076
7368.05 7368.05 0.0 106194.8643
7382.19 7382.19 0.0 106190.4307
7396.34 7396.34 0.0 106185.9980
7410.48 7410.48 0.0 106181.5698
7424.62 7424.62 0.0 106177.1484
7438.76 7438.76 0.0 106172.7324
7452.91 7452.91 0.0 106168.3184
7467.05 7467.05 0.0 106163.9062
7481.19 7481.19 0.0 106159.5000
7495.33 7495.33 0.0 106155.0977
7509.47 7509.47 0.0 106150.6978
7523.62 7523.62 0.0 106146.2998
7537.76 7537.76 0.0 106141.9072
7551.9 7551.9 0.0 106137.5146
7566.04 7566.04 0.0 106133.1230
7580.18 7580.18 0.0 106128.7363
7594.33 7594.33 0.0 106124.3462
7608.47 7608.47 0.0 106119.9644
7622.61 7622.61 0.0 106115.5811
7636.75 7636.75 0.0 106111.2002
7650.9 7650.9 0.0 106106.8169
7665.04 7665.04 0.0 106102.4355
7679.18 7679.18 0.0 106098.0586
7693.32 7693.32 0.0 106093.6826
7707.46 7707.46 0.0 106089.3047
7721.61 7721.61 0.0 106084.9253
7735.75 7735.75 0.0 106080.5503
7749.89 7749.89 0.0 106076.1758
7764.03 7764.03 0.0 106071.7969
7778.17 7778.17 0.0 106067.4224
