0.0 0.0 0.0 272208.8438
70.7107 70.7107 0.0 183505.0234
141.421 141.421 0.0 123542.4863
212.132 212.132 0.0 111469.4502
282.843 282.843 0.0 107080.5381
353.553 353.553 0.0 105034.9016
424.264 424.264 0.0 103925.5339
494.975 494.975 0.0 103260.4701
565.685 565.685 0.0 102832.4572
636.396 636.396 0.0 102542.0066
707.107 707.107 0.0 102336.6232
777.817 777.817 0.0 102186.5272
848.528 848.528 0.0 102073.8331
919.239 919.239 0.0 101987.3024
989.949 989.949 0.0 101919.5948
1060.66 1060.66 0.0 101865.7537
1131.37 1131.37 0.0 101822.3421
1202.08 1202.08 0.0 101786.9135
1272.79 1272.79 0.0 101757.6890
1343.5 1343.5 0.0 101733.3488
1414.21 1414.21 0.0 101712.8984
1484.92 1484.92 0.0 101695.5711
1555.63 1555.63 0.0 101680.7719
1626.35 1626.35 0.0 101668.0274
1697.06 1697.06 0.0 101656.9644
1767.77 1767.77 0.0 101647.2764
1838.48 1838.48 0.0 101638.7126
1909.19 1909.19 0.0 101631.0678
1979.9 1979.9 0.0 101624.1707
2050.61 2050.61 0.0 101617.8783
2121.32 2121.32 0.0 101612.0712
2192.03 2192.03 0.0 101606.6487
2262.74 2262.74 0.0 101601.5276
2333.45 2333.45 0.0 101596.6368
2404.16 2404.16 0.0 101591.9185
2474.87 2474.87 0.0 101587.3255
2545.58 2545.58 0.0 101582.8188
2616.3 2616.3 0.0 101578.3669
2687.01 2687.01 0.0 101573.9467
2757.72 2757.72 0.0 101569.5397
2828.43 2828.43 0.0 101565.1329
2899.14 2899.14 0.0 101560.7176
2969.85 2969.85 0.0 101556.2881
3040.56 3040.56 0.0 101551.8430
3111.27 3111.27 0.0 101547.3815
3181.98 3181.98 0.0 101542.9065
3252.69 3252.69 0.0 101538.4206
3323.4 3323.4 0.0 101533.9288
3394.11 3394.11 0.0 101529.4364
3464.82 3464.82 0.0 101524.9492
3535.53 3535.53 0.0 101520.4730
3606.24 3606.24 0.0 101516.0136
3676.96 3676.96 0.0 101511.5764
3747.67 3747.67 0.0 101507.1684
3818.38 3818.38 0.0 101502.7940
3889.09 3889.09 0.0 101498.4579
3959.8 3959.8 0.0 101494.1655
4030.51 4030.51 0.0 101489.9202
4101.22 4101.22 0.0 101485.7255
4171.93 4171.93 0.0 101481.5853
4242.64 4242.64 0.0 101477.5018
4313.35 4313.35 0.0 101473.4778
4384.06 4384.06 0.0 101469.5155
4454.77 4454.77 0.0 101465.6162
4525.48 4525.48 0.0 101461.7814
4596.19 4596.19 0.0 101458.0125
4666.9 4666.9 0.0 101454.3102
4737.62 4737.62 0.0 101450.6745
4808.33 4808.33 0.0 101447.1068
4879.04 4879.04 0.0 101443.6074
4949.75 4949.75 0.0 101440.1759
5020.46 5020.46 0.0 101436.8120
5091.17 5091.17 0.0 101433.5162
5161.88 5161.88 0.0 101430.2877
5232.59 5232.59 0.0 101427.1264
5303.3 5303.3 0.0 101424.0320
5374.01 5374.01 0.0 101421.0035
5444.72 5444.72 0.0 101418.0409
5515.43 5515.43 0.0 101415.1433
5586.14 5586.14 0.0 101412.3103
5656.85 5656.85 0.0 101409.5411
5727.56 5727.56 0.0 101406.8351
5798.28 5798.28 0.0 101404.1909
5868.99 5868.99 0.0 101401.6093
5939.7 5939.7 0.0 101399.0884
6010.41 6010.41 0.0 101396.6282
6081.12 6081.12 0.0 101394.2275
6151.83 6151.83 0.0 101391.8857
6222.54 6222.54 0.0 101389.6022
6293.25 6293.25 0.0 101387.3761
6363.96 6363.96 0.0 101385.2069
6434.67 6434.67 0.0 101383.0935
6505.38 6505.38 0.0 101381.0354
6576.09 6576.09 0.0 101379.0319
6646.8 6646.8 0.0 101377.0822
6717.51 6717.51 0.0 101375.1855
6788.23 6788.23 0.0 101373.3409
6858.94 6858.94 0.0 101371.5480
6929.65 6929.65 0.0 101369.8058
7000.36 7000.36 0.0 101368.1137
7071.07 7071.07 0.0 101366.4707
7141.78 7141.78 0.0 101364.8763
7212.49 7212.49 0.0 101363.3294
7283.2 7283.2 0.0 101361.8294
7353.91 7353.91 0.0 101360.3755
7424.62 7424.62 0.0 101358.9667
7495.33 7495.33 0.0 101357.6023
7566.04 7566.04 0.0 101356.2816
7636.75 7636.75 0.0 101355.0036
7707.46 7707.46 0.0 101353.7675
7778.17 7778.17 0.0 101352.5724
