0.0 0.0 0.0 211337.6328
14.1421 14.1421 0.0 204089.0312
28.2843 28.2843 0.0 202395.4766
42.4264 42.4264 0.0 200506.4922
56.5685 56.5685 0.0 198546.1562
70.7107 70.7107 0.0 196558.6562
84.8528 84.8528 0.0 194566.1250
98.9949 98.9949 0.0 192579.6641
113.137 113.137 0.0 190604.6875
127.279 127.279 0.0 188643.2188
141.421 141.421 0.0 186695.5938
155.563 155.563 0.0 184761.6328
169.706 169.706 0.0 182840.7891
183.848 183.848 0.0 180933.3828
197.99 197.99 0.0 179039.6797
212.132 212.132 0.0 177160.5312
226.274 226.274 0.0 175297.1797
240.416 240.416 0.0 173451.1562
254.558 254.558 0.0 171624.2578
268.701 268.701 0.0 169818.2734
282.843 282.843 0.0 168035.3281
296.985 296.985 0.0 166277.2930
311.127 311.127 0.0 164545.9844
325.269 325.269 0.0 162843.1016
339.411 339.411 0.0 161170.2656
353.553 353.553 0.0 159528.8555
367.696 367.696 0.0 157920.0195
381.838 381.838 0.0 156345.0352
395.98 395.98 0.0 154804.6758
410.122 410.122 0.0 153299.6562
424.264 424.264 0.0 151830.4883
438.406 438.406 0.0 150397.5742
452.548 452.548 0.0 149001.1680
466.69 466.69 0.0 147641.3281
480.833 480.833 0.0 146317.9492
494.975 494.975 0.0 145031.0977
509.117 509.117 0.0 143780.4102
523.259 523.259 0.0 142565.6016
537.401 537.401 0.0 141386.2188
551.543 551.543 0.0 140241.7656
565.685 565.685 0.0 139131.7461
579.828 579.828 0.0 138055.4609
593.97 593.97 0.0 137012.4102
608.112 608.112 0.0 136001.8867
622.254 622.254 0.0 135023.1328
636.396 636.396 0.0 134075.4473
650.538 650.538 0.0 133158.0645
664.68 664.68 0.0 132270.2305
678.823 678.823 0.0 131411.0996
692.965 692.965 0.0 130580.0117
707.107 707.107 0.0 129776.1230
721.249 721.249 0.0 128998.6602
735.391 735.391 0.0 128246.8340
749.533 749.533 0.0 127519.8848
763.675 763.675 0.0 126817.0508
777.817 777.817 0.0 126137.5488
791.96 791.96 0.0 125480.6406
806.102 806.102 0.0 124845.6582
820.244 820.244 0.0 124231.8281
834.386 834.386 0.0 123638.4844
848.528 848.528 0.0 123064.9160
862.67 862.67 0.0 122510.4824
876.812 876.812 0.0 121974.5117
890.955 890.955 0.0 121456.3418
905.097 905.097 0.0 120955.4277
919.239 919.239 0.0 120471.1523
933.381 933.381 0.0 120002.9102
947.523 947.523 0.0 119550.1523
961.665 961.665 0.0 119112.3223
975.807 975.807 0.0 118688.8945
989.949 989.949 0.0 118279.3711
1004.09 1004.09 0.0 117883.2793
1018.23 1018.23 0.0 117500.1152
1032.38 1032.38 0.0 117129.1738
1046.52 1046.52 0.0 116770.4912
1060.66 1060.66 0.0 116423.3984
1074.8 1074.8 0.0 116087.4570
1088.94 1088.94 0.0 115762.2783
1103.09 1103.09 0.0 115447.2676
1117.23 1117.23 0.0 115142.4844
1131.37 1131.37 0.0 114847.3408
1145.51 1145.51 0.0 114561.5010
1159.66 1159.66 0.0 114284.4268
1173.8 1173.8 0.0 114016.2002
1187.94 1187.94 0.0 113756.3057
1202.08 1202.08 0.0 113504.4434
1216.22 1216.22 0.0 113260.3457
1230.37 1230.37 0.0 113023.5410
1244.51 1244.51 0.0 112794.1260
1258.65 1258.65 0.0 112571.6523
1272.79 1272.79 0.0 112355.8887
1286.93 1286.93 0.0 112146.5957
1301.08 1301.08 0.0 111943.3994
1315.22 1315.22 0.0 111746.3809
1329.36 1329.36 0.0 111555.1631
1343.5 1343.5 0.0 111369.5625
1357.65 1357.65 0.0 111189.2441
1371.79 1371.79 0.0 111014.2812
1385.93 1385.93 0.0 110844.3633
1400.07 1400.07 0.0 110679.3135
1414.21 1414.21 0.0 110518.9688
1428.36 1428.36 0.0 110363.0586
1442.5 1442.5 0.0 110211.6494
1456.64 1456.64 0.0 110064.4668
1470.78 1470.78 0.0 109921.3916
1484.92 1484.92 0.0 109782.2598
1499.07 1499.07 0.0 109646.8604
1513.21 1513.21 0.0 109515.2529
1527.35 1527.35 0.0 109387.2266
1541.49 1541.49 0.0 109262.6382
1555.63 1555.63 0.0 109141.3892
1569.78 1569.78 0.0 109023.2896
1583.92 1583.92 0.0 108908.3945
1598.06 1598.06 0.0 108796.5142
1612.2 1612.2 0.0 108687.5581
1626.35 1626.35 0.0 108581.3574
1640.49 1640.49 0.0 108477.9609
1654.63 1654.63 0.0 108377.2188
1668.77 1668.77 0.0 108279.0308
1682.91 1682.91 0.0 108183.3252
1697.06 1697.06 0.0 108089.9624
1711.2 1711.2 0.0 107998.9814
1725.34 1725.34 0.0 107910.2627
1739.48 1739.48 0.0 107823.7173
1753.62 1753.62 0.0 107739.2837
1767.77 1767.77 0.0 107656.8438
1781.91 1781.91 0.0 107576.4438
1796.05 1796.05 0.0 107497.9771
1810.19 1810.19 0.0 107421.3667
1824.34 1824.34 0.0 107346.5122
1838.48 1838.48 0.0 107273.4619
1852.62 1852.62 0.0 107202.1113
1866.76 1866.76 0.0 107132.4058
1880.9 1880.9 0.0 107064.3062
1895.05 1895.05 0.0 106997.7109
1909.19 1909.19 0.0 106932.6602
1923.33 1923.33 0.0 106869.0781
1937.47 1937.47 0.0 106806.9131
1951.61 1951.61 0.0 106746.1187
1965.76 1965.76 0.0 106686.6221
1979.9 1979.9 0.0 106628.4678
1994.04 1994.04 0.0 106571.5679
2008.18 2008.18 0.0 106515.8994
2022.33 2022.33 0.0 106461.3799
2036.47 2036.47 0.0 106408.0449
2050.61 2050.61 0.0 106355.8403
2064.75 2064.75 0.0 106304.7300
2078.89 2078.89 0.0 106254.6733
2093.04 2093.04 0.0 106205.6177
2107.18 2107.18 0.0 106157.6006
2121.32 2121.32 0.0 106110.5537
2135.46 2135.46 0.0 106064.4590
2149.6 2149.6 0.0 106019.2842
2163.75 2163.75 0.0 105974.9775
2177.89 2177.89 0.0 105931.5776
2192.03 2192.03 0.0 105889.0225
2206.17 2206.17 0.0 105847.2983
2220.32 2220.32 0.0 105806.3472
2234.46 2234.46 0.0 105766.2119
2248.6 2248.6 0.0 105726.8413
2262.74 2262.74 0.0 105688.2144
2276.88 2276.88 0.0 105650.3110
2291.03 2291.03 0.0 105613.0864
2305.17 2305.17 0.0 105576.5732
2319.31 2319.31 0.0 105540.7329
2333.45 2333.45 0.0 105505.5493
2347.59 2347.59 0.0 105470.9995
2361.74 2361.74 0.0 105437.0439
2375.88 2375.88 0.0 105403.7227
2390.02 2390.02 0.0 105370.9871
2404.16 2404.16 0.0 105338.8303
2418.31 2418.31 0.0 105307.2134
2432.45 2432.45 0.0 105276.1641
2446.59 2446.59 0.0 105245.6516
2460.73 2460.73 0.0 105215.6628
2474.87 2474.87 0.0 105186.1824
2489.02 2489.02 0.0 105157.1804
2503.16 2503.16 0.0 105128.6855
2517.3 2517.3 0.0 105100.6643
2531.44 2531.44 0.0 105073.1042
2545.58 2545.58 0.0 105046.0000
2559.73 2559.73 0.0 105019.3198
2573.87 2573.87 0.0 104993.0891
2588.01 2588.01 0.0 104967.2852
2602.15 2602.15 0.0 104941.8916
2616.3 2616.3 0.0 104916.8867
2630.44 2630.44 0.0 104892.2922
2644.58 2644.58 0.0 104868.0847
2658.72 2658.72 0.0 104844.2593
2672.86 2672.86 0.0 104820.7964
2687.01 2687.01 0.0 104797.6833
2701.15 2701.15 0.0 104774.9426
2715.29 2715.29 0.0 104752.5452
2729.43 2729.43 0.0 104730.4905
2743.57 2743.57 0.0 104708.7627
2757.72 2757.72 0.0 104687.3508
2771.86 2771.86 0.0 104666.2715
2786.0 2786.0 0.0 104645.4993
2800.14 2800.14 0.0 104625.0388
2814.28 2814.28 0.0 104604.8757
2828.43 2828.43 0.0 104584.9905
2842.57 2842.57 0.0 104565.4082
2856.71 2856.71 0.0 104546.1101
2870.85 2870.85 0.0 104527.0886
2885.0 2885.0 0.0 104508.3198
2899.14 2899.14 0.0 104489.8359
2913.28 2913.28 0.0 104471.6074
2927.42 2927.42 0.0 104453.6387
2941.56 2941.56 0.0 104435.9204
2955.71 2955.71 0.0 104418.4321
2969.85 2969.85 0.0 104401.2014
2983.99 2983.99 0.0 104384.2051
2998.13 2998.13 0.0 104367.4417
3012.27 3012.27 0.0 104350.9094
3026.42 3026.42 0.0 104334.5872
3040.56 3040.56 0.0 104318.4983
3054.7 3054.7 0.0 104302.6201
3068.84 3068.84 0.0 104286.9617
3082.99 3082.99 0.0 104271.4946
3097.13 3097.13 0.0 104256.2449
3111.27 3111.27 0.0 104241.1963
3125.41 3125.41 0.0 104226.3479
3139.55 3139.55 0.0 104211.6890
3153.7 3153.7 0.0 104197.2148
3167.84 3167.84 0.0 104182.9353
3181.98 3181.98 0.0 104168.8381
3196.12 3196.12 0.0 104154.9275
3210.26 3210.26 0.0 104141.1919
3224.41 3224.41 0.0 104127.6245
3238.55 3238.55 0.0 104114.2366
3252.69 3252.69 0.0 104101.0159
3266.83 3266.83 0.0 104087.9651
3280.98 3280.98 0.0 104075.0649
3295.12 3295.12 0.0 104062.3381
3309.26 3309.26 0.0 104049.7678
3323.4 3323.4 0.0 104037.3521
3337.54 3337.54 0.0 104025.0928
3351.69 3351.69 0.0 104012.9758
3365.83 3365.83 0.0 104001.0139
3379.97 3379.97 0.0 103989.1992
3394.11 3394.11 0.0 103977.5247
3408.25 3408.25 0.0 103965.9956
3422.4 3422.4 0.0 103954.5972
3436.54 3436.54 0.0 103943.3435
3450.68 3450.68 0.0 103932.2212
3464.82 3464.82 0.0 103921.2339
3478.97 3478.97 0.0 103910.3706
3493.11 3493.11 0.0 103899.6443
3507.25 3507.25 0.0 103889.0432
3521.39 3521.39 0.0 103878.5647
3535.53 3535.53 0.0 103868.2136
3549.68 3549.68 0.0 103857.9734
3563.82 3563.82 0.0 103847.8584
3577.96 3577.96 0.0 103837.8638
3592.1 3592.1 0.0 103827.9817
3606.24 3606.24 0.0 103818.2156
3620.39 3620.39 0.0 103808.5522
3634.53 3634.53 0.0 103799.0068
3648.67 3648.67 0.0 103789.5706
3662.81 3662.81 0.0 103780.2429
3676.96 3676.96 0.0 103771.0110
3691.1 3691.1 0.0 103761.8926
3705.24 3705.24 0.0 103752.8765
3719.38 3719.38 0.0 103743.9580
3733.52 3733.52 0.0 103735.1404
3747.67 3747.67 0.0 103726.4163
3761.81 3761.81 0.0 103717.7944
3775.95 3775.95 0.0 103709.2659
3790.09 3790.09 0.0 103700.8325
3804.23 3804.23 0.0 103692.4885
3818.38 3818.38 0.0 103684.2322
3832.52 3832.52 0.0 103676.0718
3846.66 3846.66 0.0 103667.9988
3860.8 3860.8 0.0 103660.0134
3874.95 3874.95 0.0 103652.1062
3889.09 3889.09 0.0 103644.2888
3903.23 3903.23 0.0 103636.5583
3917.37 3917.37 0.0 103628.9082
3931.51 3931.51 0.0 103621.3369
3945.66 3945.66 0.0 103613.8398
3959.8 3959.8 0.0 103606.4299
3973.94 3973.94 0.0 103599.0962
3988.08 3988.08 0.0 103591.8398
4002.22 4002.22 0.0 103584.6553
4016.37 4016.37 0.0 103577.5427
4030.51 4030.51 0.0 103570.5090
4044.65 4044.65 0.0 103563.5442
4058.79 4058.79 0.0 103556.6543
4072.94 4072.94 0.0 103549.8254
4087.08 4087.08 0.0 103543.0730
4101.22 4101.22 0.0 103536.3870
4115.36 4115.36 0.0 103529.7693
4129.5 4129.5 0.0 103523.2178
4143.65 4143.65 0.0 103516.7253
4157.79 4157.79 0.0 103510.3030
4171.93 4171.93 0.0 103503.9431
4186.07 4186.07 0.0 103497.6450
4200.21 4200.21 0.0 103491.4094
4214.36 4214.36 0.0 103485.2300
4228.5 4228.5 0.0 103479.1121
4242.64 4242.64 0.0 103473.0566
4256.78 4256.78 0.0 103467.0610
4270.92 4270.92 0.0 103461.1157
4285.07 4285.07 0.0 103455.2285
4299.21 4299.21 0.0 103449.3989
4313.35 4313.35 0.0 103443.6248
4327.49 4327.49 0.0 103437.9043
4341.64 4341.64 0.0 103432.2297
4355.78 4355.78 0.0 103426.6150
4369.92 4369.92 0.0 103421.0515
4384.06 4384.06 0.0 103415.5393
4398.2 4398.2 0.0 103410.0786
4412.35 4412.35 0.0 103404.6599
4426.49 4426.49 0.0 103399.2957
4440.63 4440.63 0.0 103393.9807
4454.77 4454.77 0.0 103388.7136
4468.91 4468.91 0.0 103383.4915
4483.06 4483.06 0.0 103378.3108
4497.2 4497.2 0.0 103373.1802
4511.34 4511.34 0.0 103368.0957
4525.48 4525.48 0.0 103363.0527
4539.63 4539.63 0.0 103358.0525
4553.77 4553.77 0.0 103353.0951
4567.91 4567.91 0.0 103348.1837
4582.05 4582.05 0.0 103343.3129
4596.19 4596.19 0.0 103338.4817
4610.34 4610.34 0.0 103333.6877
4624.48 4624.48 0.0 103328.9368
4638.62 4638.62 0.0 103324.2268
4652.76 4652.76 0.0 103319.5553
4666.9 4666.9 0.0 103314.9183
4681.05 4681.05 0.0 103310.3175
4695.19 4695.19 0.0 103305.7596
4709.33 4709.33 0.0 103301.2367
4723.47 4723.47 0.0 103296.7477
4737.62 4737.62 0.0 103292.2937
4751.76 4751.76 0.0 103287.8765
4765.9 4765.9 0.0 103283.4922
4780.04 4780.04 0.0 103279.1427
4794.18 4794.18 0.0 103274.8292
4808.33 4808.33 0.0 103270.5406
4822.47 4822.47 0.0 103266.2903
4836.61 4836.61 0.0 103262.0715
4850.75 4850.75 0.0 103257.8839
4864.89 4864.89 0.0 103253.7291
4879.04 4879.04 0.0 103249.5990
4893.18 4893.18 0.0 103245.5024
4907.32 4907.32 0.0 103241.4373
4921.46 4921.46 0.0 103237.3998
4935.61 4935.61 0.0 103233.3864
4949.75 4949.75 0.0 103229.4076
4963.89 4963.89 0.0 103225.4536
4978.03 4978.03 0.0 103221.5275
4992.17 4992.17 0.0 103217.6294
5006.32 5006.32 0.0 103213.7563
5020.46 5020.46 0.0 103209.9102
5034.6 5034.6 0.0 103206.0896
5048.74 5048.74 0.0 103202.2957
5062.88 5062.88 0.0 103198.5254
5077.03 5077.03 0.0 103194.7778
5091.17 5091.17 0.0 103191.0574
5105.31 5105.31 0.0 103187.3594
5119.45 5119.45 0.0 103183.6863
5133.6 5133.6 0.0 103180.0328
5147.74 5147.74 0.0 103176.4053
5161.88 5161.88 0.0 103172.8004
5176.02 5176.02 0.0 103169.2159
5190.16 5190.16 0.0 103165.6532
5204.31 5204.31 0.0 103162.1122
5218.45 5218.45 0.0 103158.5912
5232.59 5232.59 0.0 103155.0917
5246.73 5246.73 0.0 103151.6136
5260.87 5260.87 0.0 103148.1544
5275.02 5275.02 0.0 103144.7129
5289.16 5289.16 0.0 103141.2936
5303.3 5303.3 0.0 103137.8945
5317.44 5317.44 0.0 103134.5121
5331.59 5331.59 0.0 103131.1445
5345.73 5345.73 0.0 103127.7997
5359.87 5359.87 0.0 103124.4728
5374.01 5374.01 0.0 103121.1615
5388.15 5388.15 0.0 103117.8684
5402.3 5402.3 0.0 103114.5898
5416.44 5416.44 0.0 103111.3291
5430.58 5430.58 0.0 103108.0879
5444.72 5444.72 0.0 103104.8611
5458.86 5458.86 0.0 103101.6486
5473.01 5473.01 0.0 103098.4512
5487.15 5487.15 0.0 103095.2704
5501.29 5501.29 0.0 103092.1072
5515.43 5515.43 0.0 103088.9539
5529.58 5529.58 0.0 103085.8160
5543.72 5543.72 0.0 103082.6957
5557.86 5557.86 0.0 103079.5867
5572.0 5572.0 0.0 103076.4932
5586.14 5586.14 0.0 103073.4117
5600.29 5600.29 0.0 103070.3433
5614.43 5614.43 0.0 103067.2885
5628.57 5628.57 0.0 103064.2472
5642.71 5642.71 0.0 103061.2172
5656.85 5656.85 0.0 103058.2014
5671.0 5671.0 0.0 103055.1958
5685.14 5685.14 0.0 103052.2004
5699.28 5699.28 0.0 103049.2208
5713.42 5713.42 0.0 103046.2506
5727.56 5727.56 0.0 103043.2936
5741.71 5741.71 0.0 103040.3457
5755.85 5755.85 0.0 103037.4078
5769.99 5769.99 0.0 103034.4807
5784.13 5784.13 0.0 103031.5674
5798.28 5798.28 0.0 103028.6599
5812.42 5812.42 0.0 103025.7631
5826.56 5826.56 0.0 103022.8777
5840.7 5840.7 0.0 103020.0026
5854.84 5854.84 0.0 103017.1359
5868.99 5868.99 0.0 103014.2780
5883.13 5883.13 0.0 103011.4288
5897.27 5897.27 0.0 103008.5917
5911.41 5911.41 0.0 103005.7610
5925.55 5925.55 0.0 103002.9391
5939.7 5939.7 0.0 103000.1233
5953.84 5953.84 0.0 102997.3173
5967.98 5967.98 0.0 102994.5198
5982.12 5982.12 0.0 102991.7301
5996.27 5996.27 0.0 102988.9468
6010.41 6010.41 0.0 102986.1736
6024.55 6024.55 0.0 102983.4067
6038.69 6038.69 0.0 102980.6466
6052.83 6052.83 0.0 102977.8943
6066.98 6066.98 0.0 102975.1458
6081.12 6081.12 0.0 102972.4082
6095.26 6095.26 0.0 102969.6766
6109.4 6109.4 0.0 102966.9496
6123.54 6123.54 0.0 102964.2296
6137.69 6137.69 0.0 102961.5155
6151.83 6151.83 0.0 102958.8058
6165.97 6165.97 0.0 102956.1055
6180.11 6180.11 0.0 102953.4094
6194.26 6194.26 0.0 102950.7179
6208.4 6208.4 0.0 102948.0331
6222.54 6222.54 0.0 102945.3542
6236.68 6236.68 0.0 102942.6791
6250.82 6250.82 0.0 102940.0115
6264.97 6264.97 0.0 102937.3444
6279.11 6279.11 0.0 102934.6847
6293.25 6293.25 0.0 102932.0310
6307.39 6307.39 0.0 102929.3809
6321.53 6321.53 0.0 102926.7344
6335.68 6335.68 0.0 102924.0923
6349.82 6349.82 0.0 102921.4552
6363.96 6363.96 0.0 102918.8247
6378.1 6378.1 0.0 102916.1949
6392.25 6392.25 0.0 102913.5679
6406.39 6406.39 0.0 102910.9465
6420.53 6420.53 0.0 102908.3297
6434.67 6434.67 0.0 102905.7157
6448.81 6448.81 0.0 102903.1051
6462.96 6462.96 0.0 102900.4973
6477.1 6477.1 0.0 102897.8933
6491.24 6491.24 0.0 102895.2935
6505.38 6505.38 0.0 102892.6963
6519.52 6519.52 0.0 102890.1022
6533.67 6533.67 0.0 102887.5093
6547.81 6547.81 0.0 102884.9219
6561.95 6561.95 0.0 102882.3362
6576.09 6576.09 0.0 102879.7532
6590.24 6590.24 0.0 102877.1699
6604.38 6604.38 0.0 102874.5924
6618.52 6618.52 0.0 102872.0178
6632.66 6632.66 0.0 102869.4431
6646.8 6646.8 0.0 102866.8740
6660.95 6660.95 0.0 102864.3035
6675.09 6675.09 0.0 102861.7356
6689.23 6689.23 0.0 102859.1729
6703.37 6703.37 0.0 102856.6099
6717.51 6717.51 0.0 102854.0491
6731.66 6731.66 0.0 102851.4889
6745.8 6745.8 0.0 102848.9315
6759.94 6759.94 0.0 102846.3765
6774.08 6774.08 0.0 102843.8239
6788.23 6788.23 0.0 102841.2687
6802.37 6802.37 0.0 102838.7175
6816.51 6816.51 0.0 102836.1687
6830.65 6830.65 0.0 102833.6211
6844.79 6844.79 0.0 102831.0729
6858.94 6858.94 0.0 102828.5269
6873.08 6873.08 0.0 102825.9822
6887.22 6887.22 0.0 102823.4412
6901.36 6901.36 0.0 102820.8986
6915.5 6915.5 0.0 102818.3563
6929.65 6929.65 0.0 102815.8146
6943.79 6943.79 0.0 102813.2765
6957.93 6957.93 0.0 102810.7372
6972.07 6972.07 0.0 102808.2014
6986.21 6986.21 0.0 102805.6636
7000.36 7000.36 0.0 102803.1260
7014.5 7014.5 0.0 102800.5898
7028.64 7028.64 0.0 102798.0574
7042.78 7042.78 0.0 102795.5208
7056.93 7056.93 0.0 102792.9872
7071.07 7071.07 0.0 102790.4537
7085.21 7085.21 0.0 102787.9213
7099.35 7099.35 0.0 102785.3903
7113.49 7113.49 0.0 102782.8582
7127.64 7127.64 0.0 102780.3248
7141.78 7141.78 0.0 102777.7953
7155.92 7155.92 0.0 102775.2639
7170.06 7170.06 0.0 102772.7335
7184.2 7184.2 0.0 102770.2046
7198.35 7198.35 0.0 102767.6707
7212.49 7212.49 0.0 102765.1432
7226.63 7226.63 0.0 102762.6124
7240.77 7240.77 0.0 102760.0836
7254.92 7254.92 0.0 102757.5531
7269.06 7269.06 0.0 102755.0243
7283.2 7283.2 0.0 102752.4944
7297.34 7297.34 0.0 102749.9648
7311.48 7311.48 0.0 102747.4371
7325.63 7325.63 0.0 102744.9059
7339.77 7339.77 0.0 102742.3750
7353.91 7353.91 0.0 102739.8472
7368.05 7368.05 0.0 102737.3165
7382.19 7382.19 0.0 102734.7880
7396.34 7396.34 0.0 102732.2555
7410.48 7410.48 0.0 102729.7272
7424.62 7424.62 0.0 102727.1986
7438.76 7438.76 0.0 102724.6672
7452.91 7452.91 0.0 102722.1357
7467.05 7467.05 0.0 102719.6063
7481.19 7481.19 0.0 102717.0754
7495.33 7495.33 0.0 102714.5450
7509.47 7509.47 0.0 102712.0133
7523.62 7523.62 0.0 102709.4811
7537.76 7537.76 0.0 102706.9495
7551.9 7551.9 0.0 102704.4172
7566.04 7566.04 0.0 102701.8850
7580.18 7580.18 0.0 102699.3541
7594.33 7594.33 0.0 102696.8199
7608.47 7608.47 0.0 102694.2874
7622.61 7622.61 0.0 102691.7528
7636.75 7636.75 0.0 102689.2218
7650.9 7650.9 0.0 102686.6863
7665.04 7665.04 0.0 102684.1516
7679.18 7679.18 0.0 102681.6178
7693.32 7693.32 0.0 102679.0835
7707.46 7707.46 0.0 102676.5487
7721.61 7721.61 0.0 102674.0129
7735.75 7735.75 0.0 102671.4762
7749.89 7749.89 0.0 102668.9409
7764.03 7764.03 0.0 102666.4060
7778.17 7778.17 0.0 102663.8701
