0.0 0.0 0.0 210211.1562
14.1421 14.1421 0.0 205465.9531
28.2843 28.2843 0.0 206695.9062
42.4264 42.4264 0.0 207080.6016
56.5685 56.5685 0.0 207129.0391
70.7107 70.7107 0.0 206996.7734
84.8528 84.8528 0.0 206751.2891
98.9949 98.9949 0.0 206427.7969
113.137 113.137 0.0 206046.6797
127.279 127.279 0.0 205620.8672
141.421 141.421 0.0 205158.9922
155.563 155.563 0.0 204667.1562
169.706 169.706 0.0 204149.8438
183.848 183.848 0.0 203610.4688
197.99 197.99 0.0 203051.7344
212.132 212.132 0.0 202475.7500
226.274 226.274 0.0 201884.3281
240.416 240.416 0.0 201278.9844
254.558 254.558 0.0 200660.9766
268.701 268.701 0.0 200031.4766
282.843 282.843 0.0 199391.6328
296.985 296.985 0.0 198742.3438
311.127 311.127 0.0 198084.5000
325.269 325.269 0.0 197418.9922
339.411 339.411 0.0 196746.5625
353.553 353.553 0.0 196068.0156
367.696 367.696 0.0 195384.0703
381.838 381.838 0.0 194695.5312
395.98 395.98 0.0 194003.0859
410.122 410.122 0.0 193307.4141
424.264 424.264 0.0 192609.2031
438.406 438.406 0.0 191909.1484
452.548 452.548 0.0 191207.8828
466.69 466.69 0.0 190506.0547
480.833 480.833 0.0 189804.2500
494.975 494.975 0.0 189103.2031
509.117 509.117 0.0 188403.4766
523.259 523.259 0.0 187705.6094
537.401 537.401 0.0 187010.2031
551.543 551.543 0.0 186317.7969
565.685 565.685 0.0 185628.8672
579.828 579.828 0.0 184943.8672
593.97 593.97 0.0 184263.4219
608.112 608.112 0.0 183587.8125
622.254 622.254 0.0 182917.5312
636.396 636.396 0.0 182252.8750
650.538 650.538 0.0 181594.1797
664.68 664.68 0.0 180941.7812
678.823 678.823 0.0 180295.8359
692.965 692.965 0.0 179656.6953
707.107 707.107 0.0 179024.4609
721.249 721.249 0.0 178399.2656
735.391 735.391 0.0 177781.2344
749.533 749.533 0.0 177170.4688
763.675 763.675 0.0 176566.9141
777.817 777.817 0.0 175970.5781
791.96 791.96 0.0 175381.4062
806.102 806.102 0.0 174799.3438
820.244 820.244 0.0 174224.3672
834.386 834.386 0.0 173656.1641
848.528 848.528 0.0 173094.6562
862.67 862.67 0.0 172539.6562
876.812 876.812 0.0 171990.8984
890.955 890.955 0.0 171448.1484
905.097 905.097 0.0 170911.2109
919.239 919.239 0.0 170379.7656
933.381 933.381 0.0 169853.5625
947.523 947.523 0.0 169332.2578
961.665 961.665 0.0 168815.5859
975.807 975.807 0.0 168303.2031
989.949 989.949 0.0 167794.8047
1004.09 1004.09 0.0 167290.1172
1018.23 1018.23 0.0 166788.8477
1032.38 1032.38 0.0 166290.2773
1046.52 1046.52 0.0 165794.8008
1060.66 1060.66 0.0 165301.7852
1074.8 1074.8 0.0 164810.9414
1088.94 1088.94 0.0 164321.9531
1103.09 1103.09 0.0 163834.2305
1117.23 1117.23 0.0 163348.2383
1131.37 1131.37 0.0 162863.3516
1145.51 1145.51 0.0 162379.3359
1159.66 1159.66 0.0 161895.6250
1173.8 1173.8 0.0 161412.7500
1187.94 1187.94 0.0 160930.1367
1202.08 1202.08 0.0 160447.6445
1216.22 1216.22 0.0 159965.1172
1230.37 1230.37 0.0 159482.0625
1244.51 1244.51 0.0 158999.0430
1258.65 1258.65 0.0 158515.6367
1272.79 1272.79 0.0 158031.7383
1286.93 1286.93 0.0 157547.2852
1301.08 1301.08 0.0 157061.8555
1315.22 1315.22 0.0 156576.1133
1329.36 1329.36 0.0 156089.6914
1343.5 1343.5 0.0 155602.5625
1357.65 1357.65 0.0 155114.3828
1371.79 1371.79 0.0 154625.8828
1385.93 1385.93 0.0 154136.7227
1400.07 1400.07 0.0 153646.9336
1414.21 1414.21 0.0 153156.6016
1428.36 1428.36 0.0 152665.4180
1442.5 1442.5 0.0 152174.1367
1456.64 1456.64 0.0 151682.5039
1470.78 1470.78 0.0 151190.6250
1484.92 1484.92 0.0 150698.5781
1499.07 1499.07 0.0 150206.1406
1513.21 1513.21 0.0 149714.0820
1527.35 1527.35 0.0 149222.2188
1541.49 1541.49 0.0 148730.6445
1555.63 1555.63 0.0 148239.5078
1569.78 1569.78 0.0 147748.5625
1583.92 1583.92 0.0 147258.6836
1598.06 1598.06 0.0 146769.6445
1612.2 1612.2 0.0 146281.5859
1626.35 1626.35 0.0 145794.3242
1640.49 1640.49 0.0 145308.6719
1654.63 1654.63 0.0 144824.4180
1668.77 1668.77 0.0 144341.7305
1682.91 1682.91 0.0 143860.7695
1697.06 1697.06 0.0 143381.3242
1711.2 1711.2 0.0 142904.2227
1725.34 1725.34 0.0 142429.2812
1739.48 1739.48 0.0 141956.6016
1753.62 1753.62 0.0 141486.3555
1767.77 1767.77 0.0 141018.3477
1781.91 1781.91 0.0 140553.3672
1796.05 1796.05 0.0 140091.2266
1810.19 1810.19 0.0 139632.0195
1824.34 1824.34 0.0 139175.5781
1838.48 1838.48 0.0 138722.6602
1852.62 1852.62 0.0 138273.0508
1866.76 1866.76 0.0 137826.8789
1880.9 1880.9 0.0 137384.2266
1895.05 1895.05 0.0 136944.9141
1909.19 1909.19 0.0 136509.6289
1923.33 1923.33 0.0 136078.1719
1937.47 1937.47 0.0 135650.6250
1951.61 1951.61 0.0 135227.0859
1965.76 1965.76 0.0 134807.3320
1979.9 1979.9 0.0 134391.9961
1994.04 1994.04 0.0 133980.8828
2008.18 2008.18 0.0 133574.0488
2022.33 2022.33 0.0 133171.2734
2036.47 2036.47 0.0 132773.1660
2050.61 2050.61 0.0 132379.4941
2064.75 2064.75 0.0 131990.3379
2078.89 2078.89 0.0 131605.6504
2093.04 2093.04 0.0 131225.2676
2107.18 2107.18 0.0 130849.7578
2121.32 2121.32 0.0 130478.8359
2135.46 2135.46 0.0 130112.5527
2149.6 2149.6 0.0 129750.9102
2163.75 2163.75 0.0 129393.6621
2177.89 2177.89 0.0 129041.3613
2192.03 2192.03 0.0 128693.7227
2206.17 2206.17 0.0 128350.7559
2220.32 2220.32 0.0 128012.2227
2234.46 2234.46 0.0 127678.5898
2248.6 2248.6 0.0 127349.6094
2262.74 2262.74 0.0 127025.2734
2276.88 2276.88 0.0 126705.5723
2291.03 2291.03 0.0 126390.2461
2305.17 2305.17 0.0 126079.7227
2319.31 2319.31 0.0 125773.7832
2333.45 2333.45 0.0 125472.3633
2347.59 2347.59 0.0 125175.4512
2361.74 2361.74 0.0 124882.7969
2375.88 2375.88 0.0 124594.7969
2390.02 2390.02 0.0 124311.2168
2404.16 2404.16 0.0 124031.9902
2418.31 2418.31 0.0 123756.9141
2432.45 2432.45 0.0 123486.3203
2446.59 2446.59 0.0 123219.9551
2460.73 2460.73 0.0 122957.8105
2474.87 2474.87 0.0 122699.8262
2489.02 2489.02 0.0 122445.7617
2503.16 2503.16 0.0 122195.9590
2517.3 2517.3 0.0 121950.1699
2531.44 2531.44 0.0 121708.3613
2545.58 2545.58 0.0 121470.4590
2559.73 2559.73 0.0 121236.2656
2573.87 2573.87 0.0 121006.0703
2588.01 2588.01 0.0 120779.6348
2602.15 2602.15 0.0 120556.9180
2616.3 2616.3 0.0 120337.7227
2630.44 2630.44 0.0 120122.2891
2644.58 2644.58 0.0 119910.4258
2658.72 2658.72 0.0 119702.0742
2672.86 2672.86 0.0 119497.1680
2687.01 2687.01 0.0 119295.5273
2701.15 2701.15 0.0 119097.3906
2715.29 2715.29 0.0 118902.5508
2729.43 2729.43 0.0 118710.9551
2743.57 2743.57 0.0 118522.5684
2757.72 2757.72 0.0 118337.1816
2771.86 2771.86 0.0 118155.0430
2786.0 2786.0 0.0 117975.9297
2800.14 2800.14 0.0 117799.8125
2814.28 2814.28 0.0 117626.6299
2828.43 2828.43 0.0 117456.2295
2842.57 2842.57 0.0 117288.7812
2856.71 2856.71 0.0 117124.1426
2870.85 2870.85 0.0 116962.2451
2885.0 2885.0 0.0 116802.9160
2899.14 2899.14 0.0 116646.3672
2913.28 2913.28 0.0 116492.4150
2927.42 2927.42 0.0 116341.0146
2941.56 2941.56 0.0 116192.1270
2955.71 2955.71 0.0 116045.6045
2969.85 2969.85 0.0 115901.6133
2983.99 2983.99 0.0 115759.9824
2998.13 2998.13 0.0 115620.6924
3012.27 3012.27 0.0 115483.6904
3026.42 3026.42 0.0 115348.8467
3040.56 3040.56 0.0 115216.3125
3054.7 3054.7 0.0 115085.9277
3068.84 3068.84 0.0 114957.6758
3082.99 3082.99 0.0 114831.4160
3097.13 3097.13 0.0 114707.3008
3111.27 3111.27 0.0 114585.1914
3125.41 3125.41 0.0 114465.0420
3139.55 3139.55 0.0 114346.8379
3153.7 3153.7 0.0 114230.4482
3167.84 3167.84 0.0 114116.0010
3181.98 3181.98 0.0 114003.3926
3196.12 3196.12 0.0 113892.5596
3210.26 3210.26 0.0 113783.4932
3224.41 3224.41 0.0 113676.0645
3238.55 3238.55 0.0 113570.4248
3252.69 3252.69 0.0 113466.4219
3266.83 3266.83 0.0 113364.0664
3280.98 3280.98 0.0 113263.2314
3295.12 3295.12 0.0 113164.0439
3309.26 3309.26 0.0 113066.3770
3323.4 3323.4 0.0 112970.2402
3337.54 3337.54 0.0 112875.5635
3351.69 3351.69 0.0 112782.2881
3365.83 3365.83 0.0 112690.4951
3379.97 3379.97 0.0 112600.1006
3394.11 3394.11 0.0 112511.0752
3408.25 3408.25 0.0 112423.4053
3422.4 3422.4 0.0 112336.9775
3436.54 3436.54 0.0 112251.9199
3450.68 3450.68 0.0 112168.1318
3464.82 3464.82 0.0 112085.5908
3478.97 3478.97 0.0 112004.2158
3493.11 3493.11 0.0 111924.0977
3507.25 3507.25 0.0 111845.1553
3521.39 3521.39 0.0 111767.3779
3535.53 3535.53 0.0 111690.7266
3549.68 3549.68 0.0 111615.1396
3563.82 3563.82 0.0 111540.6914
3577.96 3577.96 0.0 111467.3232
3592.1 3592.1 0.0 111395.0137
3606.24 3606.24 0.0 111323.7256
3620.39 3620.39 0.0 111253.4053
3634.53 3634.53 0.0 111184.1387
3648.67 3648.67 0.0 111115.8418
3662.81 3662.81 0.0 111048.5039
3676.96 3676.96 0.0 110982.0615
3691.1 3691.1 0.0 110916.5957
3705.24 3705.24 0.0 110852.0273
3719.38 3719.38 0.0 110788.3633
3733.52 3733.52 0.0 110725.5693
3747.67 3747.67 0.0 110663.5928
3761.81 3761.81 0.0 110602.5039
3775.95 3775.95 0.0 110542.2363
3790.09 3790.09 0.0 110482.7969
3804.23 3804.23 0.0 110424.1465
3818.38 3818.38 0.0 110366.2471
3832.52 3832.52 0.0 110309.1611
3846.66 3846.66 0.0 110252.8291
3860.8 3860.8 0.0 110197.2500
3874.95 3874.95 0.0 110142.3496
3889.09 3889.09 0.0 110088.2109
3903.23 3903.23 0.0 110034.7793
3917.37 3917.37 0.0 109982.0596
3931.51 3931.51 0.0 109929.9922
3945.66 3945.66 0.0 109878.5811
3959.8 3959.8 0.0 109827.8486
3973.94 3973.94 0.0 109777.7725
3988.08 3988.08 0.0 109728.3320
4002.22 4002.22 0.0 109679.5137
4016.37 4016.37 0.0 109631.2773
4030.51 4030.51 0.0 109583.6826
4044.65 4044.65 0.0 109536.6807
4058.79 4058.79 0.0 109490.2578
4072.94 4072.94 0.0 109444.3745
4087.08 4087.08 0.0 109399.0938
4101.22 4101.22 0.0 109354.3770
4115.36 4115.36 0.0 109310.1943
4129.5 4129.5 0.0 109266.5488
4143.65 4143.65 0.0 109223.4062
4157.79 4157.79 0.0 109180.8110
4171.93 4171.93 0.0 109138.7227
4186.07 4186.07 0.0 109097.1367
4200.21 4200.21 0.0 109056.0503
4214.36 4214.36 0.0 109015.4136
4228.5 4228.5 0.0 108975.2949
4242.64 4242.64 0.0 108935.6338
4256.78 4256.78 0.0 108896.4438
4270.92 4270.92 0.0 108857.7061
4285.07 4285.07 0.0 108819.3960
4299.21 4299.21 0.0 108781.5396
4313.35 4313.35 0.0 108744.1274
4327.49 4327.49 0.0 108707.1406
4341.64 4341.64 0.0 108670.5571
4355.78 4355.78 0.0 108634.4009
4369.92 4369.92 0.0 108598.6538
4384.06 4384.06 0.0 108563.3145
4398.2 4398.2 0.0 108528.3618
4412.35 4412.35 0.0 108493.7788
4426.49 4426.49 0.0 108459.6016
4440.63 4440.63 0.0 108425.7993
4454.77 4454.77 0.0 108392.3677
4468.91 4468.91 0.0 108359.3003
4483.06 4483.06 0.0 108326.5742
4497.2 4497.2 0.0 108294.2241
4511.34 4511.34 0.0 108262.2148
4525.48 4525.48 0.0 108230.5547
4539.63 4539.63 0.0 108199.2158
4553.77 4553.77 0.0 108168.2227
4567.91 4567.91 0.0 108137.5635
4582.05 4582.05 0.0 108107.2314
4596.19 4596.19 0.0 108077.2075
4610.34 4610.34 0.0 108047.4883
4624.48 4624.48 0.0 108018.0967
4638.62 4638.62 0.0 107989.0044
4652.76 4652.76 0.0 107960.2144
4666.9 4666.9 0.0 107931.7178
4681.05 4681.05 0.0 107903.4932
4695.19 4695.19 0.0 107875.5820
4709.33 4709.33 0.0 107847.9502
4723.47 4723.47 0.0 107820.5952
4737.62 4737.62 0.0 107793.4951
4751.76 4751.76 0.0 107766.6870
4765.9 4765.9 0.0 107740.1465
4780.04 4780.04 0.0 107713.8677
4794.18 4794.18 0.0 107687.8496
4808.33 4808.33 0.0 107662.0708
4822.47 4822.47 0.0 107636.5576
4836.61 4836.61 0.0 107611.2959
4850.75 4850.75 0.0 107586.2812
4864.89 4864.89 0.0 107561.5083
4879.04 4879.04 0.0 107536.9570
4893.18 4893.18 0.0 107512.6548
4907.32 4907.32 0.0 107488.5850
4921.46 4921.46 0.0 107464.7432
4935.61 4935.61 0.0 107441.1094
4949.75 4949.75 0.0 107417.7163
4963.89 4963.89 0.0 107394.5430
4978.03 4978.03 0.0 107371.5869
4992.17 4992.17 0.0 107348.8374
5006.32 5006.32 0.0 107326.2905
5020.46 5020.46 0.0 107303.9575
5034.6 5034.6 0.0 107281.8418
5048.74 5048.74 0.0 107259.9199
5062.88 5062.88 0.0 107238.1992
5077.03 5077.03 0.0 107216.6587
5091.17 5091.17 0.0 107195.3257
5105.31 5105.31 0.0 107174.1851
5119.45 5119.45 0.0 107153.2349
5133.6 5133.6 0.0 107132.4556
5147.74 5147.74 0.0 107111.8716
5161.88 5161.88 0.0 107091.4702
5176.02 5176.02 0.0 107071.2490
5190.16 5190.16 0.0 107051.2056
5204.31 5204.31 0.0 107031.3154
5218.45 5218.45 0.0 107011.6191
5232.59 5232.59 0.0 106992.0869
5246.73 5246.73 0.0 106972.7290
5260.87 5260.87 0.0 106953.5288
5275.02 5275.02 0.0 106934.4814
5289.16 5289.16 0.0 106915.6104
5303.3 5303.3 0.0 106896.8945
5317.44 5317.44 0.0 106878.3418
5331.59 5331.59 0.0 106859.9189
5345.73 5345.73 0.0 106841.6724
5359.87 5359.87 0.0 106823.5728
5374.01 5374.01 0.0 106805.6230
5388.15 5388.15 0.0 106787.8174
5402.3 5402.3 0.0 106770.1475
5416.44 5416.44 0.0 106752.6348
5430.58 5430.58 0.0 106735.2612
5444.72 5444.72 0.0 106718.0273
5458.86 5458.86 0.0 106700.9326
5473.01 5473.01 0.0 106683.9580
5487.15 5487.15 0.0 106667.1313
5501.29 5501.29 0.0 106650.4380
5515.43 5515.43 0.0 106633.8804
5529.58 5529.58 0.0 106617.4390
5543.72 5543.72 0.0 106601.1318
5557.86 5557.86 0.0 106584.9546
5572.0 5572.0 0.0 106568.8989
5586.14 5586.14 0.0 106552.9717
5600.29 5600.29 0.0 106537.1494
5614.43 5614.43 0.0 106521.4600
5628.57 5628.57 0.0 106505.8906
5642.71 5642.71 0.0 106490.4395
5656.85 5656.85 0.0 106475.1060
5671.0 5671.0 0.0 106459.8701
5685.14 5685.14 0.0 106444.7583
5699.28 5699.28 0.0 106429.7583
5713.42 5713.42 0.0 106414.8726
5727.56 5727.56 0.0 106400.0947
5741.71 5741.71 0.0 106385.4106
5755.85 5755.85 0.0 106370.8462
5769.99 5769.99 0.0 106356.3853
5784.13 5784.13 0.0 106342.0278
5798.28 5798.28 0.0 106327.7642
5812.42 5812.42 0.0 106313.6113
5826.56 5826.56 0.0 106299.5576
5840.7 5840.7 0.0 106285.6025
5854.84 5854.84 0.0 106271.7461
5868.99 5868.99 0.0 106257.9766
5883.13 5883.13 0.0 106244.3086
5897.27 5897.27 0.0 106230.7393
5911.41 5911.41 0.0 106217.2607
5925.55 5925.55 0.0 106203.8726
5939.7 5939.7 0.0 106190.5669
5953.84 5953.84 0.0 106177.3604
5967.98 5967.98 0.0 106164.2466
5982.12 5982.12 0.0 106151.2192
5996.27 5996.27 0.0 106138.2651
6010.41 6010.41 0.0 106125.4102
6024.55 6024.55 0.0 106112.6348
6038.69 6038.69 0.0 106099.9434
6052.83 6052.83 0.0 106087.3398
6066.98 6066.98 0.0 106074.8057
6081.12 6081.12 0.0 106062.3604
6095.26 6095.26 0.0 106049.9976
6109.4 6109.4 0.0 106037.7095
6123.54 6123.54 0.0 106025.5029
6137.69 6137.69 0.0 106013.3667
6151.83 6151.83 0.0 106001.3101
6165.97 6165.97 0.0 105989.3340
6180.11 6180.11 0.0 105977.4272
6194.26 6194.26 0.0 105965.5874
6208.4 6208.4 0.0 105953.8311
6222.54 6222.54 0.0 105942.1396
6236.68 6236.68 0.0 105930.5278
6250.82 6250.82 0.0 105918.9849
6264.97 6264.97 0.0 105907.4946
6279.11 6279.11 0.0 105896.0933
6293.25 6293.25 0.0 105884.7515
6307.39 6307.39 0.0 105873.4805
6321.53 6321.53 0.0 105862.2764
6335.68 6335.68 0.0 105851.1255
6349.82 6349.82 0.0 105840.0513
6363.96 6363.96 0.0 105829.0342
6378.1 6378.1 0.0 105818.0913
6392.25 6392.25 0.0 105807.1958
6406.39 6406.39 0.0 105796.3755
6420.53 6420.53 0.0 105785.6113
6434.67 6434.67 0.0 105774.9097
6448.81 6448.81 0.0 105764.2700
6462.96 6462.96 0.0 105753.6826
6477.1 6477.1 0.0 105743.1533
6491.24 6491.24 0.0 105732.6885
6505.38 6505.38 0.0 105722.2783
6519.52 6519.52 0.0 105711.9297
6533.67 6533.67 0.0 105701.6230
6547.81 6547.81 0.0 105691.3848
6561.95 6561.95 0.0 105681.2007
6576.09 6576.09 0.0 105671.0684
6590.24 6590.24 0.0 105660.9829
6604.38 6604.38 0.0 105650.9619
6618.52 6618.52 0.0 105640.9863
6632.66 6632.66 0.0 105631.0664
6646.8 6646.8 0.0 105621.1958
6660.95 6660.95 0.0 105611.3706
6675.09 6675.09 0.0 105601.6021
6689.23 6689.23 0.0 105591.8882
6703.37 6703.37 0.0 105582.2173
6717.51 6717.51 0.0 105572.5938
6731.66 6731.66 0.0 105563.0161
6745.8 6745.8 0.0 105553.4902
6759.94 6759.94 0.0 105544.0103
6774.08 6774.08 0.0 105534.5776
6788.23 6788.23 0.0 105525.1875
6802.37 6802.37 0.0 105515.8462
6816.51 6816.51 0.0 105506.5522
6830.65 6830.65 0.0 105497.3018
6844.79 6844.79 0.0 105488.0962
6858.94 6858.94 0.0 105478.9263
6873.08 6873.08 0.0 105469.8062
6887.22 6887.22 0.0 105460.7300
6901.36 6901.36 0.0 105451.6924
6915.5 6915.5 0.0 105442.6987
6929.65 6929.65 0.0 105433.7417
6943.79 6943.79 0.0 105424.8281
6957.93 6957.93 0.0 105415.9568
6972.07 6972.07 0.0 105407.1304
6986.21 6986.21 0.0 105398.3381
7000.36 7000.36 0.0 105389.5786
7014.5 7014.5 0.0 105380.8665
7028.64 7028.64 0.0 105372.1926
7042.78 7042.78 0.0 105363.5579
7056.93 7056.93 0.0 105354.9512
7071.07 7071.07 0.0 105346.3904
7085.21 7085.21 0.0 105337.8635
7099.35 7099.35 0.0 105329.3750
7113.49 7113.49 0.0 105320.9209
7127.64 7127.64 0.0 105312.5005
7141.78 7141.78 0.0 105304.1194
7155.92 7155.92 0.0 105295.7720
7170.06 7170.06 0.0 105287.4624
7184.2 7184.2 0.0 105279.1833
7198.35 7198.35 0.0 105270.9346
7212.49 7212.49 0.0 105262.7236
7226.63 7226.63 0.0 105254.5466
7240.77 7240.77 0.0 105246.4036
7254.92 7254.92 0.0 105238.2842
7269.06 7269.06 0.0 105230.2068
7283.2 7283.2 0.0 105222.1582
7297.34 7297.34 0.0 105214.1411
7311.48 7311.48 0.0 105206.1592
7325.63 7325.63 0.0 105198.1970
7339.77 7339.77 0.0 105190.2715
7353.91 7353.91 0.0 105182.3806
7368.05 7368.05 0.0 105174.5166
7382.19 7382.19 0.0 105166.6873
7396.34 7396.34 0.0 105158.8772
7410.48 7410.48 0.0 105151.0991
7424.62 7424.62 0.0 105143.3535
7438.76 7438.76 0.0 105135.6360
7452.91 7452.91 0.0 105127.9380
7467.05 7467.05 0.0 105120.2803
7481.19 7481.19 0.0 105112.6458
7495.33 7495.33 0.0 105105.0408
7509.47 7509.47 0.0 105097.4617
7523.62 7523.62 0.0 105089.9011
7537.76 7537.76 0.0 105082.3757
7551.9 7551.9 0.0 105074.8757
7566.04 7566.04 0.0 105067.4019
7580.18 7580.18 0.0 105059.9568
7594.33 7594.33 0.0 105052.5283
7608.47 7608.47 0.0 105045.1321
7622.61 7622.61 0.0 105037.7578
7636.75 7636.75 0.0 105030.4087
7650.9 7650.9 0.0 105023.0845
7665.04 7665.04 0.0 105015.7854
7679.18 7679.18 0.0 105008.5115
7693.32 7693.32 0.0 105001.2600
7707.46 7707.46 0.0 104994.0356
7721.61 7721.61 0.0 104986.8252
7735.75 7735.75 0.0 104979.6460
7749.89 7749.89 0.0 104972.4863
7764.03 7764.03 0.0 104965.3545
7778.17 7778.17 0.0 104958.2402
