0.0 0.0 0.0 238737.9688
14.1421 14.1421 0.0 340533.5312
28.2843 28.2843 0.0 339325.0312
42.4264 42.4264 0.0 334070.9688
56.5685 56.5685 0.0 326827.4531
70.7107 70.7107 0.0 318498.8906
84.8528 84.8528 0.0 309629.9844
98.9949 98.9949 0.0 300582.1875
113.137 113.137 0.0 291598.3125
127.279 127.279 0.0 282837.8750
141.421 141.421 0.0 274399.5312
155.563 155.563 0.0 266338.5312
169.706 169.706 0.0 258679.2656
183.848 183.848 0.0 251427.4375
197.99 197.99 0.0 244574.0625
212.132 212.132 0.0 238103.0312
226.274 226.274 0.0 231993.8750
240.416 240.416 0.0 226224.5078
254.558 254.558 0.0 220772.8281
268.701 268.701 0.0 215616.8125
282.843 282.843 0.0 210737.0000
296.985 296.985 0.0 206114.3047
311.127 311.127 0.0 201731.4375
325.269 325.269 0.0 197572.8750
339.411 339.411 0.0 193624.2266
353.553 353.553 0.0 189872.5391
367.696 367.696 0.0 186305.7344
381.838 381.838 0.0 182913.5000
395.98 395.98 0.0 179685.5859
410.122 410.122 0.0 176612.8750
424.264 424.264 0.0 173686.8281
438.406 438.406 0.0 170899.5625
452.548 452.548 0.0 168243.7578
466.69 466.69 0.0 165712.5469
480.833 480.833 0.0 163299.2695
494.975 494.975 0.0 160998.2578
509.117 509.117 0.0 158803.5781
523.259 523.259 0.0 156709.8398
537.401 537.401 0.0 154711.9844
551.543 551.543 0.0 152805.1797
565.685 565.685 0.0 150984.8359
579.828 579.828 0.0 149246.5742
593.97 593.97 0.0 147586.4883
608.112 608.112 0.0 146000.6445
622.254 622.254 0.0 144485.2773
636.396 636.396 0.0 143036.9453
650.538 650.538 0.0 141652.3438
664.68 664.68 0.0 140328.3242
678.823 678.823 0.0 139061.8242
692.965 692.965 0.0 137850.2109
707.107 707.107 0.0 136690.7344
721.249 721.249 0.0 135580.8164
735.391 735.391 0.0 134518.0938
749.533 749.533 0.0 133500.2383
763.675 763.675 0.0 132525.1309
777.817 777.817 0.0 131590.7070
791.96 791.96 0.0 130694.9570
806.102 806.102 0.0 129836.1484
820.244 820.244 0.0 129012.4785
834.386 834.386 0.0 128222.2891
848.528 848.528 0.0 127464.0059
862.67 862.67 0.0 126736.1348
876.812 876.812 0.0 126037.2402
890.955 890.955 0.0 125365.9551
905.097 905.097 0.0 124721.0820
919.239 919.239 0.0 124101.3770
933.381 933.381 0.0 123505.6641
947.523 947.523 0.0 122932.8574
961.665 961.665 0.0 122381.9277
975.807 975.807 0.0 121851.8984
989.949 989.949 0.0 121341.8086
1004.09 1004.09 0.0 120850.8262
1018.23 1018.23 0.0 120378.0820
1032.38 1032.38 0.0 119922.4258
1046.52 1046.52 0.0 119483.7461
1060.66 1060.66 0.0 119060.9902
1074.8 1074.8 0.0 118653.4551
1088.94 1088.94 0.0 118260.4961
1103.09 1103.09 0.0 117881.2051
1117.23 1117.23 0.0 117515.5547
1131.37 1131.37 0.0 117162.6729
1145.51 1145.51 0.0 116822.0293
1159.66 1159.66 0.0 116492.8955
1173.8 1173.8 0.0 116175.2344
1187.94 1187.94 0.0 115868.3428
1202.08 1202.08 0.0 115571.7734
1216.22 1216.22 0.0 115285.1162
1230.37 1230.37 0.0 115007.7646
1244.51 1244.51 0.0 114739.7236
1258.65 1258.65 0.0 114480.4385
1272.79 1272.79 0.0 114229.5430
1286.93 1286.93 0.0 113986.7021
1301.08 1301.08 0.0 113751.4404
1315.22 1315.22 0.0 113523.7959
1329.36 1329.36 0.0 113303.2891
1343.5 1343.5 0.0 113089.6426
1357.65 1357.65 0.0 112882.4551
1371.79 1371.79 0.0 112681.7734
1385.93 1385.93 0.0 112487.1885
1400.07 1400.07 0.0 112298.4697
1414.21 1414.21 0.0 112115.4102
1428.36 1428.36 0.0 111937.6602
1442.5 1442.5 0.0 111765.2617
1456.64 1456.64 0.0 111597.9023
1470.78 1470.78 0.0 111435.4033
1484.92 1484.92 0.0 111277.5684
1499.07 1499.07 0.0 111124.1328
1513.21 1513.21 0.0 110975.1445
1527.35 1527.35 0.0 110830.3359
1541.49 1541.49 0.0 110689.5713
1555.63 1555.63 0.0 110552.6729
1569.78 1569.78 0.0 110419.4395
1583.92 1583.92 0.0 110289.9189
1598.06 1598.06 0.0 110163.8877
1612.2 1612.2 0.0 110041.2246
1626.35 1626.35 0.0 109921.7266
1640.49 1640.49 0.0 109805.4551
1654.63 1654.63 0.0 109692.2109
1668.77 1668.77 0.0 109581.8906
1682.91 1682.91 0.0 109474.3984
1697.06 1697.06 0.0 109369.5679
1711.2 1711.2 0.0 109267.4541
1725.34 1725.34 0.0 109167.8818
1739.48 1739.48 0.0 109070.7861
1753.62 1753.62 0.0 108976.0723
1767.77 1767.77 0.0 108883.6006
1781.91 1781.91 0.0 108793.4268
1796.05 1796.05 0.0 108705.4121
1810.19 1810.19 0.0 108619.4873
1824.34 1824.34 0.0 108535.5254
1838.48 1838.48 0.0 108453.5801
1852.62 1852.62 0.0 108373.5337
1866.76 1866.76 0.0 108295.3237
1880.9 1880.9 0.0 108218.8892
1895.05 1895.05 0.0 108144.1196
1909.19 1909.19 0.0 108071.0811
1923.33 1923.33 0.0 107999.6538
1937.47 1937.47 0.0 107929.7969
1951.61 1951.61 0.0 107861.4663
1965.76 1965.76 0.0 107794.5527
1979.9 1979.9 0.0 107729.1274
1994.04 1994.04 0.0 107665.0781
2008.18 2008.18 0.0 107602.3799
2022.33 2022.33 0.0 107540.9443
2036.47 2036.47 0.0 107480.8169
2050.61 2050.61 0.0 107421.9233
2064.75 2064.75 0.0 107364.2266
2078.89 2078.89 0.0 107307.6826
2093.04 2093.04 0.0 107252.2280
2107.18 2107.18 0.0 107197.9102
2121.32 2121.32 0.0 107144.6538
2135.46 2135.46 0.0 107092.4380
2149.6 2149.6 0.0 107041.2217
2163.75 2163.75 0.0 106990.9399
2177.89 2177.89 0.0 106941.6558
2192.03 2192.03 0.0 106893.2891
2206.17 2206.17 0.0 106845.8218
2220.32 2220.32 0.0 106799.1973
2234.46 2234.46 0.0 106753.4556
2248.6 2248.6 0.0 106708.5435
2262.74 2262.74 0.0 106664.4365
2276.88 2276.88 0.0 106621.1177
2291.03 2291.03 0.0 106578.5239
2305.17 2305.17 0.0 106536.7139
2319.31 2319.31 0.0 106495.6260
2333.45 2333.45 0.0 106455.2490
2347.59 2347.59 0.0 106415.5552
2361.74 2361.74 0.0 106376.5059
2375.88 2375.88 0.0 106338.1445
2390.02 2390.02 0.0 106300.4165
2404.16 2404.16 0.0 106263.3174
2418.31 2418.31 0.0 106226.7969
2432.45 2432.45 0.0 106190.8960
2446.59 2446.59 0.0 106155.5688
2460.73 2460.73 0.0 106120.8135
2474.87 2474.87 0.0 106086.6104
2489.02 2489.02 0.0 106052.9165
2503.16 2503.16 0.0 106019.7729
2517.3 2517.3 0.0 105987.1445
2531.44 2531.44 0.0 105955.0229
2545.58 2545.58 0.0 105923.3887
2559.73 2559.73 0.0 105892.2109
2573.87 2573.87 0.0 105861.5249
2588.01 2588.01 0.0 105831.2998
2602.15 2602.15 0.0 105801.5186
2616.3 2616.3 0.0 105772.1621
2630.44 2630.44 0.0 105743.2520
2644.58 2644.58 0.0 105714.7617
2658.72 2658.72 0.0 105686.6841
2672.86 2672.86 0.0 105659.0112
2687.01 2687.01 0.0 105631.7100
2701.15 2701.15 0.0 105604.8140
2715.29 2715.29 0.0 105578.2988
2729.43 2729.43 0.0 105552.1523
2743.57 2743.57 0.0 105526.3726
2757.72 2757.72 0.0 105500.9248
2771.86 2771.86 0.0 105475.8477
2786.0 2786.0 0.0 105451.1133
2800.14 2800.14 0.0 105426.7095
2814.28 2814.28 0.0 105402.6357
2828.43 2828.43 0.0 105378.8730
2842.57 2842.57 0.0 105355.4424
2856.71 2856.71 0.0 105332.3186
2870.85 2870.85 0.0 105309.5029
2885.0 2885.0 0.0 105286.9683
2899.14 2899.14 0.0 105264.7446
2913.28 2913.28 0.0 105242.8049
2927.42 2927.42 0.0 105221.1550
2941.56 2941.56 0.0 105199.7788
2955.71 2955.71 0.0 105178.6609
2969.85 2969.85 0.0 105157.8262
2983.99 2983.99 0.0 105137.2576
2998.13 2998.13 0.0 105116.9438
3012.27 3012.27 0.0 105096.8887
3026.42 3026.42 0.0 105077.0684
3040.56 3040.56 0.0 105057.5098
3054.7 3054.7 0.0 105038.1890
3068.84 3068.84 0.0 105019.1106
3082.99 3082.99 0.0 105000.2471
3097.13 3097.13 0.0 104981.6333
3111.27 3111.27 0.0 104963.2449
3125.41 3125.41 0.0 104945.0745
3139.55 3139.55 0.0 104927.1250
3153.7 3153.7 0.0 104909.3823
3167.84 3167.84 0.0 104891.8606
3181.98 3181.98 0.0 104874.5430
3196.12 3196.12 0.0 104857.4373
3210.26 3210.26 0.0 104840.5371
3224.41 3224.41 0.0 104823.8145
3238.55 3238.55 0.0 104807.3074
3252.69 3252.69 0.0 104790.9883
3266.83 3266.83 0.0 104774.8623
3280.98 3280.98 0.0 104758.9092
3295.12 3295.12 0.0 104743.1584
3309.26 3309.26 0.0 104727.5833
3323.4 3323.4 0.0 104712.1873
3337.54 3337.54 0.0 104696.9712
3351.69 3351.69 0.0 104681.9148
3365.83 3365.83 0.0 104667.0413
3379.97 3379.97 0.0 104652.3350
3394.11 3394.11 0.0 104637.7961
3408.25 3408.25 0.0 104623.4211
3422.4 3422.4 0.0 104609.1956
3436.54 3436.54 0.0 104595.1406
3450.68 3450.68 0.0 104581.2415
3464.82 3464.82 0.0 104567.4973
3478.97 3478.97 0.0 104553.8958
3493.11 3493.11 0.0 104540.4534
3507.25 3507.25 0.0 104527.1587
3521.39 3521.39 0.0 104514.0110
3535.53 3535.53 0.0 104501.0083
3549.68 3549.68 0.0 104488.1355
3563.82 3563.82 0.0 104475.4133
3577.96 3577.96 0.0 104462.8276
3592.1 3592.1 0.0 104450.3799
3606.24 3606.24 0.0 104438.0627
3620.39 3620.39 0.0 104425.8728
3634.53 3634.53 0.0 104413.8198
3648.67 3648.67 0.0 104401.8955
3662.81 3662.81 0.0 104390.0994
3676.96 3676.96 0.0 104378.4209
3691.1 3691.1 0.0 104366.8691
3705.24 3705.24 0.0 104355.4451
3719.38 3719.38 0.0 104344.1370
3733.52 3733.52 0.0 104332.9500
3747.67 3747.67 0.0 104321.8699
3761.81 3761.81 0.0 104310.9143
3775.95 3775.95 0.0 104300.0723
3790.09 3790.09 0.0 104289.3376
3804.23 3804.23 0.0 104278.7214
3818.38 3818.38 0.0 104268.2021
3832.52 3832.52 0.0 104257.8003
3846.66 3846.66 0.0 104247.5029
3860.8 3860.8 0.0 104237.3108
3874.95 3874.95 0.0 104227.2170
3889.09 3889.09 0.0 104217.2295
3903.23 3903.23 0.0 104207.3433
3917.37 3917.37 0.0 104197.5596
3931.51 3931.51 0.0 104187.8687
3945.66 3945.66 0.0 104178.2729
3959.8 3959.8 0.0 104168.7761
3973.94 3973.94 0.0 104159.3750
3988.08 3988.08 0.0 104150.0657
4002.22 4002.22 0.0 104140.8462
4016.37 4016.37 0.0 104131.7141
4030.51 4030.51 0.0 104122.6753
4044.65 4044.65 0.0 104113.7266
4058.79 4058.79 0.0 104104.8623
4072.94 4072.94 0.0 104096.0789
4087.08 4087.08 0.0 104087.3889
4101.22 4101.22 0.0 104078.7773
4115.36 4115.36 0.0 104070.2527
4129.5 4129.5 0.0 104061.8052
4143.65 4143.65 0.0 104053.4331
4157.79 4157.79 0.0 104045.1487
4171.93 4171.93 0.0 104036.9412
4186.07 4186.07 0.0 104028.8074
4200.21 4200.21 0.0 104020.7542
4214.36 4214.36 0.0 104012.7683
4228.5 4228.5 0.0 104004.8625
4242.64 4242.64 0.0 103997.0308
4256.78 4256.78 0.0 103989.2700
4270.92 4270.92 0.0 103981.5801
4285.07 4285.07 0.0 103973.9551
4299.21 4299.21 0.0 103966.4048
4313.35 4313.35 0.0 103958.9233
4327.49 4327.49 0.0 103951.5085
4341.64 4341.64 0.0 103944.1565
4355.78 4355.78 0.0 103936.8740
4369.92 4369.92 0.0 103929.6560
4384.06 4384.06 0.0 103922.5000
4398.2 4398.2 0.0 103915.4097
4412.35 4412.35 0.0 103908.3779
4426.49 4426.49 0.0 103901.4092
4440.63 4440.63 0.0 103894.5020
4454.77 4454.77 0.0 103887.6562
4468.91 4468.91 0.0 103880.8652
4483.06 4483.06 0.0 103874.1335
4497.2 4497.2 0.0 103867.4592
4511.34 4511.34 0.0 103860.8423
4525.48 4525.48 0.0 103854.2834
4539.63 4539.63 0.0 103847.7732
4553.77 4553.77 0.0 103841.3210
4567.91 4567.91 0.0 103834.9241
4582.05 4582.05 0.0 103828.5815
4596.19 4596.19 0.0 103822.2878
4610.34 4610.34 0.0 103816.0410
4624.48 4624.48 0.0 103809.8513
4638.62 4638.62 0.0 103803.7102
4652.76 4652.76 0.0 103797.6182
4666.9 4666.9 0.0 103791.5762
4681.05 4681.05 0.0 103785.5774
4695.19 4695.19 0.0 103779.6301
4709.33 4709.33 0.0 103773.7305
4723.47 4723.47 0.0 103767.8735
4737.62 4737.62 0.0 103762.0620
4751.76 4751.76 0.0 103756.2959
4765.9 4765.9 0.0 103750.5754
4780.04 4780.04 0.0 103744.8982
4794.18 4794.18 0.0 103739.2646
4808.33 4808.33 0.0 103733.6670
4822.47 4822.47 0.0 103728.1187
4836.61 4836.61 0.0 103722.6084
4850.75 4850.75 0.0 103717.1404
4864.89 4864.89 0.0 103711.7100
4879.04 4879.04 0.0 103706.3167
4893.18 4893.18 0.0 103700.9670
4907.32 4907.32 0.0 103695.6545
4921.46 4921.46 0.0 103690.3784
4935.61 4935.61 0.0 103685.1370
4949.75 4949.75 0.0 103679.9358
4963.89 4963.89 0.0 103674.7710
4978.03 4978.03 0.0 103669.6418
4992.17 4992.17 0.0 103664.5464
5006.32 5006.32 0.0 103659.4839
5020.46 5020.46 0.0 103654.4561
5034.6 5034.6 0.0 103649.4653
5048.74 5048.74 0.0 103644.5044
5062.88 5062.88 0.0 103639.5779
5077.03 5077.03 0.0 103634.6794
5091.17 5091.17 0.0 103629.8157
5105.31 5105.31 0.0 103624.9832
5119.45 5119.45 0.0 103620.1824
5133.6 5133.6 0.0 103615.4038
5147.74 5147.74 0.0 103610.6650
5161.88 5161.88 0.0 103605.9509
5176.02 5176.02 0.0 103601.2668
5190.16 5190.16 0.0 103596.6106
5204.31 5204.31 0.0 103591.9790
5218.45 5218.45 0.0 103587.3777
5232.59 5232.59 0.0 103582.8049
5246.73 5246.73 0.0 103578.2573
5260.87 5260.87 0.0 103573.7371
5275.02 5275.02 0.0 103569.2366
5289.16 5289.16 0.0 103564.7686
5303.3 5303.3 0.0 103560.3201
5317.44 5317.44 0.0 103555.9038
5331.59 5331.59 0.0 103551.5017
5345.73 5345.73 0.0 103547.1292
5359.87 5359.87 0.0 103542.7815
5374.01 5374.01 0.0 103538.4546
5388.15 5388.15 0.0 103534.1477
5402.3 5402.3 0.0 103529.8650
5416.44 5416.44 0.0 103525.6045
5430.58 5430.58 0.0 103521.3652
5444.72 5444.72 0.0 103517.1492
5458.86 5458.86 0.0 103512.9495
5473.01 5473.01 0.0 103508.7703
5487.15 5487.15 0.0 103504.6155
5501.29 5501.29 0.0 103500.4771
5515.43 5515.43 0.0 103496.3591
5529.58 5529.58 0.0 103492.2581
5543.72 5543.72 0.0 103488.1790
5557.86 5557.86 0.0 103484.1150
5572.0 5572.0 0.0 103480.0728
5586.14 5586.14 0.0 103476.0474
5600.29 5600.29 0.0 103472.0330
5614.43 5614.43 0.0 103468.0396
5628.57 5628.57 0.0 103464.0654
5642.71 5642.71 0.0 103460.1055
5656.85 5656.85 0.0 103456.1633
5671.0 5671.0 0.0 103452.2319
5685.14 5685.14 0.0 103448.3206
5699.28 5699.28 0.0 103444.4243
5713.42 5713.42 0.0 103440.5410
5727.56 5727.56 0.0 103436.6748
5741.71 5741.71 0.0 103432.8179
5755.85 5755.85 0.0 103428.9780
5769.99 5769.99 0.0 103425.1514
5784.13 5784.13 0.0 103421.3401
5798.28 5798.28 0.0 103417.5388
5812.42 5812.42 0.0 103413.7527
5826.56 5826.56 0.0 103409.9763
5840.7 5840.7 0.0 103406.2139
5854.84 5854.84 0.0 103402.4646
5868.99 5868.99 0.0 103398.7246
5883.13 5883.13 0.0 103395.0000
5897.27 5897.27 0.0 103391.2859
5911.41 5911.41 0.0 103387.5806
5925.55 5925.55 0.0 103383.8877
5939.7 5939.7 0.0 103380.2012
5953.84 5953.84 0.0 103376.5298
5967.98 5967.98 0.0 103372.8661
5982.12 5982.12 0.0 103369.2151
5996.27 5996.27 0.0 103365.5687
6010.41 6010.41 0.0 103361.9347
6024.55 6024.55 0.0 103358.3091
6038.69 6038.69 0.0 103354.6956
6052.83 6052.83 0.0 103351.0867
6066.98 6066.98 0.0 103347.4869
6081.12 6081.12 0.0 103343.8966
6095.26 6095.26 0.0 103340.3136
6109.4 6109.4 0.0 103336.7396
6123.54 6123.54 0.0 103333.1741
6137.69 6137.69 0.0 103329.6111
6151.83 6151.83 0.0 103326.0590
6165.97 6165.97 0.0 103322.5154
6180.11 6180.11 0.0 103318.9749
6194.26 6194.26 0.0 103315.4406
6208.4 6208.4 0.0 103311.9155
6222.54 6222.54 0.0 103308.3970
6236.68 6236.68 0.0 103304.8815
6250.82 6250.82 0.0 103301.3781
6264.97 6264.97 0.0 103297.8732
6279.11 6279.11 0.0 103294.3776
6293.25 6293.25 0.0 103290.8857
6307.39 6307.39 0.0 103287.4033
6321.53 6321.53 0.0 103283.9194
6335.68 6335.68 0.0 103280.4437
6349.82 6349.82 0.0 103276.9722
6363.96 6363.96 0.0 103273.5050
6378.1 6378.1 0.0 103270.0449
6392.25 6392.25 0.0 103266.5845
6406.39 6406.39 0.0 103263.1312
6420.53 6420.53 0.0 103259.6812
6434.67 6434.67 0.0 103256.2355
6448.81 6448.81 0.0 103252.7941
6462.96 6462.96 0.0 103249.3524
6477.1 6477.1 0.0 103245.9177
6491.24 6491.24 0.0 103242.4865
6505.38 6505.38 0.0 103239.0549
6519.52 6519.52 0.0 103235.6277
6533.67 6533.67 0.0 103232.2048
6547.81 6547.81 0.0 103228.7826
6561.95 6561.95 0.0 103225.3657
6576.09 6576.09 0.0 103221.9495
6590.24 6590.24 0.0 103218.5349
6604.38 6604.38 0.0 103215.1227
6618.52 6618.52 0.0 103211.7151
6632.66 6632.66 0.0 103208.3071
6646.8 6646.8 0.0 103204.9036
6660.95 6660.95 0.0 103201.4980
6675.09 6675.09 0.0 103198.0953
6689.23 6689.23 0.0 103194.6968
6703.37 6703.37 0.0 103191.2974
6717.51 6717.51 0.0 103187.8998
6731.66 6731.66 0.0 103184.5028
6745.8 6745.8 0.0 103181.1061
6759.94 6759.94 0.0 103177.7136
6774.08 6774.08 0.0 103174.3213
6788.23 6788.23 0.0 103170.9255
6802.37 6802.37 0.0 103167.5352
6816.51 6816.51 0.0 103164.1448
6830.65 6830.65 0.0 103160.7552
6844.79 6844.79 0.0 103157.3669
6858.94 6858.94 0.0 103153.9769
6873.08 6873.08 0.0 103150.5879
6887.22 6887.22 0.0 103147.2019
6901.36 6901.36 0.0 103143.8151
6915.5 6915.5 0.0 103140.4285
6929.65 6929.65 0.0 103137.0397
6943.79 6943.79 0.0 103133.6520
6957.93 6957.93 0.0 103130.2661
6972.07 6972.07 0.0 103126.8800
6986.21 6986.21 0.0 103123.4940
7000.36 7000.36 0.0 103120.1034
7014.5 7014.5 0.0 103116.7174
7028.64 7028.64 0.0 103113.3284
7042.78 7042.78 0.0 103109.9432
7056.93 7056.93 0.0 103106.5527
7071.07 7071.07 0.0 103103.1660
7085.21 7085.21 0.0 103099.7773
7099.35 7099.35 0.0 103096.3882
7113.49 7113.49 0.0 103093.0006
7127.64 7127.64 0.0 103089.6085
7141.78 7141.78 0.0 103086.2179
7155.92 7155.92 0.0 103082.8297
7170.06 7170.06 0.0 103079.4379
7184.2 7184.2 0.0 103076.0452
7198.35 7198.35 0.0 103072.6498
7212.49 7212.49 0.0 103069.2584
7226.63 7226.63 0.0 103065.8638
7240.77 7240.77 0.0 103062.4707
7254.92 7254.92 0.0 103059.0728
7269.06 7269.06 0.0 103055.6774
7283.2 7283.2 0.0 103052.2811
7297.34 7297.34 0.0 103048.8833
7311.48 7311.48 0.0 103045.4856
7325.63 7325.63 0.0 103042.0841
7339.77 7339.77 0.0 103038.6843
7353.91 7353.91 0.0 103035.2854
7368.05 7368.05 0.0 103031.8837
7382.19 7382.19 0.0 103028.4830
7396.34 7396.34 0.0 103025.0775
7410.48 7410.48 0.0 103021.6726
7424.62 7424.62 0.0 103018.2682
7438.76 7438.76 0.0 103014.8655
7452.91 7452.91 0.0 103011.4562
7467.05 7467.05 0.0 103008.0511
7481.19 7481.19 0.0 103004.6426
7495.33 7495.33 0.0 103001.2355
7509.47 7509.47 0.0 102997.8250
7523.62 7523.62 0.0 102994.4141
7537.76 7537.76 0.0 102991.0045
7551.9 7551.9 0.0 102987.5933
7566.04 7566.04 0.0 102984.1827
7580.18 7580.18 0.0 102980.7698
7594.33 7594.33 0.0 102977.3550
7608.47 7608.47 0.0 102973.9410
7622.61 7622.61 0.0 102970.5271
7636.75 7636.75 0.0 102967.1130
7650.9 7650.9 0.0 102963.6960
7665.04 7665.04 0.0 102960.2800
7679.18 7679.18 0.0 102956.8640
7693.32 7693.32 0.0 102953.4467
7707.46 7707.46 0.0 102950.0302
7721.61 7721.61 0.0 102946.6108
7735.75 7735.75 0.0 102943.1924
7749.89 7749.89 0.0 102939.7744
7764.03 7764.03 0.0 102936.3551
7778.17 7778.17 0.0 102932.9370
