0.0 0.0 0.0 272117.5469
14.1421 14.1421 0.0 4869056.0000
28.2843 28.2843 0.0 4384430.0000
42.4264 42.4264 0.0 3733970.0000
56.5685 56.5685 0.0 3082310.2500
70.7107 70.7107 0.0 2490341.7500
84.8528 84.8528 0.0 1981493.2500
98.9949 98.9949 0.0 1562343.5000
113.137 113.137 0.0 1229481.6250
127.279 127.279 0.0 972929.8750
141.421 141.421 0.0 779328.6250
155.563 155.563 0.0 634905.7500
169.706 169.706 0.0 527451.0938
183.848 183.848 0.0 447170.4375
197.99 197.99 0.0 386632.1562
212.132 212.132 0.0 340419.5625
226.274 226.274 0.0 304648.9062
240.416 240.416 0.0 276555.0781
254.558 254.558 0.0 254167.0312
268.701 268.701 0.0 236070.5469
282.843 282.843 0.0 221246.5469
296.985 296.985 0.0 208947.2891
311.127 311.127 0.0 198621.7422
325.269 325.269 0.0 189858.1797
339.411 339.411 0.0 182345.5234
353.553 353.553 0.0 175846.2812
367.696 367.696 0.0 170176.4609
381.838 381.838 0.0 165193.6875
395.98 395.98 0.0 160784.4883
410.122 410.122 0.0 156858.9375
424.264 424.264 0.0 153344.5977
438.406 438.406 0.0 150182.7578
452.548 452.548 0.0 147325.3086
466.69 466.69 0.0 144732.5234
480.833 480.833 0.0 142371.1367
494.975 494.975 0.0 140213.7031
509.117 509.117 0.0 138236.5469
523.259 523.259 0.0 136419.6484
537.401 537.401 0.0 134745.8672
551.543 551.543 0.0 133200.3535
565.685 565.685 0.0 131770.2676
579.828 579.828 0.0 130444.3301
593.97 593.97 0.0 129212.8594
608.112 608.112 0.0 128067.0918
622.254 622.254 0.0 126999.3145
636.396 636.396 0.0 126002.7754
650.538 650.538 0.0 125071.3516
664.68 664.68 0.0 124199.5859
678.823 678.823 0.0 123382.5684
692.965 692.965 0.0 122615.9746
707.107 707.107 0.0 121895.8184
721.249 721.249 0.0 121218.4688
735.391 735.391 0.0 120580.6973
749.533 749.533 0.0 119979.5234
763.675 763.675 0.0 119412.2832
777.817 777.817 0.0 118876.4902
791.96 791.96 0.0 118369.8672
806.102 806.102 0.0 117890.4629
820.244 820.244 0.0 117436.3496
834.386 834.386 0.0 117005.8008
848.528 848.528 0.0 116597.2314
862.67 862.67 0.0 116209.1865
876.812 876.812 0.0 115840.3359
890.955 890.955 0.0 115489.4092
905.097 905.097 0.0 115155.3223
919.239 919.239 0.0 114836.9951
933.381 933.381 0.0 114533.4531
947.523 947.523 0.0 114243.8086
961.665 961.665 0.0 113967.2070
975.807 975.807 0.0 113702.8779
989.949 989.949 0.0 113450.1133
1004.09 1004.09 0.0 113208.2520
1018.23 1018.23 0.0 112976.6836
1032.38 1032.38 0.0 112754.6396
1046.52 1046.52 0.0 112541.9141
1060.66 1060.66 0.0 112337.8242
1074.8 1074.8 0.0 112141.9268
1088.94 1088.94 0.0 111953.7695
1103.09 1103.09 0.0 111772.8125
1117.23 1117.23 0.0 111598.9453
1131.37 1131.37 0.0 111431.6572
1145.51 1145.51 0.0 111270.6396
1159.66 1159.66 0.0 111115.4424
1173.8 1173.8 0.0 110966.0039
1187.94 1187.94 0.0 110821.9365
1202.08 1202.08 0.0 110682.9688
1216.22 1216.22 0.0 110548.8711
1230.37 1230.37 0.0 110419.3096
1244.51 1244.51 0.0 110294.2480
1258.65 1258.65 0.0 110173.4004
1272.79 1272.79 0.0 110056.5576
1286.93 1286.93 0.0 109943.5420
1301.08 1301.08 0.0 109834.1201
1315.22 1315.22 0.0 109728.2676
1329.36 1329.36 0.0 109625.7578
1343.5 1343.5 0.0 109526.4385
1357.65 1357.65 0.0 109430.1050
1371.79 1371.79 0.0 109336.7739
1385.93 1385.93 0.0 109246.2441
1400.07 1400.07 0.0 109158.3877
1414.21 1414.21 0.0 109073.1152
1428.36 1428.36 0.0 108990.2417
1442.5 1442.5 0.0 108909.7993
1456.64 1456.64 0.0 108831.6216
1470.78 1470.78 0.0 108755.6196
1484.92 1484.92 0.0 108681.7153
1499.07 1499.07 0.0 108609.7656
1513.21 1513.21 0.0 108539.7920
1527.35 1527.35 0.0 108471.6797
1541.49 1541.49 0.0 108405.3555
1555.63 1555.63 0.0 108340.7344
1569.78 1569.78 0.0 108277.7183
1583.92 1583.92 0.0 108216.3442
1598.06 1598.06 0.0 108156.4966
1612.2 1612.2 0.0 108098.1167
1626.35 1626.35 0.0 108041.1211
1640.49 1640.49 0.0 107985.5210
1654.63 1654.63 0.0 107931.2500
1668.77 1668.77 0.0 107878.2417
1682.91 1682.91 0.0 107826.4546
1697.06 1697.06 0.0 107775.8140
1711.2 1711.2 0.0 107726.3457
1725.34 1725.34 0.0 107677.9829
1739.48 1739.48 0.0 107630.6714
1753.62 1753.62 0.0 107584.3887
1767.77 1767.77 0.0 107539.0625
1781.91 1781.91 0.0 107494.7261
1796.05 1796.05 0.0 107451.3052
1810.19 1810.19 0.0 107408.7788
1824.34 1824.34 0.0 107367.0781
1838.48 1838.48 0.0 107326.2563
1852.62 1852.62 0.0 107286.2300
1866.76 1866.76 0.0 107246.9858
1880.9 1880.9 0.0 107208.4966
1895.05 1895.05 0.0 107170.7041
1909.19 1909.19 0.0 107133.6567
1923.33 1923.33 0.0 107097.2856
1937.47 1937.47 0.0 107061.5747
1951.61 1951.61 0.0 107026.5098
1965.76 1965.76 0.0 106992.0439
1979.9 1979.9 0.0 106958.2012
1994.04 1994.04 0.0 106924.9380
2008.18 2008.18 0.0 106892.2490
2022.33 2022.33 0.0 106860.0825
2036.47 2036.47 0.0 106828.4722
2050.61 2050.61 0.0 106797.3804
2064.75 2064.75 0.0 106766.7900
2078.89 2078.89 0.0 106736.6865
2093.04 2093.04 0.0 106707.0337
2107.18 2107.18 0.0 106677.8604
2121.32 2121.32 0.0 106649.1362
2135.46 2135.46 0.0 106620.8433
2149.6 2149.6 0.0 106592.9702
2163.75 2163.75 0.0 106565.4858
2177.89 2177.89 0.0 106538.4243
2192.03 2192.03 0.0 106511.7466
2206.17 2206.17 0.0 106485.4502
2220.32 2220.32 0.0 106459.4990
2234.46 2234.46 0.0 106433.9238
2248.6 2248.6 0.0 106408.6953
2262.74 2262.74 0.0 106383.8062
2276.88 2276.88 0.0 106359.2485
2291.03 2291.03 0.0 106334.9932
2305.17 2305.17 0.0 106311.0728
2319.31 2319.31 0.0 106287.4551
2333.45 2333.45 0.0 106264.1328
2347.59 2347.59 0.0 106241.1060
2361.74 2361.74 0.0 106218.3501
2375.88 2375.88 0.0 106195.8818
2390.02 2390.02 0.0 106173.6870
2404.16 2404.16 0.0 106151.7563
2418.31 2418.31 0.0 106130.0708
2432.45 2432.45 0.0 106108.6484
2446.59 2446.59 0.0 106087.4780
2460.73 2460.73 0.0 106066.5430
2474.87 2474.87 0.0 106045.8501
2489.02 2489.02 0.0 106025.3755
2503.16 2503.16 0.0 106005.1377
2517.3 2517.3 0.0 105985.1226
2531.44 2531.44 0.0 105965.3232
2545.58 2545.58 0.0 105945.7388
2559.73 2559.73 0.0 105926.3491
2573.87 2573.87 0.0 105907.1782
2588.01 2588.01 0.0 105888.2080
2602.15 2602.15 0.0 105869.4312
2616.3 2616.3 0.0 105850.8345
2630.44 2630.44 0.0 105832.4429
2644.58 2644.58 0.0 105814.2383
2658.72 2658.72 0.0 105796.2139
2672.86 2672.86 0.0 105778.3657
2687.01 2687.01 0.0 105760.6880
2701.15 2701.15 0.0 105743.1929
2715.29 2715.29 0.0 105725.8638
2729.43 2729.43 0.0 105708.7104
2743.57 2743.57 0.0 105691.7129
2757.72 2757.72 0.0 105674.8711
2771.86 2771.86 0.0 105658.1968
2786.0 2786.0 0.0 105641.6802
2800.14 2800.14 0.0 105625.3208
2814.28 2814.28 0.0 105609.1113
2828.43 2828.43 0.0 105593.0400
2842.57 2842.57 0.0 105577.1279
2856.71 2856.71 0.0 105561.3608
2870.85 2870.85 0.0 105545.7378
2885.0 2885.0 0.0 105530.2432
2899.14 2899.14 0.0 105514.9014
2913.28 2913.28 0.0 105499.6929
2927.42 2927.42 0.0 105484.6191
2941.56 2941.56 0.0 105469.6797
2955.71 2955.71 0.0 105454.8652
2969.85 2969.85 0.0 105440.1895
2983.99 2983.99 0.0 105425.6440
2998.13 2998.13 0.0 105411.2217
3012.27 3012.27 0.0 105396.9238
3026.42 3026.42 0.0 105382.7412
3040.56 3040.56 0.0 105368.6885
3054.7 3054.7 0.0 105354.7615
3068.84 3068.84 0.0 105340.9495
3082.99 3082.99 0.0 105327.2451
3097.13 3097.13 0.0 105313.6655
3111.27 3111.27 0.0 105300.2036
3125.41 3125.41 0.0 105286.8550
3139.55 3139.55 0.0 105273.6191
3153.7 3153.7 0.0 105260.4814
3167.84 3167.84 0.0 105247.4614
3181.98 3181.98 0.0 105234.5562
3196.12 3196.12 0.0 105221.7522
3210.26 3210.26 0.0 105209.0581
3224.41 3224.41 0.0 105196.4592
3238.55 3238.55 0.0 105183.9707
3252.69 3252.69 0.0 105171.5901
3266.83 3266.83 0.0 105159.3074
3280.98 3280.98 0.0 105147.1130
3295.12 3295.12 0.0 105135.0286
3309.26 3309.26 0.0 105123.0488
3323.4 3323.4 0.0 105111.1587
3337.54 3337.54 0.0 105099.3689
3351.69 3351.69 0.0 105087.6621
3365.83 3365.83 0.0 105076.0649
3379.97 3379.97 0.0 105064.5569
3394.11 3394.11 0.0 105053.1404
3408.25 3408.25 0.0 105041.8191
3422.4 3422.4 0.0 105030.5781
3436.54 3436.54 0.0 105019.4341
3450.68 3450.68 0.0 105008.3799
3464.82 3464.82 0.0 104997.4146
3478.97 3478.97 0.0 104986.5237
3493.11 3493.11 0.0 104975.7344
3507.25 3507.25 0.0 104965.0254
3521.39 3521.39 0.0 104954.4031
3535.53 3535.53 0.0 104943.8635
3549.68 3549.68 0.0 104933.3972
3563.82 3563.82 0.0 104923.0247
3577.96 3577.96 0.0 104912.7329
3592.1 3592.1 0.0 104902.5200
3606.24 3606.24 0.0 104892.3887
3620.39 3620.39 0.0 104882.3267
3634.53 3634.53 0.0 104872.3542
3648.67 3648.67 0.0 104862.4583
3662.81 3662.81 0.0 104852.6365
3676.96 3676.96 0.0 104842.8860
3691.1 3691.1 0.0 104833.2188
3705.24 3705.24 0.0 104823.6228
3719.38 3719.38 0.0 104814.1050
3733.52 3733.52 0.0 104804.6577
3747.67 3747.67 0.0 104795.2771
3761.81 3761.81 0.0 104785.9783
3775.95 3775.95 0.0 104776.7463
3790.09 3790.09 0.0 104767.5835
3804.23 3804.23 0.0 104758.4973
3818.38 3818.38 0.0 104749.4678
3832.52 3832.52 0.0 104740.5168
3846.66 3846.66 0.0 104731.6333
3860.8 3860.8 0.0 104722.8149
3874.95 3874.95 0.0 104714.0630
3889.09 3889.09 0.0 104705.3782
3903.23 3903.23 0.0 104696.7610
3917.37 3917.37 0.0 104688.2056
3931.51 3931.51 0.0 104679.7214
3945.66 3945.66 0.0 104671.2886
3959.8 3959.8 0.0 104662.9297
3973.94 3973.94 0.0 104654.6311
3988.08 3988.08 0.0 104646.3940
4002.22 4002.22 0.0 104638.2188
4016.37 4016.37 0.0 104630.1028
4030.51 4030.51 0.0 104622.0505
4044.65 4044.65 0.0 104614.0537
4058.79 4058.79 0.0 104606.1187
4072.94 4072.94 0.0 104598.2400
4087.08 4087.08 0.0 104590.4207
4101.22 4101.22 0.0 104582.6665
4115.36 4115.36 0.0 104574.9617
4129.5 4129.5 0.0 104567.3140
4143.65 4143.65 0.0 104559.7222
4157.79 4157.79 0.0 104552.1897
4171.93 4171.93 0.0 104544.7102
4186.07 4186.07 0.0 104537.2847
4200.21 4200.21 0.0 104529.9163
4214.36 4214.36 0.0 104522.5989
4228.5 4228.5 0.0 104515.3352
4242.64 4242.64 0.0 104508.1228
4256.78 4256.78 0.0 104500.9661
4270.92 4270.92 0.0 104493.8613
4285.07 4285.07 0.0 104486.7998
4299.21 4299.21 0.0 104479.8020
4313.35 4313.35 0.0 104472.8464
4327.49 4327.49 0.0 104465.9456
4341.64 4341.64 0.0 104459.0859
4355.78 4355.78 0.0 104452.2805
4369.92 4369.92 0.0 104445.5283
4384.06 4384.06 0.0 104438.8206
4398.2 4398.2 0.0 104432.1577
4412.35 4412.35 0.0 104425.5420
4426.49 4426.49 0.0 104418.9785
4440.63 4440.63 0.0 104412.4583
4454.77 4454.77 0.0 104405.9885
4468.91 4468.91 0.0 104399.5615
4483.06 4483.06 0.0 104393.1743
4497.2 4497.2 0.0 104386.8396
4511.34 4511.34 0.0 104380.5469
4525.48 4525.48 0.0 104374.2993
4539.63 4539.63 0.0 104368.0918
4553.77 4553.77 0.0 104361.9302
4567.91 4567.91 0.0 104355.8130
4582.05 4582.05 0.0 104349.7368
4596.19 4596.19 0.0 104343.7056
4610.34 4610.34 0.0 104337.7112
4624.48 4624.48 0.0 104331.7600
4638.62 4638.62 0.0 104325.8530
4652.76 4652.76 0.0 104319.9868
4666.9 4666.9 0.0 104314.1587
4681.05 4681.05 0.0 104308.3689
4695.19 4695.19 0.0 104302.6218
4709.33 4709.33 0.0 104296.9136
4723.47 4723.47 0.0 104291.2446
4737.62 4737.62 0.0 104285.6106
4751.76 4751.76 0.0 104280.0225
4765.9 4765.9 0.0 104274.4646
4780.04 4780.04 0.0 104268.9521
4794.18 4794.18 0.0 104263.4722
4808.33 4808.33 0.0 104258.0278
4822.47 4822.47 0.0 104252.6213
4836.61 4836.61 0.0 104247.2539
4850.75 4850.75 0.0 104241.9214
4864.89 4864.89 0.0 104236.6248
4879.04 4879.04 0.0 104231.3599
4893.18 4893.18 0.0 104226.1335
4907.32 4907.32 0.0 104220.9431
4921.46 4921.46 0.0 104215.7864
4935.61 4935.61 0.0 104210.6626
4949.75 4949.75 0.0 104205.5720
4963.89 4963.89 0.0 104200.5195
4978.03 4978.03 0.0 104195.4961
4992.17 4992.17 0.0 104190.5078
5006.32 5006.32 0.0 104185.5510
5020.46 5020.46 0.0 104180.6272
5034.6 5034.6 0.0 104175.7363
5048.74 5048.74 0.0 104170.8755
5062.88 5062.88 0.0 104166.0474
5077.03 5077.03 0.0 104161.2490
5091.17 5091.17 0.0 104156.4829
5105.31 5105.31 0.0 104151.7478
5119.45 5119.45 0.0 104147.0444
5133.6 5133.6 0.0 104142.3684
5147.74 5147.74 0.0 104137.7251
5161.88 5161.88 0.0 104133.1079
5176.02 5176.02 0.0 104128.5244
5190.16 5190.16 0.0 104123.9702
5204.31 5204.31 0.0 104119.4387
5218.45 5218.45 0.0 104114.9407
5232.59 5232.59 0.0 104110.4702
5246.73 5246.73 0.0 104106.0273
5260.87 5260.87 0.0 104101.6157
5275.02 5275.02 0.0 104097.2231
5289.16 5289.16 0.0 104092.8652
5303.3 5303.3 0.0 104088.5334
5317.44 5317.44 0.0 104084.2297
5331.59 5331.59 0.0 104079.9485
5345.73 5345.73 0.0 104075.6963
5359.87 5359.87 0.0 104071.4688
5374.01 5374.01 0.0 104067.2686
5388.15 5388.15 0.0 104063.0918
5402.3 5402.3 0.0 104058.9397
5416.44 5416.44 0.0 104054.8162
5430.58 5430.58 0.0 104050.7153
5444.72 5444.72 0.0 104046.6387
5458.86 5458.86 0.0 104042.5918
5473.01 5473.01 0.0 104038.5610
5487.15 5487.15 0.0 104034.5583
5501.29 5501.29 0.0 104030.5793
5515.43 5515.43 0.0 104026.6243
5529.58 5529.58 0.0 104022.6895
5543.72 5543.72 0.0 104018.7805
5557.86 5557.86 0.0 104014.8938
5572.0 5572.0 0.0 104011.0283
5586.14 5586.14 0.0 104007.1863
5600.29 5600.29 0.0 104003.3623
5614.43 5614.43 0.0 103999.5654
5628.57 5628.57 0.0 103995.7891
5642.71 5642.71 0.0 103992.0361
5656.85 5656.85 0.0 103988.3010
5671.0 5671.0 0.0 103984.5852
5685.14 5685.14 0.0 103980.8933
5699.28 5699.28 0.0 103977.2217
5713.42 5713.42 0.0 103973.5701
5727.56 5727.56 0.0 103969.9392
5741.71 5741.71 0.0 103966.3242
5755.85 5755.85 0.0 103962.7317
5769.99 5769.99 0.0 103959.1604
5784.13 5784.13 0.0 103955.6064
5798.28 5798.28 0.0 103952.0701
5812.42 5812.42 0.0 103948.5544
5826.56 5826.56 0.0 103945.0598
5840.7 5840.7 0.0 103941.5796
5854.84 5854.84 0.0 103938.1179
5868.99 5868.99 0.0 103934.6709
5883.13 5883.13 0.0 103931.2456
5897.27 5897.27 0.0 103927.8396
5911.41 5911.41 0.0 103924.4495
5925.55 5925.55 0.0 103921.0742
5939.7 5939.7 0.0 103917.7163
5953.84 5953.84 0.0 103914.3762
5967.98 5967.98 0.0 103911.0540
5982.12 5982.12 0.0 103907.7456
5996.27 5996.27 0.0 103904.4524
6010.41 6010.41 0.0 103901.1775
6024.55 6024.55 0.0 103897.9185
6038.69 6038.69 0.0 103894.6736
6052.83 6052.83 0.0 103891.4448
6066.98 6066.98 0.0 103888.2278
6081.12 6081.12 0.0 103885.0278
6095.26 6095.26 0.0 103881.8428
6109.4 6109.4 0.0 103878.6741
6123.54 6123.54 0.0 103875.5164
6137.69 6137.69 0.0 103872.3713
6151.83 6151.83 0.0 103869.2456
6165.97 6165.97 0.0 103866.1287
6180.11 6180.11 0.0 103863.0291
6194.26 6194.26 0.0 103859.9380
6208.4 6208.4 0.0 103856.8638
6222.54 6222.54 0.0 103853.8032
6236.68 6236.68 0.0 103850.7532
6250.82 6250.82 0.0 103847.7168
6264.97 6264.97 0.0 103844.6885
6279.11 6279.11 0.0 103841.6746
6293.25 6293.25 0.0 103838.6743
6307.39 6307.39 0.0 103835.6846
6321.53 6321.53 0.0 103832.7075
6335.68 6335.68 0.0 103829.7405
6349.82 6349.82 0.0 103826.7830
6363.96 6363.96 0.0 103823.8381
6378.1 6378.1 0.0 103820.9062
6392.25 6392.25 0.0 103817.9814
6406.39 6406.39 0.0 103815.0686
6420.53 6420.53 0.0 103812.1660
6434.67 6434.67 0.0 103809.2742
6448.81 6448.81 0.0 103806.3862
6462.96 6462.96 0.0 103803.5154
6477.1 6477.1 0.0 103800.6523
6491.24 6491.24 0.0 103797.7959
6505.38 6505.38 0.0 103794.9500
6519.52 6519.52 0.0 103792.1143
6533.67 6533.67 0.0 103789.2830
6547.81 6547.81 0.0 103786.4644
6561.95 6561.95 0.0 103783.6526
6576.09 6576.09 0.0 103780.8508
6590.24 6590.24 0.0 103778.0549
6604.38 6604.38 0.0 103775.2664
6618.52 6618.52 0.0 103772.4873
6632.66 6632.66 0.0 103769.7158
6646.8 6646.8 0.0 103766.9512
6660.95 6660.95 0.0 103764.1919
6675.09 6675.09 0.0 103761.4414
6689.23 6689.23 0.0 103758.6985
6703.37 6703.37 0.0 103755.9612
6717.51 6717.51 0.0 103753.2305
6731.66 6731.66 0.0 103750.5049
6745.8 6745.8 0.0 103747.7871
6759.94 6759.94 0.0 103745.0735
6774.08 6774.08 0.0 103742.3667
6788.23 6788.23 0.0 103739.6650
6802.37 6802.37 0.0 103736.9685
6816.51 6816.51 0.0 103734.2795
6830.65 6830.65 0.0 103731.5959
6844.79 6844.79 0.0 103728.9153
6858.94 6858.94 0.0 103726.2378
6873.08 6873.08 0.0 103723.5667
6887.22 6887.22 0.0 103720.9021
6901.36 6901.36 0.0 103718.2400
6915.5 6915.5 0.0 103715.5825
6929.65 6929.65 0.0 103712.9287
6943.79 6943.79 0.0 103710.2756
6957.93 6957.93 0.0 103707.6338
6972.07 6972.07 0.0 103704.9912
6986.21 6986.21 0.0 103702.3547
7000.36 7000.36 0.0 103699.7158
7014.5 7014.5 0.0 103697.0820
7028.64 7028.64 0.0 103694.4546
7042.78 7042.78 0.0 103691.8279
7056.93 7056.93 0.0 103689.2026
7071.07 7071.07 0.0 103686.5828
7085.21 7085.21 0.0 103683.9646
7099.35 7099.35 0.0 103681.3472
7113.49 7113.49 0.0 103678.7336
7127.64 7127.64 0.0 103676.1211
7141.78 7141.78 0.0 103673.5100
7155.92 7155.92 0.0 103670.9009
7170.06 7170.06 0.0 103668.2944
7184.2 7184.2 0.0 103665.6909
7198.35 7198.35 0.0 103663.0850
7212.49 7212.49 0.0 103660.4827
7226.63 7226.63 0.0 103657.8816
7240.77 7240.77 0.0 103655.2830
7254.92 7254.92 0.0 103652.6829
7269.06 7269.06 0.0 103650.0823
7283.2 7283.2 0.0 103647.4846
7297.34 7297.34 0.0 103644.8845
7311.48 7311.48 0.0 103642.2891
7325.63 7325.63 0.0 103639.6902
7339.77 7339.77 0.0 103637.0957
7353.91 7353.91 0.0 103634.4993
7368.05 7368.05 0.0 103631.9004
7382.19 7382.19 0.0 103629.3042
7396.34 7396.34 0.0 103626.7078
7410.48 7410.48 0.0 103624.1089
7424.62 7424.62 0.0 103621.5144
7438.76 7438.76 0.0 103618.9146
7452.91 7452.91 0.0 103616.3137
7467.05 7467.05 0.0 103613.7122
7481.19 7481.19 0.0 103611.1138
7495.33 7495.33 0.0 103608.5107
7509.47 7509.47 0.0 103605.9084
7523.62 7523.62 0.0 103603.3027
7537.76 7537.76 0.0 103600.6978
7551.9 7551.9 0.0 103598.0913
7566.04 7566.04 0.0 103595.4834
7580.18 7580.18 0.0 103592.8757
7594.33 7594.33 0.0 103590.2620
7608.47 7608.47 0.0 103587.6492
7622.61 7622.61 0.0 103585.0352
7636.75 7636.75 0.0 103582.4165
7650.9 7650.9 0.0 103579.7991
7665.04 7665.04 0.0 103577.1799
7679.18 7679.18 0.0 103574.5576
7693.32 7693.32 0.0 103571.9341
7707.46 7707.46 0.0 103569.3069
7721.61 7721.61 0.0 103566.6768
7735.75 7735.75 0.0 103564.0442
7749.89 7749.89 0.0 103561.4099
7764.03 7764.03 0.0 103558.7737
7778.17 7778.17 0.0 103556.1345
