0.0 0.0 0.0 211232.3750
14.1421 14.1421 0.0 204993.4688
28.2843 28.2843 0.0 206780.4844
42.4264 42.4264 0.0 207617.9922
56.5685 56.5685 0.0 208056.4141
70.7107 70.7107 0.0 208273.7500
84.8528 84.8528 0.0 208350.5703
98.9949 98.9949 0.0 208330.0391
113.137 113.137 0.0 208238.1562
127.279 127.279 0.0 208091.7422
141.421 141.421 0.0 207902.2422
155.563 155.563 0.0 207677.7734
169.706 169.706 0.0 207424.3594
183.848 183.848 0.0 207146.6172
197.99 197.99 0.0 206847.9922
212.132 212.132 0.0 206531.2891
226.274 226.274 0.0 206198.7734
240.416 240.416 0.0 205852.2109
254.558 254.558 0.0 205493.1172
268.701 268.701 0.0 205122.6641
282.843 282.843 0.0 204742.0703
296.985 296.985 0.0 204352.0625
311.127 311.127 0.0 203953.4609
325.269 325.269 0.0 203546.9531
339.411 339.411 0.0 203132.9609
353.553 353.553 0.0 202712.2188
367.696 367.696 0.0 202284.9375
381.838 381.838 0.0 201851.6250
395.98 395.98 0.0 201412.6016
410.122 410.122 0.0 200968.2031
424.264 424.264 0.0 200518.6562
438.406 438.406 0.0 200064.3203
452.548 452.548 0.0 199605.3047
466.69 466.69 0.0 199141.9297
480.833 480.833 0.0 198674.2578
494.975 494.975 0.0 198202.6875
509.117 509.117 0.0 197727.2656
523.259 523.259 0.0 197248.2031
537.401 537.401 0.0 196765.6562
551.543 551.543 0.0 196279.8047
565.685 565.685 0.0 195790.8125
579.828 579.828 0.0 195298.8125
593.97 593.97 0.0 194804.0312
608.112 608.112 0.0 194306.6016
622.254 622.254 0.0 193806.6406
636.396 636.396 0.0 193304.3984
650.538 650.538 0.0 192800.0156
664.68 664.68 0.0 192293.6172
678.823 678.823 0.0 191785.3828
692.965 692.965 0.0 191275.5938
707.107 707.107 0.0 190764.3672
721.249 721.249 0.0 190251.8906
735.391 735.391 0.0 189738.3594
749.533 749.533 0.0 189224.0000
763.675 763.675 0.0 188709.0312
777.817 777.817 0.0 188193.6250
791.96 791.96 0.0 187677.9922
806.102 806.102 0.0 187162.4609
820.244 820.244 0.0 186647.1562
834.386 834.386 0.0 186132.4062
848.528 848.528 0.0 185618.3359
862.67 862.67 0.0 185105.2812
876.812 876.812 0.0 184593.5000
890.955 890.955 0.0 184083.1406
905.097 905.097 0.0 183574.5547
919.239 919.239 0.0 183067.9688
933.381 933.381 0.0 182563.6797
947.523 947.523 0.0 182061.8828
961.665 961.665 0.0 181562.8359
975.807 975.807 0.0 181066.8203
989.949 989.949 0.0 180574.1250
1004.09 1004.09 0.0 180084.9453
1018.23 1018.23 0.0 179599.6094
1032.38 1032.38 0.0 179117.9141
1046.52 1046.52 0.0 178640.8047
1060.66 1060.66 0.0 178168.1484
1074.8 1074.8 0.0 177700.1953
1088.94 1088.94 0.0 177237.0938
1103.09 1103.09 0.0 176778.7500
1117.23 1117.23 0.0 176326.0078
1131.37 1131.37 0.0 175878.6641
1145.51 1145.51 0.0 175436.9062
1159.66 1159.66 0.0 175000.5312
1173.8 1173.8 0.0 174570.3438
1187.94 1187.94 0.0 174146.1094
1202.08 1202.08 0.0 173727.9453
1216.22 1216.22 0.0 173315.8438
1230.37 1230.37 0.0 172909.6875
1244.51 1244.51 0.0 172510.0078
1258.65 1258.65 0.0 172116.6016
1272.79 1272.79 0.0 171729.4766
1286.93 1286.93 0.0 171348.5547
1301.08 1301.08 0.0 170973.6016
1315.22 1315.22 0.0 170605.1016
1329.36 1329.36 0.0 170242.7031
1343.5 1343.5 0.0 169886.3359
1357.65 1357.65 0.0 169535.6719
1371.79 1371.79 0.0 169191.0703
1385.93 1385.93 0.0 168852.2266
1400.07 1400.07 0.0 168518.9141
1414.21 1414.21 0.0 168191.0312
1428.36 1428.36 0.0 167868.1719
1442.5 1442.5 0.0 167550.6016
1456.64 1456.64 0.0 167237.9688
1470.78 1470.78 0.0 166930.0312
1484.92 1484.92 0.0 166626.5898
1499.07 1499.07 0.0 166327.2422
1513.21 1513.21 0.0 166032.1602
1527.35 1527.35 0.0 165740.9336
1541.49 1541.49 0.0 165453.3320
1555.63 1555.63 0.0 165169.1602
1569.78 1569.78 0.0 164887.9297
1583.92 1583.92 0.0 164609.8359
1598.06 1598.06 0.0 164334.4180
1612.2 1612.2 0.0 164061.4805
1626.35 1626.35 0.0 163790.5664
1640.49 1640.49 0.0 163521.8711
1654.63 1654.63 0.0 163254.9102
1668.77 1668.77 0.0 162989.4766
1682.91 1682.91 0.0 162725.3711
1697.06 1697.06 0.0 162462.1641
1711.2 1711.2 0.0 162200.0547
1725.34 1725.34 0.0 161938.5977
1739.48 1739.48 0.0 161677.5781
1753.62 1753.62 0.0 161416.8672
1767.77 1767.77 0.0 161156.0703
1781.91 1781.91 0.0 160895.3281
1796.05 1796.05 0.0 160634.3242
1810.19 1810.19 0.0 160372.8945
1824.34 1824.34 0.0 160110.6445
1838.48 1838.48 0.0 159847.8594
1852.62 1852.62 0.0 159584.1758
1866.76 1866.76 0.0 159319.4453
1880.9 1880.9 0.0 159053.5703
1895.05 1895.05 0.0 158786.2266
1909.19 1909.19 0.0 158517.6953
1923.33 1923.33 0.0 158247.6953
1937.47 1937.47 0.0 157976.0859
1951.61 1951.61 0.0 157702.8398
1965.76 1965.76 0.0 157427.6758
1979.9 1979.9 0.0 157150.8750
1994.04 1994.04 0.0 156872.2188
2008.18 2008.18 0.0 156591.6758
2022.33 2022.33 0.0 156308.9492
2036.47 2036.47 0.0 156024.4609
2050.61 2050.61 0.0 155737.9453
2064.75 2064.75 0.0 155449.4062
2078.89 2078.89 0.0 155158.8086
2093.04 2093.04 0.0 154865.9531
2107.18 2107.18 0.0 154571.2578
2121.32 2121.32 0.0 154274.5312
2135.46 2135.46 0.0 153975.7852
2149.6 2149.6 0.0 153675.0352
2163.75 2163.75 0.0 153372.0859
2177.89 2177.89 0.0 153067.4023
2192.03 2192.03 0.0 152760.8516
2206.17 2206.17 0.0 152452.4023
2220.32 2220.32 0.0 152141.9609
2234.46 2234.46 0.0 151829.9727
2248.6 2248.6 0.0 151516.2773
2262.74 2262.74 0.0 151200.9922
2276.88 2276.88 0.0 150884.1250
2291.03 2291.03 0.0 150565.5430
2305.17 2305.17 0.0 150245.7852
2319.31 2319.31 0.0 149924.6797
2333.45 2333.45 0.0 149602.3242
2347.59 2347.59 0.0 149278.7930
2361.74 2361.74 0.0 148953.9609
2375.88 2375.88 0.0 148628.3672
2390.02 2390.02 0.0 148301.8750
2404.16 2404.16 0.0 147974.5547
2418.31 2418.31 0.0 147646.3125
2432.45 2432.45 0.0 147317.6680
2446.59 2446.59 0.0 146988.5000
2460.73 2460.73 0.0 146658.9219
2474.87 2474.87 0.0 146329.0117
2489.02 2489.02 0.0 145998.6328
2503.16 2503.16 0.0 145668.3750
2517.3 2517.3 0.0 145338.0859
2531.44 2531.44 0.0 145007.8555
2545.58 2545.58 0.0 144677.7852
2559.73 2559.73 0.0 144347.7773
2573.87 2573.87 0.0 144018.3242
2588.01 2588.01 0.0 143689.3750
2602.15 2602.15 0.0 143360.9297
2616.3 2616.3 0.0 143032.9219
2630.44 2630.44 0.0 142705.8789
2644.58 2644.58 0.0 142379.6680
2658.72 2658.72 0.0 142054.3711
2672.86 2672.86 0.0 141730.0703
2687.01 2687.01 0.0 141406.6289
2701.15 2701.15 0.0 141084.5820
2715.29 2715.29 0.0 140763.8047
2729.43 2729.43 0.0 140444.3477
2743.57 2743.57 0.0 140126.2695
2757.72 2757.72 0.0 139809.4727
2771.86 2771.86 0.0 139494.4570
2786.0 2786.0 0.0 139181.0703
2800.14 2800.14 0.0 138869.3398
2814.28 2814.28 0.0 138559.3672
2828.43 2828.43 0.0 138250.9961
2842.57 2842.57 0.0 137944.7109
2856.71 2856.71 0.0 137640.3555
2870.85 2870.85 0.0 137337.9766
2885.0 2885.0 0.0 137037.4258
2899.14 2899.14 0.0 136739.1562
2913.28 2913.28 0.0 136443.0195
2927.42 2927.42 0.0 136149.0508
2941.56 2941.56 0.0 135857.2891
2955.71 2955.71 0.0 135567.5820
2969.85 2969.85 0.0 135280.3516
2983.99 2983.99 0.0 134995.4453
2998.13 2998.13 0.0 134712.8789
3012.27 3012.27 0.0 134432.7109
3026.42 3026.42 0.0 134154.7188
3040.56 3040.56 0.0 133879.3613
3054.7 3054.7 0.0 133606.4473
3068.84 3068.84 0.0 133335.9902
3082.99 3082.99 0.0 133067.8457
3097.13 3097.13 0.0 132802.3887
3111.27 3111.27 0.0 132539.4316
3125.41 3125.41 0.0 132278.9766
3139.55 3139.55 0.0 132021.0840
3153.7 3153.7 0.0 131765.5332
3167.84 3167.84 0.0 131512.7129
3181.98 3181.98 0.0 131262.4141
3196.12 3196.12 0.0 131014.6934
3210.26 3210.26 0.0 130769.4961
3224.41 3224.41 0.0 130526.6641
3238.55 3238.55 0.0 130286.5547
3252.69 3252.69 0.0 130048.9922
3266.83 3266.83 0.0 129813.9551
3280.98 3280.98 0.0 129581.2773
3295.12 3295.12 0.0 129351.2773
3309.26 3309.26 0.0 129123.7695
3323.4 3323.4 0.0 128898.7793
3337.54 3337.54 0.0 128676.2520
3351.69 3351.69 0.0 128456.0684
3365.83 3365.83 0.0 128238.4668
3379.97 3379.97 0.0 128023.3008
3394.11 3394.11 0.0 127810.5820
3408.25 3408.25 0.0 127600.2598
3422.4 3422.4 0.0 127392.1797
3436.54 3436.54 0.0 127186.6094
3450.68 3450.68 0.0 126983.4219
3464.82 3464.82 0.0 126782.5508
3478.97 3478.97 0.0 126583.8555
3493.11 3493.11 0.0 126387.6035
3507.25 3507.25 0.0 126193.6230
3521.39 3521.39 0.0 126001.8926
3535.53 3535.53 0.0 125812.3828
3549.68 3549.68 0.0 125624.9648
3563.82 3563.82 0.0 125439.8496
3577.96 3577.96 0.0 125256.9160
3592.1 3592.1 0.0 125076.1055
3606.24 3606.24 0.0 124897.4258
3620.39 3620.39 0.0 124720.7070
3634.53 3634.53 0.0 124546.1855
3648.67 3648.67 0.0 124373.7109
3662.81 3662.81 0.0 124203.2578
3676.96 3676.96 0.0 124034.6855
3691.1 3691.1 0.0 123868.2012
3705.24 3705.24 0.0 123703.6914
3719.38 3719.38 0.0 123541.0898
3733.52 3733.52 0.0 123380.3867
3747.67 3747.67 0.0 123221.4629
3761.81 3761.81 0.0 123064.5059
3775.95 3775.95 0.0 122909.3633
3790.09 3790.09 0.0 122756.0449
3804.23 3804.23 0.0 122604.5117
3818.38 3818.38 0.0 122454.6289
3832.52 3832.52 0.0 122306.5977
3846.66 3846.66 0.0 122160.2656
3860.8 3860.8 0.0 122015.6426
3874.95 3874.95 0.0 121872.5820
3889.09 3889.09 0.0 121731.2598
3903.23 3903.23 0.0 121591.5625
3917.37 3917.37 0.0 121453.4805
3931.51 3931.51 0.0 121316.9570
3945.66 3945.66 0.0 121181.9062
3959.8 3959.8 0.0 121048.4863
3973.94 3973.94 0.0 120916.5820
3988.08 3988.08 0.0 120786.1680
4002.22 4002.22 0.0 120657.2188
4016.37 4016.37 0.0 120529.6426
4030.51 4030.51 0.0 120403.5801
4044.65 4044.65 0.0 120278.9199
4058.79 4058.79 0.0 120155.6621
4072.94 4072.94 0.0 120033.6797
4087.08 4087.08 0.0 119913.1445
4101.22 4101.22 0.0 119793.9316
4115.36 4115.36 0.0 119676.0410
4129.5 4129.5 0.0 119559.4297
4143.65 4143.65 0.0 119444.0254
4157.79 4157.79 0.0 119329.9453
4171.93 4171.93 0.0 119217.1152
4186.07 4186.07 0.0 119105.5078
4200.21 4200.21 0.0 118995.0996
4214.36 4214.36 0.0 118885.7930
4228.5 4228.5 0.0 118777.7441
4242.64 4242.64 0.0 118670.8535
4256.78 4256.78 0.0 118565.0859
4270.92 4270.92 0.0 118460.4434
4285.07 4285.07 0.0 118356.8320
4299.21 4299.21 0.0 118254.3789
4313.35 4313.35 0.0 118153.0156
4327.49 4327.49 0.0 118052.6875
4341.64 4341.64 0.0 117953.3477
4355.78 4355.78 0.0 117855.0977
4369.92 4369.92 0.0 117757.8613
4384.06 4384.06 0.0 117661.6328
4398.2 4398.2 0.0 117566.3848
4412.35 4412.35 0.0 117472.0459
4426.49 4426.49 0.0 117378.7236
4440.63 4440.63 0.0 117286.3584
4454.77 4454.77 0.0 117194.9150
4468.91 4468.91 0.0 117104.3926
4483.06 4483.06 0.0 117014.7041
4497.2 4497.2 0.0 116925.9883
4511.34 4511.34 0.0 116838.1523
4525.48 4525.48 0.0 116751.1807
4539.63 4539.63 0.0 116665.0107
4553.77 4553.77 0.0 116579.7383
4567.91 4567.91 0.0 116495.3066
4582.05 4582.05 0.0 116411.6992
4596.19 4596.19 0.0 116328.9023
4610.34 4610.34 0.0 116246.8320
4624.48 4624.48 0.0 116165.6367
4638.62 4638.62 0.0 116085.1934
4652.76 4652.76 0.0 116005.5518
4666.9 4666.9 0.0 115926.6406
4681.05 4681.05 0.0 115848.4385
4695.19 4695.19 0.0 115771.0361
4709.33 4709.33 0.0 115694.3564
4723.47 4723.47 0.0 115618.3916
4737.62 4737.62 0.0 115543.0879
4751.76 4751.76 0.0 115468.5400
4765.9 4765.9 0.0 115394.6797
4780.04 4780.04 0.0 115321.5078
4794.18 4794.18 0.0 115249.0176
4808.33 4808.33 0.0 115177.1357
4822.47 4822.47 0.0 115105.9619
4836.61 4836.61 0.0 115035.4434
4850.75 4850.75 0.0 114965.5547
4864.89 4864.89 0.0 114896.2959
4879.04 4879.04 0.0 114827.6426
4893.18 4893.18 0.0 114759.6328
4907.32 4907.32 0.0 114692.2354
4921.46 4921.46 0.0 114625.4326
4935.61 4935.61 0.0 114559.1816
4949.75 4949.75 0.0 114493.5752
4963.89 4963.89 0.0 114428.5410
4978.03 4978.03 0.0 114364.0850
4992.17 4992.17 0.0 114300.1904
5006.32 5006.32 0.0 114236.8086
5020.46 5020.46 0.0 114174.0322
5034.6 5034.6 0.0 114111.7949
5048.74 5048.74 0.0 114050.1055
5062.88 5062.88 0.0 113988.9346
5077.03 5077.03 0.0 113928.2578
5091.17 5091.17 0.0 113868.1436
5105.31 5105.31 0.0 113808.5381
5119.45 5119.45 0.0 113749.4443
5133.6 5133.6 0.0 113690.8164
5147.74 5147.74 0.0 113632.7139
5161.88 5161.88 0.0 113575.1035
5176.02 5176.02 0.0 113517.9883
5190.16 5190.16 0.0 113461.3418
5204.31 5204.31 0.0 113405.1416
5218.45 5218.45 0.0 113349.4443
5232.59 5232.59 0.0 113294.2080
5246.73 5246.73 0.0 113239.4209
5260.87 5260.87 0.0 113185.1016
5275.02 5275.02 0.0 113131.1855
5289.16 5289.16 0.0 113077.7471
5303.3 5303.3 0.0 113024.7490
5317.44 5317.44 0.0 112972.1826
5331.59 5331.59 0.0 112919.9990
5345.73 5345.73 0.0 112868.2881
5359.87 5359.87 0.0 112816.9863
5374.01 5374.01 0.0 112766.1016
5388.15 5388.15 0.0 112715.6250
5402.3 5402.3 0.0 112665.5068
5416.44 5416.44 0.0 112615.8467
5430.58 5430.58 0.0 112566.5605
5444.72 5444.72 0.0 112517.6807
5458.86 5458.86 0.0 112469.1816
5473.01 5473.01 0.0 112421.0264
5487.15 5487.15 0.0 112373.2900
5501.29 5501.29 0.0 112325.9238
5515.43 5515.43 0.0 112278.9365
5529.58 5529.58 0.0 112232.2715
5543.72 5543.72 0.0 112186.0068
5557.86 5557.86 0.0 112140.0947
5572.0 5572.0 0.0 112094.5518
5586.14 5586.14 0.0 112049.3457
5600.29 5600.29 0.0 112004.4648
5614.43 5614.43 0.0 111959.9521
5628.57 5628.57 0.0 111915.7793
5642.71 5642.71 0.0 111871.9502
5656.85 5656.85 0.0 111828.4453
5671.0 5671.0 0.0 111785.2393
5685.14 5685.14 0.0 111742.4023
5699.28 5699.28 0.0 111699.8721
5713.42 5713.42 0.0 111657.6719
5727.56 5727.56 0.0 111615.7842
5741.71 5741.71 0.0 111574.1758
5755.85 5755.85 0.0 111532.9102
5769.99 5769.99 0.0 111491.9502
5784.13 5784.13 0.0 111451.2979
5798.28 5798.28 0.0 111410.9121
5812.42 5812.42 0.0 111370.8438
5826.56 5826.56 0.0 111331.0811
5840.7 5840.7 0.0 111291.6025
5854.84 5854.84 0.0 111252.4111
5868.99 5868.99 0.0 111213.4863
5883.13 5883.13 0.0 111174.8623
5897.27 5897.27 0.0 111136.5186
5911.41 5911.41 0.0 111098.4531
5925.55 5925.55 0.0 111060.6641
5939.7 5939.7 0.0 111023.1182
5953.84 5953.84 0.0 110985.8613
5967.98 5967.98 0.0 110948.8672
5982.12 5982.12 0.0 110912.1494
5996.27 5996.27 0.0 110875.6533
6010.41 6010.41 0.0 110839.4482
6024.55 6024.55 0.0 110803.4932
6038.69 6038.69 0.0 110767.7891
6052.83 6052.83 0.0 110732.3447
6066.98 6066.98 0.0 110697.1162
6081.12 6081.12 0.0 110662.1572
6095.26 6095.26 0.0 110627.4424
6109.4 6109.4 0.0 110592.9629
6123.54 6123.54 0.0 110558.7227
6137.69 6137.69 0.0 110524.7012
6151.83 6151.83 0.0 110490.9385
6165.97 6165.97 0.0 110457.3906
6180.11 6180.11 0.0 110424.0820
6194.26 6194.26 0.0 110390.9756
6208.4 6208.4 0.0 110358.1094
6222.54 6222.54 0.0 110325.4814
6236.68 6236.68 0.0 110293.0596
6250.82 6250.82 0.0 110260.8652
6264.97 6264.97 0.0 110228.8623
6279.11 6279.11 0.0 110197.0811
6293.25 6293.25 0.0 110165.5234
6307.39 6307.39 0.0 110134.1768
6321.53 6321.53 0.0 110103.0381
6335.68 6335.68 0.0 110072.0752
6349.82 6349.82 0.0 110041.3408
6363.96 6363.96 0.0 110010.8125
6378.1 6378.1 0.0 109980.4814
6392.25 6392.25 0.0 109950.3213
6406.39 6406.39 0.0 109920.3926
6420.53 6420.53 0.0 109890.6387
6434.67 6434.67 0.0 109861.0986
6448.81 6448.81 0.0 109831.7246
6462.96 6462.96 0.0 109802.5361
6477.1 6477.1 0.0 109773.5459
6491.24 6491.24 0.0 109744.7471
6505.38 6505.38 0.0 109716.1309
6519.52 6519.52 0.0 109687.6934
6533.67 6533.67 0.0 109659.4082
6547.81 6547.81 0.0 109631.3330
6561.95 6561.95 0.0 109603.4297
6576.09 6576.09 0.0 109575.7061
6590.24 6590.24 0.0 109548.1221
6604.38 6604.38 0.0 109520.7471
6618.52 6618.52 0.0 109493.5361
6632.66 6632.66 0.0 109466.4878
6646.8 6646.8 0.0 109439.6108
6660.95 6660.95 0.0 109412.8789
6675.09 6675.09 0.0 109386.3345
6689.23 6689.23 0.0 109359.9453
6703.37 6703.37 0.0 109333.7231
6717.51 6717.51 0.0 109307.6572
6731.66 6731.66 0.0 109281.7329
6745.8 6745.8 0.0 109255.9790
6759.94 6759.94 0.0 109230.3760
6774.08 6774.08 0.0 109204.9370
6788.23 6788.23 0.0 109179.6245
6802.37 6802.37 0.0 109154.4829
6816.51 6816.51 0.0 109129.4917
6830.65 6830.65 0.0 109104.6567
6844.79 6844.79 0.0 109079.9526
6858.94 6858.94 0.0 109055.3813
6873.08 6873.08 0.0 109030.9800
6887.22 6887.22 0.0 109006.7129
6901.36 6901.36 0.0 108982.5879
6915.5 6915.5 0.0 108958.6035
6929.65 6929.65 0.0 108934.7446
6943.79 6943.79 0.0 108911.0322
6957.93 6957.93 0.0 108887.4648
6972.07 6972.07 0.0 108864.0278
6986.21 6986.21 0.0 108840.7275
7000.36 7000.36 0.0 108817.5420
7014.5 7014.5 0.0 108794.5088
7028.64 7028.64 0.0 108771.5923
7042.78 7042.78 0.0 108748.8198
7056.93 7056.93 0.0 108726.1489
7071.07 7071.07 0.0 108703.6309
7085.21 7085.21 0.0 108681.2334
7099.35 7099.35 0.0 108658.9590
7113.49 7113.49 0.0 108636.8115
7127.64 7127.64 0.0 108614.7651
7141.78 7141.78 0.0 108592.8608
7155.92 7155.92 0.0 108571.0771
7170.06 7170.06 0.0 108549.4136
7184.2 7184.2 0.0 108527.8662
7198.35 7198.35 0.0 108506.4160
7212.49 7212.49 0.0 108485.1016
7226.63 7226.63 0.0 108463.9072
7240.77 7240.77 0.0 108442.8237
7254.92 7254.92 0.0 108421.8359
7269.06 7269.06 0.0 108400.9761
7283.2 7283.2 0.0 108380.2217
7297.34 7297.34 0.0 108359.5884
7311.48 7311.48 0.0 108339.0576
7325.63 7325.63 0.0 108318.6201
7339.77 7339.77 0.0 108298.3120
7353.91 7353.91 0.0 108278.1021
7368.05 7368.05 0.0 108258.0000
7382.19 7382.19 0.0 108238.0010
7396.34 7396.34 0.0 108218.0996
7410.48 7410.48 0.0 108198.3071
7424.62 7424.62 0.0 108178.6211
7438.76 7438.76 0.0 108159.0327
7452.91 7452.91 0.0 108139.5293
7467.05 7467.05 0.0 108120.1426
7481.19 7481.19 0.0 108100.8501
7495.33 7495.33 0.0 108081.6626
7509.47 7509.47 0.0 108062.5649
7523.62 7523.62 0.0 108043.5566
7537.76 7537.76 0.0 108024.6489
7551.9 7551.9 0.0 108005.8359
7566.04 7566.04 0.0 107987.1230
7580.18 7580.18 0.0 107968.5000
7594.33 7594.33 0.0 107949.9541
7608.47 7608.47 0.0 107931.5103
7622.61 7622.61 0.0 107913.1646
7636.75 7636.75 0.0 107894.9043
7650.9 7650.9 0.0 107876.7217
7665.04 7665.04 0.0 107858.6362
7679.18 7679.18 0.0 107840.6382
7693.32 7693.32 0.0 107822.7280
7707.46 7707.46 0.0 107804.9087
7721.61 7721.61 0.0 107787.1621
7735.75 7735.75 0.0 107769.5073
7749.89 7749.89 0.0 107751.9370
7764.03 7764.03 0.0 107734.4473
7778.17 7778.17 0.0 107717.0479
