0.0 0.0 0.0 239069.0469
14.1421 14.1421 0.0 330232.4219
28.2843 28.2843 0.0 314526.4844
42.4264 42.4264 0.0 294724.9844
56.5685 56.5685 0.0 275125.8594
70.7107 70.7107 0.0 257339.0625
84.8528 84.8528 0.0 241730.2344
98.9949 98.9949 0.0 228158.6016
113.137 113.137 0.0 216338.0391
127.279 127.279 0.0 205982.8125
141.421 141.421 0.0 196850.7422
155.563 155.563 0.0 188748.1797
169.706 169.706 0.0 181521.7188
183.848 183.848 0.0 175050.5391
197.99 197.99 0.0 169235.7031
212.132 212.132 0.0 163996.1680
226.274 226.274 0.0 159264.0977
240.416 240.416 0.0 154981.6953
254.558 254.558 0.0 151099.3516
268.701 268.701 0.0 147573.6797
282.843 282.843 0.0 144367.4297
296.985 296.985 0.0 141447.1797
311.127 311.127 0.0 138783.6328
325.269 325.269 0.0 136350.8125
339.411 339.411 0.0 134125.7109
353.553 353.553 0.0 132087.8535
367.696 367.696 0.0 130218.8320
381.838 381.838 0.0 128502.6328
395.98 395.98 0.0 126924.5898
410.122 410.122 0.0 125471.6758
424.264 424.264 0.0 124132.2695
438.406 438.406 0.0 122895.9199
452.548 452.548 0.0 121753.2637
466.69 466.69 0.0 120695.9180
480.833 480.833 0.0 119716.2070
494.975 494.975 0.0 118807.5020
509.117 509.117 0.0 117963.5879
523.259 523.259 0.0 117178.9473
537.401 537.401 0.0 116448.5781
551.543 551.543 0.0 115767.9590
565.685 565.685 0.0 115133.0127
579.828 579.828 0.0 114539.9873
593.97 593.97 0.0 113985.6230
608.112 608.112 0.0 113466.8066
622.254 622.254 0.0 112980.8057
636.396 636.396 0.0 112525.0615
650.538 650.538 0.0 112097.2842
664.68 664.68 0.0 111695.3789
678.823 678.823 0.0 111317.4229
692.965 692.965 0.0 110961.6992
707.107 707.107 0.0 110626.5908
721.249 721.249 0.0 110310.6211
735.391 735.391 0.0 110012.4629
749.533 749.533 0.0 109730.8711
763.675 763.675 0.0 109464.7051
777.817 777.817 0.0 109212.9463
791.96 791.96 0.0 108974.5933
806.102 806.102 0.0 108748.8130
820.244 820.244 0.0 108534.7617
834.386 834.386 0.0 108331.6860
848.528 848.528 0.0 108138.8979
862.67 862.67 0.0 107955.7529
876.812 876.812 0.0 107781.6392
890.955 890.955 0.0 107616.0166
905.097 905.097 0.0 107458.3716
919.239 919.239 0.0 107308.2344
933.381 933.381 0.0 107165.1597
947.523 947.523 0.0 107028.7275
961.665 961.665 0.0 106898.5557
975.807 975.807 0.0 106774.3022
989.949 989.949 0.0 106655.6226
1004.09 1004.09 0.0 106542.2168
1018.23 1018.23 0.0 106433.7949
1032.38 1032.38 0.0 106330.0083
1046.52 1046.52 0.0 106230.7485
1060.66 1060.66 0.0 106135.7017
1074.8 1074.8 0.0 106044.6558
1088.94 1088.94 0.0 105957.3955
1103.09 1103.09 0.0 105873.6665
1117.23 1117.23 0.0 105793.4111
1131.37 1131.37 0.0 105716.3901
1145.51 1145.51 0.0 105642.4443
1159.66 1159.66 0.0 105571.3770
1173.8 1173.8 0.0 105503.1470
1187.94 1187.94 0.0 105437.5605
1202.08 1202.08 0.0 105374.4968
1216.22 1216.22 0.0 105313.8340
1230.37 1230.37 0.0 105255.4221
1244.51 1244.51 0.0 105199.2368
1258.65 1258.65 0.0 105145.1292
1272.79 1272.79 0.0 105093.0134
1286.93 1286.93 0.0 105042.7976
1301.08 1301.08 0.0 104994.3567
1315.22 1315.22 0.0 104947.6895
1329.36 1329.36 0.0 104902.6765
1343.5 1343.5 0.0 104859.2500
1357.65 1357.65 0.0 104817.3069
1371.79 1371.79 0.0 104776.8501
1385.93 1385.93 0.0 104737.7869
1400.07 1400.07 0.0 104700.0498
1414.21 1414.21 0.0 104663.5908
1428.36 1428.36 0.0 104628.3315
1442.5 1442.5 0.0 104594.2688
1456.64 1456.64 0.0 104561.3396
1470.78 1470.78 0.0 104529.4856
1484.92 1484.92 0.0 104498.6653
1499.07 1499.07 0.0 104468.8254
1513.21 1513.21 0.0 104439.9619
1527.35 1527.35 0.0 104412.0159
1541.49 1541.49 0.0 104384.9553
1555.63 1555.63 0.0 104358.7451
1569.78 1569.78 0.0 104333.3323
1583.92 1583.92 0.0 104308.7229
1598.06 1598.06 0.0 104284.8696
1612.2 1612.2 0.0 104261.7463
1626.35 1626.35 0.0 104239.3057
1640.49 1640.49 0.0 104217.5574
1654.63 1654.63 0.0 104196.4570
1668.77 1668.77 0.0 104175.9834
1682.91 1682.91 0.0 104156.1135
1697.06 1697.06 0.0 104136.8091
1711.2 1711.2 0.0 104118.0830
1725.34 1725.34 0.0 104099.8923
1739.48 1739.48 0.0 104082.2268
1753.62 1753.62 0.0 104065.0654
1767.77 1767.77 0.0 104048.3760
1781.91 1781.91 0.0 104032.1646
1796.05 1796.05 0.0 104016.4058
1810.19 1810.19 0.0 104001.0876
1824.34 1824.34 0.0 103986.1760
1838.48 1838.48 0.0 103971.6880
1852.62 1852.62 0.0 103957.5894
1866.76 1866.76 0.0 103943.8701
1880.9 1880.9 0.0 103930.5222
1895.05 1895.05 0.0 103917.5164
1909.19 1909.19 0.0 103904.8643
1923.33 1923.33 0.0 103892.5476
1937.47 1937.47 0.0 103880.5464
1951.61 1951.61 0.0 103868.8604
1965.76 1965.76 0.0 103857.4668
1979.9 1979.9 0.0 103846.3689
1994.04 1994.04 0.0 103835.5576
2008.18 2008.18 0.0 103825.0142
2022.33 2022.33 0.0 103814.7329
2036.47 2036.47 0.0 103804.7102
2050.61 2050.61 0.0 103794.9404
2064.75 2064.75 0.0 103785.4072
2078.89 2078.89 0.0 103776.1060
2093.04 2093.04 0.0 103767.0276
2107.18 2107.18 0.0 103758.1711
2121.32 2121.32 0.0 103749.5303
2135.46 2135.46 0.0 103741.0935
2149.6 2149.6 0.0 103732.8547
2163.75 2163.75 0.0 103724.8066
2177.89 2177.89 0.0 103716.9514
2192.03 2192.03 0.0 103709.2786
2206.17 2206.17 0.0 103701.7820
2220.32 2220.32 0.0 103694.4546
2234.46 2234.46 0.0 103687.2983
2248.6 2248.6 0.0 103680.3083
2262.74 2262.74 0.0 103673.4731
2276.88 2276.88 0.0 103666.7939
2291.03 2291.03 0.0 103660.2583
2305.17 2305.17 0.0 103653.8738
2319.31 2319.31 0.0 103647.6284
2333.45 2333.45 0.0 103641.5234
2347.59 2347.59 0.0 103635.5522
2361.74 2361.74 0.0 103629.7092
2375.88 2375.88 0.0 103623.9963
2390.02 2390.02 0.0 103618.4097
2404.16 2404.16 0.0 103612.9417
2418.31 2418.31 0.0 103607.5898
2432.45 2432.45 0.0 103602.3545
2446.59 2446.59 0.0 103597.2351
2460.73 2460.73 0.0 103592.2234
2474.87 2474.87 0.0 103587.3193
2489.02 2489.02 0.0 103582.5164
2503.16 2503.16 0.0 103577.8203
2517.3 2517.3 0.0 103573.2261
2531.44 2531.44 0.0 103568.7258
2545.58 2545.58 0.0 103564.3237
2559.73 2559.73 0.0 103560.0127
2573.87 2573.87 0.0 103555.7976
2588.01 2588.01 0.0 103551.6702
2602.15 2602.15 0.0 103547.6321
2616.3 2616.3 0.0 103543.6772
2630.44 2630.44 0.0 103539.8108
2644.58 2644.58 0.0 103536.0278
2658.72 2658.72 0.0 103532.3228
2672.86 2672.86 0.0 103528.7017
2687.01 2687.01 0.0 103525.1558
2701.15 2701.15 0.0 103521.6897
2715.29 2715.29 0.0 103518.3003
2729.43 2729.43 0.0 103514.9849
2743.57 2743.57 0.0 103511.7432
2757.72 2757.72 0.0 103508.5706
2771.86 2771.86 0.0 103505.4712
2786.0 2786.0 0.0 103502.4426
2800.14 2800.14 0.0 103499.4839
2814.28 2814.28 0.0 103496.5928
2828.43 2828.43 0.0 103493.7666
2842.57 2842.57 0.0 103491.0071
2856.71 2856.71 0.0 103488.3127
2870.85 2870.85 0.0 103485.6838
2885.0 2885.0 0.0 103483.1155
2899.14 2899.14 0.0 103480.6128
2913.28 2913.28 0.0 103478.1704
2927.42 2927.42 0.0 103475.7881
2941.56 2941.56 0.0 103473.4700
2955.71 2955.71 0.0 103471.2053
2969.85 2969.85 0.0 103469.0044
2983.99 2983.99 0.0 103466.8611
2998.13 2998.13 0.0 103464.7747
3012.27 3012.27 0.0 103462.7463
3026.42 3026.42 0.0 103460.7708
3040.56 3040.56 0.0 103458.8572
3054.7 3054.7 0.0 103456.9939
3068.84 3068.84 0.0 103455.1868
3082.99 3082.99 0.0 103453.4314
3097.13 3097.13 0.0 103451.7317
3111.27 3111.27 0.0 103450.0872
3125.41 3125.41 0.0 103448.4924
3139.55 3139.55 0.0 103446.9517
3153.7 3153.7 0.0 103445.4602
3167.84 3167.84 0.0 103444.0203
3181.98 3181.98 0.0 103442.6328
3196.12 3196.12 0.0 103441.2966
3210.26 3210.26 0.0 103440.0071
3224.41 3224.41 0.0 103438.7681
3238.55 3238.55 0.0 103437.5793
3252.69 3252.69 0.0 103436.4375
3266.83 3266.83 0.0 103435.3455
3280.98 3280.98 0.0 103434.3025
3295.12 3295.12 0.0 103433.3020
3309.26 3309.26 0.0 103432.3540
3323.4 3323.4 0.0 103431.4490
3337.54 3337.54 0.0 103430.5911
3351.69 3351.69 0.0 103429.7800
3365.83 3365.83 0.0 103429.0151
3379.97 3379.97 0.0 103428.2915
3394.11 3394.11 0.0 103427.6194
3408.25 3408.25 0.0 103426.9885
3422.4 3422.4 0.0 103426.4009
3436.54 3436.54 0.0 103425.8564
3450.68 3450.68 0.0 103425.3562
3464.82 3464.82 0.0 103424.8992
3478.97 3478.97 0.0 103424.4839
3493.11 3493.11 0.0 103424.1118
3507.25 3507.25 0.0 103423.7810
3521.39 3521.39 0.0 103423.4932
3535.53 3535.53 0.0 103423.2471
3549.68 3549.68 0.0 103423.0413
3563.82 3563.82 0.0 103422.8752
3577.96 3577.96 0.0 103422.7485
3592.1 3592.1 0.0 103422.6636
3606.24 3606.24 0.0 103422.6177
3620.39 3620.39 0.0 103422.6118
3634.53 3634.53 0.0 103422.6426
3648.67 3648.67 0.0 103422.7117
3662.81 3662.81 0.0 103422.8215
3676.96 3676.96 0.0 103422.9653
3691.1 3691.1 0.0 103423.1482
3705.24 3705.24 0.0 103423.3704
3719.38 3719.38 0.0 103423.6260
3733.52 3733.52 0.0 103423.9170
3747.67 3747.67 0.0 103424.2471
3761.81 3761.81 0.0 103424.6118
3775.95 3775.95 0.0 103425.0110
3790.09 3790.09 0.0 103425.4441
3804.23 3804.23 0.0 103425.9114
3818.38 3818.38 0.0 103426.4131
3832.52 3832.52 0.0 103426.9485
3846.66 3846.66 0.0 103427.5173
3860.8 3860.8 0.0 103428.1165
3874.95 3874.95 0.0 103428.7524
3889.09 3889.09 0.0 103429.4170
3903.23 3903.23 0.0 103430.1128
3917.37 3917.37 0.0 103430.8418
3931.51 3931.51 0.0 103431.5974
3945.66 3945.66 0.0 103432.3862
3959.8 3959.8 0.0 103433.2056
3973.94 3973.94 0.0 103434.0532
3988.08 3988.08 0.0 103434.9304
4002.22 4002.22 0.0 103435.8352
4016.37 4016.37 0.0 103436.7683
4030.51 4030.51 0.0 103437.7295
4044.65 4044.65 0.0 103438.7168
4058.79 4058.79 0.0 103439.7310
4072.94 4072.94 0.0 103440.7747
4087.08 4087.08 0.0 103441.8430
4101.22 4101.22 0.0 103442.9336
4115.36 4115.36 0.0 103444.0527
4129.5 4129.5 0.0 103445.1956
4143.65 4143.65 0.0 103446.3611
4157.79 4157.79 0.0 103447.5530
4171.93 4171.93 0.0 103448.7646
4186.07 4186.07 0.0 103450.0022
4200.21 4200.21 0.0 103451.2617
4214.36 4214.36 0.0 103452.5381
4228.5 4228.5 0.0 103453.8418
4242.64 4242.64 0.0 103455.1648
