0.0 0.0 0.0 272448.7969
14.1421 14.1421 0.0 1962064.0000
28.2843 28.2843 0.0 1959584.3750
42.4264 42.4264 0.0 1963110.5000
56.5685 56.5685 0.0 1966904.3750
70.7107 70.7107 0.0 1969494.6250
84.8528 84.8528 0.0 1970413.3750
98.9949 98.9949 0.0 1969537.8750
113.137 113.137 0.0 1966878.0000
127.279 127.279 0.0 1962500.7500
141.421 141.421 0.0 1956503.2500
155.563 155.563 0.0 1948990.5000
169.706 169.706 0.0 1940067.5000
183.848 183.848 0.0 1929845.0000
197.99 197.99 0.0 1918424.3750
212.132 212.132 0.0 1905904.5000
226.274 226.274 0.0 1892379.0000
240.416 240.416 0.0 1877934.6250
254.558 254.558 0.0 1862657.0000
268.701 268.701 0.0 1846621.8750
282.843 282.843 0.0 1829904.7500
296.985 296.985 0.0 1812572.3750
311.127 311.127 0.0 1794691.5000
325.269 325.269 0.0 1776319.5000
339.411 339.411 0.0 1757512.8750
353.553 353.553 0.0 1738324.7500
367.696 367.696 0.0 1718801.5000
381.838 381.838 0.0 1698992.1250
395.98 395.98 0.0 1678937.5000
410.122 410.122 0.0 1658676.8750
424.264 424.264 0.0 1638246.7500
438.406 438.406 0.0 1617683.2500
452.548 452.548 0.0 1597016.6250
466.69 466.69 0.0 1576275.8750
480.833 480.833 0.0 1555488.8750
494.975 494.975 0.0 1534682.3750
509.117 509.117 0.0 1513880.5000
523.259 523.259 0.0 1493104.8750
537.401 537.401 0.0 1472375.6250
551.543 551.543 0.0 1451710.3750
565.685 565.685 0.0 1431128.3750
579.828 579.828 0.0 1410644.1250
593.97 593.97 0.0 1390275.6250
608.112 608.112 0.0 1370034.0000
622.254 622.254 0.0 1349932.7500
636.396 636.396 0.0 1329983.5000
650.538 650.538 0.0 1310197.2500
664.68 664.68 0.0 1290582.7500
678.823 678.823 0.0 1271148.2500
692.965 692.965 0.0 1251904.3750
707.107 707.107 0.0 1232857.0000
721.249 721.249 0.0 1214013.3750
735.391 735.391 0.0 1195379.0000
749.533 749.533 0.0 1176958.5000
763.675 763.675 0.0 1158757.8750
777.817 777.817 0.0 1140780.8750
791.96 791.96 0.0 1123029.6875
806.102 806.102 0.0 1105510.0625
820.244 820.244 0.0 1088223.6875
834.386 834.386 0.0 1071172.6875
848.528 848.528 0.0 1054359.1875
862.67 862.67 0.0 1037784.7500
876.812 876.812 0.0 1021450.4375
890.955 890.955 0.0 1005355.8125
905.097 905.097 0.0 989503.8125
919.239 919.239 0.0 973893.8750
933.381 933.381 0.0 958526.1875
947.523 947.523 0.0 943399.1250
961.665 961.665 0.0 928513.8125
975.807 975.807 0.0 913868.6250
989.949 989.949 0.0 899463.1875
1004.09 1004.09 0.0 885297.1250
1018.23 1018.23 0.0 871369.0000
1032.38 1032.38 0.0 857666.8750
1046.52 1046.52 0.0 844208.8125
1060.66 1060.66 0.0 830983.1875
1074.8 1074.8 0.0 817987.6250
1088.94 1088.94 0.0 805221.0625
1103.09 1103.09 0.0 792671.7500
1117.23 1117.23 0.0 780356.5000
1131.37 1131.37 0.0 768262.5000
1145.51 1145.51 0.0 756388.8750
1159.66 1159.66 0.0 744724.3125
1173.8 1173.8 0.0 733283.2500
1187.94 1187.94 0.0 722054.0000
1202.08 1202.08 0.0 711035.0625
1216.22 1216.22 0.0 700223.2500
1230.37 1230.37 0.0 689608.5000
1244.51 1244.51 0.0 679203.2500
1258.65 1258.65 0.0 668997.3750
1272.79 1272.79 0.0 658987.5625
1286.93 1286.93 0.0 649171.3125
1301.08 1301.08 0.0 639539.3125
1315.22 1315.22 0.0 630102.3125
1329.36 1329.36 0.0 620850.4688
1343.5 1343.5 0.0 611781.2500
1357.65 1357.65 0.0 602885.3438
1371.79 1371.79 0.0 594172.4375
1385.93 1385.93 0.0 585634.0312
1400.07 1400.07 0.0 577266.8438
1414.21 1414.21 0.0 569067.7500
1428.36 1428.36 0.0 561028.9375
1442.5 1442.5 0.0 553158.5312
1456.64 1456.64 0.0 545448.7500
1470.78 1470.78 0.0 537896.3438
1484.92 1484.92 0.0 530498.5625
1499.07 1499.07 0.0 523247.9375
1513.21 1513.21 0.0 516151.6875
1527.35 1527.35 0.0 509202.4062
1541.49 1541.49 0.0 502397.2188
1555.63 1555.63 0.0 495733.6875
1569.78 1569.78 0.0 489204.5000
1583.92 1583.92 0.0 482816.4375
1598.06 1598.06 0.0 476562.2188
1612.2 1612.2 0.0 470439.5625
1626.35 1626.35 0.0 464441.4688
1640.49 1640.49 0.0 458574.5312
1654.63 1654.63 0.0 452831.5000
1668.77 1668.77 0.0 447210.0625
1682.91 1682.91 0.0 441708.2500
1697.06 1697.06 0.0 436319.7500
1711.2 1711.2 0.0 431049.6562
1725.34 1725.34 0.0 425892.3125
1739.48 1739.48 0.0 420845.2500
1753.62 1753.62 0.0 415906.0938
1767.77 1767.77 0.0 411069.6562
1781.91 1781.91 0.0 406340.2188
1796.05 1796.05 0.0 401712.5312
1810.19 1810.19 0.0 397184.4688
1824.34 1824.34 0.0 392750.5938
1838.48 1838.48 0.0 388415.5625
1852.62 1852.62 0.0 384173.8125
1866.76 1866.76 0.0 380023.6875
1880.9 1880.9 0.0 375963.0938
1895.05 1895.05 0.0 371987.1250
1909.19 1909.19 0.0 368099.9375
1923.33 1923.33 0.0 364296.5938
1937.47 1937.47 0.0 360575.2812
1951.61 1951.61 0.0 356934.1562
1965.76 1965.76 0.0 353369.1406
1979.9 1979.9 0.0 349883.2812
1994.04 1994.04 0.0 346472.4688
2008.18 2008.18 0.0 343134.9375
2022.33 2022.33 0.0 339866.6719
2036.47 2036.47 0.0 336670.7812
2050.61 2050.61 0.0 333543.2812
2064.75 2064.75 0.0 330482.5781
2078.89 2078.89 0.0 327487.0625
2093.04 2093.04 0.0 324553.2812
2107.18 2107.18 0.0 321683.6250
2121.32 2121.32 0.0 318874.8594
2135.46 2135.46 0.0 316125.1719
2149.6 2149.6 0.0 313433.4062
2163.75 2163.75 0.0 310796.2031
2177.89 2177.89 0.0 308215.8750
2192.03 2192.03 0.0 305689.2656
2206.17 2206.17 0.0 303214.9375
2220.32 2220.32 0.0 300790.0000
2234.46 2234.46 0.0 298416.6406
2248.6 2248.6 0.0 296091.7031
2262.74 2262.74 0.0 293814.0469
2276.88 2276.88 0.0 291582.4375
2291.03 2291.03 0.0 289394.2812
2305.17 2305.17 0.0 287251.4062
2319.31 2319.31 0.0 285151.1250
2333.45 2333.45 0.0 283092.3750
2347.59 2347.59 0.0 281074.0312
2361.74 2361.74 0.0 279093.6406
2375.88 2375.88 0.0 277153.0469
2390.02 2390.02 0.0 275249.7500
2404.16 2404.16 0.0 273382.6875
2418.31 2418.31 0.0 271549.7188
2432.45 2432.45 0.0 269752.5000
2446.59 2446.59 0.0 267988.7500
2460.73 2460.73 0.0 266257.5938
2474.87 2474.87 0.0 264558.1562
2489.02 2489.02 0.0 262888.4062
2503.16 2503.16 0.0 261249.8438
2517.3 2517.3 0.0 259640.4844
2531.44 2531.44 0.0 258059.5156
2545.58 2545.58 0.0 256506.1406
2559.73 2559.73 0.0 254978.6875
2573.87 2573.87 0.0 253478.4062
2588.01 2588.01 0.0 252003.6094
2602.15 2602.15 0.0 250553.5625
2616.3 2616.3 0.0 249126.6406
2630.44 2630.44 0.0 247724.0156
2644.58 2644.58 0.0 246344.3438
2658.72 2658.72 0.0 244986.7188
2672.86 2672.86 0.0 243650.7812
2687.01 2687.01 0.0 242334.9219
2701.15 2701.15 0.0 241040.4062
2715.29 2715.29 0.0 239765.8750
2729.43 2729.43 0.0 238510.6094
2743.57 2743.57 0.0 237274.2344
2757.72 2757.72 0.0 236055.3750
2771.86 2771.86 0.0 234855.3438
2786.0 2786.0 0.0 233672.6875
2800.14 2800.14 0.0 232507.0156
2814.28 2814.28 0.0 231357.9297
2828.43 2828.43 0.0 230224.1406
2842.57 2842.57 0.0 229106.8828
2856.71 2856.71 0.0 228004.9844
2870.85 2870.85 0.0 226918.0078
2885.0 2885.0 0.0 225844.9219
2899.14 2899.14 0.0 224786.8281
2913.28 2913.28 0.0 223742.6641
2927.42 2927.42 0.0 222712.0781
2941.56 2941.56 0.0 221694.7656
2955.71 2955.71 0.0 220689.6875
2969.85 2969.85 0.0 219698.0312
2983.99 2983.99 0.0 218718.7500
2998.13 2998.13 0.0 217751.5938
3012.27 3012.27 0.0 216796.3203
3026.42 3026.42 0.0 215851.9766
3040.56 3040.56 0.0 214919.6641
3054.7 3054.7 0.0 213998.5156
3068.84 3068.84 0.0 213088.2734
3082.99 3082.99 0.0 212188.1172
3097.13 3097.13 0.0 211299.1250
3111.27 3111.27 0.0 210420.3438
3125.41 3125.41 0.0 209551.7578
3139.55 3139.55 0.0 208693.0234
3153.7 3153.7 0.0 207843.4688
3167.84 3167.84 0.0 207004.0625
3181.98 3181.98 0.0 206174.1406
3196.12 3196.12 0.0 205353.4297
3210.26 3210.26 0.0 204541.7734
3224.41 3224.41 0.0 203738.5703
3238.55 3238.55 0.0 202944.7578
3252.69 3252.69 0.0 202159.6016
3266.83 3266.83 0.0 201383.0078
3280.98 3280.98 0.0 200614.3203
3295.12 3295.12 0.0 199854.4766
3309.26 3309.26 0.0 199102.8516
3323.4 3323.4 0.0 198359.3047
3337.54 3337.54 0.0 197623.7266
3351.69 3351.69 0.0 196895.4609
3365.83 3365.83 0.0 196175.5703
3379.97 3379.97 0.0 195463.2969
3394.11 3394.11 0.0 194758.6094
3408.25 3408.25 0.0 194061.4297
3422.4 3422.4 0.0 193371.1250
3436.54 3436.54 0.0 192688.6719
3450.68 3450.68 0.0 192013.4766
3464.82 3464.82 0.0 191345.3750
3478.97 3478.97 0.0 190683.9297
3493.11 3493.11 0.0 190029.9844
3507.25 3507.25 0.0 189382.8828
3521.39 3521.39 0.0 188742.6953
3535.53 3535.53 0.0 188109.3203
3549.68 3549.68 0.0 187482.1797
3563.82 3563.82 0.0 186862.1562
3577.96 3577.96 0.0 186248.7344
3592.1 3592.1 0.0 185641.8516
3606.24 3606.24 0.0 185041.4219
3620.39 3620.39 0.0 184446.9844
3634.53 3634.53 0.0 183859.2812
3648.67 3648.67 0.0 183277.8984
3662.81 3662.81 0.0 182702.7500
3676.96 3676.96 0.0 182133.3516
3691.1 3691.1 0.0 181570.5000
3705.24 3705.24 0.0 181013.6875
3719.38 3719.38 0.0 180462.8828
3733.52 3733.52 0.0 179918.0703
3747.67 3747.67 0.0 179378.7422
3761.81 3761.81 0.0 178845.6719
3775.95 3775.95 0.0 178318.3828
3790.09 3790.09 0.0 177796.8594
3804.23 3804.23 0.0 177281.0547
3818.38 3818.38 0.0 176770.4688
3832.52 3832.52 0.0 176265.8750
3846.66 3846.66 0.0 175766.8359
3860.8 3860.8 0.0 175273.2891
3874.95 3874.95 0.0 174784.8203
3889.09 3889.09 0.0 174302.0859
3903.23 3903.23 0.0 173824.7500
3917.37 3917.37 0.0 173352.6797
3931.51 3931.51 0.0 172885.8750
3945.66 3945.66 0.0 172423.9531
3959.8 3959.8 0.0 171967.5078
3973.94 3973.94 0.0 171516.1719
3988.08 3988.08 0.0 171069.8750
4002.22 4002.22 0.0 170628.6328
4016.37 4016.37 0.0 170192.0391
4030.51 4030.51 0.0 169760.6719
4044.65 4044.65 0.0 169334.1562
4058.79 4058.79 0.0 168912.4766
4072.94 4072.94 0.0 168495.2734
4087.08 4087.08 0.0 168083.0938
4101.22 4101.22 0.0 167675.6406
4115.36 4115.36 0.0 167272.8047
4129.5 4129.5 0.0 166874.5234
4143.65 4143.65 0.0 166480.5195
4157.79 4157.79 0.0 166091.3242
4171.93 4171.93 0.0 165706.5391
4186.07 4186.07 0.0 165326.1953
4200.21 4200.21 0.0 164950.1953
4214.36 4214.36 0.0 164578.2695
4228.5 4228.5 0.0 164210.8438
4242.64 4242.64 0.0 163847.6406
4256.78 4256.78 0.0 163488.6367
4270.92 4270.92 0.0 163133.7695
4285.07 4285.07 0.0 162782.7148
4299.21 4299.21 0.0 162435.9531
4313.35 4313.35 0.0 162093.2031
4327.49 4327.49 0.0 161754.3789
4341.64 4341.64 0.0 161419.2578
4355.78 4355.78 0.0 161088.2188
4369.92 4369.92 0.0 160761.0156
4384.06 4384.06 0.0 160437.5742
4398.2 4398.2 0.0 160117.8594
4412.35 4412.35 0.0 159801.6211
4426.49 4426.49 0.0 159489.2148
4440.63 4440.63 0.0 159180.4492
4454.77 4454.77 0.0 158875.2305
4468.91 4468.91 0.0 158573.5234
4483.06 4483.06 0.0 158275.0898
4497.2 4497.2 0.0 157980.2812
4511.34 4511.34 0.0 157688.8711
4525.48 4525.48 0.0 157400.8047
4539.63 4539.63 0.0 157115.8398
4553.77 4553.77 0.0 156834.3477
4567.91 4567.91 0.0 156556.0742
4582.05 4582.05 0.0 156281.0000
4596.19 4596.19 0.0 156009.0312
4610.34 4610.34 0.0 155739.9883
4624.48 4624.48 0.0 155474.2109
4638.62 4638.62 0.0 155211.4648
4652.76 4652.76 0.0 154951.6875
4666.9 4666.9 0.0 154694.8555
4681.05 4681.05 0.0 154440.7500
4695.19 4695.19 0.0 154189.6719
4709.33 4709.33 0.0 153941.4648
4723.47 4723.47 0.0 153696.0078
4737.62 4737.62 0.0 153453.1719
4751.76 4751.76 0.0 153213.2188
4765.9 4765.9 0.0 152975.9414
4780.04 4780.04 0.0 152741.2969
4794.18 4794.18 0.0 152509.2734
4808.33 4808.33 0.0 152279.6641
4822.47 4822.47 0.0 152052.7656
4836.61 4836.61 0.0 151828.3750
4850.75 4850.75 0.0 151606.4336
4864.89 4864.89 0.0 151386.9375
4879.04 4879.04 0.0 151169.6953
4893.18 4893.18 0.0 150954.9883
4907.32 4907.32 0.0 150742.5898
4921.46 4921.46 0.0 150532.5273
4935.61 4935.61 0.0 150324.5664
4949.75 4949.75 0.0 150119.0000
4963.89 4963.89 0.0 149915.6523
4978.03 4978.03 0.0 149714.4648
4992.17 4992.17 0.0 149515.4297
5006.32 5006.32 0.0 149318.3711
5020.46 5020.46 0.0 149123.5430
5034.6 5034.6 0.0 148930.7656
5048.74 5048.74 0.0 148740.0273
5062.88 5062.88 0.0 148551.2773
5077.03 5077.03 0.0 148364.3555
5091.17 5091.17 0.0 148179.5234
5105.31 5105.31 0.0 147996.5703
5119.45 5119.45 0.0 147815.5664
5133.6 5133.6 0.0 147636.2578
5147.74 5147.74 0.0 147458.9062
5161.88 5161.88 0.0 147283.3789
5176.02 5176.02 0.0 147109.6055
5190.16 5190.16 0.0 146937.6016
5204.31 5204.31 0.0 146767.1914
5218.45 5218.45 0.0 146598.6211
5232.59 5232.59 0.0 146431.7422
5246.73 5246.73 0.0 146266.4844
5260.87 5260.87 0.0 146102.8789
5275.02 5275.02 0.0 145940.7695
5289.16 5289.16 0.0 145780.3555
5303.3 5303.3 0.0 145621.4961
5317.44 5317.44 0.0 145464.1836
5331.59 5331.59 0.0 145308.2383
5345.73 5345.73 0.0 145153.9336
5359.87 5359.87 0.0 145001.1133
5374.01 5374.01 0.0 144849.7109
5388.15 5388.15 0.0 144699.7539
5402.3 5402.3 0.0 144551.1055
5416.44 5416.44 0.0 144403.9492
5430.58 5430.58 0.0 144258.1641
5444.72 5444.72 0.0 144113.6992
5458.86 5458.86 0.0 143970.5898
5473.01 5473.01 0.0 143828.6797
5487.15 5487.15 0.0 143688.1680
5501.29 5501.29 0.0 143548.9336
5515.43 5515.43 0.0 143410.9492
5529.58 5529.58 0.0 143274.1016
5543.72 5543.72 0.0 143138.5625
5557.86 5557.86 0.0 143004.2305
5572.0 5572.0 0.0 142871.1016
5586.14 5586.14 0.0 142739.1211
5600.29 5600.29 0.0 142608.1875
5614.43 5614.43 0.0 142478.4883
5628.57 5628.57 0.0 142349.9141
5642.71 5642.71 0.0 142222.4414
5656.85 5656.85 0.0 142096.0430
5671.0 5671.0 0.0 141970.6328
5685.14 5685.14 0.0 141846.3516
5699.28 5699.28 0.0 141723.1328
5713.42 5713.42 0.0 141600.9336
5727.56 5727.56 0.0 141479.7383
5741.71 5741.71 0.0 141359.4766
5755.85 5755.85 0.0 141240.2617
5769.99 5769.99 0.0 141122.0273
5784.13 5784.13 0.0 141004.7305
5798.28 5798.28 0.0 140888.3086
5812.42 5812.42 0.0 140772.9062
5826.56 5826.56 0.0 140658.4023
5840.7 5840.7 0.0 140544.8320
5854.84 5854.84 0.0 140432.1289
5868.99 5868.99 0.0 140320.2188
5883.13 5883.13 0.0 140209.2812
5897.27 5897.27 0.0 140099.2070
5911.41 5911.41 0.0 139989.9297
5925.55 5925.55 0.0 139881.5234
5939.7 5939.7 0.0 139773.8477
5953.84 5953.84 0.0 139667.0859
5967.98 5967.98 0.0 139561.0820
5982.12 5982.12 0.0 139455.8984
5996.27 5996.27 0.0 139351.4062
6010.41 6010.41 0.0 139247.7461
6024.55 6024.55 0.0 139144.8633
6038.69 6038.69 0.0 139042.6953
6052.83 6052.83 0.0 138941.3047
6066.98 6066.98 0.0 138840.5625
6081.12 6081.12 0.0 138740.5977
6095.26 6095.26 0.0 138641.3477
6109.4 6109.4 0.0 138542.8125
6123.54 6123.54 0.0 138444.9492
6137.69 6137.69 0.0 138347.7109
6151.83 6151.83 0.0 138251.1875
6165.97 6165.97 0.0 138155.3672
6180.11 6180.11 0.0 138060.1836
6194.26 6194.26 0.0 137965.5742
6208.4 6208.4 0.0 137871.6836
6222.54 6222.54 0.0 137778.4102
6236.68 6236.68 0.0 137685.7734
6250.82 6250.82 0.0 137593.7539
6264.97 6264.97 0.0 137502.2812
6279.11 6279.11 0.0 137411.4609
6293.25 6293.25 0.0 137321.2383
6307.39 6307.39 0.0 137231.6055
6321.53 6321.53 0.0 137142.5547
6335.68 6335.68 0.0 137054.0078
6349.82 6349.82 0.0 136966.0781
6363.96 6363.96 0.0 136878.7148
6378.1 6378.1 0.0 136791.9141
6392.25 6392.25 0.0 136705.5820
6406.39 6406.39 0.0 136619.8438
6420.53 6420.53 0.0 136534.6484
6434.67 6434.67 0.0 136449.9648
6448.81 6448.81 0.0 136365.8320
6462.96 6462.96 0.0 136282.1016
6477.1 6477.1 0.0 136198.9844
6491.24 6491.24 0.0 136116.3477
6505.38 6505.38 0.0 136034.2188
6519.52 6519.52 0.0 135952.5625
6533.67 6533.67 0.0 135871.3242
6547.81 6547.81 0.0 135790.6484
6561.95 6561.95 0.0 135710.4297
6576.09 6576.09 0.0 135630.6602
6590.24 6590.24 0.0 135551.3047
6604.38 6604.38 0.0 135472.4766
6618.52 6618.52 0.0 135394.1016
6632.66 6632.66 0.0 135316.1562
6646.8 6646.8 0.0 135238.6484
6660.95 6660.95 0.0 135161.5352
6675.09 6675.09 0.0 135084.8984
6689.23 6689.23 0.0 135008.7031
6703.37 6703.37 0.0 134932.9180
6717.51 6717.51 0.0 134857.5469
6731.66 6731.66 0.0 134782.5391
6745.8 6745.8 0.0 134707.9805
6759.94 6759.94 0.0 134633.8320
6774.08 6774.08 0.0 134560.0742
6788.23 6788.23 0.0 134486.6680
6802.37 6802.37 0.0 134413.7070
6816.51 6816.51 0.0 134341.1250
6830.65 6830.65 0.0 134268.9336
6844.79 6844.79 0.0 134197.1211
6858.94 6858.94 0.0 134125.6055
6873.08 6873.08 0.0 134054.5332
6887.22 6887.22 0.0 133983.8262
6901.36 6901.36 0.0 133913.4629
6915.5 6915.5 0.0 133843.4570
6929.65 6929.65 0.0 133773.7793
6943.79 6943.79 0.0 133704.4902
6957.93 6957.93 0.0 133635.5156
6972.07 6972.07 0.0 133566.9336
6986.21 6986.21 0.0 133498.6680
7000.36 7000.36 0.0 133430.6953
7014.5 7014.5 0.0 133363.0957
7028.64 7028.64 0.0 133295.8184
7042.78 7042.78 0.0 133228.8672
7056.93 7056.93 0.0 133162.2129
7071.07 7071.07 0.0 133095.9102
7085.21 7085.21 0.0 133029.9141
7099.35 7099.35 0.0 132964.2441
7113.49 7113.49 0.0 132898.8809
7127.64 7127.64 0.0 132833.7578
7141.78 7141.78 0.0 132769.0059
7155.92 7155.92 0.0 132704.5547
7170.06 7170.06 0.0 132640.3906
7184.2 7184.2 0.0 132576.5059
7198.35 7198.35 0.0 132512.8789
7212.49 7212.49 0.0 132449.5898
7226.63 7226.63 0.0 132386.5996
7240.77 7240.77 0.0 132323.8633
7254.92 7254.92 0.0 132261.3613
7269.06 7269.06 0.0 132199.1875
7283.2 7283.2 0.0 132137.2852
7297.34 7297.34 0.0 132075.6562
7311.48 7311.48 0.0 132014.3027
7325.63 7325.63 0.0 131953.1504
7339.77 7339.77 0.0 131892.3340
7353.91 7353.91 0.0 131831.7539
7368.05 7368.05 0.0 131771.4395
7382.19 7382.19 0.0 131711.3770
7396.34 7396.34 0.0 131651.5312
7410.48 7410.48 0.0 131591.9727
7424.62 7424.62 0.0 131532.6562
7438.76 7438.76 0.0 131473.5938
7452.91 7452.91 0.0 131414.7344
7467.05 7467.05 0.0 131356.1602
7481.19 7481.19 0.0 131297.8125
7495.33 7495.33 0.0 131239.7051
7509.47 7509.47 0.0 131181.8301
7523.62 7523.62 0.0 131124.1465
7537.76 7537.76 0.0 131066.7324
7551.9 7551.9 0.0 131009.5449
7566.04 7566.04 0.0 130952.5859
7580.18 7580.18 0.0 130895.8457
7594.33 7594.33 0.0 130839.2793
7608.47 7608.47 0.0 130782.9727
7622.61 7622.61 0.0 130726.8984
7636.75 7636.75 0.0 130671.0234
7650.9 7650.9 0.0 130615.3242
7665.04 7665.04 0.0 130559.8789
7679.18 7679.18 0.0 130504.6406
7693.32 7693.32 0.0 130449.6133
7707.46 7707.46 0.0 130394.7773
7721.61 7721.61 0.0 130340.0977
7735.75 7735.75 0.0 130285.6816
7749.89 7749.89 0.0 130231.4512
7764.03 7764.03 0.0 130177.4121
7778.17 7778.17 0.0 130123.5703
