0.0 0.0 0.0 280341.5000
14.1421 14.1421 0.0 352919.6094
28.2843 28.2843 0.0 354546.3281
42.4264 42.4264 0.0 355540.2969
56.5685 56.5685 0.0 356198.9375
70.7107 70.7107 0.0 356642.6875
84.8528 84.8528 0.0 356931.8906
98.9949 98.9949 0.0 357101.8594
113.137 113.137 0.0 357174.1562
127.279 127.279 0.0 357163.9531
141.421 141.421 0.0 357081.9375
155.563 155.563 0.0 356935.6719
169.706 169.706 0.0 356731.8281
183.848 183.848 0.0 356474.9844
197.99 197.99 0.0 356169.2500
212.132 212.132 0.0 355817.9375
226.274 226.274 0.0 355424.0469
240.416 240.416 0.0 354989.8750
254.558 254.558 0.0 354518.0469
268.701 268.701 0.0 354010.3438
282.843 282.843 0.0 353468.7031
296.985 296.985 0.0 352894.8125
311.127 311.127 0.0 352290.2344
325.269 325.269 0.0 351656.2188
339.411 339.411 0.0 350994.6094
353.553 353.553 0.0 350306.0781
367.696 367.696 0.0 349592.2812
381.838 381.838 0.0 348854.3125
395.98 395.98 0.0 348093.1250
410.122 410.122 0.0 347309.9688
424.264 424.264 0.0 346505.5000
438.406 438.406 0.0 345681.0156
452.548 452.548 0.0 344837.4062
466.69 466.69 0.0 343975.2188
480.833 480.833 0.0 343095.5469
494.975 494.975 0.0 342199.2969
509.117 509.117 0.0 341287.1719
523.259 523.259 0.0 340359.7031
537.401 537.401 0.0 339417.9844
551.543 551.543 0.0 338462.3125
565.685 565.685 0.0 337493.6875
579.828 579.828 0.0 336512.4688
593.97 593.97 0.0 335519.7031
608.112 608.112 0.0 334515.7031
622.254 622.254 0.0 333501.0000
636.396 636.396 0.0 332476.3281
650.538 650.538 0.0 331442.1250
664.68 664.68 0.0 330398.9688
678.823 678.823 0.0 329347.2969
692.965 692.965 0.0 328287.6562
707.107 707.107 0.0 327220.5625
721.249 721.249 0.0 326146.5000
735.391 735.391 0.0 325065.7188
749.533 749.533 0.0 323979.0000
763.675 763.675 0.0 322886.3594
777.817 777.817 0.0 321788.4531
791.96 791.96 0.0 320685.4531
806.102 806.102 0.0 319578.1406
820.244 820.244 0.0 318466.5625
834.386 834.386 0.0 317351.1406
848.528 848.528 0.0 316232.2031
862.67 862.67 0.0 315110.0938
876.812 876.812 0.0 313985.2500
890.955 890.955 0.0 312857.7031
905.097 905.097 0.0 311728.1406
919.239 919.239 0.0 310596.5469
933.381 933.381 0.0 309463.4375
947.523 947.523 0.0 308328.9062
961.665 961.665 0.0 307193.2812
975.807 975.807 0.0 306056.9531
989.949 989.949 0.0 304920.0312
1004.09 1004.09 0.0 303782.7969
1018.23 1018.23 0.0 302645.6406
1032.38 1032.38 0.0 301507.8281
1046.52 1046.52 0.0 300371.2031
1060.66 1060.66 0.0 299235.2031
1074.8 1074.8 0.0 298100.0000
1088.94 1088.94 0.0 296965.7656
1103.09 1103.09 0.0 295832.0781
1117.23 1117.23 0.0 294700.6719
1131.37 1131.37 0.0 293570.8281
1145.51 1145.51 0.0 292442.8125
1159.66 1159.66 0.0 291315.9531
1173.8 1173.8 0.0 290192.0938
1187.94 1187.94 0.0 289070.5156
1202.08 1202.08 0.0 287951.5312
1216.22 1216.22 0.0 286835.2188
1230.37 1230.37 0.0 285720.7969
1244.51 1244.51 0.0 284610.2500
1258.65 1258.65 0.0 283502.9062
1272.79 1272.79 0.0 282398.7344
1286.93 1286.93 0.0 281297.9844
1301.08 1301.08 0.0 280200.0312
1315.22 1315.22 0.0 279106.5781
1329.36 1329.36 0.0 278016.8125
1343.5 1343.5 0.0 276931.1094
1357.65 1357.65 0.0 275848.6094
1371.79 1371.79 0.0 274771.1250
1385.93 1385.93 0.0 273697.8281
1400.07 1400.07 0.0 272629.0156
1414.21 1414.21 0.0 271564.7188
1428.36 1428.36 0.0 270504.2031
1442.5 1442.5 0.0 269449.1719
1456.64 1456.64 0.0 268398.9375
1470.78 1470.78 0.0 267353.5781
1484.92 1484.92 0.0 266313.1875
1499.07 1499.07 0.0 265277.1875
1513.21 1513.21 0.0 264247.0312
1527.35 1527.35 0.0 263222.0781
1541.49 1541.49 0.0 262202.4844
1555.63 1555.63 0.0 261188.2500
1569.78 1569.78 0.0 260178.7500
1583.92 1583.92 0.0 259175.4531
1598.06 1598.06 0.0 258177.7188
1612.2 1612.2 0.0 257185.6094
1626.35 1626.35 0.0 256198.4688
1640.49 1640.49 0.0 255217.8125
1654.63 1654.63 0.0 254242.9219
1668.77 1668.77 0.0 253273.8438
1682.91 1682.91 0.0 252310.5938
1697.06 1697.06 0.0 251352.6250
1711.2 1711.2 0.0 250401.2031
1725.34 1725.34 0.0 249455.7969
1739.48 1739.48 0.0 248516.3906
1753.62 1753.62 0.0 247582.9375
1767.77 1767.77 0.0 246654.9375
1781.91 1781.91 0.0 245733.5781
1796.05 1796.05 0.0 244818.3281
1810.19 1810.19 0.0 243909.0781
1824.34 1824.34 0.0 243005.2969
1838.48 1838.48 0.0 242108.2344
1852.62 1852.62 0.0 241217.2500
1866.76 1866.76 0.0 240332.3438
1880.9 1880.9 0.0 239453.4375
1895.05 1895.05 0.0 238580.0312
1909.19 1909.19 0.0 237713.2344
1923.33 1923.33 0.0 236852.4531
1937.47 1937.47 0.0 235997.6406
1951.61 1951.61 0.0 235148.7656
1965.76 1965.76 0.0 234305.2500
1979.9 1979.9 0.0 233468.2031
1994.04 1994.04 0.0 232637.0312
2008.18 2008.18 0.0 231811.6641
2022.33 2022.33 0.0 230991.4766
2036.47 2036.47 0.0 230177.6172
2050.61 2050.61 0.0 229369.4375
2064.75 2064.75 0.0 228566.8828
2078.89 2078.89 0.0 227769.9062
2093.04 2093.04 0.0 226977.8906
2107.18 2107.18 0.0 226191.8828
2121.32 2121.32 0.0 225411.3203
2135.46 2135.46 0.0 224636.0469
2149.6 2149.6 0.0 223866.0469
2163.75 2163.75 0.0 223100.7188
2177.89 2177.89 0.0 222341.0469
2192.03 2192.03 0.0 221586.4609
2206.17 2206.17 0.0 220836.8672
2220.32 2220.32 0.0 220091.6484
2234.46 2234.46 0.0 219351.7969
2248.6 2248.6 0.0 218616.7188
2262.74 2262.74 0.0 217886.3438
2276.88 2276.88 0.0 217160.5547
2291.03 2291.03 0.0 216438.8203
2305.17 2305.17 0.0 215722.0156
2319.31 2319.31 0.0 215009.6406
2333.45 2333.45 0.0 214301.5547
2347.59 2347.59 0.0 213597.6016
2361.74 2361.74 0.0 212897.3828
2375.88 2375.88 0.0 212201.7109
2390.02 2390.02 0.0 211509.9922
2404.16 2404.16 0.0 210822.2109
2418.31 2418.31 0.0 210137.7500
2432.45 2432.45 0.0 209457.5391
2446.59 2446.59 0.0 208781.0469
2460.73 2460.73 0.0 208108.1250
2474.87 2474.87 0.0 207438.7109
2489.02 2489.02 0.0 206772.3750
2503.16 2503.16 0.0 206109.8672
2517.3 2517.3 0.0 205450.6719
2531.44 2531.44 0.0 204794.8047
2545.58 2545.58 0.0 204142.0859
2559.73 2559.73 0.0 203492.0547
2573.87 2573.87 0.0 202845.6016
2588.01 2588.01 0.0 202202.1953
2602.15 2602.15 0.0 201561.7500
2616.3 2616.3 0.0 200923.7969
2630.44 2630.44 0.0 200289.1250
2644.58 2644.58 0.0 199657.3125
2658.72 2658.72 0.0 199028.2812
2672.86 2672.86 0.0 198402.0000
2687.01 2687.01 0.0 197778.0000
2701.15 2701.15 0.0 197157.0859
2715.29 2715.29 0.0 196538.8125
2729.43 2729.43 0.0 195923.1875
2743.57 2743.57 0.0 195310.1094
2757.72 2757.72 0.0 194699.1484
2771.86 2771.86 0.0 194091.1719
2786.0 2786.0 0.0 193485.6719
2800.14 2800.14 0.0 192882.6953
2814.28 2814.28 0.0 192282.2031
2828.43 2828.43 0.0 191683.7812
2842.57 2842.57 0.0 191088.2266
2856.71 2856.71 0.0 190495.0938
2870.85 2870.85 0.0 189904.4609
2885.0 2885.0 0.0 189315.8281
2899.14 2899.14 0.0 188730.0547
2913.28 2913.28 0.0 188146.7734
2927.42 2927.42 0.0 187565.9062
2941.56 2941.56 0.0 186987.5391
2955.71 2955.71 0.0 186411.2266
2969.85 2969.85 0.0 185837.8047
2983.99 2983.99 0.0 185266.8750
2998.13 2998.13 0.0 184698.4609
3012.27 3012.27 0.0 184132.6094
3026.42 3026.42 0.0 183568.8906
3040.56 3040.56 0.0 183008.1406
3054.7 3054.7 0.0 182449.9766
3068.84 3068.84 0.0 181894.4297
3082.99 3082.99 0.0 181341.1562
3097.13 3097.13 0.0 180790.9453
3111.27 3111.27 0.0 180243.4062
3125.41 3125.41 0.0 179698.5625
3139.55 3139.55 0.0 179156.5000
3153.7 3153.7 0.0 178616.8281
3167.84 3167.84 0.0 178080.3594
3181.98 3181.98 0.0 177546.7266
3196.12 3196.12 0.0 177015.9688
3210.26 3210.26 0.0 176488.0938
3224.41 3224.41 0.0 175962.8047
3238.55 3238.55 0.0 175440.8672
3252.69 3252.69 0.0 174921.9141
3266.83 3266.83 0.0 174406.0234
3280.98 3280.98 0.0 173892.7734
3295.12 3295.12 0.0 173383.0391
3309.26 3309.26 0.0 172876.4609
3323.4 3323.4 0.0 172372.9922
3337.54 3337.54 0.0 171872.7500
3351.69 3351.69 0.0 171375.4062
3365.83 3365.83 0.0 170881.6172
3379.97 3379.97 0.0 170391.1562
3394.11 3394.11 0.0 169904.0312
3408.25 3408.25 0.0 169420.2656
3422.4 3422.4 0.0 168939.5312
3436.54 3436.54 0.0 168462.5234
3450.68 3450.68 0.0 167988.9766
3464.82 3464.82 0.0 167518.8828
3478.97 3478.97 0.0 167051.9531
3493.11 3493.11 0.0 166588.8594
3507.25 3507.25 0.0 166129.3398
3521.39 3521.39 0.0 165673.3555
3535.53 3535.53 0.0 165220.9336
3549.68 3549.68 0.0 164771.8438
3563.82 3563.82 0.0 164326.6641
3577.96 3577.96 0.0 163885.1328
3592.1 3592.1 0.0 163447.2617
3606.24 3606.24 0.0 163013.0781
3620.39 3620.39 0.0 162582.2695
3634.53 3634.53 0.0 162155.4727
3648.67 3648.67 0.0 161732.3945
3662.81 3662.81 0.0 161313.0703
3676.96 3676.96 0.0 160897.1758
3691.1 3691.1 0.0 160485.3008
3705.24 3705.24 0.0 160077.1953
3719.38 3719.38 0.0 159672.8516
3733.52 3733.52 0.0 159272.2852
3747.67 3747.67 0.0 158875.1914
3761.81 3761.81 0.0 158482.1602
3775.95 3775.95 0.0 158092.9023
3790.09 3790.09 0.0 157707.4180
3804.23 3804.23 0.0 157325.7070
3818.38 3818.38 0.0 156947.5000
3832.52 3832.52 0.0 156573.3242
3846.66 3846.66 0.0 156202.9141
3860.8 3860.8 0.0 155836.2617
3874.95 3874.95 0.0 155473.1133
3889.09 3889.09 0.0 155113.9414
3903.23 3903.23 0.0 154758.5312
3917.37 3917.37 0.0 154406.8203
3931.51 3931.51 0.0 154058.8008
3945.66 3945.66 0.0 153714.2695
3959.8 3959.8 0.0 153373.6445
3973.94 3973.94 0.0 153036.7031
3988.08 3988.08 0.0 152703.3828
4002.22 4002.22 0.0 152373.7266
4016.37 4016.37 0.0 152047.4570
4030.51 4030.51 0.0 151725.0078
4044.65 4044.65 0.0 151406.1484
4058.79 4058.79 0.0 151090.8320
4072.94 4072.94 0.0 150778.8438
4087.08 4087.08 0.0 150470.5820
4101.22 4101.22 0.0 150165.8477
4115.36 4115.36 0.0 149864.5547
4129.5 4129.5 0.0 149566.6953
4143.65 4143.65 0.0 149272.0859
4157.79 4157.79 0.0 148981.0469
4171.93 4171.93 0.0 148693.4141
4186.07 4186.07 0.0 148409.1016
4200.21 4200.21 0.0 148128.0938
4214.36 4214.36 0.0 147850.1914
4228.5 4228.5 0.0 147575.7461
4242.64 4242.64 0.0 147304.5391
4256.78 4256.78 0.0 147036.5117
4270.92 4270.92 0.0 146771.6602
4285.07 4285.07 0.0 146509.7852
4299.21 4299.21 0.0 146251.1836
4313.35 4313.35 0.0 145995.6680
4327.49 4327.49 0.0 145743.2070
4341.64 4341.64 0.0 145493.5859
4355.78 4355.78 0.0 145247.1211
4369.92 4369.92 0.0 145003.6172
4384.06 4384.06 0.0 144763.0195
4398.2 4398.2 0.0 144525.3281
4412.35 4412.35 0.0 144290.3203
4426.49 4426.49 0.0 144058.3086
4440.63 4440.63 0.0 143829.0742
4454.77 4454.77 0.0 143602.6211
4468.91 4468.91 0.0 143378.8828
4483.06 4483.06 0.0 143157.6641
4497.2 4497.2 0.0 142939.2852
4511.34 4511.34 0.0 142723.5234
4525.48 4525.48 0.0 142510.3438
4539.63 4539.63 0.0 142299.5820
4553.77 4553.77 0.0 142091.5078
4567.91 4567.91 0.0 141885.9102
4582.05 4582.05 0.0 141682.7930
4596.19 4596.19 0.0 141482.0938
4610.34 4610.34 0.0 141283.6445
4624.48 4624.48 0.0 141087.7109
4638.62 4638.62 0.0 140894.1016
4652.76 4652.76 0.0 140702.7891
4666.9 4666.9 0.0 140513.7383
4681.05 4681.05 0.0 140326.8047
4695.19 4695.19 0.0 140142.1914
4709.33 4709.33 0.0 139959.7500
4723.47 4723.47 0.0 139779.4570
4737.62 4737.62 0.0 139601.1445
4751.76 4751.76 0.0 139425.0391
4765.9 4765.9 0.0 139250.9727
4780.04 4780.04 0.0 139078.9219
4794.18 4794.18 0.0 138908.8750
4808.33 4808.33 0.0 138740.6484
4822.47 4822.47 0.0 138574.5000
4836.61 4836.61 0.0 138410.2109
4850.75 4850.75 0.0 138247.8047
4864.89 4864.89 0.0 138087.2344
4879.04 4879.04 0.0 137928.3828
4893.18 4893.18 0.0 137771.4023
4907.32 4907.32 0.0 137616.1914
4921.46 4921.46 0.0 137462.7148
4935.61 4935.61 0.0 137310.8203
4949.75 4949.75 0.0 137160.7031
4963.89 4963.89 0.0 137012.2500
4978.03 4978.03 0.0 136865.4102
4992.17 4992.17 0.0 136720.1641
5006.32 5006.32 0.0 136576.4023
5020.46 5020.46 0.0 136434.2695
5034.6 5034.6 0.0 136293.6523
5048.74 5048.74 0.0 136154.5352
5062.88 5062.88 0.0 136016.9062
5077.03 5077.03 0.0 135880.6133
5091.17 5091.17 0.0 135745.8359
5105.31 5105.31 0.0 135612.4766
5119.45 5119.45 0.0 135480.4805
5133.6 5133.6 0.0 135349.7266
5147.74 5147.74 0.0 135220.4375
5161.88 5161.88 0.0 135092.4258
5176.02 5176.02 0.0 134965.7109
5190.16 5190.16 0.0 134840.2695
5204.31 5204.31 0.0 134715.9844
5218.45 5218.45 0.0 134593.0078
5232.59 5232.59 0.0 134471.2422
5246.73 5246.73 0.0 134350.6562
5260.87 5260.87 0.0 134231.2422
5275.02 5275.02 0.0 134112.8828
5289.16 5289.16 0.0 133995.7324
5303.3 5303.3 0.0 133879.6973
5317.44 5317.44 0.0 133764.7422
5331.59 5331.59 0.0 133650.7812
5345.73 5345.73 0.0 133537.9609
5359.87 5359.87 0.0 133426.1621
5374.01 5374.01 0.0 133315.3906
5388.15 5388.15 0.0 133205.6133
5402.3 5402.3 0.0 133096.7539
5416.44 5416.44 0.0 132988.9199
5430.58 5430.58 0.0 132882.0527
5444.72 5444.72 0.0 132776.1211
5458.86 5458.86 0.0 132671.0938
5473.01 5473.01 0.0 132566.9121
5487.15 5487.15 0.0 132463.6855
5501.29 5501.29 0.0 132361.3398
5515.43 5515.43 0.0 132259.8418
5529.58 5529.58 0.0 132159.1289
5543.72 5543.72 0.0 132059.3203
5557.86 5557.86 0.0 131960.3223
5572.0 5572.0 0.0 131862.1309
5586.14 5586.14 0.0 131764.7344
5600.29 5600.29 0.0 131668.0293
5614.43 5614.43 0.0 131572.1758
5628.57 5628.57 0.0 131477.0645
5642.71 5642.71 0.0 131382.7012
5656.85 5656.85 0.0 131289.0566
5671.0 5671.0 0.0 131196.0586
5685.14 5685.14 0.0 131103.8477
5699.28 5699.28 0.0 131012.3203
5713.42 5713.42 0.0 130921.4629
5727.56 5727.56 0.0 130831.2793
5741.71 5741.71 0.0 130741.6992
5755.85 5755.85 0.0 130652.8262
5769.99 5769.99 0.0 130564.5996
5784.13 5784.13 0.0 130476.9863
5798.28 5798.28 0.0 130389.9355
5812.42 5812.42 0.0 130303.5605
5826.56 5826.56 0.0 130217.7715
5840.7 5840.7 0.0 130132.5801
5854.84 5854.84 0.0 130047.9668
5868.99 5868.99 0.0 129963.8594
5883.13 5883.13 0.0 129880.3730
5897.27 5897.27 0.0 129797.4453
5911.41 5911.41 0.0 129715.0547
5925.55 5925.55 0.0 129633.2090
5939.7 5939.7 0.0 129551.8242
5953.84 5953.84 0.0 129471.0176
5967.98 5967.98 0.0 129390.7207
5982.12 5982.12 0.0 129310.9258
5996.27 5996.27 0.0 129231.5781
6010.41 6010.41 0.0 129152.7676
6024.55 6024.55 0.0 129074.4512
6038.69 6038.69 0.0 128996.6035
6052.83 6052.83 0.0 128919.2188
6066.98 6066.98 0.0 128842.2344
6081.12 6081.12 0.0 128765.7598
6095.26 6095.26 0.0 128689.7402
6109.4 6109.4 0.0 128614.1582
6123.54 6123.54 0.0 128538.9980
6137.69 6137.69 0.0 128464.2305
6151.83 6151.83 0.0 128389.9297
6165.97 6165.97 0.0 128316.0547
6180.11 6180.11 0.0 128242.5684
6194.26 6194.26 0.0 128169.4551
6208.4 6208.4 0.0 128096.7773
6222.54 6222.54 0.0 128024.5078
6236.68 6236.68 0.0 127952.6191
6250.82 6250.82 0.0 127881.1113
6264.97 6264.97 0.0 127809.9355
6279.11 6279.11 0.0 127739.1797
6293.25 6293.25 0.0 127668.7988
6307.39 6307.39 0.0 127598.7676
6321.53 6321.53 0.0 127529.1035
6335.68 6335.68 0.0 127459.7480
6349.82 6349.82 0.0 127390.7871
6363.96 6363.96 0.0 127322.1621
6378.1 6378.1 0.0 127253.8984
6392.25 6392.25 0.0 127185.9121
6406.39 6406.39 0.0 127118.2969
6420.53 6420.53 0.0 127051.0254
6434.67 6434.67 0.0 126984.0723
6448.81 6448.81 0.0 126917.4434
6462.96 6462.96 0.0 126851.0820
6477.1 6477.1 0.0 126785.0859
6491.24 6491.24 0.0 126719.4023
6505.38 6505.38 0.0 126654.0215
6519.52 6519.52 0.0 126588.9473
6533.67 6533.67 0.0 126524.1270
6547.81 6547.81 0.0 126459.6445
6561.95 6561.95 0.0 126395.4668
6576.09 6576.09 0.0 126331.5645
6590.24 6590.24 0.0 126267.9102
6604.38 6604.38 0.0 126204.5879
6618.52 6618.52 0.0 126141.5469
6632.66 6632.66 0.0 126078.7910
6646.8 6646.8 0.0 126016.3105
6660.95 6660.95 0.0 125954.0527
6675.09 6675.09 0.0 125892.1133
6689.23 6689.23 0.0 125830.4531
6703.37 6703.37 0.0 125769.0449
6717.51 6717.51 0.0 125707.9043
6731.66 6731.66 0.0 125646.9883
6745.8 6745.8 0.0 125586.3672
6759.94 6759.94 0.0 125526.0176
6774.08 6774.08 0.0 125465.9160
6788.23 6788.23 0.0 125406.0273
6802.37 6802.37 0.0 125346.4160
6816.51 6816.51 0.0 125287.0664
6830.65 6830.65 0.0 125227.9609
6844.79 6844.79 0.0 125169.1113
6858.94 6858.94 0.0 125110.4492
6873.08 6873.08 0.0 125052.0762
6887.22 6887.22 0.0 124993.9531
6901.36 6901.36 0.0 124936.0508
6915.5 6915.5 0.0 124878.3906
6929.65 6929.65 0.0 124820.9277
6943.79 6943.79 0.0 124763.7266
6957.93 6957.93 0.0 124706.7793
6972.07 6972.07 0.0 124650.0488
6986.21 6986.21 0.0 124593.5547
7000.36 7000.36 0.0 124537.2461
7014.5 7014.5 0.0 124481.1875
7028.64 7028.64 0.0 124425.3691
7042.78 7042.78 0.0 124369.7715
7056.93 7056.93 0.0 124314.3613
7071.07 7071.07 0.0 124259.2090
7085.21 7085.21 0.0 124204.2676
7099.35 7099.35 0.0 124149.5527
7113.49 7113.49 0.0 124095.0488
7127.64 7127.64 0.0 124040.7227
7141.78 7141.78 0.0 123986.6562
7155.92 7155.92 0.0 123932.8105
7170.06 7170.06 0.0 123879.1680
7184.2 7184.2 0.0 123825.7402
7198.35 7198.35 0.0 123772.4883
7212.49 7212.49 0.0 123719.4824
7226.63 7226.63 0.0 123666.6816
7240.77 7240.77 0.0 123614.0977
7254.92 7254.92 0.0 123561.6777
7269.06 7269.06 0.0 123509.5020
7283.2 7283.2 0.0 123457.5352
7297.34 7297.34 0.0 123405.7734
7311.48 7311.48 0.0 123354.2109
7325.63 7325.63 0.0 123302.8262
7339.77 7339.77 0.0 123251.6660
7353.91 7353.91 0.0 123200.7227
7368.05 7368.05 0.0 123149.9727
7382.19 7382.19 0.0 123099.4277
7396.34 7396.34 0.0 123049.0469
7410.48 7410.48 0.0 122998.8984
7424.62 7424.62 0.0 122948.9453
7438.76 7438.76 0.0 122899.1992
7452.91 7452.91 0.0 122849.6113
7467.05 7467.05 0.0 122800.2520
7481.19 7481.19 0.0 122751.0918
7495.33 7495.33 0.0 122702.1387
7509.47 7509.47 0.0 122653.3652
7523.62 7523.62 0.0 122604.7695
7537.76 7537.76 0.0 122556.3867
7551.9 7551.9 0.0 122508.2109
7566.04 7566.04 0.0 122460.2168
7580.18 7580.18 0.0 122412.4199
7594.33 7594.33 0.0 122364.7812
7608.47 7608.47 0.0 122317.3711
7622.61 7622.61 0.0 122270.1523
7636.75 7636.75 0.0 122223.1309
7650.9 7650.9 0.0 122176.2637
7665.04 7665.04 0.0 122129.6074
7679.18 7679.18 0.0 122083.1465
7693.32 7693.32 0.0 122036.8848
7707.46 7707.46 0.0 121990.8145
7721.61 7721.61 0.0 121944.8848
7735.75 7735.75 0.0 121899.1797
7749.89 7749.89 0.0 121853.6699
7764.03 7764.03 0.0 121808.3516
7778.17 7778.17 0.0 121763.2188
