0.0 0.0 0.0 715798.8125
70.7107 70.7107 0.0 196001.7891
141.421 141.421 0.0 126134.2891
212.132 212.132 0.0 112201.0371
282.843 282.843 0.0 107059.7119
353.553 353.553 0.0 104754.1528
424.264 424.264 0.0 103582.3618
494.975 494.975 0.0 102920.4180
565.685 565.685 0.0 102514.1177
636.396 636.396 0.0 102248.5089
707.107 707.107 0.0 102066.3765
777.817 777.817 0.0 101936.8074
848.528 848.528 0.0 101841.9445
919.239 919.239 0.0 101770.9011
989.949 989.949 0.0 101716.7388
1060.66 1060.66 0.0 101674.8686
1131.37 1131.37 0.0 101642.1649
1202.08 1202.08 0.0 101616.4381
1272.79 1272.79 0.0 101596.1200
1343.5 1343.5 0.0 101580.0623
1414.21 1414.21 0.0 101567.4068
1484.92 1484.92 0.0 101557.4983
1555.63 1555.63 0.0 101549.8269
1626.35 1626.35 0.0 101543.9870
1697.06 1697.06 0.0 101539.6507
1767.77 1767.77 0.0 101536.5458
1838.48 1838.48 0.0 101534.4427
1909.19 1909.19 0.0 101533.1469
1979.9 1979.9 0.0 101532.4888
2050.61 2050.61 0.0 101532.3217
2121.32 2121.32 0.0 101532.5159
2192.03 2192.03 0.0 101532.9606
2262.74 2262.74 0.0 101533.5564
2333.45 2333.45 0.0 101534.2187
2404.16 2404.16 0.0 101534.8733
2474.87 2474.87 0.0 101535.4569
2545.58 2545.58 0.0 101535.9165
2616.3 2616.3 0.0 101536.2068
2687.01 2687.01 0.0 101536.2894
2757.72 2757.72 0.0 101536.1335
2828.43 2828.43 0.0 101535.7143
2899.14 2899.14 0.0 101535.0104
2969.85 2969.85 0.0 101534.0073
3040.56 3040.56 0.0 101532.6933
3111.27 3111.27 0.0 101531.0593
