0.0 0.0 0.0 201546.3906
14.1421 14.1421 0.0 200727.7969
28.2843 28.2843 0.0 202353.6562
42.4264 42.4264 0.0 203198.3594
56.5685 56.5685 0.0 203648.2344
70.7107 70.7107 0.0 203856.3516
84.8528 84.8528 0.0 203901.2500
98.9949 98.9949 0.0 203828.7031
113.137 113.137 0.0 203668.1250
127.279 127.279 0.0 203439.2891
141.421 141.421 0.0 203156.0391
155.563 155.563 0.0 202828.5703
169.706 169.706 0.0 202464.3984
183.848 183.848 0.0 202069.3359
197.99 197.99 0.0 201647.7266
212.132 212.132 0.0 201203.1484
226.274 226.274 0.0 200738.3828
240.416 240.416 0.0 200255.7500
254.558 254.558 0.0 199757.1328
268.701 268.701 0.0 199244.0859
282.843 282.843 0.0 198717.9219
296.985 296.985 0.0 198179.8438
311.127 311.127 0.0 197630.7500
325.269 325.269 0.0 197071.4531
339.411 339.411 0.0 196502.7500
353.553 353.553 0.0 195925.2734
367.696 367.696 0.0 195339.5625
381.838 381.838 0.0 194746.2344
395.98 395.98 0.0 194145.8047
410.122 410.122 0.0 193538.5859
424.264 424.264 0.0 192925.0938
438.406 438.406 0.0 192305.6406
452.548 452.548 0.0 191680.6484
466.69 466.69 0.0 191050.3594
480.833 480.833 0.0 190415.1172
494.975 494.975 0.0 189775.2500
509.117 509.117 0.0 189131.0156
523.259 523.259 0.0 188482.7578
537.401 537.401 0.0 187830.5859
551.543 551.543 0.0 187174.8750
565.685 565.685 0.0 186515.8438
579.828 579.828 0.0 185853.5469
593.97 593.97 0.0 185188.5078
608.112 608.112 0.0 184520.7266
622.254 622.254 0.0 183850.4844
636.396 636.396 0.0 183177.9688
650.538 650.538 0.0 182503.3906
664.68 664.68 0.0 181826.8750
678.823 678.823 0.0 181148.7031
692.965 692.965 0.0 180469.0234
707.107 707.107 0.0 179787.9844
721.249 721.249 0.0 179105.8359
735.391 735.391 0.0 178422.6719
749.533 749.533 0.0 177738.6797
763.675 763.675 0.0 177054.1016
777.817 777.817 0.0 176368.9844
791.96 791.96 0.0 175683.5000
806.102 806.102 0.0 174997.9453
820.244 820.244 0.0 174312.3281
834.386 834.386 0.0 173626.9141
848.528 848.528 0.0 172941.8125
862.67 862.67 0.0 172257.1484
876.812 876.812 0.0 171573.0703
890.955 890.955 0.0 170889.7188
905.097 905.097 0.0 170207.3594
919.239 919.239 0.0 169526.0234
933.381 933.381 0.0 168845.8281
947.523 947.523 0.0 168167.0391
961.665 961.665 0.0 167489.7188
975.807 975.807 0.0 166813.9922
989.949 989.949 0.0 166140.0430
1004.09 1004.09 0.0 165468.0312
1018.23 1018.23 0.0 164798.0898
1032.38 1032.38 0.0 164129.8633
1046.52 1046.52 0.0 163464.4180
1060.66 1060.66 0.0 162801.3945
1074.8 1074.8 0.0 162140.9414
1088.94 1088.94 0.0 161483.1992
1103.09 1103.09 0.0 160827.8320
1117.23 1117.23 0.0 160175.8516
1131.37 1131.37 0.0 159526.9805
1145.51 1145.51 0.0 158881.3242
1159.66 1159.66 0.0 158238.5156
1173.8 1173.8 0.0 157599.6406
1187.94 1187.94 0.0 156964.3359
1202.08 1202.08 0.0 156332.7344
1216.22 1216.22 0.0 155704.9219
1230.37 1230.37 0.0 155080.6172
1244.51 1244.51 0.0 154460.7734
1258.65 1258.65 0.0 153845.1016
1272.79 1272.79 0.0 153233.6562
1286.93 1286.93 0.0 152626.5938
1301.08 1301.08 0.0 152023.5625
1315.22 1315.22 0.0 151425.5352
1329.36 1329.36 0.0 150832.1953
1343.5 1343.5 0.0 150243.5938
1357.65 1357.65 0.0 149659.4414
1371.79 1371.79 0.0 149080.6758
1385.93 1385.93 0.0 148506.9336
1400.07 1400.07 0.0 147938.3125
1414.21 1414.21 0.0 147374.8984
1428.36 1428.36 0.0 146816.3828
1442.5 1442.5 0.0 146263.6328
1456.64 1456.64 0.0 145716.3086
1470.78 1470.78 0.0 145174.4688
1484.92 1484.92 0.0 144638.2109
1499.07 1499.07 0.0 144107.2383
1513.21 1513.21 0.0 143582.3125
1527.35 1527.35 0.0 143063.1367
1541.49 1541.49 0.0 142549.7383
1555.63 1555.63 0.0 142042.2227
1569.78 1569.78 0.0 141540.2266
1583.92 1583.92 0.0 141044.5039
1598.06 1598.06 0.0 140554.7539
1612.2 1612.2 0.0 140071.0000
1626.35 1626.35 0.0 139592.9414
1640.49 1640.49 0.0 139121.2734
1654.63 1654.63 0.0 138655.7070
1668.77 1668.77 0.0 138196.2031
1682.91 1682.91 0.0 137742.7930
1697.06 1697.06 0.0 137295.1992
1711.2 1711.2 0.0 136854.0234
1725.34 1725.34 0.0 136418.9883
1739.48 1739.48 0.0 135990.0469
1753.62 1753.62 0.0 135567.2344
1767.77 1767.77 0.0 135150.2188
1781.91 1781.91 0.0 134739.5977
1796.05 1796.05 0.0 134335.0430
1810.19 1810.19 0.0 133936.5195
1824.34 1824.34 0.0 133543.7656
1838.48 1838.48 0.0 133157.2656
1852.62 1852.62 0.0 132776.7539
1866.76 1866.76 0.0 132402.1641
1880.9 1880.9 0.0 132033.4551
1895.05 1895.05 0.0 131670.3398
1909.19 1909.19 0.0 131313.3047
1923.33 1923.33 0.0 130962.0312
1937.47 1937.47 0.0 130616.4531
1951.61 1951.61 0.0 130276.5391
1965.76 1965.76 0.0 129942.0039
1979.9 1979.9 0.0 129613.2383
1994.04 1994.04 0.0 129289.9648
2008.18 2008.18 0.0 128972.1074
2022.33 2022.33 0.0 128659.3848
2036.47 2036.47 0.0 128352.1855
2050.61 2050.61 0.0 128050.2109
2064.75 2064.75 0.0 127753.3867
2078.89 2078.89 0.0 127461.6348
2093.04 2093.04 0.0 127174.6836
2107.18 2107.18 0.0 126892.8770
2121.32 2121.32 0.0 126615.9258
2135.46 2135.46 0.0 126343.7480
2149.6 2149.6 0.0 126076.2715
2163.75 2163.75 0.0 125813.2188
2177.89 2177.89 0.0 125554.9082
2192.03 2192.03 0.0 125301.0488
2206.17 2206.17 0.0 125051.5645
2220.32 2220.32 0.0 124806.2051
2234.46 2234.46 0.0 124565.2168
2248.6 2248.6 0.0 124328.3867
2262.74 2262.74 0.0 124095.5859
2276.88 2276.88 0.0 123866.7500
2291.03 2291.03 0.0 123641.6523
2305.17 2305.17 0.0 123420.5020
2319.31 2319.31 0.0 123203.0762
2333.45 2333.45 0.0 122989.2832
2347.59 2347.59 0.0 122779.0488
2361.74 2361.74 0.0 122572.1484
2375.88 2375.88 0.0 122368.7891
2390.02 2390.02 0.0 122168.7539
2404.16 2404.16 0.0 121971.9512
2418.31 2418.31 0.0 121778.1816
2432.45 2432.45 0.0 121587.6367
2446.59 2446.59 0.0 121400.0977
2460.73 2460.73 0.0 121215.5059
2474.87 2474.87 0.0 121033.7793
2489.02 2489.02 0.0 120854.7344
2503.16 2503.16 0.0 120678.5195
2517.3 2517.3 0.0 120504.9824
2531.44 2531.44 0.0 120334.0312
2545.58 2545.58 0.0 120165.6113
2559.73 2559.73 0.0 119999.5293
2573.87 2573.87 0.0 119835.9609
2588.01 2588.01 0.0 119674.7344
2602.15 2602.15 0.0 119515.7891
2616.3 2616.3 0.0 119358.9473
2630.44 2630.44 0.0 119204.3848
2644.58 2644.58 0.0 119051.9219
2658.72 2658.72 0.0 118901.5215
2672.86 2672.86 0.0 118753.1191
2687.01 2687.01 0.0 118606.5723
2701.15 2701.15 0.0 118462.0293
2715.29 2715.29 0.0 118319.3477
2729.43 2729.43 0.0 118178.4648
2743.57 2743.57 0.0 118039.3574
2757.72 2757.72 0.0 117901.8730
2771.86 2771.86 0.0 117766.1875
2786.0 2786.0 0.0 117632.1191
2800.14 2800.14 0.0 117499.6719
2814.28 2814.28 0.0 117368.7861
2828.43 2828.43 0.0 117239.3398
2842.57 2842.57 0.0 117111.4834
2856.71 2856.71 0.0 116985.0996
2870.85 2870.85 0.0 116860.1465
2885.0 2885.0 0.0 116736.5156
2899.14 2899.14 0.0 116614.3477
2913.28 2913.28 0.0 116493.5127
2927.42 2927.42 0.0 116374.0117
2941.56 2941.56 0.0 116255.8047
2955.71 2955.71 0.0 116138.7852
2969.85 2969.85 0.0 116023.0938
2983.99 2983.99 0.0 115908.6318
2998.13 2998.13 0.0 115795.3828
3012.27 3012.27 0.0 115683.3066
3026.42 3026.42 0.0 115572.3193
3040.56 3040.56 0.0 115462.5615
3054.7 3054.7 0.0 115353.9277
3068.84 3068.84 0.0 115246.4131
3082.99 3082.99 0.0 115139.9072
3097.13 3097.13 0.0 115034.5732
3111.27 3111.27 0.0 114930.2959
3125.41 3125.41 0.0 114827.0732
3139.55 3139.55 0.0 114724.8965
3153.7 3153.7 0.0 114623.6631
3167.84 3167.84 0.0 114523.5156
3181.98 3181.98 0.0 114424.3770
3196.12 3196.12 0.0 114326.2373
3210.26 3210.26 0.0 114229.0654
3224.41 3224.41 0.0 114132.7998
3238.55 3238.55 0.0 114037.5654
3252.69 3252.69 0.0 113943.2803
3266.83 3266.83 0.0 113849.9326
3280.98 3280.98 0.0 113757.4658
3295.12 3295.12 0.0 113665.9766
3309.26 3309.26 0.0 113575.4111
3323.4 3323.4 0.0 113485.7617
3337.54 3337.54 0.0 113397.0029
3351.69 3351.69 0.0 113309.0811
3365.83 3365.83 0.0 113222.1113
3379.97 3379.97 0.0 113136.0283
3394.11 3394.11 0.0 113050.8135
3408.25 3408.25 0.0 112966.4629
3422.4 3422.4 0.0 112882.9092
3436.54 3436.54 0.0 112800.2773
3450.68 3450.68 0.0 112718.4912
3464.82 3464.82 0.0 112637.5430
3478.97 3478.97 0.0 112557.3809
3493.11 3493.11 0.0 112478.0996
3507.25 3507.25 0.0 112399.6377
3521.39 3521.39 0.0 112322.0000
3535.53 3535.53 0.0 112245.1748
3549.68 3549.68 0.0 112169.1035
3563.82 3563.82 0.0 112093.8770
3577.96 3577.96 0.0 112019.4629
3592.1 3592.1 0.0 111945.8174
3606.24 3606.24 0.0 111872.9658
3620.39 3620.39 0.0 111800.8369
3634.53 3634.53 0.0 111729.5322
3648.67 3648.67 0.0 111658.9805
3662.81 3662.81 0.0 111589.2021
3676.96 3676.96 0.0 111520.1191
3691.1 3691.1 0.0 111451.8398
3705.24 3705.24 0.0 111384.3037
3719.38 3719.38 0.0 111317.4980
3733.52 3733.52 0.0 111251.4229
3747.67 3747.67 0.0 111186.0254
3761.81 3761.81 0.0 111121.3994
3775.95 3775.95 0.0 111057.4736
3790.09 3790.09 0.0 110994.2549
3804.23 3804.23 0.0 110931.7412
3818.38 3818.38 0.0 110869.8760
3832.52 3832.52 0.0 110808.7354
3846.66 3846.66 0.0 110748.2930
3860.8 3860.8 0.0 110688.5088
3874.95 3874.95 0.0 110629.3594
3889.09 3889.09 0.0 110570.9141
3903.23 3903.23 0.0 110513.1279
3917.37 3917.37 0.0 110455.9912
3931.51 3931.51 0.0 110399.4961
3945.66 3945.66 0.0 110343.5977
3959.8 3959.8 0.0 110288.3740
3973.94 3973.94 0.0 110233.7705
3988.08 3988.08 0.0 110179.7881
4002.22 4002.22 0.0 110126.4277
4016.37 4016.37 0.0 110073.6240
4030.51 4030.51 0.0 110021.4619
4044.65 4044.65 0.0 109969.8896
4058.79 4058.79 0.0 109918.9141
4072.94 4072.94 0.0 109868.4746
4087.08 4087.08 0.0 109818.6514
4101.22 4101.22 0.0 109769.3955
4115.36 4115.36 0.0 109720.7061
4129.5 4129.5 0.0 109672.5625
4143.65 4143.65 0.0 109624.9414
4157.79 4157.79 0.0 109577.8926
4171.93 4171.93 0.0 109531.3857
4186.07 4186.07 0.0 109485.4121
4200.21 4200.21 0.0 109439.9609
4214.36 4214.36 0.0 109394.9956
4228.5 4228.5 0.0 109350.5718
4242.64 4242.64 0.0 109306.6562
4256.78 4256.78 0.0 109263.2451
4270.92 4270.92 0.0 109220.3311
4285.07 4285.07 0.0 109177.8608
4299.21 4299.21 0.0 109135.9185
4313.35 4313.35 0.0 109094.4497
4327.49 4327.49 0.0 109053.4468
4341.64 4341.64 0.0 109012.8857
4355.78 4355.78 0.0 108972.8096
4369.92 4369.92 0.0 108933.1865
4384.06 4384.06 0.0 108894.0093
4398.2 4398.2 0.0 108855.2798
4412.35 4412.35 0.0 108816.9585
4426.49 4426.49 0.0 108779.0889
4440.63 4440.63 0.0 108741.6431
4454.77 4454.77 0.0 108704.6265
4468.91 4468.91 0.0 108668.0239
4483.06 4483.06 0.0 108631.8008
4497.2 4497.2 0.0 108596.0034
4511.34 4511.34 0.0 108560.6084
4525.48 4525.48 0.0 108525.6074
4539.63 4539.63 0.0 108490.9688
4553.77 4553.77 0.0 108456.7378
4567.91 4567.91 0.0 108422.8813
4582.05 4582.05 0.0 108389.3999
4596.19 4596.19 0.0 108356.2827
4610.34 4610.34 0.0 108323.5137
4624.48 4624.48 0.0 108291.1216
4638.62 4638.62 0.0 108259.0801
4652.76 4652.76 0.0 108227.3892
4666.9 4666.9 0.0 108196.0439
4681.05 4681.05 0.0 108165.0107
4695.19 4695.19 0.0 108134.3340
4709.33 4709.33 0.0 108103.9868
4723.47 4723.47 0.0 108073.9639
4737.62 4737.62 0.0 108044.2466
4751.76 4751.76 0.0 108014.8657
4765.9 4765.9 0.0 107985.7930
4780.04 4780.04 0.0 107957.0327
4794.18 4794.18 0.0 107928.5752
4808.33 4808.33 0.0 107900.3926
4822.47 4822.47 0.0 107872.5347
4836.61 4836.61 0.0 107844.9595
4850.75 4850.75 0.0 107817.6748
4864.89 4864.89 0.0 107790.6738
4879.04 4879.04 0.0 107763.9346
4893.18 4893.18 0.0 107737.4854
4907.32 4907.32 0.0 107711.3145
4921.46 4921.46 0.0 107685.4043
4935.61 4935.61 0.0 107659.7402
4949.75 4949.75 0.0 107634.3677
4963.89 4963.89 0.0 107609.2378
4978.03 4978.03 0.0 107584.3740
4992.17 4992.17 0.0 107559.7505
5006.32 5006.32 0.0 107535.3594
5020.46 5020.46 0.0 107511.2344
5034.6 5034.6 0.0 107487.3428
5048.74 5048.74 0.0 107463.6895
5062.88 5062.88 0.0 107440.2715
5077.03 5077.03 0.0 107417.0649
5091.17 5091.17 0.0 107394.1074
5105.31 5105.31 0.0 107371.3711
5119.45 5119.45 0.0 107348.8574
5133.6 5133.6 0.0 107326.5415
5147.74 5147.74 0.0 107304.4609
5161.88 5161.88 0.0 107282.5923
5176.02 5176.02 0.0 107260.9268
5190.16 5190.16 0.0 107239.4731
5204.31 5204.31 0.0 107218.2139
5218.45 5218.45 0.0 107197.1646
5232.59 5232.59 0.0 107176.3130
5246.73 5246.73 0.0 107155.6572
5260.87 5260.87 0.0 107135.1982
5275.02 5275.02 0.0 107114.9102
5289.16 5289.16 0.0 107094.8271
5303.3 5303.3 0.0 107074.9277
5317.44 5317.44 0.0 107055.2119
5331.59 5331.59 0.0 107035.6636
5345.73 5345.73 0.0 107016.3120
5359.87 5359.87 0.0 106997.1313
5374.01 5374.01 0.0 106978.1274
5388.15 5388.15 0.0 106959.2939
5402.3 5402.3 0.0 106940.6143
5416.44 5416.44 0.0 106922.1187
5430.58 5430.58 0.0 106903.7817
5444.72 5444.72 0.0 106885.6162
5458.86 5458.86 0.0 106867.6016
5473.01 5473.01 0.0 106849.7397
5487.15 5487.15 0.0 106832.0454
5501.29 5501.29 0.0 106814.5068
5515.43 5515.43 0.0 106797.1226
5529.58 5529.58 0.0 106779.8711
5543.72 5543.72 0.0 106762.7832
5557.86 5557.86 0.0 106745.8457
5572.0 5572.0 0.0 106729.0459
5586.14 5586.14 0.0 106712.4009
5600.29 5600.29 0.0 106695.8779
5614.43 5614.43 0.0 106679.5078
5628.57 5628.57 0.0 106663.2764
5642.71 5642.71 0.0 106647.1797
5656.85 5656.85 0.0 106631.2222
5671.0 5671.0 0.0 106615.3857
5685.14 5685.14 0.0 106599.6890
5699.28 5699.28 0.0 106584.1211
5713.42 5713.42 0.0 106568.6865
5727.56 5727.56 0.0 106553.3770
5741.71 5741.71 0.0 106538.1836
5755.85 5755.85 0.0 106523.1235
5769.99 5769.99 0.0 106508.1885
5784.13 5784.13 0.0 106493.3716
5798.28 5798.28 0.0 106478.6636
5812.42 5812.42 0.0 106464.0903
5826.56 5826.56 0.0 106449.6279
5840.7 5840.7 0.0 106435.2822
5854.84 5854.84 0.0 106421.0547
5868.99 5868.99 0.0 106406.9287
5883.13 5883.13 0.0 106392.9238
5897.27 5897.27 0.0 106379.0342
5911.41 5911.41 0.0 106365.2456
5925.55 5925.55 0.0 106351.5703
5939.7 5939.7 0.0 106337.9946
5953.84 5953.84 0.0 106324.5308
5967.98 5967.98 0.0 106311.1748
5982.12 5982.12 0.0 106297.9204
5996.27 5996.27 0.0 106284.7578
6010.41 6010.41 0.0 106271.7100
6024.55 6024.55 0.0 106258.7622
6038.69 6038.69 0.0 106245.9116
6052.83 6052.83 0.0 106233.1646
6066.98 6066.98 0.0 106220.5015
6081.12 6081.12 0.0 106207.9448
6095.26 6095.26 0.0 106195.4834
6109.4 6109.4 0.0 106183.1133
6123.54 6123.54 0.0 106170.8389
6137.69 6137.69 0.0 106158.6538
6151.83 6151.83 0.0 106146.5679
6165.97 6165.97 0.0 106134.5688
6180.11 6180.11 0.0 106122.6592
6194.26 6194.26 0.0 106110.8340
6208.4 6208.4 0.0 106099.1030
6222.54 6222.54 0.0 106087.4600
6236.68 6236.68 0.0 106075.9038
6250.82 6250.82 0.0 106064.4346
6264.97 6264.97 0.0 106053.0396
6279.11 6279.11 0.0 106041.7354
6293.25 6293.25 0.0 106030.5229
6307.39 6307.39 0.0 106019.3862
6321.53 6321.53 0.0 106008.3335
6335.68 6335.68 0.0 105997.3560
6349.82 6349.82 0.0 105986.4639
6363.96 6363.96 0.0 105975.6543
6378.1 6378.1 0.0 105964.9214
6392.25 6392.25 0.0 105954.2651
6406.39 6406.39 0.0 105943.6836
6420.53 6420.53 0.0 105933.1846
6434.67 6434.67 0.0 105922.7632
6448.81 6448.81 0.0 105912.4150
6462.96 6462.96 0.0 105902.1367
6477.1 6477.1 0.0 105891.9395
6491.24 6491.24 0.0 105881.8145
6505.38 6505.38 0.0 105871.7671
6519.52 6519.52 0.0 105861.7905
6533.67 6533.67 0.0 105851.8770
6547.81 6547.81 0.0 105842.0454
6561.95 6561.95 0.0 105832.2817
6576.09 6576.09 0.0 105822.5884
6590.24 6590.24 0.0 105812.9595
6604.38 6604.38 0.0 105803.4038
6618.52 6618.52 0.0 105793.9233
6632.66 6632.66 0.0 105784.5103
6646.8 6646.8 0.0 105775.1592
6660.95 6660.95 0.0 105765.8740
6675.09 6675.09 0.0 105756.6626
6689.23 6689.23 0.0 105747.5127
6703.37 6703.37 0.0 105738.4321
6717.51 6717.51 0.0 105729.4121
6731.66 6731.66 0.0 105720.4565
6745.8 6745.8 0.0 105711.5688
6759.94 6759.94 0.0 105702.7407
6774.08 6774.08 0.0 105693.9863
6788.23 6788.23 0.0 105685.2812
6802.37 6802.37 0.0 105676.6489
6816.51 6816.51 0.0 105668.0708
6830.65 6830.65 0.0 105659.5596
6844.79 6844.79 0.0 105651.1138
6858.94 6858.94 0.0 105642.7178
6873.08 6873.08 0.0 105634.3887
6887.22 6887.22 0.0 105626.1216
6901.36 6901.36 0.0 105617.9106
6915.5 6915.5 0.0 105609.7593
6929.65 6929.65 0.0 105601.6631
6943.79 6943.79 0.0 105593.6304
6957.93 6957.93 0.0 105585.6553
6972.07 6972.07 0.0 105577.7383
6986.21 6986.21 0.0 105569.8823
7000.36 7000.36 0.0 105562.0742
7014.5 7014.5 0.0 105554.3281
7028.64 7028.64 0.0 105546.6372
7042.78 7042.78 0.0 105539.0029
7056.93 7056.93 0.0 105531.4160
7071.07 7071.07 0.0 105523.8931
7085.21 7085.21 0.0 105516.4229
7099.35 7099.35 0.0 105509.0083
7113.49 7113.49 0.0 105501.6504
7127.64 7127.64 0.0 105494.3350
7141.78 7141.78 0.0 105487.0840
7155.92 7155.92 0.0 105479.8809
7170.06 7170.06 0.0 105472.7378
7184.2 7184.2 0.0 105465.6387
7198.35 7198.35 0.0 105458.5908
7212.49 7212.49 0.0 105451.5981
7226.63 7226.63 0.0 105444.6606
7240.77 7240.77 0.0 105437.7759
7254.92 7254.92 0.0 105430.9336
7269.06 7269.06 0.0 105424.1436
7283.2 7283.2 0.0 105417.4080
7297.34 7297.34 0.0 105410.7144
7311.48 7311.48 0.0 105404.0820
7325.63 7325.63 0.0 105397.4915
7339.77 7339.77 0.0 105390.9500
7353.91 7353.91 0.0 105384.4583
7368.05 7368.05 0.0 105378.0190
7382.19 7382.19 0.0 105371.6282
7396.34 7396.34 0.0 105365.2747
7410.48 7410.48 0.0 105358.9753
7424.62 7424.62 0.0 105352.7275
7438.76 7438.76 0.0 105346.5259
7452.91 7452.91 0.0 105340.3608
7467.05 7467.05 0.0 105334.2505
7481.19 7481.19 0.0 105328.1880
7495.33 7495.33 0.0 105322.1709
7509.47 7509.47 0.0 105316.1982
7523.62 7523.62 0.0 105310.2634
7537.76 7537.76 0.0 105304.3850
7551.9 7551.9 0.0 105298.5488
7566.04 7566.04 0.0 105292.7573
7580.18 7580.18 0.0 105287.0120
7594.33 7594.33 0.0 105281.3025
7608.47 7608.47 0.0 105275.6428
7622.61 7622.61 0.0 105270.0256
7636.75 7636.75 0.0 105264.4536
7650.9 7650.9 0.0 105258.9197
7665.04 7665.04 0.0 105253.4304
7679.18 7679.18 0.0 105247.9900
7693.32 7693.32 0.0 105242.5869
7707.46 7707.46 0.0 105237.2273
7721.61 7721.61 0.0 105231.9075
7735.75 7735.75 0.0 105226.6304
7749.89 7749.89 0.0 105221.3943
7764.03 7764.03 0.0 105216.1978
7778.17 7778.17 0.0 105211.0459
