0.0 0.0 0.0 201759.9531
14.1421 14.1421 0.0 202458.7578
28.2843 28.2843 0.0 202953.7422
42.4264 42.4264 0.0 203177.7578
56.5685 56.5685 0.0 203263.3359
70.7107 70.7107 0.0 203263.9219
84.8528 84.8528 0.0 203206.4609
98.9949 98.9949 0.0 203106.5547
113.137 113.137 0.0 202973.9141
127.279 127.279 0.0 202814.9531
141.421 141.421 0.0 202634.3438
155.563 155.563 0.0 202435.3672
169.706 169.706 0.0 202220.3594
183.848 183.848 0.0 201991.4062
197.99 197.99 0.0 201749.9297
212.132 212.132 0.0 201497.1016
226.274 226.274 0.0 201233.9922
240.416 240.416 0.0 200961.3516
254.558 254.558 0.0 200679.8906
268.701 268.701 0.0 200390.1719
282.843 282.843 0.0 200092.7891
296.985 296.985 0.0 199788.1562
311.127 311.127 0.0 199476.5938
325.269 325.269 0.0 199158.5000
339.411 339.411 0.0 198834.2812
353.553 353.553 0.0 198504.1484
367.696 367.696 0.0 198168.4375
381.838 381.838 0.0 197827.2969
395.98 395.98 0.0 197481.0469
410.122 410.122 0.0 197129.8750
424.264 424.264 0.0 196774.0312
438.406 438.406 0.0 196413.6875
452.548 452.548 0.0 196049.0078
466.69 466.69 0.0 195680.2500
480.833 480.833 0.0 195307.4531
494.975 494.975 0.0 194930.9219
509.117 509.117 0.0 194550.7578
523.259 523.259 0.0 194167.1953
537.401 537.401 0.0 193780.2344
551.543 551.543 0.0 193390.1250
565.685 565.685 0.0 192997.0078
579.828 579.828 0.0 192600.9844
593.97 593.97 0.0 192202.2188
608.112 608.112 0.0 191800.8906
622.254 622.254 0.0 191397.0312
636.396 636.396 0.0 190990.8438
650.538 650.538 0.0 190582.4688
664.68 664.68 0.0 190171.9375
678.823 678.823 0.0 189759.4297
692.965 692.965 0.0 189345.0547
707.107 707.107 0.0 188928.9766
721.249 721.249 0.0 188511.2656
735.391 735.391 0.0 188092.0234
749.533 749.533 0.0 187671.3750
763.675 763.675 0.0 187249.4531
777.817 777.817 0.0 186826.3594
791.96 791.96 0.0 186402.1797
806.102 806.102 0.0 185977.0547
820.244 820.244 0.0 185550.9922
834.386 834.386 0.0 185124.2344
848.528 848.528 0.0 184696.8047
862.67 862.67 0.0 184268.7969
876.812 876.812 0.0 183840.3672
890.955 890.955 0.0 183411.4844
905.097 905.097 0.0 182982.3828
919.239 919.239 0.0 182553.0859
933.381 933.381 0.0 182123.7266
947.523 947.523 0.0 181694.3672
961.665 961.665 0.0 181265.1016
975.807 975.807 0.0 180836.0547
989.949 989.949 0.0 180407.2266
1004.09 1004.09 0.0 179978.8359
1018.23 1018.23 0.0 179550.8984
1032.38 1032.38 0.0 179123.1875
1046.52 1046.52 0.0 178696.4297
1060.66 1060.66 0.0 178270.3203
1074.8 1074.8 0.0 177844.9922
1088.94 1088.94 0.0 177420.5469
1103.09 1103.09 0.0 176996.7188
1117.23 1117.23 0.0 176574.2031
1131.37 1131.37 0.0 176152.7500
1145.51 1145.51 0.0 175732.4688
1159.66 1159.66 0.0 175313.1094
1173.8 1173.8 0.0 174895.3594
1187.94 1187.94 0.0 174478.9844
1202.08 1202.08 0.0 174064.0078
1216.22 1216.22 0.0 173650.5469
1230.37 1230.37 0.0 173238.3750
1244.51 1244.51 0.0 172828.0703
1258.65 1258.65 0.0 172419.4922
1272.79 1272.79 0.0 172012.6406
1286.93 1286.93 0.0 171607.5781
1301.08 1301.08 0.0 171204.0781
1315.22 1315.22 0.0 170802.8281
1329.36 1329.36 0.0 170403.4844
1343.5 1343.5 0.0 170006.1328
1357.65 1357.65 0.0 169610.5781
1371.79 1371.79 0.0 169217.3906
1385.93 1385.93 0.0 168826.3359
1400.07 1400.07 0.0 168437.4453
1414.21 1414.21 0.0 168050.7656
1428.36 1428.36 0.0 167666.0703
1442.5 1442.5 0.0 167283.9062
1456.64 1456.64 0.0 166904.0703
1470.78 1470.78 0.0 166526.5742
1484.92 1484.92 0.0 166151.4297
1499.07 1499.07 0.0 165778.3945
1513.21 1513.21 0.0 165408.0469
1527.35 1527.35 0.0 165040.1016
1541.49 1541.49 0.0 164674.5898
1555.63 1555.63 0.0 164311.5078
1569.78 1569.78 0.0 163950.6328
1583.92 1583.92 0.0 163592.4727
1598.06 1598.06 0.0 163236.7734
1612.2 1612.2 0.0 162883.5000
1626.35 1626.35 0.0 162532.4922
1640.49 1640.49 0.0 162184.1562
1654.63 1654.63 0.0 161838.2812
1668.77 1668.77 0.0 161494.8516
1682.91 1682.91 0.0 161153.8438
1697.06 1697.06 0.0 160814.9844
1711.2 1711.2 0.0 160478.7656
1725.34 1725.34 0.0 160144.9141
1739.48 1739.48 0.0 159813.4023
1753.62 1753.62 0.0 159484.2461
1767.77 1767.77 0.0 159157.1328
1781.91 1781.91 0.0 158832.5117
1796.05 1796.05 0.0 158510.1250
1810.19 1810.19 0.0 158189.9414
1824.34 1824.34 0.0 157871.6953
1838.48 1838.48 0.0 157555.7852
1852.62 1852.62 0.0 157241.9648
1866.76 1866.76 0.0 156930.2070
1880.9 1880.9 0.0 156620.4219
1895.05 1895.05 0.0 156312.3984
1909.19 1909.19 0.0 156006.4922
1923.33 1923.33 0.0 155702.4492
1937.47 1937.47 0.0 155400.1992
1951.61 1951.61 0.0 155099.7500
1965.76 1965.76 0.0 154800.7734
1979.9 1979.9 0.0 154503.6758
1994.04 1994.04 0.0 154208.1953
2008.18 2008.18 0.0 153914.2852
2022.33 2022.33 0.0 153621.6562
2036.47 2036.47 0.0 153330.6875
2050.61 2050.61 0.0 153041.1406
2064.75 2064.75 0.0 152752.9336
2078.89 2078.89 0.0 152466.0117
2093.04 2093.04 0.0 152180.1523
2107.18 2107.18 0.0 151895.6523
2121.32 2121.32 0.0 151612.3281
2135.46 2135.46 0.0 151330.0859
2149.6 2149.6 0.0 151048.8789
2163.75 2163.75 0.0 150768.4688
2177.89 2177.89 0.0 150489.2031
2192.03 2192.03 0.0 150210.8477
2206.17 2206.17 0.0 149933.3672
2220.32 2220.32 0.0 149656.4727
2234.46 2234.46 0.0 149380.5625
2248.6 2248.6 0.0 149105.3672
2262.74 2262.74 0.0 148830.8906
2276.88 2276.88 0.0 148557.0781
2291.03 2291.03 0.0 148283.6641
2305.17 2305.17 0.0 148011.0469
2319.31 2319.31 0.0 147738.9922
2333.45 2333.45 0.0 147467.4766
2347.59 2347.59 0.0 147196.4531
2361.74 2361.74 0.0 146925.7461
2375.88 2375.88 0.0 146655.6406
2390.02 2390.02 0.0 146385.9961
2404.16 2404.16 0.0 146116.8047
2418.31 2418.31 0.0 145847.7930
2432.45 2432.45 0.0 145579.3672
2446.59 2446.59 0.0 145311.3438
2460.73 2460.73 0.0 145043.6836
2474.87 2474.87 0.0 144776.3867
2489.02 2489.02 0.0 144509.2539
2503.16 2503.16 0.0 144242.6523
2517.3 2517.3 0.0 143976.4531
2531.44 2531.44 0.0 143710.5820
2545.58 2545.58 0.0 143445.0859
2559.73 2559.73 0.0 143179.7695
2573.87 2573.87 0.0 142915.0156
2588.01 2588.01 0.0 142650.6562
2602.15 2602.15 0.0 142386.6797
2616.3 2616.3 0.0 142122.9492
2630.44 2630.44 0.0 141859.8086
2644.58 2644.58 0.0 141597.1250
2658.72 2658.72 0.0 141334.8945
2672.86 2672.86 0.0 141073.1406
2687.01 2687.01 0.0 140811.7148
2701.15 2701.15 0.0 140550.9727
2715.29 2715.29 0.0 140290.7969
2729.43 2729.43 0.0 140031.1875
2743.57 2743.57 0.0 139772.1562
2757.72 2757.72 0.0 139513.5820
2771.86 2771.86 0.0 139255.8125
2786.0 2786.0 0.0 138998.7305
2800.14 2800.14 0.0 138742.3633
2814.28 2814.28 0.0 138486.7266
2828.43 2828.43 0.0 138231.6484
2842.57 2842.57 0.0 137977.5781
2856.71 2856.71 0.0 137724.3125
2870.85 2870.85 0.0 137471.8789
2885.0 2885.0 0.0 137220.1719
2899.14 2899.14 0.0 136969.5625
2913.28 2913.28 0.0 136719.8906
2927.42 2927.42 0.0 136471.1836
2941.56 2941.56 0.0 136223.5039
2955.71 2955.71 0.0 135976.6758
2969.85 2969.85 0.0 135731.0898
2983.99 2983.99 0.0 135486.5977
2998.13 2998.13 0.0 135243.2500
3012.27 3012.27 0.0 135001.0273
3026.42 3026.42 0.0 134759.8359
3040.56 3040.56 0.0 134520.0391
3054.7 3054.7 0.0 134281.4531
3068.84 3068.84 0.0 134044.1465
3082.99 3082.99 0.0 133807.9590
3097.13 3097.13 0.0 133573.2812
3111.27 3111.27 0.0 133339.9297
3125.41 3125.41 0.0 133107.9434
3139.55 3139.55 0.0 132877.3438
3153.7 3153.7 0.0 132648.0078
3167.84 3167.84 0.0 132420.2598
3181.98 3181.98 0.0 132193.9609
3196.12 3196.12 0.0 131969.1406
3210.26 3210.26 0.0 131745.7988
3224.41 3224.41 0.0 131523.8242
3238.55 3238.55 0.0 131303.5156
3252.69 3252.69 0.0 131084.7500
3266.83 3266.83 0.0 130867.5430
3280.98 3280.98 0.0 130651.7656
3295.12 3295.12 0.0 130437.7070
3309.26 3309.26 0.0 130225.2500
3323.4 3323.4 0.0 130014.3965
3337.54 3337.54 0.0 129805.1426
3351.69 3351.69 0.0 129597.3906
3365.83 3365.83 0.0 129391.4062
3379.97 3379.97 0.0 129187.0469
3394.11 3394.11 0.0 128984.3398
3408.25 3408.25 0.0 128783.2812
3422.4 3422.4 0.0 128583.7383
3436.54 3436.54 0.0 128385.9844
3450.68 3450.68 0.0 128189.8965
3464.82 3464.82 0.0 127995.4629
3478.97 3478.97 0.0 127802.5703
3493.11 3493.11 0.0 127611.4668
3507.25 3507.25 0.0 127422.0176
3521.39 3521.39 0.0 127234.2422
3535.53 3535.53 0.0 127048.1250
3549.68 3549.68 0.0 126863.5098
3563.82 3563.82 0.0 126680.7168
3577.96 3577.96 0.0 126499.5449
3592.1 3592.1 0.0 126320.0137
3606.24 3606.24 0.0 126142.1230
3620.39 3620.39 0.0 125965.7617
3634.53 3634.53 0.0 125791.1348
3648.67 3648.67 0.0 125618.1270
3662.81 3662.81 0.0 125446.7305
3676.96 3676.96 0.0 125276.8281
3691.1 3691.1 0.0 125108.6406
3705.24 3705.24 0.0 124942.0449
3719.38 3719.38 0.0 124777.0195
3733.52 3733.52 0.0 124613.5742
3747.67 3747.67 0.0 124451.5586
3761.81 3761.81 0.0 124291.2227
3775.95 3775.95 0.0 124132.4199
3790.09 3790.09 0.0 123975.1582
3804.23 3804.23 0.0 123819.3965
3818.38 3818.38 0.0 123665.0527
3832.52 3832.52 0.0 123512.3047
3846.66 3846.66 0.0 123361.0430
3860.8 3860.8 0.0 123211.2617
3874.95 3874.95 0.0 123062.8340
3889.09 3889.09 0.0 122915.9570
3903.23 3903.23 0.0 122770.5215
3917.37 3917.37 0.0 122626.5176
3931.51 3931.51 0.0 122483.9180
3945.66 3945.66 0.0 122342.6348
3959.8 3959.8 0.0 122202.8242
3973.94 3973.94 0.0 122064.3965
3988.08 3988.08 0.0 121927.3262
4002.22 4002.22 0.0 121791.6289
4016.37 4016.37 0.0 121657.1504
4030.51 4030.51 0.0 121524.0996
4044.65 4044.65 0.0 121392.3672
4058.79 4058.79 0.0 121261.9395
4072.94 4072.94 0.0 121132.7031
4087.08 4087.08 0.0 121004.8398
4101.22 4101.22 0.0 120878.2363
4115.36 4115.36 0.0 120752.8770
4129.5 4129.5 0.0 120628.7559
4143.65 4143.65 0.0 120505.7832
4157.79 4157.79 0.0 120384.1055
4171.93 4171.93 0.0 120263.6250
4186.07 4186.07 0.0 120144.3340
4200.21 4200.21 0.0 120026.2207
4214.36 4214.36 0.0 119909.1797
4228.5 4228.5 0.0 119793.3828
4242.64 4242.64 0.0 119678.7148
4256.78 4256.78 0.0 119565.1777
4270.92 4270.92 0.0 119452.7617
4285.07 4285.07 0.0 119341.3750
4299.21 4299.21 0.0 119231.1484
4313.35 4313.35 0.0 119121.9941
4327.49 4327.49 0.0 119013.9180
4341.64 4341.64 0.0 118906.8242
4355.78 4355.78 0.0 118800.8516
4369.92 4369.92 0.0 118695.9062
4384.06 4384.06 0.0 118591.9863
4398.2 4398.2 0.0 118489.0801
4412.35 4412.35 0.0 118387.1055
4426.49 4426.49 0.0 118286.1797
4440.63 4440.63 0.0 118186.2441
4454.77 4454.77 0.0 118087.2676
4468.91 4468.91 0.0 117989.2402
4483.06 4483.06 0.0 117892.1152
4497.2 4497.2 0.0 117795.9805
4511.34 4511.34 0.0 117700.7666
4525.48 4525.48 0.0 117606.4727
4539.63 4539.63 0.0 117513.0195
4553.77 4553.77 0.0 117420.5205
4567.91 4567.91 0.0 117328.9238
4582.05 4582.05 0.0 117238.1807
4596.19 4596.19 0.0 117148.3174
4610.34 4610.34 0.0 117059.2402
4624.48 4624.48 0.0 116971.0742
4638.62 4638.62 0.0 116883.7373
4652.76 4652.76 0.0 116797.2344
4666.9 4666.9 0.0 116711.5527
4681.05 4681.05 0.0 116626.6162
4695.19 4695.19 0.0 116542.5332
4709.33 4709.33 0.0 116459.2529
4723.47 4723.47 0.0 116376.7393
4737.62 4737.62 0.0 116294.9473
4751.76 4751.76 0.0 116213.9785
4765.9 4765.9 0.0 116133.7656
4780.04 4780.04 0.0 116054.2959
4794.18 4794.18 0.0 115975.5693
4808.33 4808.33 0.0 115897.5205
4822.47 4822.47 0.0 115820.2363
4836.61 4836.61 0.0 115743.6719
4850.75 4850.75 0.0 115667.8154
4864.89 4864.89 0.0 115592.6523
4879.04 4879.04 0.0 115518.1357
4893.18 4893.18 0.0 115444.3525
4907.32 4907.32 0.0 115371.2305
4921.46 4921.46 0.0 115298.7871
4935.61 4935.61 0.0 115226.9404
4949.75 4949.75 0.0 115155.8135
4963.89 4963.89 0.0 115085.3223
4978.03 4978.03 0.0 115015.4727
4992.17 4992.17 0.0 114946.2451
5006.32 5006.32 0.0 114877.6045
5020.46 5020.46 0.0 114809.6260
5034.6 5034.6 0.0 114742.2471
5048.74 5048.74 0.0 114675.4805
5062.88 5062.88 0.0 114609.3018
5077.03 5077.03 0.0 114543.6748
5091.17 5091.17 0.0 114478.6689
5105.31 5105.31 0.0 114414.2402
5119.45 5119.45 0.0 114350.3906
5133.6 5133.6 0.0 114287.0488
5147.74 5147.74 0.0 114224.3115
5161.88 5161.88 0.0 114162.1309
5176.02 5176.02 0.0 114100.4834
5190.16 5190.16 0.0 114039.3848
5204.31 5204.31 0.0 113978.7734
5218.45 5218.45 0.0 113918.7363
5232.59 5232.59 0.0 113859.2129
5246.73 5246.73 0.0 113800.2188
5260.87 5260.87 0.0 113741.7227
5275.02 5275.02 0.0 113683.6924
5289.16 5289.16 0.0 113626.2012
5303.3 5303.3 0.0 113569.2129
5317.44 5317.44 0.0 113512.7061
5331.59 5331.59 0.0 113456.6436
5345.73 5345.73 0.0 113401.0938
5359.87 5359.87 0.0 113346.0205
5374.01 5374.01 0.0 113291.4170
5388.15 5388.15 0.0 113237.2744
5402.3 5402.3 0.0 113183.5439
5416.44 5416.44 0.0 113130.3291
5430.58 5430.58 0.0 113077.5410
5444.72 5444.72 0.0 113025.1992
5458.86 5458.86 0.0 112973.3086
5473.01 5473.01 0.0 112921.8018
5487.15 5487.15 0.0 112870.7617
5501.29 5501.29 0.0 112820.1465
5515.43 5515.43 0.0 112769.9648
5529.58 5529.58 0.0 112720.1562
5543.72 5543.72 0.0 112670.7939
5557.86 5557.86 0.0 112621.8447
5572.0 5572.0 0.0 112573.2910
5586.14 5586.14 0.0 112525.1406
5600.29 5600.29 0.0 112477.3496
5614.43 5614.43 0.0 112429.9873
5628.57 5628.57 0.0 112383.0078
5642.71 5642.71 0.0 112336.4141
5656.85 5656.85 0.0 112290.2090
5671.0 5671.0 0.0 112244.3359
5685.14 5685.14 0.0 112198.8760
5699.28 5699.28 0.0 112153.7783
5713.42 5713.42 0.0 112109.0459
5727.56 5727.56 0.0 112064.6816
5741.71 5741.71 0.0 112020.6348
5755.85 5755.85 0.0 111976.9795
5769.99 5769.99 0.0 111933.6729
5784.13 5784.13 0.0 111890.7227
5798.28 5798.28 0.0 111848.0693
5812.42 5812.42 0.0 111805.8018
5826.56 5826.56 0.0 111763.8604
5840.7 5840.7 0.0 111722.2598
5854.84 5854.84 0.0 111680.9854
5868.99 5868.99 0.0 111640.0215
5883.13 5883.13 0.0 111599.3994
5897.27 5897.27 0.0 111559.1006
5911.41 5911.41 0.0 111519.1230
5925.55 5925.55 0.0 111479.4658
5939.7 5939.7 0.0 111440.0859
5953.84 5953.84 0.0 111401.0557
5967.98 5967.98 0.0 111362.3203
5982.12 5982.12 0.0 111323.8916
5996.27 5996.27 0.0 111285.7412
6010.41 6010.41 0.0 111247.9141
6024.55 6024.55 0.0 111210.3848
6038.69 6038.69 0.0 111173.1523
6052.83 6052.83 0.0 111136.2070
6066.98 6066.98 0.0 111099.5205
6081.12 6081.12 0.0 111063.1455
6095.26 6095.26 0.0 111027.0664
6109.4 6109.4 0.0 110991.2549
6123.54 6123.54 0.0 110955.7246
6137.69 6137.69 0.0 110920.4463
6151.83 6151.83 0.0 110885.4756
6165.97 6165.97 0.0 110850.7656
6180.11 6180.11 0.0 110816.3262
6194.26 6194.26 0.0 110782.1318
6208.4 6208.4 0.0 110748.2207
6222.54 6222.54 0.0 110714.5732
6236.68 6236.68 0.0 110681.1875
6250.82 6250.82 0.0 110648.0576
6264.97 6264.97 0.0 110615.1621
6279.11 6279.11 0.0 110582.5479
6293.25 6293.25 0.0 110550.1709
6307.39 6307.39 0.0 110518.0527
6321.53 6321.53 0.0 110486.1846
6335.68 6335.68 0.0 110454.5303
6349.82 6349.82 0.0 110423.1484
6363.96 6363.96 0.0 110392.0049
6378.1 6378.1 0.0 110361.1035
6392.25 6392.25 0.0 110330.4170
6406.39 6406.39 0.0 110299.9844
6420.53 6420.53 0.0 110269.7861
6434.67 6434.67 0.0 110239.8203
6448.81 6448.81 0.0 110210.0850
6462.96 6462.96 0.0 110180.5615
6477.1 6477.1 0.0 110151.2695
6491.24 6491.24 0.0 110122.2129
6505.38 6505.38 0.0 110093.3750
6519.52 6519.52 0.0 110064.7646
6533.67 6533.67 0.0 110036.3516
6547.81 6547.81 0.0 110008.1689
6561.95 6561.95 0.0 109980.2139
6576.09 6576.09 0.0 109952.4668
6590.24 6590.24 0.0 109924.9111
6604.38 6604.38 0.0 109897.5850
6618.52 6618.52 0.0 109870.4707
6632.66 6632.66 0.0 109843.5723
6646.8 6646.8 0.0 109816.8613
6660.95 6660.95 0.0 109790.3477
6675.09 6675.09 0.0 109764.0566
6689.23 6689.23 0.0 109737.9619
6703.37 6703.37 0.0 109712.0713
6717.51 6717.51 0.0 109686.3760
6731.66 6731.66 0.0 109660.8652
6745.8 6745.8 0.0 109635.5664
6759.94 6759.94 0.0 109610.4570
6774.08 6774.08 0.0 109585.5430
6788.23 6788.23 0.0 109560.8037
6802.37 6802.37 0.0 109536.2705
6816.51 6816.51 0.0 109511.9316
6830.65 6830.65 0.0 109487.7734
6844.79 6844.79 0.0 109463.8057
6858.94 6858.94 0.0 109439.9990
6873.08 6873.08 0.0 109416.4023
6887.22 6887.22 0.0 109392.9766
6901.36 6901.36 0.0 109369.7402
6915.5 6915.5 0.0 109346.6768
6929.65 6929.65 0.0 109323.7793
6943.79 6943.79 0.0 109301.0708
6957.93 6957.93 0.0 109278.5366
6972.07 6972.07 0.0 109256.1860
6986.21 6986.21 0.0 109234.0000
7000.36 7000.36 0.0 109211.9722
7014.5 7014.5 0.0 109190.1338
7028.64 7028.64 0.0 109168.4590
7042.78 7042.78 0.0 109146.9556
7056.93 7056.93 0.0 109125.6074
7071.07 7071.07 0.0 109104.4351
7085.21 7085.21 0.0 109083.4268
7099.35 7099.35 0.0 109062.5859
7113.49 7113.49 0.0 109041.8989
7127.64 7127.64 0.0 109021.3696
7141.78 7141.78 0.0 109001.0088
7155.92 7155.92 0.0 108980.8096
7170.06 7170.06 0.0 108960.7686
7184.2 7184.2 0.0 108940.8813
7198.35 7198.35 0.0 108921.1362
7212.49 7212.49 0.0 108901.5640
7226.63 7226.63 0.0 108882.1387
7240.77 7240.77 0.0 108862.8711
7254.92 7254.92 0.0 108843.7412
7269.06 7269.06 0.0 108824.7739
7283.2 7283.2 0.0 108805.9575
7297.34 7297.34 0.0 108787.2803
7311.48 7311.48 0.0 108768.7622
7325.63 7325.63 0.0 108750.3760
7339.77 7339.77 0.0 108732.1426
7353.91 7353.91 0.0 108714.0562
7368.05 7368.05 0.0 108696.1084
7382.19 7382.19 0.0 108678.3086
7396.34 7396.34 0.0 108660.6353
7410.48 7410.48 0.0 108643.1152
7424.62 7424.62 0.0 108625.7383
7438.76 7438.76 0.0 108608.4883
7452.91 7452.91 0.0 108591.3799
7467.05 7467.05 0.0 108574.4072
7481.19 7481.19 0.0 108557.5771
7495.33 7495.33 0.0 108540.8750
7509.47 7509.47 0.0 108524.3145
7523.62 7523.62 0.0 108507.8701
7537.76 7537.76 0.0 108491.5684
7551.9 7551.9 0.0 108475.4023
7566.04 7566.04 0.0 108459.3569
7580.18 7580.18 0.0 108443.4497
7594.33 7594.33 0.0 108427.6587
7608.47 7608.47 0.0 108412.0029
7622.61 7622.61 0.0 108396.4761
7636.75 7636.75 0.0 108381.0732
7650.9 7650.9 0.0 108365.7847
7665.04 7665.04 0.0 108350.6289
7679.18 7679.18 0.0 108335.5991
7693.32 7693.32 0.0 108320.6904
7707.46 7707.46 0.0 108305.9009
7721.61 7721.61 0.0 108291.2246
7735.75 7735.75 0.0 108276.6782
7749.89 7749.89 0.0 108262.2510
7764.03 7764.03 0.0 108247.9419
7778.17 7778.17 0.0 108233.7451
