0.0 0.0 0.0 527699.3438
14.1421 14.1421 0.0 1377967.3750
28.2843 28.2843 0.0 1389963.5000
42.4264 42.4264 0.0 1392226.8750
56.5685 56.5685 0.0 1389541.2500
70.7107 70.7107 0.0 1383657.0000
84.8528 84.8528 0.0 1375443.1250
98.9949 98.9949 0.0 1365410.5000
113.137 113.137 0.0 1353899.0000
127.279 127.279 0.0 1341149.8750
141.421 141.421 0.0 1327346.6250
155.563 155.563 0.0 1312636.5000
169.706 169.706 0.0 1297137.7500
183.848 183.848 0.0 1280958.0000
197.99 197.99 0.0 1264183.7500
212.132 212.132 0.0 1246893.5000
226.274 226.274 0.0 1229157.5000
240.416 240.416 0.0 1211038.5000
254.558 254.558 0.0 1192594.2500
268.701 268.701 0.0 1173875.6250
282.843 282.843 0.0 1154933.5000
296.985 296.985 0.0 1135811.4375
311.127 311.127 0.0 1116550.5000
325.269 325.269 0.0 1097189.0625
339.411 339.411 0.0 1077763.0000
353.553 353.553 0.0 1058306.3125
367.696 367.696 0.0 1038847.8125
381.838 381.838 0.0 1019420.0625
395.98 395.98 0.0 1000048.4375
410.122 410.122 0.0 980759.7500
424.264 424.264 0.0 961576.4375
438.406 438.406 0.0 942521.9375
452.548 452.548 0.0 923616.4375
466.69 466.69 0.0 904879.3750
480.833 480.833 0.0 886327.8750
494.975 494.975 0.0 867980.7500
509.117 509.117 0.0 849851.9375
523.259 523.259 0.0 831956.7500
537.401 537.401 0.0 814307.7500
551.543 551.543 0.0 796916.3750
565.685 565.685 0.0 779794.6875
579.828 579.828 0.0 762949.9375
593.97 593.97 0.0 746394.0625
608.112 608.112 0.0 730133.6875
622.254 622.254 0.0 714174.8750
636.396 636.396 0.0 698524.8750
650.538 650.538 0.0 683187.6875
664.68 664.68 0.0 668167.7500
678.823 678.823 0.0 653467.5625
692.965 692.965 0.0 639091.5625
707.107 707.107 0.0 625041.0938
721.249 721.249 0.0 611316.8125
735.391 735.391 0.0 597919.0625
749.533 749.533 0.0 584848.0625
763.675 763.675 0.0 572103.0000
777.817 777.817 0.0 559682.1250
791.96 791.96 0.0 547583.0625
806.102 806.102 0.0 535804.9062
820.244 820.244 0.0 524344.1562
834.386 834.386 0.0 513197.2812
848.528 848.528 0.0 502360.8125
862.67 862.67 0.0 491830.5000
876.812 876.812 0.0 481602.3438
890.955 890.955 0.0 471670.5000
905.097 905.097 0.0 462031.7500
919.239 919.239 0.0 452679.9375
933.381 933.381 0.0 443609.8750
947.523 947.523 0.0 434815.9688
961.665 961.665 0.0 426292.2188
975.807 975.807 0.0 418033.0312
989.949 989.949 0.0 410032.3438
1004.09 1004.09 0.0 402284.5000
1018.23 1018.23 0.0 394783.4375
1032.38 1032.38 0.0 387517.1875
1046.52 1046.52 0.0 380489.9062
1060.66 1060.66 0.0 373690.1562
1074.8 1074.8 0.0 367111.6562
1088.94 1088.94 0.0 360748.1719
1103.09 1103.09 0.0 354589.2500
1117.23 1117.23 0.0 348637.4844
1131.37 1131.37 0.0 342882.3438
1145.51 1145.51 0.0 337317.7812
1159.66 1159.66 0.0 331934.1406
1173.8 1173.8 0.0 326733.1094
1187.94 1187.94 0.0 321705.1562
1202.08 1202.08 0.0 316844.4844
1216.22 1216.22 0.0 312145.5781
1230.37 1230.37 0.0 307599.9219
1244.51 1244.51 0.0 303208.4375
1258.65 1258.65 0.0 298962.6562
1272.79 1272.79 0.0 294857.4375
1286.93 1286.93 0.0 290887.7969
1301.08 1301.08 0.0 287046.3125
1315.22 1315.22 0.0 283333.5000
1329.36 1329.36 0.0 279742.0781
1343.5 1343.5 0.0 276267.5156
1357.65 1357.65 0.0 272903.1562
1371.79 1371.79 0.0 269649.4688
1385.93 1385.93 0.0 266499.9688
1400.07 1400.07 0.0 263450.6250
1414.21 1414.21 0.0 260497.5938
1428.36 1428.36 0.0 257635.1875
1442.5 1442.5 0.0 254863.8281
1456.64 1456.64 0.0 252177.8906
1470.78 1470.78 0.0 249574.1562
1484.92 1484.92 0.0 247049.2500
1499.07 1499.07 0.0 244598.4219
1513.21 1513.21 0.0 242222.0469
1527.35 1527.35 0.0 239915.5000
1541.49 1541.49 0.0 237675.9844
1555.63 1555.63 0.0 235500.7812
1569.78 1569.78 0.0 233385.8906
1583.92 1583.92 0.0 231331.7422
1598.06 1598.06 0.0 229334.5547
1612.2 1612.2 0.0 227391.9062
1626.35 1626.35 0.0 225500.3828
1640.49 1640.49 0.0 223660.5938
1654.63 1654.63 0.0 221869.1016
1668.77 1668.77 0.0 220124.0469
1682.91 1682.91 0.0 218423.5312
1697.06 1697.06 0.0 216764.6797
1711.2 1711.2 0.0 215148.1953
1725.34 1725.34 0.0 213571.2500
1739.48 1739.48 0.0 212032.3125
1753.62 1753.62 0.0 210529.9453
1767.77 1767.77 0.0 209061.7812
1781.91 1781.91 0.0 207628.4766
1796.05 1796.05 0.0 206227.8359
1810.19 1810.19 0.0 204858.5469
1824.34 1824.34 0.0 203518.5938
1838.48 1838.48 0.0 202208.7812
1852.62 1852.62 0.0 200927.1016
1866.76 1866.76 0.0 199672.5859
1880.9 1880.9 0.0 198444.2656
1895.05 1895.05 0.0 197240.4375
1909.19 1909.19 0.0 196061.8906
1923.33 1923.33 0.0 194907.0625
1937.47 1937.47 0.0 193775.0781
1951.61 1951.61 0.0 192665.2500
1965.76 1965.76 0.0 191576.0625
1979.9 1979.9 0.0 190508.5000
1994.04 1994.04 0.0 189461.0156
2008.18 2008.18 0.0 188433.0859
2022.33 2022.33 0.0 187423.3984
2036.47 2036.47 0.0 186432.8203
2050.61 2050.61 0.0 185460.0938
2064.75 2064.75 0.0 184504.7266
2078.89 2078.89 0.0 183566.1953
2093.04 2093.04 0.0 182643.4844
2107.18 2107.18 0.0 181737.2969
2121.32 2121.32 0.0 180846.6953
2135.46 2135.46 0.0 179971.2188
2149.6 2149.6 0.0 179110.4141
2163.75 2163.75 0.0 178263.3984
2177.89 2177.89 0.0 177430.9531
2192.03 2192.03 0.0 176612.1484
2206.17 2206.17 0.0 175806.6484
2220.32 2220.32 0.0 175013.5234
2234.46 2234.46 0.0 174233.6328
2248.6 2248.6 0.0 173466.0625
2262.74 2262.74 0.0 172710.6328
2276.88 2276.88 0.0 171966.9297
2291.03 2291.03 0.0 171234.2188
2305.17 2305.17 0.0 170513.2734
2319.31 2319.31 0.0 169803.3125
2333.45 2333.45 0.0 169104.1328
2347.59 2347.59 0.0 168415.4375
2361.74 2361.74 0.0 167736.5312
2375.88 2375.88 0.0 167068.1953
2390.02 2390.02 0.0 166409.6953
2404.16 2404.16 0.0 165760.8242
2418.31 2418.31 0.0 165120.9375
2432.45 2432.45 0.0 164490.7383
2446.59 2446.59 0.0 163869.5859
2460.73 2460.73 0.0 163257.3008
2474.87 2474.87 0.0 162653.6914
2489.02 2489.02 0.0 162058.1797
2503.16 2503.16 0.0 161471.4531
2517.3 2517.3 0.0 160892.8867
2531.44 2531.44 0.0 160322.3711
2545.58 2545.58 0.0 159759.7227
2559.73 2559.73 0.0 159204.4141
2573.87 2573.87 0.0 158657.1055
2588.01 2588.01 0.0 158117.2070
2602.15 2602.15 0.0 157584.6406
2616.3 2616.3 0.0 157058.8945
2630.44 2630.44 0.0 156540.5742
2644.58 2644.58 0.0 156029.2070
2658.72 2658.72 0.0 155524.6367
2672.86 2672.86 0.0 155026.7773
2687.01 2687.01 0.0 154535.1484
2701.15 2701.15 0.0 154050.3633
2715.29 2715.29 0.0 153571.9219
2729.43 2729.43 0.0 153099.7930
2743.57 2743.57 0.0 152633.8203
2757.72 2757.72 0.0 152173.5820
2771.86 2771.86 0.0 151719.6875
2786.0 2786.0 0.0 151271.6680
2800.14 2800.14 0.0 150829.4531
2814.28 2814.28 0.0 150392.9375
2828.43 2828.43 0.0 149961.7852
2842.57 2842.57 0.0 149536.4648
2856.71 2856.71 0.0 149116.6016
2870.85 2870.85 0.0 148702.1523
2885.0 2885.0 0.0 148292.7422
2899.14 2899.14 0.0 147888.8281
2913.28 2913.28 0.0 147490.0898
2927.42 2927.42 0.0 147096.4727
2941.56 2941.56 0.0 146707.8945
2955.71 2955.71 0.0 146323.9766
2969.85 2969.85 0.0 145945.2305
2983.99 2983.99 0.0 145571.3242
2998.13 2998.13 0.0 145202.1836
3012.27 3012.27 0.0 144837.7422
3026.42 3026.42 0.0 144477.6992
3040.56 3040.56 0.0 144122.4922
3054.7 3054.7 0.0 143771.7930
3068.84 3068.84 0.0 143425.5742
3082.99 3082.99 0.0 143083.5117
3097.13 3097.13 0.0 142746.0742
3111.27 3111.27 0.0 142412.9023
3125.41 3125.41 0.0 142084.0039
3139.55 3139.55 0.0 141759.2695
3153.7 3153.7 0.0 141438.4805
3167.84 3167.84 0.0 141121.9648
3181.98 3181.98 0.0 140809.5078
3196.12 3196.12 0.0 140501.0391
3210.26 3210.26 0.0 140196.4844
3224.41 3224.41 0.0 139895.6133
3238.55 3238.55 0.0 139598.8086
3252.69 3252.69 0.0 139305.7773
3266.83 3266.83 0.0 139016.4844
3280.98 3280.98 0.0 138730.6875
3295.12 3295.12 0.0 138448.7344
3309.26 3309.26 0.0 138170.3984
3323.4 3323.4 0.0 137895.6172
3337.54 3337.54 0.0 137624.3477
3351.69 3351.69 0.0 137356.3477
3365.83 3365.83 0.0 137091.9727
3379.97 3379.97 0.0 136830.9844
3394.11 3394.11 0.0 136573.3164
3408.25 3408.25 0.0 136318.9609
3422.4 3422.4 0.0 136067.6758
3436.54 3436.54 0.0 135819.7773
3450.68 3450.68 0.0 135575.0430
3464.82 3464.82 0.0 135333.4492
3478.97 3478.97 0.0 135094.7852
3493.11 3493.11 0.0 134859.3242
3507.25 3507.25 0.0 134626.8672
3521.39 3521.39 0.0 134397.4102
3535.53 3535.53 0.0 134170.8438
3549.68 3549.68 0.0 133947.0430
3563.82 3563.82 0.0 133726.2480
3577.96 3577.96 0.0 133508.2812
3592.1 3592.1 0.0 133293.0898
3606.24 3606.24 0.0 133080.6445
3620.39 3620.39 0.0 132870.7480
3634.53 3634.53 0.0 132663.6836
3648.67 3648.67 0.0 132459.2422
3662.81 3662.81 0.0 132257.4121
3676.96 3676.96 0.0 132058.0020
3691.1 3691.1 0.0 131861.2695
3705.24 3705.24 0.0 131667.0234
3719.38 3719.38 0.0 131475.2441
3733.52 3733.52 0.0 131285.9043
3747.67 3747.67 0.0 131098.8184
3761.81 3761.81 0.0 130914.2324
3775.95 3775.95 0.0 130731.9766
3790.09 3790.09 0.0 130552.0352
3804.23 3804.23 0.0 130374.3379
3818.38 3818.38 0.0 130198.7656
3832.52 3832.52 0.0 130025.5156
3846.66 3846.66 0.0 129854.4551
3860.8 3860.8 0.0 129685.5059
3874.95 3874.95 0.0 129518.5801
3889.09 3889.09 0.0 129353.8672
3903.23 3903.23 0.0 129191.1895
3917.37 3917.37 0.0 129030.5312
3931.51 3931.51 0.0 128871.8887
3945.66 3945.66 0.0 128715.0957
3959.8 3959.8 0.0 128560.3672
3973.94 3973.94 0.0 128407.5332
3988.08 3988.08 0.0 128256.6016
4002.22 4002.22 0.0 128107.5117
4016.37 4016.37 0.0 127960.1738
4030.51 4030.51 0.0 127814.7324
4044.65 4044.65 0.0 127671.0820
4058.79 4058.79 0.0 127529.1836
4072.94 4072.94 0.0 127388.9062
4087.08 4087.08 0.0 127250.4434
4101.22 4101.22 0.0 127113.6523
4115.36 4115.36 0.0 126978.5176
4129.5 4129.5 0.0 126845.0117
4143.65 4143.65 0.0 126713.0312
4157.79 4157.79 0.0 126582.7207
4171.93 4171.93 0.0 126453.9727
4186.07 4186.07 0.0 126326.7578
4200.21 4200.21 0.0 126201.0605
4214.36 4214.36 0.0 126076.7637
4228.5 4228.5 0.0 125954.0410
4242.64 4242.64 0.0 125832.7500
4256.78 4256.78 0.0 125712.8906
4270.92 4270.92 0.0 125594.4297
4285.07 4285.07 0.0 125477.2852
4299.21 4299.21 0.0 125361.5703
4313.35 4313.35 0.0 125247.2129
4327.49 4327.49 0.0 125134.1660
4341.64 4341.64 0.0 125022.3535
4355.78 4355.78 0.0 124911.9004
4369.92 4369.92 0.0 124802.7090
4384.06 4384.06 0.0 124694.7637
4398.2 4398.2 0.0 124588.0410
4412.35 4412.35 0.0 124482.4570
4426.49 4426.49 0.0 124378.1348
4440.63 4440.63 0.0 124274.9785
4454.77 4454.77 0.0 124172.9746
4468.91 4468.91 0.0 124072.1094
4483.06 4483.06 0.0 123972.2949
4497.2 4497.2 0.0 123873.6504
4511.34 4511.34 0.0 123776.0781
4525.48 4525.48 0.0 123679.5781
4539.63 4539.63 0.0 123584.0625
4553.77 4553.77 0.0 123489.6504
4567.91 4567.91 0.0 123396.2520
4582.05 4582.05 0.0 123303.8555
4596.19 4596.19 0.0 123212.4473
4610.34 4610.34 0.0 123121.9492
4624.48 4624.48 0.0 123032.4629
4638.62 4638.62 0.0 122943.9180
4652.76 4652.76 0.0 122856.3047
4666.9 4666.9 0.0 122769.6074
4681.05 4681.05 0.0 122683.7363
4695.19 4695.19 0.0 122598.8164
4709.33 4709.33 0.0 122514.7656
4723.47 4723.47 0.0 122431.5703
4737.62 4737.62 0.0 122349.1562
4751.76 4751.76 0.0 122267.6250
4765.9 4765.9 0.0 122186.9297
4780.04 4780.04 0.0 122107.0234
4794.18 4794.18 0.0 122027.9062
4808.33 4808.33 0.0 121949.5176
4822.47 4822.47 0.0 121871.9453
4836.61 4836.61 0.0 121795.1348
4850.75 4850.75 0.0 121719.0586
4864.89 4864.89 0.0 121643.7188
4879.04 4879.04 0.0 121569.0449
4893.18 4893.18 0.0 121495.1250
4907.32 4907.32 0.0 121421.9180
4921.46 4921.46 0.0 121349.3789
4935.61 4935.61 0.0 121277.4727
4949.75 4949.75 0.0 121206.2891
4963.89 4963.89 0.0 121135.7539
4978.03 4978.03 0.0 121065.8555
4992.17 4992.17 0.0 120996.6035
5006.32 5006.32 0.0 120927.9199
5020.46 5020.46 0.0 120859.9023
5034.6 5034.6 0.0 120792.4863
5048.74 5048.74 0.0 120725.6719
5062.88 5062.88 0.0 120659.4414
5077.03 5077.03 0.0 120593.7422
5091.17 5091.17 0.0 120528.6562
5105.31 5105.31 0.0 120464.1309
5119.45 5119.45 0.0 120400.1562
5133.6 5133.6 0.0 120336.6816
5147.74 5147.74 0.0 120273.7910
5161.88 5161.88 0.0 120211.4180
5176.02 5176.02 0.0 120149.5742
5190.16 5190.16 0.0 120088.2324
5204.31 5204.31 0.0 120027.3574
5218.45 5218.45 0.0 119967.0234
5232.59 5232.59 0.0 119907.1699
5246.73 5246.73 0.0 119847.8047
5260.87 5260.87 0.0 119788.9102
5275.02 5275.02 0.0 119730.4414
5289.16 5289.16 0.0 119672.4785
5303.3 5303.3 0.0 119614.9648
5317.44 5317.44 0.0 119557.9043
5331.59 5331.59 0.0 119501.2422
5345.73 5345.73 0.0 119445.0547
5359.87 5359.87 0.0 119389.2949
5374.01 5374.01 0.0 119333.9609
5388.15 5388.15 0.0 119279.0410
5402.3 5402.3 0.0 119224.4883
5416.44 5416.44 0.0 119170.3906
5430.58 5430.58 0.0 119116.6797
5444.72 5444.72 0.0 119063.3711
5458.86 5458.86 0.0 119010.4492
5473.01 5473.01 0.0 118957.8711
5487.15 5487.15 0.0 118905.7246
5501.29 5501.29 0.0 118853.9316
5515.43 5515.43 0.0 118802.5195
5529.58 5529.58 0.0 118751.4316
5543.72 5543.72 0.0 118700.7422
5557.86 5557.86 0.0 118650.4004
5572.0 5572.0 0.0 118600.4141
5586.14 5586.14 0.0 118550.7656
5600.29 5600.29 0.0 118501.4277
5614.43 5614.43 0.0 118452.4648
5628.57 5628.57 0.0 118403.8262
5642.71 5642.71 0.0 118355.5273
5656.85 5656.85 0.0 118307.5566
5671.0 5671.0 0.0 118259.8633
5685.14 5685.14 0.0 118212.5273
5699.28 5699.28 0.0 118165.5039
5713.42 5713.42 0.0 118118.7852
5727.56 5727.56 0.0 118072.3867
5741.71 5741.71 0.0 118026.2500
5755.85 5755.85 0.0 117980.4512
5769.99 5769.99 0.0 117934.9414
5784.13 5784.13 0.0 117889.7266
5798.28 5798.28 0.0 117844.7656
5812.42 5812.42 0.0 117800.1387
5826.56 5826.56 0.0 117755.7793
5840.7 5840.7 0.0 117711.7129
5854.84 5854.84 0.0 117667.9229
5868.99 5868.99 0.0 117624.3857
5883.13 5883.13 0.0 117581.1406
5897.27 5897.27 0.0 117538.1689
5911.41 5911.41 0.0 117495.4717
5925.55 5925.55 0.0 117453.0264
5939.7 5939.7 0.0 117410.8223
5953.84 5953.84 0.0 117368.9072
5967.98 5967.98 0.0 117327.2490
5982.12 5982.12 0.0 117285.8428
5996.27 5996.27 0.0 117244.6777
6010.41 6010.41 0.0 117203.7852
6024.55 6024.55 0.0 117163.1309
6038.69 6038.69 0.0 117122.7285
6052.83 6052.83 0.0 117082.5869
6066.98 6066.98 0.0 117042.6406
6081.12 6081.12 0.0 117002.9736
6095.26 6095.26 0.0 116963.5469
6109.4 6109.4 0.0 116924.3516
6123.54 6123.54 0.0 116885.3936
6137.69 6137.69 0.0 116846.6406
6151.83 6151.83 0.0 116808.1465
6165.97 6165.97 0.0 116769.8857
6180.11 6180.11 0.0 116731.8564
6194.26 6194.26 0.0 116694.0225
6208.4 6208.4 0.0 116656.4473
6222.54 6222.54 0.0 116619.0938
6236.68 6236.68 0.0 116581.9609
6250.82 6250.82 0.0 116545.0469
6264.97 6264.97 0.0 116508.3291
6279.11 6279.11 0.0 116471.8574
6293.25 6293.25 0.0 116435.5996
6307.39 6307.39 0.0 116399.5586
6321.53 6321.53 0.0 116363.7295
6335.68 6335.68 0.0 116328.0986
6349.82 6349.82 0.0 116292.6953
6363.96 6363.96 0.0 116257.5000
6378.1 6378.1 0.0 116222.5137
6392.25 6392.25 0.0 116187.7363
6406.39 6406.39 0.0 116153.1523
6420.53 6420.53 0.0 116118.7871
6434.67 6434.67 0.0 116084.6416
6448.81 6448.81 0.0 116050.6992
6462.96 6462.96 0.0 116016.9170
6477.1 6477.1 0.0 115983.3652
6491.24 6491.24 0.0 115950.0215
6505.38 6505.38 0.0 115916.8760
6519.52 6519.52 0.0 115883.9307
6533.67 6533.67 0.0 115851.1553
6547.81 6547.81 0.0 115818.6104
6561.95 6561.95 0.0 115786.2471
6576.09 6576.09 0.0 115754.0859
6590.24 6590.24 0.0 115722.0967
6604.38 6604.38 0.0 115690.3232
6618.52 6618.52 0.0 115658.7334
6632.66 6632.66 0.0 115627.3545
6646.8 6646.8 0.0 115596.1523
6660.95 6660.95 0.0 115565.1182
6675.09 6675.09 0.0 115534.2998
6689.23 6689.23 0.0 115503.6670
6703.37 6703.37 0.0 115473.2285
6717.51 6717.51 0.0 115442.9756
6731.66 6731.66 0.0 115412.8857
6745.8 6745.8 0.0 115382.9941
6759.94 6759.94 0.0 115353.3047
6774.08 6774.08 0.0 115323.7891
6788.23 6788.23 0.0 115294.4346
6802.37 6802.37 0.0 115265.2920
6816.51 6816.51 0.0 115236.3184
6830.65 6830.65 0.0 115207.5332
6844.79 6844.79 0.0 115178.9336
6858.94 6858.94 0.0 115150.4971
6873.08 6873.08 0.0 115122.2471
6887.22 6887.22 0.0 115094.1875
6901.36 6901.36 0.0 115066.2998
6915.5 6915.5 0.0 115038.5996
6929.65 6929.65 0.0 115011.0381
6943.79 6943.79 0.0 114983.6875
6957.93 6957.93 0.0 114956.5068
6972.07 6972.07 0.0 114929.4971
6986.21 6986.21 0.0 114902.6670
7000.36 7000.36 0.0 114876.0010
7014.5 7014.5 0.0 114849.5186
7028.64 7028.64 0.0 114823.2109
7042.78 7042.78 0.0 114797.0752
7056.93 7056.93 0.0 114771.0986
7071.07 7071.07 0.0 114745.2979
7085.21 7085.21 0.0 114719.6680
7099.35 7099.35 0.0 114694.2188
7113.49 7113.49 0.0 114668.9434
7127.64 7127.64 0.0 114643.8105
7141.78 7141.78 0.0 114618.8574
7155.92 7155.92 0.0 114594.0879
7170.06 7170.06 0.0 114569.4854
7184.2 7184.2 0.0 114545.0283
7198.35 7198.35 0.0 114520.7393
7212.49 7212.49 0.0 114496.6201
7226.63 7226.63 0.0 114472.6816
7240.77 7240.77 0.0 114448.8984
7254.92 7254.92 0.0 114425.2637
7269.06 7269.06 0.0 114401.8086
7283.2 7283.2 0.0 114378.5234
7297.34 7297.34 0.0 114355.3916
7311.48 7311.48 0.0 114332.4229
7325.63 7325.63 0.0 114309.6055
7339.77 7339.77 0.0 114286.9570
7353.91 7353.91 0.0 114264.4697
7368.05 7368.05 0.0 114242.1504
7382.19 7382.19 0.0 114219.9854
7396.34 7396.34 0.0 114197.9561
7410.48 7410.48 0.0 114176.1143
7424.62 7424.62 0.0 114154.4199
7438.76 7438.76 0.0 114132.8838
7452.91 7452.91 0.0 114111.4932
7467.05 7467.05 0.0 114090.2637
7481.19 7481.19 0.0 114069.2041
7495.33 7495.33 0.0 114048.2910
7509.47 7509.47 0.0 114027.5342
7523.62 7523.62 0.0 114006.9131
7537.76 7537.76 0.0 113986.4619
7551.9 7551.9 0.0 113966.1641
7566.04 7566.04 0.0 113946.0127
7580.18 7580.18 0.0 113926.0176
7594.33 7594.33 0.0 113906.1631
7608.47 7608.47 0.0 113886.4688
7622.61 7622.61 0.0 113866.9248
7636.75 7636.75 0.0 113847.5303
7650.9 7650.9 0.0 113828.2705
7665.04 7665.04 0.0 113809.1719
7679.18 7679.18 0.0 113790.2188
7693.32 7693.32 0.0 113771.4141
7707.46 7707.46 0.0 113752.7539
7721.61 7721.61 0.0 113734.2334
7735.75 7735.75 0.0 113715.8643
7749.89 7749.89 0.0 113697.6465
7764.03 7764.03 0.0 113679.5703
7778.17 7778.17 0.0 113661.6377
