0.0 0.0 0.0 715814.4375
14.1421 14.1421 0.0 1463504.2500
28.2843 28.2843 0.0 1526946.8750
42.4264 42.4264 0.0 1561344.8750
56.5685 56.5685 0.0 1581839.8750
70.7107 70.7107 0.0 1593949.1250
84.8528 84.8528 0.0 1600402.1250
98.9949 98.9949 0.0 1602778.6250
113.137 113.137 0.0 1602084.8750
127.279 127.279 0.0 1599004.7500
141.421 141.421 0.0 1594025.8750
155.563 155.563 0.0 1587510.3750
169.706 169.706 0.0 1579732.5000
183.848 183.848 0.0 1570906.3750
197.99 197.99 0.0 1561201.7500
212.132 212.132 0.0 1550754.5000
226.274 226.274 0.0 1539676.5000
240.416 240.416 0.0 1528059.5000
254.558 254.558 0.0 1515982.1250
268.701 268.701 0.0 1503506.2500
282.843 282.843 0.0 1490689.8750
296.985 296.985 0.0 1477578.8750
311.127 311.127 0.0 1464214.7500
325.269 325.269 0.0 1450632.3750
339.411 339.411 0.0 1436861.6250
353.553 353.553 0.0 1422930.8750
367.696 367.696 0.0 1408861.7500
381.838 381.838 0.0 1394678.5000
395.98 395.98 0.0 1380397.1250
410.122 410.122 0.0 1366035.8750
424.264 424.264 0.0 1351610.2500
438.406 438.406 0.0 1337131.3750
452.548 452.548 0.0 1322614.2500
466.69 466.69 0.0 1308068.6250
480.833 480.833 0.0 1293503.8750
494.975 494.975 0.0 1278931.5000
509.117 509.117 0.0 1264359.3750
523.259 523.259 0.0 1249794.5000
537.401 537.401 0.0 1235245.1250
551.543 551.543 0.0 1220717.6250
565.685 565.685 0.0 1206218.6250
579.828 579.828 0.0 1191752.6250
593.97 593.97 0.0 1177327.8750
608.112 608.112 0.0 1162948.6250
622.254 622.254 0.0 1148619.0000
636.396 636.396 0.0 1134344.8750
650.538 650.538 0.0 1120130.5000
664.68 664.68 0.0 1105979.3125
678.823 678.823 0.0 1091895.6250
692.965 692.965 0.0 1077885.2500
707.107 707.107 0.0 1063949.8125
721.249 721.249 0.0 1050094.0000
735.391 735.391 0.0 1036321.1250
749.533 749.533 0.0 1022635.1250
763.675 763.675 0.0 1009038.4375
777.817 777.817 0.0 995534.8125
791.96 791.96 0.0 982126.0000
806.102 806.102 0.0 968817.6875
820.244 820.244 0.0 955610.6875
834.386 834.386 0.0 942509.0625
848.528 848.528 0.0 929515.0000
862.67 862.67 0.0 916631.0625
876.812 876.812 0.0 903859.7500
890.955 890.955 0.0 891203.3125
905.097 905.097 0.0 878665.4375
919.239 919.239 0.0 866247.6875
933.381 933.381 0.0 853952.5000
947.523 947.523 0.0 841782.5000
961.665 961.665 0.0 829738.8750
975.807 975.807 0.0 817824.6250
989.949 989.949 0.0 806040.8750
1004.09 1004.09 0.0 794391.1875
1018.23 1018.23 0.0 782876.6250
1032.38 1032.38 0.0 771490.3125
1046.52 1046.52 0.0 760250.0000
1060.66 1060.66 0.0 749149.3750
1074.8 1074.8 0.0 738189.6875
1088.94 1088.94 0.0 727372.5000
1103.09 1103.09 0.0 716691.2500
1117.23 1117.23 0.0 706162.3125
1131.37 1131.37 0.0 695779.4375
1145.51 1145.51 0.0 685543.2500
1159.66 1159.66 0.0 675447.7500
1173.8 1173.8 0.0 665508.1875
1187.94 1187.94 0.0 655717.4375
1202.08 1202.08 0.0 646076.6875
1216.22 1216.22 0.0 636586.1250
1230.37 1230.37 0.0 627239.6250
1244.51 1244.51 0.0 618050.9688
1258.65 1258.65 0.0 609013.0000
1272.79 1272.79 0.0 600126.3125
1286.93 1286.93 0.0 591390.7812
1301.08 1301.08 0.0 582800.3125
1315.22 1315.22 0.0 574366.5000
1329.36 1329.36 0.0 566083.0625
1343.5 1343.5 0.0 557949.7188
1357.65 1357.65 0.0 549960.2188
1371.79 1371.79 0.0 542125.1250
1385.93 1385.93 0.0 534438.0312
1400.07 1400.07 0.0 526898.4062
1414.21 1414.21 0.0 519505.0000
1428.36 1428.36 0.0 512252.0938
1442.5 1442.5 0.0 505148.2812
1456.64 1456.64 0.0 498187.8750
1470.78 1470.78 0.0 491369.2812
1484.92 1484.92 0.0 484691.2188
1499.07 1499.07 0.0 478147.8438
1513.21 1513.21 0.0 471746.7188
1527.35 1527.35 0.0 465481.8750
1541.49 1541.49 0.0 459351.6562
1555.63 1555.63 0.0 453354.4375
1569.78 1569.78 0.0 447484.3750
1583.92 1583.92 0.0 441747.8125
1598.06 1598.06 0.0 436138.9375
1612.2 1612.2 0.0 430655.9062
1626.35 1626.35 0.0 425292.9688
1640.49 1640.49 0.0 420055.7812
1654.63 1654.63 0.0 414938.5938
1668.77 1668.77 0.0 409939.3125
1682.91 1682.91 0.0 405055.8438
1697.06 1697.06 0.0 400282.9375
1711.2 1711.2 0.0 395625.1875
1725.34 1725.34 0.0 391076.9062
1739.48 1739.48 0.0 386636.0625
1753.62 1753.62 0.0 382300.5312
1767.77 1767.77 0.0 378065.1562
1781.91 1781.91 0.0 373933.7812
1796.05 1796.05 0.0 369901.2500
1810.19 1810.19 0.0 365965.1875
1824.34 1824.34 0.0 362120.9531
1838.48 1838.48 0.0 358371.7656
1852.62 1852.62 0.0 354712.7188
1866.76 1866.76 0.0 351141.5000
1880.9 1880.9 0.0 347656.2812
1895.05 1895.05 0.0 344252.2188
1909.19 1909.19 0.0 340932.2656
1923.33 1923.33 0.0 337691.8438
1937.47 1937.47 0.0 334528.8281
1951.61 1951.61 0.0 331441.1250
1965.76 1965.76 0.0 328424.7344
1979.9 1979.9 0.0 325481.8750
1994.04 1994.04 0.0 322608.3281
2008.18 2008.18 0.0 319802.3594
2022.33 2022.33 0.0 317060.0781
2036.47 2036.47 0.0 314383.3594
2050.61 2050.61 0.0 311768.5156
2064.75 2064.75 0.0 309213.7656
2078.89 2078.89 0.0 306717.1875
2093.04 2093.04 0.0 304275.5000
2107.18 2107.18 0.0 301890.4531
2121.32 2121.32 0.0 299558.6406
2135.46 2135.46 0.0 297278.2969
2149.6 2149.6 0.0 295048.0156
2163.75 2163.75 0.0 292864.5781
2177.89 2177.89 0.0 290729.7656
2192.03 2192.03 0.0 288640.4219
2206.17 2206.17 0.0 286595.1250
2220.32 2220.32 0.0 284591.1406
2234.46 2234.46 0.0 282629.8438
2248.6 2248.6 0.0 280708.6562
2262.74 2262.74 0.0 278826.2812
2276.88 2276.88 0.0 276981.3750
2291.03 2291.03 0.0 275171.5938
2305.17 2305.17 0.0 273398.2969
2319.31 2319.31 0.0 271659.1094
2333.45 2333.45 0.0 269952.9531
2347.59 2347.59 0.0 268278.7656
2361.74 2361.74 0.0 266634.4219
2375.88 2375.88 0.0 265021.2500
2390.02 2390.02 0.0 263437.1094
2404.16 2404.16 0.0 261881.2188
2418.31 2418.31 0.0 260351.4688
2432.45 2432.45 0.0 258849.3906
2446.59 2446.59 0.0 257372.8750
2460.73 2460.73 0.0 255921.2500
2474.87 2474.87 0.0 254493.7812
2489.02 2489.02 0.0 253088.7812
2503.16 2503.16 0.0 251707.4531
2517.3 2517.3 0.0 250348.2344
2531.44 2531.44 0.0 249010.3750
2545.58 2545.58 0.0 247693.3906
2559.73 2559.73 0.0 246395.6562
2573.87 2573.87 0.0 245118.5312
2588.01 2588.01 0.0 243860.5469
2602.15 2602.15 0.0 242621.1406
2616.3 2616.3 0.0 241398.9219
2630.44 2630.44 0.0 240195.2344
2644.58 2644.58 0.0 239008.6875
2658.72 2658.72 0.0 237838.8438
2672.86 2672.86 0.0 236685.2344
2687.01 2687.01 0.0 235546.7500
2701.15 2701.15 0.0 234424.5312
2715.29 2715.29 0.0 233317.3594
2729.43 2729.43 0.0 232224.9844
2743.57 2743.57 0.0 231146.9844
2757.72 2757.72 0.0 230082.2500
2771.86 2771.86 0.0 229032.0781
2786.0 2786.0 0.0 227995.3125
2800.14 2800.14 0.0 226971.5938
2814.28 2814.28 0.0 225960.7891
2828.43 2828.43 0.0 224961.8359
2842.57 2842.57 0.0 223975.8281
2856.71 2856.71 0.0 223001.9141
2870.85 2870.85 0.0 222039.7734
2885.0 2885.0 0.0 221088.5547
2899.14 2899.14 0.0 220149.3047
2913.28 2913.28 0.0 219221.2031
2927.42 2927.42 0.0 218303.9609
2941.56 2941.56 0.0 217397.4375
2955.71 2955.71 0.0 216500.7578
2969.85 2969.85 0.0 215615.0078
2983.99 2983.99 0.0 214739.3594
2998.13 2998.13 0.0 213873.6328
3012.27 3012.27 0.0 213017.7344
3026.42 3026.42 0.0 212170.7812
3040.56 3040.56 0.0 211333.9141
3054.7 3054.7 0.0 210506.2500
3068.84 3068.84 0.0 209687.7422
3082.99 3082.99 0.0 208877.6172
3097.13 3097.13 0.0 208076.9297
3111.27 3111.27 0.0 207284.8828
3125.41 3125.41 0.0 206501.4141
3139.55 3139.55 0.0 205726.3750
3153.7 3153.7 0.0 204959.0234
3167.84 3167.84 0.0 204200.4375
3181.98 3181.98 0.0 203449.8750
3196.12 3196.12 0.0 202707.2578
3210.26 3210.26 0.0 201972.4766
3224.41 3224.41 0.0 201244.8750
3238.55 3238.55 0.0 200525.3203
3252.69 3252.69 0.0 199813.2891
3266.83 3266.83 0.0 199108.6484
3280.98 3280.98 0.0 198410.7500
3295.12 3295.12 0.0 197720.5781
3309.26 3309.26 0.0 197037.5312
3323.4 3323.4 0.0 196361.3984
3337.54 3337.54 0.0 195692.1797
3351.69 3351.69 0.0 195029.3125
3365.83 3365.83 0.0 194373.6484
3379.97 3379.97 0.0 193724.5859
3394.11 3394.11 0.0 193082.1094
3408.25 3408.25 0.0 192446.0938
3422.4 3422.4 0.0 191816.0312
3436.54 3436.54 0.0 191192.6875
3450.68 3450.68 0.0 190575.6094
3464.82 3464.82 0.0 189964.7109
3478.97 3478.97 0.0 189359.4609
3493.11 3493.11 0.0 188760.6328
3507.25 3507.25 0.0 188167.7656
3521.39 3521.39 0.0 187580.7656
3535.53 3535.53 0.0 186999.5781
3549.68 3549.68 0.0 186423.7109
3563.82 3563.82 0.0 185853.9453
3577.96 3577.96 0.0 185289.7656
3592.1 3592.1 0.0 184731.1797
3606.24 3606.24 0.0 184178.0547
3620.39 3620.39 0.0 183629.9609
3634.53 3634.53 0.0 183087.6641
3648.67 3648.67 0.0 182550.6094
3662.81 3662.81 0.0 182018.8672
3676.96 3676.96 0.0 181491.9453
3691.1 3691.1 0.0 180970.5391
3705.24 3705.24 0.0 180454.2109
3719.38 3719.38 0.0 179942.9141
3733.52 3733.52 0.0 179436.6328
3747.67 3747.67 0.0 178934.9141
3761.81 3761.81 0.0 178438.4375
3775.95 3775.95 0.0 177946.7891
3790.09 3790.09 0.0 177459.9297
3804.23 3804.23 0.0 176977.8125
3818.38 3818.38 0.0 176500.0625
3832.52 3832.52 0.0 176027.2891
3846.66 3846.66 0.0 175559.1172
3860.8 3860.8 0.0 175095.5234
3874.95 3874.95 0.0 174636.1094
3889.09 3889.09 0.0 174181.5156
3903.23 3903.23 0.0 173731.3047
3917.37 3917.37 0.0 173285.5000
3931.51 3931.51 0.0 172844.0625
3945.66 3945.66 0.0 172406.6094
3959.8 3959.8 0.0 171973.7578
3973.94 3973.94 0.0 171545.1094
3988.08 3988.08 0.0 171120.6484
4002.22 4002.22 0.0 170700.3594
4016.37 4016.37 0.0 170283.8906
4030.51 4030.51 0.0 169871.8047
4044.65 4044.65 0.0 169463.7266
4058.79 4058.79 0.0 169059.6641
4072.94 4072.94 0.0 168659.3203
4087.08 4087.08 0.0 168263.1641
4101.22 4101.22 0.0 167870.9297
4115.36 4115.36 0.0 167482.5547
4129.5 4129.5 0.0 167098.0078
4143.65 4143.65 0.0 166717.0156
4157.79 4157.79 0.0 166340.0391
4171.93 4171.93 0.0 165966.8320
4186.07 4186.07 0.0 165597.2930
4200.21 4200.21 0.0 165231.4219
4214.36 4214.36 0.0 164868.9453
4228.5 4228.5 0.0 164510.3203
4242.64 4242.64 0.0 164155.3203
4256.78 4256.78 0.0 163803.8281
4270.92 4270.92 0.0 163455.8555
4285.07 4285.07 0.0 163111.1406
4299.21 4299.21 0.0 162770.1250
4313.35 4313.35 0.0 162432.5195
4327.49 4327.49 0.0 162098.3516
4341.64 4341.64 0.0 161767.2891
4355.78 4355.78 0.0 161439.8125
4369.92 4369.92 0.0 161115.6406
4384.06 4384.06 0.0 160794.7539
4398.2 4398.2 0.0 160477.1133
4412.35 4412.35 0.0 160162.5000
4426.49 4426.49 0.0 159851.3047
4440.63 4440.63 0.0 159543.2812
4454.77 4454.77 0.0 159238.3906
4468.91 4468.91 0.0 158936.6094
4483.06 4483.06 0.0 158637.7148
4497.2 4497.2 0.0 158342.1094
4511.34 4511.34 0.0 158049.5234
4525.48 4525.48 0.0 157759.9570
4539.63 4539.63 0.0 157473.1641
4553.77 4553.77 0.0 157189.5273
4567.91 4567.91 0.0 156908.8320
4582.05 4582.05 0.0 156631.0195
4596.19 4596.19 0.0 156356.0781
4610.34 4610.34 0.0 156083.8125
4624.48 4624.48 0.0 155814.5391
4638.62 4638.62 0.0 155548.0859
4652.76 4652.76 0.0 155284.3711
4666.9 4666.9 0.0 155023.4258
4681.05 4681.05 0.0 154765.0039
4695.19 4695.19 0.0 154509.4688
4709.33 4709.33 0.0 154256.5938
4723.47 4723.47 0.0 154006.3477
4737.62 4737.62 0.0 153758.5469
4751.76 4751.76 0.0 153513.5273
4765.9 4765.9 0.0 153271.0703
4780.04 4780.04 0.0 153031.1289
4794.18 4794.18 0.0 152793.7031
4808.33 4808.33 0.0 152558.6211
4822.47 4822.47 0.0 152326.1641
4836.61 4836.61 0.0 152096.1211
4850.75 4850.75 0.0 151868.5000
4864.89 4864.89 0.0 151643.2539
4879.04 4879.04 0.0 151420.2188
4893.18 4893.18 0.0 151199.6914
4907.32 4907.32 0.0 150981.4648
4921.46 4921.46 0.0 150765.5273
4935.61 4935.61 0.0 150551.6797
4949.75 4949.75 0.0 150340.2344
4963.89 4963.89 0.0 150131.0117
4978.03 4978.03 0.0 149923.9648
4992.17 4992.17 0.0 149719.0664
5006.32 5006.32 0.0 149516.1953
5020.46 5020.46 0.0 149315.5586
5034.6 5034.6 0.0 149117.0156
5048.74 5048.74 0.0 148920.5391
5062.88 5062.88 0.0 148726.0859
5077.03 5077.03 0.0 148533.5273
5091.17 5091.17 0.0 148343.1055
5105.31 5105.31 0.0 148154.6445
5119.45 5119.45 0.0 147968.1289
5133.6 5133.6 0.0 147783.4102
5147.74 5147.74 0.0 147600.7305
5161.88 5161.88 0.0 147419.9062
5176.02 5176.02 0.0 147240.9414
5190.16 5190.16 0.0 147063.7891
5204.31 5204.31 0.0 146888.3359
5218.45 5218.45 0.0 146714.7891
5232.59 5232.59 0.0 146543.0000
5246.73 5246.73 0.0 146372.9258
5260.87 5260.87 0.0 146204.6016
5275.02 5275.02 0.0 146037.8203
5289.16 5289.16 0.0 145872.8516
5303.3 5303.3 0.0 145709.5117
5317.44 5317.44 0.0 145547.8164
5331.59 5331.59 0.0 145387.5859
5345.73 5345.73 0.0 145229.0703
5359.87 5359.87 0.0 145072.0820
5374.01 5374.01 0.0 144916.6719
5388.15 5388.15 0.0 144762.7656
5402.3 5402.3 0.0 144610.2500
5416.44 5416.44 0.0 144459.3125
5430.58 5430.58 0.0 144309.8320
5444.72 5444.72 0.0 144161.7812
5458.86 5458.86 0.0 144015.1484
5473.01 5473.01 0.0 143869.8125
5487.15 5487.15 0.0 143725.9375
5501.29 5501.29 0.0 143583.4258
5515.43 5515.43 0.0 143442.2500
5529.58 5529.58 0.0 143302.2891
5543.72 5543.72 0.0 143163.7148
5557.86 5557.86 0.0 143026.4219
5572.0 5572.0 0.0 142890.3906
5586.14 5586.14 0.0 142755.5742
5600.29 5600.29 0.0 142621.9023
5614.43 5614.43 0.0 142489.5234
5628.57 5628.57 0.0 142358.3281
5642.71 5642.71 0.0 142228.2891
5656.85 5656.85 0.0 142099.4141
5671.0 5671.0 0.0 141971.5625
5685.14 5685.14 0.0 141844.9102
5699.28 5699.28 0.0 141719.3633
5713.42 5713.42 0.0 141594.8984
5727.56 5727.56 0.0 141471.4844
5741.71 5741.71 0.0 141349.0234
5755.85 5755.85 0.0 141227.6875
5769.99 5769.99 0.0 141107.3477
5784.13 5784.13 0.0 140988.0195
5798.28 5798.28 0.0 140869.5898
5812.42 5812.42 0.0 140752.1914
5826.56 5826.56 0.0 140635.7539
5840.7 5840.7 0.0 140520.2422
5854.84 5854.84 0.0 140405.6367
5868.99 5868.99 0.0 140291.8789
5883.13 5883.13 0.0 140179.0742
5897.27 5897.27 0.0 140067.1562
5911.41 5911.41 0.0 139956.0781
5925.55 5925.55 0.0 139845.8633
5939.7 5939.7 0.0 139736.3906
5953.84 5953.84 0.0 139627.8438
5967.98 5967.98 0.0 139520.0781
5982.12 5982.12 0.0 139413.0938
5996.27 5996.27 0.0 139306.8281
6010.41 6010.41 0.0 139201.3984
6024.55 6024.55 0.0 139096.7344
6038.69 6038.69 0.0 138992.7969
6052.83 6052.83 0.0 138889.5977
6066.98 6066.98 0.0 138787.0312
6081.12 6081.12 0.0 138685.2383
6095.26 6095.26 0.0 138584.1523
6109.4 6109.4 0.0 138483.7500
6123.54 6123.54 0.0 138384.0039
6137.69 6137.69 0.0 138284.8594
6151.83 6151.83 0.0 138186.4141
6165.97 6165.97 0.0 138088.6289
6180.11 6180.11 0.0 137991.4570
6194.26 6194.26 0.0 137894.8398
6208.4 6208.4 0.0 137798.8906
6222.54 6222.54 0.0 137703.5430
6236.68 6236.68 0.0 137608.7695
6250.82 6250.82 0.0 137514.5977
6264.97 6264.97 0.0 137420.9141
6279.11 6279.11 0.0 137327.8320
6293.25 6293.25 0.0 137235.3281
6307.39 6307.39 0.0 137143.3594
6321.53 6321.53 0.0 137051.9062
6335.68 6335.68 0.0 136960.9219
6349.82 6349.82 0.0 136870.5234
6363.96 6363.96 0.0 136780.6172
6378.1 6378.1 0.0 136691.2227
6392.25 6392.25 0.0 136602.2383
6406.39 6406.39 0.0 136513.8086
6420.53 6420.53 0.0 136425.8633
6434.67 6434.67 0.0 136338.3555
6448.81 6448.81 0.0 136251.3281
6462.96 6462.96 0.0 136164.6836
6477.1 6477.1 0.0 136078.5391
6491.24 6491.24 0.0 135992.8477
6505.38 6505.38 0.0 135907.5742
6519.52 6519.52 0.0 135822.7305
6533.67 6533.67 0.0 135738.2578
6547.81 6547.81 0.0 135654.2461
6561.95 6561.95 0.0 135570.6289
6576.09 6576.09 0.0 135487.4219
6590.24 6590.24 0.0 135404.5391
6604.38 6604.38 0.0 135322.1172
6618.52 6618.52 0.0 135240.0586
6632.66 6632.66 0.0 135158.4023
6646.8 6646.8 0.0 135077.1055
6660.95 6660.95 0.0 134996.1094
6675.09 6675.09 0.0 134915.5234
6689.23 6689.23 0.0 134835.3047
6703.37 6703.37 0.0 134755.4414
6717.51 6717.51 0.0 134675.9297
6731.66 6731.66 0.0 134596.6914
6745.8 6745.8 0.0 134517.8516
6759.94 6759.94 0.0 134439.3320
6774.08 6774.08 0.0 134361.1602
6788.23 6788.23 0.0 134283.2383
6802.37 6802.37 0.0 134205.6992
6816.51 6816.51 0.0 134128.4648
6830.65 6830.65 0.0 134051.5527
6844.79 6844.79 0.0 133974.9570
6858.94 6858.94 0.0 133898.6035
6873.08 6873.08 0.0 133822.5918
6887.22 6887.22 0.0 133746.9023
6901.36 6901.36 0.0 133671.4824
6915.5 6915.5 0.0 133596.3672
6929.65 6929.65 0.0 133521.4844
6943.79 6943.79 0.0 133446.9414
6957.93 6957.93 0.0 133372.6699
6972.07 6972.07 0.0 133298.6680
6986.21 6986.21 0.0 133224.9512
7000.36 7000.36 0.0 133151.4746
7014.5 7014.5 0.0 133078.2910
7028.64 7028.64 0.0 133005.3750
7042.78 7042.78 0.0 132932.7480
7056.93 7056.93 0.0 132860.3125
7071.07 7071.07 0.0 132788.1914
7085.21 7085.21 0.0 132716.3301
7099.35 7099.35 0.0 132644.7109
7113.49 7113.49 0.0 132573.3691
7127.64 7127.64 0.0 132502.2090
7141.78 7141.78 0.0 132431.3574
7155.92 7155.92 0.0 132360.7520
7170.06 7170.06 0.0 132290.3770
7184.2 7184.2 0.0 132220.2617
7198.35 7198.35 0.0 132150.3340
7212.49 7212.49 0.0 132080.6875
7226.63 7226.63 0.0 132011.2852
7240.77 7240.77 0.0 131942.1133
7254.92 7254.92 0.0 131873.1309
7269.06 7269.06 0.0 131804.4336
7283.2 7283.2 0.0 131735.9844
7297.34 7297.34 0.0 131667.7461
7311.48 7311.48 0.0 131599.7285
7325.63 7325.63 0.0 131531.9102
7339.77 7339.77 0.0 131464.3633
7353.91 7353.91 0.0 131397.0273
7368.05 7368.05 0.0 131329.9180
7382.19 7382.19 0.0 131263.0469
7396.34 7396.34 0.0 131196.3398
7410.48 7410.48 0.0 131129.9082
7424.62 7424.62 0.0 131063.7070
7438.76 7438.76 0.0 130997.7090
7452.91 7452.91 0.0 130931.8809
7467.05 7467.05 0.0 130866.3184
7481.19 7481.19 0.0 130800.9883
7495.33 7495.33 0.0 130735.8516
7509.47 7509.47 0.0 130670.9531
7523.62 7523.62 0.0 130606.2129
7537.76 7537.76 0.0 130541.7500
7551.9 7551.9 0.0 130477.4785
7566.04 7566.04 0.0 130413.4121
7580.18 7580.18 0.0 130349.5762
7594.33 7594.33 0.0 130285.9160
7608.47 7608.47 0.0 130222.5000
7622.61 7622.61 0.0 130159.2949
7636.75 7636.75 0.0 130096.3066
7650.9 7650.9 0.0 130033.4668
7665.04 7665.04 0.0 129970.9004
7679.18 7679.18 0.0 129908.5410
7693.32 7693.32 0.0 129846.3887
7707.46 7707.46 0.0 129784.4453
7721.61 7721.61 0.0 129722.6641
7735.75 7735.75 0.0 129661.1367
7749.89 7749.89 0.0 129599.8086
7764.03 7764.03 0.0 129538.7090
7778.17 7778.17 0.0 129477.8066
