0.0 0.0 0.0 1900362.3750
14.1421 14.1421 0.0 1855455.0000
28.2843 28.2843 0.0 1810680.0000
42.4264 42.4264 0.0 1765454.1250
56.5685 56.5685 0.0 1720279.6250
70.7107 70.7107 0.0 1675149.3750
84.8528 84.8528 0.0 1627882.2500
98.9949 98.9949 0.0 1579778.8750
113.137 113.137 0.0 1531633.5000
127.279 127.279 0.0 1478777.1250
141.421 141.421 0.0 1422911.8750
155.563 155.563 0.0 1364948.0000
169.706 169.706 0.0 1305361.3750
183.848 183.848 0.0 1242546.5000
197.99 197.99 0.0 1176295.2500
212.132 212.132 0.0 1108198.9375
226.274 226.274 0.0 1038545.2500
240.416 240.416 0.0 970335.7500
254.558 254.558 0.0 905122.0000
268.701 268.701 0.0 843131.1250
282.843 282.843 0.0 780797.2500
296.985 296.985 0.0 720700.1250
311.127 311.127 0.0 664496.3125
325.269 325.269 0.0 613003.6250
339.411 339.411 0.0 569932.0312
353.553 353.553 0.0 533200.4375
367.696 367.696 0.0 500376.9375
381.838 381.838 0.0 469391.1562
395.98 395.98 0.0 440190.9688
410.122 410.122 0.0 412962.0312
424.264 424.264 0.0 387620.1562
438.406 438.406 0.0 364078.7500
452.548 452.548 0.0 342247.4219
466.69 466.69 0.0 321933.1719
480.833 480.833 0.0 303142.0469
494.975 494.975 0.0 285765.7812
509.117 509.117 0.0 272431.7812
523.259 523.259 0.0 260733.0469
537.401 537.401 0.0 249783.3906
551.543 551.543 0.0 242444.7500
565.685 565.685 0.0 235813.8281
579.828 579.828 0.0 229474.2891
593.97 593.97 0.0 223416.0391
608.112 608.112 0.0 217628.0234
622.254 622.254 0.0 212098.9844
636.396 636.396 0.0 206818.9609
650.538 650.538 0.0 201803.5234
664.68 664.68 0.0 197038.0703
678.823 678.823 0.0 192488.2188
692.965 692.965 0.0 188143.4219
707.107 707.107 0.0 184060.4141
721.249 721.249 0.0 180196.3594
735.391 735.391 0.0 176533.7500
749.533 749.533 0.0 172920.1562
763.675 763.675 0.0 169463.5703
777.817 777.817 0.0 166658.6719
791.96 791.96 0.0 164807.2188
806.102 806.102 0.0 163006.7188
820.244 820.244 0.0 161255.7891
834.386 834.386 0.0 159553.0977
848.528 848.528 0.0 157897.7188
862.67 862.67 0.0 156363.5547
876.812 876.812 0.0 154871.5820
890.955 890.955 0.0 153403.6523
905.097 905.097 0.0 151916.7695
919.239 919.239 0.0 150471.2852
933.381 933.381 0.0 149050.4219
947.523 947.523 0.0 147653.2422
961.665 961.665 0.0 146296.0508
975.807 975.807 0.0 144977.7539
989.949 989.949 0.0 143686.6250
1004.09 1004.09 0.0 142605.5078
1018.23 1018.23 0.0 141597.0508
1032.38 1032.38 0.0 140591.8984
1046.52 1046.52 0.0 139580.3672
1060.66 1060.66 0.0 138579.2188
1074.8 1074.8 0.0 137603.3516
1088.94 1088.94 0.0 136652.5781
1103.09 1103.09 0.0 135724.8789
1117.23 1117.23 0.0 135054.8125
1131.37 1131.37 0.0 134389.6289
1145.51 1145.51 0.0 133729.9062
1159.66 1159.66 0.0 133100.7500
1173.8 1173.8 0.0 132495.2051
1187.94 1187.94 0.0 131971.3145
1202.08 1202.08 0.0 131416.0332
1216.22 1216.22 0.0 130869.0977
1230.37 1230.37 0.0 130331.5488
1244.51 1244.51 0.0 129804.0312
1258.65 1258.65 0.0 129285.9727
1272.79 1272.79 0.0 128777.1836
1286.93 1286.93 0.0 128277.5508
1301.08 1301.08 0.0 127786.5449
1315.22 1315.22 0.0 127283.4668
1329.36 1329.36 0.0 126775.3965
1343.5 1343.5 0.0 126275.5176
1357.65 1357.65 0.0 125863.7422
1371.79 1371.79 0.0 125538.1992
1385.93 1385.93 0.0 125216.9141
1400.07 1400.07 0.0 124899.8281
1414.21 1414.21 0.0 124586.9043
1428.36 1428.36 0.0 124277.8848
1442.5 1442.5 0.0 123978.7988
1456.64 1456.64 0.0 123686.0410
1470.78 1470.78 0.0 123397.0098
1484.92 1484.92 0.0 123111.7051
1499.07 1499.07 0.0 122829.8281
1513.21 1513.21 0.0 122551.7637
1527.35 1527.35 0.0 122277.2500
1541.49 1541.49 0.0 122009.5879
1555.63 1555.63 0.0 121751.3242
1569.78 1569.78 0.0 121496.0488
1583.92 1583.92 0.0 121244.0020
1598.06 1598.06 0.0 121003.2773
1612.2 1612.2 0.0 120768.4844
1626.35 1626.35 0.0 120536.2930
1640.49 1640.49 0.0 120307.0312
1654.63 1654.63 0.0 120137.0137
1668.77 1668.77 0.0 119975.8711
1682.91 1682.91 0.0 119816.0820
1697.06 1697.06 0.0 119655.8359
1711.2 1711.2 0.0 119496.1406
1725.34 1725.34 0.0 119337.8340
1739.48 1739.48 0.0 119188.1777
1753.62 1753.62 0.0 119048.8984
1767.77 1767.77 0.0 118936.0586
1781.91 1781.91 0.0 118866.8535
1796.05 1796.05 0.0 118799.1895
1810.19 1810.19 0.0 118733.4570
1824.34 1824.34 0.0 118635.7031
1838.48 1838.48 0.0 118525.5625
1852.62 1852.62 0.0 118416.1309
1866.76 1866.76 0.0 118307.3965
1880.9 1880.9 0.0 118213.6055
1895.05 1895.05 0.0 118164.0957
1909.19 1909.19 0.0 118096.6367
1923.33 1923.33 0.0 118017.3203
1937.47 1937.47 0.0 117939.5918
1951.61 1951.61 0.0 117864.5820
1965.76 1965.76 0.0 117782.8672
1979.9 1979.9 0.0 117700.1934
1994.04 1994.04 0.0 117623.7520
2008.18 2008.18 0.0 117547.9727
2022.33 2022.33 0.0 117510.6621
2036.47 2036.47 0.0 117498.2490
2050.61 2050.61 0.0 117471.9688
2064.75 2064.75 0.0 117445.5049
2078.89 2078.89 0.0 117415.3057
2093.04 2093.04 0.0 117384.3594
2107.18 2107.18 0.0 117353.4863
2121.32 2121.32 0.0 117322.8359
2135.46 2135.46 0.0 117293.5684
2149.6 2149.6 0.0 117264.3623
2163.75 2163.75 0.0 117235.1855
2177.89 2177.89 0.0 117198.9404
2192.03 2192.03 0.0 117157.7666
2206.17 2206.17 0.0 117116.7119
2220.32 2220.32 0.0 117075.7510
2234.46 2234.46 0.0 117034.9014
2248.6 2248.6 0.0 116994.1631
2262.74 2262.74 0.0 116953.5371
2276.88 2276.88 0.0 116912.7529
2291.03 2291.03 0.0 116871.6973
2305.17 2305.17 0.0 116830.7783
2319.31 2319.31 0.0 116789.9590
2333.45 2333.45 0.0 116749.2686
2347.59 2347.59 0.0 116705.9697
2361.74 2361.74 0.0 116662.1289
2375.88 2375.88 0.0 116616.3584
2390.02 2390.02 0.0 116555.7822
2404.16 2404.16 0.0 116499.2207
2418.31 2418.31 0.0 116443.5117
2432.45 2432.45 0.0 116415.0762
2446.59 2446.59 0.0 116390.3438
2460.73 2460.73 0.0 116350.4912
2474.87 2474.87 0.0 116310.1885
2489.02 2489.02 0.0 116269.4844
2503.16 2503.16 0.0 116227.2109
2517.3 2517.3 0.0 116181.4355
2531.44 2531.44 0.0 116133.8848
2545.58 2545.58 0.0 116082.7969
2559.73 2559.73 0.0 116030.7070
2573.87 2573.87 0.0 115978.8623
2588.01 2588.01 0.0 115924.4766
2602.15 2602.15 0.0 115868.0117
2616.3 2616.3 0.0 115811.7363
2630.44 2630.44 0.0 115755.7041
2644.58 2644.58 0.0 115703.2979
2658.72 2658.72 0.0 115689.3984
2672.86 2672.86 0.0 115675.4629
2687.01 2687.01 0.0 115661.5088
2701.15 2701.15 0.0 115647.5811
2715.29 2715.29 0.0 115623.0410
2729.43 2729.43 0.0 115588.6406
2743.57 2743.57 0.0 115554.3213
2757.72 2757.72 0.0 115520.0703
2771.86 2771.86 0.0 115480.3516
2786.0 2786.0 0.0 115419.8916
2800.14 2800.14 0.0 115356.3857
2814.28 2814.28 0.0 115293.1777
2828.43 2828.43 0.0 115230.2188
2842.57 2842.57 0.0 115167.5820
2856.71 2856.71 0.0 115105.2109
2870.85 2870.85 0.0 115046.9277
2885.0 2885.0 0.0 114988.8506
2899.14 2899.14 0.0 114931.0430
2913.28 2913.28 0.0 114873.4902
2927.42 2927.42 0.0 114816.1738
2941.56 2941.56 0.0 114759.0977
2955.71 2955.71 0.0 114702.2305
2969.85 2969.85 0.0 114635.1201
2983.99 2983.99 0.0 114566.7939
2998.13 2998.13 0.0 114498.8232
3012.27 3012.27 0.0 114431.2041
3026.42 3026.42 0.0 114363.8564
3040.56 3040.56 0.0 114296.9199
3054.7 3054.7 0.0 114230.3203
3068.84 3068.84 0.0 114176.8818
3082.99 3082.99 0.0 114123.9854
3097.13 3097.13 0.0 114071.2559
3111.27 3111.27 0.0 114018.7549
3125.41 3125.41 0.0 113966.4580
3139.55 3139.55 0.0 113914.3799
3153.7 3153.7 0.0 113862.4795
3167.84 3167.84 0.0 113810.5850
3181.98 3181.98 0.0 113758.0088
3196.12 3196.12 0.0 113705.6572
3210.26 3210.26 0.0 113653.5137
3224.41 3224.41 0.0 113589.8301
3238.55 3238.55 0.0 113524.4023
3252.69 3252.69 0.0 113465.2598
3266.83 3266.83 0.0 113417.4238
3280.98 3280.98 0.0 113380.6260
3295.12 3295.12 0.0 113342.9385
3309.26 3309.26 0.0 113305.3672
3323.4 3323.4 0.0 113271.8643
3337.54 3337.54 0.0 113238.9121
3351.69 3351.69 0.0 113192.4072
3365.83 3365.83 0.0 113139.4883
3379.97 3379.97 0.0 113087.3066
3394.11 3394.11 0.0 113037.1465
3408.25 3408.25 0.0 112987.2100
3422.4 3422.4 0.0 112937.4912
3436.54 3436.54 0.0 112883.6494
3450.68 3450.68 0.0 112827.8711
3464.82 3464.82 0.0 112777.0244
3478.97 3478.97 0.0 112726.3701
3493.11 3493.11 0.0 112675.3779
3507.25 3507.25 0.0 112629.7256
3521.39 3521.39 0.0 112585.8359
3535.53 3535.53 0.0 112542.1426
3549.68 3549.68 0.0 112502.3965
3563.82 3563.82 0.0 112485.2471
3577.96 3577.96 0.0 112468.0137
3592.1 3592.1 0.0 112450.4424
3606.24 3606.24 0.0 112432.8770
3620.39 3620.39 0.0 112415.3203
3634.53 3634.53 0.0 112397.8047
3648.67 3648.67 0.0 112380.3291
3662.81 3662.81 0.0 112362.8682
3676.96 3676.96 0.0 112344.2969
3691.1 3691.1 0.0 112324.9639
3705.24 3705.24 0.0 112305.6592
3719.38 3719.38 0.0 112286.3779
3733.52 3733.52 0.0 112267.1299
3747.67 3747.67 0.0 112247.8994
3761.81 3761.81 0.0 112228.7295
3775.95 3775.95 0.0 112209.5928
3790.09 3790.09 0.0 112190.4844
3804.23 3804.23 0.0 112171.4082
3818.38 3818.38 0.0 112152.2744
3832.52 3832.52 0.0 112134.1934
3846.66 3846.66 0.0 112116.3115
3860.8 3860.8 0.0 112097.9580
3874.95 3874.95 0.0 112076.8984
3889.09 3889.09 0.0 112055.6338
3903.23 3903.23 0.0 112034.4111
3917.37 3917.37 0.0 112013.2256
3931.51 3931.51 0.0 111992.0869
3945.66 3945.66 0.0 111972.2012
3959.8 3959.8 0.0 111953.4971
3973.94 3973.94 0.0 111934.8057
3988.08 3988.08 0.0 111913.7812
4002.22 4002.22 0.0 111892.4922
4016.37 4016.37 0.0 111868.9844
4030.51 4030.51 0.0 111845.5586
4044.65 4044.65 0.0 111822.1748
4058.79 4058.79 0.0 111798.8379
4072.94 4072.94 0.0 111775.5332
4087.08 4087.08 0.0 111752.3105
4101.22 4101.22 0.0 111727.4492
4115.36 4115.36 0.0 111695.4189
4129.5 4129.5 0.0 111661.1807
4143.65 4143.65 0.0 111624.3350
4157.79 4157.79 0.0 111586.6953
4171.93 4171.93 0.0 111548.2305
4186.07 4186.07 0.0 111506.7490
4200.21 4200.21 0.0 111460.6895
4214.36 4214.36 0.0 111414.7754
4228.5 4228.5 0.0 111369.0996
4242.64 4242.64 0.0 111323.6318
