0.0 0.0 0.0 1227027.0000
14.1421 14.1421 0.0 1165185.5000
28.2843 28.2843 0.0 1100074.8750
42.4264 42.4264 0.0 1035119.3750
56.5685 56.5685 0.0 968734.6250
70.7107 70.7107 0.0 902161.9375
84.8528 84.8528 0.0 835717.1250
98.9949 98.9949 0.0 770566.2500
113.137 113.137 0.0 707130.1250
127.279 127.279 0.0 646365.1250
141.421 141.421 0.0 587454.7812
155.563 155.563 0.0 530623.1250
169.706 169.706 0.0 477935.8438
183.848 183.848 0.0 429955.6250
197.99 197.99 0.0 386560.5312
212.132 212.132 0.0 347302.7500
226.274 226.274 0.0 318914.8906
240.416 240.416 0.0 294639.7656
254.558 254.558 0.0 272676.5000
268.701 268.701 0.0 258047.8281
282.843 282.843 0.0 247501.3906
296.985 296.985 0.0 238705.8750
311.127 311.127 0.0 230250.8906
325.269 325.269 0.0 222281.7656
339.411 339.411 0.0 214777.1719
353.553 353.553 0.0 207690.1875
367.696 367.696 0.0 200989.3203
381.838 381.838 0.0 194691.4531
395.98 395.98 0.0 188774.4609
410.122 410.122 0.0 183248.3984
424.264 424.264 0.0 178092.7812
438.406 438.406 0.0 173250.1250
452.548 452.548 0.0 168778.7188
466.69 466.69 0.0 165032.3438
480.833 480.833 0.0 161478.3594
494.975 494.975 0.0 158178.2500
509.117 509.117 0.0 155510.5000
523.259 523.259 0.0 152964.7109
537.401 537.401 0.0 150618.9180
551.543 551.543 0.0 148391.5977
565.685 565.685 0.0 146262.6562
579.828 579.828 0.0 144227.8320
593.97 593.97 0.0 142283.4219
608.112 608.112 0.0 140425.4023
622.254 622.254 0.0 138850.4297
636.396 636.396 0.0 137393.3047
650.538 650.538 0.0 136373.9609
664.68 664.68 0.0 135384.0234
678.823 678.823 0.0 134379.3750
692.965 692.965 0.0 133399.4180
707.107 707.107 0.0 132445.8633
721.249 721.249 0.0 131520.2559
735.391 735.391 0.0 130622.2676
749.533 749.533 0.0 129751.0000
763.675 763.675 0.0 128905.3223
777.817 777.817 0.0 128084.4727
791.96 791.96 0.0 127285.4707
806.102 806.102 0.0 126503.8086
820.244 820.244 0.0 125744.7148
834.386 834.386 0.0 125008.2324
848.528 848.528 0.0 124254.6152
862.67 862.67 0.0 123503.1270
876.812 876.812 0.0 122775.9980
890.955 890.955 0.0 122072.4238
905.097 905.097 0.0 121391.7305
919.239 919.239 0.0 120790.5879
933.381 933.381 0.0 120320.2637
947.523 947.523 0.0 119861.2070
961.665 961.665 0.0 119413.1523
975.807 975.807 0.0 118975.8164
989.949 989.949 0.0 118537.7637
1004.09 1004.09 0.0 118085.7441
1018.23 1018.23 0.0 117645.5303
1032.38 1032.38 0.0 117216.4922
1046.52 1046.52 0.0 116798.9258
1060.66 1060.66 0.0 116392.2695
1074.8 1074.8 0.0 115996.2002
1088.94 1088.94 0.0 115592.3477
1103.09 1103.09 0.0 115190.6621
1117.23 1117.23 0.0 114789.1328
1131.37 1131.37 0.0 114417.2363
1145.51 1145.51 0.0 114163.5107
1159.66 1159.66 0.0 113908.6543
1173.8 1173.8 0.0 113699.0869
1187.94 1187.94 0.0 113517.8311
1202.08 1202.08 0.0 113338.6328
1216.22 1216.22 0.0 113161.1543
1230.37 1230.37 0.0 112958.8057
1244.51 1244.51 0.0 112748.8799
1258.65 1258.65 0.0 112536.5752
1272.79 1272.79 0.0 112317.1992
1286.93 1286.93 0.0 112109.5889
1301.08 1301.08 0.0 111918.4775
1315.22 1315.22 0.0 111717.9746
1329.36 1329.36 0.0 111515.2217
1343.5 1343.5 0.0 111314.8389
1357.65 1357.65 0.0 111118.0850
1371.79 1371.79 0.0 110925.3066
1385.93 1385.93 0.0 110736.2881
1400.07 1400.07 0.0 110550.9688
1414.21 1414.21 0.0 110369.2822
1428.36 1428.36 0.0 110200.3213
1442.5 1442.5 0.0 110037.2109
1456.64 1456.64 0.0 109876.7334
1470.78 1470.78 0.0 109719.1230
1484.92 1484.92 0.0 109564.4072
1499.07 1499.07 0.0 109451.2178
1513.21 1513.21 0.0 109355.1782
1527.35 1527.35 0.0 109260.2593
1541.49 1541.49 0.0 109166.4624
1555.63 1555.63 0.0 109077.1904
1569.78 1569.78 0.0 109017.6421
1583.92 1583.92 0.0 108958.8643
1598.06 1598.06 0.0 108914.5459
1612.2 1612.2 0.0 108871.3945
1626.35 1626.35 0.0 108828.4629
1640.49 1640.49 0.0 108775.6899
1654.63 1654.63 0.0 108730.9639
1668.77 1668.77 0.0 108692.1450
1682.91 1682.91 0.0 108653.5220
1697.06 1697.06 0.0 108615.0771
1711.2 1711.2 0.0 108576.8394
1725.34 1725.34 0.0 108538.8081
1739.48 1739.48 0.0 108498.1943
1753.62 1753.62 0.0 108456.6865
1767.77 1767.77 0.0 108415.3911
1781.91 1781.91 0.0 108374.3608
1796.05 1796.05 0.0 108333.5640
1810.19 1810.19 0.0 108293.0024
1824.34 1824.34 0.0 108252.6514
1838.48 1838.48 0.0 108212.5596
1852.62 1852.62 0.0 108172.6992
1866.76 1866.76 0.0 108133.0552
1880.9 1880.9 0.0 108093.6084
1895.05 1895.05 0.0 108054.3701
1909.19 1909.19 0.0 108014.1055
1923.33 1923.33 0.0 107974.8335
1937.47 1937.47 0.0 107935.7910
1951.61 1951.61 0.0 107896.9775
1965.76 1965.76 0.0 107858.3657
1979.9 1979.9 0.0 107820.0054
1994.04 1994.04 0.0 107781.8691
2008.18 2008.18 0.0 107743.9565
2022.33 2022.33 0.0 107706.2378
2036.47 2036.47 0.0 107668.7676
2050.61 2050.61 0.0 107631.5166
2064.75 2064.75 0.0 107594.4868
2078.89 2078.89 0.0 107557.7500
2093.04 2093.04 0.0 107526.4619
2107.18 2107.18 0.0 107501.8311
2121.32 2121.32 0.0 107476.2705
2135.46 2135.46 0.0 107453.2046
2149.6 2149.6 0.0 107435.9067
2163.75 2163.75 0.0 107419.3237
2177.89 2177.89 0.0 107401.1460
2192.03 2192.03 0.0 107381.8291
2206.17 2206.17 0.0 107361.9248
2220.32 2220.32 0.0 107335.6670
2234.46 2234.46 0.0 107308.6758
2248.6 2248.6 0.0 107281.8076
2262.74 2262.74 0.0 107254.0396
2276.88 2276.88 0.0 107224.6895
2291.03 2291.03 0.0 107195.8555
2305.17 2305.17 0.0 107166.6230
2319.31 2319.31 0.0 107137.5303
2333.45 2333.45 0.0 107110.9858
2347.59 2347.59 0.0 107088.4546
2361.74 2361.74 0.0 107065.7817
2375.88 2375.88 0.0 107042.1680
2390.02 2390.02 0.0 107018.8105
2404.16 2404.16 0.0 106995.5996
2418.31 2418.31 0.0 106972.4639
2432.45 2432.45 0.0 106949.1226
2446.59 2446.59 0.0 106927.8970
2460.73 2460.73 0.0 106899.5259
2474.87 2474.87 0.0 106868.4585
2489.02 2489.02 0.0 106834.8828
2503.16 2503.16 0.0 106801.0898
2517.3 2517.3 0.0 106767.5068
2531.44 2531.44 0.0 106740.2080
2545.58 2545.58 0.0 106714.2817
2559.73 2559.73 0.0 106687.1602
2573.87 2573.87 0.0 106659.0938
2588.01 2588.01 0.0 106630.1626
2602.15 2602.15 0.0 106600.8960
2616.3 2616.3 0.0 106574.0513
2630.44 2630.44 0.0 106548.1870
2644.58 2644.58 0.0 106522.4531
2658.72 2658.72 0.0 106496.9468
2672.86 2672.86 0.0 106471.1021
2687.01 2687.01 0.0 106443.7188
2701.15 2701.15 0.0 106413.9331
2715.29 2715.29 0.0 106380.3135
2729.43 2729.43 0.0 106344.9019
2743.57 2743.57 0.0 106308.9648
2757.72 2757.72 0.0 106284.3760
2771.86 2771.86 0.0 106273.9600
2786.0 2786.0 0.0 106264.2124
2800.14 2800.14 0.0 106252.4512
2814.28 2814.28 0.0 106240.7178
2828.43 2828.43 0.0 106229.0078
2842.57 2842.57 0.0 106216.9160
2856.71 2856.71 0.0 106201.8374
2870.85 2870.85 0.0 106186.5947
2885.0 2885.0 0.0 106171.3926
2899.14 2899.14 0.0 106156.2471
2913.28 2913.28 0.0 106141.1484
2927.42 2927.42 0.0 106123.7432
2941.56 2941.56 0.0 106104.5449
2955.71 2955.71 0.0 106080.9126
2969.85 2969.85 0.0 106053.7549
2983.99 2983.99 0.0 106025.6567
2998.13 2998.13 0.0 105996.2495
3012.27 3012.27 0.0 105964.0557
3026.42 3026.42 0.0 105930.9663
3040.56 3040.56 0.0 105898.1313
3054.7 3054.7 0.0 105867.8877
3068.84 3068.84 0.0 105840.5801
3082.99 3082.99 0.0 105815.5137
3097.13 3097.13 0.0 105790.2090
3111.27 3111.27 0.0 105764.4248
3125.41 3125.41 0.0 105736.2573
3139.55 3139.55 0.0 105706.2354
3153.7 3153.7 0.0 105676.3965
3167.84 3167.84 0.0 105646.7793
3181.98 3181.98 0.0 105617.3672
3196.12 3196.12 0.0 105588.1548
3210.26 3210.26 0.0 105559.1401
3224.41 3224.41 0.0 105530.2993
3238.55 3238.55 0.0 105504.5210
3252.69 3252.69 0.0 105479.1177
3266.83 3266.83 0.0 105457.1514
3280.98 3280.98 0.0 105438.9497
3295.12 3295.12 0.0 105421.0200
3309.26 3309.26 0.0 105408.7744
3323.4 3323.4 0.0 105396.5610
3337.54 3337.54 0.0 105384.4385
3351.69 3351.69 0.0 105372.4082
3365.83 3365.83 0.0 105360.4268
3379.97 3379.97 0.0 105348.4822
3394.11 3394.11 0.0 105336.5671
3408.25 3408.25 0.0 105324.6882
3422.4 3422.4 0.0 105312.8381
3436.54 3436.54 0.0 105301.0308
3450.68 3450.68 0.0 105288.6748
3464.82 3464.82 0.0 105276.3577
3478.97 3478.97 0.0 105264.0637
3493.11 3493.11 0.0 105251.8230
3507.25 3507.25 0.0 105239.6199
3521.39 3521.39 0.0 105227.4478
3535.53 3535.53 0.0 105215.3406
3549.68 3549.68 0.0 105203.2678
3563.82 3563.82 0.0 105191.2373
3577.96 3577.96 0.0 105177.2822
3592.1 3592.1 0.0 105163.2732
3606.24 3606.24 0.0 105149.3149
3620.39 3620.39 0.0 105136.7625
3634.53 3634.53 0.0 105132.4763
3648.67 3648.67 0.0 105128.9844
3662.81 3662.81 0.0 105125.6418
3676.96 3676.96 0.0 105122.2986
3691.1 3691.1 0.0 105118.9585
3705.24 3705.24 0.0 105115.6250
3719.38 3719.38 0.0 105112.2888
3733.52 3733.52 0.0 105108.9629
3747.67 3747.67 0.0 105105.6362
3761.81 3761.81 0.0 105102.3108
3775.95 3775.95 0.0 105098.9897
3790.09 3790.09 0.0 105095.6775
3804.23 3804.23 0.0 105092.3586
3818.38 3818.38 0.0 105089.0376
3832.52 3832.52 0.0 105084.7065
3846.66 3846.66 0.0 105080.2607
3860.8 3860.8 0.0 105075.8201
3874.95 3874.95 0.0 105071.3816
3889.09 3889.09 0.0 105066.9478
3903.23 3903.23 0.0 105062.5247
3917.37 3917.37 0.0 105058.1067
3931.51 3931.51 0.0 105053.3018
3945.66 3945.66 0.0 105048.3596
3959.8 3959.8 0.0 105043.4277
3973.94 3973.94 0.0 105038.0530
3988.08 3988.08 0.0 105032.0898
4002.22 4002.22 0.0 105025.3276
4016.37 4016.37 0.0 105018.3074
4030.51 4030.51 0.0 105011.3052
4044.65 4044.65 0.0 105004.3113
4058.79 4058.79 0.0 104997.0737
4072.94 4072.94 0.0 104989.7891
4087.08 4087.08 0.0 104982.5293
4101.22 4101.22 0.0 104975.2759
4115.36 4115.36 0.0 104968.0413
4129.5 4129.5 0.0 104960.8179
4143.65 4143.65 0.0 104953.6035
4157.79 4157.79 0.0 104946.4119
4171.93 4171.93 0.0 104939.2312
4186.07 4186.07 0.0 104932.0645
4200.21 4200.21 0.0 104924.9158
4214.36 4214.36 0.0 104917.7739
4228.5 4228.5 0.0 104910.6501
4242.64 4242.64 0.0 104901.4897
