0.0 0.0 0.0 355127.2969
14.1421 14.1421 0.0 353704.0000
28.2843 28.2843 0.0 352284.6719
42.4264 42.4264 0.0 350872.4219
56.5685 56.5685 0.0 349487.1875
70.7107 70.7107 0.0 348118.4375
84.8528 84.8528 0.0 346756.2969
98.9949 98.9949 0.0 345400.9688
113.137 113.137 0.0 344052.0938
127.279 127.279 0.0 342709.8594
141.421 141.421 0.0 341374.1562
155.563 155.563 0.0 340045.1719
169.706 169.706 0.0 338722.4531
183.848 183.848 0.0 337406.3438
197.99 197.99 0.0 336096.7188
212.132 212.132 0.0 334793.5000
226.274 226.274 0.0 333496.7656
240.416 240.416 0.0 332206.4219
254.558 254.558 0.0 330922.5312
268.701 268.701 0.0 329595.7500
282.843 282.843 0.0 328155.0312
296.985 296.985 0.0 326722.5312
311.127 311.127 0.0 325349.4531
325.269 325.269 0.0 323989.4062
339.411 339.411 0.0 322664.0000
353.553 353.553 0.0 321402.6562
367.696 367.696 0.0 320175.8906
381.838 381.838 0.0 318897.3906
395.98 395.98 0.0 317554.0625
410.122 410.122 0.0 316218.2500
424.264 424.264 0.0 314889.7031
438.406 438.406 0.0 313547.9688
452.548 452.548 0.0 312137.5938
466.69 466.69 0.0 310533.1719
480.833 480.833 0.0 308809.8750
494.975 494.975 0.0 307094.7031
509.117 509.117 0.0 305360.8906
523.259 523.259 0.0 303607.4219
537.401 537.401 0.0 301867.0000
551.543 551.543 0.0 300138.0625
565.685 565.685 0.0 298422.7188
579.828 579.828 0.0 296674.6562
593.97 593.97 0.0 294920.5000
608.112 608.112 0.0 293115.1094
622.254 622.254 0.0 291306.0938
636.396 636.396 0.0 289401.5156
650.538 650.538 0.0 287436.0781
664.68 664.68 0.0 285434.3750
678.823 678.823 0.0 283414.4062
692.965 692.965 0.0 281386.3281
707.107 707.107 0.0 279226.1875
721.249 721.249 0.0 277073.0469
735.391 735.391 0.0 274867.6250
749.533 749.533 0.0 272627.6094
763.675 763.675 0.0 270387.9531
777.817 777.817 0.0 268169.2656
791.96 791.96 0.0 265956.0781
806.102 806.102 0.0 264750.5156
820.244 820.244 0.0 263612.1719
834.386 834.386 0.0 262470.8438
848.528 848.528 0.0 261324.0000
862.67 862.67 0.0 260158.0781
876.812 876.812 0.0 258981.5781
890.955 890.955 0.0 257813.0625
905.097 905.097 0.0 256652.6719
919.239 919.239 0.0 255500.2031
933.381 933.381 0.0 254375.8125
947.523 947.523 0.0 253041.9219
961.665 961.665 0.0 251650.2188
975.807 975.807 0.0 250166.8281
989.949 989.949 0.0 248665.3281
1004.09 1004.09 0.0 247121.9688
1018.23 1018.23 0.0 245493.0000
1032.38 1032.38 0.0 243879.8594
1046.52 1046.52 0.0 242284.6875
1060.66 1060.66 0.0 240701.0938
1074.8 1074.8 0.0 239124.6875
1088.94 1088.94 0.0 237564.8594
1103.09 1103.09 0.0 236018.3594
1117.23 1117.23 0.0 234488.2969
1131.37 1131.37 0.0 232964.5469
1145.51 1145.51 0.0 231450.0625
1159.66 1159.66 0.0 229950.8828
1173.8 1173.8 0.0 228468.9375
1187.94 1187.94 0.0 227002.9844
1202.08 1202.08 0.0 225552.9844
1216.22 1216.22 0.0 224117.7812
1230.37 1230.37 0.0 222894.8125
1244.51 1244.51 0.0 221806.8125
1258.65 1258.65 0.0 220727.9688
1272.79 1272.79 0.0 219621.3125
1286.93 1286.93 0.0 218516.4609
1301.08 1301.08 0.0 217420.6172
1315.22 1315.22 0.0 216335.2422
1329.36 1329.36 0.0 215254.2031
1343.5 1343.5 0.0 214157.9141
1357.65 1357.65 0.0 213060.1953
1371.79 1371.79 0.0 211954.7031
1385.93 1385.93 0.0 210852.7969
1400.07 1400.07 0.0 209759.3359
1414.21 1414.21 0.0 208674.6250
1428.36 1428.36 0.0 207595.9766
1442.5 1442.5 0.0 206528.0781
1456.64 1456.64 0.0 205470.0781
1470.78 1470.78 0.0 204422.1875
1484.92 1484.92 0.0 203382.3047
1499.07 1499.07 0.0 202351.6719
1513.21 1513.21 0.0 201525.0781
1527.35 1527.35 0.0 200722.2969
1541.49 1541.49 0.0 199943.0234
1555.63 1555.63 0.0 199324.3828
1569.78 1569.78 0.0 198700.0859
1583.92 1583.92 0.0 198095.1562
1598.06 1598.06 0.0 197493.8125
1612.2 1612.2 0.0 196880.7422
1626.35 1626.35 0.0 196221.9219
1640.49 1640.49 0.0 195625.3438
1654.63 1654.63 0.0 195107.0078
1668.77 1668.77 0.0 194581.4531
1682.91 1682.91 0.0 194033.0703
1697.06 1697.06 0.0 193476.2656
1711.2 1711.2 0.0 192910.4766
1725.34 1725.34 0.0 192331.1328
1739.48 1739.48 0.0 191720.3281
1753.62 1753.62 0.0 191069.6328
1767.77 1767.77 0.0 190422.9531
1781.91 1781.91 0.0 189731.0938
1796.05 1796.05 0.0 189041.3516
1810.19 1810.19 0.0 188271.2266
1824.34 1824.34 0.0 187412.8750
1838.48 1838.48 0.0 186520.9141
1852.62 1852.62 0.0 185647.9688
1866.76 1866.76 0.0 185229.7969
1880.9 1880.9 0.0 184743.2578
1895.05 1895.05 0.0 184246.7500
1909.19 1909.19 0.0 183657.1797
1923.33 1923.33 0.0 183056.0000
1937.47 1937.47 0.0 182443.5469
1951.61 1951.61 0.0 181835.5156
1965.76 1965.76 0.0 181231.4375
1979.9 1979.9 0.0 180632.1172
1994.04 1994.04 0.0 180037.1406
2008.18 2008.18 0.0 179446.4453
2022.33 2022.33 0.0 178859.6172
2036.47 2036.47 0.0 178249.7656
2050.61 2050.61 0.0 177624.7969
2064.75 2064.75 0.0 177004.6719
2078.89 2078.89 0.0 176389.4297
2093.04 2093.04 0.0 175775.7031
2107.18 2107.18 0.0 175162.9141
2121.32 2121.32 0.0 174555.0156
2135.46 2135.46 0.0 173953.8984
2149.6 2149.6 0.0 173423.2812
2163.75 2163.75 0.0 172976.4766
2177.89 2177.89 0.0 172577.0703
2192.03 2192.03 0.0 172126.1016
2206.17 2206.17 0.0 171673.3828
2220.32 2220.32 0.0 171217.6641
2234.46 2234.46 0.0 170765.1406
2248.6 2248.6 0.0 170315.4297
2262.74 2262.74 0.0 169868.5625
2276.88 2276.88 0.0 169425.8438
2291.03 2291.03 0.0 168963.6406
2305.17 2305.17 0.0 168393.4297
2319.31 2319.31 0.0 167813.6719
2333.45 2333.45 0.0 167188.7422
2347.59 2347.59 0.0 166569.2188
2361.74 2361.74 0.0 165954.9258
2375.88 2375.88 0.0 165346.6484
2390.02 2390.02 0.0 164737.8438
2404.16 2404.16 0.0 164132.2617
2418.31 2418.31 0.0 163530.9531
2432.45 2432.45 0.0 162976.9727
2446.59 2446.59 0.0 162442.9492
2460.73 2460.73 0.0 161912.6055
2474.87 2474.87 0.0 161386.0469
2489.02 2489.02 0.0 161002.8320
2503.16 2503.16 0.0 160751.3281
2517.3 2517.3 0.0 160496.0391
2531.44 2531.44 0.0 160230.2734
2545.58 2545.58 0.0 159909.0078
2559.73 2559.73 0.0 159548.9023
2573.87 2573.87 0.0 159110.1406
2588.01 2588.01 0.0 158645.5781
2602.15 2602.15 0.0 158184.6172
2616.3 2616.3 0.0 157726.9961
2630.44 2630.44 0.0 157273.2188
2644.58 2644.58 0.0 156823.0195
2658.72 2658.72 0.0 156396.3281
2672.86 2672.86 0.0 155988.4961
2687.01 2687.01 0.0 155552.6523
2701.15 2701.15 0.0 155098.8984
2715.29 2715.29 0.0 154644.9688
2729.43 2729.43 0.0 154170.3125
2743.57 2743.57 0.0 153647.0508
2757.72 2757.72 0.0 153125.2500
2771.86 2771.86 0.0 152604.1016
2786.0 2786.0 0.0 152039.1016
2800.14 2800.14 0.0 151471.0000
2814.28 2814.28 0.0 150896.8867
2828.43 2828.43 0.0 150321.5820
2842.57 2842.57 0.0 149753.1758
2856.71 2856.71 0.0 149191.2383
2870.85 2870.85 0.0 148635.6562
2885.0 2885.0 0.0 148085.9805
2899.14 2899.14 0.0 147542.9297
2913.28 2913.28 0.0 147003.3242
2927.42 2927.42 0.0 146519.3906
2941.56 2941.56 0.0 146040.4258
2955.71 2955.71 0.0 145566.1211
2969.85 2969.85 0.0 145097.0508
2983.99 2983.99 0.0 144632.8555
2998.13 2998.13 0.0 144176.4062
3012.27 3012.27 0.0 143715.4180
3026.42 3026.42 0.0 143258.8164
3040.56 3040.56 0.0 142807.3320
3054.7 3054.7 0.0 142364.4805
3068.84 3068.84 0.0 141926.7656
3082.99 3082.99 0.0 141493.3477
3097.13 3097.13 0.0 141064.7461
3111.27 3111.27 0.0 140640.6289
3125.41 3125.41 0.0 140220.9531
3139.55 3139.55 0.0 139805.6758
3153.7 3153.7 0.0 139394.4492
3167.84 3167.84 0.0 138989.0586
3181.98 3181.98 0.0 138601.2852
3196.12 3196.12 0.0 138217.4414
3210.26 3210.26 0.0 137837.4648
3224.41 3224.41 0.0 137463.5352
3238.55 3238.55 0.0 137094.4414
3252.69 3252.69 0.0 136730.5195
3266.83 3266.83 0.0 136396.6484
3280.98 3280.98 0.0 136065.6250
3295.12 3295.12 0.0 135737.9336
3309.26 3309.26 0.0 135413.2539
3323.4 3323.4 0.0 135104.5820
3337.54 3337.54 0.0 134817.7344
3351.69 3351.69 0.0 134533.0664
3365.83 3365.83 0.0 134246.5273
3379.97 3379.97 0.0 133987.3359
3394.11 3394.11 0.0 133736.4375
3408.25 3408.25 0.0 133491.4473
3422.4 3422.4 0.0 133267.3008
3436.54 3436.54 0.0 133044.8672
3450.68 3450.68 0.0 132823.9395
3464.82 3464.82 0.0 132623.3906
3478.97 3478.97 0.0 132425.7988
3493.11 3493.11 0.0 132229.5645
3507.25 3507.25 0.0 132034.5566
3521.39 3521.39 0.0 131840.7539
3535.53 3535.53 0.0 131648.1699
3549.68 3549.68 0.0 131456.6426
3563.82 3563.82 0.0 131267.0430
3577.96 3577.96 0.0 131090.3711
3592.1 3592.1 0.0 130914.7266
3606.24 3606.24 0.0 130739.2930
3620.39 3620.39 0.0 130564.6855
3634.53 3634.53 0.0 130391.2051
3648.67 3648.67 0.0 130218.7656
3662.81 3662.81 0.0 130047.3047
3676.96 3676.96 0.0 129876.7461
3691.1 3691.1 0.0 129707.3008
3705.24 3705.24 0.0 129538.8418
3719.38 3719.38 0.0 129371.3887
3733.52 3733.52 0.0 129204.8867
3747.67 3747.67 0.0 129039.2773
3761.81 3761.81 0.0 128874.7266
3775.95 3775.95 0.0 128710.7031
3790.09 3790.09 0.0 128546.9238
3804.23 3804.23 0.0 128383.9922
3818.38 3818.38 0.0 128221.9062
3832.52 3832.52 0.0 128060.8887
3846.66 3846.66 0.0 127900.8262
3860.8 3860.8 0.0 127741.7109
3874.95 3874.95 0.0 127583.4238
3889.09 3889.09 0.0 127426.1895
3903.23 3903.23 0.0 127269.8672
3917.37 3917.37 0.0 127114.4844
3931.51 3931.51 0.0 126960.0215
3945.66 3945.66 0.0 126806.3418
3959.8 3959.8 0.0 126653.6953
3973.94 3973.94 0.0 126501.9707
3988.08 3988.08 0.0 126351.1016
4002.22 4002.22 0.0 126200.2832
4016.37 4016.37 0.0 126050.1777
4030.51 4030.51 0.0 125901.0820
4044.65 4044.65 0.0 125752.8555
4058.79 4058.79 0.0 125605.5469
4072.94 4072.94 0.0 125458.9785
4087.08 4087.08 0.0 125311.7812
4101.22 4101.22 0.0 125156.1543
4115.36 4115.36 0.0 125000.4668
4129.5 4129.5 0.0 124836.1836
4143.65 4143.65 0.0 124668.9395
4157.79 4157.79 0.0 124498.7012
4171.93 4171.93 0.0 124329.6777
4186.07 4186.07 0.0 124157.0078
4200.21 4200.21 0.0 123985.0176
4214.36 4214.36 0.0 123814.1680
4228.5 4228.5 0.0 123641.6680
4242.64 4242.64 0.0 123465.3906
