0.0 0.0 0.0 1085013.1250
14.1421 14.1421 0.0 916757.5625
28.2843 28.2843 0.0 766661.3750
42.4264 42.4264 0.0 636716.3750
56.5685 56.5685 0.0 526613.0938
70.7107 70.7107 0.0 433779.5625
84.8528 84.8528 0.0 358284.4688
98.9949 98.9949 0.0 298275.0781
113.137 113.137 0.0 251345.4844
127.279 127.279 0.0 220320.1562
141.421 141.421 0.0 201450.9844
155.563 155.563 0.0 187386.4609
169.706 169.706 0.0 175224.2578
183.848 183.848 0.0 164696.7539
197.99 197.99 0.0 155604.4883
212.132 212.132 0.0 147786.7109
226.274 226.274 0.0 141086.9922
240.416 240.416 0.0 135390.0039
254.558 254.558 0.0 131078.7441
268.701 268.701 0.0 128128.9473
282.843 282.843 0.0 125693.9004
296.985 296.985 0.0 123796.0020
311.127 311.127 0.0 122126.4023
325.269 325.269 0.0 120568.9570
339.411 339.411 0.0 119101.6914
353.553 353.553 0.0 117745.3613
367.696 367.696 0.0 116491.5615
381.838 381.838 0.0 115332.8926
395.98 395.98 0.0 114568.0049
410.122 410.122 0.0 113847.2559
424.264 424.264 0.0 113165.4863
438.406 438.406 0.0 112519.8301
452.548 452.548 0.0 112037.5000
466.69 466.69 0.0 111625.7178
480.833 480.833 0.0 111223.1084
494.975 494.975 0.0 110834.7900
509.117 509.117 0.0 110459.5107
523.259 523.259 0.0 110098.9795
537.401 537.401 0.0 109752.4062
551.543 551.543 0.0 109427.9302
565.685 565.685 0.0 109119.2036
579.828 579.828 0.0 108821.3335
593.97 593.97 0.0 108534.8232
608.112 608.112 0.0 108252.7866
622.254 622.254 0.0 108043.5469
636.396 636.396 0.0 107852.6177
650.538 650.538 0.0 107666.2197
664.68 664.68 0.0 107489.1011
678.823 678.823 0.0 107316.9077
692.965 692.965 0.0 107149.5171
707.107 707.107 0.0 106986.7915
721.249 721.249 0.0 106828.6055
735.391 735.391 0.0 106674.8193
749.533 749.533 0.0 106525.3218
763.675 763.675 0.0 106379.9907
777.817 777.817 0.0 106245.3687
791.96 791.96 0.0 106120.2910
806.102 806.102 0.0 105997.3516
820.244 820.244 0.0 105873.3438
834.386 834.386 0.0 105753.1426
848.528 848.528 0.0 105636.6782
862.67 862.67 0.0 105523.2690
876.812 876.812 0.0 105412.8416
890.955 890.955 0.0 105305.3013
905.097 905.097 0.0 105200.5923
919.239 919.239 0.0 105098.6326
933.381 933.381 0.0 104997.5159
947.523 947.523 0.0 104922.1206
961.665 961.665 0.0 104848.2683
975.807 975.807 0.0 104778.9260
989.949 989.949 0.0 104730.8230
1004.09 1004.09 0.0 104683.3899
1018.23 1018.23 0.0 104636.6230
1032.38 1032.38 0.0 104587.2808
1046.52 1046.52 0.0 104537.9929
1060.66 1060.66 0.0 104495.4626
1074.8 1074.8 0.0 104469.8162
1088.94 1088.94 0.0 104443.5085
1103.09 1103.09 0.0 104417.1877
1117.23 1117.23 0.0 104391.1108
1131.37 1131.37 0.0 104365.2517
1145.51 1145.51 0.0 104339.6094
1159.66 1159.66 0.0 104314.1672
1173.8 1173.8 0.0 104288.9565
1187.94 1187.94 0.0 104263.9465
1202.08 1202.08 0.0 104239.0479
1216.22 1216.22 0.0 104214.3652
1230.37 1230.37 0.0 104189.8718
1244.51 1244.51 0.0 104165.5999
1258.65 1258.65 0.0 104141.5354
1272.79 1272.79 0.0 104117.6746
1286.93 1286.93 0.0 104088.7876
1301.08 1301.08 0.0 104060.1624
1315.22 1315.22 0.0 104031.8499
1329.36 1329.36 0.0 104003.8228
1343.5 1343.5 0.0 103976.0513
1357.65 1357.65 0.0 103950.3892
1371.79 1371.79 0.0 103928.8611
1385.93 1385.93 0.0 103907.5093
1400.07 1400.07 0.0 103886.3337
1414.21 1414.21 0.0 103865.3291
1428.36 1428.36 0.0 103844.2505
1442.5 1442.5 0.0 103821.9216
1456.64 1456.64 0.0 103799.7939
1470.78 1470.78 0.0 103778.0818
1484.92 1484.92 0.0 103758.0623
1499.07 1499.07 0.0 103738.1863
1513.21 1513.21 0.0 103718.4897
1527.35 1527.35 0.0 103698.9800
1541.49 1541.49 0.0 103679.7822
1555.63 1555.63 0.0 103660.7419
1569.78 1569.78 0.0 103641.7009
1583.92 1583.92 0.0 103622.8623
1598.06 1598.06 0.0 103604.1763
1612.2 1612.2 0.0 103585.6401
1626.35 1626.35 0.0 103567.2417
1640.49 1640.49 0.0 103549.0034
1654.63 1654.63 0.0 103527.1531
1668.77 1668.77 0.0 103506.2429
1682.91 1682.91 0.0 103486.1667
1697.06 1697.06 0.0 103467.1599
1711.2 1711.2 0.0 103456.2598
1725.34 1725.34 0.0 103446.0764
1739.48 1739.48 0.0 103435.3264
1753.62 1753.62 0.0 103424.5811
1767.77 1767.77 0.0 103413.8872
1781.91 1781.91 0.0 103403.2537
1796.05 1796.05 0.0 103392.6733
1810.19 1810.19 0.0 103382.1465
1824.34 1824.34 0.0 103371.6685
1838.48 1838.48 0.0 103361.2197
1852.62 1852.62 0.0 103350.8010
1866.76 1866.76 0.0 103340.4375
1880.9 1880.9 0.0 103330.1259
1895.05 1895.05 0.0 103319.8593
1909.19 1909.19 0.0 103309.6512
1923.33 1923.33 0.0 103299.4987
1937.47 1937.47 0.0 103289.0466
1951.61 1951.61 0.0 103278.6364
1965.76 1965.76 0.0 103273.7826
1979.9 1979.9 0.0 103268.7649
1994.04 1994.04 0.0 103263.7610
2008.18 2008.18 0.0 103258.1179
2022.33 2022.33 0.0 103252.0117
2036.47 2036.47 0.0 103246.6691
2050.61 2050.61 0.0 103241.3450
2064.75 2064.75 0.0 103236.0967
2078.89 2078.89 0.0 103230.6547
2093.04 2093.04 0.0 103224.8662
2107.18 2107.18 0.0 103220.3488
2121.32 2121.32 0.0 103215.5919
2135.46 2135.46 0.0 103209.4038
2149.6 2149.6 0.0 103203.2349
2163.75 2163.75 0.0 103197.0809
2177.89 2177.89 0.0 103189.9279
2192.03 2192.03 0.0 103182.3666
2206.17 2206.17 0.0 103174.8378
2220.32 2220.32 0.0 103167.3358
2234.46 2234.46 0.0 103159.8679
2248.6 2248.6 0.0 103152.4319
2262.74 2262.74 0.0 103146.2594
2276.88 2276.88 0.0 103141.3074
2291.03 2291.03 0.0 103135.3320
2305.17 2305.17 0.0 103127.8630
2319.31 2319.31 0.0 103120.1958
2333.45 2333.45 0.0 103112.5184
2347.59 2347.59 0.0 103106.1226
2361.74 2361.74 0.0 103101.7950
2375.88 2375.88 0.0 103097.2856
2390.02 2390.02 0.0 103092.4600
2404.16 2404.16 0.0 103087.6466
2418.31 2418.31 0.0 103082.8430
2432.45 2432.45 0.0 103078.5170
2446.59 2446.59 0.0 103074.9459
2460.73 2460.73 0.0 103071.3787
2474.87 2474.87 0.0 103067.8190
2489.02 2489.02 0.0 103064.2655
2503.16 2503.16 0.0 103060.7192
2517.3 2517.3 0.0 103057.1011
2531.44 2531.44 0.0 103053.4368
2545.58 2545.58 0.0 103049.2456
2559.73 2559.73 0.0 103044.9529
2573.87 2573.87 0.0 103040.6733
2588.01 2588.01 0.0 103036.4021
2602.15 2602.15 0.0 103032.1399
2616.3 2616.3 0.0 103027.8866
2630.44 2630.44 0.0 103023.6454
2644.58 2644.58 0.0 103019.4165
2658.72 2658.72 0.0 103013.1475
2672.86 2672.86 0.0 103005.2886
2687.01 2687.01 0.0 102997.1627
2701.15 2701.15 0.0 102988.7874
2715.29 2715.29 0.0 102980.4542
2729.43 2729.43 0.0 102972.1626
2743.57 2743.57 0.0 102966.3317
2757.72 2757.72 0.0 102964.2452
2771.86 2771.86 0.0 102962.0270
2786.0 2786.0 0.0 102959.6420
2800.14 2800.14 0.0 102957.0483
2814.28 2814.28 0.0 102955.0667
2828.43 2828.43 0.0 102953.7765
2842.57 2842.57 0.0 102952.1382
2856.71 2856.71 0.0 102949.7615
2870.85 2870.85 0.0 102947.6248
2885.0 2885.0 0.0 102947.2723
2899.14 2899.14 0.0 102946.9183
2913.28 2913.28 0.0 102946.5643
2927.42 2927.42 0.0 102946.3729
2941.56 2941.56 0.0 102946.0377
2955.71 2955.71 0.0 102945.0524
2969.85 2969.85 0.0 102944.0663
2983.99 2983.99 0.0 102943.0837
2998.13 2998.13 0.0 102942.0618
3012.27 3012.27 0.0 102939.2152
3026.42 3026.42 0.0 102936.4865
3040.56 3040.56 0.0 102934.6333
3054.7 3054.7 0.0 102932.7255
3068.84 3068.84 0.0 102930.8217
3082.99 3082.99 0.0 102928.9177
3097.13 3097.13 0.0 102927.0189
3111.27 3111.27 0.0 102924.7933
3125.41 3125.41 0.0 102922.3165
3139.55 3139.55 0.0 102919.8450
3153.7 3153.7 0.0 102917.3705
3167.84 3167.84 0.0 102914.9050
3181.98 3181.98 0.0 102912.4427
3196.12 3196.12 0.0 102909.9835
3210.26 3210.26 0.0 102907.5280
3224.41 3224.41 0.0 102905.0754
3238.55 3238.55 0.0 102902.6285
3252.69 3252.69 0.0 102900.1439
3266.83 3266.83 0.0 102897.5756
3280.98 3280.98 0.0 102895.0114
3295.12 3295.12 0.0 102892.4521
3309.26 3309.26 0.0 102889.7687
3323.4 3323.4 0.0 102887.0514
3337.54 3337.54 0.0 102884.3505
3351.69 3351.69 0.0 102881.5350
3365.83 3365.83 0.0 102877.5981
3379.97 3379.97 0.0 102873.6750
3394.11 3394.11 0.0 102869.7588
3408.25 3408.25 0.0 102865.8511
3422.4 3422.4 0.0 102861.9546
3436.54 3436.54 0.0 102858.0695
3450.68 3450.68 0.0 102854.1925
3464.82 3464.82 0.0 102850.3264
3478.97 3478.97 0.0 102846.4242
3493.11 3493.11 0.0 102842.5305
3507.25 3507.25 0.0 102838.6505
3521.39 3521.39 0.0 102834.7782
3535.53 3535.53 0.0 102830.6166
3549.68 3549.68 0.0 102825.6353
3563.82 3563.82 0.0 102819.5450
3577.96 3577.96 0.0 102813.2595
3592.1 3592.1 0.0 102806.9899
3606.24 3606.24 0.0 102800.7495
3620.39 3620.39 0.0 102794.5289
3634.53 3634.53 0.0 102789.7194
3648.67 3648.67 0.0 102787.2780
3662.81 3662.81 0.0 102784.8407
3676.96 3676.96 0.0 102782.4061
3691.1 3691.1 0.0 102779.9746
3705.24 3705.24 0.0 102777.5490
3719.38 3719.38 0.0 102775.1270
3733.52 3733.52 0.0 102772.7092
3747.67 3747.67 0.0 102770.2941
3761.81 3761.81 0.0 102767.8851
3775.95 3775.95 0.0 102765.4788
3790.09 3790.09 0.0 102763.0776
3804.23 3804.23 0.0 102760.6799
3818.38 3818.38 0.0 102758.2858
3832.52 3832.52 0.0 102756.4033
3846.66 3846.66 0.0 102755.0194
3860.8 3860.8 0.0 102753.6171
3874.95 3874.95 0.0 102752.1949
3889.09 3889.09 0.0 102750.0754
3903.23 3903.23 0.0 102747.7502
3917.37 3917.37 0.0 102745.4290
3931.51 3931.51 0.0 102743.1121
3945.66 3945.66 0.0 102740.7955
3959.8 3959.8 0.0 102738.4868
3973.94 3973.94 0.0 102736.1799
3988.08 3988.08 0.0 102733.8766
4002.22 4002.22 0.0 102731.5785
4016.37 4016.37 0.0 102729.2815
4030.51 4030.51 0.0 102726.9895
4044.65 4044.65 0.0 102724.7019
4058.79 4058.79 0.0 102722.4175
4072.94 4072.94 0.0 102720.1089
4087.08 4087.08 0.0 102717.7966
4101.22 4101.22 0.0 102715.4862
4115.36 4115.36 0.0 102713.1818
4129.5 4129.5 0.0 102710.8804
4143.65 4143.65 0.0 102708.5797
4157.79 4157.79 0.0 102706.2853
4171.93 4171.93 0.0 102703.9967
4186.07 4186.07 0.0 102701.7104
4200.21 4200.21 0.0 102699.4275
4214.36 4214.36 0.0 102697.1464
4228.5 4228.5 0.0 102694.8708
4242.64 4242.64 0.0 102692.6017
