0.0 0.0 0.0 1166264.1250
14.1421 14.1421 0.0 1091077.6875
28.2843 28.2843 0.0 1013936.1875
42.4264 42.4264 0.0 935321.2500
56.5685 56.5685 0.0 857094.5625
70.7107 70.7107 0.0 782059.8125
84.8528 84.8528 0.0 708654.3750
98.9949 98.9949 0.0 637685.5625
113.137 113.137 0.0 568849.3750
127.279 127.279 0.0 505492.8750
141.421 141.421 0.0 448701.6562
155.563 155.563 0.0 398102.8125
169.706 169.706 0.0 351307.6719
183.848 183.848 0.0 314617.0781
197.99 197.99 0.0 287216.4375
212.132 212.132 0.0 262299.7188
226.274 226.274 0.0 246419.7656
240.416 240.416 0.0 232488.2969
254.558 254.558 0.0 221823.2656
268.701 268.701 0.0 213321.8125
282.843 282.843 0.0 205390.0312
296.985 296.985 0.0 197993.1797
311.127 311.127 0.0 191098.7031
325.269 325.269 0.0 184631.7188
339.411 339.411 0.0 178579.8438
353.553 353.553 0.0 172987.8984
367.696 367.696 0.0 167632.4766
381.838 381.838 0.0 162665.3789
395.98 395.98 0.0 158082.6797
410.122 410.122 0.0 154293.3008
424.264 424.264 0.0 151018.8203
438.406 438.406 0.0 148212.4961
452.548 452.548 0.0 145623.2109
466.69 466.69 0.0 143213.2031
480.833 480.833 0.0 140931.5781
494.975 494.975 0.0 138772.0625
509.117 509.117 0.0 136728.2148
523.259 523.259 0.0 134794.0664
537.401 537.401 0.0 132963.9023
551.543 551.543 0.0 131648.0977
565.685 565.685 0.0 130474.2051
579.828 579.828 0.0 129345.0508
593.97 593.97 0.0 128263.4336
608.112 608.112 0.0 127370.8652
622.254 622.254 0.0 126507.5000
636.396 636.396 0.0 125672.5059
650.538 650.538 0.0 124859.8262
664.68 664.68 0.0 124070.9785
678.823 678.823 0.0 123301.8203
692.965 692.965 0.0 122523.4609
707.107 707.107 0.0 121760.9902
721.249 721.249 0.0 121024.2695
735.391 735.391 0.0 120313.8867
749.533 749.533 0.0 119628.8574
763.675 763.675 0.0 119037.1934
777.817 777.817 0.0 118589.1777
791.96 791.96 0.0 118152.3711
806.102 806.102 0.0 117725.7949
820.244 820.244 0.0 117286.6895
834.386 834.386 0.0 116850.4092
848.528 848.528 0.0 116421.9990
862.67 862.67 0.0 115988.4180
876.812 876.812 0.0 115567.2217
890.955 890.955 0.0 115158.0010
905.097 905.097 0.0 114760.4922
919.239 919.239 0.0 114378.2891
933.381 933.381 0.0 114001.0312
947.523 947.523 0.0 113628.5674
961.665 961.665 0.0 113358.4414
975.807 975.807 0.0 113094.2109
989.949 989.949 0.0 112835.7490
1004.09 1004.09 0.0 112582.9629
1018.23 1018.23 0.0 112335.7002
1032.38 1032.38 0.0 112083.3350
1046.52 1046.52 0.0 111828.4814
1060.66 1060.66 0.0 111579.1377
1074.8 1074.8 0.0 111329.0742
1088.94 1088.94 0.0 111072.1982
1103.09 1103.09 0.0 110875.3184
1117.23 1117.23 0.0 110706.3555
1131.37 1131.37 0.0 110551.3701
1145.51 1145.51 0.0 110394.6250
1159.66 1159.66 0.0 110235.4697
1173.8 1173.8 0.0 110079.0254
1187.94 1187.94 0.0 109925.3154
1202.08 1202.08 0.0 109774.2920
1216.22 1216.22 0.0 109625.9111
1230.37 1230.37 0.0 109480.0273
1244.51 1244.51 0.0 109336.7852
1258.65 1258.65 0.0 109193.0898
1272.79 1272.79 0.0 109039.1870
1286.93 1286.93 0.0 108892.1475
1301.08 1301.08 0.0 108747.8042
1315.22 1315.22 0.0 108597.3823
1329.36 1329.36 0.0 108448.5112
1343.5 1343.5 0.0 108302.6641
1357.65 1357.65 0.0 108159.7017
1371.79 1371.79 0.0 108021.1606
1385.93 1385.93 0.0 107915.7515
1400.07 1400.07 0.0 107811.2441
1414.21 1414.21 0.0 107708.3823
1428.36 1428.36 0.0 107607.0815
1442.5 1442.5 0.0 107520.3154
1456.64 1456.64 0.0 107457.7446
1470.78 1470.78 0.0 107395.7979
1484.92 1484.92 0.0 107334.4814
1499.07 1499.07 0.0 107273.7334
1513.21 1513.21 0.0 107213.6406
1527.35 1527.35 0.0 107154.1489
1541.49 1541.49 0.0 107095.2661
1555.63 1555.63 0.0 107036.9731
1569.78 1569.78 0.0 106979.2236
1583.92 1583.92 0.0 106929.6211
1598.06 1598.06 0.0 106886.2529
1612.2 1612.2 0.0 106848.5894
1626.35 1626.35 0.0 106810.0840
1640.49 1640.49 0.0 106771.8745
1654.63 1654.63 0.0 106733.9282
1668.77 1668.77 0.0 106696.2329
1682.91 1682.91 0.0 106658.7798
1697.06 1697.06 0.0 106621.5581
1711.2 1711.2 0.0 106584.5317
1725.34 1725.34 0.0 106547.6533
1739.48 1739.48 0.0 106510.9004
1753.62 1753.62 0.0 106473.2959
1767.77 1767.77 0.0 106431.1323
1781.91 1781.91 0.0 106388.9336
1796.05 1796.05 0.0 106347.0820
1810.19 1810.19 0.0 106305.5781
1824.34 1824.34 0.0 106264.3862
1838.48 1838.48 0.0 106223.7319
1852.62 1852.62 0.0 106184.0698
1866.76 1866.76 0.0 106144.7329
1880.9 1880.9 0.0 106106.6465
1895.05 1895.05 0.0 106069.1040
1909.19 1909.19 0.0 106031.8818
1923.33 1923.33 0.0 105994.9492
1937.47 1937.47 0.0 105967.6587
1951.61 1951.61 0.0 105940.6924
1965.76 1965.76 0.0 105912.7969
1979.9 1979.9 0.0 105893.9775
1994.04 1994.04 0.0 105882.1313
2008.18 2008.18 0.0 105874.3525
2022.33 2022.33 0.0 105866.7964
2036.47 2036.47 0.0 105857.7886
2050.61 2050.61 0.0 105846.3369
2064.75 2064.75 0.0 105832.3848
2078.89 2078.89 0.0 105822.9033
2093.04 2093.04 0.0 105814.6338
2107.18 2107.18 0.0 105807.0469
2121.32 2121.32 0.0 105800.2686
2135.46 2135.46 0.0 105793.5024
2149.6 2149.6 0.0 105786.7432
2163.75 2163.75 0.0 105779.9873
2177.89 2177.89 0.0 105771.6074
2192.03 2192.03 0.0 105763.2314
2206.17 2206.17 0.0 105753.3306
2220.32 2220.32 0.0 105742.4995
2234.46 2234.46 0.0 105732.4160
2248.6 2248.6 0.0 105714.6421
2262.74 2262.74 0.0 105696.6440
2276.88 2276.88 0.0 105678.7158
2291.03 2291.03 0.0 105663.4966
2305.17 2305.17 0.0 105649.4985
2319.31 2319.31 0.0 105639.7031
2333.45 2333.45 0.0 105630.8433
2347.59 2347.59 0.0 105621.7231
2361.74 2361.74 0.0 105612.2271
2375.88 2375.88 0.0 105602.7578
2390.02 2390.02 0.0 105594.4272
2404.16 2404.16 0.0 105587.1768
2418.31 2418.31 0.0 105576.5063
2432.45 2432.45 0.0 105565.8706
2446.59 2446.59 0.0 105555.2554
2460.73 2460.73 0.0 105544.6748
2474.87 2474.87 0.0 105534.5137
2489.02 2489.02 0.0 105529.5308
2503.16 2503.16 0.0 105524.5562
2517.3 2517.3 0.0 105519.5835
2531.44 2531.44 0.0 105514.4727
2545.58 2545.58 0.0 105509.4121
2559.73 2559.73 0.0 105504.2588
2573.87 2573.87 0.0 105497.6177
2588.01 2588.01 0.0 105490.3213
2602.15 2602.15 0.0 105483.0356
2616.3 2616.3 0.0 105475.2021
2630.44 2630.44 0.0 105465.1108
2644.58 2644.58 0.0 105455.0562
2658.72 2658.72 0.0 105440.0132
2672.86 2672.86 0.0 105427.1172
2687.01 2687.01 0.0 105414.2576
2701.15 2701.15 0.0 105401.4468
2715.29 2715.29 0.0 105387.7666
2729.43 2729.43 0.0 105372.1094
2743.57 2743.57 0.0 105353.4331
2757.72 2757.72 0.0 105332.9075
2771.86 2771.86 0.0 105312.4717
2786.0 2786.0 0.0 105292.1418
2800.14 2800.14 0.0 105268.9988
2814.28 2814.28 0.0 105245.5081
2828.43 2828.43 0.0 105219.0159
2842.57 2842.57 0.0 105192.5864
2856.71 2856.71 0.0 105168.9238
2870.85 2870.85 0.0 105147.8464
2885.0 2885.0 0.0 105126.4429
2899.14 2899.14 0.0 105104.9741
2913.28 2913.28 0.0 105082.1128
2927.42 2927.42 0.0 105068.5544
2941.56 2941.56 0.0 105065.3096
2955.71 2955.71 0.0 105062.0640
2969.85 2969.85 0.0 105058.8210
2983.99 2983.99 0.0 105054.2603
2998.13 2998.13 0.0 105049.6428
3012.27 3012.27 0.0 105044.8418
3026.42 3026.42 0.0 105037.7507
3040.56 3040.56 0.0 105030.6697
3054.7 3054.7 0.0 105023.6074
3068.84 3068.84 0.0 105016.3513
3082.99 3082.99 0.0 105005.7632
3097.13 3097.13 0.0 104993.6951
3111.27 3111.27 0.0 104981.6646
3125.41 3125.41 0.0 104969.6733
3139.55 3139.55 0.0 104955.3499
3153.7 3153.7 0.0 104940.3149
3167.84 3167.84 0.0 104925.3767
3181.98 3181.98 0.0 104910.5444
3196.12 3196.12 0.0 104895.7710
3210.26 3210.26 0.0 104881.0591
3224.41 3224.41 0.0 104868.7981
3238.55 3238.55 0.0 104864.3679
3252.69 3252.69 0.0 104859.3545
3266.83 3266.83 0.0 104852.4600
3280.98 3280.98 0.0 104845.4353
3295.12 3295.12 0.0 104838.3792
3309.26 3309.26 0.0 104832.5525
3323.4 3323.4 0.0 104827.5122
3337.54 3337.54 0.0 104822.4858
3351.69 3351.69 0.0 104815.8662
3365.83 3365.83 0.0 104807.5974
3379.97 3379.97 0.0 104799.3481
3394.11 3394.11 0.0 104791.1187
3408.25 3408.25 0.0 104782.9087
3422.4 3422.4 0.0 104774.7097
3436.54 3436.54 0.0 104765.7112
3450.68 3450.68 0.0 104755.1401
3464.82 3464.82 0.0 104745.4126
3478.97 3478.97 0.0 104735.6250
3493.11 3493.11 0.0 104725.7681
3507.25 3507.25 0.0 104715.9011
3521.39 3521.39 0.0 104706.0156
3535.53 3535.53 0.0 104698.6475
3549.68 3549.68 0.0 104697.1799
3563.82 3563.82 0.0 104695.7100
3577.96 3577.96 0.0 104694.2437
3592.1 3592.1 0.0 104692.7778
3606.24 3606.24 0.0 104691.3130
3620.39 3620.39 0.0 104689.5410
3634.53 3634.53 0.0 104687.4756
3648.67 3648.67 0.0 104685.4211
3662.81 3662.81 0.0 104682.4805
3676.96 3676.96 0.0 104678.4824
3691.1 3691.1 0.0 104674.4968
3705.24 3705.24 0.0 104670.5132
3719.38 3719.38 0.0 104666.5308
3733.52 3733.52 0.0 104662.5579
3747.67 3747.67 0.0 104658.5898
3761.81 3761.81 0.0 104654.6282
3775.95 3775.95 0.0 104650.6741
3790.09 3790.09 0.0 104646.7185
3804.23 3804.23 0.0 104642.7708
3818.38 3818.38 0.0 104638.8276
3832.52 3832.52 0.0 104634.8894
3846.66 3846.66 0.0 104630.9558
3860.8 3860.8 0.0 104627.0220
3874.95 3874.95 0.0 104623.0833
3889.09 3889.09 0.0 104619.1589
3903.23 3903.23 0.0 104615.2173
3917.37 3917.37 0.0 104611.2791
3931.51 3931.51 0.0 104607.3452
3945.66 3945.66 0.0 104603.2615
3959.8 3959.8 0.0 104598.2041
3973.94 3973.94 0.0 104593.1250
3988.08 3988.08 0.0 104588.0542
4002.22 4002.22 0.0 104582.9893
4016.37 4016.37 0.0 104577.9260
4030.51 4030.51 0.0 104572.8752
4044.65 4044.65 0.0 104567.8340
4058.79 4058.79 0.0 104562.7405
4072.94 4072.94 0.0 104557.3054
4087.08 4087.08 0.0 104551.8933
4101.22 4101.22 0.0 104544.9021
4115.36 4115.36 0.0 104537.8123
4129.5 4129.5 0.0 104530.5093
4143.65 4143.65 0.0 104523.1167
4157.79 4157.79 0.0 104515.7439
4171.93 4171.93 0.0 104508.3879
4186.07 4186.07 0.0 104497.1353
4200.21 4200.21 0.0 104485.3867
4214.36 4214.36 0.0 104473.6787
4228.5 4228.5 0.0 104462.0195
4242.64 4242.64 0.0 104450.3916
