0.0 0.0 0.0 336489.9531
14.1421 14.1421 0.0 334727.0938
28.2843 28.2843 0.0 332976.0781
42.4264 42.4264 0.0 331235.5469
56.5685 56.5685 0.0 329503.2969
70.7107 70.7107 0.0 327816.1875
84.8528 84.8528 0.0 326137.5156
98.9949 98.9949 0.0 324469.6094
113.137 113.137 0.0 322812.7188
127.279 127.279 0.0 321166.7500
141.421 141.421 0.0 319530.1250
155.563 155.563 0.0 317887.9219
169.706 169.706 0.0 316256.6094
183.848 183.848 0.0 314636.5312
197.99 197.99 0.0 313017.6875
212.132 212.132 0.0 311360.9531
226.274 226.274 0.0 309712.2031
240.416 240.416 0.0 308064.3594
254.558 254.558 0.0 306369.5938
268.701 268.701 0.0 304649.0625
282.843 282.843 0.0 302943.1875
296.985 296.985 0.0 301288.5625
311.127 311.127 0.0 299626.0312
325.269 325.269 0.0 297811.6250
339.411 339.411 0.0 296007.6250
353.553 353.553 0.0 294246.4219
367.696 367.696 0.0 292357.1250
381.838 381.838 0.0 290187.1250
395.98 395.98 0.0 288024.2500
410.122 410.122 0.0 285883.8750
424.264 424.264 0.0 283765.8281
438.406 438.406 0.0 281611.2500
452.548 452.548 0.0 279473.6406
466.69 466.69 0.0 277359.1719
480.833 480.833 0.0 275266.8438
494.975 494.975 0.0 273242.4062
509.117 509.117 0.0 271245.5156
523.259 523.259 0.0 269251.7812
537.401 537.401 0.0 266905.4688
551.543 551.543 0.0 264506.2344
565.685 565.685 0.0 262121.4062
579.828 579.828 0.0 259768.5156
593.97 593.97 0.0 257443.6406
608.112 608.112 0.0 255124.4062
622.254 622.254 0.0 252781.6875
636.396 636.396 0.0 250350.6406
650.538 650.538 0.0 247963.1719
664.68 664.68 0.0 245612.0938
678.823 678.823 0.0 243256.2969
692.965 692.965 0.0 240922.7031
707.107 707.107 0.0 238624.8281
721.249 721.249 0.0 236362.3438
735.391 735.391 0.0 234100.0469
749.533 749.533 0.0 231844.1641
763.675 763.675 0.0 229624.2344
777.817 777.817 0.0 227439.1328
791.96 791.96 0.0 225286.6797
806.102 806.102 0.0 223168.9453
820.244 820.244 0.0 220990.0859
834.386 834.386 0.0 218822.6562
848.528 848.528 0.0 216712.9922
862.67 862.67 0.0 214715.3828
876.812 876.812 0.0 212733.5547
890.955 890.955 0.0 210814.0469
905.097 905.097 0.0 209066.5078
919.239 919.239 0.0 207345.3516
933.381 933.381 0.0 205638.9219
947.523 947.523 0.0 204352.1328
961.665 961.665 0.0 203215.7422
975.807 975.807 0.0 202091.2734
989.949 989.949 0.0 200943.1953
1004.09 1004.09 0.0 199807.2500
1018.23 1018.23 0.0 198684.5859
1032.38 1032.38 0.0 197573.3438
1046.52 1046.52 0.0 196474.9375
1060.66 1060.66 0.0 195390.4688
1074.8 1074.8 0.0 194325.7422
1088.94 1088.94 0.0 193271.2969
1103.09 1103.09 0.0 192224.9609
1117.23 1117.23 0.0 191190.7422
1131.37 1131.37 0.0 190167.7812
1145.51 1145.51 0.0 189155.9453
1159.66 1159.66 0.0 188154.3281
1173.8 1173.8 0.0 187133.7656
1187.94 1187.94 0.0 186098.1250
1202.08 1202.08 0.0 185038.0703
1216.22 1216.22 0.0 183926.9375
1230.37 1230.37 0.0 182819.3438
1244.51 1244.51 0.0 181701.6328
1258.65 1258.65 0.0 180597.8906
1272.79 1272.79 0.0 179673.5312
1286.93 1286.93 0.0 178834.7266
1301.08 1301.08 0.0 178068.0859
1315.22 1315.22 0.0 177397.5625
1329.36 1329.36 0.0 176732.6406
1343.5 1343.5 0.0 176031.7891
1357.65 1357.65 0.0 175251.2500
1371.79 1371.79 0.0 174405.1484
1385.93 1385.93 0.0 173568.3672
1400.07 1400.07 0.0 172740.8281
1414.21 1414.21 0.0 171931.4453
1428.36 1428.36 0.0 171181.3672
1442.5 1442.5 0.0 170374.6953
1456.64 1456.64 0.0 169545.3125
1470.78 1470.78 0.0 168672.0781
1484.92 1484.92 0.0 167809.6094
1499.07 1499.07 0.0 166913.9219
1513.21 1513.21 0.0 165974.5898
1527.35 1527.35 0.0 165042.2891
1541.49 1541.49 0.0 164113.6289
1555.63 1555.63 0.0 163195.2773
1569.78 1569.78 0.0 162278.0508
1583.92 1583.92 0.0 161356.9102
1598.06 1598.06 0.0 160469.4570
1612.2 1612.2 0.0 159765.2461
1626.35 1626.35 0.0 159207.0977
1640.49 1640.49 0.0 158782.6055
1654.63 1654.63 0.0 158277.8359
1668.77 1668.77 0.0 157727.4570
1682.91 1682.91 0.0 157182.1719
1697.06 1697.06 0.0 156644.1836
1711.2 1711.2 0.0 156114.4883
1725.34 1725.34 0.0 155585.0820
1739.48 1739.48 0.0 155050.0781
1753.62 1753.62 0.0 154586.8398
1767.77 1767.77 0.0 154127.5781
1781.91 1781.91 0.0 153672.1914
1796.05 1796.05 0.0 153220.4531
1810.19 1810.19 0.0 152770.8633
1824.34 1824.34 0.0 152304.2812
1838.48 1838.48 0.0 151791.6250
1852.62 1852.62 0.0 151277.2695
1866.76 1866.76 0.0 150761.7070
1880.9 1880.9 0.0 150241.3789
1895.05 1895.05 0.0 149721.0938
1909.19 1909.19 0.0 149205.9297
1923.33 1923.33 0.0 148696.1055
1937.47 1937.47 0.0 148191.5977
1951.61 1951.61 0.0 147682.0312
1965.76 1965.76 0.0 147168.4844
1979.9 1979.9 0.0 146660.8633
1994.04 1994.04 0.0 146157.7266
2008.18 2008.18 0.0 145650.3047
2022.33 2022.33 0.0 145146.2852
2036.47 2036.47 0.0 144625.1953
2050.61 2050.61 0.0 144086.0859
2064.75 2064.75 0.0 143511.7656
2078.89 2078.89 0.0 142925.0312
2093.04 2093.04 0.0 142324.3359
2107.18 2107.18 0.0 141698.1406
2121.32 2121.32 0.0 141034.8008
2135.46 2135.46 0.0 140308.9297
2149.6 2149.6 0.0 139550.4336
2163.75 2163.75 0.0 138758.8398
2177.89 2177.89 0.0 138010.0625
2192.03 2192.03 0.0 137426.6836
2206.17 2206.17 0.0 136852.4102
2220.32 2220.32 0.0 136284.5508
2234.46 2234.46 0.0 135709.0742
2248.6 2248.6 0.0 135142.9102
2262.74 2262.74 0.0 134585.9102
2276.88 2276.88 0.0 134037.9258
2291.03 2291.03 0.0 133498.4590
2305.17 2305.17 0.0 132944.2539
2319.31 2319.31 0.0 132394.8477
2333.45 2333.45 0.0 131854.7090
2347.59 2347.59 0.0 131323.7402
2361.74 2361.74 0.0 130801.5195
2375.88 2375.88 0.0 130288.6113
2390.02 2390.02 0.0 129784.5039
2404.16 2404.16 0.0 129298.2031
2418.31 2418.31 0.0 128948.9082
2432.45 2432.45 0.0 128605.2695
2446.59 2446.59 0.0 128286.5605
2460.73 2460.73 0.0 127971.5273
2474.87 2474.87 0.0 127659.7695
2489.02 2489.02 0.0 127351.4062
2503.16 2503.16 0.0 127046.7949
2517.3 2517.3 0.0 126745.3496
2531.44 2531.44 0.0 126447.2285
2545.58 2545.58 0.0 126164.3965
2559.73 2559.73 0.0 125988.4902
2573.87 2573.87 0.0 125813.9531
2588.01 2588.01 0.0 125640.6289
2602.15 2602.15 0.0 125468.5156
2616.3 2616.3 0.0 125297.2617
2630.44 2630.44 0.0 125124.8828
2644.58 2644.58 0.0 124953.2539
2658.72 2658.72 0.0 124782.8320
2672.86 2672.86 0.0 124613.6289
2687.01 2687.01 0.0 124445.5098
2701.15 2701.15 0.0 124260.1328
2715.29 2715.29 0.0 124075.6289
2729.43 2729.43 0.0 123892.5879
2743.57 2743.57 0.0 123715.2598
2757.72 2757.72 0.0 123533.1328
2771.86 2771.86 0.0 123352.5957
2786.0 2786.0 0.0 123173.5215
2800.14 2800.14 0.0 122995.8789
2814.28 2814.28 0.0 122825.2559
2828.43 2828.43 0.0 122698.9785
2842.57 2842.57 0.0 122589.9766
2856.71 2856.71 0.0 122481.5176
2870.85 2870.85 0.0 122373.6191
2885.0 2885.0 0.0 122266.1895
2899.14 2899.14 0.0 122159.3633
2913.28 2913.28 0.0 122053.0938
2927.42 2927.42 0.0 121947.3438
2941.56 2941.56 0.0 121841.4766
2955.71 2955.71 0.0 121733.8750
2969.85 2969.85 0.0 121626.6406
2983.99 2983.99 0.0 121524.0391
2998.13 2998.13 0.0 121415.5664
3012.27 3012.27 0.0 121302.3750
3026.42 3026.42 0.0 121184.6465
3040.56 3040.56 0.0 121067.6914
3054.7 3054.7 0.0 120951.4062
3068.84 3068.84 0.0 120831.1016
3082.99 3082.99 0.0 120710.7109
3097.13 3097.13 0.0 120590.1211
3111.27 3111.27 0.0 120470.2773
3125.41 3125.41 0.0 120338.3438
3139.55 3139.55 0.0 120205.2500
3153.7 3153.7 0.0 120081.7734
3167.84 3167.84 0.0 119957.2578
3181.98 3181.98 0.0 119826.5586
3196.12 3196.12 0.0 119719.0684
3210.26 3210.26 0.0 119632.7148
3224.41 3224.41 0.0 119544.5977
3238.55 3238.55 0.0 119459.2227
3252.69 3252.69 0.0 119374.0645
3266.83 3266.83 0.0 119287.0098
3280.98 3280.98 0.0 119199.9668
3295.12 3295.12 0.0 119112.4258
3309.26 3309.26 0.0 119022.4727
3323.4 3323.4 0.0 118932.9785
3337.54 3337.54 0.0 118843.9102
3351.69 3351.69 0.0 118750.5977
3365.83 3365.83 0.0 118654.1680
3379.97 3379.97 0.0 118556.1953
3394.11 3394.11 0.0 118450.1895
3408.25 3408.25 0.0 118338.5547
3422.4 3422.4 0.0 118222.3105
3436.54 3436.54 0.0 118100.3008
3450.68 3450.68 0.0 117979.2676
3464.82 3464.82 0.0 117859.0703
3478.97 3478.97 0.0 117737.5273
3493.11 3493.11 0.0 117616.7246
3507.25 3507.25 0.0 117496.8115
3521.39 3521.39 0.0 117377.7656
3535.53 3535.53 0.0 117259.5830
3549.68 3549.68 0.0 117142.1934
3563.82 3563.82 0.0 117024.5576
3577.96 3577.96 0.0 116906.9873
3592.1 3592.1 0.0 116790.2881
3606.24 3606.24 0.0 116674.3701
3620.39 3620.39 0.0 116562.2559
3634.53 3634.53 0.0 116456.4102
3648.67 3648.67 0.0 116351.2949
3662.81 3662.81 0.0 116246.8809
3676.96 3676.96 0.0 116143.1406
3691.1 3691.1 0.0 116039.8145
3705.24 3705.24 0.0 115943.6602
3719.38 3719.38 0.0 115851.5332
3733.52 3733.52 0.0 115758.2256
3747.67 3747.67 0.0 115665.4385
3761.81 3761.81 0.0 115573.3193
3775.95 3775.95 0.0 115481.7930
3790.09 3790.09 0.0 115390.8428
3804.23 3804.23 0.0 115300.4688
3818.38 3818.38 0.0 115210.6104
3832.52 3832.52 0.0 115119.2363
3846.66 3846.66 0.0 115027.4600
3860.8 3860.8 0.0 114936.2949
3874.95 3874.95 0.0 114845.6572
3889.09 3889.09 0.0 114755.6943
3903.23 3903.23 0.0 114662.1182
3917.37 3917.37 0.0 114568.8838
3931.51 3931.51 0.0 114473.5293
3945.66 3945.66 0.0 114375.8896
3959.8 3959.8 0.0 114279.0430
3973.94 3973.94 0.0 114186.5420
3988.08 3988.08 0.0 114111.6143
4002.22 4002.22 0.0 114037.1191
4016.37 4016.37 0.0 113962.9961
4030.51 4030.51 0.0 113889.3623
4044.65 4044.65 0.0 113816.1543
4058.79 4058.79 0.0 113743.3701
4072.94 4072.94 0.0 113670.9541
4087.08 4087.08 0.0 113599.0107
4101.22 4101.22 0.0 113527.4844
4115.36 4115.36 0.0 113456.3721
4129.5 4129.5 0.0 113384.4727
4143.65 4143.65 0.0 113311.2275
4157.79 4157.79 0.0 113238.4600
4171.93 4171.93 0.0 113166.1484
4186.07 4186.07 0.0 113094.2783
4200.21 4200.21 0.0 113022.8252
4214.36 4214.36 0.0 112951.7646
4228.5 4228.5 0.0 112881.1787
4242.64 4242.64 0.0 112811.0176
