0.0 0.0 0.0 209184.1641
14.1421 14.1421 0.0 208630.2422
28.2843 28.2843 0.0 208078.9531
42.4264 42.4264 0.0 207530.3984
56.5685 56.5685 0.0 206984.5156
70.7107 70.7107 0.0 206743.2734
84.8528 84.8528 0.0 206587.1797
98.9949 98.9949 0.0 206431.2969
113.137 113.137 0.0 206274.4609
127.279 127.279 0.0 206107.8047
141.421 141.421 0.0 205941.3359
155.563 155.563 0.0 205775.1875
169.706 169.706 0.0 205609.2969
183.848 183.848 0.0 205443.5703
197.99 197.99 0.0 205278.1641
212.132 212.132 0.0 205112.9609
226.274 226.274 0.0 204948.0156
240.416 240.416 0.0 204783.3438
254.558 254.558 0.0 204618.9219
268.701 268.701 0.0 204454.7422
282.843 282.843 0.0 204290.7969
296.985 296.985 0.0 204127.1328
311.127 311.127 0.0 203963.6562
325.269 325.269 0.0 203800.4844
339.411 339.411 0.0 203637.5469
353.553 353.553 0.0 203474.8281
367.696 367.696 0.0 203312.3359
381.838 381.838 0.0 203150.1016
395.98 395.98 0.0 202988.0312
410.122 410.122 0.0 202820.4688
424.264 424.264 0.0 202653.2266
438.406 438.406 0.0 202486.2344
452.548 452.548 0.0 202319.4609
466.69 466.69 0.0 202152.9922
480.833 480.833 0.0 201986.7266
494.975 494.975 0.0 201820.7578
509.117 509.117 0.0 201655.0703
523.259 523.259 0.0 201489.4219
537.401 537.401 0.0 201323.5547
551.543 551.543 0.0 201157.8750
565.685 565.685 0.0 200986.7891
579.828 579.828 0.0 200790.9609
593.97 593.97 0.0 200594.4609
608.112 608.112 0.0 200398.2656
622.254 622.254 0.0 200202.4922
636.396 636.396 0.0 200007.1172
650.538 650.538 0.0 199812.0312
664.68 664.68 0.0 199617.3984
678.823 678.823 0.0 199423.0625
692.965 692.965 0.0 199229.1250
707.107 707.107 0.0 199035.5547
721.249 721.249 0.0 198842.3438
735.391 735.391 0.0 198649.4688
749.533 749.533 0.0 198456.9531
763.675 763.675 0.0 198281.2188
777.817 777.817 0.0 198106.1094
791.96 791.96 0.0 197931.2656
806.102 806.102 0.0 197756.7188
820.244 820.244 0.0 197582.5156
834.386 834.386 0.0 197408.5469
848.528 848.528 0.0 197234.9453
862.67 862.67 0.0 197061.5938
876.812 876.812 0.0 196888.5703
890.955 890.955 0.0 196715.8438
905.097 905.097 0.0 196543.3828
919.239 919.239 0.0 196371.1484
933.381 933.381 0.0 196198.6953
947.523 947.523 0.0 196026.6016
961.665 961.665 0.0 195827.8281
975.807 975.807 0.0 195605.6250
989.949 989.949 0.0 195383.9375
1004.09 1004.09 0.0 195162.7344
1018.23 1018.23 0.0 194942.0391
1032.38 1032.38 0.0 194721.6797
1046.52 1046.52 0.0 194501.9766
1060.66 1060.66 0.0 194282.8125
1074.8 1074.8 0.0 194108.5781
1088.94 1088.94 0.0 193973.2109
1103.09 1103.09 0.0 193790.6641
1117.23 1117.23 0.0 193579.0391
1131.37 1131.37 0.0 193367.8594
1145.51 1145.51 0.0 193087.7031
1159.66 1159.66 0.0 192795.9375
1173.8 1173.8 0.0 192505.3203
1187.94 1187.94 0.0 192215.5156
1202.08 1202.08 0.0 191926.6641
1216.22 1216.22 0.0 191638.6484
1230.37 1230.37 0.0 191351.3281
1244.51 1244.51 0.0 191065.1094
1258.65 1258.65 0.0 190779.7344
1272.79 1272.79 0.0 190495.1719
1286.93 1286.93 0.0 190211.5469
1301.08 1301.08 0.0 189928.5156
1315.22 1315.22 0.0 189642.0938
1329.36 1329.36 0.0 189352.2969
1343.5 1343.5 0.0 189063.4219
1357.65 1357.65 0.0 188775.2812
1371.79 1371.79 0.0 188488.2109
1385.93 1385.93 0.0 188202.0391
1400.07 1400.07 0.0 187917.2031
1414.21 1414.21 0.0 187606.2500
1428.36 1428.36 0.0 187296.1562
1442.5 1442.5 0.0 186988.5234
1456.64 1456.64 0.0 186725.8047
1470.78 1470.78 0.0 186458.4375
1484.92 1484.92 0.0 186191.9219
1499.07 1499.07 0.0 185925.9922
1513.21 1513.21 0.0 185661.0469
1527.35 1527.35 0.0 185412.9688
1541.49 1541.49 0.0 185172.2109
1555.63 1555.63 0.0 184935.6797
1569.78 1569.78 0.0 184707.2188
1583.92 1583.92 0.0 184479.5156
1598.06 1598.06 0.0 184252.4453
1612.2 1612.2 0.0 184025.8750
1626.35 1626.35 0.0 183798.4844
1640.49 1640.49 0.0 183560.1328
1654.63 1654.63 0.0 183322.4062
1668.77 1668.77 0.0 183085.3984
1682.91 1682.91 0.0 182848.9844
1697.06 1697.06 0.0 182613.0938
1711.2 1711.2 0.0 182378.0078
1725.34 1725.34 0.0 182143.5938
1739.48 1739.48 0.0 181935.9922
1753.62 1753.62 0.0 181743.8047
1767.77 1767.77 0.0 181551.9375
1781.91 1781.91 0.0 181360.5781
1796.05 1796.05 0.0 181169.6875
1810.19 1810.19 0.0 180974.6016
1824.34 1824.34 0.0 180771.2812
1838.48 1838.48 0.0 180568.5859
1852.62 1852.62 0.0 180366.6172
1866.76 1866.76 0.0 180167.8672
1880.9 1880.9 0.0 179969.5703
1895.05 1895.05 0.0 179771.5781
1909.19 1909.19 0.0 179595.1094
1923.33 1923.33 0.0 179469.0859
1937.47 1937.47 0.0 179322.5859
1951.61 1951.61 0.0 179158.3672
1965.76 1965.76 0.0 178994.3359
1979.9 1979.9 0.0 178830.7500
1994.04 1994.04 0.0 178667.5078
2008.18 2008.18 0.0 178504.5859
2022.33 2022.33 0.0 178341.8828
2036.47 2036.47 0.0 178179.6328
2050.61 2050.61 0.0 178017.4453
2064.75 2064.75 0.0 177854.5859
2078.89 2078.89 0.0 177692.0625
2093.04 2093.04 0.0 177529.7656
2107.18 2107.18 0.0 177367.9062
2121.32 2121.32 0.0 177206.3906
2135.46 2135.46 0.0 177045.1797
2149.6 2149.6 0.0 176884.3516
2163.75 2163.75 0.0 176723.6797
2177.89 2177.89 0.0 176563.5781
2192.03 2192.03 0.0 176374.1172
2206.17 2206.17 0.0 176155.3281
2220.32 2220.32 0.0 175936.9844
2234.46 2234.46 0.0 175719.3906
2248.6 2248.6 0.0 175502.3906
2262.74 2262.74 0.0 175286.0625
2276.88 2276.88 0.0 175070.2969
2291.03 2291.03 0.0 174836.7109
2305.17 2305.17 0.0 174587.8828
2319.31 2319.31 0.0 174339.8594
2333.45 2333.45 0.0 174092.6719
2347.59 2347.59 0.0 173846.4609
2361.74 2361.74 0.0 173601.0000
2375.88 2375.88 0.0 173356.4531
2390.02 2390.02 0.0 173112.7500
2404.16 2404.16 0.0 172888.4375
2418.31 2418.31 0.0 172697.5859
2432.45 2432.45 0.0 172507.6172
2446.59 2446.59 0.0 172325.0547
2460.73 2460.73 0.0 172142.9844
2474.87 2474.87 0.0 171961.3203
2489.02 2489.02 0.0 171779.9609
2503.16 2503.16 0.0 171599.2422
2517.3 2517.3 0.0 171418.8672
2531.44 2531.44 0.0 171225.9062
2545.58 2545.58 0.0 171018.5000
2559.73 2559.73 0.0 170811.4844
2573.87 2573.87 0.0 170605.2266
2588.01 2588.01 0.0 170399.5781
2602.15 2602.15 0.0 170194.5156
2616.3 2616.3 0.0 169990.6641
2630.44 2630.44 0.0 169789.9844
2644.58 2644.58 0.0 169568.8203
2658.72 2658.72 0.0 169342.2266
2672.86 2672.86 0.0 169116.3516
2687.01 2687.01 0.0 168891.0781
2701.15 2701.15 0.0 168666.6641
2715.29 2715.29 0.0 168442.9609
2729.43 2729.43 0.0 168220.0156
2743.57 2743.57 0.0 167997.7422
2757.72 2757.72 0.0 167776.0703
2771.86 2771.86 0.0 167555.2188
2786.0 2786.0 0.0 167335.1172
2800.14 2800.14 0.0 167115.7031
2814.28 2814.28 0.0 166897.0156
2828.43 2828.43 0.0 166678.8633
2842.57 2842.57 0.0 166461.5586
2856.71 2856.71 0.0 166243.9219
2870.85 2870.85 0.0 166025.8945
2885.0 2885.0 0.0 165808.4023
2899.14 2899.14 0.0 165591.8164
2913.28 2913.28 0.0 165375.9141
2927.42 2927.42 0.0 165160.7031
2941.56 2941.56 0.0 164946.1914
2955.71 2955.71 0.0 164732.1992
2969.85 2969.85 0.0 164519.1055
2983.99 2983.99 0.0 164306.7031
2998.13 2998.13 0.0 164094.9648
3012.27 3012.27 0.0 163907.2305
3026.42 3026.42 0.0 163724.5430
3040.56 3040.56 0.0 163539.1523
3054.7 3054.7 0.0 163342.6094
3068.84 3068.84 0.0 163146.6094
3082.99 3082.99 0.0 162951.0859
3097.13 3097.13 0.0 162756.3281
3111.27 3111.27 0.0 162562.1406
3125.41 3125.41 0.0 162368.5586
3139.55 3139.55 0.0 162175.5742
3153.7 3153.7 0.0 161983.0352
3167.84 3167.84 0.0 161791.2578
3181.98 3181.98 0.0 161600.0430
3196.12 3196.12 0.0 161411.5977
3210.26 3210.26 0.0 161293.1523
3224.41 3224.41 0.0 161174.8906
3238.55 3238.55 0.0 161050.9961
3252.69 3252.69 0.0 160925.6133
3266.83 3266.83 0.0 160800.4844
3280.98 3280.98 0.0 160675.5156
3295.12 3295.12 0.0 160550.8828
3309.26 3309.26 0.0 160426.4883
3323.4 3323.4 0.0 160302.3906
3337.54 3337.54 0.0 160178.5234
3351.69 3351.69 0.0 160044.1719
3365.83 3365.83 0.0 159906.1641
3379.97 3379.97 0.0 159775.6953
3394.11 3394.11 0.0 159656.7734
3408.25 3408.25 0.0 159536.0234
3422.4 3422.4 0.0 159415.4102
3436.54 3436.54 0.0 159287.5352
3450.68 3450.68 0.0 159146.2695
3464.82 3464.82 0.0 159005.3594
3478.97 3478.97 0.0 158864.6562
3493.11 3493.11 0.0 158724.4180
3507.25 3507.25 0.0 158584.5117
3521.39 3521.39 0.0 158444.9102
3535.53 3535.53 0.0 158305.6602
3549.68 3549.68 0.0 158166.6211
3563.82 3563.82 0.0 158028.0312
3577.96 3577.96 0.0 157889.7773
3592.1 3592.1 0.0 157751.8203
3606.24 3606.24 0.0 157614.5195
3620.39 3620.39 0.0 157483.3984
3634.53 3634.53 0.0 157353.5273
3648.67 3648.67 0.0 157223.9727
3662.81 3662.81 0.0 157094.6914
3676.96 3676.96 0.0 156965.6289
3691.1 3691.1 0.0 156836.9453
3705.24 3705.24 0.0 156708.5508
3719.38 3719.38 0.0 156580.4219
3733.52 3733.52 0.0 156452.6172
3747.67 3747.67 0.0 156325.0000
3761.81 3761.81 0.0 156197.7852
3775.95 3775.95 0.0 156070.6016
3790.09 3790.09 0.0 155943.5742
3804.23 3804.23 0.0 155816.8633
3818.38 3818.38 0.0 155690.3359
3832.52 3832.52 0.0 155553.4492
3846.66 3846.66 0.0 155408.8359
3860.8 3860.8 0.0 155261.4805
3874.95 3874.95 0.0 155114.4453
3889.09 3889.09 0.0 154967.8555
3903.23 3903.23 0.0 154821.6836
3917.37 3917.37 0.0 154675.8984
3931.51 3931.51 0.0 154530.4766
3945.66 3945.66 0.0 154385.3516
3959.8 3959.8 0.0 154246.1250
3973.94 3973.94 0.0 154108.4844
3988.08 3988.08 0.0 153971.1719
4002.22 4002.22 0.0 153834.2031
4016.37 4016.37 0.0 153697.5156
4030.51 4030.51 0.0 153561.2422
4044.65 4044.65 0.0 153425.3398
4058.79 4058.79 0.0 153289.7578
4072.94 4072.94 0.0 153154.4336
4087.08 4087.08 0.0 153019.5391
4101.22 4101.22 0.0 152885.0000
4115.36 4115.36 0.0 152749.0039
4129.5 4129.5 0.0 152606.6172
4143.65 4143.65 0.0 152426.2461
4157.79 4157.79 0.0 152240.4688
4171.93 4171.93 0.0 152053.8867
4186.07 4186.07 0.0 151866.5117
4200.21 4200.21 0.0 151679.8125
4214.36 4214.36 0.0 151484.2148
4228.5 4228.5 0.0 151280.5195
4242.64 4242.64 0.0 151060.6914
