0.0 0.0 0.0 1197103.2500
14.1421 14.1421 0.0 1008069.1875
28.2843 28.2843 0.0 822310.0625
42.4264 42.4264 0.0 658775.4375
56.5685 56.5685 0.0 523296.6250
70.7107 70.7107 0.0 413990.9375
84.8528 84.8528 0.0 328957.0625
98.9949 98.9949 0.0 265156.3750
113.137 113.137 0.0 227386.0234
127.279 127.279 0.0 205407.6328
141.421 141.421 0.0 187514.7266
155.563 155.563 0.0 172588.8828
169.706 169.706 0.0 160171.3242
183.848 183.848 0.0 149896.2617
197.99 197.99 0.0 142119.7266
212.132 212.132 0.0 136724.5352
226.274 226.274 0.0 132031.9766
240.416 240.416 0.0 128375.8477
254.558 254.558 0.0 125560.0312
268.701 268.701 0.0 123075.4766
282.843 282.843 0.0 120844.4473
296.985 296.985 0.0 118840.2402
311.127 311.127 0.0 117502.2275
325.269 325.269 0.0 116291.4199
339.411 339.411 0.0 115170.5977
353.553 353.553 0.0 114157.4238
367.696 367.696 0.0 113273.7783
381.838 381.838 0.0 112450.6953
395.98 395.98 0.0 111895.6143
410.122 410.122 0.0 111369.7959
424.264 424.264 0.0 110870.0254
438.406 438.406 0.0 110395.0010
452.548 452.548 0.0 109943.5098
466.69 466.69 0.0 109514.4092
480.833 480.833 0.0 109106.5562
494.975 494.975 0.0 108822.7261
509.117 509.117 0.0 108558.6284
523.259 523.259 0.0 108303.8110
537.401 537.401 0.0 108057.9336
551.543 551.543 0.0 107820.6968
565.685 565.685 0.0 107591.7871
579.828 579.828 0.0 107370.9082
593.97 593.97 0.0 107155.4185
608.112 608.112 0.0 106947.0449
622.254 622.254 0.0 106746.8330
636.396 636.396 0.0 106554.6079
650.538 650.538 0.0 106366.6460
664.68 664.68 0.0 106172.4854
678.823 678.823 0.0 105985.7700
692.965 692.965 0.0 105811.5205
707.107 707.107 0.0 105643.8726
721.249 721.249 0.0 105482.4800
735.391 735.391 0.0 105327.1040
749.533 749.533 0.0 105177.5242
763.675 763.675 0.0 105033.5227
777.817 777.817 0.0 104894.8960
791.96 791.96 0.0 104761.4324
806.102 806.102 0.0 104632.9612
820.244 820.244 0.0 104515.5403
834.386 834.386 0.0 104416.4224
848.528 848.528 0.0 104335.8413
862.67 862.67 0.0 104256.6875
876.812 876.812 0.0 104178.3860
890.955 890.955 0.0 104098.6914
905.097 905.097 0.0 104021.1741
919.239 919.239 0.0 103945.8149
933.381 933.381 0.0 103893.1309
947.523 947.523 0.0 103842.6460
961.665 961.665 0.0 103801.3467
975.807 975.807 0.0 103762.5112
989.949 989.949 0.0 103724.2842
1004.09 1004.09 0.0 103686.6582
1018.23 1018.23 0.0 103650.2939
1032.38 1032.38 0.0 103616.7620
1046.52 1046.52 0.0 103583.7341
1060.66 1060.66 0.0 103551.1721
1074.8 1074.8 0.0 103516.2515
1088.94 1088.94 0.0 103486.0430
1103.09 1103.09 0.0 103464.3352
1117.23 1117.23 0.0 103440.9460
1131.37 1131.37 0.0 103417.6138
1145.51 1145.51 0.0 103393.7053
1159.66 1159.66 0.0 103370.3129
1173.8 1173.8 0.0 103347.6708
1187.94 1187.94 0.0 103325.2737
1202.08 1202.08 0.0 103303.1243
1216.22 1216.22 0.0 103281.2217
1230.37 1230.37 0.0 103259.5476
1244.51 1244.51 0.0 103238.1243
1258.65 1258.65 0.0 103216.9398
1272.79 1272.79 0.0 103195.9915
1286.93 1286.93 0.0 103177.1754
1301.08 1301.08 0.0 103160.2909
1315.22 1315.22 0.0 103143.5741
1329.36 1329.36 0.0 103127.0079
1343.5 1343.5 0.0 103110.5836
1357.65 1357.65 0.0 103094.2991
1371.79 1371.79 0.0 103074.1490
1385.93 1385.93 0.0 103053.4945
1400.07 1400.07 0.0 103030.3214
1414.21 1414.21 0.0 103007.4508
1428.36 1428.36 0.0 102985.0865
1442.5 1442.5 0.0 102963.2043
1456.64 1456.64 0.0 102943.1385
1470.78 1470.78 0.0 102928.4974
1484.92 1484.92 0.0 102913.9895
1499.07 1499.07 0.0 102899.5511
1513.21 1513.21 0.0 102885.1465
1527.35 1527.35 0.0 102869.0907
1541.49 1541.49 0.0 102853.2020
1555.63 1555.63 0.0 102837.0236
1569.78 1569.78 0.0 102820.2395
1583.92 1583.92 0.0 102803.6537
1598.06 1598.06 0.0 102789.4674
1612.2 1612.2 0.0 102776.3597
1626.35 1626.35 0.0 102762.6454
1640.49 1640.49 0.0 102747.9728
1654.63 1654.63 0.0 102733.4524
1668.77 1668.77 0.0 102719.0787
1682.91 1682.91 0.0 102706.0884
1697.06 1697.06 0.0 102696.3116
1711.2 1711.2 0.0 102687.6892
1725.34 1725.34 0.0 102679.1085
1739.48 1739.48 0.0 102670.5795
1753.62 1753.62 0.0 102662.1060
1767.77 1767.77 0.0 102653.9315
1781.91 1781.91 0.0 102645.9008
1796.05 1796.05 0.0 102637.8960
1810.19 1810.19 0.0 102629.9335
1824.34 1824.34 0.0 102622.0149
1838.48 1838.48 0.0 102614.4208
1852.62 1852.62 0.0 102607.4877
1866.76 1866.76 0.0 102601.6838
1880.9 1880.9 0.0 102596.0723
1895.05 1895.05 0.0 102590.4801
1909.19 1909.19 0.0 102585.5111
1923.33 1923.33 0.0 102580.6305
1937.47 1937.47 0.0 102574.8075
1951.61 1951.61 0.0 102568.9951
1965.76 1965.76 0.0 102562.8918
1979.9 1979.9 0.0 102556.6515
1994.04 1994.04 0.0 102550.4399
2008.18 2008.18 0.0 102544.2614
2022.33 2022.33 0.0 102538.0952
2036.47 2036.47 0.0 102531.9530
2050.61 2050.61 0.0 102528.5929
2064.75 2064.75 0.0 102525.4596
2078.89 2078.89 0.0 102522.3331
2093.04 2093.04 0.0 102519.0260
2107.18 2107.18 0.0 102515.4631
2121.32 2121.32 0.0 102511.9100
2135.46 2135.46 0.0 102508.3672
2149.6 2149.6 0.0 102504.8429
2163.75 2163.75 0.0 102501.3462
2177.89 2177.89 0.0 102497.8639
2192.03 2192.03 0.0 102494.3920
2206.17 2206.17 0.0 102490.9285
2220.32 2220.32 0.0 102487.4733
2234.46 2234.46 0.0 102484.0312
2248.6 2248.6 0.0 102480.4355
2262.74 2262.74 0.0 102476.1864
2276.88 2276.88 0.0 102471.9524
2291.03 2291.03 0.0 102467.7317
2305.17 2305.17 0.0 102463.5282
2319.31 2319.31 0.0 102459.3422
2333.45 2333.45 0.0 102456.2489
2347.59 2347.59 0.0 102453.6888
2361.74 2361.74 0.0 102451.1318
2375.88 2375.88 0.0 102448.5829
2390.02 2390.02 0.0 102446.0406
2404.16 2404.16 0.0 102443.5032
2418.31 2418.31 0.0 102440.9692
2432.45 2432.45 0.0 102438.5171
2446.59 2446.59 0.0 102436.1844
2460.73 2460.73 0.0 102433.8774
2474.87 2474.87 0.0 102431.6216
2489.02 2489.02 0.0 102428.2588
2503.16 2503.16 0.0 102424.5970
2517.3 2517.3 0.0 102420.6388
2531.44 2531.44 0.0 102416.6989
2545.58 2545.58 0.0 102414.9828
2559.73 2559.73 0.0 102413.1838
2573.87 2573.87 0.0 102409.4584
2588.01 2588.01 0.0 102405.5643
2602.15 2602.15 0.0 102401.5529
2616.3 2616.3 0.0 102397.5538
2630.44 2630.44 0.0 102393.5717
2644.58 2644.58 0.0 102389.4890
2658.72 2658.72 0.0 102385.0299
2672.86 2672.86 0.0 102380.2898
2687.01 2687.01 0.0 102375.5547
2701.15 2701.15 0.0 102370.8450
2715.29 2715.29 0.0 102365.9677
2729.43 2729.43 0.0 102360.9580
2743.57 2743.57 0.0 102355.9725
2757.72 2757.72 0.0 102350.9550
2771.86 2771.86 0.0 102345.9675
2786.0 2786.0 0.0 102341.0192
2800.14 2800.14 0.0 102336.0939
2814.28 2814.28 0.0 102331.1475
2828.43 2828.43 0.0 102326.7913
2842.57 2842.57 0.0 102323.4013
2856.71 2856.71 0.0 102320.3370
2870.85 2870.85 0.0 102318.9111
2885.0 2885.0 0.0 102316.2270
2899.14 2899.14 0.0 102313.5514
2913.28 2913.28 0.0 102310.8841
2927.42 2927.42 0.0 102308.2240
2941.56 2941.56 0.0 102305.5701
2955.71 2955.71 0.0 102302.9215
2969.85 2969.85 0.0 102300.2815
2983.99 2983.99 0.0 102297.6505
2998.13 2998.13 0.0 102295.0260
3012.27 3012.27 0.0 102292.3390
3026.42 3026.42 0.0 102289.3524
3040.56 3040.56 0.0 102286.3763
3054.7 3054.7 0.0 102283.4105
3068.84 3068.84 0.0 102280.3317
3082.99 3082.99 0.0 102277.1656
3097.13 3097.13 0.0 102274.0104
3111.27 3111.27 0.0 102270.8671
3125.41 3125.41 0.0 102267.7316
3139.55 3139.55 0.0 102264.5235
3153.7 3153.7 0.0 102261.2353
3167.84 3167.84 0.0 102257.9560
3181.98 3181.98 0.0 102254.6877
3196.12 3196.12 0.0 102251.4295
3210.26 3210.26 0.0 102248.1823
3224.41 3224.41 0.0 102244.9452
3238.55 3238.55 0.0 102241.7203
3252.69 3252.69 0.0 102238.5058
3266.83 3266.83 0.0 102237.8207
3280.98 3280.98 0.0 102238.1836
3295.12 3295.12 0.0 102238.0796
3309.26 3309.26 0.0 102237.5958
3323.4 3323.4 0.0 102237.0531
3337.54 3337.54 0.0 102236.0687
3351.69 3351.69 0.0 102234.8757
3365.83 3365.83 0.0 102233.6852
3379.97 3379.97 0.0 102232.2557
3394.11 3394.11 0.0 102230.2792
3408.25 3408.25 0.0 102227.8012
3422.4 3422.4 0.0 102225.6076
3436.54 3436.54 0.0 102223.7620
3450.68 3450.68 0.0 102221.9202
3464.82 3464.82 0.0 102220.0809
3478.97 3478.97 0.0 102218.2454
3493.11 3493.11 0.0 102216.4148
3507.25 3507.25 0.0 102214.5880
3521.39 3521.39 0.0 102213.9188
3535.53 3535.53 0.0 102214.9600
3549.68 3549.68 0.0 102215.9106
3563.82 3563.82 0.0 102216.7394
3577.96 3577.96 0.0 102217.3598
3592.1 3592.1 0.0 102217.9188
3606.24 3606.24 0.0 102218.1972
3620.39 3620.39 0.0 102218.0227
3634.53 3634.53 0.0 102217.8499
3648.67 3648.67 0.0 102217.6797
3662.81 3662.81 0.0 102217.5074
3676.96 3676.96 0.0 102217.3351
3691.1 3691.1 0.0 102217.1638
3705.24 3705.24 0.0 102216.9911
3719.38 3719.38 0.0 102216.8198
3733.52 3733.52 0.0 102216.6481
3747.67 3747.67 0.0 102216.4738
3761.81 3761.81 0.0 102216.3027
3775.95 3775.95 0.0 102216.1285
3790.09 3790.09 0.0 102215.9565
3804.23 3804.23 0.0 102215.5756
3818.38 3818.38 0.0 102214.6767
3832.52 3832.52 0.0 102213.7782
3846.66 3846.66 0.0 102212.8814
3860.8 3860.8 0.0 102211.9847
3874.95 3874.95 0.0 102211.2342
3889.09 3889.09 0.0 102211.4462
3903.23 3903.23 0.0 102211.6592
3917.37 3917.37 0.0 102211.8672
3931.51 3931.51 0.0 102212.0596
3945.66 3945.66 0.0 102212.2494
3959.8 3959.8 0.0 102212.4397
3973.94 3973.94 0.0 102212.6301
3988.08 3988.08 0.0 102212.8212
4002.22 4002.22 0.0 102212.9834
4016.37 4016.37 0.0 102212.7908
4030.51 4030.51 0.0 102212.2706
4044.65 4044.65 0.0 102211.1729
4058.79 4058.79 0.0 102210.0582
4072.94 4072.94 0.0 102208.7657
4087.08 4087.08 0.0 102206.9462
4101.22 4101.22 0.0 102205.1242
4115.36 4115.36 0.0 102203.2908
4129.5 4129.5 0.0 102201.4625
4143.65 4143.65 0.0 102198.2917
4157.79 4157.79 0.0 102194.5267
4171.93 4171.93 0.0 102190.6298
4186.07 4186.07 0.0 102186.7506
4200.21 4200.21 0.0 102182.8897
4214.36 4214.36 0.0 102179.0417
4228.5 4228.5 0.0 102175.2141
4242.64 4242.64 0.0 102171.4045
