0.0 0.0 0.0 293324.7969
14.1421 14.1421 0.0 273005.8750
28.2843 28.2843 0.0 258917.9844
42.4264 42.4264 0.0 245312.8125
56.5685 56.5685 0.0 232408.5938
70.7107 70.7107 0.0 220428.5078
84.8528 84.8528 0.0 209302.9688
98.9949 98.9949 0.0 198845.8906
113.137 113.137 0.0 189337.9219
127.279 127.279 0.0 180694.6562
141.421 141.421 0.0 172867.3203
155.563 155.563 0.0 165689.1953
169.706 169.706 0.0 159986.0898
183.848 183.848 0.0 154691.3867
197.99 197.99 0.0 149758.1016
212.132 212.132 0.0 145354.2578
226.274 226.274 0.0 141342.8945
240.416 240.416 0.0 137690.3594
254.558 254.558 0.0 134363.5859
268.701 268.701 0.0 131302.5156
282.843 282.843 0.0 128451.1719
296.985 296.985 0.0 125864.3301
311.127 311.127 0.0 123956.7441
325.269 325.269 0.0 122416.5078
339.411 339.411 0.0 121121.0918
353.553 353.553 0.0 119898.6914
367.696 367.696 0.0 118751.0273
381.838 381.838 0.0 117672.5215
395.98 395.98 0.0 116658.8926
410.122 410.122 0.0 115691.4043
424.264 424.264 0.0 114762.6113
438.406 438.406 0.0 113889.3564
452.548 452.548 0.0 113072.1387
466.69 466.69 0.0 112307.7891
480.833 480.833 0.0 111592.8691
494.975 494.975 0.0 110971.9668
509.117 509.117 0.0 110510.7510
523.259 523.259 0.0 110071.4902
537.401 537.401 0.0 109653.1533
551.543 551.543 0.0 109307.4150
565.685 565.685 0.0 109025.9414
579.828 579.828 0.0 108754.3418
593.97 593.97 0.0 108492.2227
608.112 608.112 0.0 108239.4766
622.254 622.254 0.0 107996.7168
636.396 636.396 0.0 107778.0132
650.538 650.538 0.0 107583.3506
664.68 664.68 0.0 107394.5400
678.823 678.823 0.0 107211.3984
692.965 692.965 0.0 107042.6899
707.107 707.107 0.0 106883.2739
721.249 721.249 0.0 106728.2852
735.391 735.391 0.0 106577.6074
749.533 749.533 0.0 106431.1226
763.675 763.675 0.0 106290.3193
777.817 777.817 0.0 106153.4922
791.96 791.96 0.0 106020.4185
806.102 806.102 0.0 105891.0186
820.244 820.244 0.0 105765.1724
834.386 834.386 0.0 105648.2974
848.528 848.528 0.0 105552.6172
862.67 862.67 0.0 105459.0513
876.812 876.812 0.0 105367.5513
890.955 890.955 0.0 105278.0676
905.097 905.097 0.0 105189.7341
919.239 919.239 0.0 105111.8347
933.381 933.381 0.0 105044.5391
947.523 947.523 0.0 104975.5972
961.665 961.665 0.0 104903.8264
975.807 975.807 0.0 104833.4624
989.949 989.949 0.0 104764.4795
1004.09 1004.09 0.0 104696.8589
1018.23 1018.23 0.0 104630.5654
1032.38 1032.38 0.0 104562.7651
1046.52 1046.52 0.0 104500.0771
1060.66 1060.66 0.0 104464.0767
1074.8 1074.8 0.0 104428.4824
1088.94 1088.94 0.0 104393.2910
1103.09 1103.09 0.0 104358.4751
1117.23 1117.23 0.0 104323.2925
1131.37 1131.37 0.0 104284.8708
1145.51 1145.51 0.0 104246.1062
1159.66 1159.66 0.0 104209.5977
1173.8 1173.8 0.0 104176.2209
1187.94 1187.94 0.0 104143.2324
1202.08 1202.08 0.0 104109.4263
1216.22 1216.22 0.0 104075.0637
1230.37 1230.37 0.0 104041.0962
1244.51 1244.51 0.0 104007.6040
1258.65 1258.65 0.0 103974.5923
1272.79 1272.79 0.0 103941.9836
1286.93 1286.93 0.0 103909.7805
1301.08 1301.08 0.0 103889.7109
1315.22 1315.22 0.0 103870.7039
1329.36 1329.36 0.0 103852.5303
1343.5 1343.5 0.0 103835.4309
1357.65 1357.65 0.0 103818.4055
1371.79 1371.79 0.0 103801.5222
1385.93 1385.93 0.0 103784.8801
1400.07 1400.07 0.0 103769.9988
1414.21 1414.21 0.0 103758.0273
1428.36 1428.36 0.0 103746.1033
1442.5 1442.5 0.0 103734.2485
1456.64 1456.64 0.0 103725.6536
1470.78 1470.78 0.0 103717.4004
1484.92 1484.92 0.0 103707.3159
1499.07 1499.07 0.0 103696.7964
1513.21 1513.21 0.0 103686.3298
1527.35 1527.35 0.0 103689.8369
1541.49 1541.49 0.0 103694.2776
1555.63 1555.63 0.0 103701.2083
1569.78 1569.78 0.0 103702.4670
1583.92 1583.92 0.0 103703.7263
1598.06 1598.06 0.0 103704.9944
1612.2 1612.2 0.0 103704.7021
1626.35 1626.35 0.0 103704.3892
1640.49 1640.49 0.0 103704.0732
1654.63 1654.63 0.0 103703.7605
1668.77 1668.77 0.0 103703.2156
1682.91 1682.91 0.0 103702.0957
1697.06 1697.06 0.0 103699.5745
1711.2 1711.2 0.0 103696.4868
1725.34 1725.34 0.0 103693.4031
1739.48 1739.48 0.0 103690.3279
1753.62 1753.62 0.0 103687.2522
1767.77 1767.77 0.0 103684.1758
1781.91 1781.91 0.0 103681.0542
1796.05 1796.05 0.0 103677.9370
1810.19 1810.19 0.0 103674.3381
1824.34 1824.34 0.0 103671.8284
1838.48 1838.48 0.0 103671.1355
1852.62 1852.62 0.0 103670.5032
1866.76 1866.76 0.0 103668.9731
1880.9 1880.9 0.0 103664.8149
1895.05 1895.05 0.0 103656.6582
1909.19 1909.19 0.0 103648.3154
1923.33 1923.33 0.0 103639.2197
1937.47 1937.47 0.0 103630.1560
1951.61 1951.61 0.0 103621.1292
1965.76 1965.76 0.0 103612.1321
1979.9 1979.9 0.0 103602.9607
1994.04 1994.04 0.0 103592.9954
2008.18 2008.18 0.0 103583.0735
2022.33 2022.33 0.0 103573.1887
2036.47 2036.47 0.0 103563.3513
2050.61 2050.61 0.0 103553.4919
2064.75 2064.75 0.0 103543.3845
2078.89 2078.89 0.0 103533.3242
2093.04 2093.04 0.0 103523.3005
2107.18 2107.18 0.0 103513.3311
2121.32 2121.32 0.0 103503.9834
2135.46 2135.46 0.0 103497.3499
2149.6 2149.6 0.0 103492.2939
2163.75 2163.75 0.0 103488.0469
2177.89 2177.89 0.0 103483.8105
2192.03 2192.03 0.0 103479.5830
2206.17 2206.17 0.0 103475.3630
2220.32 2220.32 0.0 103471.1475
2234.46 2234.46 0.0 103466.9446
2248.6 2248.6 0.0 103462.7505
2262.74 2262.74 0.0 103458.5652
2276.88 2276.88 0.0 103454.3845
2291.03 2291.03 0.0 103450.2117
2305.17 2305.17 0.0 103446.0493
2319.31 2319.31 0.0 103441.8948
2333.45 2333.45 0.0 103437.7505
2347.59 2347.59 0.0 103433.6111
2361.74 2361.74 0.0 103429.0852
2375.88 2375.88 0.0 103424.4390
2390.02 2390.02 0.0 103419.8020
2404.16 2404.16 0.0 103414.1765
2418.31 2418.31 0.0 103408.7551
2432.45 2432.45 0.0 103403.5200
2446.59 2446.59 0.0 103398.2981
2460.73 2460.73 0.0 103393.0889
2474.87 2474.87 0.0 103387.8918
2489.02 2489.02 0.0 103382.7209
2503.16 2503.16 0.0 103377.7407
2517.3 2517.3 0.0 103378.0381
2531.44 2531.44 0.0 103381.4441
2545.58 2545.58 0.0 103383.9868
2559.73 2559.73 0.0 103385.8040
2573.87 2573.87 0.0 103386.5266
2588.01 2588.01 0.0 103387.0117
2602.15 2602.15 0.0 103387.4990
2616.3 2616.3 0.0 103390.2515
2630.44 2630.44 0.0 103394.0110
2644.58 2644.58 0.0 103397.7773
2658.72 2658.72 0.0 103401.4971
2672.86 2672.86 0.0 103404.6211
2687.01 2687.01 0.0 103407.2034
2701.15 2701.15 0.0 103409.7886
2715.29 2715.29 0.0 103412.3762
2729.43 2729.43 0.0 103414.5527
2743.57 2743.57 0.0 103414.9790
2757.72 2757.72 0.0 103417.3906
2771.86 2771.86 0.0 103422.9595
2786.0 2786.0 0.0 103428.7947
2800.14 2800.14 0.0 103434.6431
2814.28 2814.28 0.0 103440.4998
2828.43 2828.43 0.0 103446.2795
2842.57 2842.57 0.0 103451.5818
2856.71 2856.71 0.0 103454.8633
2870.85 2870.85 0.0 103458.2139
2885.0 2885.0 0.0 103462.3086
2899.14 2899.14 0.0 103466.3550
2913.28 2913.28 0.0 103470.4153
2927.42 2927.42 0.0 103473.1990
2941.56 2941.56 0.0 103475.4531
2955.71 2955.71 0.0 103478.1169
2969.85 2969.85 0.0 103480.7822
2983.99 2983.99 0.0 103480.7473
2998.13 2998.13 0.0 103478.8403
3012.27 3012.27 0.0 103476.9143
3026.42 3026.42 0.0 103472.3865
3040.56 3040.56 0.0 103466.6580
3054.7 3054.7 0.0 103460.9185
3068.84 3068.84 0.0 103455.4343
3082.99 3082.99 0.0 103450.1431
3097.13 3097.13 0.0 103444.9856
3111.27 3111.27 0.0 103441.3000
3125.41 3125.41 0.0 103439.1619
3139.55 3139.55 0.0 103437.0239
3153.7 3153.7 0.0 103434.8911
3167.84 3167.84 0.0 103432.7598
3181.98 3181.98 0.0 103430.3684
3196.12 3196.12 0.0 103430.7576
3210.26 3210.26 0.0 103430.1699
3224.41 3224.41 0.0 103428.4158
3238.55 3238.55 0.0 103426.5571
3252.69 3252.69 0.0 103424.6960
3266.83 3266.83 0.0 103422.8384
3280.98 3280.98 0.0 103421.2002
3295.12 3295.12 0.0 103422.5686
3309.26 3309.26 0.0 103423.8557
3323.4 3323.4 0.0 103424.9280
3337.54 3337.54 0.0 103426.0007
3351.69 3351.69 0.0 103427.0725
3365.83 3365.83 0.0 103428.1465
3379.97 3379.97 0.0 103429.2195
3394.11 3394.11 0.0 103430.2922
3408.25 3408.25 0.0 103431.3655
3422.4 3422.4 0.0 103431.8330
3436.54 3436.54 0.0 103432.2278
3450.68 3450.68 0.0 103432.6704
3464.82 3464.82 0.0 103433.0520
3478.97 3478.97 0.0 103433.2385
3493.11 3493.11 0.0 103433.4243
3507.25 3507.25 0.0 103433.6123
3521.39 3521.39 0.0 103433.3110
3535.53 3535.53 0.0 103432.9556
3549.68 3549.68 0.0 103432.5718
3563.82 3563.82 0.0 103431.1670
3577.96 3577.96 0.0 103430.0034
3592.1 3592.1 0.0 103428.8264
3606.24 3606.24 0.0 103427.2798
3620.39 3620.39 0.0 103425.6003
3634.53 3634.53 0.0 103423.9219
3648.67 3648.67 0.0 103422.2490
3662.81 3662.81 0.0 103420.5725
3676.96 3676.96 0.0 103418.1003
3691.1 3691.1 0.0 103415.3950
3705.24 3705.24 0.0 103412.3623
3719.38 3719.38 0.0 103408.7122
3733.52 3733.52 0.0 103405.0688
3747.67 3747.67 0.0 103401.4150
3761.81 3761.81 0.0 103397.5701
3775.95 3775.95 0.0 103393.5901
3790.09 3790.09 0.0 103388.5811
3804.23 3804.23 0.0 103383.2925
3818.38 3818.38 0.0 103378.0154
3832.52 3832.52 0.0 103372.7542
3846.66 3846.66 0.0 103367.5071
3860.8 3860.8 0.0 103362.2695
3874.95 3874.95 0.0 103357.3337
3889.09 3889.09 0.0 103352.6033
3903.23 3903.23 0.0 103347.8839
3917.37 3917.37 0.0 103343.1802
3931.51 3931.51 0.0 103338.4845
3945.66 3945.66 0.0 103333.7971
3959.8 3959.8 0.0 103329.1289
3973.94 3973.94 0.0 103324.5344
3988.08 3988.08 0.0 103319.9479
4002.22 4002.22 0.0 103315.3297
4016.37 4016.37 0.0 103310.6970
4030.51 4030.51 0.0 103306.0796
4044.65 4044.65 0.0 103301.4720
4058.79 4058.79 0.0 103296.3447
4072.94 4072.94 0.0 103290.6666
4087.08 4087.08 0.0 103284.5588
4101.22 4101.22 0.0 103277.2595
4115.36 4115.36 0.0 103269.6465
4129.5 4129.5 0.0 103262.0697
4143.65 4143.65 0.0 103254.3724
4157.79 4157.79 0.0 103246.7159
4171.93 4171.93 0.0 103239.0869
4186.07 4186.07 0.0 103231.4882
4200.21 4200.21 0.0 103223.9196
4214.36 4214.36 0.0 103216.3397
4228.5 4228.5 0.0 103208.7872
4242.64 4242.64 0.0 103201.2621
