0.0 0.0 0.0 835442.7500
14.1421 14.1421 0.0 610653.7812
28.2843 28.2843 0.0 433281.5625
42.4264 42.4264 0.0 304219.6250
56.5685 56.5685 0.0 235772.5469
70.7107 70.7107 0.0 202479.7812
84.8528 84.8528 0.0 177112.0859
98.9949 98.9949 0.0 160072.6641
113.137 113.137 0.0 148572.8047
127.279 127.279 0.0 139272.7539
141.421 141.421 0.0 132595.4004
155.563 155.563 0.0 127326.4395
169.706 169.706 0.0 122935.4141
183.848 183.848 0.0 119389.5156
197.99 197.99 0.0 117000.0068
212.132 212.132 0.0 114977.2197
226.274 226.274 0.0 113285.8193
240.416 240.416 0.0 111801.9004
254.558 254.558 0.0 110646.0322
268.701 268.701 0.0 109767.2109
282.843 282.843 0.0 108963.5259
296.985 296.985 0.0 108366.5908
311.127 311.127 0.0 107858.6641
325.269 325.269 0.0 107387.2646
339.411 339.411 0.0 106972.1650
353.553 353.553 0.0 106589.3643
367.696 367.696 0.0 106232.4287
381.838 381.838 0.0 105899.6611
395.98 395.98 0.0 105607.6973
410.122 410.122 0.0 105354.7043
424.264 424.264 0.0 105132.4727
438.406 438.406 0.0 104941.7869
452.548 452.548 0.0 104765.7388
466.69 466.69 0.0 104598.2478
480.833 480.833 0.0 104438.8857
494.975 494.975 0.0 104287.2563
509.117 509.117 0.0 104142.9131
523.259 523.259 0.0 104005.5913
537.401 537.401 0.0 103874.9458
551.543 551.543 0.0 103759.5620
565.685 565.685 0.0 103659.3462
579.828 579.828 0.0 103563.2480
593.97 593.97 0.0 103471.1023
608.112 608.112 0.0 103382.2534
622.254 622.254 0.0 103294.9458
636.396 636.396 0.0 103211.2090
650.538 650.538 0.0 103130.9966
664.68 664.68 0.0 103054.1072
678.823 678.823 0.0 102978.8640
692.965 692.965 0.0 102905.8279
707.107 707.107 0.0 102839.4022
721.249 721.249 0.0 102776.2802
735.391 735.391 0.0 102717.5591
749.533 749.533 0.0 102660.8954
763.675 763.675 0.0 102606.5364
777.817 777.817 0.0 102555.9363
791.96 791.96 0.0 102508.4636
806.102 806.102 0.0 102462.5894
820.244 820.244 0.0 102418.1848
834.386 834.386 0.0 102377.7676
848.528 848.528 0.0 102347.4647
862.67 862.67 0.0 102318.0336
876.812 876.812 0.0 102291.2520
890.955 890.955 0.0 102265.1089
905.097 905.097 0.0 102239.2458
919.239 919.239 0.0 102214.0934
933.381 933.381 0.0 102189.6330
947.523 947.523 0.0 102165.7536
961.665 961.665 0.0 102142.1244
975.807 975.807 0.0 102119.1548
989.949 989.949 0.0 102098.3467
1004.09 1004.09 0.0 102085.4206
1018.23 1018.23 0.0 102075.6972
1032.38 1032.38 0.0 102066.0910
1046.52 1046.52 0.0 102056.6144
1060.66 1060.66 0.0 102047.9447
1074.8 1074.8 0.0 102040.0004
1088.94 1088.94 0.0 102032.1054
1103.09 1103.09 0.0 102024.7186
1117.23 1117.23 0.0 102017.8876
1131.37 1131.37 0.0 102011.1135
1145.51 1145.51 0.0 102004.3738
1159.66 1159.66 0.0 101997.7213
1173.8 1173.8 0.0 101991.3104
1187.94 1187.94 0.0 101984.4952
1202.08 1202.08 0.0 101977.7490
1216.22 1216.22 0.0 101972.5464
1230.37 1230.37 0.0 101967.8589
1244.51 1244.51 0.0 101963.1653
1258.65 1258.65 0.0 101958.5059
1272.79 1272.79 0.0 101953.8727
1286.93 1286.93 0.0 101949.2730
1301.08 1301.08 0.0 101944.7073
1315.22 1315.22 0.0 101940.1984
1329.36 1329.36 0.0 101935.7227
1343.5 1343.5 0.0 101931.2797
1357.65 1357.65 0.0 101926.8654
1371.79 1371.79 0.0 101921.8824
1385.93 1385.93 0.0 101916.8042
1400.07 1400.07 0.0 101911.7675
1414.21 1414.21 0.0 101907.1459
1428.36 1428.36 0.0 101902.5311
1442.5 1442.5 0.0 101898.4146
1456.64 1456.64 0.0 101894.6053
1470.78 1470.78 0.0 101890.6490
1484.92 1484.92 0.0 101886.7202
1499.07 1499.07 0.0 101882.8160
1513.21 1513.21 0.0 101879.4846
1527.35 1527.35 0.0 101878.3130
1541.49 1541.49 0.0 101877.1418
1555.63 1555.63 0.0 101875.9742
1569.78 1569.78 0.0 101874.8082
1583.92 1583.92 0.0 101873.6448
1598.06 1598.06 0.0 101872.4851
1612.2 1612.2 0.0 101870.9100
1626.35 1626.35 0.0 101868.3198
1640.49 1640.49 0.0 101865.3145
1654.63 1654.63 0.0 101861.4077
1668.77 1668.77 0.0 101857.9467
1682.91 1682.91 0.0 101854.2078
1697.06 1697.06 0.0 101850.4575
1711.2 1711.2 0.0 101846.7366
1725.34 1725.34 0.0 101843.0428
1739.48 1739.48 0.0 101839.3745
1753.62 1753.62 0.0 101835.7328
1767.77 1767.77 0.0 101832.1157
1781.91 1781.91 0.0 101828.5374
1796.05 1796.05 0.0 101825.1498
1810.19 1810.19 0.0 101822.0067
1824.34 1824.34 0.0 101818.8810
1838.48 1838.48 0.0 101815.7774
1852.62 1852.62 0.0 101812.7773
1866.76 1866.76 0.0 101809.9731
1880.9 1880.9 0.0 101807.1842
1895.05 1895.05 0.0 101804.2501
1909.19 1909.19 0.0 101801.0243
1923.33 1923.33 0.0 101797.8191
1937.47 1937.47 0.0 101794.6363
1951.61 1951.61 0.0 101791.6329
1965.76 1965.76 0.0 101789.5110
1979.9 1979.9 0.0 101787.3999
1994.04 1994.04 0.0 101784.8764
2008.18 2008.18 0.0 101782.8516
2022.33 2022.33 0.0 101781.0192
2036.47 2036.47 0.0 101779.9335
2050.61 2050.61 0.0 101778.8266
2064.75 2064.75 0.0 101777.5075
2078.89 2078.89 0.0 101776.1913
2093.04 2093.04 0.0 101774.8790
2107.18 2107.18 0.0 101773.5656
2121.32 2121.32 0.0 101772.2413
2135.46 2135.46 0.0 101770.9241
2149.6 2149.6 0.0 101769.6139
2163.75 2163.75 0.0 101768.1726
2177.89 2177.89 0.0 101766.6816
2192.03 2192.03 0.0 101765.2189
2206.17 2206.17 0.0 101763.4464
2220.32 2220.32 0.0 101761.6329
2234.46 2234.46 0.0 101759.8278
2248.6 2248.6 0.0 101758.0301
2262.74 2262.74 0.0 101756.2405
2276.88 2276.88 0.0 101754.4535
2291.03 2291.03 0.0 101752.5716
2305.17 2305.17 0.0 101750.4462
2319.31 2319.31 0.0 101748.3269
2333.45 2333.45 0.0 101746.2184
2347.59 2347.59 0.0 101744.1203
2361.74 2361.74 0.0 101742.0307
2375.88 2375.88 0.0 101739.9537
2390.02 2390.02 0.0 101737.8823
2404.16 2404.16 0.0 101735.8170
2418.31 2418.31 0.0 101733.7185
2432.45 2432.45 0.0 101731.9273
2446.59 2446.59 0.0 101730.0757
2460.73 2460.73 0.0 101728.1080
2474.87 2474.87 0.0 101725.9459
2489.02 2489.02 0.0 101723.6725
2503.16 2503.16 0.0 101721.4142
2517.3 2517.3 0.0 101719.1684
2531.44 2531.44 0.0 101716.9299
2545.58 2545.58 0.0 101714.3712
2559.73 2559.73 0.0 101713.1631
2573.87 2573.87 0.0 101712.5584
2588.01 2588.01 0.0 101712.0183
2602.15 2602.15 0.0 101711.4794
2616.3 2616.3 0.0 101710.8548
2630.44 2630.44 0.0 101710.1962
2644.58 2644.58 0.0 101709.5388
2658.72 2658.72 0.0 101708.8823
2672.86 2672.86 0.0 101708.2271
2687.01 2687.01 0.0 101707.5565
2701.15 2701.15 0.0 101706.7390
2715.29 2715.29 0.0 101705.9233
2729.43 2729.43 0.0 101705.1091
2743.57 2743.57 0.0 101704.2976
2757.72 2757.72 0.0 101703.4864
2771.86 2771.86 0.0 101702.6777
2786.0 2786.0 0.0 101701.8446
2800.14 2800.14 0.0 101700.9911
2814.28 2814.28 0.0 101700.1160
2828.43 2828.43 0.0 101699.2214
2842.57 2842.57 0.0 101698.2917
2856.71 2856.71 0.0 101697.2156
2870.85 2870.85 0.0 101696.0815
2885.0 2885.0 0.0 101694.8506
2899.14 2899.14 0.0 101693.5440
2913.28 2913.28 0.0 101692.0501
2927.42 2927.42 0.0 101690.5619
2941.56 2941.56 0.0 101689.0794
2955.71 2955.71 0.0 101687.5536
2969.85 2969.85 0.0 101685.8785
2983.99 2983.99 0.0 101684.1006
2998.13 2998.13 0.0 101682.3318
3012.27 3012.27 0.0 101680.5720
3026.42 3026.42 0.0 101678.8187
3040.56 3040.56 0.0 101677.0754
3054.7 3054.7 0.0 101675.3376
3068.84 3068.84 0.0 101673.6089
3082.99 3082.99 0.0 101671.8861
3097.13 3097.13 0.0 101670.1737
3111.27 3111.27 0.0 101668.4704
3125.41 3125.41 0.0 101666.7749
3139.55 3139.55 0.0 101665.0884
3153.7 3153.7 0.0 101663.4082
3167.84 3167.84 0.0 101661.5226
3181.98 3181.98 0.0 101659.3781
3196.12 3196.12 0.0 101657.2377
3210.26 3210.26 0.0 101655.1059
3224.41 3224.41 0.0 101652.9858
3238.55 3238.55 0.0 101650.8813
3252.69 3252.69 0.0 101648.7900
3266.83 3266.83 0.0 101646.7124
3280.98 3280.98 0.0 101644.6465
3295.12 3295.12 0.0 101642.5952
3309.26 3309.26 0.0 101640.5568
3323.4 3323.4 0.0 101638.5320
3337.54 3337.54 0.0 101636.5202
3351.69 3351.69 0.0 101634.5192
3365.83 3365.83 0.0 101632.5334
3379.97 3379.97 0.0 101630.5601
3394.11 3394.11 0.0 101628.5992
3408.25 3408.25 0.0 101626.5815
3422.4 3422.4 0.0 101624.0256
3436.54 3436.54 0.0 101621.3921
3450.68 3450.68 0.0 101618.6459
3464.82 3464.82 0.0 101615.9244
3478.97 3478.97 0.0 101613.2273
3493.11 3493.11 0.0 101610.5562
3507.25 3507.25 0.0 101607.9105
3521.39 3521.39 0.0 101605.2887
3535.53 3535.53 0.0 101602.6918
3549.68 3549.68 0.0 101600.1168
3563.82 3563.82 0.0 101597.5672
3577.96 3577.96 0.0 101595.0418
3592.1 3592.1 0.0 101592.5392
3606.24 3606.24 0.0 101590.4869
3620.39 3620.39 0.0 101588.6584
3634.53 3634.53 0.0 101586.8424
3648.67 3648.67 0.0 101585.0402
3662.81 3662.81 0.0 101583.0951
3676.96 3676.96 0.0 101581.1599
3691.1 3691.1 0.0 101579.2411
3705.24 3705.24 0.0 101577.1697
3719.38 3719.38 0.0 101575.0304
3733.52 3733.52 0.0 101572.8541
3747.67 3747.67 0.0 101570.6958
3761.81 3761.81 0.0 101568.5577
3775.95 3775.95 0.0 101566.4375
3790.09 3790.09 0.0 101564.3011
3804.23 3804.23 0.0 101562.0983
3818.38 3818.38 0.0 101559.8685
3832.52 3832.52 0.0 101557.6316
3846.66 3846.66 0.0 101555.4164
3860.8 3860.8 0.0 101553.2222
3874.95 3874.95 0.0 101551.0477
3889.09 3889.09 0.0 101548.8947
3903.23 3903.23 0.0 101546.7627
3917.37 3917.37 0.0 101544.6510
3931.51 3931.51 0.0 101542.5594
3945.66 3945.66 0.0 101540.4774
3959.8 3959.8 0.0 101538.4119
3973.94 3973.94 0.0 101536.1949
3988.08 3988.08 0.0 101533.9940
4002.22 4002.22 0.0 101531.8164
4016.37 4016.37 0.0 101529.6591
4030.51 4030.51 0.0 101527.5263
4044.65 4044.65 0.0 101525.4161
4058.79 4058.79 0.0 101523.3275
4072.94 4072.94 0.0 101521.2592
4087.08 4087.08 0.0 101519.2142
4101.22 4101.22 0.0 101517.1902
4115.36 4115.36 0.0 101515.1875
4129.5 4129.5 0.0 101513.3914
4143.65 4143.65 0.0 101511.8128
4157.79 4157.79 0.0 101510.2478
4171.93 4171.93 0.0 101508.6965
4186.07 4186.07 0.0 101507.1582
4200.21 4200.21 0.0 101505.6323
4214.36 4214.36 0.0 101504.1183
4228.5 4228.5 0.0 101502.6179
4242.64 4242.64 0.0 101501.1303
