0.0 0.0 0.0 206231.3203
14.1421 14.1421 0.0 205075.7578
28.2843 28.2843 0.0 203918.5156
42.4264 42.4264 0.0 202764.1797
56.5685 56.5685 0.0 201598.3516
70.7107 70.7107 0.0 200444.9688
84.8528 84.8528 0.0 199280.4766
98.9949 98.9949 0.0 198128.8750
113.137 113.137 0.0 196990.2109
127.279 127.279 0.0 195864.4375
141.421 141.421 0.0 194751.1641
155.563 155.563 0.0 193669.3047
169.706 169.706 0.0 192596.5156
183.848 183.848 0.0 191520.9453
197.99 197.99 0.0 190457.1641
212.132 212.132 0.0 189405.3906
226.274 226.274 0.0 188344.8750
240.416 240.416 0.0 187266.7188
254.558 254.558 0.0 186175.8203
268.701 268.701 0.0 185377.7891
282.843 282.843 0.0 184735.9141
296.985 296.985 0.0 184090.2891
311.127 311.127 0.0 183439.3125
325.269 325.269 0.0 182768.2812
339.411 339.411 0.0 182102.5391
353.553 353.553 0.0 181442.0156
367.696 367.696 0.0 180786.6406
381.838 381.838 0.0 180136.5000
395.98 395.98 0.0 179472.7578
410.122 410.122 0.0 178794.1484
424.264 424.264 0.0 178113.3984
438.406 438.406 0.0 177438.4688
452.548 452.548 0.0 176769.1953
466.69 466.69 0.0 176103.9531
480.833 480.833 0.0 175444.2812
494.975 494.975 0.0 174790.5469
509.117 509.117 0.0 174142.7422
523.259 523.259 0.0 173456.5547
537.401 537.401 0.0 172689.4922
551.543 551.543 0.0 171929.2812
565.685 565.685 0.0 171176.9062
579.828 579.828 0.0 170432.2266
593.97 593.97 0.0 169695.2734
608.112 608.112 0.0 168964.4375
622.254 622.254 0.0 168240.3984
636.396 636.396 0.0 167523.8828
650.538 650.538 0.0 166814.8203
664.68 664.68 0.0 166113.0430
678.823 678.823 0.0 165418.5469
692.965 692.965 0.0 164731.2812
707.107 707.107 0.0 164051.1914
721.249 721.249 0.0 163378.1445
735.391 735.391 0.0 162712.0938
749.533 749.533 0.0 162003.0195
763.675 763.675 0.0 161299.9219
777.817 777.817 0.0 160568.0234
791.96 791.96 0.0 159844.6055
806.102 806.102 0.0 159129.8359
820.244 820.244 0.0 158423.5234
834.386 834.386 0.0 157721.1133
848.528 848.528 0.0 157025.4453
862.67 862.67 0.0 156338.1172
876.812 876.812 0.0 155659.0586
890.955 890.955 0.0 154988.1094
905.097 905.097 0.0 154341.9141
919.239 919.239 0.0 153860.3086
933.381 933.381 0.0 153387.3750
947.523 947.523 0.0 152918.6016
961.665 961.665 0.0 152443.9062
975.807 975.807 0.0 151951.0898
989.949 989.949 0.0 151462.8711
1004.09 1004.09 0.0 150979.3398
1018.23 1018.23 0.0 150500.3555
1032.38 1032.38 0.0 150021.2344
1046.52 1046.52 0.0 149528.5195
1060.66 1060.66 0.0 149040.6914
1074.8 1074.8 0.0 148557.5781
1088.94 1088.94 0.0 148047.9883
1103.09 1103.09 0.0 147540.7344
1117.23 1117.23 0.0 147036.6133
1131.37 1131.37 0.0 146537.3242
1145.51 1145.51 0.0 146043.3438
1159.66 1159.66 0.0 145544.9297
1173.8 1173.8 0.0 145028.6953
1187.94 1187.94 0.0 144517.4258
1202.08 1202.08 0.0 144012.0234
1216.22 1216.22 0.0 143512.4141
1230.37 1230.37 0.0 143018.1641
1244.51 1244.51 0.0 142526.4727
1258.65 1258.65 0.0 141976.5430
1272.79 1272.79 0.0 141336.5586
1286.93 1286.93 0.0 140705.6016
1301.08 1301.08 0.0 140053.0625
1315.22 1315.22 0.0 139386.5078
1329.36 1329.36 0.0 138666.4297
1343.5 1343.5 0.0 137945.8008
1357.65 1357.65 0.0 137200.0859
1371.79 1371.79 0.0 136422.9805
1385.93 1385.93 0.0 135642.5859
1400.07 1400.07 0.0 134809.6875
1414.21 1414.21 0.0 133944.9941
1428.36 1428.36 0.0 133088.0957
1442.5 1442.5 0.0 132196.2871
1456.64 1456.64 0.0 131285.4258
1470.78 1470.78 0.0 130319.6953
1484.92 1484.92 0.0 129384.6699
1499.07 1499.07 0.0 128478.7637
1513.21 1513.21 0.0 127602.1895
1527.35 1527.35 0.0 126752.9805
1541.49 1541.49 0.0 125930.8965
1555.63 1555.63 0.0 125135.0586
1569.78 1569.78 0.0 124368.5430
1583.92 1583.92 0.0 123650.2188
1598.06 1598.06 0.0 122954.0527
1612.2 1612.2 0.0 122261.5059
1626.35 1626.35 0.0 121568.4492
1640.49 1640.49 0.0 120908.2676
1654.63 1654.63 0.0 120346.7266
1668.77 1668.77 0.0 119834.4902
1682.91 1682.91 0.0 119350.2070
1697.06 1697.06 0.0 118908.8848
1711.2 1711.2 0.0 118569.7559
1725.34 1725.34 0.0 118237.1152
1739.48 1739.48 0.0 117910.8262
1753.62 1753.62 0.0 117599.6348
1767.77 1767.77 0.0 117273.9102
1781.91 1781.91 0.0 116996.6689
1796.05 1796.05 0.0 116779.0078
1810.19 1810.19 0.0 116564.3477
1824.34 1824.34 0.0 116352.4883
1838.48 1838.48 0.0 116143.7021
1852.62 1852.62 0.0 115937.8008
1866.76 1866.76 0.0 115734.7393
1880.9 1880.9 0.0 115540.1201
1895.05 1895.05 0.0 115371.2832
1909.19 1909.19 0.0 115212.0312
1923.33 1923.33 0.0 115050.5479
1937.47 1937.47 0.0 114890.9365
1951.61 1951.61 0.0 114733.1748
1965.76 1965.76 0.0 114575.0449
1979.9 1979.9 0.0 114442.4541
1994.04 1994.04 0.0 114322.4805
2008.18 2008.18 0.0 114203.6045
2022.33 2022.33 0.0 114085.7168
2036.47 2036.47 0.0 113968.9922
2050.61 2050.61 0.0 113853.3340
2064.75 2064.75 0.0 113740.3574
2078.89 2078.89 0.0 113629.5527
2093.04 2093.04 0.0 113503.0869
2107.18 2107.18 0.0 113371.8643
2121.32 2121.32 0.0 113242.0586
2135.46 2135.46 0.0 113113.6367
2149.6 2149.6 0.0 112986.5977
2163.75 2163.75 0.0 112861.1260
2177.89 2177.89 0.0 112743.1846
2192.03 2192.03 0.0 112626.4453
2206.17 2206.17 0.0 112504.0117
2220.32 2220.32 0.0 112379.1123
2234.46 2234.46 0.0 112247.9355
2248.6 2248.6 0.0 112112.9238
2262.74 2262.74 0.0 111977.1729
2276.88 2276.88 0.0 111841.5879
2291.03 2291.03 0.0 111707.5527
2305.17 2305.17 0.0 111575.3096
2319.31 2319.31 0.0 111444.7324
2333.45 2333.45 0.0 111327.3037
2347.59 2347.59 0.0 111222.0713
2361.74 2361.74 0.0 111117.8672
2375.88 2375.88 0.0 111014.8232
2390.02 2390.02 0.0 110921.1992
2404.16 2404.16 0.0 110841.0332
2418.31 2418.31 0.0 110761.4805
2432.45 2432.45 0.0 110682.6494
2446.59 2446.59 0.0 110595.5537
2460.73 2460.73 0.0 110506.2178
2474.87 2474.87 0.0 110440.2275
2489.02 2489.02 0.0 110392.5635
2503.16 2503.16 0.0 110345.1689
2517.3 2517.3 0.0 110297.9014
2531.44 2531.44 0.0 110250.3633
2545.58 2545.58 0.0 110203.0850
2559.73 2559.73 0.0 110156.0146
2573.87 2573.87 0.0 110109.2324
2588.01 2588.01 0.0 110062.6953
2602.15 2602.15 0.0 110012.8330
2616.3 2616.3 0.0 109957.1914
2630.44 2630.44 0.0 109896.2256
2644.58 2644.58 0.0 109835.6758
2658.72 2658.72 0.0 109776.6807
2672.86 2672.86 0.0 109718.6172
2687.01 2687.01 0.0 109660.9131
2701.15 2701.15 0.0 109600.0928
2715.29 2715.29 0.0 109538.5879
2729.43 2729.43 0.0 109464.2842
2743.57 2743.57 0.0 109380.9878
2757.72 2757.72 0.0 109298.4883
2771.86 2771.86 0.0 109216.0869
2786.0 2786.0 0.0 109134.3633
2800.14 2800.14 0.0 109053.4805
2814.28 2814.28 0.0 108973.4341
2828.43 2828.43 0.0 108894.1602
2842.57 2842.57 0.0 108815.7549
2856.71 2856.71 0.0 108738.0605
2870.85 2870.85 0.0 108661.0327
2885.0 2885.0 0.0 108583.4541
2899.14 2899.14 0.0 108506.4805
2913.28 2913.28 0.0 108430.3320
2927.42 2927.42 0.0 108354.9800
2941.56 2941.56 0.0 108280.4282
2955.71 2955.71 0.0 108206.6084
2969.85 2969.85 0.0 108133.6250
2983.99 2983.99 0.0 108061.4092
2998.13 2998.13 0.0 107989.9512
3012.27 3012.27 0.0 107919.2139
3026.42 3026.42 0.0 107849.1841
3040.56 3040.56 0.0 107779.9424
3054.7 3054.7 0.0 107714.1255
3068.84 3068.84 0.0 107656.8647
3082.99 3082.99 0.0 107604.6157
3097.13 3097.13 0.0 107552.8877
3111.27 3111.27 0.0 107501.5781
3125.41 3125.41 0.0 107454.0259
3139.55 3139.55 0.0 107410.1646
3153.7 3153.7 0.0 107366.5986
3167.84 3167.84 0.0 107323.3608
3181.98 3181.98 0.0 107280.4434
3196.12 3196.12 0.0 107237.8281
3210.26 3210.26 0.0 107195.5151
3224.41 3224.41 0.0 107153.4790
3238.55 3238.55 0.0 107109.9072
3252.69 3252.69 0.0 107069.2637
3266.83 3266.83 0.0 107029.1509
3280.98 3280.98 0.0 106989.2910
3295.12 3295.12 0.0 106949.7397
3309.26 3309.26 0.0 106908.1899
3323.4 3323.4 0.0 106866.1655
3337.54 3337.54 0.0 106824.4590
3351.69 3351.69 0.0 106783.0371
3365.83 3365.83 0.0 106741.9551
3379.97 3379.97 0.0 106703.0571
3394.11 3394.11 0.0 106665.9121
3408.25 3408.25 0.0 106628.8354
3422.4 3422.4 0.0 106590.1147
3436.54 3436.54 0.0 106551.7017
3450.68 3450.68 0.0 106513.5693
3464.82 3464.82 0.0 106482.7754
3478.97 3478.97 0.0 106467.2485
3493.11 3493.11 0.0 106451.7764
3507.25 3507.25 0.0 106436.2959
3521.39 3521.39 0.0 106420.7729
3535.53 3535.53 0.0 106405.2974
3549.68 3549.68 0.0 106389.8584
3563.82 3563.82 0.0 106374.4761
3577.96 3577.96 0.0 106357.8262
3592.1 3592.1 0.0 106339.5298
3606.24 3606.24 0.0 106320.7944
3620.39 3620.39 0.0 106302.1138
3634.53 3634.53 0.0 106283.5122
3648.67 3648.67 0.0 106264.9854
3662.81 3662.81 0.0 106245.5957
3676.96 3676.96 0.0 106225.8716
3691.1 3691.1 0.0 106206.2358
3705.24 3705.24 0.0 106186.6826
3719.38 3719.38 0.0 106167.2056
3733.52 3733.52 0.0 106147.8086
3747.67 3747.67 0.0 106126.9839
3761.81 3761.81 0.0 106104.3589
3775.95 3775.95 0.0 106081.7588
3790.09 3790.09 0.0 106059.2700
3804.23 3804.23 0.0 106036.8799
3818.38 3818.38 0.0 106014.5806
3832.52 3832.52 0.0 105992.4043
3846.66 3846.66 0.0 105970.3320
3860.8 3860.8 0.0 105948.3291
3874.95 3874.95 0.0 105926.3491
3889.09 3889.09 0.0 105903.7808
3903.23 3903.23 0.0 105878.8716
3917.37 3917.37 0.0 105854.0908
3931.51 3931.51 0.0 105829.3643
3945.66 3945.66 0.0 105804.4351
3959.8 3959.8 0.0 105779.6626
3973.94 3973.94 0.0 105755.0249
3988.08 3988.08 0.0 105730.5269
4002.22 4002.22 0.0 105706.1626
4016.37 4016.37 0.0 105681.7393
4030.51 4030.51 0.0 105660.4956
4044.65 4044.65 0.0 105639.7012
4058.79 4058.79 0.0 105619.0029
4072.94 4072.94 0.0 105598.3901
4087.08 4087.08 0.0 105577.8901
4101.22 4101.22 0.0 105557.4888
4115.36 4115.36 0.0 105537.1821
4129.5 4129.5 0.0 105516.9795
4143.65 4143.65 0.0 105496.7993
4157.79 4157.79 0.0 105475.8853
4171.93 4171.93 0.0 105454.8735
4186.07 4186.07 0.0 105433.8770
4200.21 4200.21 0.0 105413.2971
4214.36 4214.36 0.0 105395.4683
4228.5 4228.5 0.0 105377.4880
4242.64 4242.64 0.0 105359.5872
