0.0 0.0 0.0 331368.3594
14.1421 14.1421 0.0 326163.8281
28.2843 28.2843 0.0 321049.9062
42.4264 42.4264 0.0 315969.0781
56.5685 56.5685 0.0 310963.6562
70.7107 70.7107 0.0 306063.2969
84.8528 84.8528 0.0 301247.3281
98.9949 98.9949 0.0 296479.5625
113.137 113.137 0.0 292347.1406
127.279 127.279 0.0 288482.2500
141.421 141.421 0.0 284673.1406
155.563 155.563 0.0 280901.0625
169.706 169.706 0.0 277904.3281
183.848 183.848 0.0 275702.4062
197.99 197.99 0.0 273525.7031
212.132 212.132 0.0 271371.6562
226.274 226.274 0.0 269345.7812
240.416 240.416 0.0 267355.8125
254.558 254.558 0.0 265327.6562
268.701 268.701 0.0 263393.6875
282.843 282.843 0.0 261479.1562
296.985 296.985 0.0 259583.3125
311.127 311.127 0.0 257714.3906
325.269 325.269 0.0 255865.9219
339.411 339.411 0.0 254037.5781
353.553 353.553 0.0 252191.4375
367.696 367.696 0.0 250307.1875
381.838 381.838 0.0 248459.3906
395.98 395.98 0.0 246628.6719
410.122 410.122 0.0 244798.1250
424.264 424.264 0.0 242936.9688
438.406 438.406 0.0 241071.0781
452.548 452.548 0.0 239199.3750
466.69 466.69 0.0 237351.1094
480.833 480.833 0.0 235525.8594
494.975 494.975 0.0 233684.6250
509.117 509.117 0.0 231674.7969
523.259 523.259 0.0 229666.6484
537.401 537.401 0.0 227676.0000
551.543 551.543 0.0 225714.3906
565.685 565.685 0.0 223780.5078
579.828 579.828 0.0 221871.4453
593.97 593.97 0.0 219983.4844
608.112 608.112 0.0 218073.3438
622.254 622.254 0.0 216192.0078
636.396 636.396 0.0 214244.5391
650.538 650.538 0.0 212244.1562
664.68 664.68 0.0 210273.1562
678.823 678.823 0.0 208274.1328
692.965 692.965 0.0 206308.6016
707.107 707.107 0.0 204377.3281
721.249 721.249 0.0 202479.8125
735.391 735.391 0.0 200615.5156
749.533 749.533 0.0 198818.9766
763.675 763.675 0.0 197055.4297
777.817 777.817 0.0 195322.3359
791.96 791.96 0.0 193619.0781
806.102 806.102 0.0 191868.3125
820.244 820.244 0.0 190096.8516
834.386 834.386 0.0 188358.5078
848.528 848.528 0.0 186630.6094
862.67 862.67 0.0 184907.3828
876.812 876.812 0.0 183191.6875
890.955 890.955 0.0 181509.8203
905.097 905.097 0.0 179854.0938
919.239 919.239 0.0 178156.2656
933.381 933.381 0.0 176432.3828
947.523 947.523 0.0 174701.1250
961.665 961.665 0.0 173008.4141
975.807 975.807 0.0 171662.1875
989.949 989.949 0.0 170331.5859
1004.09 1004.09 0.0 168986.6953
1018.23 1018.23 0.0 167577.8594
1032.38 1032.38 0.0 166136.3047
1046.52 1046.52 0.0 164665.2852
1060.66 1060.66 0.0 163236.5430
1074.8 1074.8 0.0 161843.8789
1088.94 1088.94 0.0 160462.6797
1103.09 1103.09 0.0 159055.7344
1117.23 1117.23 0.0 157681.4062
1131.37 1131.37 0.0 156337.2734
1145.51 1145.51 0.0 155012.0820
1159.66 1159.66 0.0 153715.4961
1173.8 1173.8 0.0 152592.8633
1187.94 1187.94 0.0 151533.1211
1202.08 1202.08 0.0 150462.0234
1216.22 1216.22 0.0 149391.2148
1230.37 1230.37 0.0 148316.8984
1244.51 1244.51 0.0 147399.9492
1258.65 1258.65 0.0 146640.6016
1272.79 1272.79 0.0 145891.6562
1286.93 1286.93 0.0 145153.9531
1301.08 1301.08 0.0 144402.5898
1315.22 1315.22 0.0 143596.9062
1329.36 1329.36 0.0 142831.8242
1343.5 1343.5 0.0 142144.2695
1357.65 1357.65 0.0 141467.5742
1371.79 1371.79 0.0 140834.3320
1385.93 1385.93 0.0 140158.1914
1400.07 1400.07 0.0 139460.5156
1414.21 1414.21 0.0 138711.8789
1428.36 1428.36 0.0 137974.9258
1442.5 1442.5 0.0 137241.1289
1456.64 1456.64 0.0 136514.2734
1470.78 1470.78 0.0 135844.0195
1484.92 1484.92 0.0 135363.2070
1499.07 1499.07 0.0 134998.6602
1513.21 1513.21 0.0 134631.1719
1527.35 1527.35 0.0 134219.0391
1541.49 1541.49 0.0 133811.8887
1555.63 1555.63 0.0 133403.1172
1569.78 1569.78 0.0 132973.4238
1583.92 1583.92 0.0 132545.1094
1598.06 1598.06 0.0 132070.3848
1612.2 1612.2 0.0 131592.2637
1626.35 1626.35 0.0 131131.8887
1640.49 1640.49 0.0 130719.7363
1654.63 1654.63 0.0 130311.8555
1668.77 1668.77 0.0 129909.3613
1682.91 1682.91 0.0 129496.3242
1697.06 1697.06 0.0 129136.9766
1711.2 1711.2 0.0 128784.4941
1725.34 1725.34 0.0 128436.2129
1739.48 1739.48 0.0 128092.3301
1753.62 1753.62 0.0 127751.0918
1767.77 1767.77 0.0 127404.4902
1781.91 1781.91 0.0 127055.1387
1796.05 1796.05 0.0 126704.5254
1810.19 1810.19 0.0 126360.9434
1824.34 1824.34 0.0 126020.0664
1838.48 1838.48 0.0 125684.0020
1852.62 1852.62 0.0 125352.4668
1866.76 1866.76 0.0 124997.6543
1880.9 1880.9 0.0 124643.1465
1895.05 1895.05 0.0 124291.2871
1909.19 1909.19 0.0 123944.9199
1923.33 1923.33 0.0 123603.7207
1937.47 1937.47 0.0 123266.2871
1951.61 1951.61 0.0 122927.8906
1965.76 1965.76 0.0 122584.8770
1979.9 1979.9 0.0 122241.0605
1994.04 1994.04 0.0 121873.2969
2008.18 2008.18 0.0 121510.2871
2022.33 2022.33 0.0 121148.0977
2036.47 2036.47 0.0 120763.0762
2050.61 2050.61 0.0 120368.8555
2064.75 2064.75 0.0 120066.3164
2078.89 2078.89 0.0 119793.9492
2093.04 2093.04 0.0 119543.6250
2107.18 2107.18 0.0 119296.8516
2121.32 2121.32 0.0 119053.3809
2135.46 2135.46 0.0 118813.1797
2149.6 2149.6 0.0 118575.4805
2163.75 2163.75 0.0 118336.6895
2177.89 2177.89 0.0 118100.9062
2192.03 2192.03 0.0 117867.5488
2206.17 2206.17 0.0 117637.4111
2220.32 2220.32 0.0 117412.7949
2234.46 2234.46 0.0 117237.2480
2248.6 2248.6 0.0 117065.1875
2262.74 2262.74 0.0 116936.5625
2276.88 2276.88 0.0 116807.1348
2291.03 2291.03 0.0 116671.4219
2305.17 2305.17 0.0 116536.9746
2319.31 2319.31 0.0 116403.7109
2333.45 2333.45 0.0 116270.1279
2347.59 2347.59 0.0 116136.4287
2361.74 2361.74 0.0 116003.8350
2375.88 2375.88 0.0 115872.2812
2390.02 2390.02 0.0 115731.6367
2404.16 2404.16 0.0 115569.1631
2418.31 2418.31 0.0 115392.5957
2432.45 2432.45 0.0 115218.2334
2446.59 2446.59 0.0 115045.8623
2460.73 2460.73 0.0 114873.4902
2474.87 2474.87 0.0 114700.5332
2489.02 2489.02 0.0 114529.4561
2503.16 2503.16 0.0 114360.6758
2517.3 2517.3 0.0 114188.7666
2531.44 2531.44 0.0 114016.5244
2545.58 2545.58 0.0 113839.9355
2559.73 2559.73 0.0 113667.3447
2573.87 2573.87 0.0 113497.2998
2588.01 2588.01 0.0 113333.3213
2602.15 2602.15 0.0 113171.3135
2616.3 2616.3 0.0 113008.0166
2630.44 2630.44 0.0 112847.0684
2644.58 2644.58 0.0 112686.7773
2658.72 2658.72 0.0 112525.0439
2672.86 2672.86 0.0 112367.6855
2687.01 2687.01 0.0 112212.4277
2701.15 2701.15 0.0 112059.4365
2715.29 2715.29 0.0 111922.3174
2729.43 2729.43 0.0 111794.5117
2743.57 2743.57 0.0 111663.9922
2757.72 2757.72 0.0 111534.9980
2771.86 2771.86 0.0 111407.6963
2786.0 2786.0 0.0 111284.4512
2800.14 2800.14 0.0 111163.4922
2814.28 2814.28 0.0 111043.9873
2828.43 2828.43 0.0 110925.8535
2842.57 2842.57 0.0 110809.2305
2856.71 2856.71 0.0 110694.1104
2870.85 2870.85 0.0 110580.4951
2885.0 2885.0 0.0 110502.5762
2899.14 2899.14 0.0 110433.9443
2913.28 2913.28 0.0 110365.7881
2927.42 2927.42 0.0 110298.1484
2941.56 2941.56 0.0 110231.0127
2955.71 2955.71 0.0 110167.5215
2969.85 2969.85 0.0 110105.5391
2983.99 2983.99 0.0 110043.9766
2998.13 2998.13 0.0 109982.8496
3012.27 3012.27 0.0 109922.1504
3026.42 3026.42 0.0 109861.8330
3040.56 3040.56 0.0 109800.0088
3054.7 3054.7 0.0 109737.0869
3068.84 3068.84 0.0 109680.9902
3082.99 3082.99 0.0 109636.5762
3097.13 3097.13 0.0 109598.3369
3111.27 3111.27 0.0 109560.2715
3125.41 3125.41 0.0 109522.3896
3139.55 3139.55 0.0 109494.6650
3153.7 3153.7 0.0 109471.2637
3167.84 3167.84 0.0 109447.9546
3181.98 3181.98 0.0 109424.7104
3196.12 3196.12 0.0 109402.0469
3210.26 3210.26 0.0 109380.0889
3224.41 3224.41 0.0 109358.2476
3238.55 3238.55 0.0 109336.5005
3252.69 3252.69 0.0 109318.0342
3266.83 3266.83 0.0 109305.8042
3280.98 3280.98 0.0 109287.6304
3295.12 3295.12 0.0 109269.5244
3309.26 3309.26 0.0 109251.4790
3323.4 3323.4 0.0 109233.3608
3337.54 3337.54 0.0 109213.7407
3351.69 3351.69 0.0 109194.1626
3365.83 3365.83 0.0 109175.0518
3379.97 3379.97 0.0 109154.5645
3394.11 3394.11 0.0 109134.0000
3408.25 3408.25 0.0 109113.4863
3422.4 3422.4 0.0 109093.0181
3436.54 3436.54 0.0 109071.4224
3450.68 3450.68 0.0 109047.5171
3464.82 3464.82 0.0 109023.6880
3478.97 3478.97 0.0 108999.8452
3493.11 3493.11 0.0 108975.8906
3507.25 3507.25 0.0 108946.9258
3521.39 3521.39 0.0 108915.8442
3535.53 3535.53 0.0 108884.9473
3549.68 3549.68 0.0 108854.2031
3563.82 3563.82 0.0 108823.6055
3577.96 3577.96 0.0 108793.1323
3592.1 3592.1 0.0 108762.7812
3606.24 3606.24 0.0 108739.9126
3620.39 3620.39 0.0 108719.0430
3634.53 3634.53 0.0 108703.8726
3648.67 3648.67 0.0 108689.3672
3662.81 3662.81 0.0 108675.3682
3676.96 3676.96 0.0 108662.1621
3691.1 3691.1 0.0 108647.0557
3705.24 3705.24 0.0 108631.9810
3719.38 3719.38 0.0 108616.9438
3733.52 3733.52 0.0 108601.9233
3747.67 3747.67 0.0 108586.9341
3761.81 3761.81 0.0 108571.9829
3775.95 3775.95 0.0 108553.3032
3790.09 3790.09 0.0 108533.2544
3804.23 3804.23 0.0 108513.2637
3818.38 3818.38 0.0 108493.3120
3832.52 3832.52 0.0 108473.4287
3846.66 3846.66 0.0 108453.7427
3860.8 3860.8 0.0 108432.1011
3874.95 3874.95 0.0 108409.5513
3889.09 3889.09 0.0 108387.0840
3903.23 3903.23 0.0 108364.6938
3917.37 3917.37 0.0 108342.3682
3931.51 3931.51 0.0 108320.1123
3945.66 3945.66 0.0 108297.9175
3959.8 3959.8 0.0 108277.6987
3973.94 3973.94 0.0 108266.6895
3988.08 3988.08 0.0 108255.6938
4002.22 4002.22 0.0 108244.7192
4016.37 4016.37 0.0 108233.7485
4030.51 4030.51 0.0 108222.8120
4044.65 4044.65 0.0 108211.8857
4058.79 4058.79 0.0 108200.9795
4072.94 4072.94 0.0 108190.0850
4087.08 4087.08 0.0 108182.7158
4101.22 4101.22 0.0 108180.2886
4115.36 4115.36 0.0 108177.8589
4129.5 4129.5 0.0 108174.4204
4143.65 4143.65 0.0 108169.0723
4157.79 4157.79 0.0 108161.5601
4171.93 4171.93 0.0 108153.3062
4186.07 4186.07 0.0 108145.0625
4200.21 4200.21 0.0 108136.5308
4214.36 4214.36 0.0 108125.5054
4228.5 4228.5 0.0 108114.5103
4242.64 4242.64 0.0 108103.5234
