0.0 0.0 0.0 1399730.1250
14.1421 14.1421 0.0 1368489.5000
28.2843 28.2843 0.0 1334727.8750
42.4264 42.4264 0.0 1299669.1250
56.5685 56.5685 0.0 1264317.5000
70.7107 70.7107 0.0 1229487.1250
84.8528 84.8528 0.0 1195229.0000
98.9949 98.9949 0.0 1160346.1250
113.137 113.137 0.0 1125800.1250
127.279 127.279 0.0 1090267.8750
141.421 141.421 0.0 1053493.8125
155.563 155.563 0.0 1014823.5000
169.706 169.706 0.0 976083.9375
183.848 183.848 0.0 936863.8750
197.99 197.99 0.0 896645.5625
212.132 212.132 0.0 856582.6250
226.274 226.274 0.0 814640.8750
240.416 240.416 0.0 773276.2500
254.558 254.558 0.0 732817.6875
268.701 268.701 0.0 693409.2500
282.843 282.843 0.0 654523.6875
296.985 296.985 0.0 616819.4688
311.127 311.127 0.0 580230.9688
325.269 325.269 0.0 545107.5000
339.411 339.411 0.0 518041.6250
353.553 353.553 0.0 497496.6250
367.696 367.696 0.0 477529.0625
381.838 381.838 0.0 458040.7812
395.98 395.98 0.0 439031.0312
410.122 410.122 0.0 420109.9688
424.264 424.264 0.0 405313.3125
438.406 438.406 0.0 390725.0000
452.548 452.548 0.0 376581.0625
466.69 466.69 0.0 362686.3594
480.833 480.833 0.0 348933.3750
494.975 494.975 0.0 335647.5781
509.117 509.117 0.0 323357.8750
523.259 523.259 0.0 314910.9844
537.401 537.401 0.0 306737.8125
551.543 551.543 0.0 298701.7031
565.685 565.685 0.0 290849.5000
579.828 579.828 0.0 283226.3125
593.97 593.97 0.0 275822.6406
608.112 608.112 0.0 268694.2344
622.254 622.254 0.0 261780.2969
636.396 636.396 0.0 255075.5312
650.538 650.538 0.0 248623.6406
664.68 664.68 0.0 242326.2031
678.823 678.823 0.0 236135.2656
692.965 692.965 0.0 230898.1797
707.107 707.107 0.0 226440.3516
721.249 721.249 0.0 222395.1094
735.391 735.391 0.0 218345.9453
749.533 749.533 0.0 214352.8828
763.675 763.675 0.0 210467.5156
777.817 777.817 0.0 206708.7422
791.96 791.96 0.0 203072.6953
806.102 806.102 0.0 199597.1719
820.244 820.244 0.0 196788.0078
834.386 834.386 0.0 194041.8359
848.528 848.528 0.0 191363.6016
862.67 862.67 0.0 188757.7188
876.812 876.812 0.0 186324.9141
890.955 890.955 0.0 184015.9688
905.097 905.097 0.0 181766.3438
919.239 919.239 0.0 179574.2656
933.381 933.381 0.0 177439.7656
947.523 947.523 0.0 175361.3281
961.665 961.665 0.0 173337.6172
975.807 975.807 0.0 171428.9609
989.949 989.949 0.0 169679.5625
1004.09 1004.09 0.0 167964.4688
1018.23 1018.23 0.0 166295.8516
1032.38 1032.38 0.0 164995.0469
1046.52 1046.52 0.0 163726.0547
1060.66 1060.66 0.0 162479.5312
1074.8 1074.8 0.0 161231.6797
1088.94 1088.94 0.0 159930.1250
1103.09 1103.09 0.0 158642.4688
1117.23 1117.23 0.0 157379.4102
1131.37 1131.37 0.0 156142.9141
1145.51 1145.51 0.0 154967.3320
1159.66 1159.66 0.0 153807.1992
1173.8 1173.8 0.0 152672.2773
1187.94 1187.94 0.0 151561.3203
1202.08 1202.08 0.0 150440.8945
1216.22 1216.22 0.0 149323.6797
1230.37 1230.37 0.0 148174.3008
1244.51 1244.51 0.0 147024.2812
1258.65 1258.65 0.0 145939.1094
1272.79 1272.79 0.0 145135.6484
1286.93 1286.93 0.0 144334.6680
1301.08 1301.08 0.0 143547.4727
1315.22 1315.22 0.0 142792.3867
1329.36 1329.36 0.0 142061.4023
1343.5 1343.5 0.0 141348.3398
1357.65 1357.65 0.0 140647.0234
1371.79 1371.79 0.0 140028.8672
1385.93 1385.93 0.0 139388.4492
1400.07 1400.07 0.0 138729.9297
1414.21 1414.21 0.0 138081.1250
1428.36 1428.36 0.0 137441.8594
1442.5 1442.5 0.0 136813.9805
1456.64 1456.64 0.0 136172.3984
1470.78 1470.78 0.0 135531.6016
1484.92 1484.92 0.0 134902.3789
1499.07 1499.07 0.0 134284.1055
1513.21 1513.21 0.0 133677.4766
1527.35 1527.35 0.0 133081.8223
1541.49 1541.49 0.0 132496.9707
1555.63 1555.63 0.0 131922.7227
1569.78 1569.78 0.0 131358.5020
1583.92 1583.92 0.0 130804.9082
1598.06 1598.06 0.0 130261.3906
1612.2 1612.2 0.0 129727.7520
1626.35 1626.35 0.0 129194.6367
1640.49 1640.49 0.0 128674.3223
1654.63 1654.63 0.0 128321.8320
1668.77 1668.77 0.0 127978.0391
1682.91 1682.91 0.0 127638.5664
1697.06 1697.06 0.0 127303.1289
1711.2 1711.2 0.0 126960.6504
1725.34 1725.34 0.0 126617.4551
1739.48 1739.48 0.0 126319.1367
1753.62 1753.62 0.0 126045.9590
1767.77 1767.77 0.0 125775.5410
1781.91 1781.91 0.0 125504.4316
1796.05 1796.05 0.0 125224.9023
1810.19 1810.19 0.0 124948.5215
1824.34 1824.34 0.0 124671.6113
1838.48 1838.48 0.0 124398.1074
1852.62 1852.62 0.0 124127.7617
1866.76 1866.76 0.0 123892.7578
1880.9 1880.9 0.0 123706.5020
1895.05 1895.05 0.0 123521.6348
1909.19 1909.19 0.0 123338.4316
1923.33 1923.33 0.0 123156.4414
1937.47 1937.47 0.0 122971.0215
1951.61 1951.61 0.0 122780.7148
1965.76 1965.76 0.0 122591.9062
1979.9 1979.9 0.0 122404.8926
1994.04 1994.04 0.0 122216.3750
2008.18 2008.18 0.0 122026.6504
2022.33 2022.33 0.0 121837.5566
2036.47 2036.47 0.0 121648.0781
2050.61 2050.61 0.0 121445.8438
2064.75 2064.75 0.0 121199.9355
2078.89 2078.89 0.0 120957.0098
2093.04 2093.04 0.0 120712.3535
2107.18 2107.18 0.0 120440.3848
2121.32 2121.32 0.0 120219.1777
2135.46 2135.46 0.0 120002.7773
2149.6 2149.6 0.0 119773.2188
2163.75 2163.75 0.0 119546.2930
2177.89 2177.89 0.0 119322.2793
2192.03 2192.03 0.0 119112.9062
2206.17 2206.17 0.0 118907.4219
2220.32 2220.32 0.0 118704.1445
2234.46 2234.46 0.0 118503.3027
2248.6 2248.6 0.0 118304.3379
2262.74 2262.74 0.0 118107.6172
2276.88 2276.88 0.0 117912.3496
2291.03 2291.03 0.0 117753.4531
2305.17 2305.17 0.0 117642.7285
2319.31 2319.31 0.0 117533.1104
2333.45 2333.45 0.0 117416.7451
2347.59 2347.59 0.0 117301.2070
2361.74 2361.74 0.0 117186.4121
2375.88 2375.88 0.0 117072.5156
2390.02 2390.02 0.0 116958.7969
2404.16 2404.16 0.0 116829.6270
2418.31 2418.31 0.0 116699.7031
2432.45 2432.45 0.0 116563.3164
2446.59 2446.59 0.0 116427.3926
2460.73 2460.73 0.0 116294.6855
2474.87 2474.87 0.0 116190.5928
2489.02 2489.02 0.0 116111.2266
2503.16 2503.16 0.0 116030.8398
2517.3 2517.3 0.0 115947.4531
2531.44 2531.44 0.0 115861.9482
2545.58 2545.58 0.0 115776.9395
2559.73 2559.73 0.0 115692.3701
2573.87 2573.87 0.0 115606.4932
2588.01 2588.01 0.0 115518.7393
2602.15 2602.15 0.0 115430.4609
2616.3 2616.3 0.0 115349.0459
2630.44 2630.44 0.0 115268.1650
2644.58 2644.58 0.0 115182.8633
2658.72 2658.72 0.0 115093.2744
2672.86 2672.86 0.0 115004.7402
2687.01 2687.01 0.0 114916.9121
2701.15 2701.15 0.0 114829.7080
2715.29 2715.29 0.0 114741.0771
2729.43 2729.43 0.0 114644.2021
2743.57 2743.57 0.0 114530.8701
2757.72 2757.72 0.0 114418.1729
2771.86 2771.86 0.0 114304.8086
2786.0 2786.0 0.0 114189.6191
2800.14 2800.14 0.0 114075.4434
2814.28 2814.28 0.0 113946.4072
2828.43 2828.43 0.0 113818.5215
2842.57 2842.57 0.0 113691.9941
2856.71 2856.71 0.0 113566.7520
2870.85 2870.85 0.0 113442.7764
2885.0 2885.0 0.0 113319.9580
2899.14 2899.14 0.0 113198.4561
2913.28 2913.28 0.0 113070.2393
2927.42 2927.42 0.0 112942.8662
2941.56 2941.56 0.0 112816.8711
2955.71 2955.71 0.0 112692.1387
2969.85 2969.85 0.0 112568.5020
2983.99 2983.99 0.0 112446.1270
2998.13 2998.13 0.0 112325.0732
3012.27 3012.27 0.0 112205.3398
3026.42 3026.42 0.0 112086.8105
3040.56 3040.56 0.0 111969.4648
3054.7 3054.7 0.0 111858.3066
3068.84 3068.84 0.0 111748.4316
3082.99 3082.99 0.0 111639.6396
3097.13 3097.13 0.0 111532.0391
3111.27 3111.27 0.0 111425.5615
3125.41 3125.41 0.0 111320.1865
3139.55 3139.55 0.0 111215.9121
3153.7 3153.7 0.0 111112.6465
3167.84 3167.84 0.0 111010.5244
3181.98 3181.98 0.0 110909.5166
3196.12 3196.12 0.0 110810.1396
3210.26 3210.26 0.0 110714.2041
3224.41 3224.41 0.0 110631.5986
3238.55 3238.55 0.0 110549.7773
3252.69 3252.69 0.0 110473.2305
3266.83 3266.83 0.0 110398.1650
3280.98 3280.98 0.0 110323.6533
3295.12 3295.12 0.0 110249.8047
3309.26 3309.26 0.0 110177.7578
3323.4 3323.4 0.0 110108.9736
3337.54 3337.54 0.0 110040.7236
3351.69 3351.69 0.0 109972.9639
3365.83 3365.83 0.0 109905.7607
3379.97 3379.97 0.0 109839.0830
3394.11 3394.11 0.0 109772.9209
3408.25 3408.25 0.0 109712.1279
3422.4 3422.4 0.0 109652.1172
3436.54 3436.54 0.0 109591.9854
3450.68 3450.68 0.0 109532.2871
3464.82 3464.82 0.0 109473.0127
3478.97 3478.97 0.0 109414.1270
3493.11 3493.11 0.0 109359.4463
3507.25 3507.25 0.0 109311.4951
3521.39 3521.39 0.0 109263.8369
3535.53 3535.53 0.0 109216.6157
3549.68 3549.68 0.0 109174.6875
3563.82 3563.82 0.0 109134.4976
3577.96 3577.96 0.0 109094.5088
3592.1 3592.1 0.0 109054.7173
3606.24 3606.24 0.0 109015.1431
3620.39 3620.39 0.0 108975.7378
3634.53 3634.53 0.0 108936.5269
3648.67 3648.67 0.0 108897.5127
3662.81 3662.81 0.0 108858.6973
3676.96 3676.96 0.0 108820.0479
3691.1 3691.1 0.0 108781.6250
3705.24 3705.24 0.0 108743.3345
3719.38 3719.38 0.0 108707.8066
3733.52 3733.52 0.0 108682.1699
3747.67 3747.67 0.0 108666.9355
3761.81 3761.81 0.0 108656.2734
3775.95 3775.95 0.0 108645.6230
3790.09 3790.09 0.0 108634.9883
3804.23 3804.23 0.0 108624.2153
3818.38 3818.38 0.0 108613.1099
3832.52 3832.52 0.0 108601.4951
3846.66 3846.66 0.0 108591.7007
3860.8 3860.8 0.0 108581.9126
3874.95 3874.95 0.0 108572.1406
3889.09 3889.09 0.0 108562.3794
3903.23 3903.23 0.0 108552.6343
3917.37 3917.37 0.0 108542.9048
3931.51 3931.51 0.0 108533.1855
3945.66 3945.66 0.0 108523.4761
3959.8 3959.8 0.0 108513.7798
3973.94 3973.94 0.0 108504.1030
3988.08 3988.08 0.0 108494.4326
4002.22 4002.22 0.0 108484.7852
4016.37 4016.37 0.0 108474.9468
4030.51 4030.51 0.0 108464.5049
4044.65 4044.65 0.0 108454.0776
4058.79 4058.79 0.0 108443.6626
4072.94 4072.94 0.0 108433.2524
4087.08 4087.08 0.0 108422.8677
4101.22 4101.22 0.0 108412.6562
4115.36 4115.36 0.0 108403.9790
4129.5 4129.5 0.0 108394.4673
4143.65 4143.65 0.0 108384.5674
4157.79 4157.79 0.0 108374.6821
4171.93 4171.93 0.0 108364.8115
4186.07 4186.07 0.0 108354.9502
4200.21 4200.21 0.0 108343.9258
4214.36 4214.36 0.0 108330.9233
4228.5 4228.5 0.0 108314.8926
4242.64 4242.64 0.0 108298.8354
