0.0 0.0 0.0 1042952.1875
14.1421 14.1421 0.0 846290.7500
28.2843 28.2843 0.0 678253.2500
42.4264 42.4264 0.0 539654.8750
56.5685 56.5685 0.0 426880.9062
70.7107 70.7107 0.0 339038.0312
84.8528 84.8528 0.0 272730.0156
98.9949 98.9949 0.0 226937.2578
113.137 113.137 0.0 201414.5312
127.279 127.279 0.0 184538.1250
141.421 141.421 0.0 170409.5938
155.563 155.563 0.0 158611.5352
169.706 169.706 0.0 148744.9102
183.848 183.848 0.0 140510.0547
197.99 197.99 0.0 133713.4375
212.132 212.132 0.0 128079.9707
226.274 226.274 0.0 124484.3516
240.416 240.416 0.0 122123.0254
254.558 254.558 0.0 120149.1875
268.701 268.701 0.0 118352.5742
282.843 282.843 0.0 116726.2295
296.985 296.985 0.0 115254.1416
311.127 311.127 0.0 114037.2764
325.269 325.269 0.0 113152.1357
339.411 339.411 0.0 112328.2920
353.553 353.553 0.0 111561.2070
367.696 367.696 0.0 110913.3379
381.838 381.838 0.0 110431.6260
395.98 395.98 0.0 109966.4668
410.122 410.122 0.0 109521.4248
424.264 424.264 0.0 109096.0000
438.406 438.406 0.0 108692.5762
452.548 452.548 0.0 108310.0317
466.69 466.69 0.0 107946.7310
480.833 480.833 0.0 107598.6304
494.975 494.975 0.0 107338.3140
509.117 509.117 0.0 107119.9336
523.259 523.259 0.0 106909.4644
537.401 537.401 0.0 106706.6191
551.543 551.543 0.0 106512.9282
565.685 565.685 0.0 106328.2041
579.828 579.828 0.0 106150.0278
593.97 593.97 0.0 105973.7744
608.112 608.112 0.0 105799.6597
622.254 622.254 0.0 105632.0479
636.396 636.396 0.0 105470.7056
650.538 650.538 0.0 105315.3950
664.68 664.68 0.0 105165.8918
678.823 678.823 0.0 105021.9670
692.965 692.965 0.0 104883.4363
707.107 707.107 0.0 104750.1670
721.249 721.249 0.0 104627.6052
735.391 735.391 0.0 104513.1597
749.533 749.533 0.0 104402.6738
763.675 763.675 0.0 104296.0139
777.817 777.817 0.0 104193.0413
791.96 791.96 0.0 104093.8828
806.102 806.102 0.0 103998.5215
820.244 820.244 0.0 103907.0349
834.386 834.386 0.0 103827.6360
848.528 848.528 0.0 103761.6292
862.67 862.67 0.0 103697.3645
876.812 876.812 0.0 103632.5354
890.955 890.955 0.0 103568.8550
905.097 905.097 0.0 103522.4924
919.239 919.239 0.0 103480.0491
933.381 933.381 0.0 103438.4248
947.523 947.523 0.0 103397.6038
961.665 961.665 0.0 103357.5664
975.807 975.807 0.0 103318.2911
989.949 989.949 0.0 103277.2010
1004.09 1004.09 0.0 103248.7859
1018.23 1018.23 0.0 103224.5131
1032.38 1032.38 0.0 103201.3292
1046.52 1046.52 0.0 103178.1400
1060.66 1060.66 0.0 103151.9445
1074.8 1074.8 0.0 103125.7310
1088.94 1088.94 0.0 103098.6642
1103.09 1103.09 0.0 103071.9089
1117.23 1117.23 0.0 103045.5471
1131.37 1131.37 0.0 103019.5862
1145.51 1145.51 0.0 102994.0131
1159.66 1159.66 0.0 102968.8102
1173.8 1173.8 0.0 102944.0060
1187.94 1187.94 0.0 102919.5737
1202.08 1202.08 0.0 102895.5111
1216.22 1216.22 0.0 102871.8107
1230.37 1230.37 0.0 102848.4510
1244.51 1244.51 0.0 102825.5081
1258.65 1258.65 0.0 102803.7275
1272.79 1272.79 0.0 102784.2390
1286.93 1286.93 0.0 102765.0079
1301.08 1301.08 0.0 102745.9401
1315.22 1315.22 0.0 102727.1091
1329.36 1329.36 0.0 102705.9141
1343.5 1343.5 0.0 102683.9132
1357.65 1357.65 0.0 102662.0162
1371.79 1371.79 0.0 102640.2152
1385.93 1385.93 0.0 102618.8722
1400.07 1400.07 0.0 102597.8750
1414.21 1414.21 0.0 102577.2172
1428.36 1428.36 0.0 102556.8828
1442.5 1442.5 0.0 102536.8912
1456.64 1456.64 0.0 102517.2236
1470.78 1470.78 0.0 102497.8578
1484.92 1484.92 0.0 102481.4883
1499.07 1499.07 0.0 102467.0441
1513.21 1513.21 0.0 102452.7909
1527.35 1527.35 0.0 102438.7140
1541.49 1541.49 0.0 102424.8136
1555.63 1555.63 0.0 102411.0856
1569.78 1569.78 0.0 102397.6127
1583.92 1583.92 0.0 102384.5835
1598.06 1598.06 0.0 102372.4012
1612.2 1612.2 0.0 102360.3608
1626.35 1626.35 0.0 102348.4487
1640.49 1640.49 0.0 102336.6993
1654.63 1654.63 0.0 102324.9042
1668.77 1668.77 0.0 102313.0992
1682.91 1682.91 0.0 102301.9539
1697.06 1697.06 0.0 102291.1387
1711.2 1711.2 0.0 102280.5524
1725.34 1725.34 0.0 102270.0844
1739.48 1739.48 0.0 102259.7300
1753.62 1753.62 0.0 102249.4892
1767.77 1767.77 0.0 102239.3530
1781.91 1781.91 0.0 102229.3348
1796.05 1796.05 0.0 102219.4267
1810.19 1810.19 0.0 102210.8774
1824.34 1824.34 0.0 102203.1108
1838.48 1838.48 0.0 102194.7542
1852.62 1852.62 0.0 102186.5017
1866.76 1866.76 0.0 102178.4992
1880.9 1880.9 0.0 102170.4219
1895.05 1895.05 0.0 102162.3172
1909.19 1909.19 0.0 102154.2953
1923.33 1923.33 0.0 102146.3964
1937.47 1937.47 0.0 102138.6111
1951.61 1951.61 0.0 102130.8992
1965.76 1965.76 0.0 102124.4674
1979.9 1979.9 0.0 102118.8339
1994.04 1994.04 0.0 102113.2558
2008.18 2008.18 0.0 102107.7159
2022.33 2022.33 0.0 102102.4126
2036.47 2036.47 0.0 102098.8235
2050.61 2050.61 0.0 102094.9831
2064.75 2064.75 0.0 102091.1609
2078.89 2078.89 0.0 102087.3585
2093.04 2093.04 0.0 102083.5714
2107.18 2107.18 0.0 102079.8058
2121.32 2121.32 0.0 102076.2496
2135.46 2135.46 0.0 102072.7484
2149.6 2149.6 0.0 102069.2634
2163.75 2163.75 0.0 102065.7923
2177.89 2177.89 0.0 102062.3392
2192.03 2192.03 0.0 102058.4094
2206.17 2206.17 0.0 102054.4614
2220.32 2220.32 0.0 102050.5328
2234.46 2234.46 0.0 102046.6268
2248.6 2248.6 0.0 102042.7425
2262.74 2262.74 0.0 102038.8790
2276.88 2276.88 0.0 102035.9782
2291.03 2291.03 0.0 102032.8644
2305.17 2305.17 0.0 102029.2314
2319.31 2319.31 0.0 102025.6174
2333.45 2333.45 0.0 102022.0219
2347.59 2347.59 0.0 102018.3194
2361.74 2361.74 0.0 102014.5558
2375.88 2375.88 0.0 102011.7853
2390.02 2390.02 0.0 102009.3726
2404.16 2404.16 0.0 102006.9670
2418.31 2418.31 0.0 102004.5685
2432.45 2432.45 0.0 102002.1805
2446.59 2446.59 0.0 101999.8005
2460.73 2460.73 0.0 101997.4293
2474.87 2474.87 0.0 101995.0663
2489.02 2489.02 0.0 101992.6693
2503.16 2503.16 0.0 101990.1328
2517.3 2517.3 0.0 101987.5190
2531.44 2531.44 0.0 101984.7693
2545.58 2545.58 0.0 101981.9534
2559.73 2559.73 0.0 101979.1466
2573.87 2573.87 0.0 101976.3537
2588.01 2588.01 0.0 101973.5733
2602.15 2602.15 0.0 101970.8045
2616.3 2616.3 0.0 101968.0447
2630.44 2630.44 0.0 101964.6318
2644.58 2644.58 0.0 101961.4486
2658.72 2658.72 0.0 101958.4515
2672.86 2672.86 0.0 101955.6745
2687.01 2687.01 0.0 101952.9713
2701.15 2701.15 0.0 101951.2034
2715.29 2715.29 0.0 101948.4056
2729.43 2729.43 0.0 101945.4664
2743.57 2743.57 0.0 101942.5422
2757.72 2757.72 0.0 101940.2239
2771.86 2771.86 0.0 101938.0003
2786.0 2786.0 0.0 101935.7853
2800.14 2800.14 0.0 101933.5567
2814.28 2814.28 0.0 101931.1202
2828.43 2828.43 0.0 101928.6920
2842.57 2842.57 0.0 101926.1772
2856.71 2856.71 0.0 101923.6725
2870.85 2870.85 0.0 101921.1809
2885.0 2885.0 0.0 101919.3972
2899.14 2899.14 0.0 101918.0920
2913.28 2913.28 0.0 101916.7901
2927.42 2927.42 0.0 101915.4908
2941.56 2941.56 0.0 101914.1945
2955.71 2955.71 0.0 101912.9003
2969.85 2969.85 0.0 101911.6104
2983.99 2983.99 0.0 101910.3218
2998.13 2998.13 0.0 101909.0366
3012.27 3012.27 0.0 101907.7551
3026.42 3026.42 0.0 101906.4604
3040.56 3040.56 0.0 101905.1331
3054.7 3054.7 0.0 101903.8074
3068.84 3068.84 0.0 101902.4840
3082.99 3082.99 0.0 101901.1403
3097.13 3097.13 0.0 101899.6026
3111.27 3111.27 0.0 101898.0697
3125.41 3125.41 0.0 101897.8796
3139.55 3139.55 0.0 101898.2571
3153.7 3153.7 0.0 101898.6346
3167.84 3167.84 0.0 101899.0074
3181.98 3181.98 0.0 101899.3455
3196.12 3196.12 0.0 101899.6810
3210.26 3210.26 0.0 101900.0161
3224.41 3224.41 0.0 101900.3506
3238.55 3238.55 0.0 101900.6862
3252.69 3252.69 0.0 101901.0202
3266.83 3266.83 0.0 101901.3556
3280.98 3280.98 0.0 101901.9645
3295.12 3295.12 0.0 101902.6016
3309.26 3309.26 0.0 101903.2390
3323.4 3323.4 0.0 101903.8770
3337.54 3337.54 0.0 101904.5165
3351.69 3351.69 0.0 101905.1561
3365.83 3365.83 0.0 101905.7961
3379.97 3379.97 0.0 101906.4376
3394.11 3394.11 0.0 101907.0000
3408.25 3408.25 0.0 101907.4169
3422.4 3422.4 0.0 101908.6256
3436.54 3436.54 0.0 101911.1019
3450.68 3450.68 0.0 101913.5891
3464.82 3464.82 0.0 101916.0861
3478.97 3478.97 0.0 101918.4603
3493.11 3493.11 0.0 101920.6125
3507.25 3507.25 0.0 101922.3234
3521.39 3521.39 0.0 101923.6132
3535.53 3535.53 0.0 101924.5770
3549.68 3549.68 0.0 101925.0339
3563.82 3563.82 0.0 101925.4921
3577.96 3577.96 0.0 101925.9511
3592.1 3592.1 0.0 101926.4081
3606.24 3606.24 0.0 101926.8676
3620.39 3620.39 0.0 101927.3268
3634.53 3634.53 0.0 101927.7957
3648.67 3648.67 0.0 101928.2676
3662.81 3662.81 0.0 101928.7405
3676.96 3676.96 0.0 101929.2136
3691.1 3691.1 0.0 101929.6873
3705.24 3705.24 0.0 101930.1614
3719.38 3719.38 0.0 101930.6347
3733.52 3733.52 0.0 101931.1089
3747.67 3747.67 0.0 101931.2305
3761.81 3761.81 0.0 101931.2352
3775.95 3775.95 0.0 101930.8778
3790.09 3790.09 0.0 101930.4058
3804.23 3804.23 0.0 101929.9275
3818.38 3818.38 0.0 101929.4135
3832.52 3832.52 0.0 101928.9001
3846.66 3846.66 0.0 101928.3878
3860.8 3860.8 0.0 101927.8746
3874.95 3874.95 0.0 101927.3633
3889.09 3889.09 0.0 101926.8513
3903.23 3903.23 0.0 101926.3290
3917.37 3917.37 0.0 101925.7970
3931.51 3931.51 0.0 101925.2662
3945.66 3945.66 0.0 101924.7351
3959.8 3959.8 0.0 101924.2047
3973.94 3973.94 0.0 101923.6748
3988.08 3988.08 0.0 101922.7406
4002.22 4002.22 0.0 101922.1633
4016.37 4016.37 0.0 101921.8950
4030.51 4030.51 0.0 101921.6267
4044.65 4044.65 0.0 101921.3574
4058.79 4058.79 0.0 101921.0803
4072.94 4072.94 0.0 101920.4762
4087.08 4087.08 0.0 101919.7240
4101.22 4101.22 0.0 101918.9742
4115.36 4115.36 0.0 101918.2244
4129.5 4129.5 0.0 101917.4758
4143.65 4143.65 0.0 101916.7275
4157.79 4157.79 0.0 101915.9805
4171.93 4171.93 0.0 101915.2344
4186.07 4186.07 0.0 101914.4894
4200.21 4200.21 0.0 101913.7372
4214.36 4214.36 0.0 101912.9026
4228.5 4228.5 0.0 101911.9929
4242.64 4242.64 0.0 101911.0848
