0.0 0.0 0.0 978376.9375
70.7107 70.7107 0.0 194028.7891
141.421 141.421 0.0 121587.7168
212.132 212.132 0.0 109879.1416
282.843 282.843 0.0 106499.7642
353.553 353.553 0.0 104983.3096
424.264 424.264 0.0 103948.3074
494.975 494.975 0.0 103208.2650
565.685 565.685 0.0 102723.4473
636.396 636.396 0.0 102452.8544
707.107 707.107 0.0 102237.1583
777.817 777.817 0.0 102063.3557
848.528 848.528 0.0 101961.0251
919.239 919.239 0.0 101885.8640
989.949 989.949 0.0 101830.6740
1060.66 1060.66 0.0 101795.1865
1131.37 1131.37 0.0 101768.0258
1202.08 1202.08 0.0 101737.9729
1272.79 1272.79 0.0 101710.5409
1343.5 1343.5 0.0 101689.7704
1414.21 1414.21 0.0 101670.5537
1484.92 1484.92 0.0 101656.9055
1555.63 1555.63 0.0 101647.6011
1626.35 1626.35 0.0 101639.5810
1697.06 1697.06 0.0 101631.1673
1767.77 1767.77 0.0 101621.9366
1838.48 1838.48 0.0 101613.1756
1909.19 1909.19 0.0 101608.5838
1979.9 1979.9 0.0 101602.8565
2050.61 2050.61 0.0 101598.0688
2121.32 2121.32 0.0 101593.5747
2192.03 2192.03 0.0 101586.8676
2262.74 2262.74 0.0 101579.4715
2333.45 2333.45 0.0 101571.8806
2404.16 2404.16 0.0 101565.2795
2474.87 2474.87 0.0 101559.4814
2545.58 2545.58 0.0 101556.0505
2616.3 2616.3 0.0 101550.6620
2687.01 2687.01 0.0 101544.7870
2757.72 2757.72 0.0 101538.0042
2828.43 2828.43 0.0 101530.6910
2899.14 2899.14 0.0 101527.3090
2969.85 2969.85 0.0 101522.9638
3040.56 3040.56 0.0 101518.3876
3111.27 3111.27 0.0 101513.5700
3181.98 3181.98 0.0 101508.8723
3252.69 3252.69 0.0 101504.2917
3323.4 3323.4 0.0 101498.7486
3394.11 3394.11 0.0 101491.9423
3464.82 3464.82 0.0 101485.3535
3535.53 3535.53 0.0 101478.9868
3606.24 3606.24 0.0 101472.8694
3676.96 3676.96 0.0 101466.9939
3747.67 3747.67 0.0 101461.3529
3818.38 3818.38 0.0 101455.9358
3889.09 3889.09 0.0 101450.7343
3959.8 3959.8 0.0 101444.5772
4030.51 4030.51 0.0 101438.5479
4101.22 4101.22 0.0 101432.6348
4171.93 4171.93 0.0 101427.2633
4242.64 4242.64 0.0 101422.8512
4313.35 4313.35 0.0 101419.4559
4384.06 4384.06 0.0 101416.0455
4454.77 4454.77 0.0 101412.6625
4525.48 4525.48 0.0 101409.4048
4596.19 4596.19 0.0 101406.2685
4666.9 4666.9 0.0 101403.2486
4737.62 4737.62 0.0 101400.4256
4808.33 4808.33 0.0 101397.8032
4879.04 4879.04 0.0 101395.2721
4949.75 4949.75 0.0 101392.8288
5020.46 5020.46 0.0 101390.4706
5091.17 5091.17 0.0 101388.1942
5161.88 5161.88 0.0 101385.9972
5232.59 5232.59 0.0 101383.8624
5303.3 5303.3 0.0 101381.8545
5374.01 5374.01 0.0 101379.8341
5444.72 5444.72 0.0 101377.8556
5515.43 5515.43 0.0 101375.8497
5586.14 5586.14 0.0 101373.8628
5656.85 5656.85 0.0 101371.9536
5727.56 5727.56 0.0 101370.1188
5798.28 5798.28 0.0 101368.3470
5868.99 5868.99 0.0 101366.7247
5939.7 5939.7 0.0 101365.3751
6010.41 6010.41 0.0 101364.0692
6081.12 6081.12 0.0 101362.8054
6151.83 6151.83 0.0 101361.5188
6222.54 6222.54 0.0 101360.2951
6293.25 6293.25 0.0 101359.1148
6363.96 6363.96 0.0 101357.9741
6434.67 6434.67 0.0 101356.8715
6505.38 6505.38 0.0 101355.8057
6576.09 6576.09 0.0 101354.7756
6646.8 6646.8 0.0 101353.7800
6717.51 6717.51 0.0 101352.7999
6788.23 6788.23 0.0 101351.8038
6858.94 6858.94 0.0 101350.7937
6929.65 6929.65 0.0 101349.7924
7000.36 7000.36 0.0 101348.8356
7071.07 7071.07 0.0 101347.9157
7141.78 7141.78 0.0 101347.0313
7212.49 7212.49 0.0 101346.1811
7283.2 7283.2 0.0 101345.3496
7353.91 7353.91 0.0 101344.5142
7424.62 7424.62 0.0 101343.7131
7495.33 7495.33 0.0 101342.9449
7566.04 7566.04 0.0 101342.2082
7636.75 7636.75 0.0 101341.4996
7707.46 7707.46 0.0 101340.8208
7778.17 7778.17 0.0 101340.1881
