0.0 0.0 0.0 1261502.7500
14.1421 14.1421 0.0 1112304.4375
28.2843 28.2843 0.0 953313.9375
42.4264 42.4264 0.0 802023.9375
56.5685 56.5685 0.0 666799.7500
70.7107 70.7107 0.0 551076.7812
84.8528 84.8528 0.0 454144.4375
98.9949 98.9949 0.0 373761.1562
113.137 113.137 0.0 309802.0156
127.279 127.279 0.0 261349.4688
141.421 141.421 0.0 230294.1328
155.563 155.563 0.0 211542.0312
169.706 169.706 0.0 195933.9453
183.848 183.848 0.0 182448.1953
197.99 197.99 0.0 170818.4141
212.132 212.132 0.0 160806.3906
226.274 226.274 0.0 152114.9414
240.416 240.416 0.0 145594.5898
254.558 254.558 0.0 140757.9531
268.701 268.701 0.0 136532.6523
282.843 282.843 0.0 132999.5195
296.985 296.985 0.0 130277.4160
311.127 311.127 0.0 127881.6250
325.269 325.269 0.0 125682.6074
339.411 339.411 0.0 123662.9512
353.553 353.553 0.0 121805.6406
367.696 367.696 0.0 120175.4551
381.838 381.838 0.0 119142.3281
395.98 395.98 0.0 118183.7344
410.122 410.122 0.0 117276.2891
424.264 424.264 0.0 116417.3115
438.406 438.406 0.0 115602.8291
452.548 452.548 0.0 114831.9795
466.69 466.69 0.0 114102.4814
480.833 480.833 0.0 113571.1270
494.975 494.975 0.0 113105.5312
509.117 509.117 0.0 112654.8184
523.259 523.259 0.0 112220.9746
537.401 537.401 0.0 111803.5586
551.543 551.543 0.0 111387.4727
565.685 565.685 0.0 110986.0957
579.828 579.828 0.0 110600.6328
593.97 593.97 0.0 110225.1221
608.112 608.112 0.0 109900.7285
622.254 622.254 0.0 109655.3926
636.396 636.396 0.0 109417.0439
650.538 650.538 0.0 109185.4883
664.68 664.68 0.0 108960.5293
678.823 678.823 0.0 108730.8652
692.965 692.965 0.0 108505.2490
707.107 707.107 0.0 108286.4824
721.249 721.249 0.0 108073.3804
735.391 735.391 0.0 107866.1113
749.533 749.533 0.0 107670.8999
763.675 763.675 0.0 107483.8052
777.817 777.817 0.0 107302.8809
791.96 791.96 0.0 107127.2417
806.102 806.102 0.0 106956.7598
820.244 820.244 0.0 106791.2734
834.386 834.386 0.0 106630.6372
848.528 848.528 0.0 106474.6763
862.67 862.67 0.0 106323.2754
876.812 876.812 0.0 106176.3101
890.955 890.955 0.0 106042.4536
905.097 905.097 0.0 105915.5610
919.239 919.239 0.0 105792.1680
933.381 933.381 0.0 105672.0801
947.523 947.523 0.0 105549.9907
961.665 961.665 0.0 105431.0269
975.807 975.807 0.0 105346.8359
989.949 989.949 0.0 105292.0039
1004.09 1004.09 0.0 105240.1082
1018.23 1018.23 0.0 105184.2480
1032.38 1032.38 0.0 105126.1792
1046.52 1046.52 0.0 105067.0813
1060.66 1060.66 0.0 105001.7625
1074.8 1074.8 0.0 104937.0317
1088.94 1088.94 0.0 104873.3857
1103.09 1103.09 0.0 104810.8215
1117.23 1117.23 0.0 104751.7424
1131.37 1131.37 0.0 104695.5464
1145.51 1145.51 0.0 104639.9387
1159.66 1159.66 0.0 104594.2986
1173.8 1173.8 0.0 104565.1643
1187.94 1187.94 0.0 104536.2893
1202.08 1202.08 0.0 104505.7566
1216.22 1216.22 0.0 104472.7070
1230.37 1230.37 0.0 104440.6875
1244.51 1244.51 0.0 104409.0161
1258.65 1258.65 0.0 104377.6665
1272.79 1272.79 0.0 104346.5513
1286.93 1286.93 0.0 104315.7903
1301.08 1301.08 0.0 104285.8181
1315.22 1315.22 0.0 104253.8748
1329.36 1329.36 0.0 104218.7900
1343.5 1343.5 0.0 104183.1016
1357.65 1357.65 0.0 104147.6899
1371.79 1371.79 0.0 104112.7363
1385.93 1385.93 0.0 104081.4839
1400.07 1400.07 0.0 104053.0161
1414.21 1414.21 0.0 104024.8381
1428.36 1428.36 0.0 103996.9316
1442.5 1442.5 0.0 103969.3318
1456.64 1456.64 0.0 103942.0186
1470.78 1470.78 0.0 103914.9866
1484.92 1484.92 0.0 103888.2351
1499.07 1499.07 0.0 103861.7397
1513.21 1513.21 0.0 103832.7485
1527.35 1527.35 0.0 103802.6443
1541.49 1541.49 0.0 103772.9023
1555.63 1555.63 0.0 103743.6829
1569.78 1569.78 0.0 103715.1682
1583.92 1583.92 0.0 103687.1431
1598.06 1598.06 0.0 103659.4465
1612.2 1612.2 0.0 103632.0740
1626.35 1626.35 0.0 103605.0037
1640.49 1640.49 0.0 103578.2671
1654.63 1654.63 0.0 103551.8474
1668.77 1668.77 0.0 103525.7354
1682.91 1682.91 0.0 103500.8472
1697.06 1697.06 0.0 103483.0793
1711.2 1711.2 0.0 103465.4709
1725.34 1725.34 0.0 103447.9958
1739.48 1739.48 0.0 103429.9956
1753.62 1753.62 0.0 103410.5037
1767.77 1767.77 0.0 103391.1885
1781.91 1781.91 0.0 103372.0565
1796.05 1796.05 0.0 103353.0555
1810.19 1810.19 0.0 103334.1759
1824.34 1824.34 0.0 103317.0497
1838.48 1838.48 0.0 103303.0507
1852.62 1852.62 0.0 103292.7661
1866.76 1866.76 0.0 103282.5343
1880.9 1880.9 0.0 103272.0909
1895.05 1895.05 0.0 103261.1517
1909.19 1909.19 0.0 103250.2812
1923.33 1923.33 0.0 103243.5775
1937.47 1937.47 0.0 103237.6696
1951.61 1951.61 0.0 103231.7806
1965.76 1965.76 0.0 103226.4642
1979.9 1979.9 0.0 103223.4574
1994.04 1994.04 0.0 103220.9241
2008.18 2008.18 0.0 103219.4688
2022.33 2022.33 0.0 103217.3040
2036.47 2036.47 0.0 103214.3917
2050.61 2050.61 0.0 103211.4750
2064.75 2064.75 0.0 103208.5557
2078.89 2078.89 0.0 103205.6390
2093.04 2093.04 0.0 103202.7286
2107.18 2107.18 0.0 103199.8182
2121.32 2121.32 0.0 103196.7189
2135.46 2135.46 0.0 103192.7792
2149.6 2149.6 0.0 103188.6464
2163.75 2163.75 0.0 103184.5206
2177.89 2177.89 0.0 103180.4032
2192.03 2192.03 0.0 103176.2994
2206.17 2206.17 0.0 103172.2029
2220.32 2220.32 0.0 103168.1110
2234.46 2234.46 0.0 103164.8685
2248.6 2248.6 0.0 103161.9889
2262.74 2262.74 0.0 103159.1163
2276.88 2276.88 0.0 103155.4832
2291.03 2291.03 0.0 103154.4501
2305.17 2305.17 0.0 103153.4264
2319.31 2319.31 0.0 103152.4005
2333.45 2333.45 0.0 103151.3770
2347.59 2347.59 0.0 103149.7803
2361.74 2361.74 0.0 103147.2410
2375.88 2375.88 0.0 103144.2076
2390.02 2390.02 0.0 103140.7520
2404.16 2404.16 0.0 103137.2994
2418.31 2418.31 0.0 103133.8544
2432.45 2432.45 0.0 103130.4185
2446.59 2446.59 0.0 103126.9855
2460.73 2460.73 0.0 103123.5582
2474.87 2474.87 0.0 103118.6621
2489.02 2489.02 0.0 103114.6887
2503.16 2503.16 0.0 103112.3829
2517.3 2517.3 0.0 103107.4213
2531.44 2531.44 0.0 103101.3210
2545.58 2545.58 0.0 103095.0663
2559.73 2559.73 0.0 103088.5934
2573.87 2573.87 0.0 103081.7163
2588.01 2588.01 0.0 103074.8660
2602.15 2602.15 0.0 103067.9193
2616.3 2616.3 0.0 103060.9847
2630.44 2630.44 0.0 103054.0818
2644.58 2644.58 0.0 103046.7648
2658.72 2658.72 0.0 103040.2761
2672.86 2672.86 0.0 103034.4235
2687.01 2687.01 0.0 103028.5884
2701.15 2701.15 0.0 103022.7756
2715.29 2715.29 0.0 103016.9818
2729.43 2729.43 0.0 103010.4713
2743.57 2743.57 0.0 103003.2821
2757.72 2757.72 0.0 102995.6266
2771.86 2771.86 0.0 102987.8318
2786.0 2786.0 0.0 102980.0740
2800.14 2800.14 0.0 102972.3541
2814.28 2814.28 0.0 102964.6263
2828.43 2828.43 0.0 102956.9224
2842.57 2842.57 0.0 102949.2600
2856.71 2856.71 0.0 102941.3939
2870.85 2870.85 0.0 102932.0792
2885.0 2885.0 0.0 102922.5516
2899.14 2899.14 0.0 102913.0857
2913.28 2913.28 0.0 102903.8459
2927.42 2927.42 0.0 102895.2567
2941.56 2941.56 0.0 102886.7164
2955.71 2955.71 0.0 102879.8583
2969.85 2969.85 0.0 102873.3829
2983.99 2983.99 0.0 102866.9351
2998.13 2998.13 0.0 102860.6333
3012.27 3012.27 0.0 102858.5311
3026.42 3026.42 0.0 102856.3151
3040.56 3040.56 0.0 102854.0432
3054.7 3054.7 0.0 102851.7733
3068.84 3068.84 0.0 102849.5082
3082.99 3082.99 0.0 102847.2458
3097.13 3097.13 0.0 102851.0118
3111.27 3111.27 0.0 102855.7877
3125.41 3125.41 0.0 102860.4994
3139.55 3139.55 0.0 102864.6211
3153.7 3153.7 0.0 102868.7596
3167.84 3167.84 0.0 102872.2560
3181.98 3181.98 0.0 102875.5172
3196.12 3196.12 0.0 102878.2612
3210.26 3210.26 0.0 102880.1791
3224.41 3224.41 0.0 102882.0691
3238.55 3238.55 0.0 102883.6360
3252.69 3252.69 0.0 102883.5514
3266.83 3266.83 0.0 102883.4600
3280.98 3280.98 0.0 102882.0994
3295.12 3295.12 0.0 102880.4705
3309.26 3309.26 0.0 102878.8429
3323.4 3323.4 0.0 102877.2164
3337.54 3337.54 0.0 102874.7247
3351.69 3351.69 0.0 102872.1078
3365.83 3365.83 0.0 102869.2893
3379.97 3379.97 0.0 102866.2974
3394.11 3394.11 0.0 102863.3041
3408.25 3408.25 0.0 102859.7051
3422.4 3422.4 0.0 102855.4668
3436.54 3436.54 0.0 102851.2678
3450.68 3450.68 0.0 102847.1094
3464.82 3464.82 0.0 102846.0800
3478.97 3478.97 0.0 102846.1943
3493.11 3493.11 0.0 102846.3091
3507.25 3507.25 0.0 102846.4220
3521.39 3521.39 0.0 102846.5366
3535.53 3535.53 0.0 102846.6018
3549.68 3549.68 0.0 102846.5742
3563.82 3563.82 0.0 102846.5468
3577.96 3577.96 0.0 102846.5162
3592.1 3592.1 0.0 102846.4886
3606.24 3606.24 0.0 102846.4598
3620.39 3620.39 0.0 102845.9609
3634.53 3634.53 0.0 102844.9569
3648.67 3648.67 0.0 102843.9557
3662.81 3662.81 0.0 102842.9291
3676.96 3676.96 0.0 102841.8893
3691.1 3691.1 0.0 102840.8735
3705.24 3705.24 0.0 102839.8706
3719.38 3719.38 0.0 102839.5552
3733.52 3733.52 0.0 102838.6086
3747.67 3747.67 0.0 102837.6614
3761.81 3761.81 0.0 102836.6727
3775.95 3775.95 0.0 102835.2847
3790.09 3790.09 0.0 102833.8815
3804.23 3804.23 0.0 102832.4836
3818.38 3818.38 0.0 102831.0852
3832.52 3832.52 0.0 102829.6864
3846.66 3846.66 0.0 102828.1343
3860.8 3860.8 0.0 102826.4436
3874.95 3874.95 0.0 102824.7520
3889.09 3889.09 0.0 102823.0663
3903.23 3903.23 0.0 102821.3812
3917.37 3917.37 0.0 102819.6990
3931.51 3931.51 0.0 102818.0168
3945.66 3945.66 0.0 102816.3361
3959.8 3959.8 0.0 102814.6586
3973.94 3973.94 0.0 102812.9838
3988.08 3988.08 0.0 102811.3107
4002.22 4002.22 0.0 102809.6382
4016.37 4016.37 0.0 102807.9675
4030.51 4030.51 0.0 102806.2994
4044.65 4044.65 0.0 102804.6324
4058.79 4058.79 0.0 102802.9689
4072.94 4072.94 0.0 102801.2953
4087.08 4087.08 0.0 102799.5566
4101.22 4101.22 0.0 102797.8202
4115.36 4115.36 0.0 102796.0792
4129.5 4129.5 0.0 102794.3029
4143.65 4143.65 0.0 102792.5270
4157.79 4157.79 0.0 102790.1263
4171.93 4171.93 0.0 102787.5289
4186.07 4186.07 0.0 102784.9346
4200.21 4200.21 0.0 102782.3478
4214.36 4214.36 0.0 102779.7620
4228.5 4228.5 0.0 102777.1821
4242.64 4242.64 0.0 102774.6075
