0.0 0.0 0.0 1948888.7500
14.1421 14.1421 0.0 1920030.1250
28.2843 28.2843 0.0 1890079.2500
42.4264 42.4264 0.0 1857779.1250
56.5685 56.5685 0.0 1821375.6250
70.7107 70.7107 0.0 1783297.6250
84.8528 84.8528 0.0 1744834.8750
98.9949 98.9949 0.0 1705250.8750
113.137 113.137 0.0 1662267.7500
127.279 127.279 0.0 1616218.1250
141.421 141.421 0.0 1569057.0000
155.563 155.563 0.0 1521507.1250
169.706 169.706 0.0 1472608.5000
183.848 183.848 0.0 1423314.3750
197.99 197.99 0.0 1371814.6250
212.132 212.132 0.0 1317451.3750
226.274 226.274 0.0 1260464.0000
240.416 240.416 0.0 1202179.2500
254.558 254.558 0.0 1142239.0625
268.701 268.701 0.0 1081954.1875
282.843 282.843 0.0 1018517.5000
296.985 296.985 0.0 953104.6875
311.127 311.127 0.0 887464.8750
325.269 325.269 0.0 823027.8125
339.411 339.411 0.0 761195.3750
353.553 353.553 0.0 702515.3125
367.696 367.696 0.0 648649.5000
381.838 381.838 0.0 598709.1250
395.98 395.98 0.0 552700.4688
410.122 410.122 0.0 510125.9688
424.264 424.264 0.0 470809.0938
438.406 438.406 0.0 433553.0000
452.548 452.548 0.0 399034.4688
466.69 466.69 0.0 367172.9062
480.833 480.833 0.0 338310.7188
494.975 494.975 0.0 320238.8438
509.117 509.117 0.0 306173.4531
523.259 523.259 0.0 292936.4062
537.401 537.401 0.0 280694.3125
551.543 551.543 0.0 272315.1094
565.685 565.685 0.0 264296.2344
579.828 579.828 0.0 256624.3906
593.97 593.97 0.0 249287.8750
608.112 608.112 0.0 242274.3750
622.254 622.254 0.0 236005.3594
636.396 636.396 0.0 231776.4844
650.538 650.538 0.0 227654.3594
664.68 664.68 0.0 223554.7109
678.823 678.823 0.0 219421.3359
692.965 692.965 0.0 215419.9609
707.107 707.107 0.0 211546.7109
721.249 721.249 0.0 207798.1172
735.391 735.391 0.0 204170.4922
749.533 749.533 0.0 200660.4297
763.675 763.675 0.0 197259.4766
777.817 777.817 0.0 193961.2891
791.96 791.96 0.0 190801.8906
806.102 806.102 0.0 187751.3906
820.244 820.244 0.0 184836.1016
834.386 834.386 0.0 182230.4297
848.528 848.528 0.0 179700.5000
862.67 862.67 0.0 177203.5391
876.812 876.812 0.0 174783.1016
890.955 890.955 0.0 172435.2109
905.097 905.097 0.0 170156.5703
919.239 919.239 0.0 167948.5156
933.381 933.381 0.0 165851.8789
947.523 947.523 0.0 164114.1562
961.665 961.665 0.0 162492.7461
975.807 975.807 0.0 160962.9023
989.949 989.949 0.0 159484.9219
1004.09 1004.09 0.0 158042.7266
1018.23 1018.23 0.0 156635.3789
1032.38 1032.38 0.0 155220.0078
1046.52 1046.52 0.0 153839.4766
1060.66 1060.66 0.0 152536.1914
1074.8 1074.8 0.0 151264.4375
1088.94 1088.94 0.0 150023.5234
1103.09 1103.09 0.0 148811.8438
1117.23 1117.23 0.0 147619.6680
1131.37 1131.37 0.0 146470.3047
1145.51 1145.51 0.0 145321.8906
1159.66 1159.66 0.0 144166.0039
1173.8 1173.8 0.0 143146.5859
1187.94 1187.94 0.0 142363.5977
1202.08 1202.08 0.0 141594.9609
1216.22 1216.22 0.0 140840.4219
1230.37 1230.37 0.0 140076.2461
1244.51 1244.51 0.0 139318.1562
1258.65 1258.65 0.0 138593.0508
1272.79 1272.79 0.0 137917.7500
1286.93 1286.93 0.0 137217.8906
1301.08 1301.08 0.0 136519.2695
1315.22 1315.22 0.0 135822.3477
1329.36 1329.36 0.0 135139.0156
1343.5 1343.5 0.0 134468.9844
1357.65 1357.65 0.0 133819.8164
1371.79 1371.79 0.0 133195.1797
1385.93 1385.93 0.0 132582.3613
1400.07 1400.07 0.0 131981.1465
1414.21 1414.21 0.0 131391.2578
1428.36 1428.36 0.0 130812.1523
1442.5 1442.5 0.0 130244.4551
1456.64 1456.64 0.0 129662.3379
1470.78 1470.78 0.0 129083.6387
1484.92 1484.92 0.0 128647.5781
1499.07 1499.07 0.0 128267.2617
1513.21 1513.21 0.0 127888.9297
1527.35 1527.35 0.0 127515.3047
1541.49 1541.49 0.0 127146.8828
1555.63 1555.63 0.0 126783.5527
1569.78 1569.78 0.0 126434.9551
1583.92 1583.92 0.0 126096.2344
1598.06 1598.06 0.0 125772.1758
1612.2 1612.2 0.0 125452.3965
1626.35 1626.35 0.0 125136.5527
1640.49 1640.49 0.0 124824.9941
1654.63 1654.63 0.0 124517.4414
1668.77 1668.77 0.0 124213.9121
1682.91 1682.91 0.0 123877.3184
1697.06 1697.06 0.0 123517.8965
1711.2 1711.2 0.0 123164.4199
1725.34 1725.34 0.0 122816.4785
1739.48 1739.48 0.0 122473.9121
1753.62 1753.62 0.0 122161.6387
1767.77 1767.77 0.0 121899.8340
1781.91 1781.91 0.0 121641.4648
1796.05 1796.05 0.0 121385.5801
1810.19 1810.19 0.0 121133.2129
1824.34 1824.34 0.0 120941.9883
1838.48 1838.48 0.0 120752.7090
1852.62 1852.62 0.0 120565.2344
1866.76 1866.76 0.0 120379.6797
1880.9 1880.9 0.0 120196.0000
1895.05 1895.05 0.0 120013.9473
1909.19 1909.19 0.0 119832.0508
1923.33 1923.33 0.0 119624.1035
1937.47 1937.47 0.0 119397.7988
1951.61 1951.61 0.0 119190.4746
1965.76 1965.76 0.0 118990.9414
1979.9 1979.9 0.0 118793.7812
1994.04 1994.04 0.0 118598.7871
2008.18 2008.18 0.0 118405.9512
2022.33 2022.33 0.0 118215.1211
2036.47 2036.47 0.0 118026.5352
2050.61 2050.61 0.0 117840.1582
2064.75 2064.75 0.0 117741.3027
2078.89 2078.89 0.0 117653.1279
2093.04 2093.04 0.0 117561.5459
2107.18 2107.18 0.0 117470.5273
2121.32 2121.32 0.0 117377.3936
2135.46 2135.46 0.0 117283.9336
2149.6 2149.6 0.0 117191.0205
2163.75 2163.75 0.0 117099.7568
2177.89 2177.89 0.0 117010.0947
2192.03 2192.03 0.0 116920.9258
2206.17 2206.17 0.0 116855.5664
2220.32 2220.32 0.0 116794.7969
2234.46 2234.46 0.0 116734.3135
2248.6 2248.6 0.0 116674.0576
2262.74 2262.74 0.0 116614.0430
2276.88 2276.88 0.0 116542.8135
2291.03 2291.03 0.0 116460.0996
2305.17 2305.17 0.0 116366.9902
2319.31 2319.31 0.0 116267.6670
2333.45 2333.45 0.0 116168.9941
2347.59 2347.59 0.0 116070.9756
2361.74 2361.74 0.0 115971.4082
2375.88 2375.88 0.0 115898.9766
2390.02 2390.02 0.0 115826.8730
2404.16 2404.16 0.0 115757.9043
2418.31 2418.31 0.0 115691.1797
2432.45 2432.45 0.0 115634.2285
2446.59 2446.59 0.0 115577.5146
2460.73 2460.73 0.0 115521.0117
2474.87 2474.87 0.0 115464.7432
2489.02 2489.02 0.0 115408.6572
2503.16 2503.16 0.0 115352.1348
2517.3 2517.3 0.0 115289.9834
2531.44 2531.44 0.0 115228.7383
2545.58 2545.58 0.0 115167.8438
2559.73 2559.73 0.0 115105.3027
2573.87 2573.87 0.0 115055.4375
2588.01 2588.01 0.0 115031.4961
2602.15 2602.15 0.0 115007.5840
2616.3 2616.3 0.0 114965.8320
2630.44 2630.44 0.0 114916.0820
2644.58 2644.58 0.0 114874.7412
2658.72 2658.72 0.0 114833.8662
2672.86 2672.86 0.0 114789.0947
2687.01 2687.01 0.0 114732.1904
2701.15 2701.15 0.0 114669.1895
2715.29 2715.29 0.0 114606.4766
2729.43 2729.43 0.0 114544.0576
2743.57 2743.57 0.0 114481.9277
2757.72 2757.72 0.0 114420.0518
2771.86 2771.86 0.0 114358.5029
2786.0 2786.0 0.0 114297.2471
2800.14 2800.14 0.0 114236.2705
2814.28 2814.28 0.0 114175.5791
2828.43 2828.43 0.0 114115.1406
2842.57 2842.57 0.0 114055.0088
2856.71 2856.71 0.0 113995.1641
2870.85 2870.85 0.0 113927.0215
2885.0 2885.0 0.0 113856.7178
2899.14 2899.14 0.0 113786.8408
2913.28 2913.28 0.0 113717.3623
2927.42 2927.42 0.0 113648.2617
2941.56 2941.56 0.0 113579.5518
2955.71 2955.71 0.0 113511.1699
2969.85 2969.85 0.0 113443.2080
2983.99 2983.99 0.0 113375.6338
2998.13 2998.13 0.0 113307.1396
3012.27 3012.27 0.0 113222.3711
3026.42 3026.42 0.0 113134.8525
3040.56 3040.56 0.0 113048.0283
3054.7 3054.7 0.0 112961.8389
3068.84 3068.84 0.0 112876.0947
3082.99 3082.99 0.0 112790.7500
3097.13 3097.13 0.0 112706.1221
3111.27 3111.27 0.0 112620.4609
3125.41 3125.41 0.0 112518.8008
3139.55 3139.55 0.0 112418.0449
3153.7 3153.7 0.0 112318.1270
3167.84 3167.84 0.0 112223.3525
3181.98 3181.98 0.0 112135.9160
3196.12 3196.12 0.0 112049.2393
3210.26 3210.26 0.0 111964.0283
3224.41 3224.41 0.0 111879.4434
3238.55 3238.55 0.0 111795.4707
3252.69 3252.69 0.0 111729.4092
3266.83 3266.83 0.0 111665.0762
3280.98 3280.98 0.0 111601.0947
3295.12 3295.12 0.0 111537.5566
3309.26 3309.26 0.0 111474.4033
3323.4 3323.4 0.0 111411.6387
3337.54 3337.54 0.0 111349.2666
3351.69 3351.69 0.0 111287.2295
3365.83 3365.83 0.0 111229.0938
3379.97 3379.97 0.0 111186.0859
3394.11 3394.11 0.0 111143.2764
3408.25 3408.25 0.0 111100.6426
3422.4 3422.4 0.0 111058.1738
3436.54 3436.54 0.0 111015.9131
3450.68 3450.68 0.0 110973.8438
3464.82 3464.82 0.0 110936.2529
3478.97 3478.97 0.0 110900.3320
3493.11 3493.11 0.0 110864.5732
3507.25 3507.25 0.0 110829.1230
3521.39 3521.39 0.0 110793.8398
3535.53 3535.53 0.0 110758.6924
3549.68 3549.68 0.0 110723.6465
3563.82 3563.82 0.0 110688.7539
3577.96 3577.96 0.0 110653.8115
3592.1 3592.1 0.0 110616.5303
3606.24 3606.24 0.0 110574.8340
3620.39 3620.39 0.0 110533.9668
3634.53 3634.53 0.0 110514.0430
3648.67 3648.67 0.0 110494.1582
3662.81 3662.81 0.0 110472.0459
3676.96 3676.96 0.0 110449.7646
3691.1 3691.1 0.0 110427.5713
3705.24 3705.24 0.0 110405.4463
3719.38 3719.38 0.0 110383.3652
3733.52 3733.52 0.0 110360.6084
3747.67 3747.67 0.0 110337.0547
3761.81 3761.81 0.0 110313.5811
3775.95 3775.95 0.0 110290.1699
3790.09 3790.09 0.0 110266.8232
3804.23 3804.23 0.0 110243.5195
3818.38 3818.38 0.0 110220.2812
3832.52 3832.52 0.0 110196.9883
3846.66 3846.66 0.0 110173.7021
3860.8 3860.8 0.0 110150.4854
3874.95 3874.95 0.0 110127.3008
3889.09 3889.09 0.0 110104.2051
3903.23 3903.23 0.0 110081.1650
3917.37 3917.37 0.0 110058.1904
3931.51 3931.51 0.0 110035.2637
3945.66 3945.66 0.0 110009.7354
3959.8 3959.8 0.0 109983.2637
3973.94 3973.94 0.0 109956.8604
3988.08 3988.08 0.0 109930.5469
4002.22 4002.22 0.0 109904.3154
4016.37 4016.37 0.0 109878.1260
4030.51 4030.51 0.0 109853.6572
4044.65 4044.65 0.0 109829.6523
4058.79 4058.79 0.0 109805.7129
4072.94 4072.94 0.0 109781.8301
4087.08 4087.08 0.0 109757.2988
4101.22 4101.22 0.0 109732.6260
4115.36 4115.36 0.0 109706.7324
4129.5 4129.5 0.0 109679.1162
4143.65 4143.65 0.0 109651.2598
4157.79 4157.79 0.0 109623.6484
4171.93 4171.93 0.0 109597.5596
4186.07 4186.07 0.0 109570.1416
4200.21 4200.21 0.0 109542.8174
4214.36 4214.36 0.0 109515.2256
4228.5 4228.5 0.0 109485.7354
4242.64 4242.64 0.0 109455.7534
