0.0 0.0 0.0 1564889.0000
14.1421 14.1421 0.0 1548584.6250
28.2843 28.2843 0.0 1532327.6250
42.4264 42.4264 0.0 1516045.0000
56.5685 56.5685 0.0 1498630.0000
70.7107 70.7107 0.0 1480711.2500
84.8528 84.8528 0.0 1462628.6250
98.9949 98.9949 0.0 1444489.3750
113.137 113.137 0.0 1426150.5000
127.279 127.279 0.0 1407815.1250
141.421 141.421 0.0 1388472.8750
155.563 155.563 0.0 1369083.2500
169.706 169.706 0.0 1348802.6250
183.848 183.848 0.0 1327886.6250
197.99 197.99 0.0 1306654.5000
212.132 212.132 0.0 1285640.6250
226.274 226.274 0.0 1264443.2500
240.416 240.416 0.0 1243688.6250
254.558 254.558 0.0 1223034.8750
268.701 268.701 0.0 1202459.6250
282.843 282.843 0.0 1181912.0000
296.985 296.985 0.0 1161261.0000
311.127 311.127 0.0 1140668.8125
325.269 325.269 0.0 1120162.0000
339.411 339.411 0.0 1098974.2500
353.553 353.553 0.0 1075950.8125
367.696 367.696 0.0 1051361.9375
381.838 381.838 0.0 1033047.0000
395.98 395.98 0.0 1018949.0000
410.122 410.122 0.0 1002242.0000
424.264 424.264 0.0 984759.8750
438.406 438.406 0.0 966645.1875
452.548 452.548 0.0 947672.6250
466.69 466.69 0.0 928357.4375
480.833 480.833 0.0 908857.4375
494.975 494.975 0.0 888626.3750
509.117 509.117 0.0 868411.8750
523.259 523.259 0.0 848427.6875
537.401 537.401 0.0 828757.4375
551.543 551.543 0.0 808837.6250
565.685 565.685 0.0 789264.8125
579.828 579.828 0.0 769413.5000
593.97 593.97 0.0 750447.2500
608.112 608.112 0.0 731752.5000
622.254 622.254 0.0 712494.0625
636.396 636.396 0.0 693701.4375
650.538 650.538 0.0 675621.1250
664.68 664.68 0.0 657409.3750
678.823 678.823 0.0 639570.5000
692.965 692.965 0.0 621443.7188
707.107 707.107 0.0 602753.5312
721.249 721.249 0.0 586896.5312
735.391 735.391 0.0 572569.3438
749.533 749.533 0.0 558515.8125
763.675 763.675 0.0 544795.3125
777.817 777.817 0.0 531112.4062
791.96 791.96 0.0 517298.0312
806.102 806.102 0.0 503838.2500
820.244 820.244 0.0 490267.0625
834.386 834.386 0.0 476444.3125
848.528 848.528 0.0 466591.5000
862.67 862.67 0.0 456945.1875
876.812 876.812 0.0 447445.8438
890.955 890.955 0.0 438777.8750
905.097 905.097 0.0 430783.1875
919.239 919.239 0.0 423347.8438
933.381 933.381 0.0 415967.9062
947.523 947.523 0.0 408625.4062
961.665 961.665 0.0 401736.9688
975.807 975.807 0.0 394915.9375
989.949 989.949 0.0 388124.8750
1004.09 1004.09 0.0 381470.3125
1018.23 1018.23 0.0 374883.9688
1032.38 1032.38 0.0 368333.6250
1046.52 1046.52 0.0 361847.3125
1060.66 1060.66 0.0 355129.4688
1074.8 1074.8 0.0 348587.1719
1088.94 1088.94 0.0 342193.5938
1103.09 1103.09 0.0 336215.1719
1117.23 1117.23 0.0 330825.7344
1131.37 1131.37 0.0 325434.5625
1145.51 1145.51 0.0 320065.5312
1159.66 1159.66 0.0 314787.8125
1173.8 1173.8 0.0 309628.2500
1187.94 1187.94 0.0 304573.7500
1202.08 1202.08 0.0 300332.7656
1216.22 1216.22 0.0 296877.3594
1230.37 1230.37 0.0 293444.5469
1244.51 1244.51 0.0 289999.9375
1258.65 1258.65 0.0 286536.8594
1272.79 1272.79 0.0 283064.4531
1286.93 1286.93 0.0 279639.0312
1301.08 1301.08 0.0 276257.6094
1315.22 1315.22 0.0 273372.6250
1329.36 1329.36 0.0 270822.1250
1343.5 1343.5 0.0 268190.8750
1357.65 1357.65 0.0 265411.5312
1371.79 1371.79 0.0 262619.2344
1385.93 1385.93 0.0 259866.2969
1400.07 1400.07 0.0 257155.5938
1414.21 1414.21 0.0 254464.0938
1428.36 1428.36 0.0 251806.8125
1442.5 1442.5 0.0 249186.3438
1456.64 1456.64 0.0 246585.3125
1470.78 1470.78 0.0 244065.1406
1484.92 1484.92 0.0 242073.6250
1499.07 1499.07 0.0 240106.5156
1513.21 1513.21 0.0 238161.6875
1527.35 1527.35 0.0 236242.2812
1541.49 1541.49 0.0 234326.3281
1555.63 1555.63 0.0 232412.3281
1569.78 1569.78 0.0 230519.2734
1583.92 1583.92 0.0 228651.6406
1598.06 1598.06 0.0 226698.8438
1612.2 1612.2 0.0 224803.3281
1626.35 1626.35 0.0 222968.7578
1640.49 1640.49 0.0 221158.7969
1654.63 1654.63 0.0 219375.6328
1668.77 1668.77 0.0 217621.3281
1682.91 1682.91 0.0 215891.6406
1697.06 1697.06 0.0 214187.8125
1711.2 1711.2 0.0 212889.5234
1725.34 1725.34 0.0 211545.6641
1739.48 1739.48 0.0 210123.8203
1753.62 1753.62 0.0 208482.4375
1767.77 1767.77 0.0 206845.2734
1781.91 1781.91 0.0 205205.8438
1796.05 1796.05 0.0 203566.0859
1810.19 1810.19 0.0 201950.9453
1824.34 1824.34 0.0 200358.9922
1838.48 1838.48 0.0 198928.8906
1852.62 1852.62 0.0 197543.8359
1866.76 1866.76 0.0 196177.4688
1880.9 1880.9 0.0 194830.3906
1895.05 1895.05 0.0 193501.7969
1909.19 1909.19 0.0 192192.1172
1923.33 1923.33 0.0 190900.0625
1937.47 1937.47 0.0 189619.3984
1951.61 1951.61 0.0 188482.1562
1965.76 1965.76 0.0 187358.1328
1979.9 1979.9 0.0 186248.8047
1994.04 1994.04 0.0 185153.1562
2008.18 2008.18 0.0 184071.0625
2022.33 2022.33 0.0 182900.2031
2036.47 2036.47 0.0 181767.2266
2050.61 2050.61 0.0 180900.4062
2064.75 2064.75 0.0 180150.7422
2078.89 2078.89 0.0 179392.0625
2093.04 2093.04 0.0 178627.4375
2107.18 2107.18 0.0 177866.0469
2121.32 2121.32 0.0 177111.8516
2135.46 2135.46 0.0 176360.1328
2149.6 2149.6 0.0 175581.5703
2163.75 2163.75 0.0 174810.2891
2177.89 2177.89 0.0 174047.2578
2192.03 2192.03 0.0 173288.5703
2206.17 2206.17 0.0 172533.4688
2220.32 2220.32 0.0 171784.9766
2234.46 2234.46 0.0 171044.0078
2248.6 2248.6 0.0 170299.8594
2262.74 2262.74 0.0 169563.0938
2276.88 2276.88 0.0 168818.9609
2291.03 2291.03 0.0 168081.1953
2305.17 2305.17 0.0 167411.0078
2319.31 2319.31 0.0 166761.6094
2333.45 2333.45 0.0 166125.5312
2347.59 2347.59 0.0 165498.5508
2361.74 2361.74 0.0 164877.0000
2375.88 2375.88 0.0 164261.7539
2390.02 2390.02 0.0 163652.2539
2404.16 2404.16 0.0 163106.1133
2418.31 2418.31 0.0 162585.1992
2432.45 2432.45 0.0 162048.4492
2446.59 2446.59 0.0 161490.1875
2460.73 2460.73 0.0 160936.9141
2474.87 2474.87 0.0 160381.0820
2489.02 2489.02 0.0 159809.0820
2503.16 2503.16 0.0 159250.2617
2517.3 2517.3 0.0 158696.6172
2531.44 2531.44 0.0 158149.4688
2545.58 2545.58 0.0 157599.4492
2559.73 2559.73 0.0 157046.4883
2573.87 2573.87 0.0 156496.7656
2588.01 2588.01 0.0 155951.3047
2602.15 2602.15 0.0 155411.0703
2616.3 2616.3 0.0 154875.6602
2630.44 2630.44 0.0 154350.0664
2644.58 2644.58 0.0 153829.8750
2658.72 2658.72 0.0 153314.7031
2672.86 2672.86 0.0 152804.4141
2687.01 2687.01 0.0 152298.6445
2701.15 2701.15 0.0 151798.1016
2715.29 2715.29 0.0 151293.0859
2729.43 2729.43 0.0 150790.3398
2743.57 2743.57 0.0 150305.8750
2757.72 2757.72 0.0 149921.6250
2771.86 2771.86 0.0 149540.5859
2786.0 2786.0 0.0 149162.4492
2800.14 2800.14 0.0 148787.2188
2814.28 2814.28 0.0 148414.8633
2828.43 2828.43 0.0 148020.8203
2842.57 2842.57 0.0 147627.8008
2856.71 2856.71 0.0 147241.3477
2870.85 2870.85 0.0 146870.4570
2885.0 2885.0 0.0 146515.3047
2899.14 2899.14 0.0 146163.1094
2913.28 2913.28 0.0 145813.5859
2927.42 2927.42 0.0 145479.6406
2941.56 2941.56 0.0 145166.5000
2955.71 2955.71 0.0 144871.3203
2969.85 2969.85 0.0 144576.5898
2983.99 2983.99 0.0 144279.4180
2998.13 2998.13 0.0 143971.2539
3012.27 3012.27 0.0 143665.2500
3026.42 3026.42 0.0 143349.9766
3040.56 3040.56 0.0 143026.7617
3054.7 3054.7 0.0 142704.3125
3068.84 3068.84 0.0 142414.8086
3082.99 3082.99 0.0 142163.5078
3097.13 3097.13 0.0 141913.9180
3111.27 3111.27 0.0 141665.8203
3125.41 3125.41 0.0 141419.2422
3139.55 3139.55 0.0 141174.0859
3153.7 3153.7 0.0 140925.9727
3167.84 3167.84 0.0 140674.5000
3181.98 3181.98 0.0 140424.5586
3196.12 3196.12 0.0 140176.1914
3210.26 3210.26 0.0 139929.3750
3224.41 3224.41 0.0 139662.1836
3238.55 3238.55 0.0 139377.4102
3252.69 3252.69 0.0 139094.7188
3266.83 3266.83 0.0 138814.1094
3280.98 3280.98 0.0 138535.3320
3295.12 3295.12 0.0 138258.7891
3309.26 3309.26 0.0 137984.2461
3323.4 3323.4 0.0 137706.3906
3337.54 3337.54 0.0 137428.1719
3351.69 3351.69 0.0 137151.8438
3365.83 3365.83 0.0 136877.8125
3379.97 3379.97 0.0 136630.6133
3394.11 3394.11 0.0 136439.7734
3408.25 3408.25 0.0 136246.5469
3422.4 3422.4 0.0 136051.5781
3436.54 3436.54 0.0 135857.8008
3450.68 3450.68 0.0 135660.4336
3464.82 3464.82 0.0 135457.3945
3478.97 3478.97 0.0 135255.4062
3493.11 3493.11 0.0 135054.7031
3507.25 3507.25 0.0 134847.2969
3521.39 3521.39 0.0 134632.1445
3535.53 3535.53 0.0 134418.1562
3549.68 3549.68 0.0 134205.2305
3563.82 3563.82 0.0 133993.5020
3577.96 3577.96 0.0 133783.0820
3592.1 3592.1 0.0 133574.0176
3606.24 3606.24 0.0 133366.2695
3620.39 3620.39 0.0 133155.3809
3634.53 3634.53 0.0 132941.4570
3648.67 3648.67 0.0 132730.0176
3662.81 3662.81 0.0 132521.1641
3676.96 3676.96 0.0 132313.4668
3691.1 3691.1 0.0 132107.2637
3705.24 3705.24 0.0 131902.4336
3719.38 3719.38 0.0 131698.9492
3733.52 3733.52 0.0 131496.7715
3747.67 3747.67 0.0 131295.7852
3761.81 3761.81 0.0 131096.2793
3775.95 3775.95 0.0 130898.0684
3790.09 3790.09 0.0 130701.1562
3804.23 3804.23 0.0 130505.5859
3818.38 3818.38 0.0 130311.2148
3832.52 3832.52 0.0 130118.2637
3846.66 3846.66 0.0 129926.5508
3860.8 3860.8 0.0 129735.9512
3874.95 3874.95 0.0 129540.3672
3889.09 3889.09 0.0 129346.2441
3903.23 3903.23 0.0 129153.4492
3917.37 3917.37 0.0 128961.9570
3931.51 3931.51 0.0 128796.8574
3945.66 3945.66 0.0 128636.9785
3959.8 3959.8 0.0 128470.2129
3973.94 3973.94 0.0 128308.8359
3988.08 3988.08 0.0 128148.4961
4002.22 4002.22 0.0 127989.1289
4016.37 4016.37 0.0 127830.5801
4030.51 4030.51 0.0 127673.0703
4044.65 4044.65 0.0 127520.6621
4058.79 4058.79 0.0 127369.5918
4072.94 4072.94 0.0 127219.2578
4087.08 4087.08 0.0 127069.8945
4101.22 4101.22 0.0 126921.3730
4115.36 4115.36 0.0 126773.7188
4129.5 4129.5 0.0 126626.8945
4143.65 4143.65 0.0 126480.7891
4157.79 4157.79 0.0 126335.6445
4171.93 4171.93 0.0 126191.3105
4186.07 4186.07 0.0 126047.8105
4200.21 4200.21 0.0 125905.1035
4214.36 4214.36 0.0 125763.1445
4228.5 4228.5 0.0 125622.0566
4242.64 4242.64 0.0 125481.8027
