0.0 0.0 0.0 371970.7500
14.1421 14.1421 0.0 371045.1250
28.2843 28.2843 0.0 370122.2188
42.4264 42.4264 0.0 369275.0312
56.5685 56.5685 0.0 368456.6875
70.7107 70.7107 0.0 367640.5625
84.8528 84.8528 0.0 366811.5312
98.9949 98.9949 0.0 365974.3750
113.137 113.137 0.0 365139.5312
127.279 127.279 0.0 364307.0312
141.421 141.421 0.0 363476.7500
155.563 155.563 0.0 362648.9531
169.706 169.706 0.0 361823.3438
183.848 183.848 0.0 361000.0312
197.99 197.99 0.0 360289.7188
212.132 212.132 0.0 359648.9062
226.274 226.274 0.0 359009.5000
240.416 240.416 0.0 358371.4062
254.558 254.558 0.0 357734.8281
268.701 268.701 0.0 357099.5312
282.843 282.843 0.0 356507.2344
296.985 296.985 0.0 356038.1250
311.127 311.127 0.0 355566.9375
325.269 325.269 0.0 355096.7188
339.411 339.411 0.0 354627.1562
353.553 353.553 0.0 354158.3906
367.696 367.696 0.0 353690.4688
381.838 381.838 0.0 353223.1719
395.98 395.98 0.0 352751.9375
410.122 410.122 0.0 352273.4844
424.264 424.264 0.0 351541.3125
438.406 438.406 0.0 350631.2031
452.548 452.548 0.0 349723.9531
466.69 466.69 0.0 348817.2188
480.833 480.833 0.0 347906.9844
494.975 494.975 0.0 346999.7188
509.117 509.117 0.0 346004.2344
523.259 523.259 0.0 345052.9062
537.401 537.401 0.0 344104.7969
551.543 551.543 0.0 343160.0312
565.685 565.685 0.0 342218.5000
579.828 579.828 0.0 341280.2500
593.97 593.97 0.0 340345.0938
608.112 608.112 0.0 339417.0000
622.254 622.254 0.0 338510.6562
636.396 636.396 0.0 337607.4062
650.538 650.538 0.0 336707.1719
664.68 664.68 0.0 335810.0156
678.823 678.823 0.0 334899.4219
692.965 692.965 0.0 333958.7812
707.107 707.107 0.0 333021.6406
721.249 721.249 0.0 332087.7500
735.391 735.391 0.0 331157.2656
749.533 749.533 0.0 330225.7656
763.675 763.675 0.0 329297.0312
777.817 777.817 0.0 328371.6094
791.96 791.96 0.0 327431.3750
806.102 806.102 0.0 326461.2031
820.244 820.244 0.0 325494.6250
834.386 834.386 0.0 324531.8438
848.528 848.528 0.0 323483.7656
862.67 862.67 0.0 322373.2500
876.812 876.812 0.0 321268.3125
890.955 890.955 0.0 320127.9062
905.097 905.097 0.0 318849.5781
919.239 919.239 0.0 317578.0938
933.381 933.381 0.0 316313.2188
947.523 947.523 0.0 315055.0000
961.665 961.665 0.0 313755.7812
975.807 975.807 0.0 312448.9062
989.949 989.949 0.0 311149.1875
1004.09 1004.09 0.0 309856.7500
1018.23 1018.23 0.0 308571.6094
1032.38 1032.38 0.0 307234.5000
1046.52 1046.52 0.0 305812.9531
1060.66 1060.66 0.0 304395.6562
1074.8 1074.8 0.0 302928.9531
1088.94 1088.94 0.0 301439.3750
1103.09 1103.09 0.0 299958.7500
1117.23 1117.23 0.0 298489.0938
1131.37 1131.37 0.0 297029.2656
1145.51 1145.51 0.0 295579.2031
1159.66 1159.66 0.0 294137.8438
1173.8 1173.8 0.0 292933.9219
1187.94 1187.94 0.0 292058.2812
1202.08 1202.08 0.0 291184.8594
1216.22 1216.22 0.0 290315.1250
1230.37 1230.37 0.0 289440.3906
1244.51 1244.51 0.0 288565.0781
1258.65 1258.65 0.0 287693.4219
1272.79 1272.79 0.0 286779.2031
1286.93 1286.93 0.0 285757.3438
1301.08 1301.08 0.0 284659.5938
1315.22 1315.22 0.0 283538.7812
1329.36 1329.36 0.0 282375.5000
1343.5 1343.5 0.0 281280.7344
1357.65 1357.65 0.0 280205.1094
1371.79 1371.79 0.0 279118.2500
1385.93 1385.93 0.0 278037.4219
1400.07 1400.07 0.0 276962.5312
1414.21 1414.21 0.0 275893.6719
1428.36 1428.36 0.0 274830.0312
1442.5 1442.5 0.0 273773.0938
1456.64 1456.64 0.0 272722.0156
1470.78 1470.78 0.0 271676.8125
1484.92 1484.92 0.0 270637.5625
1499.07 1499.07 0.0 269603.2969
1513.21 1513.21 0.0 268575.5938
1527.35 1527.35 0.0 267553.6250
1541.49 1541.49 0.0 266524.0312
1555.63 1555.63 0.0 265486.7656
1569.78 1569.78 0.0 264454.8281
1583.92 1583.92 0.0 263428.6719
1598.06 1598.06 0.0 262407.0781
1612.2 1612.2 0.0 261391.3906
1626.35 1626.35 0.0 260380.9062
1640.49 1640.49 0.0 259377.0312
1654.63 1654.63 0.0 258379.8281
1668.77 1668.77 0.0 257391.8594
1682.91 1682.91 0.0 256364.0312
1697.06 1697.06 0.0 255345.0312
1711.2 1711.2 0.0 254332.8281
1725.34 1725.34 0.0 253279.6406
1739.48 1739.48 0.0 252223.7812
1753.62 1753.62 0.0 251174.7500
1767.77 1767.77 0.0 250131.7500
1781.91 1781.91 0.0 249096.1719
1796.05 1796.05 0.0 248067.3125
1810.19 1810.19 0.0 247045.0938
1824.34 1824.34 0.0 246028.7812
1838.48 1838.48 0.0 245121.4062
1852.62 1852.62 0.0 244230.4844
1866.76 1866.76 0.0 243346.2656
1880.9 1880.9 0.0 242536.8750
1895.05 1895.05 0.0 241730.9062
1909.19 1909.19 0.0 240929.8438
1923.33 1923.33 0.0 240133.0469
1937.47 1937.47 0.0 239340.4688
1951.61 1951.61 0.0 238552.0938
1965.76 1965.76 0.0 237765.5625
1979.9 1979.9 0.0 236983.5000
1994.04 1994.04 0.0 236205.6250
2008.18 2008.18 0.0 235431.8906
2022.33 2022.33 0.0 234661.8438
2036.47 2036.47 0.0 233896.3906
2050.61 2050.61 0.0 233135.0625
2064.75 2064.75 0.0 232449.3125
2078.89 2078.89 0.0 231816.0000
2093.04 2093.04 0.0 231185.1172
2107.18 2107.18 0.0 230546.3828
2121.32 2121.32 0.0 229908.0703
2135.46 2135.46 0.0 229272.7500
2149.6 2149.6 0.0 228640.3438
2163.75 2163.75 0.0 228010.4531
2177.89 2177.89 0.0 227383.9375
2192.03 2192.03 0.0 226760.3359
2206.17 2206.17 0.0 226139.5703
2220.32 2220.32 0.0 225526.3125
2234.46 2234.46 0.0 224916.5312
2248.6 2248.6 0.0 224309.5469
2262.74 2262.74 0.0 223705.3906
2276.88 2276.88 0.0 223103.9766
2291.03 2291.03 0.0 222523.1094
2305.17 2305.17 0.0 221952.5625
2319.31 2319.31 0.0 221384.5781
2333.45 2333.45 0.0 220819.0312
2347.59 2347.59 0.0 220256.0938
2361.74 2361.74 0.0 219704.0938
2375.88 2375.88 0.0 219157.2656
2390.02 2390.02 0.0 218612.8125
2404.16 2404.16 0.0 218089.3984
2418.31 2418.31 0.0 217590.1250
2432.45 2432.45 0.0 217086.7734
2446.59 2446.59 0.0 216585.4844
2460.73 2460.73 0.0 216086.2656
2474.87 2474.87 0.0 215647.6094
2489.02 2489.02 0.0 215215.8047
2503.16 2503.16 0.0 214796.0547
2517.3 2517.3 0.0 214379.5391
2531.44 2531.44 0.0 213964.5000
2545.58 2545.58 0.0 213550.9062
2559.73 2559.73 0.0 213138.4844
2573.87 2573.87 0.0 212721.0703
2588.01 2588.01 0.0 212275.4141
2602.15 2602.15 0.0 211831.5391
2616.3 2616.3 0.0 211388.9609
2630.44 2630.44 0.0 210948.3359
2644.58 2644.58 0.0 210509.4297
2658.72 2658.72 0.0 210072.1406
2672.86 2672.86 0.0 209636.5469
2687.01 2687.01 0.0 209202.2969
2701.15 2701.15 0.0 208770.0156
2715.29 2715.29 0.0 208339.3438
2729.43 2729.43 0.0 207910.3594
2743.57 2743.57 0.0 207482.9609
2757.72 2757.72 0.0 207056.8984
2771.86 2771.86 0.0 206632.7344
2786.0 2786.0 0.0 206210.2188
2800.14 2800.14 0.0 205789.2812
2814.28 2814.28 0.0 205369.9531
2828.43 2828.43 0.0 204951.9375
2842.57 2842.57 0.0 204535.8125
2856.71 2856.71 0.0 204147.6328
2870.85 2870.85 0.0 203775.0859
2885.0 2885.0 0.0 203403.5391
2899.14 2899.14 0.0 203033.5625
2913.28 2913.28 0.0 202636.5859
2927.42 2927.42 0.0 202233.0625
2941.56 2941.56 0.0 201826.9844
2955.71 2955.71 0.0 201416.0938
2969.85 2969.85 0.0 201007.0312
2983.99 2983.99 0.0 200599.6172
2998.13 2998.13 0.0 200193.7344
3012.27 3012.27 0.0 199789.4531
3026.42 3026.42 0.0 199385.1562
3040.56 3040.56 0.0 198981.0625
3054.7 3054.7 0.0 198565.9453
3068.84 3068.84 0.0 198120.6719
3082.99 3082.99 0.0 197677.3906
3097.13 3097.13 0.0 197234.8984
3111.27 3111.27 0.0 196791.0469
3125.41 3125.41 0.0 196349.2188
3139.55 3139.55 0.0 195909.2656
3153.7 3153.7 0.0 195416.3984
3167.84 3167.84 0.0 194906.8906
3181.98 3181.98 0.0 194400.0000
3196.12 3196.12 0.0 193895.7266
3210.26 3210.26 0.0 193394.0703
3224.41 3224.41 0.0 192894.6484
3238.55 3238.55 0.0 192398.1875
3252.69 3252.69 0.0 191886.6172
3266.83 3266.83 0.0 191360.7734
3280.98 3280.98 0.0 190837.2734
3295.12 3295.12 0.0 190317.0859
3309.26 3309.26 0.0 189799.7891
3323.4 3323.4 0.0 189285.3516
3337.54 3337.54 0.0 188765.2578
3351.69 3351.69 0.0 188226.8047
3365.83 3365.83 0.0 187691.9375
3379.97 3379.97 0.0 187160.2188
3394.11 3394.11 0.0 186631.6016
3408.25 3408.25 0.0 186106.1250
3422.4 3422.4 0.0 185583.3984
3436.54 3436.54 0.0 185048.8672
3450.68 3450.68 0.0 184474.6172
3464.82 3464.82 0.0 183856.8203
3478.97 3478.97 0.0 183211.2109
3493.11 3493.11 0.0 182526.8125
3507.25 3507.25 0.0 181799.4219
3521.39 3521.39 0.0 181029.6562
3535.53 3535.53 0.0 180246.5078
3549.68 3549.68 0.0 179455.0078
3563.82 3563.82 0.0 178608.6328
3577.96 3577.96 0.0 177767.2812
3592.1 3592.1 0.0 176934.7891
3606.24 3606.24 0.0 176107.3828
3620.39 3620.39 0.0 175091.3594
3634.53 3634.53 0.0 174074.7031
3648.67 3648.67 0.0 173063.7500
3662.81 3662.81 0.0 172066.3516
3676.96 3676.96 0.0 171081.7344
3691.1 3691.1 0.0 170110.9219
3705.24 3705.24 0.0 169142.9375
3719.38 3719.38 0.0 168178.0781
3733.52 3733.52 0.0 167226.2578
3747.67 3747.67 0.0 166286.2773
3761.81 3761.81 0.0 165355.6172
3775.95 3775.95 0.0 164437.9297
3790.09 3790.09 0.0 163532.9414
3804.23 3804.23 0.0 162640.5664
3818.38 3818.38 0.0 161759.9609
3832.52 3832.52 0.0 160892.2383
3846.66 3846.66 0.0 160036.6406
3860.8 3860.8 0.0 159237.5859
3874.95 3874.95 0.0 158450.8125
3889.09 3889.09 0.0 157674.9922
3903.23 3903.23 0.0 156909.4375
3917.37 3917.37 0.0 156155.6211
3931.51 3931.51 0.0 155427.2695
3945.66 3945.66 0.0 154709.6016
3959.8 3959.8 0.0 154001.7383
3973.94 3973.94 0.0 153437.9141
3988.08 3988.08 0.0 152926.4453
4002.22 4002.22 0.0 152419.8398
4016.37 4016.37 0.0 151917.7617
4030.51 4030.51 0.0 151474.3906
4044.65 4044.65 0.0 151143.4062
4058.79 4058.79 0.0 150814.5547
4072.94 4072.94 0.0 150487.6250
4087.08 4087.08 0.0 150162.9883
4101.22 4101.22 0.0 149840.4688
4115.36 4115.36 0.0 149581.4336
4129.5 4129.5 0.0 149331.8906
4143.65 4143.65 0.0 149083.4570
4157.79 4157.79 0.0 148836.3984
4171.93 4171.93 0.0 148590.6133
4186.07 4186.07 0.0 148346.0664
4200.21 4200.21 0.0 148102.7773
4214.36 4214.36 0.0 147860.5234
4228.5 4228.5 0.0 147619.6875
4242.64 4242.64 0.0 147380.0742
