0.0 0.0 0.0 199309.4062
14.1421 14.1421 0.0 194586.5391
28.2843 28.2843 0.0 190038.5547
42.4264 42.4264 0.0 185692.2031
56.5685 56.5685 0.0 181575.8125
70.7107 70.7107 0.0 177724.2578
84.8528 84.8528 0.0 174034.6328
98.9949 98.9949 0.0 170498.4844
113.137 113.137 0.0 167014.7344
127.279 127.279 0.0 163622.2031
141.421 141.421 0.0 160390.9922
155.563 155.563 0.0 157311.9141
169.706 169.706 0.0 154312.0352
183.848 183.848 0.0 151435.0625
197.99 197.99 0.0 148710.8242
212.132 212.132 0.0 146123.9102
226.274 226.274 0.0 143658.5078
240.416 240.416 0.0 141615.9883
254.558 254.558 0.0 139859.8789
268.701 268.701 0.0 138144.4805
282.843 282.843 0.0 136503.3789
296.985 296.985 0.0 134923.2578
311.127 311.127 0.0 133382.8809
325.269 325.269 0.0 131911.9570
339.411 339.411 0.0 130499.0371
353.553 353.553 0.0 129134.2500
367.696 367.696 0.0 127768.6621
381.838 381.838 0.0 126452.5098
395.98 395.98 0.0 125166.0215
410.122 410.122 0.0 123927.9355
424.264 424.264 0.0 122733.5762
438.406 438.406 0.0 121596.8770
452.548 452.548 0.0 120519.9688
466.69 466.69 0.0 119564.9355
480.833 480.833 0.0 118724.1270
494.975 494.975 0.0 117921.8047
509.117 509.117 0.0 117299.0537
523.259 523.259 0.0 116729.6846
537.401 537.401 0.0 116166.3945
551.543 551.543 0.0 115623.5693
565.685 565.685 0.0 115100.4746
579.828 579.828 0.0 114596.3018
593.97 593.97 0.0 114110.1006
608.112 608.112 0.0 113641.5947
622.254 622.254 0.0 113171.7568
636.396 636.396 0.0 112718.3193
650.538 650.538 0.0 112282.1426
664.68 664.68 0.0 111862.3643
678.823 678.823 0.0 111458.4775
692.965 692.965 0.0 111072.0488
707.107 707.107 0.0 110782.8994
721.249 721.249 0.0 110501.5820
735.391 735.391 0.0 110228.5869
749.533 749.533 0.0 109963.6729
763.675 763.675 0.0 109706.6172
777.817 777.817 0.0 109456.3066
791.96 791.96 0.0 109213.4038
806.102 806.102 0.0 108977.7480
820.244 820.244 0.0 108749.1025
834.386 834.386 0.0 108527.2666
848.528 848.528 0.0 108312.0332
862.67 862.67 0.0 108103.2139
876.812 876.812 0.0 107904.1279
890.955 890.955 0.0 107730.6284
905.097 905.097 0.0 107561.6948
919.239 919.239 0.0 107397.2070
933.381 933.381 0.0 107237.0498
947.523 947.523 0.0 107081.0986
961.665 961.665 0.0 106929.2505
975.807 975.807 0.0 106781.3970
989.949 989.949 0.0 106640.8105
1004.09 1004.09 0.0 106535.5396
1018.23 1018.23 0.0 106431.5166
1032.38 1032.38 0.0 106328.6323
1046.52 1046.52 0.0 106227.8887
1060.66 1060.66 0.0 106129.1680
1074.8 1074.8 0.0 106032.4326
1088.94 1088.94 0.0 105937.7373
1103.09 1103.09 0.0 105849.1470
1117.23 1117.23 0.0 105762.3130
1131.37 1131.37 0.0 105677.1377
1145.51 1145.51 0.0 105593.6006
1159.66 1159.66 0.0 105511.6050
1173.8 1173.8 0.0 105431.4653
1187.94 1187.94 0.0 105356.4360
1202.08 1202.08 0.0 105293.4028
1216.22 1216.22 0.0 105258.3315
1230.37 1230.37 0.0 105218.0967
1244.51 1244.51 0.0 105175.3538
1258.65 1258.65 0.0 105133.0779
1272.79 1272.79 0.0 105091.2649
1286.93 1286.93 0.0 105049.9070
1301.08 1301.08 0.0 105008.9778
1315.22 1315.22 0.0 104968.5286
1329.36 1329.36 0.0 104928.5193
1343.5 1343.5 0.0 104883.3684
1357.65 1357.65 0.0 104832.2253
1371.79 1371.79 0.0 104775.8542
1385.93 1385.93 0.0 104720.5740
1400.07 1400.07 0.0 104685.1362
1414.21 1414.21 0.0 104652.2480
1428.36 1428.36 0.0 104619.6514
1442.5 1442.5 0.0 104587.3984
1456.64 1456.64 0.0 104555.4211
1470.78 1470.78 0.0 104524.0000
1484.92 1484.92 0.0 104493.3076
1499.07 1499.07 0.0 104463.8899
1513.21 1513.21 0.0 104433.9761
1527.35 1527.35 0.0 104404.3035
1541.49 1541.49 0.0 104374.9163
1555.63 1555.63 0.0 104345.5879
1569.78 1569.78 0.0 104316.1404
1583.92 1583.92 0.0 104290.9937
1598.06 1598.06 0.0 104267.3801
1612.2 1612.2 0.0 104242.5144
1626.35 1626.35 0.0 104218.1011
1640.49 1640.49 0.0 104193.9111
1654.63 1654.63 0.0 104169.9177
1668.77 1668.77 0.0 104146.1299
1682.91 1682.91 0.0 104122.2690
1697.06 1697.06 0.0 104097.2573
1711.2 1711.2 0.0 104072.4849
1725.34 1725.34 0.0 104047.9324
1739.48 1739.48 0.0 104023.6003
1753.62 1753.62 0.0 104003.1953
1767.77 1767.77 0.0 103983.0569
1781.91 1781.91 0.0 103963.0845
1796.05 1796.05 0.0 103942.6577
1810.19 1810.19 0.0 103920.7913
1824.34 1824.34 0.0 103898.4158
1838.48 1838.48 0.0 103874.6907
1852.62 1852.62 0.0 103850.7136
1866.76 1866.76 0.0 103826.9080
1880.9 1880.9 0.0 103803.2590
1895.05 1895.05 0.0 103779.8159
1909.19 1909.19 0.0 103756.3062
1923.33 1923.33 0.0 103731.3428
1937.47 1937.47 0.0 103705.3572
1951.61 1951.61 0.0 103689.6724
1965.76 1965.76 0.0 103677.0115
1979.9 1979.9 0.0 103664.4250
1994.04 1994.04 0.0 103652.5598
2008.18 2008.18 0.0 103641.1318
2022.33 2022.33 0.0 103629.7510
2036.47 2036.47 0.0 103618.4348
2050.61 2050.61 0.0 103607.1733
2064.75 2064.75 0.0 103600.3564
2078.89 2078.89 0.0 103596.3975
2093.04 2093.04 0.0 103592.4456
2107.18 2107.18 0.0 103588.4985
2121.32 2121.32 0.0 103584.2915
2135.46 2135.46 0.0 103579.3425
2149.6 2149.6 0.0 103573.7993
2163.75 2163.75 0.0 103568.2651
2177.89 2177.89 0.0 103562.7468
2192.03 2192.03 0.0 103556.8999
2206.17 2206.17 0.0 103549.1995
2220.32 2220.32 0.0 103541.1436
2234.46 2234.46 0.0 103533.1199
2248.6 2248.6 0.0 103523.6838
2262.74 2262.74 0.0 103512.6794
2276.88 2276.88 0.0 103501.4958
2291.03 2291.03 0.0 103486.5525
2305.17 2305.17 0.0 103468.2788
2319.31 2319.31 0.0 103450.4436
2333.45 2333.45 0.0 103435.6843
2347.59 2347.59 0.0 103421.0286
2361.74 2361.74 0.0 103406.4636
2375.88 2375.88 0.0 103392.0105
2390.02 2390.02 0.0 103377.6565
2404.16 2404.16 0.0 103363.4014
2418.31 2418.31 0.0 103349.2355
2432.45 2432.45 0.0 103334.6431
2446.59 2446.59 0.0 103322.9922
2460.73 2460.73 0.0 103313.2650
2474.87 2474.87 0.0 103302.6709
2489.02 2489.02 0.0 103291.9114
2503.16 2503.16 0.0 103281.2179
2517.3 2517.3 0.0 103270.5852
2531.44 2531.44 0.0 103260.0065
2545.58 2545.58 0.0 103249.4854
2559.73 2559.73 0.0 103239.0159
2573.87 2573.87 0.0 103228.6095
2588.01 2588.01 0.0 103218.2596
2602.15 2602.15 0.0 103207.9689
2616.3 2616.3 0.0 103200.6016
2630.44 2630.44 0.0 103193.6371
2644.58 2644.58 0.0 103184.7269
2658.72 2658.72 0.0 103175.6831
2672.86 2672.86 0.0 103166.6812
2687.01 2687.01 0.0 103157.7179
2701.15 2701.15 0.0 103148.8042
2715.29 2715.29 0.0 103139.9348
2729.43 2729.43 0.0 103131.1074
2743.57 2743.57 0.0 103122.3231
2757.72 2757.72 0.0 103113.5746
2771.86 2771.86 0.0 103104.0616
2786.0 2786.0 0.0 103094.4769
2800.14 2800.14 0.0 103084.9456
2814.28 2814.28 0.0 103077.1833
2828.43 2828.43 0.0 103070.9463
2842.57 2842.57 0.0 103064.7354
2856.71 2856.71 0.0 103058.5465
2870.85 2870.85 0.0 103052.3806
2885.0 2885.0 0.0 103046.2316
2899.14 2899.14 0.0 103040.1079
2913.28 2913.28 0.0 103033.3571
2927.42 2927.42 0.0 103026.5905
2941.56 2941.56 0.0 103019.8477
2955.71 2955.71 0.0 103013.1298
2969.85 2969.85 0.0 103006.4449
2983.99 2983.99 0.0 103000.2893
2998.13 2998.13 0.0 102995.4038
3012.27 3012.27 0.0 102990.5338
3026.42 3026.42 0.0 102986.9557
3040.56 3040.56 0.0 102985.0447
3054.7 3054.7 0.0 102983.1309
3068.84 3068.84 0.0 102981.2233
3082.99 3082.99 0.0 102979.3163
3097.13 3097.13 0.0 102977.4116
3111.27 3111.27 0.0 102975.5099
3125.41 3125.41 0.0 102973.6102
3139.55 3139.55 0.0 102971.7145
3153.7 3153.7 0.0 102969.8169
3167.84 3167.84 0.0 102967.9247
3181.98 3181.98 0.0 102966.0338
3196.12 3196.12 0.0 102964.1436
3210.26 3210.26 0.0 102962.2579
3224.41 3224.41 0.0 102960.3719
3238.55 3238.55 0.0 102958.2197
3252.69 3252.69 0.0 102955.6819
3266.83 3266.83 0.0 102953.1462
3280.98 3280.98 0.0 102950.6086
3295.12 3295.12 0.0 102948.1444
3309.26 3309.26 0.0 102945.7734
3323.4 3323.4 0.0 102943.4014
3337.54 3337.54 0.0 102941.0366
3351.69 3351.69 0.0 102938.6708
3365.83 3365.83 0.0 102936.3660
3379.97 3379.97 0.0 102932.9117
3394.11 3394.11 0.0 102928.7863
3408.25 3408.25 0.0 102924.6348
3422.4 3422.4 0.0 102920.4985
3436.54 3436.54 0.0 102916.3790
3450.68 3450.68 0.0 102912.2701
3464.82 3464.82 0.0 102908.1705
3478.97 3478.97 0.0 102904.0784
3493.11 3493.11 0.0 102899.9998
3507.25 3507.25 0.0 102895.9318
3521.39 3521.39 0.0 102891.8771
3535.53 3535.53 0.0 102887.8301
3549.68 3549.68 0.0 102883.7920
3563.82 3563.82 0.0 102882.7614
3577.96 3577.96 0.0 102882.1351
3592.1 3592.1 0.0 102881.5105
3606.24 3606.24 0.0 102880.8832
3620.39 3620.39 0.0 102880.2592
3634.53 3634.53 0.0 102879.8035
3648.67 3648.67 0.0 102879.5686
3662.81 3662.81 0.0 102879.3331
3676.96 3676.96 0.0 102879.1355
3691.1 3691.1 0.0 102879.8131
3705.24 3705.24 0.0 102881.1680
3719.38 3719.38 0.0 102882.4794
3733.52 3733.52 0.0 102883.8173
3747.67 3747.67 0.0 102885.3881
3761.81 3761.81 0.0 102886.9614
3775.95 3775.95 0.0 102888.4214
3790.09 3790.09 0.0 102889.6405
3804.23 3804.23 0.0 102890.8578
3818.38 3818.38 0.0 102892.0803
3832.52 3832.52 0.0 102893.3008
3846.66 3846.66 0.0 102894.5214
3860.8 3860.8 0.0 102895.6279
3874.95 3874.95 0.0 102896.7335
3889.09 3889.09 0.0 102897.8385
3903.23 3903.23 0.0 102898.9449
3917.37 3917.37 0.0 102900.0538
3931.51 3931.51 0.0 102901.1619
3945.66 3945.66 0.0 102902.2706
3959.8 3959.8 0.0 102903.3804
3973.94 3973.94 0.0 102904.4907
3988.08 3988.08 0.0 102905.6019
4002.22 4002.22 0.0 102905.0298
4016.37 4016.37 0.0 102904.3689
4030.51 4030.51 0.0 102903.7113
4044.65 4044.65 0.0 102903.0510
4058.79 4058.79 0.0 102902.3925
4072.94 4072.94 0.0 102901.7343
4087.08 4087.08 0.0 102901.0747
4101.22 4101.22 0.0 102900.4164
4115.36 4115.36 0.0 102899.9556
4129.5 4129.5 0.0 102901.5149
4143.65 4143.65 0.0 102902.8661
4157.79 4157.79 0.0 102903.8519
4171.93 4171.93 0.0 102904.8400
4186.07 4186.07 0.0 102905.8188
4200.21 4200.21 0.0 102906.4065
4214.36 4214.36 0.0 102905.9822
4228.5 4228.5 0.0 102903.5421
4242.64 4242.64 0.0 102900.9387
