0.0 0.0 0.0 229958.3516
14.1421 14.1421 0.0 323576.5469
28.2843 28.2843 0.0 280841.7656
42.4264 42.4264 0.0 244418.6406
56.5685 56.5685 0.0 216198.3438
70.7107 70.7107 0.0 194634.2500
84.8528 84.8528 0.0 178076.1875
98.9949 98.9949 0.0 165225.6328
113.137 113.137 0.0 155128.9766
127.279 127.279 0.0 147096.9062
141.421 141.421 0.0 140630.9258
155.563 155.563 0.0 135367.3945
169.706 169.706 0.0 131038.0938
183.848 183.848 0.0 127443.7383
197.99 197.99 0.0 124433.0996
212.132 212.132 0.0 121891.0078
226.274 226.274 0.0 119728.5605
240.416 240.416 0.0 117876.4062
254.558 254.558 0.0 116279.9131
268.701 268.701 0.0 114895.6016
282.843 282.843 0.0 113688.8594
296.985 296.985 0.0 112631.4512
311.127 311.127 0.0 111700.4922
325.269 325.269 0.0 110877.2168
339.411 339.411 0.0 110146.1377
353.553 353.553 0.0 109494.3848
367.696 367.696 0.0 108911.1831
381.838 381.838 0.0 108387.5806
395.98 395.98 0.0 107915.9336
410.122 410.122 0.0 107489.7661
424.264 424.264 0.0 107103.5737
438.406 438.406 0.0 106752.6426
452.548 452.548 0.0 106432.9229
466.69 466.69 0.0 106140.9106
480.833 480.833 0.0 105873.5581
494.975 494.975 0.0 105628.2729
509.117 509.117 0.0 105402.7329
523.259 523.259 0.0 105194.9265
537.401 537.401 0.0 105003.0891
551.543 551.543 0.0 104825.6587
565.685 565.685 0.0 104661.2710
579.828 579.828 0.0 104508.6926
593.97 593.97 0.0 104366.8679
608.112 608.112 0.0 104234.8218
622.254 622.254 0.0 104111.6985
636.396 636.396 0.0 103996.7280
650.538 650.538 0.0 103889.2251
664.68 664.68 0.0 103788.5708
678.823 678.823 0.0 103694.1985
692.965 692.965 0.0 103605.6304
707.107 707.107 0.0 103522.3972
721.249 721.249 0.0 103444.0911
735.391 735.391 0.0 103370.3411
749.533 749.533 0.0 103300.8036
763.675 763.675 0.0 103235.1801
777.817 777.817 0.0 103173.1808
791.96 791.96 0.0 103114.5531
806.102 806.102 0.0 103059.0653
820.244 820.244 0.0 103006.5026
834.386 834.386 0.0 102956.6635
848.528 848.528 0.0 102909.3711
862.67 862.67 0.0 102864.4618
876.812 876.812 0.0 102821.7764
890.955 890.955 0.0 102781.1738
905.097 905.097 0.0 102742.5310
919.239 919.239 0.0 102705.7251
933.381 933.381 0.0 102670.6404
947.523 947.523 0.0 102637.1780
961.665 961.665 0.0 102605.2411
975.807 975.807 0.0 102574.7410
989.949 989.949 0.0 102545.5955
1004.09 1004.09 0.0 102517.7289
1018.23 1018.23 0.0 102491.0697
1032.38 1032.38 0.0 102465.5343
1046.52 1046.52 0.0 102441.0927
1060.66 1060.66 0.0 102417.6708
1074.8 1074.8 0.0 102395.2153
1088.94 1088.94 0.0 102373.6735
1103.09 1103.09 0.0 102352.9843
1117.23 1117.23 0.0 102333.1323
1131.37 1131.37 0.0 102314.0632
1145.51 1145.51 0.0 102295.7350
1159.66 1159.66 0.0 102278.0995
1173.8 1173.8 0.0 102261.1475
1187.94 1187.94 0.0 102244.8360
1202.08 1202.08 0.0 102229.1292
1216.22 1216.22 0.0 102214.0031
1230.37 1230.37 0.0 102199.4192
1244.51 1244.51 0.0 102185.3696
1258.65 1258.65 0.0 102171.8253
1272.79 1272.79 0.0 102158.7588
1286.93 1286.93 0.0 102146.1513
1301.08 1301.08 0.0 102133.9723
1315.22 1315.22 0.0 102122.2204
1329.36 1329.36 0.0 102110.8676
1343.5 1343.5 0.0 102099.8987
1357.65 1357.65 0.0 102089.2880
1371.79 1371.79 0.0 102079.0367
1385.93 1385.93 0.0 102069.1207
1400.07 1400.07 0.0 102059.5272
1414.21 1414.21 0.0 102050.2413
1428.36 1428.36 0.0 102041.2465
1442.5 1442.5 0.0 102032.5430
1456.64 1456.64 0.0 102024.1108
1470.78 1470.78 0.0 102015.9417
1484.92 1484.92 0.0 102008.0234
1499.07 1499.07 0.0 102000.3411
1513.21 1513.21 0.0 101992.8969
1527.35 1527.35 0.0 101985.6764
1541.49 1541.49 0.0 101978.6694
1555.63 1555.63 0.0 101971.8690
1569.78 1569.78 0.0 101965.2635
1583.92 1583.92 0.0 101958.8538
1598.06 1598.06 0.0 101952.6296
1612.2 1612.2 0.0 101946.5801
1626.35 1626.35 0.0 101940.6989
1640.49 1640.49 0.0 101934.9860
1654.63 1654.63 0.0 101929.4319
1668.77 1668.77 0.0 101924.0311
1682.91 1682.91 0.0 101918.7778
1697.06 1697.06 0.0 101913.6623
1711.2 1711.2 0.0 101908.6884
1725.34 1725.34 0.0 101903.8466
1739.48 1739.48 0.0 101899.1323
1753.62 1753.62 0.0 101894.5414
1767.77 1767.77 0.0 101890.0670
1781.91 1781.91 0.0 101885.7098
1796.05 1796.05 0.0 101881.4642
1810.19 1810.19 0.0 101877.3261
1824.34 1824.34 0.0 101873.2877
1838.48 1838.48 0.0 101869.3533
1852.62 1852.62 0.0 101865.5153
1866.76 1866.76 0.0 101861.7710
1880.9 1880.9 0.0 101858.1169
1895.05 1895.05 0.0 101854.5470
1909.19 1909.19 0.0 101851.0649
1923.33 1923.33 0.0 101847.6649
1937.47 1937.47 0.0 101844.3437
1951.61 1951.61 0.0 101841.0984
1965.76 1965.76 0.0 101837.9256
1979.9 1979.9 0.0 101834.8264
1994.04 1994.04 0.0 101831.7964
2008.18 2008.18 0.0 101828.8330
2022.33 2022.33 0.0 101825.9334
2036.47 2036.47 0.0 101823.0983
2050.61 2050.61 0.0 101820.3238
2064.75 2064.75 0.0 101817.6078
2078.89 2078.89 0.0 101814.9496
2093.04 2093.04 0.0 101812.3443
2107.18 2107.18 0.0 101809.7940
2121.32 2121.32 0.0 101807.2957
2135.46 2135.46 0.0 101804.8475
2149.6 2149.6 0.0 101802.4472
2163.75 2163.75 0.0 101800.0928
2177.89 2177.89 0.0 101797.7855
2192.03 2192.03 0.0 101795.5222
2206.17 2206.17 0.0 101793.3018
2220.32 2220.32 0.0 101791.1208
2234.46 2234.46 0.0 101788.9814
2248.6 2248.6 0.0 101786.8806
2262.74 2262.74 0.0 101784.8179
2276.88 2276.88 0.0 101782.7907
2291.03 2291.03 0.0 101780.7979
2305.17 2305.17 0.0 101778.8400
2319.31 2319.31 0.0 101776.9153
2333.45 2333.45 0.0 101775.0229
2347.59 2347.59 0.0 101773.1612
2361.74 2361.74 0.0 101771.3277
2375.88 2375.88 0.0 101769.5251
2390.02 2390.02 0.0 101767.7511
2404.16 2404.16 0.0 101766.0032
2418.31 2418.31 0.0 101764.2804
2432.45 2432.45 0.0 101762.5844
2446.59 2446.59 0.0 101760.9133
2460.73 2460.73 0.0 101759.2656
2474.87 2474.87 0.0 101757.6413
2489.02 2489.02 0.0 101756.0386
2503.16 2503.16 0.0 101754.4582
2517.3 2517.3 0.0 101752.8981
2531.44 2531.44 0.0 101751.3593
2545.58 2545.58 0.0 101749.8390
2559.73 2559.73 0.0 101748.3370
2573.87 2573.87 0.0 101746.8540
2588.01 2588.01 0.0 101745.3890
2602.15 2602.15 0.0 101743.9409
2616.3 2616.3 0.0 101742.5075
2630.44 2630.44 0.0 101741.0922
2644.58 2644.58 0.0 101739.6915
2658.72 2658.72 0.0 101738.3062
2672.86 2672.86 0.0 101736.9345
2687.01 2687.01 0.0 101735.5760
2701.15 2701.15 0.0 101734.2323
2715.29 2715.29 0.0 101732.9008
2729.43 2729.43 0.0 101731.5816
2743.57 2743.57 0.0 101730.2751
2757.72 2757.72 0.0 101728.9782
2771.86 2771.86 0.0 101727.6943
2786.0 2786.0 0.0 101726.4200
2800.14 2800.14 0.0 101725.1569
2814.28 2814.28 0.0 101723.9024
2828.43 2828.43 0.0 101722.6581
2842.57 2842.57 0.0 101721.4232
2856.71 2856.71 0.0 101720.1971
2870.85 2870.85 0.0 101718.9794
2885.0 2885.0 0.0 101717.7686
2899.14 2899.14 0.0 101716.5670
2913.28 2913.28 0.0 101715.3730
2927.42 2927.42 0.0 101714.1861
2941.56 2941.56 0.0 101713.0056
2955.71 2955.71 0.0 101711.8315
2969.85 2969.85 0.0 101710.6644
2983.99 2983.99 0.0 101709.5031
2998.13 2998.13 0.0 101708.3475
3012.27 3012.27 0.0 101707.1977
3026.42 3026.42 0.0 101706.0526
3040.56 3040.56 0.0 101704.9129
3054.7 3054.7 0.0 101703.7786
3068.84 3068.84 0.0 101702.6480
3082.99 3082.99 0.0 101701.5221
3097.13 3097.13 0.0 101700.4006
3111.27 3111.27 0.0 101699.2826
3125.41 3125.41 0.0 101698.1689
3139.55 3139.55 0.0 101697.0591
3153.7 3153.7 0.0 101695.9515
3167.84 3167.84 0.0 101694.8478
3181.98 3181.98 0.0 101693.7470
3196.12 3196.12 0.0 101692.6487
3210.26 3210.26 0.0 101691.5542
3224.41 3224.41 0.0 101690.4615
3238.55 3238.55 0.0 101689.3716
3252.69 3252.69 0.0 101688.2836
3266.83 3266.83 0.0 101687.1979
3280.98 3280.98 0.0 101686.1132
3295.12 3295.12 0.0 101685.0318
3309.26 3309.26 0.0 101683.9512
3323.4 3323.4 0.0 101682.8731
3337.54 3337.54 0.0 101681.7961
3351.69 3351.69 0.0 101680.7200
3365.83 3365.83 0.0 101679.6458
3379.97 3379.97 0.0 101678.5724
3394.11 3394.11 0.0 101677.5002
3408.25 3408.25 0.0 101676.4290
3422.4 3422.4 0.0 101675.3580
3436.54 3436.54 0.0 101674.2883
3450.68 3450.68 0.0 101673.2195
3464.82 3464.82 0.0 101672.1520
3478.97 3478.97 0.0 101671.0838
3493.11 3493.11 0.0 101670.0169
3507.25 3507.25 0.0 101668.9504
3521.39 3521.39 0.0 101667.8839
3535.53 3535.53 0.0 101666.8184
3549.68 3549.68 0.0 101665.7517
3563.82 3563.82 0.0 101664.6860
3577.96 3577.96 0.0 101663.6208
3592.1 3592.1 0.0 101662.5557
3606.24 3606.24 0.0 101661.4904
3620.39 3620.39 0.0 101660.4249
3634.53 3634.53 0.0 101659.3590
3648.67 3648.67 0.0 101658.2939
3662.81 3662.81 0.0 101657.2285
3676.96 3676.96 0.0 101656.1627
3691.1 3691.1 0.0 101655.0964
3705.24 3705.24 0.0 101654.0305
3719.38 3719.38 0.0 101652.9643
3733.52 3733.52 0.0 101651.8981
3747.67 3747.67 0.0 101650.8307
3761.81 3761.81 0.0 101649.7634
3775.95 3775.95 0.0 101648.6961
3790.09 3790.09 0.0 101647.6288
3804.23 3804.23 0.0 101646.5602
3818.38 3818.38 0.0 101645.4916
3832.52 3832.52 0.0 101644.4226
3846.66 3846.66 0.0 101643.3541
3860.8 3860.8 0.0 101642.2844
3874.95 3874.95 0.0 101641.2140
3889.09 3889.09 0.0 101640.1445
3903.23 3903.23 0.0 101639.0739
3917.37 3917.37 0.0 101638.0030
3931.51 3931.51 0.0 101636.9315
3945.66 3945.66 0.0 101635.8600
3959.8 3959.8 0.0 101634.7882
3973.94 3973.94 0.0 101633.7163
3988.08 3988.08 0.0 101632.6434
4002.22 4002.22 0.0 101631.5708
4016.37 4016.37 0.0 101630.4975
4030.51 4030.51 0.0 101629.4239
4044.65 4044.65 0.0 101628.3503
4058.79 4058.79 0.0 101627.2768
4072.94 4072.94 0.0 101626.2018
4087.08 4087.08 0.0 101625.1276
4101.22 4101.22 0.0 101624.0532
4115.36 4115.36 0.0 101622.9787
4129.5 4129.5 0.0 101621.9041
4143.65 4143.65 0.0 101620.8282
4157.79 4157.79 0.0 101619.7538
4171.93 4171.93 0.0 101618.6784
4186.07 4186.07 0.0 101617.6037
4200.21 4200.21 0.0 101616.5284
4214.36 4214.36 0.0 101615.4529
4228.5 4228.5 0.0 101614.3781
4242.64 4242.64 0.0 101613.3032
