0.0 0.0 0.0 198771.6328
14.1421 14.1421 0.0 212038.6094
28.2843 28.2843 0.0 210352.9375
42.4264 42.4264 0.0 208427.3359
56.5685 56.5685 0.0 206343.4844
70.7107 70.7107 0.0 204162.8672
84.8528 84.8528 0.0 201924.8516
98.9949 98.9949 0.0 199655.6719
113.137 113.137 0.0 197373.7812
127.279 127.279 0.0 195092.6719
141.421 141.421 0.0 192822.5078
155.563 155.563 0.0 190571.0234
169.706 169.706 0.0 188344.1797
183.848 183.848 0.0 186147.1250
197.99 197.99 0.0 183983.4844
212.132 212.132 0.0 181856.3516
226.274 226.274 0.0 179768.0703
240.416 240.416 0.0 177720.5547
254.558 254.558 0.0 175715.2891
268.701 268.701 0.0 173753.1484
282.843 282.843 0.0 171835.2422
296.985 296.985 0.0 169961.9375
311.127 311.127 0.0 168133.5391
325.269 325.269 0.0 166350.1055
339.411 339.411 0.0 164611.6328
353.553 353.553 0.0 162917.8945
367.696 367.696 0.0 161268.4258
381.838 381.838 0.0 159663.0703
395.98 395.98 0.0 158101.1797
410.122 410.122 0.0 156582.1172
424.264 424.264 0.0 155105.2305
438.406 438.406 0.0 153669.8086
452.548 452.548 0.0 152275.0820
466.69 466.69 0.0 150920.2891
480.833 480.833 0.0 149604.4609
494.975 494.975 0.0 148326.9336
509.117 509.117 0.0 147086.7617
523.259 523.259 0.0 145883.0430
537.401 537.401 0.0 144714.8867
551.543 551.543 0.0 143581.3945
565.685 565.685 0.0 142481.6562
579.828 579.828 0.0 141414.7305
593.97 593.97 0.0 140379.8594
608.112 608.112 0.0 139376.0898
622.254 622.254 0.0 138402.5195
636.396 636.396 0.0 137458.3125
650.538 650.538 0.0 136542.6133
664.68 664.68 0.0 135654.5938
678.823 678.823 0.0 134793.3750
692.965 692.965 0.0 133958.2070
707.107 707.107 0.0 133148.3438
721.249 721.249 0.0 132362.9512
735.391 735.391 0.0 131601.2559
749.533 749.533 0.0 130862.5742
763.675 763.675 0.0 130146.1582
777.817 777.817 0.0 129451.3125
791.96 791.96 0.0 128777.3145
806.102 806.102 0.0 128123.5898
820.244 820.244 0.0 127489.4531
834.386 834.386 0.0 126874.2734
848.528 848.528 0.0 126277.4570
862.67 862.67 0.0 125698.3770
876.812 876.812 0.0 125136.4844
890.955 890.955 0.0 124591.2148
905.097 905.097 0.0 124062.0742
919.239 919.239 0.0 123548.4863
933.381 933.381 0.0 123049.9902
947.523 947.523 0.0 122566.0684
961.665 961.665 0.0 122096.2480
975.807 975.807 0.0 121640.0996
989.949 989.949 0.0 121197.1504
1004.09 1004.09 0.0 120767.0156
1018.23 1018.23 0.0 120349.2754
1032.38 1032.38 0.0 119943.1953
1046.52 1046.52 0.0 119549.0000
1060.66 1060.66 0.0 119166.0039
1074.8 1074.8 0.0 118793.8379
1088.94 1088.94 0.0 118432.1777
1103.09 1103.09 0.0 118080.4277
1117.23 1117.23 0.0 117738.7539
1131.37 1131.37 0.0 117406.5938
1145.51 1145.51 0.0 117083.6377
1159.66 1159.66 0.0 116769.3809
1173.8 1173.8 0.0 116463.9805
1187.94 1187.94 0.0 116166.9219
1202.08 1202.08 0.0 115877.9766
1216.22 1216.22 0.0 115596.8545
1230.37 1230.37 0.0 115323.1387
1244.51 1244.51 0.0 115056.9717
1258.65 1258.65 0.0 114797.9111
1272.79 1272.79 0.0 114545.7471
1286.93 1286.93 0.0 114300.2881
1301.08 1301.08 0.0 114061.1143
1315.22 1315.22 0.0 113828.3936
1329.36 1329.36 0.0 113601.7510
1343.5 1343.5 0.0 113381.0156
1357.65 1357.65 0.0 113165.8291
1371.79 1371.79 0.0 112956.3467
1385.93 1385.93 0.0 112752.2168
1400.07 1400.07 0.0 112553.3066
1414.21 1414.21 0.0 112359.4463
1428.36 1428.36 0.0 112170.3330
1442.5 1442.5 0.0 111986.1289
1456.64 1456.64 0.0 111806.5273
1470.78 1470.78 0.0 111631.3877
1484.92 1484.92 0.0 111460.5986
1499.07 1499.07 0.0 111293.8926
1513.21 1513.21 0.0 111131.3936
1527.35 1527.35 0.0 110972.8594
1541.49 1541.49 0.0 110818.1777
1555.63 1555.63 0.0 110667.2324
1569.78 1569.78 0.0 110519.8203
1583.92 1583.92 0.0 110376.0283
1598.06 1598.06 0.0 110235.6650
1612.2 1612.2 0.0 110098.6260
1626.35 1626.35 0.0 109964.7197
1640.49 1640.49 0.0 109834.0518
1654.63 1654.63 0.0 109706.4297
1668.77 1668.77 0.0 109581.7734
1682.91 1682.91 0.0 109459.9985
1697.06 1697.06 0.0 109340.9380
1711.2 1711.2 0.0 109224.6855
1725.34 1725.34 0.0 109111.0781
1739.48 1739.48 0.0 109000.0459
1753.62 1753.62 0.0 108891.5112
1767.77 1767.77 0.0 108785.3418
1781.91 1781.91 0.0 108681.6074
1796.05 1796.05 0.0 108580.1855
1810.19 1810.19 0.0 108481.0000
1824.34 1824.34 0.0 108383.9272
1838.48 1838.48 0.0 108289.0469
1852.62 1852.62 0.0 108196.2368
1866.76 1866.76 0.0 108105.4268
1880.9 1880.9 0.0 108016.5762
1895.05 1895.05 0.0 107929.5767
1909.19 1909.19 0.0 107844.4854
1923.33 1923.33 0.0 107761.2085
1937.47 1937.47 0.0 107679.6865
1951.61 1951.61 0.0 107599.8862
1965.76 1965.76 0.0 107521.6973
1979.9 1979.9 0.0 107445.1895
1994.04 1994.04 0.0 107370.2705
2008.18 2008.18 0.0 107296.8955
2022.33 2022.33 0.0 107224.9761
2036.47 2036.47 0.0 107154.5732
2050.61 2050.61 0.0 107085.6025
2064.75 2064.75 0.0 107018.0283
2078.89 2078.89 0.0 106951.8105
2093.04 2093.04 0.0 106886.8833
2107.18 2107.18 0.0 106823.2852
2121.32 2121.32 0.0 106760.9546
2135.46 2135.46 0.0 106699.8564
2149.6 2149.6 0.0 106639.9531
2163.75 2163.75 0.0 106581.1831
2177.89 2177.89 0.0 106523.6001
2192.03 2192.03 0.0 106467.1313
2206.17 2206.17 0.0 106411.7529
2220.32 2220.32 0.0 106357.3999
2234.46 2234.46 0.0 106304.1196
2248.6 2248.6 0.0 106251.8560
2262.74 2262.74 0.0 106200.5781
2276.88 2276.88 0.0 106150.2690
2291.03 2291.03 0.0 106100.8652
2305.17 2305.17 0.0 106052.4219
2319.31 2319.31 0.0 106004.8774
2333.45 2333.45 0.0 105958.2109
2347.59 2347.59 0.0 105912.4038
2361.74 2361.74 0.0 105867.4058
2375.88 2375.88 0.0 105823.2568
2390.02 2390.02 0.0 105779.9106
2404.16 2404.16 0.0 105737.3486
2418.31 2418.31 0.0 105695.5215
2432.45 2432.45 0.0 105654.4741
2446.59 2446.59 0.0 105614.1597
2460.73 2460.73 0.0 105574.5566
2474.87 2474.87 0.0 105535.6567
2489.02 2489.02 0.0 105497.4106
2503.16 2503.16 0.0 105459.8643
2517.3 2517.3 0.0 105422.9678
2531.44 2531.44 0.0 105386.7190
2545.58 2545.58 0.0 105351.0930
2559.73 2559.73 0.0 105316.0540
2573.87 2573.87 0.0 105281.6360
2588.01 2588.01 0.0 105247.8088
2602.15 2602.15 0.0 105214.5613
2616.3 2616.3 0.0 105181.8479
2630.44 2630.44 0.0 105149.7065
2644.58 2644.58 0.0 105118.1045
2658.72 2658.72 0.0 105087.0320
2672.86 2672.86 0.0 105056.4724
2687.01 2687.01 0.0 105026.4001
2701.15 2701.15 0.0 104996.8394
2715.29 2715.29 0.0 104967.7673
2729.43 2729.43 0.0 104939.1709
2743.57 2743.57 0.0 104911.0376
2757.72 2757.72 0.0 104883.3396
2771.86 2771.86 0.0 104856.1072
2786.0 2786.0 0.0 104829.3167
2800.14 2800.14 0.0 104802.9507
2814.28 2814.28 0.0 104777.0027
2828.43 2828.43 0.0 104751.4519
2842.57 2842.57 0.0 104726.3203
2856.71 2856.71 0.0 104701.5825
2870.85 2870.85 0.0 104677.2358
2885.0 2885.0 0.0 104653.2524
2899.14 2899.14 0.0 104629.6575
2913.28 2913.28 0.0 104606.4248
2927.42 2927.42 0.0 104583.5537
2941.56 2941.56 0.0 104561.0300
2955.71 2955.71 0.0 104538.8372
2969.85 2969.85 0.0 104516.9956
2983.99 2983.99 0.0 104495.4851
2998.13 2998.13 0.0 104474.3022
3012.27 3012.27 0.0 104453.4360
3026.42 3026.42 0.0 104432.8662
3040.56 3040.56 0.0 104412.6245
3054.7 3054.7 0.0 104392.6775
3068.84 3068.84 0.0 104373.0278
3082.99 3082.99 0.0 104353.6536
3097.13 3097.13 0.0 104334.5786
3111.27 3111.27 0.0 104315.7803
3125.41 3125.41 0.0 104297.2549
3139.55 3139.55 0.0 104279.0042
3153.7 3153.7 0.0 104261.0010
3167.84 3167.84 0.0 104243.2690
3181.98 3181.98 0.0 104225.7939
3196.12 3196.12 0.0 104208.5691
3210.26 3210.26 0.0 104191.5872
3224.41 3224.41 0.0 104174.8364
3238.55 3238.55 0.0 104158.3333
3252.69 3252.69 0.0 104142.0613
3266.83 3266.83 0.0 104126.0183
3280.98 3280.98 0.0 104110.1914
3295.12 3295.12 0.0 104094.5923
3309.26 3309.26 0.0 104079.2114
3323.4 3323.4 0.0 104064.0410
3337.54 3337.54 0.0 104049.0840
3351.69 3351.69 0.0 104034.3181
3365.83 3365.83 0.0 104019.7671
3379.97 3379.97 0.0 104005.4138
3394.11 3394.11 0.0 103991.2527
3408.25 3408.25 0.0 103977.2847
3422.4 3422.4 0.0 103963.4956
3436.54 3436.54 0.0 103949.9031
3450.68 3450.68 0.0 103936.4897
3464.82 3464.82 0.0 103923.2549
3478.97 3478.97 0.0 103910.1895
3493.11 3493.11 0.0 103897.3035
3507.25 3507.25 0.0 103884.5901
3521.39 3521.39 0.0 103872.0415
3535.53 3535.53 0.0 103859.6567
3549.68 3549.68 0.0 103847.4270
3563.82 3563.82 0.0 103835.3662
3577.96 3577.96 0.0 103823.4597
3592.1 3592.1 0.0 103811.7078
3606.24 3606.24 0.0 103800.1050
3620.39 3620.39 0.0 103788.6458
3634.53 3634.53 0.0 103777.3401
3648.67 3648.67 0.0 103766.1790
3662.81 3662.81 0.0 103755.1589
3676.96 3676.96 0.0 103744.2703
3691.1 3691.1 0.0 103733.5269
3705.24 3705.24 0.0 103722.9192
3719.38 3719.38 0.0 103712.4443
3733.52 3733.52 0.0 103702.1013
3747.67 3747.67 0.0 103691.8796
3761.81 3761.81 0.0 103681.7908
3775.95 3775.95 0.0 103671.8250
3790.09 3790.09 0.0 103661.9849
3804.23 3804.23 0.0 103652.2646
3818.38 3818.38 0.0 103642.6567
3832.52 3832.52 0.0 103633.1709
3846.66 3846.66 0.0 103623.8025
3860.8 3860.8 0.0 103614.5505
3874.95 3874.95 0.0 103605.3977
3889.09 3889.09 0.0 103596.3662
3903.23 3903.23 0.0 103587.4412
3917.37 3917.37 0.0 103578.6252
3931.51 3931.51 0.0 103569.9121
3945.66 3945.66 0.0 103561.2976
3959.8 3959.8 0.0 103552.7883
3973.94 3973.94 0.0 103544.3843
3988.08 3988.08 0.0 103536.0774
4002.22 4002.22 0.0 103527.8652
4016.37 4016.37 0.0 103519.7485
4030.51 4030.51 0.0 103511.7285
4044.65 4044.65 0.0 103503.8018
4058.79 4058.79 0.0 103495.9678
4072.94 4072.94 0.0 103488.2202
4087.08 4087.08 0.0 103480.5657
4101.22 4101.22 0.0 103472.9993
4115.36 4115.36 0.0 103465.5190
4129.5 4129.5 0.0 103458.1245
4143.65 4143.65 0.0 103450.8083
4157.79 4157.79 0.0 103443.5823
4171.93 4171.93 0.0 103436.4353
4186.07 4186.07 0.0 103429.3708
4200.21 4200.21 0.0 103422.3850
4214.36 4214.36 0.0 103415.4739
4228.5 4228.5 0.0 103408.6428
4242.64 4242.64 0.0 103401.8887
4256.78 4256.78 0.0 103395.2090
4270.92 4270.92 0.0 103388.6055
4285.07 4285.07 0.0 103382.0662
4299.21 4299.21 0.0 103375.6055
4313.35 4313.35 0.0 103369.2151
4327.49 4327.49 0.0 103362.8964
4341.64 4341.64 0.0 103356.6399
4355.78 4355.78 0.0 103350.4564
4369.92 4369.92 0.0 103344.3408
4384.06 4384.06 0.0 103338.2910
4398.2 4398.2 0.0 103332.3065
4412.35 4412.35 0.0 103326.3801
4426.49 4426.49 0.0 103320.5247
4440.63 4440.63 0.0 103314.7297
4454.77 4454.77 0.0 103308.9960
4468.91 4468.91 0.0 103303.3213
4483.06 4483.06 0.0 103297.7068
4497.2 4497.2 0.0 103292.1523
4511.34 4511.34 0.0 103286.6584
4525.48 4525.48 0.0 103281.2207
4539.63 4539.63 0.0 103275.8353
4553.77 4553.77 0.0 103270.5093
4567.91 4567.91 0.0 103265.2411
4582.05 4582.05 0.0 103260.0259
4596.19 4596.19 0.0 103254.8652
4610.34 4610.34 0.0 103249.7521
4624.48 4624.48 0.0 103244.6957
4638.62 4638.62 0.0 103239.6952
4652.76 4652.76 0.0 103234.7415
4666.9 4666.9 0.0 103229.8386
4681.05 4681.05 0.0 103224.9819
4695.19 4695.19 0.0 103220.1791
4709.33 4709.33 0.0 103215.4235
4723.47 4723.47 0.0 103210.7157
4737.62 4737.62 0.0 103206.0502
4751.76 4751.76 0.0 103201.4364
4765.9 4765.9 0.0 103196.8713
4780.04 4780.04 0.0 103192.3485
4794.18 4794.18 0.0 103187.8687
4808.33 4808.33 0.0 103183.4331
4822.47 4822.47 0.0 103179.0435
4836.61 4836.61 0.0 103174.6958
4850.75 4850.75 0.0 103170.3893
4864.89 4864.89 0.0 103166.1277
4879.04 4879.04 0.0 103161.9012
4893.18 4893.18 0.0 103157.7222
4907.32 4907.32 0.0 103153.5823
4921.46 4921.46 0.0 103149.4821
4935.61 4935.61 0.0 103145.4187
4949.75 4949.75 0.0 103141.3992
4963.89 4963.89 0.0 103137.4143
4978.03 4978.03 0.0 103133.4675
4992.17 4992.17 0.0 103129.5619
5006.32 5006.32 0.0 103125.6863
5020.46 5020.46 0.0 103121.8514
5034.6 5034.6 0.0 103118.0529
5048.74 5048.74 0.0 103114.2897
5062.88 5062.88 0.0 103110.5634
5077.03 5077.03 0.0 103106.8660
5091.17 5091.17 0.0 103103.2075
5105.31 5105.31 0.0 103099.5837
5119.45 5119.45 0.0 103095.9908
5133.6 5133.6 0.0 103092.4297
5147.74 5147.74 0.0 103088.9059
5161.88 5161.88 0.0 103085.4127
5176.02 5176.02 0.0 103081.9497
5190.16 5190.16 0.0 103078.5204
5204.31 5204.31 0.0 103075.1184
5218.45 5218.45 0.0 103071.7507
5232.59 5232.59 0.0 103068.4119
5246.73 5246.73 0.0 103065.1034
5260.87 5260.87 0.0 103061.8269
5275.02 5275.02 0.0 103058.5739
5289.16 5289.16 0.0 103055.3534
5303.3 5303.3 0.0 103052.1642
5317.44 5317.44 0.0 103049.0006
5331.59 5331.59 0.0 103045.8619
5345.73 5345.73 0.0 103042.7542
5359.87 5359.87 0.0 103039.6741
5374.01 5374.01 0.0 103036.6198
5388.15 5388.15 0.0 103033.5931
5402.3 5402.3 0.0 103030.5912
5416.44 5416.44 0.0 103027.6163
5430.58 5430.58 0.0 103024.6671
5444.72 5444.72 0.0 103021.7448
5458.86 5458.86 0.0 103018.8457
5473.01 5473.01 0.0 103015.9697
5487.15 5487.15 0.0 103013.1210
5501.29 5501.29 0.0 103010.2947
5515.43 5515.43 0.0 103007.4956
5529.58 5529.58 0.0 103004.7163
5543.72 5543.72 0.0 103001.9624
5557.86 5557.86 0.0 102999.2336
5572.0 5572.0 0.0 102996.5247
5586.14 5586.14 0.0 102993.8390
5600.29 5600.29 0.0 102991.1744
5614.43 5614.43 0.0 102988.5347
5628.57 5628.57 0.0 102985.9148
5642.71 5642.71 0.0 102983.3190
5656.85 5656.85 0.0 102980.7445
5671.0 5671.0 0.0 102978.1857
5685.14 5685.14 0.0 102975.6530
5699.28 5699.28 0.0 102973.1390
5713.42 5713.42 0.0 102970.6478
5727.56 5727.56 0.0 102968.1759
5741.71 5741.71 0.0 102965.7219
5755.85 5755.85 0.0 102963.2909
5769.99 5769.99 0.0 102960.8761
5784.13 5784.13 0.0 102958.4821
5798.28 5798.28 0.0 102956.1061
5812.42 5812.42 0.0 102953.7509
5826.56 5826.56 0.0 102951.4150
5840.7 5840.7 0.0 102949.0944
5854.84 5854.84 0.0 102946.7954
5868.99 5868.99 0.0 102944.5122
5883.13 5883.13 0.0 102942.2474
5897.27 5897.27 0.0 102940.0000
5911.41 5911.41 0.0 102937.7723
5925.55 5925.55 0.0 102935.5615
5939.7 5939.7 0.0 102933.3654
5953.84 5953.84 0.0 102931.1898
5967.98 5967.98 0.0 102929.0278
5982.12 5982.12 0.0 102926.8854
5996.27 5996.27 0.0 102924.7543
6010.41 6010.41 0.0 102922.6444
6024.55 6024.55 0.0 102920.5496
6038.69 6038.69 0.0 102918.4702
6052.83 6052.83 0.0 102916.4080
6066.98 6066.98 0.0 102914.3597
6081.12 6081.12 0.0 102912.3270
6095.26 6095.26 0.0 102910.3104
6109.4 6109.4 0.0 102908.3101
6123.54 6123.54 0.0 102906.3219
6137.69 6137.69 0.0 102904.3478
6151.83 6151.83 0.0 102902.3917
6165.97 6165.97 0.0 102900.4479
6180.11 6180.11 0.0 102898.5199
6194.26 6194.26 0.0 102896.6047
6208.4 6208.4 0.0 102894.7040
6222.54 6222.54 0.0 102892.8212
6236.68 6236.68 0.0 102890.9471
6250.82 6250.82 0.0 102889.0881
6264.97 6264.97 0.0 102887.2427
6279.11 6279.11 0.0 102885.4127
6293.25 6293.25 0.0 102883.5929
6307.39 6307.39 0.0 102881.7886
6321.53 6321.53 0.0 102879.9961
6335.68 6335.68 0.0 102878.2159
6349.82 6349.82 0.0 102876.4491
6363.96 6363.96 0.0 102874.6973
6378.1 6378.1 0.0 102872.9541
6392.25 6392.25 0.0 102871.2263
6406.39 6406.39 0.0 102869.5093
6420.53 6420.53 0.0 102867.8051
6434.67 6434.67 0.0 102866.1123
6448.81 6448.81 0.0 102864.4310
6462.96 6462.96 0.0 102862.7610
6477.1 6477.1 0.0 102861.1060
6491.24 6491.24 0.0 102859.4601
6505.38 6505.38 0.0 102857.8262
6519.52 6519.52 0.0 102856.2050
6533.67 6533.67 0.0 102854.5927
6547.81 6547.81 0.0 102852.9916
6561.95 6561.95 0.0 102851.4031
6576.09 6576.09 0.0 102849.8257
6590.24 6590.24 0.0 102848.2600
6604.38 6604.38 0.0 102846.7026
6618.52 6618.52 0.0 102845.1576
6632.66 6632.66 0.0 102843.6243
6646.8 6646.8 0.0 102842.0997
6660.95 6660.95 0.0 102840.5839
6675.09 6675.09 0.0 102839.0811
6689.23 6689.23 0.0 102837.5878
6703.37 6703.37 0.0 102836.1053
6717.51 6717.51 0.0 102834.6328
6731.66 6731.66 0.0 102833.1685
6745.8 6745.8 0.0 102831.7146
6759.94 6759.94 0.0 102830.2708
6774.08 6774.08 0.0 102828.8378
6788.23 6788.23 0.0 102827.4132
6802.37 6802.37 0.0 102825.9979
6816.51 6816.51 0.0 102824.5933
6830.65 6830.65 0.0 102823.1985
6844.79 6844.79 0.0 102821.8105
6858.94 6858.94 0.0 102820.4340
6873.08 6873.08 0.0 102819.0645
6887.22 6887.22 0.0 102817.7061
6901.36 6901.36 0.0 102816.3553
6915.5 6915.5 0.0 102815.0143
6929.65 6929.65 0.0 102813.6830
6943.79 6943.79 0.0 102812.3571
6957.93 6957.93 0.0 102811.0452
6972.07 6972.07 0.0 102809.7385
6986.21 6986.21 0.0 102808.4403
7000.36 7000.36 0.0 102807.1501
7014.5 7014.5 0.0 102805.8698
7028.64 7028.64 0.0 102804.5966
7042.78 7042.78 0.0 102803.3330
7056.93 7056.93 0.0 102802.0769
7071.07 7071.07 0.0 102800.8303
7085.21 7085.21 0.0 102799.5903
7099.35 7099.35 0.0 102798.3585
7113.49 7113.49 0.0 102797.1353
7127.64 7127.64 0.0 102795.9188
7141.78 7141.78 0.0 102794.7109
7155.92 7155.92 0.0 102793.5112
7170.06 7170.06 0.0 102792.3193
7184.2 7184.2 0.0 102791.1361
7198.35 7198.35 0.0 102789.9581
7212.49 7212.49 0.0 102788.7887
7226.63 7226.63 0.0 102787.6257
7240.77 7240.77 0.0 102786.4722
7254.92 7254.92 0.0 102785.3235
7269.06 7269.06 0.0 102784.1842
7283.2 7283.2 0.0 102783.0520
7297.34 7297.34 0.0 102781.9276
7311.48 7311.48 0.0 102780.8118
7325.63 7325.63 0.0 102779.6981
7339.77 7339.77 0.0 102778.5938
7353.91 7353.91 0.0 102777.5005
7368.05 7368.05 0.0 102776.4081
7382.19 7382.19 0.0 102775.3253
7396.34 7396.34 0.0 102774.2491
7410.48 7410.48 0.0 102773.1791
7424.62 7424.62 0.0 102772.1176
7438.76 7438.76 0.0 102771.0630
7452.91 7452.91 0.0 102770.0126
7467.05 7467.05 0.0 102768.9711
7481.19 7481.19 0.0 102767.9359
7495.33 7495.33 0.0 102766.9065
7509.47 7509.47 0.0 102765.8831
7523.62 7523.62 0.0 102764.8660
7537.76 7537.76 0.0 102763.8557
7551.9 7551.9 0.0 102762.8530
7566.04 7566.04 0.0 102761.8564
7580.18 7580.18 0.0 102760.8649
7594.33 7594.33 0.0 102759.8800
7608.47 7608.47 0.0 102758.9011
7622.61 7622.61 0.0 102757.9292
7636.75 7636.75 0.0 102756.9634
7650.9 7650.9 0.0 102756.0017
7665.04 7665.04 0.0 102755.0486
7679.18 7679.18 0.0 102754.1012
7693.32 7693.32 0.0 102753.1576
7707.46 7707.46 0.0 102752.2216
7721.61 7721.61 0.0 102751.2916
7735.75 7735.75 0.0 102750.3682
7749.89 7749.89 0.0 102749.4490
7764.03 7764.03 0.0 102748.5356
7778.17 7778.17 0.0 102747.6276
