0.0 0.0 0.0 261078.2656
14.1421 14.1421 0.0 1328888.3750
28.2843 28.2843 0.0 1533181.8750
42.4264 42.4264 0.0 1645118.6250
56.5685 56.5685 0.0 1715792.1250
70.7107 70.7107 0.0 1762977.3750
84.8528 84.8528 0.0 1795017.6250
98.9949 98.9949 0.0 1816513.0000
113.137 113.137 0.0 1830272.3750
127.279 127.279 0.0 1838138.3750
141.421 141.421 0.0 1841381.1250
155.563 155.563 0.0 1840917.6250
169.706 169.706 0.0 1837430.6250
183.848 183.848 0.0 1831443.5000
197.99 197.99 0.0 1823363.5000
212.132 212.132 0.0 1813519.5000
226.274 226.274 0.0 1802175.3750
240.416 240.416 0.0 1789549.8750
254.558 254.558 0.0 1775827.1250
268.701 268.701 0.0 1761155.5000
282.843 282.843 0.0 1745671.0000
296.985 296.985 0.0 1729484.7500
311.127 311.127 0.0 1712694.7500
325.269 325.269 0.0 1695383.2500
339.411 339.411 0.0 1677627.7500
353.553 353.553 0.0 1659493.3750
367.696 367.696 0.0 1641038.0000
381.838 381.838 0.0 1622315.5000
395.98 395.98 0.0 1603371.6250
410.122 410.122 0.0 1584250.1250
424.264 424.264 0.0 1564986.3750
438.406 438.406 0.0 1545616.8750
452.548 452.548 0.0 1526171.8750
466.69 466.69 0.0 1506678.1250
480.833 480.833 0.0 1487164.0000
494.975 494.975 0.0 1467654.5000
509.117 509.117 0.0 1448168.7500
523.259 523.259 0.0 1428727.1250
537.401 537.401 0.0 1409347.3750
551.543 551.543 0.0 1390046.7500
565.685 565.685 0.0 1370840.2500
579.828 579.828 0.0 1351740.2500
593.97 593.97 0.0 1332762.7500
608.112 608.112 0.0 1313918.5000
622.254 622.254 0.0 1295217.5000
636.396 636.396 0.0 1276669.0000
650.538 650.538 0.0 1258282.8750
664.68 664.68 0.0 1240067.3750
678.823 678.823 0.0 1222029.1250
692.965 692.965 0.0 1204176.1250
707.107 707.107 0.0 1186513.8750
721.249 721.249 0.0 1169048.2500
735.391 735.391 0.0 1151784.1250
749.533 749.533 0.0 1134725.1875
763.675 763.675 0.0 1117876.2500
777.817 777.817 0.0 1101240.0000
791.96 791.96 0.0 1084819.1250
806.102 806.102 0.0 1068617.3125
820.244 820.244 0.0 1052636.1875
834.386 834.386 0.0 1036878.2500
848.528 848.528 0.0 1021344.1250
862.67 862.67 0.0 1006034.8750
876.812 876.812 0.0 990951.9375
890.955 890.955 0.0 976093.8750
905.097 905.097 0.0 961464.1875
919.239 919.239 0.0 947060.8125
933.381 933.381 0.0 932884.0625
947.523 947.523 0.0 918933.3750
961.665 961.665 0.0 905207.6875
975.807 975.807 0.0 891706.4375
989.949 989.949 0.0 878428.5000
1004.09 1004.09 0.0 865374.0000
1018.23 1018.23 0.0 852540.5625
1032.38 1032.38 0.0 839917.3750
1046.52 1046.52 0.0 827520.8125
1060.66 1060.66 0.0 815339.2500
1074.8 1074.8 0.0 803371.5625
1088.94 1088.94 0.0 791615.4375
1103.09 1103.09 0.0 780060.4375
1117.23 1117.23 0.0 768720.6875
1131.37 1131.37 0.0 757585.9375
1145.51 1145.51 0.0 746653.4375
1159.66 1159.66 0.0 735913.4375
1173.8 1173.8 0.0 725378.1250
1187.94 1187.94 0.0 715037.6875
1202.08 1202.08 0.0 704889.5625
1216.22 1216.22 0.0 694930.5625
1230.37 1230.37 0.0 685151.6250
1244.51 1244.51 0.0 675563.5625
1258.65 1258.65 0.0 666156.6250
1272.79 1272.79 0.0 656928.3750
1286.93 1286.93 0.0 647875.5625
1301.08 1301.08 0.0 638989.4375
1315.22 1315.22 0.0 630279.3750
1329.36 1329.36 0.0 621736.5625
1343.5 1343.5 0.0 613358.2188
1357.65 1357.65 0.0 605135.6562
1371.79 1371.79 0.0 597077.8125
1385.93 1385.93 0.0 589175.5000
1400.07 1400.07 0.0 581426.7188
1414.21 1414.21 0.0 573828.0938
1428.36 1428.36 0.0 566371.9375
1442.5 1442.5 0.0 559065.8438
1456.64 1456.64 0.0 551902.3125
1470.78 1470.78 0.0 544877.7188
1484.92 1484.92 0.0 537990.4688
1499.07 1499.07 0.0 531232.4062
1513.21 1513.21 0.0 524610.9375
1527.35 1527.35 0.0 518118.5312
1541.49 1541.49 0.0 511752.6250
1555.63 1555.63 0.0 505510.6250
1569.78 1569.78 0.0 499385.9375
1583.92 1583.92 0.0 493384.7812
1598.06 1598.06 0.0 487500.2500
1612.2 1612.2 0.0 481730.2188
1626.35 1626.35 0.0 476068.0000
1640.49 1640.49 0.0 470519.6875
1654.63 1654.63 0.0 465078.8438
1668.77 1668.77 0.0 459743.1562
1682.91 1682.91 0.0 454510.5938
1697.06 1697.06 0.0 449375.3125
1711.2 1711.2 0.0 444342.5312
1725.34 1725.34 0.0 439406.4375
1739.48 1739.48 0.0 434565.2188
1753.62 1753.62 0.0 429816.5938
1767.77 1767.77 0.0 425155.5312
1781.91 1781.91 0.0 420586.5625
1796.05 1796.05 0.0 416104.6250
1810.19 1810.19 0.0 411707.7812
1824.34 1824.34 0.0 407391.2500
1838.48 1838.48 0.0 403159.2812
1852.62 1852.62 0.0 399007.2188
1866.76 1866.76 0.0 394933.1250
1880.9 1880.9 0.0 390935.5312
1895.05 1895.05 0.0 387009.9375
1909.19 1909.19 0.0 383160.3438
1923.33 1923.33 0.0 379382.4688
1937.47 1937.47 0.0 375674.5938
1951.61 1951.61 0.0 372035.3125
1965.76 1965.76 0.0 368460.6875
1979.9 1979.9 0.0 364954.2812
1994.04 1994.04 0.0 361512.2031
2008.18 2008.18 0.0 358133.0156
2022.33 2022.33 0.0 354813.0625
2036.47 2036.47 0.0 351555.7656
2050.61 2050.61 0.0 348357.3281
2064.75 2064.75 0.0 345216.7500
2078.89 2078.89 0.0 342132.5469
2093.04 2093.04 0.0 339101.5469
2107.18 2107.18 0.0 336126.7812
2121.32 2121.32 0.0 333204.9219
2135.46 2135.46 0.0 330335.0000
2149.6 2149.6 0.0 327515.7812
2163.75 2163.75 0.0 324744.1719
2177.89 2177.89 0.0 322023.2188
2192.03 2192.03 0.0 319349.8906
2206.17 2206.17 0.0 316723.1094
2220.32 2220.32 0.0 314140.1250
2234.46 2234.46 0.0 311603.5781
2248.6 2248.6 0.0 309110.8438
2262.74 2262.74 0.0 306660.8750
2276.88 2276.88 0.0 304252.7969
2291.03 2291.03 0.0 301884.1406
2305.17 2305.17 0.0 299557.3750
2319.31 2319.31 0.0 297269.9219
2333.45 2333.45 0.0 295020.9688
2347.59 2347.59 0.0 292809.8125
2361.74 2361.74 0.0 290634.0938
2375.88 2375.88 0.0 288496.1250
2390.02 2390.02 0.0 286393.6562
2404.16 2404.16 0.0 284325.9531
2418.31 2418.31 0.0 282290.8438
2432.45 2432.45 0.0 280290.5312
2446.59 2446.59 0.0 278322.9375
2460.73 2460.73 0.0 276387.3125
2474.87 2474.87 0.0 274483.1094
2489.02 2489.02 0.0 272608.3125
2503.16 2503.16 0.0 270764.9375
2517.3 2517.3 0.0 268951.1562
2531.44 2531.44 0.0 267166.2812
2545.58 2545.58 0.0 265409.8594
2559.73 2559.73 0.0 263679.9375
2573.87 2573.87 0.0 261978.5000
2588.01 2588.01 0.0 260303.8125
2602.15 2602.15 0.0 258655.3281
2616.3 2616.3 0.0 257031.4531
2630.44 2630.44 0.0 255433.8906
2644.58 2644.58 0.0 253860.9688
2658.72 2658.72 0.0 252312.2969
2672.86 2672.86 0.0 250787.4375
2687.01 2687.01 0.0 249284.7656
2701.15 2701.15 0.0 247806.0625
2715.29 2715.29 0.0 246349.7344
2729.43 2729.43 0.0 244915.4375
2743.57 2743.57 0.0 243502.6875
2757.72 2757.72 0.0 242110.1406
2771.86 2771.86 0.0 240739.3281
2786.0 2786.0 0.0 239388.9062
2800.14 2800.14 0.0 238058.5000
2814.28 2814.28 0.0 236747.7656
2828.43 2828.43 0.0 235455.3594
2842.57 2842.57 0.0 234182.7344
2856.71 2856.71 0.0 232928.7031
2870.85 2870.85 0.0 231692.9062
2885.0 2885.0 0.0 230474.1094
2899.14 2899.14 0.0 229273.7188
2913.28 2913.28 0.0 228090.6250
2927.42 2927.42 0.0 226924.4297
2941.56 2941.56 0.0 225774.8516
2955.71 2955.71 0.0 224640.7812
2969.85 2969.85 0.0 223523.5234
2983.99 2983.99 0.0 222422.1094
2998.13 2998.13 0.0 221336.0938
3012.27 3012.27 0.0 220265.2344
3026.42 3026.42 0.0 219208.6328
3040.56 3040.56 0.0 218167.4062
3054.7 3054.7 0.0 217140.5469
3068.84 3068.84 0.0 216127.9141
3082.99 3082.99 0.0 215128.4531
3097.13 3097.13 0.0 214143.2891
3111.27 3111.27 0.0 213171.6328
3125.41 3125.41 0.0 212213.1484
3139.55 3139.55 0.0 211267.6641
3153.7 3153.7 0.0 210334.2266
3167.84 3167.84 0.0 209414.0000
3181.98 3181.98 0.0 208506.0938
3196.12 3196.12 0.0 207610.2578
3210.26 3210.26 0.0 206726.3594
3224.41 3224.41 0.0 205853.5625
3238.55 3238.55 0.0 204992.8984
3252.69 3252.69 0.0 204143.5547
3266.83 3266.83 0.0 203305.3047
3280.98 3280.98 0.0 202477.4688
3295.12 3295.12 0.0 201660.9609
3309.26 3309.26 0.0 200855.0156
3323.4 3323.4 0.0 200059.5000
3337.54 3337.54 0.0 199274.2188
3351.69 3351.69 0.0 198498.5156
3365.83 3365.83 0.0 197733.2500
3379.97 3379.97 0.0 196977.7422
3394.11 3394.11 0.0 196231.8047
3408.25 3408.25 0.0 195495.3281
3422.4 3422.4 0.0 194767.6484
3436.54 3436.54 0.0 194049.6250
3450.68 3450.68 0.0 193340.5625
3464.82 3464.82 0.0 192640.4062
3478.97 3478.97 0.0 191948.4688
3493.11 3493.11 0.0 191265.5625
3507.25 3507.25 0.0 190591.1641
3521.39 3521.39 0.0 189925.0469
3535.53 3535.53 0.0 189267.1250
3549.68 3549.68 0.0 188616.8047
3563.82 3563.82 0.0 187974.8750
3577.96 3577.96 0.0 187340.7656
3592.1 3592.1 0.0 186714.3047
3606.24 3606.24 0.0 186095.4844
3620.39 3620.39 0.0 185483.6328
3634.53 3634.53 0.0 184879.6250
3648.67 3648.67 0.0 184282.8203
3662.81 3662.81 0.0 183693.1250
3676.96 3676.96 0.0 183110.0469
3691.1 3691.1 0.0 182534.3281
3705.24 3705.24 0.0 181965.3672
3719.38 3719.38 0.0 181403.1641
3733.52 3733.52 0.0 180847.5625
3747.67 3747.67 0.0 180298.0625
3761.81 3761.81 0.0 179755.3672
3775.95 3775.95 0.0 179219.0234
3790.09 3790.09 0.0 178688.8828
3804.23 3804.23 0.0 178164.8750
3818.38 3818.38 0.0 177646.5547
3832.52 3832.52 0.0 177134.5859
3846.66 3846.66 0.0 176628.4844
3860.8 3860.8 0.0 176128.1641
3874.95 3874.95 0.0 175633.2031
3889.09 3889.09 0.0 175144.2109
3903.23 3903.23 0.0 174660.7578
3917.37 3917.37 0.0 174182.7891
3931.51 3931.51 0.0 173710.1953
3945.66 3945.66 0.0 173242.5781
3959.8 3959.8 0.0 172780.5391
3973.94 3973.94 0.0 172323.6719
3988.08 3988.08 0.0 171871.8984
4002.22 4002.22 0.0 171425.1094
4016.37 4016.37 0.0 170982.9688
4030.51 4030.51 0.0 170546.0469
4044.65 4044.65 0.0 170113.9297
4058.79 4058.79 0.0 169686.5469
4072.94 4072.94 0.0 169263.5469
4087.08 4087.08 0.0 168845.4844
4101.22 4101.22 0.0 168431.9531
4115.36 4115.36 0.0 168022.9141
4129.5 4129.5 0.0 167618.3125
4143.65 4143.65 0.0 167217.7969
4157.79 4157.79 0.0 166821.8633
4171.93 4171.93 0.0 166430.2148
4186.07 4186.07 0.0 166042.7461
4200.21 4200.21 0.0 165659.3906
4214.36 4214.36 0.0 165279.8906
4228.5 4228.5 0.0 164904.6641
4242.64 4242.64 0.0 164533.4219
4256.78 4256.78 0.0 164166.0742
4270.92 4270.92 0.0 163802.6172
4285.07 4285.07 0.0 163442.7422
4299.21 4299.21 0.0 163086.8555
4313.35 4313.35 0.0 162734.6992
4327.49 4327.49 0.0 162386.2109
4341.64 4341.64 0.0 162041.1289
4355.78 4355.78 0.0 161699.8398
4369.92 4369.92 0.0 161362.0781
4384.06 4384.06 0.0 161027.8047
4398.2 4398.2 0.0 160696.9922
4412.35 4412.35 0.0 160369.2969
4426.49 4426.49 0.0 160045.2070
4440.63 4440.63 0.0 159724.4258
4454.77 4454.77 0.0 159406.8828
4468.91 4468.91 0.0 159092.6055
4483.06 4483.06 0.0 158781.2617
4497.2 4497.2 0.0 158473.2812
4511.34 4511.34 0.0 158168.4102
4525.48 4525.48 0.0 157866.5977
4539.63 4539.63 0.0 157567.5977
4553.77 4553.77 0.0 157271.7930
4567.91 4567.91 0.0 156978.9453
4582.05 4582.05 0.0 156688.9805
4596.19 4596.19 0.0 156401.9102
4610.34 4610.34 0.0 156117.4844
4624.48 4624.48 0.0 155836.0352
4638.62 4638.62 0.0 155557.3750
4652.76 4652.76 0.0 155281.4531
4666.9 4666.9 0.0 155008.2188
4681.05 4681.05 0.0 154737.4727
4695.19 4695.19 0.0 154469.5352
4709.33 4709.33 0.0 154204.2188
4723.47 4723.47 0.0 153941.4570
4737.62 4737.62 0.0 153681.0664
4751.76 4751.76 0.0 153423.3438
4765.9 4765.9 0.0 153168.1016
4780.04 4780.04 0.0 152915.3320
4794.18 4794.18 0.0 152664.9609
4808.33 4808.33 0.0 152416.8125
4822.47 4822.47 0.0 152171.1836
4836.61 4836.61 0.0 151927.9023
4850.75 4850.75 0.0 151686.9141
4864.89 4864.89 0.0 151448.2109
4879.04 4879.04 0.0 151211.5859
4893.18 4893.18 0.0 150977.3398
4907.32 4907.32 0.0 150745.3008
4921.46 4921.46 0.0 150515.4258
4935.61 4935.61 0.0 150287.5312
4949.75 4949.75 0.0 150061.9336
4963.89 4963.89 0.0 149838.4141
4978.03 4978.03 0.0 149616.9844
4992.17 4992.17 0.0 149397.5820
5006.32 5006.32 0.0 149180.0430
5020.46 5020.46 0.0 148964.6523
5034.6 5034.6 0.0 148751.2227
5048.74 5048.74 0.0 148539.7969
5062.88 5062.88 0.0 148330.2539
5077.03 5077.03 0.0 148122.4805
5091.17 5091.17 0.0 147916.7383
5105.31 5105.31 0.0 147712.8672
5119.45 5119.45 0.0 147510.8320
5133.6 5133.6 0.0 147310.4805
5147.74 5147.74 0.0 147112.0391
5161.88 5161.88 0.0 146915.4219
5176.02 5176.02 0.0 146720.5469
5190.16 5190.16 0.0 146527.3984
5204.31 5204.31 0.0 146335.8281
5218.45 5218.45 0.0 146146.1328
5232.59 5232.59 0.0 145958.0820
5246.73 5246.73 0.0 145771.6875
5260.87 5260.87 0.0 145586.9453
5275.02 5275.02 0.0 145403.6992
5289.16 5289.16 0.0 145222.1992
5303.3 5303.3 0.0 145042.2656
5317.44 5317.44 0.0 144863.9141
5331.59 5331.59 0.0 144686.9922
5345.73 5345.73 0.0 144511.7227
5359.87 5359.87 0.0 144337.9688
5374.01 5374.01 0.0 144165.7227
5388.15 5388.15 0.0 143994.9648
5402.3 5402.3 0.0 143825.5469
5416.44 5416.44 0.0 143657.7070
5430.58 5430.58 0.0 143491.2852
5444.72 5444.72 0.0 143326.3359
5458.86 5458.86 0.0 143162.7461
5473.01 5473.01 0.0 143000.4375
5487.15 5487.15 0.0 142839.6055
5501.29 5501.29 0.0 142680.1602
5515.43 5515.43 0.0 142522.0469
5529.58 5529.58 0.0 142365.1523
5543.72 5543.72 0.0 142209.6875
5557.86 5557.86 0.0 142055.5195
5572.0 5572.0 0.0 141902.6562
5586.14 5586.14 0.0 141751.0547
5600.29 5600.29 0.0 141600.6055
5614.43 5614.43 0.0 141451.5156
5628.57 5628.57 0.0 141303.6523
5642.71 5642.71 0.0 141157.0000
5656.85 5656.85 0.0 141011.5742
5671.0 5671.0 0.0 140867.2383
5685.14 5685.14 0.0 140724.1797
5699.28 5699.28 0.0 140582.3008
5713.42 5713.42 0.0 140441.5703
5727.56 5727.56 0.0 140301.9688
5741.71 5741.71 0.0 140163.4297
5755.85 5755.85 0.0 140026.0977
5769.99 5769.99 0.0 139889.8867
5784.13 5784.13 0.0 139754.7578
5798.28 5798.28 0.0 139620.6211
5812.42 5812.42 0.0 139487.6641
5826.56 5826.56 0.0 139355.7617
5840.7 5840.7 0.0 139224.9141
5854.84 5854.84 0.0 139095.1172
5868.99 5868.99 0.0 138966.2617
5883.13 5883.13 0.0 138838.5039
5897.27 5897.27 0.0 138711.7656
5911.41 5911.41 0.0 138586.0195
5925.55 5925.55 0.0 138461.2656
5939.7 5939.7 0.0 138337.4062
5953.84 5953.84 0.0 138214.6094
5967.98 5967.98 0.0 138092.7852
5982.12 5982.12 0.0 137971.8867
5996.27 5996.27 0.0 137851.8555
6010.41 6010.41 0.0 137732.8438
6024.55 6024.55 0.0 137614.7539
6038.69 6038.69 0.0 137497.5703
6052.83 6052.83 0.0 137381.2812
6066.98 6066.98 0.0 137265.8125
6081.12 6081.12 0.0 137151.3125
6095.26 6095.26 0.0 137037.6914
6109.4 6109.4 0.0 136924.9336
6123.54 6123.54 0.0 136813.0391
6137.69 6137.69 0.0 136701.9180
6151.83 6151.83 0.0 136591.7188
6165.97 6165.97 0.0 136482.3359
6180.11 6180.11 0.0 136373.8125
6194.26 6194.26 0.0 136266.0156
6208.4 6208.4 0.0 136159.1094
6222.54 6222.54 0.0 136052.9805
6236.68 6236.68 0.0 135947.6680
6250.82 6250.82 0.0 135843.1289
6264.97 6264.97 0.0 135739.3047
6279.11 6279.11 0.0 135636.3320
6293.25 6293.25 0.0 135534.1094
6307.39 6307.39 0.0 135432.6719
6321.53 6321.53 0.0 135331.9336
6335.68 6335.68 0.0 135231.9102
6349.82 6349.82 0.0 135132.6797
6363.96 6363.96 0.0 135034.1992
6378.1 6378.1 0.0 134936.3867
6392.25 6392.25 0.0 134839.2500
6406.39 6406.39 0.0 134742.8906
6420.53 6420.53 0.0 134647.2422
6434.67 6434.67 0.0 134552.2812
6448.81 6448.81 0.0 134457.9922
6462.96 6462.96 0.0 134364.3359
6477.1 6477.1 0.0 134271.4219
6491.24 6491.24 0.0 134179.1641
6505.38 6505.38 0.0 134087.5840
6519.52 6519.52 0.0 133996.6387
6533.67 6533.67 0.0 133906.2891
6547.81 6547.81 0.0 133816.6758
6561.95 6561.95 0.0 133727.6562
6576.09 6576.09 0.0 133639.3086
6590.24 6590.24 0.0 133551.4922
6604.38 6604.38 0.0 133464.3867
6618.52 6618.52 0.0 133377.8848
6632.66 6632.66 0.0 133291.9922
6646.8 6646.8 0.0 133206.7227
6660.95 6660.95 0.0 133121.9512
6675.09 6675.09 0.0 133037.8672
6689.23 6689.23 0.0 132954.3535
6703.37 6703.37 0.0 132871.4297
6717.51 6717.51 0.0 132789.0859
6731.66 6731.66 0.0 132707.2480
6745.8 6745.8 0.0 132626.0547
6759.94 6759.94 0.0 132545.4023
6774.08 6774.08 0.0 132465.3164
6788.23 6788.23 0.0 132385.7422
6802.37 6802.37 0.0 132306.7520
6816.51 6816.51 0.0 132228.2969
6830.65 6830.65 0.0 132150.4062
6844.79 6844.79 0.0 132073.0352
6858.94 6858.94 0.0 131996.1426
6873.08 6873.08 0.0 131919.8145
6887.22 6887.22 0.0 131844.0215
6901.36 6901.36 0.0 131768.7520
6915.5 6915.5 0.0 131693.9785
6929.65 6929.65 0.0 131619.6621
6943.79 6943.79 0.0 131545.8887
6957.93 6957.93 0.0 131472.6250
6972.07 6972.07 0.0 131399.8535
6986.21 6986.21 0.0 131327.5781
7000.36 7000.36 0.0 131255.7285
7014.5 7014.5 0.0 131184.4121
7028.64 7028.64 0.0 131113.5859
7042.78 7042.78 0.0 131043.2188
7056.93 7056.93 0.0 130973.2656
7071.07 7071.07 0.0 130903.8340
7085.21 7085.21 0.0 130834.8711
7099.35 7099.35 0.0 130766.3613
7113.49 7113.49 0.0 130698.2910
7127.64 7127.64 0.0 130630.6465
7141.78 7141.78 0.0 130563.4785
7155.92 7155.92 0.0 130496.7617
7170.06 7170.06 0.0 130430.4824
7184.2 7184.2 0.0 130364.6406
7198.35 7198.35 0.0 130299.2031
7212.49 7212.49 0.0 130234.2148
7226.63 7226.63 0.0 130169.6562
7240.77 7240.77 0.0 130105.5312
7254.92 7254.92 0.0 130041.7715
7269.06 7269.06 0.0 129978.4629
7283.2 7283.2 0.0 129915.5840
7297.34 7297.34 0.0 129853.0859
7311.48 7311.48 0.0 129791.0195
7325.63 7325.63 0.0 129729.3008
7339.77 7339.77 0.0 129668.0332
7353.91 7353.91 0.0 129607.1602
7368.05 7368.05 0.0 129546.6699
7382.19 7382.19 0.0 129486.5703
7396.34 7396.34 0.0 129426.8301
7410.48 7410.48 0.0 129367.5020
7424.62 7424.62 0.0 129308.5645
7438.76 7438.76 0.0 129250.0039
7452.91 7452.91 0.0 129191.7734
7467.05 7467.05 0.0 129133.9492
7481.19 7481.19 0.0 129076.5000
7495.33 7495.33 0.0 129019.4238
7509.47 7509.47 0.0 128962.7148
7523.62 7523.62 0.0 128906.3164
7537.76 7537.76 0.0 128850.3184
7551.9 7551.9 0.0 128794.6738
7566.04 7566.04 0.0 128739.3828
7580.18 7580.18 0.0 128684.4551
7594.33 7594.33 0.0 128629.8223
7608.47 7608.47 0.0 128575.5918
7622.61 7622.61 0.0 128521.6914
7636.75 7636.75 0.0 128468.1250
7650.9 7650.9 0.0 128414.8730
7665.04 7665.04 0.0 128361.9727
7679.18 7679.18 0.0 128309.4277
7693.32 7693.32 0.0 128257.2051
7707.46 7707.46 0.0 128205.3105
7721.61 7721.61 0.0 128153.7051
7735.75 7735.75 0.0 128102.4727
7749.89 7749.89 0.0 128051.5469
7764.03 7764.03 0.0 128000.9512
7778.17 7778.17 0.0 127950.6582
