0.0 0.0 0.0 273622.0312
14.1421 14.1421 0.0 3524818.5000
28.2843 28.2843 0.0 2912289.0000
42.4264 42.4264 0.0 2283399.0000
56.5685 56.5685 0.0 1743468.7500
70.7107 70.7107 0.0 1318733.2500
84.8528 84.8528 0.0 1002857.3750
98.9949 98.9949 0.0 775763.1875
113.137 113.137 0.0 614851.2500
127.279 127.279 0.0 500751.8750
141.421 141.421 0.0 418955.1562
155.563 155.563 0.0 359324.4219
169.706 169.706 0.0 315000.2031
183.848 183.848 0.0 281394.3281
197.99 197.99 0.0 255414.0469
212.132 212.132 0.0 234959.8125
226.274 226.274 0.0 218583.6094
240.416 240.416 0.0 205270.1484
254.558 254.558 0.0 194295.6562
268.701 268.701 0.0 185134.6016
282.843 282.843 0.0 177401.7812
296.985 296.985 0.0 170807.4062
311.127 311.127 0.0 165132.0117
325.269 325.269 0.0 160206.9531
339.411 339.411 0.0 155900.8086
353.553 353.553 0.0 152110.0938
367.696 367.696 0.0 148752.2383
381.838 381.838 0.0 145761.3398
395.98 395.98 0.0 143083.3164
410.122 410.122 0.0 140674.1133
424.264 424.264 0.0 138497.2656
438.406 438.406 0.0 136522.4727
452.548 452.548 0.0 134724.3750
466.69 466.69 0.0 133081.5098
480.833 480.833 0.0 131575.5918
494.975 494.975 0.0 130191.3301
509.117 509.117 0.0 128915.2852
523.259 523.259 0.0 127735.9551
537.401 537.401 0.0 126643.4062
551.543 551.543 0.0 125628.8965
565.685 565.685 0.0 124684.9199
579.828 579.828 0.0 123804.6992
593.97 593.97 0.0 122982.5215
608.112 608.112 0.0 122213.1172
622.254 622.254 0.0 121491.8984
636.396 636.396 0.0 120814.7520
650.538 650.538 0.0 120178.0098
664.68 664.68 0.0 119578.4297
678.823 678.823 0.0 119013.0039
692.965 692.965 0.0 118479.1758
707.107 707.107 0.0 117974.5039
721.249 721.249 0.0 117496.8350
735.391 735.391 0.0 117044.2168
749.533 749.533 0.0 116614.8535
763.675 763.675 0.0 116207.1445
777.817 777.817 0.0 115819.6055
791.96 791.96 0.0 115450.8457
806.102 806.102 0.0 115099.6855
820.244 820.244 0.0 114764.9727
834.386 834.386 0.0 114445.6729
848.528 848.528 0.0 114140.8125
862.67 862.67 0.0 113849.5176
876.812 876.812 0.0 113570.9648
890.955 890.955 0.0 113304.3838
905.097 905.097 0.0 113049.1338
919.239 919.239 0.0 112804.5156
933.381 933.381 0.0 112569.9561
947.523 947.523 0.0 112344.8975
961.665 961.665 0.0 112128.8174
975.807 975.807 0.0 111921.2266
989.949 989.949 0.0 111721.6924
1004.09 1004.09 0.0 111529.7783
1018.23 1018.23 0.0 111345.1152
1032.38 1032.38 0.0 111167.2051
1046.52 1046.52 0.0 110995.9443
1060.66 1060.66 0.0 110830.8730
1074.8 1074.8 0.0 110671.7119
1088.94 1088.94 0.0 110518.1611
1103.09 1103.09 0.0 110369.8701
1117.23 1117.23 0.0 110226.7744
1131.37 1131.37 0.0 110088.5518
1145.51 1145.51 0.0 109954.9736
1159.66 1159.66 0.0 109825.7412
1173.8 1173.8 0.0 109700.8398
1187.94 1187.94 0.0 109579.9941
1202.08 1202.08 0.0 109463.0244
1216.22 1216.22 0.0 109349.7681
1230.37 1230.37 0.0 109239.9829
1244.51 1244.51 0.0 109133.6851
1258.65 1258.65 0.0 109030.6577
1272.79 1272.79 0.0 108930.7549
1286.93 1286.93 0.0 108833.8545
1301.08 1301.08 0.0 108739.7759
1315.22 1315.22 0.0 108648.5347
1329.36 1329.36 0.0 108559.9590
1343.5 1343.5 0.0 108473.9385
1357.65 1357.65 0.0 108390.3130
1371.79 1371.79 0.0 108309.1260
1385.93 1385.93 0.0 108230.2139
1400.07 1400.07 0.0 108153.4912
1414.21 1414.21 0.0 108078.8828
1428.36 1428.36 0.0 108006.2617
1442.5 1442.5 0.0 107935.6499
1456.64 1456.64 0.0 107866.9331
1470.78 1470.78 0.0 107800.0415
1484.92 1484.92 0.0 107734.9072
1499.07 1499.07 0.0 107671.4272
1513.21 1513.21 0.0 107609.6382
1527.35 1527.35 0.0 107549.4365
1541.49 1541.49 0.0 107490.7598
1555.63 1555.63 0.0 107433.5596
1569.78 1569.78 0.0 107377.7559
1583.92 1583.92 0.0 107323.3755
1598.06 1598.06 0.0 107270.3350
1612.2 1612.2 0.0 107218.5864
1626.35 1626.35 0.0 107168.0537
1640.49 1640.49 0.0 107118.7710
1654.63 1654.63 0.0 107070.6675
1668.77 1668.77 0.0 107023.7021
1682.91 1682.91 0.0 106977.8335
1697.06 1697.06 0.0 106933.0034
1711.2 1711.2 0.0 106889.2427
1725.34 1725.34 0.0 106846.4858
1739.48 1739.48 0.0 106804.7002
1753.62 1753.62 0.0 106763.8589
1767.77 1767.77 0.0 106723.9116
1781.91 1781.91 0.0 106684.8706
1796.05 1796.05 0.0 106646.7061
1810.19 1810.19 0.0 106609.3706
1824.34 1824.34 0.0 106572.8257
1838.48 1838.48 0.0 106537.0977
1852.62 1852.62 0.0 106502.1348
1866.76 1866.76 0.0 106467.9209
1880.9 1880.9 0.0 106434.4346
1895.05 1895.05 0.0 106401.6235
1909.19 1909.19 0.0 106369.5234
1923.33 1923.33 0.0 106338.0923
1937.47 1937.47 0.0 106307.3086
1951.61 1951.61 0.0 106277.1509
1965.76 1965.76 0.0 106247.5874
1979.9 1979.9 0.0 106218.6382
1994.04 1994.04 0.0 106190.2754
2008.18 2008.18 0.0 106162.4727
2022.33 2022.33 0.0 106135.2026
2036.47 2036.47 0.0 106108.4893
2050.61 2050.61 0.0 106082.2905
2064.75 2064.75 0.0 106056.6040
2078.89 2078.89 0.0 106031.4121
2093.04 2093.04 0.0 106006.6855
2107.18 2107.18 0.0 105982.4404
2121.32 2121.32 0.0 105958.6606
2135.46 2135.46 0.0 105935.3218
2149.6 2149.6 0.0 105912.4219
2163.75 2163.75 0.0 105889.9263
2177.89 2177.89 0.0 105867.8574
2192.03 2192.03 0.0 105846.1948
2206.17 2206.17 0.0 105824.9219
2220.32 2220.32 0.0 105804.0195
2234.46 2234.46 0.0 105783.5063
2248.6 2248.6 0.0 105763.3535
2262.74 2262.74 0.0 105743.5591
2276.88 2276.88 0.0 105724.1069
2291.03 2291.03 0.0 105704.9893
2305.17 2305.17 0.0 105686.2031
2319.31 2319.31 0.0 105667.7490
2333.45 2333.45 0.0 105649.6074
2347.59 2347.59 0.0 105631.7710
2361.74 2361.74 0.0 105614.2212
2375.88 2375.88 0.0 105596.9814
2390.02 2390.02 0.0 105580.0215
2404.16 2404.16 0.0 105563.3433
2418.31 2418.31 0.0 105546.9263
2432.45 2432.45 0.0 105530.7852
2446.59 2446.59 0.0 105514.9053
2460.73 2460.73 0.0 105499.2812
2474.87 2474.87 0.0 105483.9062
2489.02 2489.02 0.0 105468.7612
2503.16 2503.16 0.0 105453.8589
2517.3 2517.3 0.0 105439.1929
2531.44 2531.44 0.0 105424.7544
2545.58 2545.58 0.0 105410.5371
2559.73 2559.73 0.0 105396.5244
2573.87 2573.87 0.0 105382.7314
2588.01 2588.01 0.0 105369.1467
2602.15 2602.15 0.0 105355.7627
2616.3 2616.3 0.0 105342.5686
2630.44 2630.44 0.0 105329.5771
2644.58 2644.58 0.0 105316.7644
2658.72 2658.72 0.0 105304.1479
2672.86 2672.86 0.0 105291.7078
2687.01 2687.01 0.0 105279.4333
2701.15 2701.15 0.0 105267.3401
2715.29 2715.29 0.0 105255.4182
2729.43 2729.43 0.0 105243.6553
2743.57 2743.57 0.0 105232.0598
2757.72 2757.72 0.0 105220.6118
2771.86 2771.86 0.0 105209.3284
2786.0 2786.0 0.0 105198.1934
2800.14 2800.14 0.0 105187.2046
2814.28 2814.28 0.0 105176.3638
2828.43 2828.43 0.0 105165.6487
2842.57 2842.57 0.0 105155.0891
2856.71 2856.71 0.0 105144.6604
2870.85 2870.85 0.0 105134.3630
2885.0 2885.0 0.0 105124.1912
2899.14 2899.14 0.0 105114.1492
2913.28 2913.28 0.0 105104.2349
2927.42 2927.42 0.0 105094.4412
2941.56 2941.56 0.0 105084.7637
2955.71 2955.71 0.0 105075.1970
2969.85 2969.85 0.0 105065.7490
2983.99 2983.99 0.0 105056.4192
2998.13 2998.13 0.0 105047.1902
3012.27 3012.27 0.0 105038.0688
3026.42 3026.42 0.0 105029.0510
3040.56 3040.56 0.0 105020.1340
3054.7 3054.7 0.0 105011.3193
3068.84 3068.84 0.0 105002.6062
3082.99 3082.99 0.0 104993.9795
3097.13 3097.13 0.0 104985.4536
3111.27 3111.27 0.0 104977.0205
3125.41 3125.41 0.0 104968.6763
3139.55 3139.55 0.0 104960.4182
3153.7 3153.7 0.0 104952.2410
3167.84 3167.84 0.0 104944.1545
3181.98 3181.98 0.0 104936.1531
3196.12 3196.12 0.0 104928.2292
3210.26 3210.26 0.0 104920.3848
3224.41 3224.41 0.0 104912.6152
3238.55 3238.55 0.0 104904.9219
3252.69 3252.69 0.0 104897.3064
3266.83 3266.83 0.0 104889.7629
3280.98 3280.98 0.0 104882.2861
3295.12 3295.12 0.0 104874.8843
3309.26 3309.26 0.0 104867.5486
3323.4 3323.4 0.0 104860.2798
3337.54 3337.54 0.0 104853.0764
3351.69 3351.69 0.0 104845.9363
3365.83 3365.83 0.0 104838.8608
3379.97 3379.97 0.0 104831.8479
3394.11 3394.11 0.0 104824.8955
3408.25 3408.25 0.0 104818.0020
3422.4 3422.4 0.0 104811.1584
3436.54 3436.54 0.0 104804.3779
3450.68 3450.68 0.0 104797.6570
3464.82 3464.82 0.0 104790.9849
3478.97 3478.97 0.0 104784.3623
3493.11 3493.11 0.0 104777.7983
3507.25 3507.25 0.0 104771.2842
3521.39 3521.39 0.0 104764.8218
3535.53 3535.53 0.0 104758.4060
3549.68 3549.68 0.0 104752.0330
3563.82 3563.82 0.0 104745.7107
3577.96 3577.96 0.0 104739.4392
3592.1 3592.1 0.0 104733.2117
3606.24 3606.24 0.0 104727.0261
3620.39 3620.39 0.0 104720.8777
3634.53 3634.53 0.0 104714.7825
3648.67 3648.67 0.0 104708.7239
3662.81 3662.81 0.0 104702.7048
3676.96 3676.96 0.0 104696.7224
3691.1 3691.1 0.0 104690.7859
3705.24 3705.24 0.0 104684.8850
3719.38 3719.38 0.0 104679.0220
3733.52 3733.52 0.0 104673.1960
3747.67 3747.67 0.0 104667.3994
3761.81 3761.81 0.0 104661.6460
3775.95 3775.95 0.0 104655.9265
3790.09 3790.09 0.0 104650.2385
3804.23 3804.23 0.0 104644.5859
3818.38 3818.38 0.0 104638.9619
3832.52 3832.52 0.0 104633.3752
3846.66 3846.66 0.0 104627.8142
3860.8 3860.8 0.0 104622.2876
3874.95 3874.95 0.0 104616.7856
3889.09 3889.09 0.0 104611.3179
3903.23 3903.23 0.0 104605.8784
3917.37 3917.37 0.0 104600.4658
3931.51 3931.51 0.0 104595.0815
3945.66 3945.66 0.0 104589.7212
3959.8 3959.8 0.0 104584.3916
3973.94 3973.94 0.0 104579.0859
3988.08 3988.08 0.0 104573.8110
4002.22 4002.22 0.0 104568.5552
4016.37 4016.37 0.0 104563.3232
4030.51 4030.51 0.0 104558.1167
4044.65 4044.65 0.0 104552.9304
4058.79 4058.79 0.0 104547.7744
4072.94 4072.94 0.0 104542.6326
4087.08 4087.08 0.0 104537.5205
4101.22 4101.22 0.0 104532.4253
4115.36 4115.36 0.0 104527.3569
4129.5 4129.5 0.0 104522.3020
4143.65 4143.65 0.0 104517.2708
4157.79 4157.79 0.0 104512.2595
4171.93 4171.93 0.0 104507.2683
4186.07 4186.07 0.0 104502.2969
4200.21 4200.21 0.0 104497.3423
4214.36 4214.36 0.0 104492.4045
4228.5 4228.5 0.0 104487.4893
4242.64 4242.64 0.0 104482.5876
4256.78 4256.78 0.0 104477.7087
4270.92 4270.92 0.0 104472.8406
4285.07 4285.07 0.0 104467.9915
4299.21 4299.21 0.0 104463.1621
4313.35 4313.35 0.0 104458.3445
4327.49 4327.49 0.0 104453.5464
4341.64 4341.64 0.0 104448.7568
4355.78 4355.78 0.0 104443.9878
4369.92 4369.92 0.0 104439.2339
4384.06 4384.06 0.0 104434.4944
4398.2 4398.2 0.0 104429.7683
4412.35 4412.35 0.0 104425.0491
4426.49 4426.49 0.0 104420.3547
4440.63 4440.63 0.0 104415.6704
4454.77 4454.77 0.0 104411.0007
4468.91 4468.91 0.0 104406.3389
4483.06 4483.06 0.0 104401.6907
4497.2 4497.2 0.0 104397.0535
4511.34 4511.34 0.0 104392.4351
4525.48 4525.48 0.0 104387.8252
4539.63 4539.63 0.0 104383.2236
4553.77 4553.77 0.0 104378.6360
4567.91 4567.91 0.0 104374.0627
4582.05 4582.05 0.0 104369.4990
4596.19 4596.19 0.0 104364.9451
4610.34 4610.34 0.0 104360.3965
4624.48 4624.48 0.0 104355.8650
4638.62 4638.62 0.0 104351.3416
4652.76 4652.76 0.0 104346.8291
4666.9 4666.9 0.0 104342.3247
4681.05 4681.05 0.0 104337.8301
4695.19 4695.19 0.0 104333.3450
4709.33 4709.33 0.0 104328.8723
4723.47 4723.47 0.0 104324.4062
4737.62 4737.62 0.0 104319.9453
4751.76 4751.76 0.0 104315.4968
4765.9 4765.9 0.0 104311.0562
4780.04 4780.04 0.0 104306.6267
4794.18 4794.18 0.0 104302.2034
4808.33 4808.33 0.0 104297.7812
4822.47 4822.47 0.0 104293.3767
4836.61 4836.61 0.0 104288.9773
4850.75 4850.75 0.0 104284.5833
4864.89 4864.89 0.0 104280.1985
4879.04 4879.04 0.0 104275.8188
4893.18 4893.18 0.0 104271.4512
4907.32 4907.32 0.0 104267.0840
4921.46 4921.46 0.0 104262.7283
4935.61 4935.61 0.0 104258.3752
4949.75 4949.75 0.0 104254.0337
4963.89 4963.89 0.0 104249.6982
4978.03 4978.03 0.0 104245.3662
4992.17 4992.17 0.0 104241.0408
5006.32 5006.32 0.0 104236.7205
5020.46 5020.46 0.0 104232.4065
5034.6 5034.6 0.0 104228.1013
5048.74 5048.74 0.0 104223.8015
5062.88 5062.88 0.0 104219.5081
5077.03 5077.03 0.0 104215.2139
5091.17 5091.17 0.0 104210.9302
5105.31 5105.31 0.0 104206.6531
5119.45 5119.45 0.0 104202.3794
5133.6 5133.6 0.0 104198.1091
5147.74 5147.74 0.0 104193.8430
5161.88 5161.88 0.0 104189.5854
5176.02 5176.02 0.0 104185.3330
5190.16 5190.16 0.0 104181.0842
5204.31 5204.31 0.0 104176.8386
5218.45 5218.45 0.0 104172.5969
5232.59 5232.59 0.0 104168.3655
5246.73 5246.73 0.0 104164.1365
5260.87 5260.87 0.0 104159.9082
5275.02 5275.02 0.0 104155.6846
5289.16 5289.16 0.0 104151.4653
5303.3 5303.3 0.0 104147.2517
5317.44 5317.44 0.0 104143.0435
5331.59 5331.59 0.0 104138.8330
5345.73 5345.73 0.0 104134.6345
5359.87 5359.87 0.0 104130.4365
5374.01 5374.01 0.0 104126.2412
5388.15 5388.15 0.0 104122.0518
5402.3 5402.3 0.0 104117.8608
5416.44 5416.44 0.0 104113.6775
5430.58 5430.58 0.0 104109.4993
5444.72 5444.72 0.0 104105.3230
5458.86 5458.86 0.0 104101.1506
5473.01 5473.01 0.0 104096.9778
5487.15 5487.15 0.0 104092.8110
5501.29 5501.29 0.0 104088.6482
5515.43 5515.43 0.0 104084.4888
5529.58 5529.58 0.0 104080.3293
5543.72 5543.72 0.0 104076.1758
5557.86 5557.86 0.0 104072.0234
5572.0 5572.0 0.0 104067.8787
5586.14 5586.14 0.0 104063.7336
5600.29 5600.29 0.0 104059.5857
5614.43 5614.43 0.0 104055.4490
5628.57 5628.57 0.0 104051.3137
5642.71 5642.71 0.0 104047.1792
5656.85 5656.85 0.0 104043.0483
5671.0 5671.0 0.0 104038.9165
5685.14 5685.14 0.0 104034.7893
5699.28 5699.28 0.0 104030.6697
5713.42 5713.42 0.0 104026.5471
5727.56 5727.56 0.0 104022.4312
5741.71 5741.71 0.0 104018.3147
5755.85 5755.85 0.0 104014.1997
5769.99 5769.99 0.0 104010.0896
5784.13 5784.13 0.0 104005.9807
5798.28 5798.28 0.0 104001.8743
5812.42 5812.42 0.0 103997.7688
5826.56 5826.56 0.0 103993.6685
5840.7 5840.7 0.0 103989.5696
5854.84 5854.84 0.0 103985.4753
5868.99 5868.99 0.0 103981.3750
5883.13 5883.13 0.0 103977.2847
5897.27 5897.27 0.0 103973.1960
5911.41 5911.41 0.0 103969.1079
5925.55 5925.55 0.0 103965.0239
5939.7 5939.7 0.0 103960.9363
5953.84 5953.84 0.0 103956.8560
5967.98 5967.98 0.0 103952.7769
5982.12 5982.12 0.0 103948.7019
5996.27 5996.27 0.0 103944.6218
6010.41 6010.41 0.0 103940.5508
6024.55 6024.55 0.0 103936.4797
6038.69 6038.69 0.0 103932.4109
6052.83 6052.83 0.0 103928.3442
6066.98 6066.98 0.0 103924.2783
6081.12 6081.12 0.0 103920.2166
6095.26 6095.26 0.0 103916.1536
6109.4 6109.4 0.0 103912.0959
6123.54 6123.54 0.0 103908.0369
6137.69 6137.69 0.0 103903.9822
6151.83 6151.83 0.0 103899.9297
6165.97 6165.97 0.0 103895.8792
6180.11 6180.11 0.0 103891.8313
6194.26 6194.26 0.0 103887.7834
6208.4 6208.4 0.0 103883.7383
6222.54 6222.54 0.0 103879.6946
6236.68 6236.68 0.0 103875.6538
6250.82 6250.82 0.0 103871.6143
6264.97 6264.97 0.0 103867.5764
6279.11 6279.11 0.0 103863.5403
6293.25 6293.25 0.0 103859.5105
6307.39 6307.39 0.0 103855.4775
6321.53 6321.53 0.0 103851.4497
6335.68 6335.68 0.0 103847.4163
6349.82 6349.82 0.0 103843.3955
6363.96 6363.96 0.0 103839.3708
6378.1 6378.1 0.0 103835.3486
6392.25 6392.25 0.0 103831.3276
6406.39 6406.39 0.0 103827.3120
6420.53 6420.53 0.0 103823.2954
6434.67 6434.67 0.0 103819.2830
6448.81 6448.81 0.0 103815.2725
6462.96 6462.96 0.0 103811.2588
6477.1 6477.1 0.0 103807.2529
6491.24 6491.24 0.0 103803.2485
6505.38 6505.38 0.0 103799.2471
6519.52 6519.52 0.0 103795.2451
6533.67 6533.67 0.0 103791.2427
6547.81 6547.81 0.0 103787.2463
6561.95 6561.95 0.0 103783.2544
6576.09 6576.09 0.0 103779.2607
6590.24 6590.24 0.0 103775.2664
6604.38 6604.38 0.0 103771.2788
6618.52 6618.52 0.0 103767.2930
6632.66 6632.66 0.0 103763.3101
6646.8 6646.8 0.0 103759.3291
6660.95 6660.95 0.0 103755.3486
6675.09 6675.09 0.0 103751.3704
6689.23 6689.23 0.0 103747.3948
6703.37 6703.37 0.0 103743.4226
6717.51 6717.51 0.0 103739.4521
6731.66 6731.66 0.0 103735.4824
6745.8 6745.8 0.0 103731.5181
6759.94 6759.94 0.0 103727.5544
6774.08 6774.08 0.0 103723.5928
6788.23 6788.23 0.0 103719.6323
6802.37 6802.37 0.0 103715.6760
6816.51 6816.51 0.0 103711.7222
6830.65 6830.65 0.0 103707.7710
6844.79 6844.79 0.0 103703.8215
6858.94 6858.94 0.0 103699.8721
6873.08 6873.08 0.0 103695.9255
6887.22 6887.22 0.0 103691.9880
6901.36 6901.36 0.0 103688.0479
6915.5 6915.5 0.0 103684.1130
6929.65 6929.65 0.0 103680.1760
6943.79 6943.79 0.0 103676.2432
6957.93 6957.93 0.0 103672.3169
6972.07 6972.07 0.0 103668.3904
6986.21 6986.21 0.0 103664.4673
7000.36 7000.36 0.0 103660.5439
7014.5 7014.5 0.0 103656.6262
7028.64 7028.64 0.0 103652.7117
7042.78 7042.78 0.0 103648.7991
7056.93 7056.93 0.0 103644.8889
7071.07 7071.07 0.0 103640.9807
7085.21 7085.21 0.0 103637.0767
7099.35 7099.35 0.0 103633.1797
7113.49 7113.49 0.0 103629.2803
7127.64 7127.64 0.0 103625.3828
7141.78 7141.78 0.0 103621.4924
7155.92 7155.92 0.0 103617.6040
7170.06 7170.06 0.0 103613.7163
7184.2 7184.2 0.0 103609.8350
7198.35 7198.35 0.0 103605.9543
7212.49 7212.49 0.0 103602.0769
7226.63 7226.63 0.0 103598.2017
7240.77 7240.77 0.0 103594.3301
7254.92 7254.92 0.0 103590.4602
7269.06 7269.06 0.0 103586.5977
7283.2 7283.2 0.0 103582.7368
7297.34 7297.34 0.0 103578.8818
7311.48 7311.48 0.0 103575.0259
7325.63 7325.63 0.0 103571.1743
7339.77 7339.77 0.0 103567.3259
7353.91 7353.91 0.0 103563.4802
7368.05 7368.05 0.0 103559.6431
7382.19 7382.19 0.0 103555.8040
7396.34 7396.34 0.0 103551.9695
7410.48 7410.48 0.0 103548.1394
7424.62 7424.62 0.0 103544.3135
7438.76 7438.76 0.0 103540.4905
7452.91 7452.91 0.0 103536.6663
7467.05 7467.05 0.0 103532.8506
7481.19 7481.19 0.0 103529.0386
7495.33 7495.33 0.0 103525.2310
7509.47 7509.47 0.0 103521.4238
7523.62 7523.62 0.0 103517.6211
7537.76 7537.76 0.0 103513.8250
7551.9 7551.9 0.0 103510.0312
7566.04 7566.04 0.0 103506.2419
7580.18 7580.18 0.0 103502.4573
7594.33 7594.33 0.0 103498.6709
7608.47 7608.47 0.0 103494.8928
7622.61 7622.61 0.0 103491.1196
7636.75 7636.75 0.0 103487.3486
7650.9 7650.9 0.0 103483.5813
7665.04 7665.04 0.0 103479.8184
7679.18 7679.18 0.0 103476.0596
7693.32 7693.32 0.0 103472.3057
7707.46 7707.46 0.0 103468.5552
7721.61 7721.61 0.0 103464.8093
7735.75 7735.75 0.0 103461.0659
7749.89 7749.89 0.0 103457.3269
7764.03 7764.03 0.0 103453.5945
7778.17 7778.17 0.0 103449.8665
