0.0 0.0 0.0 225495.2891
14.1421 14.1421 0.0 301340.8281
28.2843 28.2843 0.0 314932.5000
42.4264 42.4264 0.0 321761.4531
56.5685 56.5685 0.0 325333.6406
70.7107 70.7107 0.0 326960.4219
84.8528 84.8528 0.0 327296.7812
98.9949 98.9949 0.0 326722.4062
113.137 113.137 0.0 325479.7656
127.279 127.279 0.0 323733.7344
141.421 141.421 0.0 321602.2188
155.563 155.563 0.0 319172.1562
169.706 169.706 0.0 316509.4844
183.848 183.848 0.0 313666.4062
197.99 197.99 0.0 310683.1094
212.132 212.132 0.0 307592.5938
226.274 226.274 0.0 304421.1406
240.416 240.416 0.0 301190.6875
254.558 254.558 0.0 297919.3594
268.701 268.701 0.0 294621.6562
282.843 282.843 0.0 291310.7969
296.985 296.985 0.0 287996.8594
311.127 311.127 0.0 284688.8438
325.269 325.269 0.0 281394.2812
339.411 339.411 0.0 278119.3281
353.553 353.553 0.0 274869.4062
367.696 367.696 0.0 271648.7969
381.838 381.838 0.0 268461.7031
395.98 395.98 0.0 265311.1094
410.122 410.122 0.0 262199.7188
424.264 424.264 0.0 259129.6719
438.406 438.406 0.0 256102.8438
452.548 452.548 0.0 253120.6719
466.69 466.69 0.0 250184.3594
480.833 480.833 0.0 247294.7031
494.975 494.975 0.0 244452.7500
509.117 509.117 0.0 241658.8281
523.259 523.259 0.0 238913.3594
537.401 537.401 0.0 236216.4688
551.543 551.543 0.0 233568.2812
565.685 565.685 0.0 230968.7344
579.828 579.828 0.0 228417.5547
593.97 593.97 0.0 225914.7812
608.112 608.112 0.0 223460.0000
622.254 622.254 0.0 221052.8438
636.396 636.396 0.0 218692.8906
650.538 650.538 0.0 216379.6953
664.68 664.68 0.0 214112.6641
678.823 678.823 0.0 211891.1484
692.965 692.965 0.0 209714.8672
707.107 707.107 0.0 207583.0859
721.249 721.249 0.0 205495.1719
735.391 735.391 0.0 203450.4062
749.533 749.533 0.0 201448.2031
763.675 763.675 0.0 199487.8203
777.817 777.817 0.0 197568.6016
791.96 791.96 0.0 195689.7344
806.102 806.102 0.0 193850.8047
820.244 820.244 0.0 192050.8750
834.386 834.386 0.0 190289.3438
848.528 848.528 0.0 188565.4688
862.67 862.67 0.0 186878.5078
876.812 876.812 0.0 185227.8359
890.955 890.955 0.0 183612.5703
905.097 905.097 0.0 182032.2969
919.239 919.239 0.0 180486.1797
933.381 933.381 0.0 178973.6094
947.523 947.523 0.0 177493.7656
961.665 961.665 0.0 176046.1016
975.807 975.807 0.0 174629.8984
989.949 989.949 0.0 173244.5312
1004.09 1004.09 0.0 171889.4375
1018.23 1018.23 0.0 170563.9531
1032.38 1032.38 0.0 169266.5000
1046.52 1046.52 0.0 167998.2500
1060.66 1060.66 0.0 166757.6523
1074.8 1074.8 0.0 165544.1602
1088.94 1088.94 0.0 164357.1562
1103.09 1103.09 0.0 163195.2500
1117.23 1117.23 0.0 162059.5078
1131.37 1131.37 0.0 160948.5430
1145.51 1145.51 0.0 159861.8047
1159.66 1159.66 0.0 158798.0117
1173.8 1173.8 0.0 157758.1797
1187.94 1187.94 0.0 156740.9570
1202.08 1202.08 0.0 155745.8750
1216.22 1216.22 0.0 154772.4258
1230.37 1230.37 0.0 153819.4531
1244.51 1244.51 0.0 152887.8477
1258.65 1258.65 0.0 151976.4258
1272.79 1272.79 0.0 151084.7188
1286.93 1286.93 0.0 150212.3398
1301.08 1301.08 0.0 149358.1797
1315.22 1315.22 0.0 148523.0742
1329.36 1329.36 0.0 147705.9258
1343.5 1343.5 0.0 146906.3711
1357.65 1357.65 0.0 146123.4180
1371.79 1371.79 0.0 145357.8477
1385.93 1385.93 0.0 144608.6406
1400.07 1400.07 0.0 143875.4492
1414.21 1414.21 0.0 143157.9102
1428.36 1428.36 0.0 142455.1445
1442.5 1442.5 0.0 141767.8125
1456.64 1456.64 0.0 141095.0781
1470.78 1470.78 0.0 140436.5820
1484.92 1484.92 0.0 139791.9844
1499.07 1499.07 0.0 139160.5664
1513.21 1513.21 0.0 138542.8750
1527.35 1527.35 0.0 137938.1289
1541.49 1541.49 0.0 137346.0781
1555.63 1555.63 0.0 136766.3828
1569.78 1569.78 0.0 136198.4023
1583.92 1583.92 0.0 135642.6211
1598.06 1598.06 0.0 135098.4102
1612.2 1612.2 0.0 134565.4688
1626.35 1626.35 0.0 134043.1406
1640.49 1640.49 0.0 133531.9629
1654.63 1654.63 0.0 133031.3027
1668.77 1668.77 0.0 132540.9043
1682.91 1682.91 0.0 132060.5410
1697.06 1697.06 0.0 131589.6426
1711.2 1711.2 0.0 131128.6621
1725.34 1725.34 0.0 130677.0371
1739.48 1739.48 0.0 130234.5488
1753.62 1753.62 0.0 129800.9980
1767.77 1767.77 0.0 129375.8711
1781.91 1781.91 0.0 128959.5957
1796.05 1796.05 0.0 128551.6367
1810.19 1810.19 0.0 128151.8223
1824.34 1824.34 0.0 127759.7051
1838.48 1838.48 0.0 127375.6523
1852.62 1852.62 0.0 126999.1895
1866.76 1866.76 0.0 126630.1523
1880.9 1880.9 0.0 126268.3809
1895.05 1895.05 0.0 125913.4609
1909.19 1909.19 0.0 125565.7383
1923.33 1923.33 0.0 125224.8145
1937.47 1937.47 0.0 124890.5020
1951.61 1951.61 0.0 124562.6758
1965.76 1965.76 0.0 124240.9473
1979.9 1979.9 0.0 123925.6777
1994.04 1994.04 0.0 123616.4219
2008.18 2008.18 0.0 123313.1211
2022.33 2022.33 0.0 123015.4004
2036.47 2036.47 0.0 122723.5469
2050.61 2050.61 0.0 122437.2383
2064.75 2064.75 0.0 122156.3418
2078.89 2078.89 0.0 121880.7461
2093.04 2093.04 0.0 121610.1445
2107.18 2107.18 0.0 121344.8047
2121.32 2121.32 0.0 121084.4082
2135.46 2135.46 0.0 120828.8750
2149.6 2149.6 0.0 120578.0664
2163.75 2163.75 0.0 120331.7344
2177.89 2177.89 0.0 120090.1211
2192.03 2192.03 0.0 119852.9512
2206.17 2206.17 0.0 119620.1270
2220.32 2220.32 0.0 119391.3945
2234.46 2234.46 0.0 119166.9746
2248.6 2248.6 0.0 118946.6426
2262.74 2262.74 0.0 118730.2891
2276.88 2276.88 0.0 118517.8320
2291.03 2291.03 0.0 118309.0488
2305.17 2305.17 0.0 118104.1406
2319.31 2319.31 0.0 117902.9004
2333.45 2333.45 0.0 117705.2373
2347.59 2347.59 0.0 117511.0674
2361.74 2361.74 0.0 117320.2197
2375.88 2375.88 0.0 117132.8281
2390.02 2390.02 0.0 116948.7637
2404.16 2404.16 0.0 116767.9053
2418.31 2418.31 0.0 116590.0781
2432.45 2432.45 0.0 116415.4541
2446.59 2446.59 0.0 116243.8740
2460.73 2460.73 0.0 116075.2334
2474.87 2474.87 0.0 115909.5078
2489.02 2489.02 0.0 115746.4980
2503.16 2503.16 0.0 115586.4053
2517.3 2517.3 0.0 115429.0244
2531.44 2531.44 0.0 115274.3193
2545.58 2545.58 0.0 115122.2422
2559.73 2559.73 0.0 114972.6104
2573.87 2573.87 0.0 114825.6025
2588.01 2588.01 0.0 114681.0400
2602.15 2602.15 0.0 114538.9102
2616.3 2616.3 0.0 114399.0391
2630.44 2630.44 0.0 114261.5820
2644.58 2644.58 0.0 114126.4053
2658.72 2658.72 0.0 113993.4355
2672.86 2672.86 0.0 113862.6523
2687.01 2687.01 0.0 113733.9229
2701.15 2701.15 0.0 113607.3906
2715.29 2715.29 0.0 113482.8965
2729.43 2729.43 0.0 113360.4268
2743.57 2743.57 0.0 113239.9287
2757.72 2757.72 0.0 113121.2842
2771.86 2771.86 0.0 113004.6230
2786.0 2786.0 0.0 112889.8213
2800.14 2800.14 0.0 112776.8525
2814.28 2814.28 0.0 112665.6689
2828.43 2828.43 0.0 112556.1660
2842.57 2842.57 0.0 112448.4688
2856.71 2856.71 0.0 112342.4619
2870.85 2870.85 0.0 112238.1084
2885.0 2885.0 0.0 112135.3164
2899.14 2899.14 0.0 112034.1875
2913.28 2913.28 0.0 111934.6299
2927.42 2927.42 0.0 111836.6006
2941.56 2941.56 0.0 111740.0850
2955.71 2955.71 0.0 111644.9746
2969.85 2969.85 0.0 111551.3887
2983.99 2983.99 0.0 111459.2227
2998.13 2998.13 0.0 111368.4609
3012.27 3012.27 0.0 111279.0693
3026.42 3026.42 0.0 111190.9619
3040.56 3040.56 0.0 111104.2432
3054.7 3054.7 0.0 111018.8164
3068.84 3068.84 0.0 110934.6699
3082.99 3082.99 0.0 110851.7021
3097.13 3097.13 0.0 110770.0400
3111.27 3111.27 0.0 110689.5762
3125.41 3125.41 0.0 110610.2881
3139.55 3139.55 0.0 110532.1709
3153.7 3153.7 0.0 110455.1367
3167.84 3167.84 0.0 110379.2822
3181.98 3181.98 0.0 110304.5273
3196.12 3196.12 0.0 110230.8564
3210.26 3210.26 0.0 110158.2402
3224.41 3224.41 0.0 110086.6338
3238.55 3238.55 0.0 110016.0879
3252.69 3252.69 0.0 109946.5547
3266.83 3266.83 0.0 109877.9961
3280.98 3280.98 0.0 109810.3809
3295.12 3295.12 0.0 109743.7607
3309.26 3309.26 0.0 109678.0781
3323.4 3323.4 0.0 109613.3232
3337.54 3337.54 0.0 109549.4697
3351.69 3351.69 0.0 109486.4590
3365.83 3365.83 0.0 109424.3716
3379.97 3379.97 0.0 109363.1484
3394.11 3394.11 0.0 109302.7642
3408.25 3408.25 0.0 109243.2114
3422.4 3422.4 0.0 109184.4385
3436.54 3436.54 0.0 109126.5000
3450.68 3450.68 0.0 109069.3589
3464.82 3464.82 0.0 109012.9917
3478.97 3478.97 0.0 108957.3525
3493.11 3493.11 0.0 108902.4922
3507.25 3507.25 0.0 108848.3721
3521.39 3521.39 0.0 108794.9805
3535.53 3535.53 0.0 108742.2979
3549.68 3549.68 0.0 108690.2866
3563.82 3563.82 0.0 108639.0005
3577.96 3577.96 0.0 108588.3867
3592.1 3592.1 0.0 108538.4346
3606.24 3606.24 0.0 108489.1440
3620.39 3620.39 0.0 108440.4736
3634.53 3634.53 0.0 108392.4614
3648.67 3648.67 0.0 108345.0757
3662.81 3662.81 0.0 108298.3120
3676.96 3676.96 0.0 108252.1113
3691.1 3691.1 0.0 108206.5371
3705.24 3705.24 0.0 108161.5532
3719.38 3719.38 0.0 108117.1406
3733.52 3733.52 0.0 108073.2935
3747.67 3747.67 0.0 108029.9780
3761.81 3761.81 0.0 107987.2397
3775.95 3775.95 0.0 107945.0376
3790.09 3790.09 0.0 107903.3745
3804.23 3804.23 0.0 107862.2271
3818.38 3818.38 0.0 107821.5679
3832.52 3832.52 0.0 107781.4429
3846.66 3846.66 0.0 107741.8179
3860.8 3860.8 0.0 107702.6812
3874.95 3874.95 0.0 107664.0054
3889.09 3889.09 0.0 107625.8267
3903.23 3903.23 0.0 107588.1152
3917.37 3917.37 0.0 107550.8657
3931.51 3931.51 0.0 107514.0786
3945.66 3945.66 0.0 107477.6978
3959.8 3959.8 0.0 107441.7954
3973.94 3973.94 0.0 107406.3213
3988.08 3988.08 0.0 107371.2759
4002.22 4002.22 0.0 107336.6499
4016.37 4016.37 0.0 107302.4146
4030.51 4030.51 0.0 107268.6050
4044.65 4044.65 0.0 107235.2090
4058.79 4058.79 0.0 107202.2012
4072.94 4072.94 0.0 107169.5537
4087.08 4087.08 0.0 107137.3257
4101.22 4101.22 0.0 107105.4673
4115.36 4115.36 0.0 107073.9849
4129.5 4129.5 0.0 107042.8691
4143.65 4143.65 0.0 107012.0898
4157.79 4157.79 0.0 106981.6953
4171.93 4171.93 0.0 106951.6450
4186.07 4186.07 0.0 106921.9453
4200.21 4200.21 0.0 106892.5825
4214.36 4214.36 0.0 106863.5361
4228.5 4228.5 0.0 106834.8452
4242.64 4242.64 0.0 106806.4727
4256.78 4256.78 0.0 106778.4268
4270.92 4270.92 0.0 106750.6973
4285.07 4285.07 0.0 106723.2612
4299.21 4299.21 0.0 106696.1489
4313.35 4313.35 0.0 106669.3442
4327.49 4327.49 0.0 106642.8350
4341.64 4341.64 0.0 106616.6035
4355.78 4355.78 0.0 106590.6860
4369.92 4369.92 0.0 106565.0498
4384.06 4384.06 0.0 106539.7012
4398.2 4398.2 0.0 106514.6284
4412.35 4412.35 0.0 106489.8081
4426.49 4426.49 0.0 106465.2773
4440.63 4440.63 0.0 106441.0166
4454.77 4454.77 0.0 106417.0200
4468.91 4468.91 0.0 106393.2832
4483.06 4483.06 0.0 106369.7832
4497.2 4497.2 0.0 106346.5542
4511.34 4511.34 0.0 106323.5771
4525.48 4525.48 0.0 106300.8428
4539.63 4539.63 0.0 106278.3335
4553.77 4553.77 0.0 106256.0806
4567.91 4567.91 0.0 106234.0654
4582.05 4582.05 0.0 106212.2827
4596.19 4596.19 0.0 106190.7295
4610.34 4610.34 0.0 106169.3804
4624.48 4624.48 0.0 106148.2832
4638.62 4638.62 0.0 106127.3950
4652.76 4652.76 0.0 106106.7310
4666.9 4666.9 0.0 106086.2798
4681.05 4681.05 0.0 106066.0264
4695.19 4695.19 0.0 106045.9937
4709.33 4709.33 0.0 106026.1670
4723.47 4723.47 0.0 106006.5493
4737.62 4737.62 0.0 105987.1138
4751.76 4751.76 0.0 105967.8931
4765.9 4765.9 0.0 105948.8662
4780.04 4780.04 0.0 105930.0332
4794.18 4794.18 0.0 105911.3916
4808.33 4808.33 0.0 105892.9233
4822.47 4822.47 0.0 105874.6572
4836.61 4836.61 0.0 105856.5723
4850.75 4850.75 0.0 105838.6660
4864.89 4864.89 0.0 105820.9414
4879.04 4879.04 0.0 105803.3784
4893.18 4893.18 0.0 105786.0063
4907.32 4907.32 0.0 105768.8032
4921.46 4921.46 0.0 105751.7676
4935.61 4935.61 0.0 105734.8955
4949.75 4949.75 0.0 105718.1938
4963.89 4963.89 0.0 105701.6577
4978.03 4978.03 0.0 105685.2812
4992.17 4992.17 0.0 105669.0669
5006.32 5006.32 0.0 105653.0000
5020.46 5020.46 0.0 105637.0962
5034.6 5034.6 0.0 105621.3491
5048.74 5048.74 0.0 105605.7534
5062.88 5062.88 0.0 105590.3071
5077.03 5077.03 0.0 105574.9995
5091.17 5091.17 0.0 105559.8428
5105.31 5105.31 0.0 105544.8418
5119.45 5119.45 0.0 105529.9775
5133.6 5133.6 0.0 105515.2407
5147.74 5147.74 0.0 105500.6548
5161.88 5161.88 0.0 105486.2065
5176.02 5176.02 0.0 105471.8975
5190.16 5190.16 0.0 105457.7275
5204.31 5204.31 0.0 105443.6748
5218.45 5218.45 0.0 105429.7578
5232.59 5232.59 0.0 105415.9807
5246.73 5246.73 0.0 105402.3257
5260.87 5260.87 0.0 105388.8013
5275.02 5275.02 0.0 105375.3909
5289.16 5289.16 0.0 105362.1111
5303.3 5303.3 0.0 105348.9570
5317.44 5317.44 0.0 105335.9280
5331.59 5331.59 0.0 105322.9998
5345.73 5345.73 0.0 105310.2085
5359.87 5359.87 0.0 105297.5281
5374.01 5374.01 0.0 105284.9626
5388.15 5388.15 0.0 105272.5178
5402.3 5402.3 0.0 105260.1704
5416.44 5416.44 0.0 105247.9473
5430.58 5430.58 0.0 105235.8362
5444.72 5444.72 0.0 105223.8296
5458.86 5458.86 0.0 105211.9355
5473.01 5473.01 0.0 105200.1367
5487.15 5487.15 0.0 105188.4546
5501.29 5501.29 0.0 105176.8752
5515.43 5515.43 0.0 105165.4001
5529.58 5529.58 0.0 105154.0193
5543.72 5543.72 0.0 105142.7463
5557.86 5557.86 0.0 105131.5720
5572.0 5572.0 0.0 105120.5027
5586.14 5586.14 0.0 105109.5232
5600.29 5600.29 0.0 105098.6396
5614.43 5614.43 0.0 105087.8572
5628.57 5628.57 0.0 105077.1699
5642.71 5642.71 0.0 105066.5754
5656.85 5656.85 0.0 105056.0747
5671.0 5671.0 0.0 105045.6599
5685.14 5685.14 0.0 105035.3396
5699.28 5699.28 0.0 105025.1111
5713.42 5713.42 0.0 105014.9707
5727.56 5727.56 0.0 105004.9189
5741.71 5741.71 0.0 104994.9473
5755.85 5755.85 0.0 104985.0686
5769.99 5769.99 0.0 104975.2791
5784.13 5784.13 0.0 104965.5710
5798.28 5798.28 0.0 104955.9358
5812.42 5812.42 0.0 104946.3965
5826.56 5826.56 0.0 104936.9387
5840.7 5840.7 0.0 104927.5591
5854.84 5854.84 0.0 104918.2598
5868.99 5868.99 0.0 104909.0359
5883.13 5883.13 0.0 104899.8970
5897.27 5897.27 0.0 104890.8337
5911.41 5911.41 0.0 104881.8494
5925.55 5925.55 0.0 104872.9419
5939.7 5939.7 0.0 104864.1067
5953.84 5953.84 0.0 104855.3477
5967.98 5967.98 0.0 104846.6636
5982.12 5982.12 0.0 104838.0547
5996.27 5996.27 0.0 104829.5117
6010.41 6010.41 0.0 104821.0510
6024.55 6024.55 0.0 104812.6555
6038.69 6038.69 0.0 104804.3347
6052.83 6052.83 0.0 104796.0818
6066.98 6066.98 0.0 104787.8945
6081.12 6081.12 0.0 104779.7842
6095.26 6095.26 0.0 104771.7371
6109.4 6109.4 0.0 104763.7578
6123.54 6123.54 0.0 104755.8477
6137.69 6137.69 0.0 104747.9976
6151.83 6151.83 0.0 104740.2212
6165.97 6165.97 0.0 104732.5044
6180.11 6180.11 0.0 104724.8601
6194.26 6194.26 0.0 104717.2668
6208.4 6208.4 0.0 104709.7485
6222.54 6222.54 0.0 104702.2886
6236.68 6236.68 0.0 104694.8931
6250.82 6250.82 0.0 104687.5605
6264.97 6264.97 0.0 104680.2820
6279.11 6279.11 0.0 104673.0652
6293.25 6293.25 0.0 104665.9153
6307.39 6307.39 0.0 104658.8218
6321.53 6321.53 0.0 104651.7871
6335.68 6335.68 0.0 104644.8071
6349.82 6349.82 0.0 104637.8955
6363.96 6363.96 0.0 104631.0327
6378.1 6378.1 0.0 104624.2314
6392.25 6392.25 0.0 104617.4817
6406.39 6406.39 0.0 104610.7908
6420.53 6420.53 0.0 104604.1592
6434.67 6434.67 0.0 104597.5796
6448.81 6448.81 0.0 104591.0583
6462.96 6462.96 0.0 104584.5837
6477.1 6477.1 0.0 104578.1692
6491.24 6491.24 0.0 104571.8071
6505.38 6505.38 0.0 104565.4990
6519.52 6519.52 0.0 104559.2417
6533.67 6533.67 0.0 104553.0352
6547.81 6547.81 0.0 104546.8831
6561.95 6561.95 0.0 104540.7822
6576.09 6576.09 0.0 104534.7334
6590.24 6590.24 0.0 104528.7292
6604.38 6604.38 0.0 104522.7803
6618.52 6618.52 0.0 104516.8818
6632.66 6632.66 0.0 104511.0337
6646.8 6646.8 0.0 104505.2329
6660.95 6660.95 0.0 104499.4771
6675.09 6675.09 0.0 104493.7725
6689.23 6689.23 0.0 104488.1155
6703.37 6703.37 0.0 104482.5112
6717.51 6717.51 0.0 104476.9512
6731.66 6731.66 0.0 104471.4324
6745.8 6745.8 0.0 104465.9631
6759.94 6759.94 0.0 104460.5430
6774.08 6774.08 0.0 104455.1672
6788.23 6788.23 0.0 104449.8337
6802.37 6802.37 0.0 104444.5496
6816.51 6816.51 0.0 104439.3096
6830.65 6830.65 0.0 104434.1157
6844.79 6844.79 0.0 104428.9653
6858.94 6858.94 0.0 104423.8567
6873.08 6873.08 0.0 104418.7915
6887.22 6887.22 0.0 104413.7698
6901.36 6901.36 0.0 104408.7959
6915.5 6915.5 0.0 104403.8621
6929.65 6929.65 0.0 104398.9658
6943.79 6943.79 0.0 104394.1179
6957.93 6957.93 0.0 104389.3071
6972.07 6972.07 0.0 104384.5413
6986.21 6986.21 0.0 104379.8196
7000.36 7000.36 0.0 104375.1313
7014.5 7014.5 0.0 104370.4878
7028.64 7028.64 0.0 104365.8833
7042.78 7042.78 0.0 104361.3215
7056.93 7056.93 0.0 104356.7974
7071.07 7071.07 0.0 104352.3142
7085.21 7085.21 0.0 104347.8694
7099.35 7099.35 0.0 104343.4673
7113.49 7113.49 0.0 104339.1001
7127.64 7127.64 0.0 104334.7705
7141.78 7141.78 0.0 104330.4861
7155.92 7155.92 0.0 104326.2334
7170.06 7170.06 0.0 104322.0210
7184.2 7184.2 0.0 104317.8469
7198.35 7198.35 0.0 104313.7075
7212.49 7212.49 0.0 104309.6064
7226.63 7226.63 0.0 104305.5452
7240.77 7240.77 0.0 104301.5188
7254.92 7254.92 0.0 104297.5278
7269.06 7269.06 0.0 104293.5747
7283.2 7283.2 0.0 104289.6565
7297.34 7297.34 0.0 104285.7756
7311.48 7311.48 0.0 104281.9312
7325.63 7325.63 0.0 104278.1182
7339.77 7339.77 0.0 104274.3423
7353.91 7353.91 0.0 104270.6038
7368.05 7368.05 0.0 104266.9009
7382.19 7382.19 0.0 104263.2317
7396.34 7396.34 0.0 104259.5938
7410.48 7410.48 0.0 104255.9939
7424.62 7424.62 0.0 104252.4233
7438.76 7438.76 0.0 104248.8936
7452.91 7452.91 0.0 104245.3899
7467.05 7467.05 0.0 104241.9268
7481.19 7481.19 0.0 104238.4924
7495.33 7495.33 0.0 104235.0933
7509.47 7509.47 0.0 104231.7253
7523.62 7523.62 0.0 104228.3904
7537.76 7537.76 0.0 104225.0896
7551.9 7551.9 0.0 104221.8215
7566.04 7566.04 0.0 104218.5820
7580.18 7580.18 0.0 104215.3806
7594.33 7594.33 0.0 104212.2070
7608.47 7608.47 0.0 104209.0635
7622.61 7622.61 0.0 104205.9563
7636.75 7636.75 0.0 104202.8770
7650.9 7650.9 0.0 104199.8281
7665.04 7665.04 0.0 104196.8167
7679.18 7679.18 0.0 104193.8291
7693.32 7693.32 0.0 104190.8762
7707.46 7707.46 0.0 104187.9534
7721.61 7721.61 0.0 104185.0537
7735.75 7735.75 0.0 104182.1941
7749.89 7749.89 0.0 104179.3628
7764.03 7764.03 0.0 104176.5588
7778.17 7778.17 0.0 104173.7876
