0.0 0.0 0.0 189809.6797
14.1421 14.1421 0.0 203555.6406
28.2843 28.2843 0.0 203012.1484
42.4264 42.4264 0.0 202984.5547
56.5685 56.5685 0.0 203119.1172
70.7107 70.7107 0.0 203315.3672
84.8528 84.8528 0.0 203533.9297
98.9949 98.9949 0.0 203756.7188
113.137 113.137 0.0 203974.8203
127.279 127.279 0.0 204183.5156
141.421 141.421 0.0 204380.4219
155.563 155.563 0.0 204564.3750
169.706 169.706 0.0 204734.8906
183.848 183.848 0.0 204891.8906
197.99 197.99 0.0 205035.5391
212.132 212.132 0.0 205166.1641
226.274 226.274 0.0 205284.2266
240.416 240.416 0.0 205390.0781
254.558 254.558 0.0 205484.1797
268.701 268.701 0.0 205567.0625
282.843 282.843 0.0 205639.0703
296.985 296.985 0.0 205700.7578
311.127 311.127 0.0 205752.4297
325.269 325.269 0.0 205794.5625
339.411 339.411 0.0 205827.5078
353.553 353.553 0.0 205851.6172
367.696 367.696 0.0 205867.2891
381.838 381.838 0.0 205874.8125
395.98 395.98 0.0 205874.5234
410.122 410.122 0.0 205866.7422
424.264 424.264 0.0 205851.6172
438.406 438.406 0.0 205829.5625
452.548 452.548 0.0 205800.7500
466.69 466.69 0.0 205765.3750
480.833 480.833 0.0 205723.7734
494.975 494.975 0.0 205676.0625
509.117 509.117 0.0 205622.4688
523.259 523.259 0.0 205563.1641
537.401 537.401 0.0 205498.3516
551.543 551.543 0.0 205428.2266
565.685 565.685 0.0 205352.8750
579.828 579.828 0.0 205272.5078
593.97 593.97 0.0 205187.2578
608.112 608.112 0.0 205097.2578
622.254 622.254 0.0 205002.6484
636.396 636.396 0.0 204903.5234
650.538 650.538 0.0 204800.0469
664.68 664.68 0.0 204692.2734
678.823 678.823 0.0 204580.3203
692.965 692.965 0.0 204464.3672
707.107 707.107 0.0 204344.4375
721.249 721.249 0.0 204220.6406
735.391 735.391 0.0 204093.0625
749.533 749.533 0.0 203961.8125
763.675 763.675 0.0 203826.8906
777.817 777.817 0.0 203688.4531
791.96 791.96 0.0 203546.5781
806.102 806.102 0.0 203401.3203
820.244 820.244 0.0 203252.7031
834.386 834.386 0.0 203100.7891
848.528 848.528 0.0 202945.7266
862.67 862.67 0.0 202787.4844
876.812 876.812 0.0 202626.1641
890.955 890.955 0.0 202461.7891
905.097 905.097 0.0 202294.4531
919.239 919.239 0.0 202124.1016
933.381 933.381 0.0 201950.9453
947.523 947.523 0.0 201774.9531
961.665 961.665 0.0 201596.1016
975.807 975.807 0.0 201414.5078
989.949 989.949 0.0 201230.2188
1004.09 1004.09 0.0 201043.2031
1018.23 1018.23 0.0 200853.6250
1032.38 1032.38 0.0 200661.2734
1046.52 1046.52 0.0 200466.4141
1060.66 1060.66 0.0 200269.1016
1074.8 1074.8 0.0 200069.2266
1088.94 1088.94 0.0 199866.9219
1103.09 1103.09 0.0 199661.9609
1117.23 1117.23 0.0 199454.7734
1131.37 1131.37 0.0 199245.2031
1145.51 1145.51 0.0 199033.2578
1159.66 1159.66 0.0 198818.7734
1173.8 1173.8 0.0 198602.1875
1187.94 1187.94 0.0 198383.2734
1202.08 1202.08 0.0 198162.0781
1216.22 1216.22 0.0 197938.6484
1230.37 1230.37 0.0 197712.8672
1244.51 1244.51 0.0 197485.0469
1258.65 1258.65 0.0 197255.0781
1272.79 1272.79 0.0 197022.8984
1286.93 1286.93 0.0 196788.6172
1301.08 1301.08 0.0 196552.0469
1315.22 1315.22 0.0 196313.5703
1329.36 1329.36 0.0 196073.0156
1343.5 1343.5 0.0 195830.3672
1357.65 1357.65 0.0 195585.6172
1371.79 1371.79 0.0 195338.9453
1385.93 1385.93 0.0 195090.3281
1400.07 1400.07 0.0 194839.7188
1414.21 1414.21 0.0 194587.1016
1428.36 1428.36 0.0 194332.4297
1442.5 1442.5 0.0 194076.0000
1456.64 1456.64 0.0 193817.6797
1470.78 1470.78 0.0 193557.4844
1484.92 1484.92 0.0 193295.3828
1499.07 1499.07 0.0 193031.2812
1513.21 1513.21 0.0 192765.5703
1527.35 1527.35 0.0 192497.9609
1541.49 1541.49 0.0 192228.6719
1555.63 1555.63 0.0 191957.5234
1569.78 1569.78 0.0 191684.4531
1583.92 1583.92 0.0 191409.8672
1598.06 1598.06 0.0 191133.5078
1612.2 1612.2 0.0 190855.4922
1626.35 1626.35 0.0 190575.5938
1640.49 1640.49 0.0 190294.2188
1654.63 1654.63 0.0 190011.2188
1668.77 1668.77 0.0 189726.6250
1682.91 1682.91 0.0 189440.3359
1697.06 1697.06 0.0 189152.3047
1711.2 1711.2 0.0 188862.8906
1725.34 1725.34 0.0 188571.9531
1739.48 1739.48 0.0 188279.4922
1753.62 1753.62 0.0 187985.5391
1767.77 1767.77 0.0 187689.8906
1781.91 1781.91 0.0 187392.9609
1796.05 1796.05 0.0 187094.5859
1810.19 1810.19 0.0 186794.7500
1824.34 1824.34 0.0 186493.3516
1838.48 1838.48 0.0 186190.7578
1852.62 1852.62 0.0 185886.8203
1866.76 1866.76 0.0 185581.5312
1880.9 1880.9 0.0 185274.9453
1895.05 1895.05 0.0 184966.7969
1909.19 1909.19 0.0 184657.6406
1923.33 1923.33 0.0 184347.2188
1937.47 1937.47 0.0 184035.5469
1951.61 1951.61 0.0 183722.6875
1965.76 1965.76 0.0 183408.4219
1979.9 1979.9 0.0 183093.2344
1994.04 1994.04 0.0 182776.9141
2008.18 2008.18 0.0 182459.4141
2022.33 2022.33 0.0 182140.6641
2036.47 2036.47 0.0 181821.0469
2050.61 2050.61 0.0 181500.4453
2064.75 2064.75 0.0 181178.7578
2078.89 2078.89 0.0 180856.1406
2093.04 2093.04 0.0 180532.2891
2107.18 2107.18 0.0 180207.7500
2121.32 2121.32 0.0 179882.2812
2135.46 2135.46 0.0 179555.9375
2149.6 2149.6 0.0 179228.7266
2163.75 2163.75 0.0 178900.4297
2177.89 2177.89 0.0 178571.5703
2192.03 2192.03 0.0 178241.9219
2206.17 2206.17 0.0 177911.5625
2220.32 2220.32 0.0 177580.2188
2234.46 2234.46 0.0 177248.3828
2248.6 2248.6 0.0 176915.8750
2262.74 2262.74 0.0 176582.7031
2276.88 2276.88 0.0 176248.9375
2291.03 2291.03 0.0 175914.3672
2305.17 2305.17 0.0 175579.4219
2319.31 2319.31 0.0 175243.9922
2333.45 2333.45 0.0 174907.9922
2347.59 2347.59 0.0 174571.5234
2361.74 2361.74 0.0 174234.3984
2375.88 2375.88 0.0 173897.0703
2390.02 2390.02 0.0 173559.3438
2404.16 2404.16 0.0 173221.2031
2418.31 2418.31 0.0 172882.5312
2432.45 2432.45 0.0 172543.7969
2446.59 2446.59 0.0 172204.7266
2460.73 2460.73 0.0 171865.4141
2474.87 2474.87 0.0 171525.8906
2489.02 2489.02 0.0 171185.9688
2503.16 2503.16 0.0 170846.0234
2517.3 2517.3 0.0 170506.0234
2531.44 2531.44 0.0 170165.8516
2545.58 2545.58 0.0 169825.6484
2559.73 2559.73 0.0 169485.1016
2573.87 2573.87 0.0 169144.7812
2588.01 2588.01 0.0 168804.4609
2602.15 2602.15 0.0 168464.1797
2616.3 2616.3 0.0 168123.6953
2630.44 2630.44 0.0 167783.5547
2644.58 2644.58 0.0 167443.4922
2658.72 2658.72 0.0 167103.6016
2672.86 2672.86 0.0 166763.8828
2687.01 2687.01 0.0 166424.1211
2701.15 2701.15 0.0 166084.7969
2715.29 2715.29 0.0 165745.7383
2729.43 2729.43 0.0 165406.9688
2743.57 2743.57 0.0 165068.4805
2757.72 2757.72 0.0 164730.0820
2771.86 2771.86 0.0 164392.3008
2786.0 2786.0 0.0 164054.9023
2800.14 2800.14 0.0 163717.8945
2814.28 2814.28 0.0 163381.3594
2828.43 2828.43 0.0 163045.0586
2842.57 2842.57 0.0 162709.4258
2856.71 2856.71 0.0 162374.3516
2870.85 2870.85 0.0 162039.8125
2885.0 2885.0 0.0 161705.5977
2899.14 2899.14 0.0 161372.2188
2913.28 2913.28 0.0 161039.4688
2927.42 2927.42 0.0 160707.3281
2941.56 2941.56 0.0 160375.8594
2955.71 2955.71 0.0 160044.8555
2969.85 2969.85 0.0 159714.7852
2983.99 2983.99 0.0 159385.4922
2998.13 2998.13 0.0 159056.8984
3012.27 3012.27 0.0 158729.1289
3026.42 3026.42 0.0 158401.9180
3040.56 3040.56 0.0 158075.7578
3054.7 3054.7 0.0 157750.4609
3068.84 3068.84 0.0 157426.0234
3082.99 3082.99 0.0 157102.2344
3097.13 3097.13 0.0 156779.6055
3111.27 3111.27 0.0 156457.8984
3125.41 3125.41 0.0 156137.1445
3139.55 3139.55 0.0 155817.3711
3153.7 3153.7 0.0 155498.3555
3167.84 3167.84 0.0 155180.5938
3181.98 3181.98 0.0 154863.8516
3196.12 3196.12 0.0 154548.1445
3210.26 3210.26 0.0 154233.5156
3224.41 3224.41 0.0 153919.7422
3238.55 3238.55 0.0 153607.3242
3252.69 3252.69 0.0 153295.9727
3266.83 3266.83 0.0 152985.8164
3280.98 3280.98 0.0 152676.5742
3295.12 3295.12 0.0 152368.7422
3309.26 3309.26 0.0 152062.0469
3323.4 3323.4 0.0 151756.5625
3337.54 3337.54 0.0 151452.3242
3351.69 3351.69 0.0 151149.0781
3365.83 3365.83 0.0 150847.2695
3379.97 3379.97 0.0 150546.7578
3394.11 3394.11 0.0 150247.5078
3408.25 3408.25 0.0 149949.5430
3422.4 3422.4 0.0 149652.6719
3436.54 3436.54 0.0 149357.3086
3450.68 3450.68 0.0 149063.2930
3464.82 3464.82 0.0 148770.5977
3478.97 3478.97 0.0 148479.0312
3493.11 3493.11 0.0 148189.0273
3507.25 3507.25 0.0 147900.4180
3521.39 3521.39 0.0 147613.1875
3535.53 3535.53 0.0 147327.3008
3549.68 3549.68 0.0 147042.6602
3563.82 3563.82 0.0 146759.5859
3577.96 3577.96 0.0 146477.9648
3592.1 3592.1 0.0 146197.7227
3606.24 3606.24 0.0 145918.9336
3620.39 3620.39 0.0 145641.4336
3634.53 3634.53 0.0 145365.5273
3648.67 3648.67 0.0 145091.0898
3662.81 3662.81 0.0 144818.1055
3676.96 3676.96 0.0 144546.4023
3691.1 3691.1 0.0 144276.3711
3705.24 3705.24 0.0 144007.8164
3719.38 3719.38 0.0 143740.7617
3733.52 3733.52 0.0 143475.1719
3747.67 3747.67 0.0 143210.9062
3761.81 3761.81 0.0 142948.3242
3775.95 3775.95 0.0 142687.2539
3790.09 3790.09 0.0 142427.6875
3804.23 3804.23 0.0 142169.6211
3818.38 3818.38 0.0 141912.8984
3832.52 3832.52 0.0 141657.8633
3846.66 3846.66 0.0 141404.3828
3860.8 3860.8 0.0 141152.3984
3874.95 3874.95 0.0 140901.7578
3889.09 3889.09 0.0 140652.8359
3903.23 3903.23 0.0 140405.4375
3917.37 3917.37 0.0 140159.5859
3931.51 3931.51 0.0 139915.2188
3945.66 3945.66 0.0 139672.2695
3959.8 3959.8 0.0 139430.9844
3973.94 3973.94 0.0 139191.2422
3988.08 3988.08 0.0 138953.0391
4002.22 4002.22 0.0 138716.3750
4016.37 4016.37 0.0 138481.0703
4030.51 4030.51 0.0 138247.4648
4044.65 4044.65 0.0 138015.3750
4058.79 4058.79 0.0 137784.8359
4072.94 4072.94 0.0 137555.6523
4087.08 4087.08 0.0 137328.1445
4101.22 4101.22 0.0 137102.1875
4115.36 4115.36 0.0 136877.7383
4129.5 4129.5 0.0 136654.7812
4143.65 4143.65 0.0 136433.2227
4157.79 4157.79 0.0 136213.3281
4171.93 4171.93 0.0 135994.9570
4186.07 4186.07 0.0 135778.0586
4200.21 4200.21 0.0 135562.6836
4214.36 4214.36 0.0 135348.6641
4228.5 4228.5 0.0 135136.2891
4242.64 4242.64 0.0 134925.4180
4256.78 4256.78 0.0 134716.0312
4270.92 4270.92 0.0 134508.1406
4285.07 4285.07 0.0 134301.5703
4299.21 4299.21 0.0 134096.6211
4313.35 4313.35 0.0 133893.1641
4327.49 4327.49 0.0 133691.1387
4341.64 4341.64 0.0 133490.4863
4355.78 4355.78 0.0 133291.3984
4369.92 4369.92 0.0 133093.7695
4384.06 4384.06 0.0 132897.6055
4398.2 4398.2 0.0 132702.8555
4412.35 4412.35 0.0 132509.4414
4426.49 4426.49 0.0 132317.5703
4440.63 4440.63 0.0 132127.1172
4454.77 4454.77 0.0 131938.1152
4468.91 4468.91 0.0 131750.5059
4483.06 4483.06 0.0 131564.1699
4497.2 4497.2 0.0 131379.3750
4511.34 4511.34 0.0 131195.9805
4525.48 4525.48 0.0 131013.9551
4539.63 4539.63 0.0 130833.2070
4553.77 4553.77 0.0 130653.9707
4567.91 4567.91 0.0 130476.0684
4582.05 4582.05 0.0 130299.5488
4596.19 4596.19 0.0 130124.3945
4610.34 4610.34 0.0 129950.4551
4624.48 4624.48 0.0 129777.9766
4638.62 4638.62 0.0 129606.8340
4652.76 4652.76 0.0 129437.0391
4666.9 4666.9 0.0 129268.5371
4681.05 4681.05 0.0 129101.2344
4695.19 4695.19 0.0 128935.3691
4709.33 4709.33 0.0 128770.8008
4723.47 4723.47 0.0 128607.5215
4737.62 4737.62 0.0 128445.4297
4751.76 4751.76 0.0 128284.7148
4765.9 4765.9 0.0 128125.2520
4780.04 4780.04 0.0 127967.0742
4794.18 4794.18 0.0 127810.1523
4808.33 4808.33 0.0 127654.3477
4822.47 4822.47 0.0 127499.8965
4836.61 4836.61 0.0 127346.6895
4850.75 4850.75 0.0 127194.7090
4864.89 4864.89 0.0 127043.9414
4879.04 4879.04 0.0 126894.2734
4893.18 4893.18 0.0 126745.9199
4907.32 4907.32 0.0 126598.7324
4921.46 4921.46 0.0 126452.7656
4935.61 4935.61 0.0 126307.8613
4949.75 4949.75 0.0 126164.2324
4963.89 4963.89 0.0 126021.7578
4978.03 4978.03 0.0 125880.4551
4992.17 4992.17 0.0 125740.2773
5006.32 5006.32 0.0 125601.1484
5020.46 5020.46 0.0 125463.2559
5034.6 5034.6 0.0 125326.4766
5048.74 5048.74 0.0 125190.8281
5062.88 5062.88 0.0 125056.2715
5077.03 5077.03 0.0 124922.7422
5091.17 5091.17 0.0 124790.3633
5105.31 5105.31 0.0 124659.1172
5119.45 5119.45 0.0 124528.9199
5133.6 5133.6 0.0 124399.7012
5147.74 5147.74 0.0 124271.6562
5161.88 5161.88 0.0 124144.6406
5176.02 5176.02 0.0 124018.6836
5190.16 5190.16 0.0 123893.7520
5204.31 5204.31 0.0 123769.7793
5218.45 5218.45 0.0 123646.9238
5232.59 5232.59 0.0 123525.0566
5246.73 5246.73 0.0 123404.2246
5260.87 5260.87 0.0 123284.3848
5275.02 5275.02 0.0 123165.4551
5289.16 5289.16 0.0 123047.5859
5303.3 5303.3 0.0 122930.7148
5317.44 5317.44 0.0 122814.7969
5331.59 5331.59 0.0 122699.7734
5345.73 5345.73 0.0 122585.7812
5359.87 5359.87 0.0 122472.7402
5374.01 5374.01 0.0 122360.6387
5388.15 5388.15 0.0 122249.4668
5402.3 5402.3 0.0 122139.1582
5416.44 5416.44 0.0 122029.8457
5430.58 5430.58 0.0 121921.4355
5444.72 5444.72 0.0 121813.9355
5458.86 5458.86 0.0 121707.3184
5473.01 5473.01 0.0 121601.5312
5487.15 5487.15 0.0 121496.7246
5501.29 5501.29 0.0 121392.7637
5515.43 5515.43 0.0 121289.6836
5529.58 5529.58 0.0 121187.3848
5543.72 5543.72 0.0 121086.0449
5557.86 5557.86 0.0 120985.5234
5572.0 5572.0 0.0 120885.8555
5586.14 5586.14 0.0 120787.0176
5600.29 5600.29 0.0 120688.9473
5614.43 5614.43 0.0 120591.7637
5628.57 5628.57 0.0 120495.4062
5642.71 5642.71 0.0 120399.8594
5656.85 5656.85 0.0 120305.1055
5671.0 5671.0 0.0 120211.0898
5685.14 5685.14 0.0 120117.9219
5699.28 5699.28 0.0 120025.5215
5713.42 5713.42 0.0 119933.9199
5727.56 5727.56 0.0 119843.0879
5741.71 5741.71 0.0 119752.9570
5755.85 5755.85 0.0 119663.6328
5769.99 5769.99 0.0 119575.0645
5784.13 5784.13 0.0 119487.2461
5798.28 5798.28 0.0 119400.1074
5812.42 5812.42 0.0 119313.7676
5826.56 5826.56 0.0 119228.1445
5840.7 5840.7 0.0 119143.2363
5854.84 5854.84 0.0 119059.0703
5868.99 5868.99 0.0 118975.5332
5883.13 5883.13 0.0 118892.7676
5897.27 5897.27 0.0 118810.6855
5911.41 5911.41 0.0 118729.3086
5925.55 5925.55 0.0 118648.6055
5939.7 5939.7 0.0 118568.5410
5953.84 5953.84 0.0 118489.1934
5967.98 5967.98 0.0 118410.5156
5982.12 5982.12 0.0 118332.5000
5996.27 5996.27 0.0 118255.0918
6010.41 6010.41 0.0 118178.3848
6024.55 6024.55 0.0 118102.3262
6038.69 6038.69 0.0 118026.9023
6052.83 6052.83 0.0 117952.1270
6066.98 6066.98 0.0 117877.9316
6081.12 6081.12 0.0 117804.4023
6095.26 6095.26 0.0 117731.4980
6109.4 6109.4 0.0 117659.1982
6123.54 6123.54 0.0 117587.5293
6137.69 6137.69 0.0 117516.3965
6151.83 6151.83 0.0 117445.9160
6165.97 6165.97 0.0 117376.0186
6180.11 6180.11 0.0 117306.7266
6194.26 6194.26 0.0 117237.9707
6208.4 6208.4 0.0 117169.8311
6222.54 6222.54 0.0 117102.2783
6236.68 6236.68 0.0 117035.2793
6250.82 6250.82 0.0 116968.8613
6264.97 6264.97 0.0 116902.9395
6279.11 6279.11 0.0 116837.6250
6293.25 6293.25 0.0 116772.8750
6307.39 6307.39 0.0 116708.6621
6321.53 6321.53 0.0 116644.9814
6335.68 6335.68 0.0 116581.8027
6349.82 6349.82 0.0 116519.1895
6363.96 6363.96 0.0 116457.1191
6378.1 6378.1 0.0 116395.5713
6392.25 6392.25 0.0 116334.4854
6406.39 6406.39 0.0 116273.9629
6420.53 6420.53 0.0 116213.9492
6434.67 6434.67 0.0 116154.4512
6448.81 6448.81 0.0 116095.4531
6462.96 6462.96 0.0 116036.8975
6477.1 6477.1 0.0 115978.8838
6491.24 6491.24 0.0 115921.3594
6505.38 6505.38 0.0 115864.3154
6519.52 6519.52 0.0 115807.7529
6533.67 6533.67 0.0 115751.6270
6547.81 6547.81 0.0 115696.0234
6561.95 6561.95 0.0 115640.8955
6576.09 6576.09 0.0 115586.2090
6590.24 6590.24 0.0 115531.9580
6604.38 6604.38 0.0 115478.2002
6618.52 6618.52 0.0 115424.8975
6632.66 6632.66 0.0 115372.0342
6646.8 6646.8 0.0 115319.6270
6660.95 6660.95 0.0 115267.6230
6675.09 6675.09 0.0 115216.1025
6689.23 6689.23 0.0 115165.0059
6703.37 6703.37 0.0 115114.3438
6717.51 6717.51 0.0 115064.1133
6731.66 6731.66 0.0 115014.2666
6745.8 6745.8 0.0 114964.8701
6759.94 6759.94 0.0 114915.9014
6774.08 6774.08 0.0 114867.3379
6788.23 6788.23 0.0 114819.1523
6802.37 6802.37 0.0 114771.4170
6816.51 6816.51 0.0 114724.0771
6830.65 6830.65 0.0 114677.1436
6844.79 6844.79 0.0 114630.5938
6858.94 6858.94 0.0 114584.4189
6873.08 6873.08 0.0 114538.6660
6887.22 6887.22 0.0 114493.2939
6901.36 6901.36 0.0 114448.3145
6915.5 6915.5 0.0 114403.7031
6929.65 6929.65 0.0 114359.4541
6943.79 6943.79 0.0 114315.5918
6957.93 6957.93 0.0 114272.1104
6972.07 6972.07 0.0 114228.9932
6986.21 6986.21 0.0 114186.2568
7000.36 7000.36 0.0 114143.8428
7014.5 7014.5 0.0 114101.8096
7028.64 7028.64 0.0 114060.1484
7042.78 7042.78 0.0 114018.8457
7056.93 7056.93 0.0 113977.8555
7071.07 7071.07 0.0 113937.2363
7085.21 7085.21 0.0 113896.9668
7099.35 7099.35 0.0 113857.0449
7113.49 7113.49 0.0 113817.4746
7127.64 7127.64 0.0 113778.1924
7141.78 7141.78 0.0 113739.2803
7155.92 7155.92 0.0 113700.6895
7170.06 7170.06 0.0 113662.4502
7184.2 7184.2 0.0 113624.5166
7198.35 7198.35 0.0 113586.9014
7212.49 7212.49 0.0 113549.6094
7226.63 7226.63 0.0 113512.6543
7240.77 7240.77 0.0 113476.0176
7254.92 7254.92 0.0 113439.6641
7269.06 7269.06 0.0 113403.6416
7283.2 7283.2 0.0 113367.9365
7297.34 7297.34 0.0 113332.5352
7311.48 7311.48 0.0 113297.4355
7325.63 7325.63 0.0 113262.6201
7339.77 7339.77 0.0 113228.1191
7353.91 7353.91 0.0 113193.9258
7368.05 7368.05 0.0 113160.0254
7382.19 7382.19 0.0 113126.4072
7396.34 7396.34 0.0 113093.0684
7410.48 7410.48 0.0 113060.0391
7424.62 7424.62 0.0 113027.2949
7438.76 7438.76 0.0 112994.8213
7452.91 7452.91 0.0 112962.6279
7467.05 7467.05 0.0 112930.7285
7481.19 7481.19 0.0 112899.0908
7495.33 7495.33 0.0 112867.7510
7509.47 7509.47 0.0 112836.6709
7523.62 7523.62 0.0 112805.8330
7537.76 7537.76 0.0 112775.3057
7551.9 7551.9 0.0 112745.0400
7566.04 7566.04 0.0 112715.0234
7580.18 7580.18 0.0 112685.2900
7594.33 7594.33 0.0 112655.7852
7608.47 7608.47 0.0 112626.5645
7622.61 7622.61 0.0 112597.5996
7636.75 7636.75 0.0 112568.8955
7650.9 7650.9 0.0 112540.4082
7665.04 7665.04 0.0 112512.2041
7679.18 7679.18 0.0 112484.2520
7693.32 7693.32 0.0 112456.5371
7707.46 7707.46 0.0 112429.0811
7721.61 7721.61 0.0 112401.8389
7735.75 7735.75 0.0 112374.8613
7749.89 7749.89 0.0 112348.1230
7764.03 7764.03 0.0 112321.6357
7778.17 7778.17 0.0 112295.3633
