0.0 0.0 0.0 223692.9609
14.1421 14.1421 0.0 287235.0156
28.2843 28.2843 0.0 301013.8906
42.4264 42.4264 0.0 309273.3594
56.5685 56.5685 0.0 314752.7344
70.7107 70.7107 0.0 318502.9375
84.8528 84.8528 0.0 321059.8438
98.9949 98.9949 0.0 322738.9219
113.137 113.137 0.0 323745.2969
127.279 127.279 0.0 324220.0938
141.421 141.421 0.0 324265.9844
155.563 155.563 0.0 323959.8906
169.706 169.706 0.0 323361.1875
183.848 183.848 0.0 322517.0312
197.99 197.99 0.0 321465.1250
212.132 212.132 0.0 320236.7500
226.274 226.274 0.0 318857.1562
240.416 240.416 0.0 317348.2188
254.558 254.558 0.0 315728.1250
268.701 268.701 0.0 314012.2656
282.843 282.843 0.0 312214.5000
296.985 296.985 0.0 310345.9844
311.127 311.127 0.0 308417.2031
325.269 325.269 0.0 306436.6875
339.411 339.411 0.0 304412.4531
353.553 353.553 0.0 302351.2656
367.696 367.696 0.0 300259.2344
381.838 381.838 0.0 298141.7188
395.98 395.98 0.0 296003.6875
410.122 410.122 0.0 293849.2656
424.264 424.264 0.0 291682.4531
438.406 438.406 0.0 289506.5781
452.548 452.548 0.0 287324.7500
466.69 466.69 0.0 285139.8438
480.833 480.833 0.0 282954.1562
494.975 494.975 0.0 280770.2656
509.117 509.117 0.0 278590.0938
523.259 523.259 0.0 276415.3906
537.401 537.401 0.0 274247.9062
551.543 551.543 0.0 272089.1875
565.685 565.685 0.0 269940.5156
579.828 579.828 0.0 267802.9844
593.97 593.97 0.0 265678.0312
608.112 608.112 0.0 263566.3906
622.254 622.254 0.0 261469.1562
636.396 636.396 0.0 259387.0469
650.538 650.538 0.0 257320.7344
664.68 664.68 0.0 255271.0469
678.823 678.823 0.0 253238.2656
692.965 692.965 0.0 251223.2188
707.107 707.107 0.0 249226.3281
721.249 721.249 0.0 247248.0000
735.391 735.391 0.0 245288.5156
749.533 749.533 0.0 243348.2812
763.675 763.675 0.0 241427.4688
777.817 777.817 0.0 239526.5000
791.96 791.96 0.0 237645.3281
806.102 806.102 0.0 235784.4219
820.244 820.244 0.0 233943.8125
834.386 834.386 0.0 232123.6953
848.528 848.528 0.0 230324.0547
862.67 862.67 0.0 228544.9766
876.812 876.812 0.0 226786.6406
890.955 890.955 0.0 225048.7891
905.097 905.097 0.0 223331.8281
919.239 919.239 0.0 221635.5625
933.381 933.381 0.0 219959.9766
947.523 947.523 0.0 218305.1172
961.665 961.665 0.0 216670.7969
975.807 975.807 0.0 215057.1016
989.949 989.949 0.0 213463.8906
1004.09 1004.09 0.0 211891.1875
1018.23 1018.23 0.0 210338.9609
1032.38 1032.38 0.0 208805.8906
1046.52 1046.52 0.0 207294.0391
1060.66 1060.66 0.0 205802.1484
1074.8 1074.8 0.0 204330.2422
1088.94 1088.94 0.0 202878.0625
1103.09 1103.09 0.0 201444.4375
1117.23 1117.23 0.0 200031.4297
1131.37 1131.37 0.0 198637.7266
1145.51 1145.51 0.0 197263.2266
1159.66 1159.66 0.0 195906.8125
1173.8 1173.8 0.0 194570.3047
1187.94 1187.94 0.0 193252.4453
1202.08 1202.08 0.0 191953.1797
1216.22 1216.22 0.0 190672.3438
1230.37 1230.37 0.0 189408.7891
1244.51 1244.51 0.0 188164.1953
1258.65 1258.65 0.0 186937.5312
1272.79 1272.79 0.0 185728.4766
1286.93 1286.93 0.0 184537.0000
1301.08 1301.08 0.0 183361.9844
1315.22 1315.22 0.0 182205.0156
1329.36 1329.36 0.0 181064.9844
1343.5 1343.5 0.0 179941.7109
1357.65 1357.65 0.0 178834.2578
1371.79 1371.79 0.0 177744.0000
1385.93 1385.93 0.0 176669.9531
1400.07 1400.07 0.0 175611.9688
1414.21 1414.21 0.0 174569.8125
1428.36 1428.36 0.0 173542.5703
1442.5 1442.5 0.0 172531.5312
1456.64 1456.64 0.0 171535.7812
1470.78 1470.78 0.0 170555.1016
1484.92 1484.92 0.0 169589.3281
1499.07 1499.07 0.0 168637.5781
1513.21 1513.21 0.0 167701.0234
1527.35 1527.35 0.0 166778.8203
1541.49 1541.49 0.0 165870.7578
1555.63 1555.63 0.0 164976.6797
1569.78 1569.78 0.0 164095.7461
1583.92 1583.92 0.0 163229.0117
1598.06 1598.06 0.0 162375.7305
1612.2 1612.2 0.0 161535.6445
1626.35 1626.35 0.0 160708.0312
1640.49 1640.49 0.0 159893.8711
1654.63 1654.63 0.0 159092.4062
1668.77 1668.77 0.0 158303.4297
1682.91 1682.91 0.0 157526.8398
1697.06 1697.06 0.0 156761.8086
1711.2 1711.2 0.0 156009.3320
1725.34 1725.34 0.0 155268.6836
1739.48 1739.48 0.0 154539.6562
1753.62 1753.62 0.0 153822.1094
1767.77 1767.77 0.0 153115.3828
1781.91 1781.91 0.0 152420.2578
1796.05 1796.05 0.0 151736.1172
1810.19 1810.19 0.0 151062.8281
1824.34 1824.34 0.0 150399.6875
1838.48 1838.48 0.0 149747.5195
1852.62 1852.62 0.0 149105.6680
1866.76 1866.76 0.0 148473.9922
1880.9 1880.9 0.0 147852.3242
1895.05 1895.05 0.0 147240.1094
1909.19 1909.19 0.0 146638.0430
1923.33 1923.33 0.0 146045.5117
1937.47 1937.47 0.0 145462.4141
1951.61 1951.61 0.0 144888.6055
1965.76 1965.76 0.0 144323.4883
1979.9 1979.9 0.0 143767.7695
1994.04 1994.04 0.0 143220.9062
2008.18 2008.18 0.0 142682.7109
2022.33 2022.33 0.0 142152.7148
2036.47 2036.47 0.0 141631.5078
2050.61 2050.61 0.0 141118.6133
2064.75 2064.75 0.0 140613.8750
2078.89 2078.89 0.0 140117.1641
2093.04 2093.04 0.0 139627.9961
2107.18 2107.18 0.0 139146.9688
2121.32 2121.32 0.0 138673.5547
2135.46 2135.46 0.0 138207.6836
2149.6 2149.6 0.0 137749.2227
2163.75 2163.75 0.0 137297.7031
2177.89 2177.89 0.0 136853.6602
2192.03 2192.03 0.0 136416.6758
2206.17 2206.17 0.0 135986.6211
2220.32 2220.32 0.0 135563.0859
2234.46 2234.46 0.0 135146.5391
2248.6 2248.6 0.0 134736.5977
2262.74 2262.74 0.0 134333.1250
2276.88 2276.88 0.0 133936.0352
2291.03 2291.03 0.0 133544.9395
2305.17 2305.17 0.0 133160.3027
2319.31 2319.31 0.0 132781.7168
2333.45 2333.45 0.0 132409.0938
2347.59 2347.59 0.0 132042.3320
2361.74 2361.74 0.0 131681.0801
2375.88 2375.88 0.0 131325.7480
2390.02 2390.02 0.0 130976.0078
2404.16 2404.16 0.0 130631.7422
2418.31 2418.31 0.0 130292.6191
2432.45 2432.45 0.0 129959.0547
2446.59 2446.59 0.0 129630.7129
2460.73 2460.73 0.0 129307.4727
2474.87 2474.87 0.0 128989.2598
2489.02 2489.02 0.0 128675.7891
2503.16 2503.16 0.0 128367.4160
2517.3 2517.3 0.0 128063.8262
2531.44 2531.44 0.0 127764.9434
2545.58 2545.58 0.0 127470.6973
2559.73 2559.73 0.0 127180.7871
2573.87 2573.87 0.0 126895.5488
2588.01 2588.01 0.0 126614.7227
2602.15 2602.15 0.0 126338.2051
2616.3 2616.3 0.0 126065.7617
2630.44 2630.44 0.0 125797.6816
2644.58 2644.58 0.0 125533.7207
2658.72 2658.72 0.0 125273.7812
2672.86 2672.86 0.0 125017.8164
2687.01 2687.01 0.0 124765.5762
2701.15 2701.15 0.0 124517.3652
2715.29 2715.29 0.0 124272.9121
2729.43 2729.43 0.0 124032.1816
2743.57 2743.57 0.0 123795.0996
2757.72 2757.72 0.0 123561.4258
2771.86 2771.86 0.0 123331.4492
2786.0 2786.0 0.0 123104.9336
2800.14 2800.14 0.0 122881.8496
2814.28 2814.28 0.0 122662.0820
2828.43 2828.43 0.0 122445.4766
2842.57 2842.57 0.0 122232.2539
2856.71 2856.71 0.0 122022.2207
2870.85 2870.85 0.0 121815.3086
2885.0 2885.0 0.0 121611.3398
2899.14 2899.14 0.0 121410.5449
2913.28 2913.28 0.0 121212.7266
2927.42 2927.42 0.0 121017.8223
2941.56 2941.56 0.0 120825.7930
2955.71 2955.71 0.0 120636.4629
2969.85 2969.85 0.0 120450.0449
2983.99 2983.99 0.0 120266.3828
2998.13 2998.13 0.0 120085.3867
3012.27 3012.27 0.0 119907.0391
3026.42 3026.42 0.0 119731.1680
3040.56 3040.56 0.0 119557.9902
3054.7 3054.7 0.0 119387.3145
3068.84 3068.84 0.0 119219.1016
3082.99 3082.99 0.0 119053.2305
3097.13 3097.13 0.0 118889.8516
3111.27 3111.27 0.0 118728.8340
3125.41 3125.41 0.0 118570.1055
3139.55 3139.55 0.0 118413.6816
3153.7 3153.7 0.0 118259.3691
3167.84 3167.84 0.0 118107.3633
3181.98 3181.98 0.0 117957.5293
3196.12 3196.12 0.0 117809.8203
3210.26 3210.26 0.0 117664.1982
3224.41 3224.41 0.0 117520.5410
3238.55 3238.55 0.0 117379.0117
3252.69 3252.69 0.0 117239.4834
3266.83 3266.83 0.0 117101.8984
3280.98 3280.98 0.0 116966.1514
3295.12 3295.12 0.0 116832.4004
3309.26 3309.26 0.0 116700.5107
3323.4 3323.4 0.0 116570.4502
3337.54 3337.54 0.0 116442.2090
3351.69 3351.69 0.0 116315.6436
3365.83 3365.83 0.0 116190.9170
3379.97 3379.97 0.0 116067.9121
3394.11 3394.11 0.0 115946.5947
3408.25 3408.25 0.0 115826.9346
3422.4 3422.4 0.0 115708.8408
3436.54 3436.54 0.0 115592.4424
3450.68 3450.68 0.0 115477.6104
3464.82 3464.82 0.0 115364.3613
3478.97 3478.97 0.0 115252.5518
3493.11 3493.11 0.0 115142.3398
3507.25 3507.25 0.0 115033.6123
3521.39 3521.39 0.0 114926.3525
3535.53 3535.53 0.0 114820.5264
3549.68 3549.68 0.0 114716.0508
3563.82 3563.82 0.0 114613.0273
3577.96 3577.96 0.0 114511.3848
3592.1 3592.1 0.0 114411.0918
3606.24 3606.24 0.0 114312.1338
3620.39 3620.39 0.0 114214.4023
3634.53 3634.53 0.0 114118.0439
3648.67 3648.67 0.0 114022.9492
3662.81 3662.81 0.0 113929.0938
3676.96 3676.96 0.0 113836.4082
3691.1 3691.1 0.0 113744.9941
3705.24 3705.24 0.0 113654.7705
3719.38 3719.38 0.0 113565.7197
3733.52 3733.52 0.0 113477.8271
3747.67 3747.67 0.0 113390.9961
3761.81 3761.81 0.0 113305.3613
3775.95 3775.95 0.0 113220.8330
3790.09 3790.09 0.0 113137.3662
3804.23 3804.23 0.0 113054.9717
3818.38 3818.38 0.0 112973.5791
3832.52 3832.52 0.0 112893.2812
3846.66 3846.66 0.0 112814.0000
3860.8 3860.8 0.0 112735.7148
3874.95 3874.95 0.0 112658.3857
3889.09 3889.09 0.0 112582.0615
3903.23 3903.23 0.0 112506.7100
3917.37 3917.37 0.0 112432.3037
3931.51 3931.51 0.0 112358.8076
3945.66 3945.66 0.0 112286.2012
3959.8 3959.8 0.0 112214.5439
3973.94 3973.94 0.0 112143.7627
3988.08 3988.08 0.0 112073.8740
4002.22 4002.22 0.0 112004.8350
4016.37 4016.37 0.0 111936.6133
4030.51 4030.51 0.0 111869.2559
4044.65 4044.65 0.0 111802.7441
4058.79 4058.79 0.0 111737.0273
4072.94 4072.94 0.0 111672.0830
4087.08 4087.08 0.0 111607.9658
4101.22 4101.22 0.0 111544.6221
4115.36 4115.36 0.0 111482.0430
4129.5 4129.5 0.0 111420.2334
4143.65 4143.65 0.0 111359.1113
4157.79 4157.79 0.0 111298.7695
4171.93 4171.93 0.0 111239.1514
4186.07 4186.07 0.0 111180.2480
4200.21 4200.21 0.0 111122.0400
4214.36 4214.36 0.0 111064.4902
4228.5 4228.5 0.0 111007.6523
4242.64 4242.64 0.0 110951.4932
4256.78 4256.78 0.0 110895.9980
4270.92 4270.92 0.0 110841.1602
4285.07 4285.07 0.0 110786.9082
4299.21 4299.21 0.0 110733.3525
4313.35 4313.35 0.0 110680.4111
4327.49 4327.49 0.0 110628.0791
4341.64 4341.64 0.0 110576.3369
4355.78 4355.78 0.0 110525.2158
4369.92 4369.92 0.0 110474.6895
4384.06 4384.06 0.0 110424.7422
4398.2 4398.2 0.0 110375.3711
4412.35 4412.35 0.0 110326.5322
4426.49 4426.49 0.0 110278.2959
4440.63 4440.63 0.0 110230.5938
4454.77 4454.77 0.0 110183.4541
4468.91 4468.91 0.0 110136.8379
4483.06 4483.06 0.0 110090.7197
4497.2 4497.2 0.0 110045.1562
4511.34 4511.34 0.0 110000.1045
4525.48 4525.48 0.0 109955.5557
4539.63 4539.63 0.0 109911.4873
4553.77 4553.77 0.0 109867.9346
4567.91 4567.91 0.0 109824.8643
4582.05 4582.05 0.0 109782.2881
4596.19 4596.19 0.0 109740.1758
4610.34 4610.34 0.0 109698.5068
4624.48 4624.48 0.0 109657.3193
4638.62 4638.62 0.0 109616.5938
4652.76 4652.76 0.0 109576.3096
4666.9 4666.9 0.0 109536.4814
4681.05 4681.05 0.0 109497.0474
4695.19 4695.19 0.0 109458.0752
4709.33 4709.33 0.0 109419.5381
4723.47 4723.47 0.0 109381.4087
4737.62 4737.62 0.0 109343.6753
4751.76 4751.76 0.0 109306.3721
4765.9 4765.9 0.0 109269.4761
4780.04 4780.04 0.0 109232.9819
4794.18 4794.18 0.0 109196.8726
4808.33 4808.33 0.0 109161.1304
4822.47 4822.47 0.0 109125.7959
4836.61 4836.61 0.0 109090.8340
4850.75 4850.75 0.0 109056.2480
4864.89 4864.89 0.0 109022.0312
4879.04 4879.04 0.0 108988.1548
4893.18 4893.18 0.0 108954.6626
4907.32 4907.32 0.0 108921.5186
4921.46 4921.46 0.0 108888.7368
4935.61 4935.61 0.0 108856.2671
4949.75 4949.75 0.0 108824.1650
4963.89 4963.89 0.0 108792.3979
4978.03 4978.03 0.0 108760.9663
4992.17 4992.17 0.0 108729.8628
5006.32 5006.32 0.0 108699.0542
5020.46 5020.46 0.0 108668.5962
5034.6 5034.6 0.0 108638.4512
5048.74 5048.74 0.0 108608.6201
5062.88 5062.88 0.0 108579.0928
5077.03 5077.03 0.0 108549.8599
5091.17 5091.17 0.0 108520.9390
5105.31 5105.31 0.0 108492.3208
5119.45 5119.45 0.0 108463.9927
5133.6 5133.6 0.0 108435.9346
5147.74 5147.74 0.0 108408.1885
5161.88 5161.88 0.0 108380.7212
5176.02 5176.02 0.0 108353.5337
5190.16 5190.16 0.0 108326.6274
5204.31 5204.31 0.0 108299.9722
5218.45 5218.45 0.0 108273.6035
5232.59 5232.59 0.0 108247.5049
5246.73 5246.73 0.0 108221.6646
5260.87 5260.87 0.0 108196.0933
5275.02 5275.02 0.0 108170.7568
5289.16 5289.16 0.0 108145.6880
5303.3 5303.3 0.0 108120.8755
5317.44 5317.44 0.0 108096.3179
5331.59 5331.59 0.0 108071.9790
5345.73 5345.73 0.0 108047.9038
5359.87 5359.87 0.0 108024.0659
5374.01 5374.01 0.0 108000.4692
5388.15 5388.15 0.0 107977.1064
5402.3 5402.3 0.0 107953.9541
5416.44 5416.44 0.0 107931.0557
5430.58 5430.58 0.0 107908.3760
5444.72 5444.72 0.0 107885.9233
5458.86 5458.86 0.0 107863.6904
5473.01 5473.01 0.0 107841.6626
5487.15 5487.15 0.0 107819.8667
5501.29 5501.29 0.0 107798.2900
5515.43 5515.43 0.0 107776.9180
5529.58 5529.58 0.0 107755.7407
5543.72 5543.72 0.0 107734.7939
5557.86 5557.86 0.0 107714.0435
5572.0 5572.0 0.0 107693.4932
5586.14 5586.14 0.0 107673.1509
5600.29 5600.29 0.0 107652.9897
5614.43 5614.43 0.0 107633.0332
5628.57 5628.57 0.0 107613.2808
5642.71 5642.71 0.0 107593.7148
5656.85 5656.85 0.0 107574.3340
5671.0 5671.0 0.0 107555.1323
5685.14 5685.14 0.0 107536.1299
5699.28 5699.28 0.0 107517.3130
5713.42 5713.42 0.0 107498.6782
5727.56 5727.56 0.0 107480.2173
5741.71 5741.71 0.0 107461.9268
5755.85 5755.85 0.0 107443.8252
5769.99 5769.99 0.0 107425.8955
5784.13 5784.13 0.0 107408.1431
5798.28 5798.28 0.0 107390.5425
5812.42 5812.42 0.0 107373.1245
5826.56 5826.56 0.0 107355.8779
5840.7 5840.7 0.0 107338.7939
5854.84 5854.84 0.0 107321.8755
5868.99 5868.99 0.0 107305.1011
5883.13 5883.13 0.0 107288.5034
5897.27 5897.27 0.0 107272.0679
5911.41 5911.41 0.0 107255.7876
5925.55 5925.55 0.0 107239.6646
5939.7 5939.7 0.0 107223.6768
5953.84 5953.84 0.0 107207.8613
5967.98 5967.98 0.0 107192.1890
5982.12 5982.12 0.0 107176.6743
5996.27 5996.27 0.0 107161.2959
6010.41 6010.41 0.0 107146.0708
6024.55 6024.55 0.0 107130.9927
6038.69 6038.69 0.0 107116.0581
6052.83 6052.83 0.0 107101.2690
6066.98 6066.98 0.0 107086.6108
6081.12 6081.12 0.0 107072.0991
6095.26 6095.26 0.0 107057.7271
6109.4 6109.4 0.0 107043.4922
6123.54 6123.54 0.0 107029.3921
6137.69 6137.69 0.0 107015.4165
6151.83 6151.83 0.0 107001.5859
6165.97 6165.97 0.0 106987.8877
6180.11 6180.11 0.0 106974.3193
6194.26 6194.26 0.0 106960.8726
6208.4 6208.4 0.0 106947.5640
6222.54 6222.54 0.0 106934.3823
6236.68 6236.68 0.0 106921.3228
6250.82 6250.82 0.0 106908.3945
6264.97 6264.97 0.0 106895.5747
6279.11 6279.11 0.0 106882.8906
6293.25 6293.25 0.0 106870.3281
6307.39 6307.39 0.0 106857.8872
6321.53 6321.53 0.0 106845.5591
6335.68 6335.68 0.0 106833.3525
6349.82 6349.82 0.0 106821.2588
6363.96 6363.96 0.0 106809.2910
6378.1 6378.1 0.0 106797.4346
6392.25 6392.25 0.0 106785.6851
6406.39 6406.39 0.0 106774.0532
6420.53 6420.53 0.0 106762.5396
6434.67 6434.67 0.0 106751.1357
6448.81 6448.81 0.0 106739.8428
6462.96 6462.96 0.0 106728.6504
6477.1 6477.1 0.0 106717.5708
6491.24 6491.24 0.0 106706.6011
6505.38 6505.38 0.0 106695.7402
6519.52 6519.52 0.0 106684.9854
6533.67 6533.67 0.0 106674.3281
6547.81 6547.81 0.0 106663.7764
6561.95 6561.95 0.0 106653.3364
6576.09 6576.09 0.0 106642.9927
6590.24 6590.24 0.0 106632.7495
6604.38 6604.38 0.0 106622.6069
6618.52 6618.52 0.0 106612.5684
6632.66 6632.66 0.0 106602.6299
6646.8 6646.8 0.0 106592.7852
6660.95 6660.95 0.0 106583.0356
6675.09 6675.09 0.0 106573.3867
6689.23 6689.23 0.0 106563.8359
6703.37 6703.37 0.0 106554.3789
6717.51 6717.51 0.0 106545.0186
6731.66 6731.66 0.0 106535.7446
6745.8 6745.8 0.0 106526.5684
6759.94 6759.94 0.0 106517.4824
6774.08 6774.08 0.0 106508.4937
6788.23 6788.23 0.0 106499.5864
6802.37 6802.37 0.0 106490.7764
6816.51 6816.51 0.0 106482.0562
6830.65 6830.65 0.0 106473.4199
6844.79 6844.79 0.0 106464.8770
6858.94 6858.94 0.0 106456.4180
6873.08 6873.08 0.0 106448.0513
6887.22 6887.22 0.0 106439.7661
6901.36 6901.36 0.0 106431.5674
6915.5 6915.5 0.0 106423.4565
6929.65 6929.65 0.0 106415.4194
6943.79 6943.79 0.0 106407.4775
6957.93 6957.93 0.0 106399.6123
6972.07 6972.07 0.0 106391.8389
6986.21 6986.21 0.0 106384.1401
7000.36 7000.36 0.0 106376.5181
7014.5 7014.5 0.0 106368.9814
7028.64 7028.64 0.0 106361.5288
7042.78 7042.78 0.0 106354.1509
7056.93 7056.93 0.0 106346.8506
7071.07 7071.07 0.0 106339.6353
7085.21 7085.21 0.0 106332.4941
7099.35 7099.35 0.0 106325.4326
7113.49 7113.49 0.0 106318.4492
7127.64 7127.64 0.0 106311.5376
7141.78 7141.78 0.0 106304.7021
7155.92 7155.92 0.0 106297.9438
7170.06 7170.06 0.0 106291.2617
7184.2 7184.2 0.0 106284.6543
7198.35 7198.35 0.0 106278.1143
7212.49 7212.49 0.0 106271.6489
7226.63 7226.63 0.0 106265.2651
7240.77 7240.77 0.0 106258.9478
7254.92 7254.92 0.0 106252.7041
7269.06 7269.06 0.0 106246.5298
7283.2 7283.2 0.0 106240.4326
7297.34 7297.34 0.0 106234.3994
7311.48 7311.48 0.0 106228.4390
7325.63 7325.63 0.0 106222.5459
7339.77 7339.77 0.0 106216.7256
7353.91 7353.91 0.0 106210.9722
7368.05 7368.05 0.0 106205.2861
7382.19 7382.19 0.0 106199.6665
7396.34 7396.34 0.0 106194.1143
7410.48 7410.48 0.0 106188.6323
7424.62 7424.62 0.0 106183.2217
7438.76 7438.76 0.0 106177.8750
7452.91 7452.91 0.0 106172.5850
7467.05 7467.05 0.0 106167.3672
7481.19 7481.19 0.0 106162.2192
7495.33 7495.33 0.0 106157.1270
7509.47 7509.47 0.0 106152.0986
7523.62 7523.62 0.0 106147.1436
7537.76 7537.76 0.0 106142.2441
7551.9 7551.9 0.0 106137.4141
7566.04 7566.04 0.0 106132.6450
7580.18 7580.18 0.0 106127.9341
7594.33 7594.33 0.0 106123.2896
7608.47 7608.47 0.0 106118.7012
7622.61 7622.61 0.0 106114.1792
7636.75 7636.75 0.0 106109.7158
7650.9 7650.9 0.0 106105.3135
7665.04 7665.04 0.0 106100.9746
7679.18 7679.18 0.0 106096.6963
7693.32 7693.32 0.0 106092.4736
7707.46 7707.46 0.0 106088.3096
7721.61 7721.61 0.0 106084.2007
7735.75 7735.75 0.0 106080.1616
7749.89 7749.89 0.0 106076.1758
7764.03 7764.03 0.0 106072.2461
7778.17 7778.17 0.0 106068.3794
