0.0 0.0 0.0 249526.9531
14.1421 14.1421 0.0 288709.8438
28.2843 28.2843 0.0 259082.9688
42.4264 42.4264 0.0 232738.2031
56.5685 56.5685 0.0 209492.0000
70.7107 70.7107 0.0 190575.3672
84.8528 84.8528 0.0 175612.4766
98.9949 98.9949 0.0 163416.7969
113.137 113.137 0.0 153169.5391
127.279 127.279 0.0 144511.9570
141.421 141.421 0.0 137237.8633
155.563 155.563 0.0 131343.0859
169.706 169.706 0.0 126873.5273
183.848 183.848 0.0 123533.4980
197.99 197.99 0.0 120757.8125
212.132 212.132 0.0 118260.1836
226.274 226.274 0.0 116077.0625
240.416 240.416 0.0 114261.7539
254.558 254.558 0.0 112787.7217
268.701 268.701 0.0 111591.6182
282.843 282.843 0.0 110611.0771
296.985 296.985 0.0 109795.9922
311.127 311.127 0.0 109109.0293
325.269 325.269 0.0 108522.7612
339.411 339.411 0.0 108016.8589
353.553 353.553 0.0 107575.9922
367.696 367.696 0.0 107188.1846
381.838 381.838 0.0 106843.8115
395.98 395.98 0.0 106534.6763
410.122 410.122 0.0 106253.9395
424.264 424.264 0.0 105996.2358
438.406 438.406 0.0 105757.9448
452.548 452.548 0.0 105537.0522
466.69 466.69 0.0 105332.5300
480.833 480.833 0.0 105143.6079
494.975 494.975 0.0 104969.6543
509.117 509.117 0.0 104810.1677
523.259 523.259 0.0 104664.8210
537.401 537.401 0.0 104533.1660
551.543 551.543 0.0 104414.5815
565.685 565.685 0.0 104308.1902
579.828 579.828 0.0 104212.1506
593.97 593.97 0.0 104123.2161
608.112 608.112 0.0 104037.4514
622.254 622.254 0.0 103951.5259
636.396 636.396 0.0 103863.4763
650.538 650.538 0.0 103772.7437
664.68 664.68 0.0 103679.7756
678.823 678.823 0.0 103585.5488
692.965 692.965 0.0 103491.2341
707.107 707.107 0.0 103397.9294
721.249 721.249 0.0 103306.5959
735.391 735.391 0.0 103217.9766
749.533 749.533 0.0 103132.6466
763.675 763.675 0.0 103050.9888
777.817 777.817 0.0 102973.2529
791.96 791.96 0.0 102899.5526
806.102 806.102 0.0 102829.9288
820.244 820.244 0.0 102764.3433
834.386 834.386 0.0 102702.6987
848.528 848.528 0.0 102644.8645
862.67 862.67 0.0 102590.6864
876.812 876.812 0.0 102539.9854
890.955 890.955 0.0 102492.5782
905.097 905.097 0.0 102448.2810
919.239 919.239 0.0 102406.8990
933.381 933.381 0.0 102368.2473
947.523 947.523 0.0 102332.1429
961.665 961.665 0.0 102298.4105
975.807 975.807 0.0 102266.8791
989.949 989.949 0.0 102237.3931
1004.09 1004.09 0.0 102209.7988
1018.23 1018.23 0.0 102183.9584
1032.38 1032.38 0.0 102159.7151
1046.52 1046.52 0.0 102136.9847
1060.66 1060.66 0.0 102115.6351
1074.8 1074.8 0.0 102095.5602
1088.94 1088.94 0.0 102076.6631
1103.09 1103.09 0.0 102058.8463
1117.23 1117.23 0.0 102042.0538
1131.37 1131.37 0.0 102026.2043
1145.51 1145.51 0.0 102011.2290
1159.66 1159.66 0.0 101997.0636
1173.8 1173.8 0.0 101983.6752
1187.94 1187.94 0.0 101971.0101
1202.08 1202.08 0.0 101959.0270
1216.22 1216.22 0.0 101947.6901
1230.37 1230.37 0.0 101936.9597
1244.51 1244.51 0.0 101926.8234
1258.65 1258.65 0.0 101917.2481
1272.79 1272.79 0.0 101908.2112
1286.93 1286.93 0.0 101899.6897
1301.08 1301.08 0.0 101891.6608
1315.22 1315.22 0.0 101884.1150
1329.36 1329.36 0.0 101877.0271
1343.5 1343.5 0.0 101870.3793
1357.65 1357.65 0.0 101864.1464
1371.79 1371.79 0.0 101858.3177
1385.93 1385.93 0.0 101852.8704
1400.07 1400.07 0.0 101847.7783
1414.21 1414.21 0.0 101843.0201
1428.36 1428.36 0.0 101838.5710
1442.5 1442.5 0.0 101834.4124
1456.64 1456.64 0.0 101830.5183
1470.78 1470.78 0.0 101826.8618
1484.92 1484.92 0.0 101823.4235
1499.07 1499.07 0.0 101820.1739
1513.21 1513.21 0.0 101817.0973
1527.35 1527.35 0.0 101814.1703
1541.49 1541.49 0.0 101811.3709
1555.63 1555.63 0.0 101808.6829
1569.78 1569.78 0.0 101806.0878
1583.92 1583.92 0.0 101803.5723
1598.06 1598.06 0.0 101801.1217
1612.2 1612.2 0.0 101798.7256
1626.35 1626.35 0.0 101796.3701
1640.49 1640.49 0.0 101794.0523
1654.63 1654.63 0.0 101791.7608
1668.77 1668.77 0.0 101789.4913
1682.91 1682.91 0.0 101787.2395
1697.06 1697.06 0.0 101784.9987
1711.2 1711.2 0.0 101782.7720
1725.34 1725.34 0.0 101780.5536
1739.48 1739.48 0.0 101778.3436
1753.62 1753.62 0.0 101776.1408
1767.77 1767.77 0.0 101773.9449
1781.91 1781.91 0.0 101771.7573
1796.05 1796.05 0.0 101769.5783
1810.19 1810.19 0.0 101767.4082
1824.34 1824.34 0.0 101765.2464
1838.48 1838.48 0.0 101763.0973
1852.62 1852.62 0.0 101760.9601
1866.76 1866.76 0.0 101758.8362
1880.9 1880.9 0.0 101756.7259
1895.05 1895.05 0.0 101754.6300
1909.19 1909.19 0.0 101752.5525
1923.33 1923.33 0.0 101750.4926
1937.47 1937.47 0.0 101748.4494
1951.61 1951.61 0.0 101746.4264
1965.76 1965.76 0.0 101744.4217
1979.9 1979.9 0.0 101742.4381
1994.04 1994.04 0.0 101740.4767
2008.18 2008.18 0.0 101738.5375
2022.33 2022.33 0.0 101736.6184
2036.47 2036.47 0.0 101734.7246
2050.61 2050.61 0.0 101732.8518
2064.75 2064.75 0.0 101731.0051
2078.89 2078.89 0.0 101729.1803
2093.04 2093.04 0.0 101727.3784
2107.18 2107.18 0.0 101725.6022
2121.32 2121.32 0.0 101723.8501
2135.46 2135.46 0.0 101722.1220
2149.6 2149.6 0.0 101720.4183
2163.75 2163.75 0.0 101718.7384
2177.89 2177.89 0.0 101717.0837
2192.03 2192.03 0.0 101715.4529
2206.17 2206.17 0.0 101713.8460
2220.32 2220.32 0.0 101712.2627
2234.46 2234.46 0.0 101710.7038
2248.6 2248.6 0.0 101709.1677
2262.74 2262.74 0.0 101707.6542
2276.88 2276.88 0.0 101706.1645
2291.03 2291.03 0.0 101704.6960
2305.17 2305.17 0.0 101703.2508
2319.31 2319.31 0.0 101701.8258
2333.45 2333.45 0.0 101700.4226
2347.59 2347.59 0.0 101699.0388
2361.74 2361.74 0.0 101697.6750
2375.88 2375.88 0.0 101696.3310
2390.02 2390.02 0.0 101695.0042
2404.16 2404.16 0.0 101693.6966
2418.31 2418.31 0.0 101692.4052
2432.45 2432.45 0.0 101691.1320
2446.59 2446.59 0.0 101689.8732
2460.73 2460.73 0.0 101688.6286
2474.87 2474.87 0.0 101687.3998
2489.02 2489.02 0.0 101686.1826
2503.16 2503.16 0.0 101684.9798
2517.3 2517.3 0.0 101683.7893
2531.44 2531.44 0.0 101682.6107
2545.58 2545.58 0.0 101681.4425
2559.73 2559.73 0.0 101680.2836
2573.87 2573.87 0.0 101679.1351
2588.01 2588.01 0.0 101677.9955
2602.15 2602.15 0.0 101676.8654
2616.3 2616.3 0.0 101675.7415
2630.44 2630.44 0.0 101674.6262
2644.58 2644.58 0.0 101673.5173
2658.72 2658.72 0.0 101672.4148
2672.86 2672.86 0.0 101671.3187
2687.01 2687.01 0.0 101670.2284
2701.15 2701.15 0.0 101669.1431
2715.29 2715.29 0.0 101668.0633
2729.43 2729.43 0.0 101666.9876
2743.57 2743.57 0.0 101665.9163
2757.72 2757.72 0.0 101664.8490
2771.86 2771.86 0.0 101663.7853
2786.0 2786.0 0.0 101662.7260
2800.14 2800.14 0.0 101661.6693
2814.28 2814.28 0.0 101660.6164
2828.43 2828.43 0.0 101659.5657
2842.57 2842.57 0.0 101658.5184
2856.71 2856.71 0.0 101657.4741
2870.85 2870.85 0.0 101656.4318
2885.0 2885.0 0.0 101655.3918
2899.14 2899.14 0.0 101654.3551
2913.28 2913.28 0.0 101653.3200
2927.42 2927.42 0.0 101652.2877
2941.56 2941.56 0.0 101651.2569
2955.71 2955.71 0.0 101650.2276
2969.85 2969.85 0.0 101649.2009
2983.99 2983.99 0.0 101648.1762
2998.13 2998.13 0.0 101647.1529
3012.27 3012.27 0.0 101646.1316
3026.42 3026.42 0.0 101645.1117
3040.56 3040.56 0.0 101644.0933
3054.7 3054.7 0.0 101643.0774
3068.84 3068.84 0.0 101642.0624
3082.99 3082.99 0.0 101641.0482
3097.13 3097.13 0.0 101640.0361
3111.27 3111.27 0.0 101639.0262
3125.41 3125.41 0.0 101638.0173
3139.55 3139.55 0.0 101637.0098
3153.7 3153.7 0.0 101636.0031
3167.84 3167.84 0.0 101634.9986
3181.98 3181.98 0.0 101633.9943
3196.12 3196.12 0.0 101632.9924
3210.26 3210.26 0.0 101631.9914
3224.41 3224.41 0.0 101630.9914
3238.55 3238.55 0.0 101629.9928
3252.69 3252.69 0.0 101628.9952
3266.83 3266.83 0.0 101627.9997
3280.98 3280.98 0.0 101627.0045
3295.12 3295.12 0.0 101626.0103
3309.26 3309.26 0.0 101625.0183
3323.4 3323.4 0.0 101624.0273
3337.54 3337.54 0.0 101623.0378
3351.69 3351.69 0.0 101622.0482
3365.83 3365.83 0.0 101621.0602
3379.97 3379.97 0.0 101620.0738
3394.11 3394.11 0.0 101619.0884
3408.25 3408.25 0.0 101618.1058
3422.4 3422.4 0.0 101617.1214
3436.54 3436.54 0.0 101616.1393
3450.68 3450.68 0.0 101615.1587
3464.82 3464.82 0.0 101614.1798
3478.97 3478.97 0.0 101613.2003
3493.11 3493.11 0.0 101612.2234
3507.25 3507.25 0.0 101611.2468
3521.39 3521.39 0.0 101610.2721
3535.53 3535.53 0.0 101609.2983
3549.68 3549.68 0.0 101608.3257
3563.82 3563.82 0.0 101607.3537
3577.96 3577.96 0.0 101606.3843
3592.1 3592.1 0.0 101605.4149
3606.24 3606.24 0.0 101604.4465
3620.39 3620.39 0.0 101603.4793
3634.53 3634.53 0.0 101602.5131
3648.67 3648.67 0.0 101601.5486
3662.81 3662.81 0.0 101600.5860
3676.96 3676.96 0.0 101599.6235
3691.1 3691.1 0.0 101598.6620
3705.24 3705.24 0.0 101597.7024
3719.38 3719.38 0.0 101596.7440
3733.52 3733.52 0.0 101595.7870
3747.67 3747.67 0.0 101594.8297
3761.81 3761.81 0.0 101593.8748
3775.95 3775.95 0.0 101592.9212
3790.09 3790.09 0.0 101591.9695
3804.23 3804.23 0.0 101591.0180
3818.38 3818.38 0.0 101590.0675
3832.52 3832.52 0.0 101589.1183
3846.66 3846.66 0.0 101588.1708
3860.8 3860.8 0.0 101587.2252
3874.95 3874.95 0.0 101586.2797
3889.09 3889.09 0.0 101585.3357
3903.23 3903.23 0.0 101584.3936
3917.37 3917.37 0.0 101583.4524
3931.51 3931.51 0.0 101582.5132
3945.66 3945.66 0.0 101581.5739
3959.8 3959.8 0.0 101580.6362
3973.94 3973.94 0.0 101579.7009
3988.08 3988.08 0.0 101578.7666
4002.22 4002.22 0.0 101577.8338
4016.37 4016.37 0.0 101576.9015
4030.51 4030.51 0.0 101575.9713
4044.65 4044.65 0.0 101575.0425
4058.79 4058.79 0.0 101574.1144
4072.94 4072.94 0.0 101573.1878
4087.08 4087.08 0.0 101572.2637
4101.22 4101.22 0.0 101571.3402
4115.36 4115.36 0.0 101570.4188
4129.5 4129.5 0.0 101569.4980
4143.65 4143.65 0.0 101568.5788
4157.79 4157.79 0.0 101567.6622
4171.93 4171.93 0.0 101566.7457
4186.07 4186.07 0.0 101565.8318
4200.21 4200.21 0.0 101564.9191
4214.36 4214.36 0.0 101564.0076
4228.5 4228.5 0.0 101563.0977
4242.64 4242.64 0.0 101562.1894
