0.0 0.0 0.0 966450.0625
14.1421 14.1421 0.0 2308955.7500
28.2843 28.2843 0.0 2165031.8750
42.4264 42.4264 0.0 1886122.7500
56.5685 56.5685 0.0 1591200.6250
70.7107 70.7107 0.0 1312016.1250
84.8528 84.8528 0.0 1061970.0000
98.9949 98.9949 0.0 852784.8125
113.137 113.137 0.0 688387.6875
127.279 127.279 0.0 564290.7500
141.421 141.421 0.0 472489.4688
155.563 155.563 0.0 405069.0625
169.706 169.706 0.0 355295.2656
183.848 183.848 0.0 317839.4531
197.99 197.99 0.0 288810.2812
212.132 212.132 0.0 265611.7500
226.274 226.274 0.0 246608.5625
240.416 240.416 0.0 230780.4062
254.558 254.558 0.0 217462.1797
268.701 268.701 0.0 206182.1172
282.843 282.843 0.0 196578.4766
296.985 296.985 0.0 188354.8125
311.127 311.127 0.0 181265.1016
325.269 325.269 0.0 175104.8906
339.411 339.411 0.0 169706.5781
353.553 353.553 0.0 164934.9727
367.696 367.696 0.0 160681.7930
381.838 381.838 0.0 156862.7266
395.98 395.98 0.0 153410.3828
410.122 410.122 0.0 150272.0586
424.264 424.264 0.0 147405.8984
438.406 438.406 0.0 144778.3906
452.548 452.548 0.0 142362.3906
466.69 466.69 0.0 140135.4023
480.833 480.833 0.0 138078.6016
494.975 494.975 0.0 136176.3477
509.117 509.117 0.0 134414.8594
523.259 523.259 0.0 132782.3340
537.401 537.401 0.0 131268.2871
551.543 551.543 0.0 129863.4277
565.685 565.685 0.0 128559.4395
579.828 579.828 0.0 127348.6973
593.97 593.97 0.0 126224.3867
608.112 608.112 0.0 125180.0195
622.254 622.254 0.0 124209.6445
636.396 636.396 0.0 123307.7207
650.538 650.538 0.0 122469.0586
664.68 664.68 0.0 121688.8496
678.823 678.823 0.0 120962.5781
692.965 692.965 0.0 120286.1895
707.107 707.107 0.0 119655.8105
721.249 721.249 0.0 119067.9160
735.391 735.391 0.0 118519.2930
749.533 749.533 0.0 118007.0059
763.675 763.675 0.0 117528.3721
777.817 777.817 0.0 117080.9658
791.96 791.96 0.0 116662.5723
806.102 806.102 0.0 116271.2520
820.244 820.244 0.0 115905.2842
834.386 834.386 0.0 115563.1436
848.528 848.528 0.0 115243.5732
862.67 862.67 0.0 114945.5879
876.812 876.812 0.0 114668.5127
890.955 890.955 0.0 114411.9219
905.097 905.097 0.0 114175.7861
919.239 919.239 0.0 113960.2061
933.381 933.381 0.0 113765.3867
947.523 947.523 0.0 113591.3877
961.665 961.665 0.0 113437.7637
975.807 975.807 0.0 113303.4873
989.949 989.949 0.0 113186.9521
1004.09 1004.09 0.0 113086.2354
1018.23 1018.23 0.0 112999.4414
1032.38 1032.38 0.0 112924.9463
1046.52 1046.52 0.0 112861.6514
1060.66 1060.66 0.0 112808.3750
1074.8 1074.8 0.0 112763.9424
1088.94 1088.94 0.0 112726.8359
1103.09 1103.09 0.0 112695.1367
1117.23 1117.23 0.0 112666.6582
1131.37 1131.37 0.0 112639.0244
1145.51 1145.51 0.0 112609.8359
1159.66 1159.66 0.0 112576.8486
1173.8 1173.8 0.0 112538.1592
1187.94 1187.94 0.0 112492.1338
1202.08 1202.08 0.0 112437.5498
1216.22 1216.22 0.0 112373.5146
1230.37 1230.37 0.0 112299.4482
1244.51 1244.51 0.0 112215.2148
1258.65 1258.65 0.0 112120.7852
1272.79 1272.79 0.0 112016.3789
1286.93 1286.93 0.0 111902.3164
1301.08 1301.08 0.0 111778.9541
1315.22 1315.22 0.0 111647.0010
1329.36 1329.36 0.0 111506.8760
1343.5 1343.5 0.0 111359.1309
1357.65 1357.65 0.0 111204.1768
1371.79 1371.79 0.0 111042.7559
1385.93 1385.93 0.0 110875.2725
1400.07 1400.07 0.0 110702.2334
1414.21 1414.21 0.0 110524.1416
1428.36 1428.36 0.0 110341.4102
1442.5 1442.5 0.0 110154.8896
1456.64 1456.64 0.0 109965.1221
1470.78 1470.78 0.0 109772.9160
1484.92 1484.92 0.0 109579.2412
1499.07 1499.07 0.0 109385.1440
1513.21 1513.21 0.0 109192.3643
1527.35 1527.35 0.0 109002.4961
1541.49 1541.49 0.0 108817.6055
1555.63 1555.63 0.0 108639.9629
1569.78 1569.78 0.0 108471.8423
1583.92 1583.92 0.0 108315.7700
1598.06 1598.06 0.0 108173.5190
1612.2 1612.2 0.0 108046.3027
1626.35 1626.35 0.0 107934.3525
1640.49 1640.49 0.0 107837.0776
1654.63 1654.63 0.0 107752.7705
1668.77 1668.77 0.0 107679.1279
1682.91 1682.91 0.0 107613.6309
1697.06 1697.06 0.0 107553.8911
1711.2 1711.2 0.0 107498.1353
1725.34 1725.34 0.0 107445.0786
1739.48 1739.48 0.0 107394.0957
1753.62 1753.62 0.0 107345.0210
1767.77 1767.77 0.0 107297.9092
1781.91 1781.91 0.0 107253.0220
1796.05 1796.05 0.0 107210.4546
1810.19 1810.19 0.0 107170.2485
1824.34 1824.34 0.0 107132.2842
1838.48 1838.48 0.0 107096.4565
1852.62 1852.62 0.0 107062.4854
1866.76 1866.76 0.0 107030.1084
1880.9 1880.9 0.0 106999.0674
1895.05 1895.05 0.0 106969.0977
1909.19 1909.19 0.0 106940.0317
1923.33 1923.33 0.0 106911.6846
1937.47 1937.47 0.0 106883.9028
1951.61 1951.61 0.0 106856.5977
1965.76 1965.76 0.0 106829.6597
1979.9 1979.9 0.0 106803.0742
1994.04 1994.04 0.0 106776.7856
2008.18 2008.18 0.0 106750.7822
2022.33 2022.33 0.0 106725.0078
2036.47 2036.47 0.0 106699.5264
2050.61 2050.61 0.0 106674.3232
2064.75 2064.75 0.0 106649.4180
2078.89 2078.89 0.0 106624.8267
2093.04 2093.04 0.0 106600.5596
2107.18 2107.18 0.0 106576.6929
2121.32 2121.32 0.0 106553.2451
2135.46 2135.46 0.0 106530.2461
2149.6 2149.6 0.0 106507.7539
2163.75 2163.75 0.0 106485.7959
2177.89 2177.89 0.0 106464.4468
2192.03 2192.03 0.0 106443.7280
2206.17 2206.17 0.0 106423.6899
2220.32 2220.32 0.0 106404.3477
2234.46 2234.46 0.0 106385.7529
2248.6 2248.6 0.0 106367.8975
2262.74 2262.74 0.0 106350.7881
2276.88 2276.88 0.0 106334.3906
2291.03 2291.03 0.0 106318.6538
2305.17 2305.17 0.0 106303.5298
2319.31 2319.31 0.0 106288.9121
2333.45 2333.45 0.0 106274.6763
2347.59 2347.59 0.0 106260.6660
2361.74 2361.74 0.0 106246.7241
2375.88 2375.88 0.0 106232.6714
2390.02 2390.02 0.0 106218.3267
2404.16 2404.16 0.0 106203.5195
2418.31 2418.31 0.0 106188.0820
2432.45 2432.45 0.0 106171.9248
2446.59 2446.59 0.0 106154.9839
2460.73 2460.73 0.0 106137.2559
2474.87 2474.87 0.0 106118.8267
2489.02 2489.02 0.0 106099.8140
2503.16 2503.16 0.0 106080.4556
2517.3 2517.3 0.0 106060.9863
2531.44 2531.44 0.0 106041.6816
2545.58 2545.58 0.0 106022.8267
2559.73 2559.73 0.0 106004.6567
2573.87 2573.87 0.0 105987.3955
2588.01 2588.01 0.0 105971.1919
2602.15 2602.15 0.0 105956.0933
2616.3 2616.3 0.0 105942.1025
2630.44 2630.44 0.0 105929.1392
2644.58 2644.58 0.0 105917.0728
2658.72 2658.72 0.0 105905.7085
2672.86 2672.86 0.0 105894.8452
2687.01 2687.01 0.0 105884.2476
2701.15 2701.15 0.0 105873.7188
2715.29 2715.29 0.0 105863.0513
2729.43 2729.43 0.0 105852.0688
2743.57 2743.57 0.0 105840.6484
2757.72 2757.72 0.0 105828.6719
2771.86 2771.86 0.0 105816.0859
2786.0 2786.0 0.0 105802.8755
2800.14 2800.14 0.0 105789.0166
2814.28 2814.28 0.0 105774.5532
2828.43 2828.43 0.0 105759.5166
2842.57 2842.57 0.0 105743.9985
2856.71 2856.71 0.0 105728.0669
2870.85 2870.85 0.0 105711.7983
2885.0 2885.0 0.0 105695.2778
2899.14 2899.14 0.0 105678.6060
2913.28 2913.28 0.0 105661.8613
2927.42 2927.42 0.0 105645.1196
2941.56 2941.56 0.0 105628.4590
2955.71 2955.71 0.0 105611.9194
2969.85 2969.85 0.0 105595.5908
2983.99 2983.99 0.0 105579.5098
2998.13 2998.13 0.0 105563.7061
3012.27 3012.27 0.0 105548.2139
3026.42 3026.42 0.0 105533.0552
3040.56 3040.56 0.0 105518.2500
3054.7 3054.7 0.0 105503.8252
3068.84 3068.84 0.0 105489.7588
3082.99 3082.99 0.0 105476.0571
3097.13 3097.13 0.0 105462.7314
3111.27 3111.27 0.0 105449.7646
3125.41 3125.41 0.0 105437.1514
3139.55 3139.55 0.0 105424.8750
3153.7 3153.7 0.0 105412.9114
3167.84 3167.84 0.0 105401.2759
3181.98 3181.98 0.0 105389.9209
3196.12 3196.12 0.0 105378.8521
3210.26 3210.26 0.0 105368.0422
3224.41 3224.41 0.0 105357.4744
3238.55 3238.55 0.0 105347.1401
3252.69 3252.69 0.0 105337.0203
3266.83 3266.83 0.0 105327.0984
3280.98 3280.98 0.0 105317.3518
3295.12 3295.12 0.0 105307.7820
3309.26 3309.26 0.0 105298.3694
3323.4 3323.4 0.0 105289.0996
3337.54 3337.54 0.0 105279.9604
3351.69 3351.69 0.0 105270.9346
3365.83 3365.83 0.0 105262.0283
3379.97 3379.97 0.0 105253.2209
3394.11 3394.11 0.0 105244.5042
3408.25 3408.25 0.0 105235.8772
3422.4 3422.4 0.0 105227.3176
3436.54 3436.54 0.0 105218.8306
3450.68 3450.68 0.0 105210.4060
3464.82 3464.82 0.0 105202.0420
3478.97 3478.97 0.0 105193.7239
3493.11 3493.11 0.0 105185.4622
3507.25 3507.25 0.0 105177.2419
3521.39 3521.39 0.0 105169.0627
3535.53 3535.53 0.0 105160.9194
3549.68 3549.68 0.0 105152.8040
3563.82 3563.82 0.0 105144.7239
3577.96 3577.96 0.0 105136.6826
3592.1 3592.1 0.0 105128.6599
3606.24 3606.24 0.0 105120.6653
3620.39 3620.39 0.0 105112.6853
3634.53 3634.53 0.0 105104.7400
3648.67 3648.67 0.0 105096.8171
3662.81 3662.81 0.0 105088.9141
3676.96 3676.96 0.0 105081.0259
3691.1 3691.1 0.0 105073.1665
3705.24 3705.24 0.0 105065.3184
3719.38 3719.38 0.0 105057.5007
3733.52 3733.52 0.0 105049.6997
3747.67 3747.67 0.0 105041.9094
3761.81 3761.81 0.0 105034.1477
3775.95 3775.95 0.0 105026.4055
3790.09 3790.09 0.0 105018.6833
3804.23 3804.23 0.0 105010.9841
3818.38 3818.38 0.0 105003.2957
3832.52 3832.52 0.0 104995.6409
3846.66 3846.66 0.0 104988.0000
3860.8 3860.8 0.0 104980.3872
3874.95 3874.95 0.0 104972.7920
3889.09 3889.09 0.0 104965.2231
3903.23 3903.23 0.0 104957.6816
3917.37 3917.37 0.0 104950.1575
3931.51 3931.51 0.0 104942.6665
3945.66 3945.66 0.0 104935.1941
3959.8 3959.8 0.0 104927.7510
3973.94 3973.94 0.0 104920.3367
3988.08 3988.08 0.0 104912.9497
4002.22 4002.22 0.0 104905.5881
4016.37 4016.37 0.0 104898.2551
4030.51 4030.51 0.0 104890.9526
4044.65 4044.65 0.0 104883.6819
4058.79 4058.79 0.0 104876.4407
4072.94 4072.94 0.0 104869.2231
4087.08 4087.08 0.0 104862.0471
4101.22 4101.22 0.0 104854.8972
4115.36 4115.36 0.0 104847.7820
4129.5 4129.5 0.0 104840.7029
4143.65 4143.65 0.0 104833.6479
4157.79 4157.79 0.0 104826.6304
4171.93 4171.93 0.0 104819.6501
4186.07 4186.07 0.0 104812.7004
4200.21 4200.21 0.0 104805.7876
4214.36 4214.36 0.0 104798.9016
4228.5 4228.5 0.0 104792.0593
4242.64 4242.64 0.0 104785.2500
4256.78 4256.78 0.0 104778.4771
4270.92 4270.92 0.0 104771.7419
4285.07 4285.07 0.0 104765.0332
4299.21 4299.21 0.0 104758.3682
4313.35 4313.35 0.0 104751.7424
4327.49 4327.49 0.0 104745.1506
4341.64 4341.64 0.0 104738.5911
4355.78 4355.78 0.0 104732.0730
4369.92 4369.92 0.0 104725.5916
4384.06 4384.06 0.0 104719.1438
4398.2 4398.2 0.0 104712.7354
4412.35 4412.35 0.0 104706.3618
4426.49 4426.49 0.0 104700.0256
4440.63 4440.63 0.0 104693.7302
4454.77 4454.77 0.0 104687.4692
4468.91 4468.91 0.0 104681.2483
4483.06 4483.06 0.0 104675.0535
4497.2 4497.2 0.0 104668.9048
4511.34 4511.34 0.0 104662.7947
4525.48 4525.48 0.0 104656.7146
4539.63 4539.63 0.0 104650.6741
4553.77 4553.77 0.0 104644.6697
4567.91 4567.91 0.0 104638.7029
4582.05 4582.05 0.0 104632.7722
4596.19 4596.19 0.0 104626.8743
4610.34 4610.34 0.0 104621.0149
4624.48 4624.48 0.0 104615.1892
4638.62 4638.62 0.0 104609.4006
4652.76 4652.76 0.0 104603.6453
4666.9 4666.9 0.0 104597.9270
4681.05 4681.05 0.0 104592.2385
4695.19 4695.19 0.0 104586.5881
4709.33 4709.33 0.0 104580.9736
4723.47 4723.47 0.0 104575.3906
4737.62 4737.62 0.0 104569.8430
4751.76 4751.76 0.0 104564.3269
4765.9 4765.9 0.0 104558.8447
4780.04 4780.04 0.0 104553.3948
4794.18 4794.18 0.0 104547.9785
4808.33 4808.33 0.0 104542.5911
4822.47 4822.47 0.0 104537.2402
4836.61 4836.61 0.0 104531.9214
4850.75 4850.75 0.0 104526.6311
4864.89 4864.89 0.0 104521.3721
4879.04 4879.04 0.0 104516.1404
4893.18 4893.18 0.0 104510.9441
4907.32 4907.32 0.0 104505.7764
4921.46 4921.46 0.0 104500.6394
4935.61 4935.61 0.0 104495.5288
4949.75 4949.75 0.0 104490.4492
4963.89 4963.89 0.0 104485.4016
4978.03 4978.03 0.0 104480.3804
4992.17 4992.17 0.0 104475.3848
5006.32 5006.32 0.0 104470.4121
5020.46 5020.46 0.0 104465.4773
5034.6 5034.6 0.0 104460.5667
5048.74 5048.74 0.0 104455.6770
5062.88 5062.88 0.0 104450.8232
5077.03 5077.03 0.0 104445.9846
5091.17 5091.17 0.0 104441.1770
5105.31 5105.31 0.0 104436.3960
5119.45 5119.45 0.0 104431.6387
5133.6 5133.6 0.0 104426.9048
5147.74 5147.74 0.0 104422.1973
5161.88 5161.88 0.0 104417.5117
5176.02 5176.02 0.0 104412.8538
5190.16 5190.16 0.0 104408.2131
5204.31 5204.31 0.0 104403.5972
5218.45 5218.45 0.0 104399.0068
5232.59 5232.59 0.0 104394.4380
5246.73 5246.73 0.0 104389.8906
5260.87 5260.87 0.0 104385.3647
5275.02 5275.02 0.0 104380.8569
5289.16 5289.16 0.0 104376.3762
5303.3 5303.3 0.0 104371.9133
5317.44 5317.44 0.0 104367.4719
5331.59 5331.59 0.0 104363.0452
5345.73 5345.73 0.0 104358.6440
5359.87 5359.87 0.0 104354.2607
5374.01 5374.01 0.0 104349.8967
5388.15 5388.15 0.0 104345.5544
5402.3 5402.3 0.0 104341.2246
5416.44 5416.44 0.0 104336.9138
5430.58 5430.58 0.0 104332.6248
5444.72 5444.72 0.0 104328.3547
5458.86 5458.86 0.0 104324.0979
5473.01 5473.01 0.0 104319.8542
5487.15 5487.15 0.0 104315.6335
5501.29 5501.29 0.0 104311.4316
5515.43 5515.43 0.0 104307.2415
5529.58 5529.58 0.0 104303.0667
5543.72 5543.72 0.0 104298.9124
5557.86 5557.86 0.0 104294.7708
5572.0 5572.0 0.0 104290.6448
5586.14 5586.14 0.0 104286.5342
5600.29 5600.29 0.0 104282.4353
5614.43 5614.43 0.0 104278.3560
5628.57 5628.57 0.0 104274.2891
5642.71 5642.71 0.0 104270.2378
5656.85 5656.85 0.0 104266.1936
5671.0 5671.0 0.0 104262.1660
5685.14 5685.14 0.0 104258.1533
5699.28 5699.28 0.0 104254.1536
5713.42 5713.42 0.0 104250.1675
5727.56 5727.56 0.0 104246.1953
5741.71 5741.71 0.0 104242.2283
5755.85 5755.85 0.0 104238.2803
5769.99 5769.99 0.0 104234.3384
5784.13 5784.13 0.0 104230.4150
5798.28 5798.28 0.0 104226.4985
5812.42 5812.42 0.0 104222.5955
5826.56 5826.56 0.0 104218.7061
5840.7 5840.7 0.0 104214.8257
5854.84 5854.84 0.0 104210.9524
5868.99 5868.99 0.0 104207.0947
5883.13 5883.13 0.0 104203.2429
5897.27 5897.27 0.0 104199.4065
5911.41 5911.41 0.0 104195.5752
5925.55 5925.55 0.0 104191.7590
5939.7 5939.7 0.0 104187.9504
5953.84 5953.84 0.0 104184.1509
5967.98 5967.98 0.0 104180.3564
5982.12 5982.12 0.0 104176.5793
5996.27 5996.27 0.0 104172.8059
6010.41 6010.41 0.0 104169.0427
6024.55 6024.55 0.0 104165.2898
6038.69 6038.69 0.0 104161.5447
6052.83 6052.83 0.0 104157.8101
6066.98 6066.98 0.0 104154.0774
6081.12 6081.12 0.0 104150.3591
6095.26 6095.26 0.0 104146.6472
6109.4 6109.4 0.0 104142.9438
6123.54 6123.54 0.0 104139.2456
6137.69 6137.69 0.0 104135.5591
6151.83 6151.83 0.0 104131.8757
6165.97 6165.97 0.0 104128.2053
6180.11 6180.11 0.0 104124.5398
6194.26 6194.26 0.0 104120.8774
6208.4 6208.4 0.0 104117.2253
6222.54 6222.54 0.0 104113.5820
6236.68 6236.68 0.0 104109.9448
6250.82 6250.82 0.0 104106.3147
6264.97 6264.97 0.0 104102.6885
6279.11 6279.11 0.0 104099.0720
6293.25 6293.25 0.0 104095.4629
6307.39 6307.39 0.0 104091.8557
6321.53 6321.53 0.0 104088.2612
6335.68 6335.68 0.0 104084.6648
6349.82 6349.82 0.0 104081.0811
6363.96 6363.96 0.0 104077.5002
6378.1 6378.1 0.0 104073.9297
6392.25 6392.25 0.0 104070.3601
6406.39 6406.39 0.0 104066.7974
6420.53 6420.53 0.0 104063.2444
6434.67 6434.67 0.0 104059.6921
6448.81 6448.81 0.0 104056.1541
6462.96 6462.96 0.0 104052.6108
6477.1 6477.1 0.0 104049.0803
6491.24 6491.24 0.0 104045.5542
6505.38 6505.38 0.0 104042.0325
6519.52 6519.52 0.0 104038.5186
6533.67 6533.67 0.0 104035.0071
6547.81 6547.81 0.0 104031.4995
6561.95 6561.95 0.0 104028.0012
6576.09 6576.09 0.0 104024.5063
6590.24 6590.24 0.0 104021.0173
6604.38 6604.38 0.0 104017.5339
6618.52 6618.52 0.0 104014.0576
6632.66 6632.66 0.0 104010.5845
6646.8 6646.8 0.0 104007.1172
6660.95 6660.95 0.0 104003.6492
6675.09 6675.09 0.0 104000.1960
6689.23 6689.23 0.0 103996.7444
6703.37 6703.37 0.0 103993.2952
6717.51 6717.51 0.0 103989.8550
6731.66 6731.66 0.0 103986.4172
6745.8 6745.8 0.0 103982.9834
6759.94 6759.94 0.0 103979.5603
6774.08 6774.08 0.0 103976.1394
6788.23 6788.23 0.0 103972.7178
6802.37 6802.37 0.0 103969.3108
6816.51 6816.51 0.0 103965.9050
6830.65 6830.65 0.0 103962.5044
6844.79 6844.79 0.0 103959.1104
6858.94 6858.94 0.0 103955.7207
6873.08 6873.08 0.0 103952.3367
6887.22 6887.22 0.0 103948.9543
6901.36 6901.36 0.0 103945.5850
6915.5 6915.5 0.0 103942.2114
6929.65 6929.65 0.0 103938.8511
6943.79 6943.79 0.0 103935.4888
6957.93 6957.93 0.0 103932.1394
6972.07 6972.07 0.0 103928.7930
6986.21 6986.21 0.0 103925.4534
7000.36 7000.36 0.0 103922.1157
7014.5 7014.5 0.0 103918.7847
7028.64 7028.64 0.0 103915.4639
7042.78 7042.78 0.0 103912.1465
7056.93 7056.93 0.0 103908.8308
7071.07 7071.07 0.0 103905.5264
7085.21 7085.21 0.0 103902.2241
7099.35 7099.35 0.0 103898.9294
7113.49 7113.49 0.0 103895.6392
7127.64 7127.64 0.0 103892.3542
7141.78 7141.78 0.0 103889.0784
7155.92 7155.92 0.0 103885.8130
7170.06 7170.06 0.0 103882.5466
7184.2 7184.2 0.0 103879.2869
7198.35 7198.35 0.0 103876.0364
7212.49 7212.49 0.0 103872.7935
7226.63 7226.63 0.0 103869.5549
7240.77 7240.77 0.0 103866.3237
7254.92 7254.92 0.0 103863.0955
7269.06 7269.06 0.0 103859.8811
7283.2 7283.2 0.0 103856.6685
7297.34 7297.34 0.0 103853.4646
7311.48 7311.48 0.0 103850.2710
7325.63 7325.63 0.0 103847.0789
7339.77 7339.77 0.0 103843.8953
7353.91 7353.91 0.0 103840.7209
7368.05 7368.05 0.0 103837.5564
7382.19 7382.19 0.0 103834.3958
7396.34 7396.34 0.0 103831.2429
7410.48 7410.48 0.0 103828.0974
7424.62 7424.62 0.0 103824.9580
7438.76 7438.76 0.0 103821.8337
7452.91 7452.91 0.0 103818.7107
7467.05 7467.05 0.0 103815.5964
7481.19 7481.19 0.0 103812.4917
7495.33 7495.33 0.0 103809.4006
7509.47 7509.47 0.0 103806.3120
7523.62 7523.62 0.0 103803.2307
7537.76 7537.76 0.0 103800.1580
7551.9 7551.9 0.0 103797.0974
7566.04 7566.04 0.0 103794.0457
7580.18 7580.18 0.0 103791.0007
7594.33 7594.33 0.0 103787.9617
7608.47 7608.47 0.0 103784.9373
7622.61 7622.61 0.0 103781.9202
7636.75 7636.75 0.0 103778.9136
7650.9 7650.9 0.0 103775.9097
7665.04 7665.04 0.0 103772.9211
7679.18 7679.18 0.0 103769.9417
7693.32 7693.32 0.0 103766.9729
7707.46 7707.46 0.0 103764.0115
7721.61 7721.61 0.0 103761.0596
7735.75 7735.75 0.0 103758.1191
7749.89 7749.89 0.0 103755.1865
7764.03 7764.03 0.0 103752.2661
7778.17 7778.17 0.0 103749.3535
