0.0 0.0 0.0 1242201.1250
14.1421 14.1421 0.0 7386654.5000
28.2843 28.2843 0.0 4086643.5000
42.4264 42.4264 0.0 1561239.6250
56.5685 56.5685 0.0 926833.0000
70.7107 70.7107 0.0 579992.1875
84.8528 84.8528 0.0 406094.9062
98.9949 98.9949 0.0 318976.8750
113.137 113.137 0.0 266766.8438
127.279 127.279 0.0 230938.8203
141.421 141.421 0.0 205289.6172
155.563 155.563 0.0 186722.3594
169.706 169.706 0.0 173055.1016
183.848 183.848 0.0 162725.2109
197.99 197.99 0.0 154686.8789
212.132 212.132 0.0 148271.3672
226.274 226.274 0.0 143048.0352
240.416 240.416 0.0 138729.2227
254.558 254.558 0.0 135113.8242
268.701 268.701 0.0 132055.6191
282.843 282.843 0.0 129445.6641
296.985 296.985 0.0 127199.9258
311.127 311.127 0.0 125252.9043
325.269 325.269 0.0 123552.5566
339.411 339.411 0.0 122056.9258
353.553 353.553 0.0 120731.9473
367.696 367.696 0.0 119549.7266
381.838 381.838 0.0 118487.6211
395.98 395.98 0.0 117526.8633
410.122 410.122 0.0 116652.1680
424.264 424.264 0.0 115851.0996
438.406 438.406 0.0 115113.5215
452.548 452.548 0.0 114431.2295
466.69 466.69 0.0 113797.5586
480.833 480.833 0.0 113207.0479
494.975 494.975 0.0 112655.3877
509.117 509.117 0.0 112138.9883
523.259 523.259 0.0 111654.9082
537.401 537.401 0.0 111200.6953
551.543 551.543 0.0 110774.3525
565.685 565.685 0.0 110374.1475
579.828 579.828 0.0 109998.5488
593.97 593.97 0.0 109646.2520
608.112 608.112 0.0 109316.0103
622.254 622.254 0.0 109006.6216
636.396 636.396 0.0 108716.9136
650.538 650.538 0.0 108445.7363
664.68 664.68 0.0 108191.8501
678.823 678.823 0.0 107953.9761
692.965 692.965 0.0 107730.8105
707.107 707.107 0.0 107520.9282
721.249 721.249 0.0 107322.8306
735.391 735.391 0.0 107135.0186
749.533 749.533 0.0 106956.0210
763.675 763.675 0.0 106784.4805
777.817 777.817 0.0 106619.2393
791.96 791.96 0.0 106459.4771
806.102 806.102 0.0 106304.8511
820.244 820.244 0.0 106155.5024
834.386 834.386 0.0 106012.0981
848.528 848.528 0.0 105875.6729
862.67 862.67 0.0 105747.3657
876.812 876.812 0.0 105628.1499
890.955 890.955 0.0 105518.5435
905.097 905.097 0.0 105418.5627
919.239 919.239 0.0 105327.6772
933.381 933.381 0.0 105244.9702
947.523 947.523 0.0 105169.3079
961.665 961.665 0.0 105099.4802
975.807 975.807 0.0 105034.3350
989.949 989.949 0.0 104972.8491
1004.09 1004.09 0.0 104914.1626
1018.23 1018.23 0.0 104857.6101
1032.38 1032.38 0.0 104802.6575
1046.52 1046.52 0.0 104749.0764
1060.66 1060.66 0.0 104696.6245
1074.8 1074.8 0.0 104645.2671
1088.94 1088.94 0.0 104595.0471
1103.09 1103.09 0.0 104546.0625
1117.23 1117.23 0.0 104498.5691
1131.37 1131.37 0.0 104452.7556
1145.51 1145.51 0.0 104408.8635
1159.66 1159.66 0.0 104367.0967
1173.8 1173.8 0.0 104327.7112
1187.94 1187.94 0.0 104290.8521
1202.08 1202.08 0.0 104256.6260
1216.22 1216.22 0.0 104225.0869
1230.37 1230.37 0.0 104196.1921
1244.51 1244.51 0.0 104169.8904
1258.65 1258.65 0.0 104145.9873
1272.79 1272.79 0.0 104124.2412
1286.93 1286.93 0.0 104104.3594
1301.08 1301.08 0.0 104085.9961
1315.22 1315.22 0.0 104068.8389
1329.36 1329.36 0.0 104052.5381
1343.5 1343.5 0.0 104036.8030
1357.65 1357.65 0.0 104021.3767
1371.79 1371.79 0.0 104006.0918
1385.93 1385.93 0.0 103990.8030
1400.07 1400.07 0.0 103975.4299
1414.21 1414.21 0.0 103959.9358
1428.36 1428.36 0.0 103944.2952
1442.5 1442.5 0.0 103928.5574
1456.64 1456.64 0.0 103912.7366
1470.78 1470.78 0.0 103896.8735
1484.92 1484.92 0.0 103881.0173
1499.07 1499.07 0.0 103865.1936
1513.21 1513.21 0.0 103849.4580
1527.35 1527.35 0.0 103833.8474
1541.49 1541.49 0.0 103818.3806
1555.63 1555.63 0.0 103803.0857
1569.78 1569.78 0.0 103787.9666
1583.92 1583.92 0.0 103773.0632
1598.06 1598.06 0.0 103758.3706
1612.2 1612.2 0.0 103743.9041
1626.35 1626.35 0.0 103729.6553
1640.49 1640.49 0.0 103715.6450
1654.63 1654.63 0.0 103701.8635
1668.77 1668.77 0.0 103688.3145
1682.91 1682.91 0.0 103674.9902
1697.06 1697.06 0.0 103661.8801
1711.2 1711.2 0.0 103649.0037
1725.34 1725.34 0.0 103636.3447
1739.48 1739.48 0.0 103623.8989
1753.62 1753.62 0.0 103611.6672
1767.77 1767.77 0.0 103599.6272
1781.91 1781.91 0.0 103587.8022
1796.05 1796.05 0.0 103576.1772
1810.19 1810.19 0.0 103564.7419
1824.34 1824.34 0.0 103553.4890
1838.48 1838.48 0.0 103542.4294
1852.62 1852.62 0.0 103531.5532
1866.76 1866.76 0.0 103520.8540
1880.9 1880.9 0.0 103510.3269
1895.05 1895.05 0.0 103499.9695
1909.19 1909.19 0.0 103489.7827
1923.33 1923.33 0.0 103479.7595
1937.47 1937.47 0.0 103469.8962
1951.61 1951.61 0.0 103460.1880
1965.76 1965.76 0.0 103450.6267
1979.9 1979.9 0.0 103441.2212
1994.04 1994.04 0.0 103431.9597
2008.18 2008.18 0.0 103422.8464
2022.33 2022.33 0.0 103413.8633
2036.47 2036.47 0.0 103405.0225
2050.61 2050.61 0.0 103396.3127
2064.75 2064.75 0.0 103387.7336
2078.89 2078.89 0.0 103379.2793
2093.04 2093.04 0.0 103370.9464
2107.18 2107.18 0.0 103362.7394
2121.32 2121.32 0.0 103354.6464
2135.46 2135.46 0.0 103346.6720
2149.6 2149.6 0.0 103338.8040
2163.75 2163.75 0.0 103331.0399
2177.89 2177.89 0.0 103323.3917
2192.03 2192.03 0.0 103315.8398
2206.17 2206.17 0.0 103308.3923
2220.32 2220.32 0.0 103301.0381
2234.46 2234.46 0.0 103293.7864
2248.6 2248.6 0.0 103286.6248
2262.74 2262.74 0.0 103279.5562
2276.88 2276.88 0.0 103272.5704
2291.03 2291.03 0.0 103265.6727
2305.17 2305.17 0.0 103258.8601
2319.31 2319.31 0.0 103252.1301
2333.45 2333.45 0.0 103245.4767
2347.59 2347.59 0.0 103238.9044
2361.74 2361.74 0.0 103232.4056
2375.88 2375.88 0.0 103225.9833
2390.02 2390.02 0.0 103219.6348
2404.16 2404.16 0.0 103213.3542
2418.31 2418.31 0.0 103207.1411
2432.45 2432.45 0.0 103200.9967
2446.59 2446.59 0.0 103194.9221
2460.73 2460.73 0.0 103188.9081
2474.87 2474.87 0.0 103182.9578
2489.02 2489.02 0.0 103177.0643
2503.16 2503.16 0.0 103171.2360
2517.3 2517.3 0.0 103165.4666
2531.44 2531.44 0.0 103159.7490
2545.58 2545.58 0.0 103154.0929
2559.73 2559.73 0.0 103148.4871
2573.87 2573.87 0.0 103142.9402
2588.01 2588.01 0.0 103137.4427
2602.15 2602.15 0.0 103131.9973
2616.3 2616.3 0.0 103126.6010
2630.44 2630.44 0.0 103121.2532
2644.58 2644.58 0.0 103115.9570
2658.72 2658.72 0.0 103110.7070
2672.86 2672.86 0.0 103105.5031
2687.01 2687.01 0.0 103100.3396
2701.15 2701.15 0.0 103095.2266
2715.29 2715.29 0.0 103090.1526
2729.43 2729.43 0.0 103085.1259
2743.57 2743.57 0.0 103080.1393
2757.72 2757.72 0.0 103075.1893
2771.86 2771.86 0.0 103070.2859
2786.0 2786.0 0.0 103065.4177
2800.14 2800.14 0.0 103060.5919
2814.28 2814.28 0.0 103055.8026
2828.43 2828.43 0.0 103051.0463
2842.57 2842.57 0.0 103046.3293
2856.71 2856.71 0.0 103041.6504
2870.85 2870.85 0.0 103037.0039
2885.0 2885.0 0.0 103032.3878
2899.14 2899.14 0.0 103027.8135
2913.28 2913.28 0.0 103023.2683
2927.42 2927.42 0.0 103018.7595
2941.56 2941.56 0.0 103014.2804
2955.71 2955.71 0.0 103009.8274
2969.85 2969.85 0.0 103005.4103
2983.99 2983.99 0.0 103001.0229
2998.13 2998.13 0.0 102996.6648
3012.27 3012.27 0.0 102992.3378
3026.42 3026.42 0.0 102988.0354
3040.56 3040.56 0.0 102983.7662
3054.7 3054.7 0.0 102979.5197
3068.84 3068.84 0.0 102975.3047
3082.99 3082.99 0.0 102971.1121
3097.13 3097.13 0.0 102966.9489
3111.27 3111.27 0.0 102962.8119
3125.41 3125.41 0.0 102958.6976
3139.55 3139.55 0.0 102954.6124
3153.7 3153.7 0.0 102950.5474
3167.84 3167.84 0.0 102946.5081
3181.98 3181.98 0.0 102942.4926
3196.12 3196.12 0.0 102938.5017
3210.26 3210.26 0.0 102934.5336
3224.41 3224.41 0.0 102930.5829
3238.55 3238.55 0.0 102926.6617
3252.69 3252.69 0.0 102922.7572
3266.83 3266.83 0.0 102918.8749
3280.98 3280.98 0.0 102915.0140
3295.12 3295.12 0.0 102911.1725
3309.26 3309.26 0.0 102907.3539
3323.4 3323.4 0.0 102903.5541
3337.54 3337.54 0.0 102899.7716
3351.69 3351.69 0.0 102896.0104
3365.83 3365.83 0.0 102892.2670
3379.97 3379.97 0.0 102888.5436
3394.11 3394.11 0.0 102884.8395
3408.25 3408.25 0.0 102881.1501
3422.4 3422.4 0.0 102877.4805
3436.54 3436.54 0.0 102873.8241
3450.68 3450.68 0.0 102870.1901
3464.82 3464.82 0.0 102866.5707
3478.97 3478.97 0.0 102862.9677
3493.11 3493.11 0.0 102859.3796
3507.25 3507.25 0.0 102855.8081
3521.39 3521.39 0.0 102852.2513
3535.53 3535.53 0.0 102848.7115
3549.68 3549.68 0.0 102845.1829
3563.82 3563.82 0.0 102841.6740
3577.96 3577.96 0.0 102838.1781
3592.1 3592.1 0.0 102834.6954
3606.24 3606.24 0.0 102831.2258
3620.39 3620.39 0.0 102827.7683
3634.53 3634.53 0.0 102824.3274
3648.67 3648.67 0.0 102820.9008
3662.81 3662.81 0.0 102817.4841
3676.96 3676.96 0.0 102814.0768
3691.1 3691.1 0.0 102810.6869
3705.24 3705.24 0.0 102807.3098
3719.38 3719.38 0.0 102803.9410
3733.52 3733.52 0.0 102800.5863
3747.67 3747.67 0.0 102797.2391
3761.81 3761.81 0.0 102793.9080
3775.95 3775.95 0.0 102790.5837
3790.09 3790.09 0.0 102787.2738
3804.23 3804.23 0.0 102783.9722
3818.38 3818.38 0.0 102780.6793
3832.52 3832.52 0.0 102777.4008
3846.66 3846.66 0.0 102774.1282
3860.8 3860.8 0.0 102770.8672
3874.95 3874.95 0.0 102767.6150
3889.09 3889.09 0.0 102764.3727
3903.23 3903.23 0.0 102761.1405
3917.37 3917.37 0.0 102757.9182
3931.51 3931.51 0.0 102754.7046
3945.66 3945.66 0.0 102751.4954
3959.8 3959.8 0.0 102748.2990
3973.94 3973.94 0.0 102745.1110
3988.08 3988.08 0.0 102741.9313
4002.22 4002.22 0.0 102738.7595
4016.37 4016.37 0.0 102735.5942
4030.51 4030.51 0.0 102732.4365
4044.65 4044.65 0.0 102729.2881
4058.79 4058.79 0.0 102726.1487
4072.94 4072.94 0.0 102723.0149
4087.08 4087.08 0.0 102719.8888
4101.22 4101.22 0.0 102716.7710
4115.36 4115.36 0.0 102713.6628
4129.5 4129.5 0.0 102710.5608
4143.65 4143.65 0.0 102707.4633
4157.79 4157.79 0.0 102704.3744
4171.93 4171.93 0.0 102701.2906
4186.07 4186.07 0.0 102698.2191
4200.21 4200.21 0.0 102695.1510
4214.36 4214.36 0.0 102692.0890
4228.5 4228.5 0.0 102689.0371
4242.64 4242.64 0.0 102685.9910
