0.0 0.0 0.0 274853.1562
14.1421 14.1421 0.0 353648.3594
28.2843 28.2843 0.0 350977.1406
42.4264 42.4264 0.0 349371.0781
56.5685 56.5685 0.0 348403.0625
70.7107 70.7107 0.0 347771.1719
84.8528 84.8528 0.0 347277.6094
98.9949 98.9949 0.0 346801.8750
113.137 113.137 0.0 346276.7969
127.279 127.279 0.0 345668.7500
141.421 141.421 0.0 344964.6250
155.563 155.563 0.0 344162.7031
169.706 169.706 0.0 343267.5938
183.848 183.848 0.0 342286.5312
197.99 197.99 0.0 341227.8438
212.132 212.132 0.0 340099.7344
226.274 226.274 0.0 338909.9375
240.416 240.416 0.0 337665.5312
254.558 254.558 0.0 336372.6406
268.701 268.701 0.0 335036.7812
282.843 282.843 0.0 333662.7344
296.985 296.985 0.0 332254.5312
311.127 311.127 0.0 330815.7812
325.269 325.269 0.0 329349.5469
339.411 339.411 0.0 327858.5156
353.553 353.553 0.0 326344.9062
367.696 367.696 0.0 324810.5781
381.838 381.838 0.0 323257.5781
395.98 395.98 0.0 321687.4062
410.122 410.122 0.0 320101.2188
424.264 424.264 0.0 318500.2344
438.406 438.406 0.0 316885.5938
452.548 452.548 0.0 315258.1875
466.69 466.69 0.0 313618.8906
480.833 480.833 0.0 311968.3750
494.975 494.975 0.0 310307.5938
509.117 509.117 0.0 308637.0312
523.259 523.259 0.0 306957.3750
537.401 537.401 0.0 305269.0312
551.543 551.543 0.0 303572.7656
565.685 565.685 0.0 301868.9844
579.828 579.828 0.0 300158.0938
593.97 593.97 0.0 298440.8594
608.112 608.112 0.0 296717.6094
622.254 622.254 0.0 294988.8125
636.396 636.396 0.0 293254.9219
650.538 650.538 0.0 291516.4844
664.68 664.68 0.0 289773.8750
678.823 678.823 0.0 288027.4219
692.965 692.965 0.0 286278.0000
707.107 707.107 0.0 284525.8281
721.249 721.249 0.0 282771.4375
735.391 735.391 0.0 281015.3750
749.533 749.533 0.0 279258.0312
763.675 763.675 0.0 277500.0781
777.817 777.817 0.0 275741.9375
791.96 791.96 0.0 273984.0469
806.102 806.102 0.0 272227.2031
820.244 820.244 0.0 270471.7656
834.386 834.386 0.0 268718.4531
848.528 848.528 0.0 266967.7031
862.67 862.67 0.0 265220.1875
876.812 876.812 0.0 263476.4219
890.955 890.955 0.0 261737.0312
905.097 905.097 0.0 260002.6875
919.239 919.239 0.0 258274.0625
933.381 933.381 0.0 256551.6875
947.523 947.523 0.0 254836.3125
961.665 961.665 0.0 253128.5938
975.807 975.807 0.0 251429.1875
989.949 989.949 0.0 249738.9531
1004.09 1004.09 0.0 248058.6875
1018.23 1018.23 0.0 246389.1250
1032.38 1032.38 0.0 244729.9688
1046.52 1046.52 0.0 243084.4531
1060.66 1060.66 0.0 241452.2812
1074.8 1074.8 0.0 239834.4219
1088.94 1088.94 0.0 238232.1406
1103.09 1103.09 0.0 236645.1250
1117.23 1117.23 0.0 235077.1250
1131.37 1131.37 0.0 233528.0312
1145.51 1145.51 0.0 231999.0781
1159.66 1159.66 0.0 230490.6641
1173.8 1173.8 0.0 229006.0000
1187.94 1187.94 0.0 227545.4219
1202.08 1202.08 0.0 226110.1250
1216.22 1216.22 0.0 224701.2266
1230.37 1230.37 0.0 223319.0000
1244.51 1244.51 0.0 221966.4141
1258.65 1258.65 0.0 220643.1875
1272.79 1272.79 0.0 219350.2109
1286.93 1286.93 0.0 218087.9844
1301.08 1301.08 0.0 216856.0234
1315.22 1315.22 0.0 215656.4219
1329.36 1329.36 0.0 214488.1875
1343.5 1343.5 0.0 213351.2031
1357.65 1357.65 0.0 212244.3750
1371.79 1371.79 0.0 211168.7422
1385.93 1385.93 0.0 210122.8125
1400.07 1400.07 0.0 209105.8203
1414.21 1414.21 0.0 208116.7656
1428.36 1428.36 0.0 207153.9375
1442.5 1442.5 0.0 206217.4844
1456.64 1456.64 0.0 205305.6562
1470.78 1470.78 0.0 204416.9922
1484.92 1484.92 0.0 203550.2578
1499.07 1499.07 0.0 202703.5547
1513.21 1513.21 0.0 201876.6641
1527.35 1527.35 0.0 201067.8203
1541.49 1541.49 0.0 200275.5547
1555.63 1555.63 0.0 199498.7109
1569.78 1569.78 0.0 198735.5391
1583.92 1583.92 0.0 197985.8828
1598.06 1598.06 0.0 197248.1328
1612.2 1612.2 0.0 196521.2578
1626.35 1626.35 0.0 195803.7109
1640.49 1640.49 0.0 195095.6172
1654.63 1654.63 0.0 194395.6094
1668.77 1668.77 0.0 193702.9141
1682.91 1682.91 0.0 193016.7812
1697.06 1697.06 0.0 192336.0859
1711.2 1711.2 0.0 191661.1875
1725.34 1725.34 0.0 190991.1094
1739.48 1739.48 0.0 190325.3125
1753.62 1753.62 0.0 189663.4766
1767.77 1767.77 0.0 189004.7109
1781.91 1781.91 0.0 188349.6641
1796.05 1796.05 0.0 187697.6328
1810.19 1810.19 0.0 187048.3906
1824.34 1824.34 0.0 186401.3672
1838.48 1838.48 0.0 185757.2891
1852.62 1852.62 0.0 185115.7188
1866.76 1866.76 0.0 184476.5625
1880.9 1880.9 0.0 183839.8359
1895.05 1895.05 0.0 183205.1016
1909.19 1909.19 0.0 182573.3516
1923.33 1923.33 0.0 181944.2578
1937.47 1937.47 0.0 181317.9141
1951.61 1951.61 0.0 180694.4297
1965.76 1965.76 0.0 180073.5312
1979.9 1979.9 0.0 179456.3672
1994.04 1994.04 0.0 178842.6172
2008.18 2008.18 0.0 178232.5078
2022.33 2022.33 0.0 177625.8516
2036.47 2036.47 0.0 177023.7266
2050.61 2050.61 0.0 176425.9453
2064.75 2064.75 0.0 175832.7734
2078.89 2078.89 0.0 175244.3828
2093.04 2093.04 0.0 174660.6797
2107.18 2107.18 0.0 174082.6562
2121.32 2121.32 0.0 173510.1172
2135.46 2135.46 0.0 172943.2969
2149.6 2149.6 0.0 172382.3750
2163.75 2163.75 0.0 171827.1172
2177.89 2177.89 0.0 171278.4609
2192.03 2192.03 0.0 170736.1406
2206.17 2206.17 0.0 170200.2188
2220.32 2220.32 0.0 169670.3594
2234.46 2234.46 0.0 169147.3984
2248.6 2248.6 0.0 168630.8828
2262.74 2262.74 0.0 168120.7891
2276.88 2276.88 0.0 167617.0078
2291.03 2291.03 0.0 167119.0781
2305.17 2305.17 0.0 166627.5352
2319.31 2319.31 0.0 166141.7500
2333.45 2333.45 0.0 165661.5547
2347.59 2347.59 0.0 165186.6250
2361.74 2361.74 0.0 164716.3438
2375.88 2375.88 0.0 164251.0234
2390.02 2390.02 0.0 163790.0273
2404.16 2404.16 0.0 163333.0273
2418.31 2418.31 0.0 162879.3477
2432.45 2432.45 0.0 162429.2969
2446.59 2446.59 0.0 161982.3203
2460.73 2460.73 0.0 161538.1680
2474.87 2474.87 0.0 161096.7109
2489.02 2489.02 0.0 160657.5625
2503.16 2503.16 0.0 160221.4062
2517.3 2517.3 0.0 159788.1094
2531.44 2531.44 0.0 159358.0547
2545.58 2545.58 0.0 158931.7656
2559.73 2559.73 0.0 158509.6602
2573.87 2573.87 0.0 158093.3359
2588.01 2588.01 0.0 157683.6562
2602.15 2602.15 0.0 157282.1094
2616.3 2616.3 0.0 156890.1445
2630.44 2630.44 0.0 156510.2305
2644.58 2644.58 0.0 156144.2539
2658.72 2658.72 0.0 155794.5391
2672.86 2672.86 0.0 155463.4531
2687.01 2687.01 0.0 155153.0117
2701.15 2701.15 0.0 154865.6172
2715.29 2715.29 0.0 154602.3242
2729.43 2729.43 0.0 154363.2227
2743.57 2743.57 0.0 154146.7695
2757.72 2757.72 0.0 153948.7656
2771.86 2771.86 0.0 153761.9336
2786.0 2786.0 0.0 153574.0195
2800.14 2800.14 0.0 153367.2734
2814.28 2814.28 0.0 153117.3828
2828.43 2828.43 0.0 152792.8320
2842.57 2842.57 0.0 152356.5938
2856.71 2856.71 0.0 151767.0000
2870.85 2870.85 0.0 150982.8086
2885.0 2885.0 0.0 149969.0312
2899.14 2899.14 0.0 148708.5938
2913.28 2913.28 0.0 147207.9141
2927.42 2927.42 0.0 145508.0703
2941.56 2941.56 0.0 143688.5430
2955.71 2955.71 0.0 141861.7188
2969.85 2969.85 0.0 140162.5312
2983.99 2983.99 0.0 138712.4844
2998.13 2998.13 0.0 137592.0312
3012.27 3012.27 0.0 136814.6875
3026.42 3026.42 0.0 136326.9062
3040.56 3040.56 0.0 136035.6016
3054.7 3054.7 0.0 135843.9648
3068.84 3068.84 0.0 135680.8164
3082.99 3082.99 0.0 135507.9570
3097.13 3097.13 0.0 135313.8867
3111.27 3111.27 0.0 135101.4688
3125.41 3125.41 0.0 134878.9883
3139.55 3139.55 0.0 134654.6523
3153.7 3153.7 0.0 134434.2695
3167.84 3167.84 0.0 134221.5430
3181.98 3181.98 0.0 134017.6523
3196.12 3196.12 0.0 133822.5000
3210.26 3210.26 0.0 133635.2246
3224.41 3224.41 0.0 133454.4414
3238.55 3238.55 0.0 133279.0801
3252.69 3252.69 0.0 133107.7695
3266.83 3266.83 0.0 132939.3887
3280.98 3280.98 0.0 132772.9473
3295.12 3295.12 0.0 132607.9766
3309.26 3309.26 0.0 132443.8555
3323.4 3323.4 0.0 132280.1836
3337.54 3337.54 0.0 132116.8457
3351.69 3351.69 0.0 131953.5176
3365.83 3365.83 0.0 131790.4922
3379.97 3379.97 0.0 131627.6953
3394.11 3394.11 0.0 131465.2344
3408.25 3408.25 0.0 131303.2207
3422.4 3422.4 0.0 131141.7910
3436.54 3436.54 0.0 130981.2891
3450.68 3450.68 0.0 130821.7969
3464.82 3464.82 0.0 130663.5156
3478.97 3478.97 0.0 130506.5332
3493.11 3493.11 0.0 130351.1797
3507.25 3507.25 0.0 130197.5254
3521.39 3521.39 0.0 130045.6797
3535.53 3535.53 0.0 129895.7520
3549.68 3549.68 0.0 129747.7012
3563.82 3563.82 0.0 129601.8027
3577.96 3577.96 0.0 129457.9844
3592.1 3592.1 0.0 129316.2305
3606.24 3606.24 0.0 129176.5430
3620.39 3620.39 0.0 129038.7559
3634.53 3634.53 0.0 128903.0254
3648.67 3648.67 0.0 128769.1484
3662.81 3662.81 0.0 128637.0293
3676.96 3676.96 0.0 128506.4512
3691.1 3691.1 0.0 128377.4941
3705.24 3705.24 0.0 128249.9004
3719.38 3719.38 0.0 128123.5195
3733.52 3733.52 0.0 127998.1875
3747.67 3747.67 0.0 127873.6660
3761.81 3761.81 0.0 127749.9453
3775.95 3775.95 0.0 127626.7676
3790.09 3790.09 0.0 127503.9609
3804.23 3804.23 0.0 127381.3633
3818.38 3818.38 0.0 127258.7246
3832.52 3832.52 0.0 127136.0059
3846.66 3846.66 0.0 127013.0215
3860.8 3860.8 0.0 126889.5664
3874.95 3874.95 0.0 126765.4414
3889.09 3889.09 0.0 126640.6465
3903.23 3903.23 0.0 126515.0098
3917.37 3917.37 0.0 126388.3594
3931.51 3931.51 0.0 126260.6055
3945.66 3945.66 0.0 126131.5449
3959.8 3959.8 0.0 126001.2812
3973.94 3973.94 0.0 125869.6289
3988.08 3988.08 0.0 125736.5215
4002.22 4002.22 0.0 125601.8984
4016.37 4016.37 0.0 125465.6309
4030.51 4030.51 0.0 125327.8691
4044.65 4044.65 0.0 125188.5020
4058.79 4058.79 0.0 125047.5273
4072.94 4072.94 0.0 124904.8496
4087.08 4087.08 0.0 124760.7051
4101.22 4101.22 0.0 124615.0234
4115.36 4115.36 0.0 124467.8574
4129.5 4129.5 0.0 124319.2734
4143.65 4143.65 0.0 124169.2637
4157.79 4157.79 0.0 124018.1230
4171.93 4171.93 0.0 123865.8574
4186.07 4186.07 0.0 123712.6152
4200.21 4200.21 0.0 123558.5117
4214.36 4214.36 0.0 123403.5957
4228.5 4228.5 0.0 123248.2676
4242.64 4242.64 0.0 123092.5684
4256.78 4256.78 0.0 122936.7148
4270.92 4270.92 0.0 122780.8770
4285.07 4285.07 0.0 122625.1484
4299.21 4299.21 0.0 122469.9629
4313.35 4313.35 0.0 122315.4121
4327.49 4327.49 0.0 122161.7188
4341.64 4341.64 0.0 122008.9531
4355.78 4355.78 0.0 121857.5605
4369.92 4369.92 0.0 121707.6309
4384.06 4384.06 0.0 121559.3496
4398.2 4398.2 0.0 121412.8867
4412.35 4412.35 0.0 121268.3184
4426.49 4426.49 0.0 121126.0098
4440.63 4440.63 0.0 120985.9766
4454.77 4454.77 0.0 120848.3633
4468.91 4468.91 0.0 120713.2598
4483.06 4483.06 0.0 120580.6797
4497.2 4497.2 0.0 120450.8438
4511.34 4511.34 0.0 120323.7402
4525.48 4525.48 0.0 120199.3867
4539.63 4539.63 0.0 120077.7246
4553.77 4553.77 0.0 119958.9102
4567.91 4567.91 0.0 119842.8516
4582.05 4582.05 0.0 119729.5078
4596.19 4596.19 0.0 119618.8594
4610.34 4610.34 0.0 119510.7656
4624.48 4624.48 0.0 119405.3262
4638.62 4638.62 0.0 119302.3809
4652.76 4652.76 0.0 119201.8848
4666.9 4666.9 0.0 119103.7266
4681.05 4681.05 0.0 119007.7734
4695.19 4695.19 0.0 118914.0859
4709.33 4709.33 0.0 118822.5000
4723.47 4723.47 0.0 118732.9297
4737.62 4737.62 0.0 118645.2402
4751.76 4751.76 0.0 118559.4707
4765.9 4765.9 0.0 118475.4688
4780.04 4780.04 0.0 118393.1641
4794.18 4794.18 0.0 118312.4805
4808.33 4808.33 0.0 118233.2852
4822.47 4822.47 0.0 118155.6172
4836.61 4836.61 0.0 118079.3574
4850.75 4850.75 0.0 118004.4492
4864.89 4864.89 0.0 117930.8320
4879.04 4879.04 0.0 117858.3906
4893.18 4893.18 0.0 117787.1543
4907.32 4907.32 0.0 117717.0703
4921.46 4921.46 0.0 117648.0547
4935.61 4935.61 0.0 117580.0322
4949.75 4949.75 0.0 117513.0439
4963.89 4963.89 0.0 117447.0303
4978.03 4978.03 0.0 117381.9365
4992.17 4992.17 0.0 117317.7285
5006.32 5006.32 0.0 117254.3447
5020.46 5020.46 0.0 117191.8457
5034.6 5034.6 0.0 117130.1592
5048.74 5048.74 0.0 117069.2764
5062.88 5062.88 0.0 117009.1689
5077.03 5077.03 0.0 116949.7686
5091.17 5091.17 0.0 116891.1660
5105.31 5105.31 0.0 116833.2803
5119.45 5119.45 0.0 116776.1123
5133.6 5133.6 0.0 116719.6055
5147.74 5147.74 0.0 116663.8125
5161.88 5161.88 0.0 116608.7119
5176.02 5176.02 0.0 116554.2617
5190.16 5190.16 0.0 116500.4492
5204.31 5204.31 0.0 116447.2393
5218.45 5218.45 0.0 116394.6729
5232.59 5232.59 0.0 116342.6924
5246.73 5246.73 0.0 116291.2852
5260.87 5260.87 0.0 116240.4268
5275.02 5275.02 0.0 116190.0518
5289.16 5289.16 0.0 116140.2090
5303.3 5303.3 0.0 116090.8184
5317.44 5317.44 0.0 116041.8564
5331.59 5331.59 0.0 115993.2500
5345.73 5345.73 0.0 115945.0234
5359.87 5359.87 0.0 115897.1074
5374.01 5374.01 0.0 115849.4561
5388.15 5388.15 0.0 115802.0225
5402.3 5402.3 0.0 115754.7285
5416.44 5416.44 0.0 115707.6006
5430.58 5430.58 0.0 115660.5645
5444.72 5444.72 0.0 115613.5684
5458.86 5458.86 0.0 115566.5742
5473.01 5473.01 0.0 115519.5254
5487.15 5487.15 0.0 115472.4395
5501.29 5501.29 0.0 115425.2725
5515.43 5515.43 0.0 115377.9893
5529.58 5529.58 0.0 115330.5713
5543.72 5543.72 0.0 115283.0488
5557.86 5557.86 0.0 115235.4150
5572.0 5572.0 0.0 115187.6816
5586.14 5586.14 0.0 115139.8672
5600.29 5600.29 0.0 115091.9707
5614.43 5614.43 0.0 115044.0947
5628.57 5628.57 0.0 114996.2676
5642.71 5642.71 0.0 114948.5352
5656.85 5656.85 0.0 114900.9561
5671.0 5671.0 0.0 114853.5615
5685.14 5685.14 0.0 114806.4971
5699.28 5699.28 0.0 114759.7852
5713.42 5713.42 0.0 114713.5020
5727.56 5727.56 0.0 114667.7100
5741.71 5741.71 0.0 114622.4404
5755.85 5755.85 0.0 114577.8203
5769.99 5769.99 0.0 114533.8730
5784.13 5784.13 0.0 114490.6191
5798.28 5798.28 0.0 114448.0918
5812.42 5812.42 0.0 114406.3555
5826.56 5826.56 0.0 114365.3955
5840.7 5840.7 0.0 114325.2207
5854.84 5854.84 0.0 114285.8203
5868.99 5868.99 0.0 114247.1514
5883.13 5883.13 0.0 114209.2422
5897.27 5897.27 0.0 114172.0361
5911.41 5911.41 0.0 114135.4824
5925.55 5925.55 0.0 114099.5283
5939.7 5939.7 0.0 114064.0957
5953.84 5953.84 0.0 114029.1885
5967.98 5967.98 0.0 113994.7021
5982.12 5982.12 0.0 113960.5771
5996.27 5996.27 0.0 113926.7109
6010.41 6010.41 0.0 113893.1133
6024.55 6024.55 0.0 113859.6699
6038.69 6038.69 0.0 113826.3262
6052.83 6052.83 0.0 113793.0312
6066.98 6066.98 0.0 113759.6875
6081.12 6081.12 0.0 113726.3096
6095.26 6095.26 0.0 113692.8027
6109.4 6109.4 0.0 113659.1475
6123.54 6123.54 0.0 113625.2910
6137.69 6137.69 0.0 113591.1797
6151.83 6151.83 0.0 113556.8232
6165.97 6165.97 0.0 113522.1943
6180.11 6180.11 0.0 113487.2539
6194.26 6194.26 0.0 113451.9756
6208.4 6208.4 0.0 113416.3975
6222.54 6222.54 0.0 113380.4951
6236.68 6236.68 0.0 113344.2490
6250.82 6250.82 0.0 113307.6729
6264.97 6264.97 0.0 113270.7432
6279.11 6279.11 0.0 113233.5195
6293.25 6293.25 0.0 113195.9912
6307.39 6307.39 0.0 113158.1748
6321.53 6321.53 0.0 113120.0713
6335.68 6335.68 0.0 113081.6758
6349.82 6349.82 0.0 113043.0615
6363.96 6363.96 0.0 113004.2178
6378.1 6378.1 0.0 112965.1670
6392.25 6392.25 0.0 112925.9092
6406.39 6406.39 0.0 112886.5039
6420.53 6420.53 0.0 112846.9590
6434.67 6434.67 0.0 112807.2764
6448.81 6448.81 0.0 112767.5010
6462.96 6462.96 0.0 112727.6035
6477.1 6477.1 0.0 112687.6875
6491.24 6491.24 0.0 112647.7188
6505.38 6505.38 0.0 112607.7285
6519.52 6519.52 0.0 112567.7285
6533.67 6533.67 0.0 112527.7217
6547.81 6547.81 0.0 112487.7705
6561.95 6561.95 0.0 112447.8623
6576.09 6576.09 0.0 112408.0225
6590.24 6590.24 0.0 112368.2402
6604.38 6604.38 0.0 112328.5791
6618.52 6618.52 0.0 112289.0234
6632.66 6632.66 0.0 112249.5938
6646.8 6646.8 0.0 112210.2988
6660.95 6660.95 0.0 112171.1250
6675.09 6675.09 0.0 112132.1377
6689.23 6689.23 0.0 112093.3203
6703.37 6703.37 0.0 112054.6768
6717.51 6717.51 0.0 112016.2275
6731.66 6731.66 0.0 111977.9443
6745.8 6745.8 0.0 111939.8955
6759.94 6759.94 0.0 111902.0547
6774.08 6774.08 0.0 111864.4443
6788.23 6788.23 0.0 111827.0264
6802.37 6802.37 0.0 111789.8604
6816.51 6816.51 0.0 111752.9424
6830.65 6830.65 0.0 111716.2686
6844.79 6844.79 0.0 111679.8408
6858.94 6858.94 0.0 111643.6377
6873.08 6873.08 0.0 111607.7168
6887.22 6887.22 0.0 111572.0605
6901.36 6901.36 0.0 111536.6641
6915.5 6915.5 0.0 111501.5352
6929.65 6929.65 0.0 111466.6357
6943.79 6943.79 0.0 111432.0459
6957.93 6957.93 0.0 111397.7227
6972.07 6972.07 0.0 111363.6777
6986.21 6986.21 0.0 111329.9102
7000.36 7000.36 0.0 111296.3896
7014.5 7014.5 0.0 111263.1719
7028.64 7028.64 0.0 111230.2402
7042.78 7042.78 0.0 111197.5801
7056.93 7056.93 0.0 111165.1826
7071.07 7071.07 0.0 111133.0889
7085.21 7085.21 0.0 111101.2695
7099.35 7099.35 0.0 111069.7324
7113.49 7113.49 0.0 111038.4824
7127.64 7127.64 0.0 111007.4971
7141.78 7141.78 0.0 110976.7930
7155.92 7155.92 0.0 110946.3838
7170.06 7170.06 0.0 110916.2500
7184.2 7184.2 0.0 110886.3916
7198.35 7198.35 0.0 110856.7988
7212.49 7212.49 0.0 110827.4951
7226.63 7226.63 0.0 110798.4697
7240.77 7240.77 0.0 110769.7217
7254.92 7254.92 0.0 110741.2295
7269.06 7269.06 0.0 110713.0195
7283.2 7283.2 0.0 110685.0879
7297.34 7297.34 0.0 110657.4258
7311.48 7311.48 0.0 110630.0303
7325.63 7325.63 0.0 110602.8867
7339.77 7339.77 0.0 110576.0244
7353.91 7353.91 0.0 110549.4268
7368.05 7368.05 0.0 110523.0898
7382.19 7382.19 0.0 110497.0098
7396.34 7396.34 0.0 110471.1816
7410.48 7410.48 0.0 110445.6250
7424.62 7424.62 0.0 110420.3242
7438.76 7438.76 0.0 110395.2754
7452.91 7452.91 0.0 110370.4570
7467.05 7467.05 0.0 110345.9131
7481.19 7481.19 0.0 110321.6240
7495.33 7495.33 0.0 110297.5693
7509.47 7509.47 0.0 110273.7568
7523.62 7523.62 0.0 110250.1865
7537.76 7537.76 0.0 110226.8623
7551.9 7551.9 0.0 110203.7803
7566.04 7566.04 0.0 110180.9316
7580.18 7580.18 0.0 110158.3213
7594.33 7594.33 0.0 110135.9297
7608.47 7608.47 0.0 110113.7842
7622.61 7622.61 0.0 110091.8682
7636.75 7636.75 0.0 110070.1777
7650.9 7650.9 0.0 110048.6973
7665.04 7665.04 0.0 110027.4600
7679.18 7679.18 0.0 110006.4375
7693.32 7693.32 0.0 109985.6406
7707.46 7707.46 0.0 109965.0605
7721.61 7721.61 0.0 109944.6758
7735.75 7735.75 0.0 109924.5273
7749.89 7749.89 0.0 109904.5889
7764.03 7764.03 0.0 109884.8535
7778.17 7778.17 0.0 109865.3281
