0.0 0.0 0.0 192863.5391
14.1421 14.1421 0.0 194667.7109
28.2843 28.2843 0.0 193308.9375
42.4264 42.4264 0.0 191988.5312
56.5685 56.5685 0.0 190567.0391
70.7107 70.7107 0.0 188981.7812
84.8528 84.8528 0.0 187205.2656
98.9949 98.9949 0.0 185269.7578
113.137 113.137 0.0 183226.9609
127.279 127.279 0.0 181112.6641
141.421 141.421 0.0 178938.6484
155.563 155.563 0.0 176703.2656
169.706 169.706 0.0 174406.4453
183.848 183.848 0.0 172061.0703
197.99 197.99 0.0 169693.0000
212.132 212.132 0.0 167334.8203
226.274 226.274 0.0 165016.9531
240.416 240.416 0.0 162761.2617
254.558 254.558 0.0 160578.9531
268.701 268.701 0.0 158472.3008
282.843 282.843 0.0 156439.6797
296.985 296.985 0.0 154480.0703
311.127 311.127 0.0 152597.4141
325.269 325.269 0.0 150801.1562
339.411 339.411 0.0 149103.7773
353.553 353.553 0.0 147516.9336
367.696 367.696 0.0 146047.4766
381.838 381.838 0.0 144696.0352
395.98 395.98 0.0 143456.3438
410.122 410.122 0.0 142316.8438
424.264 424.264 0.0 141262.8438
438.406 438.406 0.0 140278.2422
452.548 452.548 0.0 139347.1523
466.69 466.69 0.0 138455.0352
480.833 480.833 0.0 137589.1719
494.975 494.975 0.0 136739.4375
509.117 509.117 0.0 135897.9727
523.259 523.259 0.0 135059.4648
537.401 537.401 0.0 134221.0859
551.543 551.543 0.0 133382.0547
565.685 565.685 0.0 132543.4238
579.828 579.828 0.0 131707.5820
593.97 593.97 0.0 130877.9805
608.112 608.112 0.0 130058.3984
622.254 622.254 0.0 129252.7285
636.396 636.396 0.0 128464.5664
650.538 650.538 0.0 127697.0566
664.68 664.68 0.0 126952.5879
678.823 678.823 0.0 126232.8730
692.965 692.965 0.0 125538.9688
707.107 707.107 0.0 124871.2031
721.249 721.249 0.0 124229.4219
735.391 735.391 0.0 123613.0938
749.533 749.533 0.0 123021.3887
763.675 763.675 0.0 122453.3672
777.817 777.817 0.0 121908.0605
791.96 791.96 0.0 121384.4805
806.102 806.102 0.0 120881.7520
820.244 820.244 0.0 120398.9219
834.386 834.386 0.0 119934.8477
848.528 848.528 0.0 119487.9434
862.67 862.67 0.0 119055.8594
876.812 876.812 0.0 118635.2383
890.955 890.955 0.0 118221.8652
905.097 905.097 0.0 117811.9023
919.239 919.239 0.0 117402.8594
933.381 933.381 0.0 116993.4463
947.523 947.523 0.0 116580.8926
961.665 961.665 0.0 116160.0312
975.807 975.807 0.0 115728.8604
989.949 989.949 0.0 115295.3672
1004.09 1004.09 0.0 114875.8789
1018.23 1018.23 0.0 114486.0176
1032.38 1032.38 0.0 114133.8193
1046.52 1046.52 0.0 113820.2148
1060.66 1060.66 0.0 113540.6309
1074.8 1074.8 0.0 113289.2168
1088.94 1088.94 0.0 113060.5723
1103.09 1103.09 0.0 112850.3896
1117.23 1117.23 0.0 112655.9736
1131.37 1131.37 0.0 112475.0850
1145.51 1145.51 0.0 112306.0186
1159.66 1159.66 0.0 112146.9297
1173.8 1173.8 0.0 111995.8262
1187.94 1187.94 0.0 111849.6475
1202.08 1202.08 0.0 111704.6621
1216.22 1216.22 0.0 111556.7412
1230.37 1230.37 0.0 111402.1494
1244.51 1244.51 0.0 111239.4336
1258.65 1258.65 0.0 111070.5791
1272.79 1272.79 0.0 110902.5859
1286.93 1286.93 0.0 110746.8174
1301.08 1301.08 0.0 110615.4814
1315.22 1315.22 0.0 110516.3506
1329.36 1329.36 0.0 110446.8320
1343.5 1343.5 0.0 110392.4600
1357.65 1357.65 0.0 110330.3828
1371.79 1371.79 0.0 110236.8164
1385.93 1385.93 0.0 110094.5195
1400.07 1400.07 0.0 109897.4463
1414.21 1414.21 0.0 109651.0264
1428.36 1428.36 0.0 109368.6738
1442.5 1442.5 0.0 109068.0195
1456.64 1456.64 0.0 108765.4819
1470.78 1470.78 0.0 108474.3525
1484.92 1484.92 0.0 108203.5908
1499.07 1499.07 0.0 107957.8369
1513.21 1513.21 0.0 107739.0034
1527.35 1527.35 0.0 107546.2153
1541.49 1541.49 0.0 107377.4507
1555.63 1555.63 0.0 107230.0605
1569.78 1569.78 0.0 107101.1455
1583.92 1583.92 0.0 106988.1782
1598.06 1598.06 0.0 106888.6074
1612.2 1612.2 0.0 106800.2881
1626.35 1626.35 0.0 106721.3188
1640.49 1640.49 0.0 106650.2759
1654.63 1654.63 0.0 106585.7876
1668.77 1668.77 0.0 106526.7690
1682.91 1682.91 0.0 106472.3066
1697.06 1697.06 0.0 106421.6118
1711.2 1711.2 0.0 106374.1108
1725.34 1725.34 0.0 106329.2178
1739.48 1739.48 0.0 106286.4761
1753.62 1753.62 0.0 106245.4927
1767.77 1767.77 0.0 106205.8965
1781.91 1781.91 0.0 106167.4614
1796.05 1796.05 0.0 106129.9043
1810.19 1810.19 0.0 106093.0049
1824.34 1824.34 0.0 106056.5635
1838.48 1838.48 0.0 106020.4790
1852.62 1852.62 0.0 105984.5879
1866.76 1866.76 0.0 105948.7983
1880.9 1880.9 0.0 105913.0220
1895.05 1895.05 0.0 105877.1782
1909.19 1909.19 0.0 105841.2803
1923.33 1923.33 0.0 105805.2983
1937.47 1937.47 0.0 105769.2261
1951.61 1951.61 0.0 105733.0933
1965.76 1965.76 0.0 105696.9170
1979.9 1979.9 0.0 105660.8154
1994.04 1994.04 0.0 105624.8403
2008.18 2008.18 0.0 105589.0830
2022.33 2022.33 0.0 105553.6333
2036.47 2036.47 0.0 105518.6509
2050.61 2050.61 0.0 105484.2368
2064.75 2064.75 0.0 105450.5264
2078.89 2078.89 0.0 105417.6453
2093.04 2093.04 0.0 105385.6870
2107.18 2107.18 0.0 105354.8154
2121.32 2121.32 0.0 105325.0952
2135.46 2135.46 0.0 105296.5977
2149.6 2149.6 0.0 105269.3672
2163.75 2163.75 0.0 105243.3796
2177.89 2177.89 0.0 105218.6472
2192.03 2192.03 0.0 105195.0627
2206.17 2206.17 0.0 105172.5200
2220.32 2220.32 0.0 105150.8369
2234.46 2234.46 0.0 105129.8569
2248.6 2248.6 0.0 105109.3625
2262.74 2262.74 0.0 105089.1274
2276.88 2276.88 0.0 105068.9482
2291.03 2291.03 0.0 105048.6272
2305.17 2305.17 0.0 105028.0391
2319.31 2319.31 0.0 105007.0703
2333.45 2333.45 0.0 104985.6682
2347.59 2347.59 0.0 104963.8252
2361.74 2361.74 0.0 104941.5420
2375.88 2375.88 0.0 104918.9097
2390.02 2390.02 0.0 104895.9717
2404.16 2404.16 0.0 104872.7778
2418.31 2418.31 0.0 104849.3555
2432.45 2432.45 0.0 104825.7588
2446.59 2446.59 0.0 104801.9670
2460.73 2460.73 0.0 104777.9807
2474.87 2474.87 0.0 104753.7756
2489.02 2489.02 0.0 104729.3137
2503.16 2503.16 0.0 104704.6206
2517.3 2517.3 0.0 104679.6794
2531.44 2531.44 0.0 104654.5010
2545.58 2545.58 0.0 104629.1211
2559.73 2559.73 0.0 104603.5613
2573.87 2573.87 0.0 104577.9167
2588.01 2588.01 0.0 104552.2268
2602.15 2602.15 0.0 104526.5671
2616.3 2616.3 0.0 104500.9797
2630.44 2630.44 0.0 104475.5767
2644.58 2644.58 0.0 104450.3992
2658.72 2658.72 0.0 104425.4993
2672.86 2672.86 0.0 104400.9333
2687.01 2687.01 0.0 104376.7202
2701.15 2701.15 0.0 104352.9414
2715.29 2715.29 0.0 104329.5962
2729.43 2729.43 0.0 104306.7104
2743.57 2743.57 0.0 104284.3015
2757.72 2757.72 0.0 104262.3601
2771.86 2771.86 0.0 104240.9341
2786.0 2786.0 0.0 104220.0012
2800.14 2800.14 0.0 104199.5667
2814.28 2814.28 0.0 104179.6223
2828.43 2828.43 0.0 104160.1541
2842.57 2842.57 0.0 104141.1855
2856.71 2856.71 0.0 104122.6926
2870.85 2870.85 0.0 104104.6677
2885.0 2885.0 0.0 104087.0901
2899.14 2899.14 0.0 104069.9797
2913.28 2913.28 0.0 104053.3071
2927.42 2927.42 0.0 104037.0728
2941.56 2941.56 0.0 104021.2585
2955.71 2955.71 0.0 104005.8503
2969.85 2969.85 0.0 103990.8628
2983.99 2983.99 0.0 103976.2683
2998.13 2998.13 0.0 103962.0647
3012.27 3012.27 0.0 103948.2395
3026.42 3026.42 0.0 103934.7751
3040.56 3040.56 0.0 103921.6863
3054.7 3054.7 0.0 103908.9487
3068.84 3068.84 0.0 103896.5552
3082.99 3082.99 0.0 103884.4888
3097.13 3097.13 0.0 103872.7659
3111.27 3111.27 0.0 103861.3604
3125.41 3125.41 0.0 103850.2686
3139.55 3139.55 0.0 103839.4775
3153.7 3153.7 0.0 103828.9795
3167.84 3167.84 0.0 103818.7786
3181.98 3181.98 0.0 103808.8564
3196.12 3196.12 0.0 103799.2083
3210.26 3210.26 0.0 103789.8254
3224.41 3224.41 0.0 103780.6929
3238.55 3238.55 0.0 103771.8162
3252.69 3252.69 0.0 103763.1821
3266.83 3266.83 0.0 103754.7849
3280.98 3280.98 0.0 103746.6082
3295.12 3295.12 0.0 103738.6587
3309.26 3309.26 0.0 103730.9163
3323.4 3323.4 0.0 103723.3838
3337.54 3337.54 0.0 103716.0503
3351.69 3351.69 0.0 103708.8970
3365.83 3365.83 0.0 103701.9370
3379.97 3379.97 0.0 103695.1521
3394.11 3394.11 0.0 103688.5374
3408.25 3408.25 0.0 103682.0828
3422.4 3422.4 0.0 103675.7808
3436.54 3436.54 0.0 103669.6318
3450.68 3450.68 0.0 103663.6250
3464.82 3464.82 0.0 103657.7559
3478.97 3478.97 0.0 103652.0120
3493.11 3493.11 0.0 103646.3953
3507.25 3507.25 0.0 103640.8958
3521.39 3521.39 0.0 103635.5081
3535.53 3535.53 0.0 103630.2285
3549.68 3549.68 0.0 103625.0425
3563.82 3563.82 0.0 103619.9539
3577.96 3577.96 0.0 103614.9553
3592.1 3592.1 0.0 103610.0396
3606.24 3606.24 0.0 103605.2058
3620.39 3620.39 0.0 103600.4419
3634.53 3634.53 0.0 103595.7466
3648.67 3648.67 0.0 103591.1179
3662.81 3662.81 0.0 103586.5491
3676.96 3676.96 0.0 103582.0317
3691.1 3691.1 0.0 103577.5703
3705.24 3705.24 0.0 103573.1555
3719.38 3719.38 0.0 103568.7866
3733.52 3733.52 0.0 103564.4561
3747.67 3747.67 0.0 103560.1592
3761.81 3761.81 0.0 103555.9019
3775.95 3775.95 0.0 103551.6694
3790.09 3790.09 0.0 103547.4670
3804.23 3804.23 0.0 103543.2896
3818.38 3818.38 0.0 103539.1282
3832.52 3832.52 0.0 103534.9897
3846.66 3846.66 0.0 103530.8713
3860.8 3860.8 0.0 103526.7671
3874.95 3874.95 0.0 103522.6704
3889.09 3889.09 0.0 103518.5874
3903.23 3903.23 0.0 103514.5164
3917.37 3917.37 0.0 103510.4539
3931.51 3931.51 0.0 103506.3967
3945.66 3945.66 0.0 103502.3391
3959.8 3959.8 0.0 103498.2888
3973.94 3973.94 0.0 103494.2407
3988.08 3988.08 0.0 103490.1963
4002.22 4002.22 0.0 103486.1511
4016.37 4016.37 0.0 103482.1040
4030.51 4030.51 0.0 103478.0576
4044.65 4044.65 0.0 103474.0115
4058.79 4058.79 0.0 103469.9639
4072.94 4072.94 0.0 103465.9116
4087.08 4087.08 0.0 103461.8596
4101.22 4101.22 0.0 103457.8032
4115.36 4115.36 0.0 103453.7478
4129.5 4129.5 0.0 103449.6904
4143.65 4143.65 0.0 103445.6250
4157.79 4157.79 0.0 103441.5620
4171.93 4171.93 0.0 103437.4990
4186.07 4186.07 0.0 103433.4336
4200.21 4200.21 0.0 103429.3679
4214.36 4214.36 0.0 103425.2939
4228.5 4228.5 0.0 103421.2271
4242.64 4242.64 0.0 103417.1584
4256.78 4256.78 0.0 103413.0901
4270.92 4270.92 0.0 103409.0232
4285.07 4285.07 0.0 103404.9561
4299.21 4299.21 0.0 103400.8909
4313.35 4313.35 0.0 103396.8318
4327.49 4327.49 0.0 103392.7766
4341.64 4341.64 0.0 103388.7205
4355.78 4355.78 0.0 103384.6743
4369.92 4369.92 0.0 103380.6331
4384.06 4384.06 0.0 103376.5969
4398.2 4398.2 0.0 103372.5686
4412.35 4412.35 0.0 103368.5425
4426.49 4426.49 0.0 103364.5299
4440.63 4440.63 0.0 103360.5254
4454.77 4454.77 0.0 103356.5305
4468.91 4468.91 0.0 103352.5483
4483.06 4483.06 0.0 103348.5699
4497.2 4497.2 0.0 103344.6102
4511.34 4511.34 0.0 103340.6610
4525.48 4525.48 0.0 103336.7242
4539.63 4539.63 0.0 103332.7983
4553.77 4553.77 0.0 103328.8903
4567.91 4567.91 0.0 103324.9963
4582.05 4582.05 0.0 103321.1160
4596.19 4596.19 0.0 103317.2545
4610.34 4610.34 0.0 103313.4052
4624.48 4624.48 0.0 103309.5762
4638.62 4638.62 0.0 103305.7655
4652.76 4652.76 0.0 103301.9701
4666.9 4666.9 0.0 103298.1954
4681.05 4681.05 0.0 103294.4364
4695.19 4695.19 0.0 103290.6967
4709.33 4709.33 0.0 103286.9817
4723.47 4723.47 0.0 103283.2822
4737.62 4737.62 0.0 103279.6007
4751.76 4751.76 0.0 103275.9431
4765.9 4765.9 0.0 103272.3062
4780.04 4780.04 0.0 103268.6925
4794.18 4794.18 0.0 103265.0996
4808.33 4808.33 0.0 103261.5226
4822.47 4822.47 0.0 103257.9722
4836.61 4836.61 0.0 103254.4414
4850.75 4850.75 0.0 103250.9353
4864.89 4864.89 0.0 103247.4520
4879.04 4879.04 0.0 103243.9861
4893.18 4893.18 0.0 103240.5454
4907.32 4907.32 0.0 103237.1284
4921.46 4921.46 0.0 103233.7310
4935.61 4935.61 0.0 103230.3569
4949.75 4949.75 0.0 103227.0070
4963.89 4963.89 0.0 103223.6781
4978.03 4978.03 0.0 103220.3732
4992.17 4992.17 0.0 103217.0875
5006.32 5006.32 0.0 103213.8247
5020.46 5020.46 0.0 103210.5847
5034.6 5034.6 0.0 103207.3671
5048.74 5048.74 0.0 103204.1720
5062.88 5062.88 0.0 103201.0002
5077.03 5077.03 0.0 103197.8428
5091.17 5091.17 0.0 103194.7136
5105.31 5105.31 0.0 103191.6041
5119.45 5119.45 0.0 103188.5157
5133.6 5133.6 0.0 103185.4457
5147.74 5147.74 0.0 103182.3983
5161.88 5161.88 0.0 103179.3694
5176.02 5176.02 0.0 103176.3647
5190.16 5190.16 0.0 103173.3762
5204.31 5204.31 0.0 103170.4084
5218.45 5218.45 0.0 103167.4613
5232.59 5232.59 0.0 103164.5320
5246.73 5246.73 0.0 103161.6204
5260.87 5260.87 0.0 103158.7300
5275.02 5275.02 0.0 103155.8539
5289.16 5289.16 0.0 103152.9995
5303.3 5303.3 0.0 103150.1619
5317.44 5317.44 0.0 103147.3416
5331.59 5331.59 0.0 103144.5370
5345.73 5345.73 0.0 103141.7496
5359.87 5359.87 0.0 103138.9796
5374.01 5374.01 0.0 103136.2266
5388.15 5388.15 0.0 103133.4882
5402.3 5402.3 0.0 103130.7633
5416.44 5416.44 0.0 103128.0573
5430.58 5430.58 0.0 103125.3628
5444.72 5444.72 0.0 103122.6862
5458.86 5458.86 0.0 103120.0212
5473.01 5473.01 0.0 103117.3688
5487.15 5487.15 0.0 103114.7303
5501.29 5501.29 0.0 103112.1106
5515.43 5515.43 0.0 103109.4978
5529.58 5529.58 0.0 103106.8999
5543.72 5543.72 0.0 103104.3151
5557.86 5557.86 0.0 103101.7408
5572.0 5572.0 0.0 103099.1779
5586.14 5586.14 0.0 103096.6305
5600.29 5600.29 0.0 103094.0891
5614.43 5614.43 0.0 103091.5601
5628.57 5628.57 0.0 103089.0446
5642.71 5642.71 0.0 103086.5369
5656.85 5656.85 0.0 103084.0437
5671.0 5671.0 0.0 103081.5537
5685.14 5685.14 0.0 103079.0769
5699.28 5699.28 0.0 103076.6091
5713.42 5713.42 0.0 103074.1525
5727.56 5727.56 0.0 103071.7034
5741.71 5741.71 0.0 103069.2577
5755.85 5755.85 0.0 103066.8278
5769.99 5769.99 0.0 103064.4005
5784.13 5784.13 0.0 103061.9850
5798.28 5798.28 0.0 103059.5768
5812.42 5812.42 0.0 103057.1754
5826.56 5826.56 0.0 103054.7837
5840.7 5840.7 0.0 103052.3962
5854.84 5854.84 0.0 103050.0171
5868.99 5868.99 0.0 103047.6451
5883.13 5883.13 0.0 103045.2782
5897.27 5897.27 0.0 103042.9211
5911.41 5911.41 0.0 103040.5671
5925.55 5925.55 0.0 103038.2214
5939.7 5939.7 0.0 103035.8804
5953.84 5953.84 0.0 103033.5459
5967.98 5967.98 0.0 103031.2185
5982.12 5982.12 0.0 103028.8961
5996.27 5996.27 0.0 103026.5791
6010.41 6010.41 0.0 103024.2671
6024.55 6024.55 0.0 103021.9613
6038.69 6038.69 0.0 103019.6603
6052.83 6052.83 0.0 103017.3673
6066.98 6066.98 0.0 103015.0756
6081.12 6081.12 0.0 103012.7920
6095.26 6095.26 0.0 103010.5115
6109.4 6109.4 0.0 103008.2355
6123.54 6123.54 0.0 103005.9644
6137.69 6137.69 0.0 103003.7002
6151.83 6151.83 0.0 103001.4391
6165.97 6165.97 0.0 102999.1859
6180.11 6180.11 0.0 102996.9324
6194.26 6194.26 0.0 102994.6860
6208.4 6208.4 0.0 102992.4442
6222.54 6222.54 0.0 102990.2086
6236.68 6236.68 0.0 102987.9744
6250.82 6250.82 0.0 102985.7479
6264.97 6264.97 0.0 102983.5243
6279.11 6279.11 0.0 102981.3031
6293.25 6293.25 0.0 102979.0909
6307.39 6307.39 0.0 102976.8820
6321.53 6321.53 0.0 102974.6772
6335.68 6335.68 0.0 102972.4764
6349.82 6349.82 0.0 102970.2793
6363.96 6363.96 0.0 102968.0898
6378.1 6378.1 0.0 102965.9025
6392.25 6392.25 0.0 102963.7196
6406.39 6406.39 0.0 102961.5413
6420.53 6420.53 0.0 102959.3718
6434.67 6434.67 0.0 102957.2015
6448.81 6448.81 0.0 102955.0387
6462.96 6462.96 0.0 102952.8772
6477.1 6477.1 0.0 102950.7249
6491.24 6491.24 0.0 102948.5759
6505.38 6505.38 0.0 102946.4331
6519.52 6519.52 0.0 102944.2931
6533.67 6533.67 0.0 102942.1589
6547.81 6547.81 0.0 102940.0291
6561.95 6561.95 0.0 102937.9053
6576.09 6576.09 0.0 102935.7871
6590.24 6590.24 0.0 102933.6703
6604.38 6604.38 0.0 102931.5618
6618.52 6618.52 0.0 102929.4581
6632.66 6632.66 0.0 102927.3611
6646.8 6646.8 0.0 102925.2682
6660.95 6660.95 0.0 102923.1797
6675.09 6675.09 0.0 102921.0978
6689.23 6689.23 0.0 102919.0215
6703.37 6703.37 0.0 102916.9508
6717.51 6717.51 0.0 102914.8846
6731.66 6731.66 0.0 102912.8240
6745.8 6745.8 0.0 102910.7690
6759.94 6759.94 0.0 102908.7213
6774.08 6774.08 0.0 102906.6785
6788.23 6788.23 0.0 102904.6398
6802.37 6802.37 0.0 102902.6119
6816.51 6816.51 0.0 102900.5837
6830.65 6830.65 0.0 102898.5680
6844.79 6844.79 0.0 102896.5516
6858.94 6858.94 0.0 102894.5461
6873.08 6873.08 0.0 102892.5448
6887.22 6887.22 0.0 102890.5519
6901.36 6901.36 0.0 102888.5623
6915.5 6915.5 0.0 102886.5795
6929.65 6929.65 0.0 102884.6040
6943.79 6943.79 0.0 102882.6360
6957.93 6957.93 0.0 102880.6735
6972.07 6972.07 0.0 102878.7185
6986.21 6986.21 0.0 102876.7683
7000.36 7000.36 0.0 102874.8251
7014.5 7014.5 0.0 102872.8900
7028.64 7028.64 0.0 102870.9597
7042.78 7042.78 0.0 102869.0369
7056.93 7056.93 0.0 102867.1188
7071.07 7071.07 0.0 102865.2094
7085.21 7085.21 0.0 102863.3098
7099.35 7099.35 0.0 102861.4135
7113.49 7113.49 0.0 102859.5245
7127.64 7127.64 0.0 102857.6428
7141.78 7141.78 0.0 102855.7666
7155.92 7155.92 0.0 102853.8998
7170.06 7170.06 0.0 102852.0419
7184.2 7184.2 0.0 102850.1875
7198.35 7198.35 0.0 102848.3398
7212.49 7212.49 0.0 102846.5002
7226.63 7226.63 0.0 102844.6694
7240.77 7240.77 0.0 102842.8444
7254.92 7254.92 0.0 102841.0251
7269.06 7269.06 0.0 102839.2168
7283.2 7283.2 0.0 102837.4163
7297.34 7297.34 0.0 102835.6201
7311.48 7311.48 0.0 102833.8331
7325.63 7325.63 0.0 102832.0499
7339.77 7339.77 0.0 102830.2772
7353.91 7353.91 0.0 102828.5125
7368.05 7368.05 0.0 102826.7540
7382.19 7382.19 0.0 102825.0040
7396.34 7396.34 0.0 102823.2592
7410.48 7410.48 0.0 102821.5225
7424.62 7424.62 0.0 102819.7949
7438.76 7438.76 0.0 102818.0753
7452.91 7452.91 0.0 102816.3595
7467.05 7467.05 0.0 102814.6564
7481.19 7481.19 0.0 102812.9574
7495.33 7495.33 0.0 102811.2682
7509.47 7509.47 0.0 102809.5837
7523.62 7523.62 0.0 102807.9083
7537.76 7537.76 0.0 102806.2416
7551.9 7551.9 0.0 102804.5825
7566.04 7566.04 0.0 102802.9302
7580.18 7580.18 0.0 102801.2854
7594.33 7594.33 0.0 102799.6459
7608.47 7608.47 0.0 102798.0172
7622.61 7622.61 0.0 102796.3962
7636.75 7636.75 0.0 102794.7817
7650.9 7650.9 0.0 102793.1747
7665.04 7665.04 0.0 102791.5757
7679.18 7679.18 0.0 102789.9846
7693.32 7693.32 0.0 102788.4022
7707.46 7707.46 0.0 102786.8267
7721.61 7721.61 0.0 102785.2581
7735.75 7735.75 0.0 102783.6982
7749.89 7749.89 0.0 102782.1456
7764.03 7764.03 0.0 102780.5988
7778.17 7778.17 0.0 102779.0632
