0.0 0.0 0.0 197249.7266
14.1421 14.1421 0.0 213731.4219
28.2843 28.2843 0.0 210028.0547
42.4264 42.4264 0.0 208510.5703
56.5685 56.5685 0.0 207661.0312
70.7107 70.7107 0.0 207102.2891
84.8528 84.8528 0.0 206693.6406
98.9949 98.9949 0.0 206370.2188
113.137 113.137 0.0 206098.1250
127.279 127.279 0.0 205858.0547
141.421 141.421 0.0 205638.1953
155.563 155.563 0.0 205431.2266
169.706 169.706 0.0 205232.3203
183.848 183.848 0.0 205038.2891
197.99 197.99 0.0 204847.0547
212.132 212.132 0.0 204657.1328
226.274 226.274 0.0 204467.5469
240.416 240.416 0.0 204277.7031
254.558 254.558 0.0 204087.1953
268.701 268.701 0.0 203895.6875
282.843 282.843 0.0 203703.1172
296.985 296.985 0.0 203509.3750
311.127 311.127 0.0 203314.5078
325.269 325.269 0.0 203118.4453
339.411 339.411 0.0 202921.3516
353.553 353.553 0.0 202723.1328
367.696 367.696 0.0 202524.0000
381.838 381.838 0.0 202323.8594
395.98 395.98 0.0 202122.9531
410.122 410.122 0.0 201921.1953
424.264 424.264 0.0 201718.6406
438.406 438.406 0.0 201515.4219
452.548 452.548 0.0 201311.5547
466.69 466.69 0.0 201106.9922
480.833 480.833 0.0 200901.8281
494.975 494.975 0.0 200696.0625
509.117 509.117 0.0 200489.7578
523.259 523.259 0.0 200282.8359
537.401 537.401 0.0 200075.3438
551.543 551.543 0.0 199867.2812
565.685 565.685 0.0 199658.6250
579.828 579.828 0.0 199449.4297
593.97 593.97 0.0 199239.5938
608.112 608.112 0.0 199029.2578
622.254 622.254 0.0 198818.2422
636.396 636.396 0.0 198606.6719
650.538 650.538 0.0 198394.4297
664.68 664.68 0.0 198181.6016
678.823 678.823 0.0 197968.1328
692.965 692.965 0.0 197754.0391
707.107 707.107 0.0 197539.3203
721.249 721.249 0.0 197323.8984
735.391 735.391 0.0 197107.8828
749.533 749.533 0.0 196891.1953
763.675 763.675 0.0 196673.8516
777.817 777.817 0.0 196455.8672
791.96 791.96 0.0 196237.2422
806.102 806.102 0.0 196017.9609
820.244 820.244 0.0 195798.0312
834.386 834.386 0.0 195577.5547
848.528 848.528 0.0 195356.3984
862.67 862.67 0.0 195134.6328
876.812 876.812 0.0 194912.3047
890.955 890.955 0.0 194689.3750
905.097 905.097 0.0 194465.9453
919.239 919.239 0.0 194241.9062
933.381 933.381 0.0 194017.4219
947.523 947.523 0.0 193792.3438
961.665 961.665 0.0 193566.8984
975.807 975.807 0.0 193340.8984
989.949 989.949 0.0 193114.5156
1004.09 1004.09 0.0 192887.6797
1018.23 1018.23 0.0 192660.5391
1032.38 1032.38 0.0 192432.8516
1046.52 1046.52 0.0 192204.9766
1060.66 1060.66 0.0 191976.7891
1074.8 1074.8 0.0 191748.3516
1088.94 1088.94 0.0 191519.6016
1103.09 1103.09 0.0 191290.5078
1117.23 1117.23 0.0 191061.3906
1131.37 1131.37 0.0 190832.0547
1145.51 1145.51 0.0 190602.5625
1159.66 1159.66 0.0 190372.8750
1173.8 1173.8 0.0 190143.1797
1187.94 1187.94 0.0 189913.4375
1202.08 1202.08 0.0 189683.6719
1216.22 1216.22 0.0 189453.8984
1230.37 1230.37 0.0 189223.9375
1244.51 1244.51 0.0 188994.2344
1258.65 1258.65 0.0 188764.5469
1272.79 1272.79 0.0 188534.9922
1286.93 1286.93 0.0 188305.5000
1301.08 1301.08 0.0 188076.0391
1315.22 1315.22 0.0 187846.8281
1329.36 1329.36 0.0 187617.8203
1343.5 1343.5 0.0 187389.0391
1357.65 1357.65 0.0 187160.2656
1371.79 1371.79 0.0 186931.9297
1385.93 1385.93 0.0 186703.8281
1400.07 1400.07 0.0 186475.9844
1414.21 1414.21 0.0 186248.4297
1428.36 1428.36 0.0 186021.0703
1442.5 1442.5 0.0 185794.1172
1456.64 1456.64 0.0 185567.5078
1470.78 1470.78 0.0 185341.2344
1484.92 1484.92 0.0 185115.3359
1499.07 1499.07 0.0 184889.6406
1513.21 1513.21 0.0 184664.4688
1527.35 1527.35 0.0 184439.6484
1541.49 1541.49 0.0 184215.2578
1555.63 1555.63 0.0 183991.2656
1569.78 1569.78 0.0 183767.5000
1583.92 1583.92 0.0 183544.3359
1598.06 1598.06 0.0 183321.5078
1612.2 1612.2 0.0 183099.1719
1626.35 1626.35 0.0 182877.0469
1640.49 1640.49 0.0 182655.5547
1654.63 1654.63 0.0 182434.4609
1668.77 1668.77 0.0 182213.8516
1682.91 1682.91 0.0 181993.6328
1697.06 1697.06 0.0 181773.6484
1711.2 1711.2 0.0 181554.3203
1725.34 1725.34 0.0 181335.4375
1739.48 1739.48 0.0 181116.9766
1753.62 1753.62 0.0 180898.9062
1767.77 1767.77 0.0 180681.1484
1781.91 1781.91 0.0 180463.9688
1796.05 1796.05 0.0 180247.2422
1810.19 1810.19 0.0 180030.9297
1824.34 1824.34 0.0 179814.8828
1838.48 1838.48 0.0 179599.4219
1852.62 1852.62 0.0 179384.3828
1866.76 1866.76 0.0 179169.7812
1880.9 1880.9 0.0 178955.5781
1895.05 1895.05 0.0 178741.6328
1909.19 1909.19 0.0 178528.2500
1923.33 1923.33 0.0 178315.2656
1937.47 1937.47 0.0 178102.6953
1951.61 1951.61 0.0 177890.5703
1965.76 1965.76 0.0 177678.6406
1979.9 1979.9 0.0 177467.2344
1994.04 1994.04 0.0 177256.2500
2008.18 2008.18 0.0 177045.6484
2022.33 2022.33 0.0 176835.3047
2036.47 2036.47 0.0 176625.4766
2050.61 2050.61 0.0 176416.0391
2064.75 2064.75 0.0 176206.9531
2078.89 2078.89 0.0 175998.2188
2093.04 2093.04 0.0 175789.7578
2107.18 2107.18 0.0 175581.8125
2121.32 2121.32 0.0 175374.1562
2135.46 2135.46 0.0 175166.8828
2149.6 2149.6 0.0 174959.9844
2163.75 2163.75 0.0 174753.3047
2177.89 2177.89 0.0 174547.1016
2192.03 2192.03 0.0 174341.2188
2206.17 2206.17 0.0 174135.7266
2220.32 2220.32 0.0 173930.3828
2234.46 2234.46 0.0 173725.5469
2248.6 2248.6 0.0 173521.0469
2262.74 2262.74 0.0 173316.8672
2276.88 2276.88 0.0 173113.0312
2291.03 2291.03 0.0 172909.3594
2305.17 2305.17 0.0 172706.1797
2319.31 2319.31 0.0 172503.3125
2333.45 2333.45 0.0 172300.7266
2347.59 2347.59 0.0 172098.5234
2361.74 2361.74 0.0 171896.4375
2375.88 2375.88 0.0 171694.8359
2390.02 2390.02 0.0 171493.5703
2404.16 2404.16 0.0 171292.5781
2418.31 2418.31 0.0 171091.7344
2432.45 2432.45 0.0 170891.3906
2446.59 2446.59 0.0 170691.3359
2460.73 2460.73 0.0 170491.5703
2474.87 2474.87 0.0 170292.1016
2489.02 2489.02 0.0 170092.8203
2503.16 2503.16 0.0 169893.9531
2517.3 2517.3 0.0 169695.3984
2531.44 2531.44 0.0 169497.1328
2545.58 2545.58 0.0 169299.1641
2559.73 2559.73 0.0 169101.3047
2573.87 2573.87 0.0 168903.9375
2588.01 2588.01 0.0 168706.8125
2602.15 2602.15 0.0 168510.0078
2616.3 2616.3 0.0 168313.3203
2630.44 2630.44 0.0 168117.0625
2644.58 2644.58 0.0 167921.1094
2658.72 2658.72 0.0 167725.4531
2672.86 2672.86 0.0 167530.0391
2687.01 2687.01 0.0 167334.7812
2701.15 2701.15 0.0 167139.9453
2715.29 2715.29 0.0 166945.3750
2729.43 2729.43 0.0 166751.1055
2743.57 2743.57 0.0 166557.0820
2757.72 2757.72 0.0 166363.2266
2771.86 2771.86 0.0 166169.7812
2786.0 2786.0 0.0 165976.5938
2800.14 2800.14 0.0 165783.6992
2814.28 2814.28 0.0 165591.0547
2828.43 2828.43 0.0 165398.5625
2842.57 2842.57 0.0 165206.4727
2856.71 2856.71 0.0 165014.6875
2870.85 2870.85 0.0 164823.1484
2885.0 2885.0 0.0 164631.7656
2899.14 2899.14 0.0 164440.8125
2913.28 2913.28 0.0 164250.1133
2927.42 2927.42 0.0 164059.6992
2941.56 2941.56 0.0 163869.5859
2955.71 2955.71 0.0 163679.6055
2969.85 2969.85 0.0 163490.0547
2983.99 2983.99 0.0 163300.8281
2998.13 2998.13 0.0 163111.9102
3012.27 3012.27 0.0 162923.2812
3026.42 3026.42 0.0 162734.8398
3040.56 3040.56 0.0 162546.8633
3054.7 3054.7 0.0 162359.2266
3068.84 3068.84 0.0 162171.9453
3082.99 3082.99 0.0 161984.8594
3097.13 3097.13 0.0 161798.3086
3111.27 3111.27 0.0 161612.1523
3125.41 3125.41 0.0 161426.3789
3139.55 3139.55 0.0 161241.0391
3153.7 3153.7 0.0 161056.0039
3167.84 3167.84 0.0 160871.5898
3181.98 3181.98 0.0 160687.6445
3196.12 3196.12 0.0 160504.2461
3210.26 3210.26 0.0 160321.3633
3224.41 3224.41 0.0 160138.9648
3238.55 3238.55 0.0 159957.3125
3252.69 3252.69 0.0 159776.2891
3266.83 3266.83 0.0 159596.0000
3280.98 3280.98 0.0 159416.2734
3295.12 3295.12 0.0 159237.4766
3309.26 3309.26 0.0 159059.5078
3323.4 3323.4 0.0 158882.4453
3337.54 3337.54 0.0 158706.2812
3351.69 3351.69 0.0 158530.9844
3365.83 3365.83 0.0 158356.8750
3379.97 3379.97 0.0 158183.8477
3394.11 3394.11 0.0 158012.0117
3408.25 3408.25 0.0 157841.3867
3422.4 3422.4 0.0 157671.9648
3436.54 3436.54 0.0 157503.9727
3450.68 3450.68 0.0 157337.4180
3464.82 3464.82 0.0 157172.2891
3478.97 3478.97 0.0 157008.6016
3493.11 3493.11 0.0 156846.5781
3507.25 3507.25 0.0 156686.1680
3521.39 3521.39 0.0 156527.3867
3535.53 3535.53 0.0 156370.2734
3549.68 3549.68 0.0 156214.7148
3563.82 3563.82 0.0 156060.9336
3577.96 3577.96 0.0 155908.8125
3592.1 3592.1 0.0 155758.2852
3606.24 3606.24 0.0 155609.2773
3620.39 3620.39 0.0 155461.6172
3634.53 3634.53 0.0 155315.3867
3648.67 3648.67 0.0 155170.3320
3662.81 3662.81 0.0 155026.2656
3676.96 3676.96 0.0 154882.8711
3691.1 3691.1 0.0 154740.1133
3705.24 3705.24 0.0 154597.5742
3719.38 3719.38 0.0 154454.9414
3733.52 3733.52 0.0 154311.8984
3747.67 3747.67 0.0 154167.9453
3761.81 3761.81 0.0 154022.8945
3775.95 3775.95 0.0 153876.3242
3790.09 3790.09 0.0 153727.7891
3804.23 3804.23 0.0 153577.0586
3818.38 3818.38 0.0 153423.7422
3832.52 3832.52 0.0 153268.0039
3846.66 3846.66 0.0 153109.7617
3860.8 3860.8 0.0 152949.3047
3874.95 3874.95 0.0 152787.1289
3889.09 3889.09 0.0 152624.4219
3903.23 3903.23 0.0 152462.4570
3917.37 3917.37 0.0 152303.2266
3931.51 3931.51 0.0 152149.2695
3945.66 3945.66 0.0 152003.7422
3959.8 3959.8 0.0 151870.7930
3973.94 3973.94 0.0 151754.9453
3988.08 3988.08 0.0 151661.2734
4002.22 4002.22 0.0 151595.0508
4016.37 4016.37 0.0 151561.0195
4030.51 4030.51 0.0 151562.5625
4044.65 4044.65 0.0 151599.9102
4058.79 4058.79 0.0 151667.9688
4072.94 4072.94 0.0 151753.3281
4087.08 4087.08 0.0 151830.0625
4101.22 4101.22 0.0 151855.9023
4115.36 4115.36 0.0 151768.5273
4129.5 4129.5 0.0 151484.1797
4143.65 4143.65 0.0 150900.9258
4157.79 4157.79 0.0 149911.7578
4171.93 4171.93 0.0 148423.6406
4186.07 4186.07 0.0 146388.5195
4200.21 4200.21 0.0 143836.9648
4214.36 4214.36 0.0 140902.9609
4228.5 4228.5 0.0 137838.6016
4242.64 4242.64 0.0 134969.7617
4256.78 4256.78 0.0 132620.9766
4270.92 4270.92 0.0 130992.2441
4285.07 4285.07 0.0 130067.8398
4299.21 4299.21 0.0 129646.0742
4313.35 4313.35 0.0 129471.5645
4327.49 4327.49 0.0 129360.7012
4341.64 4341.64 0.0 129229.7754
4355.78 4355.78 0.0 129061.7812
4369.92 4369.92 0.0 128866.2012
4384.06 4384.06 0.0 128656.6934
4398.2 4398.2 0.0 128443.2754
4412.35 4412.35 0.0 128231.2734
4426.49 4426.49 0.0 128023.3574
4440.63 4440.63 0.0 127820.0508
4454.77 4454.77 0.0 127621.3223
4468.91 4468.91 0.0 127427.0234
4483.06 4483.06 0.0 127236.9258
4497.2 4497.2 0.0 127051.3477
4511.34 4511.34 0.0 126870.2500
4525.48 4525.48 0.0 126693.8340
4539.63 4539.63 0.0 126522.1309
4553.77 4553.77 0.0 126355.4688
4567.91 4567.91 0.0 126193.7578
4582.05 4582.05 0.0 126036.8965
4596.19 4596.19 0.0 125884.7656
4610.34 4610.34 0.0 125737.0098
4624.48 4624.48 0.0 125593.5566
4638.62 4638.62 0.0 125453.9922
4652.76 4652.76 0.0 125317.9922
4666.9 4666.9 0.0 125185.2109
4681.05 4681.05 0.0 125055.2090
4695.19 4695.19 0.0 124927.8672
4709.33 4709.33 0.0 124802.7734
4723.47 4723.47 0.0 124679.6523
4737.62 4737.62 0.0 124558.1914
4751.76 4751.76 0.0 124438.3672
4765.9 4765.9 0.0 124319.8770
4780.04 4780.04 0.0 124202.6309
4794.18 4794.18 0.0 124086.4727
4808.33 4808.33 0.0 123971.2754
4822.47 4822.47 0.0 123857.1543
4836.61 4836.61 0.0 123744.0254
4850.75 4850.75 0.0 123631.8984
4864.89 4864.89 0.0 123520.8125
4879.04 4879.04 0.0 123410.7773
4893.18 4893.18 0.0 123302.0234
4907.32 4907.32 0.0 123194.5957
4921.46 4921.46 0.0 123088.6113
4935.61 4935.61 0.0 122984.1562
4949.75 4949.75 0.0 122881.5039
4963.89 4963.89 0.0 122780.7695
4978.03 4978.03 0.0 122682.1016
4992.17 4992.17 0.0 122585.7012
5006.32 5006.32 0.0 122491.6172
5020.46 5020.46 0.0 122400.1543
5034.6 5034.6 0.0 122311.4043
5048.74 5048.74 0.0 122225.4434
5062.88 5062.88 0.0 122142.3711
5077.03 5077.03 0.0 122062.2031
5091.17 5091.17 0.0 121985.0664
5105.31 5105.31 0.0 121910.9062
5119.45 5119.45 0.0 121839.6309
5133.6 5133.6 0.0 121771.1504
5147.74 5147.74 0.0 121705.4141
5161.88 5161.88 0.0 121642.2168
5176.02 5176.02 0.0 121581.3867
5190.16 5190.16 0.0 121522.7266
5204.31 5204.31 0.0 121465.9805
5218.45 5218.45 0.0 121411.0059
5232.59 5232.59 0.0 121357.5527
5246.73 5246.73 0.0 121305.4121
5260.87 5260.87 0.0 121254.4180
5275.02 5275.02 0.0 121204.2930
5289.16 5289.16 0.0 121154.9883
5303.3 5303.3 0.0 121106.2852
5317.44 5317.44 0.0 121058.0684
5331.59 5331.59 0.0 121010.1562
5345.73 5345.73 0.0 120962.5488
5359.87 5359.87 0.0 120915.0840
5374.01 5374.01 0.0 120867.6836
5388.15 5388.15 0.0 120820.2656
5402.3 5402.3 0.0 120772.7441
5416.44 5416.44 0.0 120725.1074
5430.58 5430.58 0.0 120677.2773
5444.72 5444.72 0.0 120629.1973
5458.86 5458.86 0.0 120580.8242
5473.01 5473.01 0.0 120532.1172
5487.15 5487.15 0.0 120483.0820
5501.29 5501.29 0.0 120433.6660
5515.43 5515.43 0.0 120383.8711
5529.58 5529.58 0.0 120333.6367
5543.72 5543.72 0.0 120283.0430
5557.86 5557.86 0.0 120232.0508
5572.0 5572.0 0.0 120180.6641
5586.14 5586.14 0.0 120128.8887
5600.29 5600.29 0.0 120076.7188
5614.43 5614.43 0.0 120024.2305
5628.57 5628.57 0.0 119971.4043
5642.71 5642.71 0.0 119918.2285
5656.85 5656.85 0.0 119864.7266
5671.0 5671.0 0.0 119810.8418
5685.14 5685.14 0.0 119756.6230
5699.28 5699.28 0.0 119701.9805
5713.42 5713.42 0.0 119646.8730
5727.56 5727.56 0.0 119591.1992
5741.71 5741.71 0.0 119534.8301
5755.85 5755.85 0.0 119477.7070
5769.99 5769.99 0.0 119419.6406
5784.13 5784.13 0.0 119360.4492
5798.28 5798.28 0.0 119299.9336
5812.42 5812.42 0.0 119237.9883
5826.56 5826.56 0.0 119174.3965
5840.7 5840.7 0.0 119109.0195
5854.84 5854.84 0.0 119041.7715
5868.99 5868.99 0.0 118972.5723
5883.13 5883.13 0.0 118901.5723
5897.27 5897.27 0.0 118828.8691
5911.41 5911.41 0.0 118754.7344
5925.55 5925.55 0.0 118679.4902
5939.7 5939.7 0.0 118603.5977
5953.84 5953.84 0.0 118527.6914
5967.98 5967.98 0.0 118452.3359
5982.12 5982.12 0.0 118378.1621
5996.27 5996.27 0.0 118305.7578
6010.41 6010.41 0.0 118235.8047
6024.55 6024.55 0.0 118168.7363
6038.69 6038.69 0.0 118104.8945
6052.83 6052.83 0.0 118044.5508
6066.98 6066.98 0.0 117987.7285
6081.12 6081.12 0.0 117934.4453
6095.26 6095.26 0.0 117884.4805
6109.4 6109.4 0.0 117837.5332
6123.54 6123.54 0.0 117793.2461
6137.69 6137.69 0.0 117751.1406
6151.83 6151.83 0.0 117710.8477
6165.97 6165.97 0.0 117671.9277
6180.11 6180.11 0.0 117633.9316
6194.26 6194.26 0.0 117596.5166
6208.4 6208.4 0.0 117559.4355
6222.54 6222.54 0.0 117522.4170
6236.68 6236.68 0.0 117485.3184
6250.82 6250.82 0.0 117448.0117
6264.97 6264.97 0.0 117410.4121
6279.11 6279.11 0.0 117372.5654
6293.25 6293.25 0.0 117334.4727
6307.39 6307.39 0.0 117296.1768
6321.53 6321.53 0.0 117257.7520
6335.68 6335.68 0.0 117219.2432
6349.82 6349.82 0.0 117180.7949
6363.96 6363.96 0.0 117142.4561
6378.1 6378.1 0.0 117104.3018
6392.25 6392.25 0.0 117066.3799
6406.39 6406.39 0.0 117028.7861
6420.53 6420.53 0.0 116991.5615
6434.67 6434.67 0.0 116954.7217
6448.81 6448.81 0.0 116918.3066
6462.96 6462.96 0.0 116882.3008
6477.1 6477.1 0.0 116846.7432
6491.24 6491.24 0.0 116811.6494
6505.38 6505.38 0.0 116776.9766
6519.52 6519.52 0.0 116742.7305
6533.67 6533.67 0.0 116708.8584
6547.81 6547.81 0.0 116675.3945
6561.95 6561.95 0.0 116642.3066
6576.09 6576.09 0.0 116609.5518
6590.24 6590.24 0.0 116577.0820
6604.38 6604.38 0.0 116544.9385
6618.52 6618.52 0.0 116513.0654
6632.66 6632.66 0.0 116481.4443
6646.8 6646.8 0.0 116450.0381
6660.95 6660.95 0.0 116418.8115
6675.09 6675.09 0.0 116387.8125
6689.23 6689.23 0.0 116356.9639
6703.37 6703.37 0.0 116326.2822
6717.51 6717.51 0.0 116295.7412
6731.66 6731.66 0.0 116265.2910
6745.8 6745.8 0.0 116234.9785
6759.94 6759.94 0.0 116204.7705
6774.08 6774.08 0.0 116174.6582
6788.23 6788.23 0.0 116144.6123
6802.37 6802.37 0.0 116114.6631
6816.51 6816.51 0.0 116084.7871
6830.65 6830.65 0.0 116054.9795
6844.79 6844.79 0.0 116025.2305
6858.94 6858.94 0.0 115995.5205
6873.08 6873.08 0.0 115965.8975
6887.22 6887.22 0.0 115936.3135
6901.36 6901.36 0.0 115906.7959
6915.5 6915.5 0.0 115877.3154
6929.65 6929.65 0.0 115847.8750
6943.79 6943.79 0.0 115818.5000
6957.93 6957.93 0.0 115789.1836
6972.07 6972.07 0.0 115759.9062
6986.21 6986.21 0.0 115730.6885
7000.36 7000.36 0.0 115701.4941
7014.5 7014.5 0.0 115672.3730
7028.64 7028.64 0.0 115643.3164
7042.78 7042.78 0.0 115614.2920
7056.93 7056.93 0.0 115585.3115
7071.07 7071.07 0.0 115556.4102
7085.21 7085.21 0.0 115527.5605
7099.35 7099.35 0.0 115498.7744
7113.49 7113.49 0.0 115470.0400
7127.64 7127.64 0.0 115441.3516
7141.78 7141.78 0.0 115412.7461
7155.92 7155.92 0.0 115384.2051
7170.06 7170.06 0.0 115355.7217
7184.2 7184.2 0.0 115327.3096
7198.35 7198.35 0.0 115298.9404
7212.49 7212.49 0.0 115270.6553
7226.63 7226.63 0.0 115242.4463
7240.77 7240.77 0.0 115214.2998
7254.92 7254.92 0.0 115186.2178
7269.06 7269.06 0.0 115158.2109
7283.2 7283.2 0.0 115130.2803
7297.34 7297.34 0.0 115102.4189
7311.48 7311.48 0.0 115074.6387
7325.63 7325.63 0.0 115046.9023
7339.77 7339.77 0.0 115019.2725
7353.91 7353.91 0.0 114991.7109
7368.05 7368.05 0.0 114964.2168
7382.19 7382.19 0.0 114936.8115
7396.34 7396.34 0.0 114909.4463
7410.48 7410.48 0.0 114882.1943
7424.62 7424.62 0.0 114855.0098
7438.76 7438.76 0.0 114827.8975
7452.91 7452.91 0.0 114800.8408
7467.05 7467.05 0.0 114773.8809
7481.19 7481.19 0.0 114747.0010
7495.33 7495.33 0.0 114720.1875
7509.47 7509.47 0.0 114693.4580
7523.62 7523.62 0.0 114666.7812
7537.76 7537.76 0.0 114640.2031
7551.9 7551.9 0.0 114613.6885
7566.04 7566.04 0.0 114587.2578
7580.18 7580.18 0.0 114560.9062
7594.33 7594.33 0.0 114534.5977
7608.47 7608.47 0.0 114508.3818
7622.61 7622.61 0.0 114482.2471
7636.75 7636.75 0.0 114456.1689
7650.9 7650.9 0.0 114430.1611
7665.04 7665.04 0.0 114404.2246
7679.18 7679.18 0.0 114378.3750
7693.32 7693.32 0.0 114352.5898
7707.46 7707.46 0.0 114326.8662
7721.61 7721.61 0.0 114301.2061
7735.75 7735.75 0.0 114275.6250
7749.89 7749.89 0.0 114250.1133
7764.03 7764.03 0.0 114224.6719
7778.17 7778.17 0.0 114199.2969
