0.0 0.0 0.0 191398.9922
14.1421 14.1421 0.0 191983.4297
28.2843 28.2843 0.0 189124.7656
42.4264 42.4264 0.0 186361.6484
56.5685 56.5685 0.0 183578.8047
70.7107 70.7107 0.0 180509.3984
84.8528 84.8528 0.0 177041.6641
98.9949 98.9949 0.0 173224.8750
113.137 113.137 0.0 169278.6406
127.279 127.279 0.0 165426.7617
141.421 141.421 0.0 161764.9414
155.563 155.563 0.0 158282.8789
169.706 169.706 0.0 154957.5195
183.848 183.848 0.0 151815.7188
197.99 197.99 0.0 148915.2070
212.132 212.132 0.0 146292.5195
226.274 226.274 0.0 143938.5156
240.416 240.416 0.0 141812.0547
254.558 254.558 0.0 139864.0586
268.701 268.701 0.0 138052.8086
282.843 282.843 0.0 136349.7383
296.985 296.985 0.0 134737.5898
311.127 311.127 0.0 133207.6855
325.269 325.269 0.0 131756.3223
339.411 339.411 0.0 130381.6973
353.553 353.553 0.0 129081.6543
367.696 367.696 0.0 127852.2559
381.838 381.838 0.0 126687.7793
395.98 395.98 0.0 125580.5996
410.122 410.122 0.0 124522.6992
424.264 424.264 0.0 123506.7148
438.406 438.406 0.0 122527.1660
452.548 452.548 0.0 121580.9883
466.69 466.69 0.0 120667.5020
480.833 480.833 0.0 119787.8027
494.975 494.975 0.0 118944.3438
509.117 509.117 0.0 118139.7324
523.259 523.259 0.0 117376.3613
537.401 537.401 0.0 116655.9834
551.543 551.543 0.0 115979.4873
565.685 565.685 0.0 115347.0010
579.828 579.828 0.0 114757.8770
593.97 593.97 0.0 114211.0742
608.112 608.112 0.0 113704.9941
622.254 622.254 0.0 113237.6758
636.396 636.396 0.0 112806.4961
650.538 650.538 0.0 112407.6553
664.68 664.68 0.0 112035.3262
678.823 678.823 0.0 111680.6025
692.965 692.965 0.0 111331.2236
707.107 707.107 0.0 110973.1162
721.249 721.249 0.0 110594.6865
735.391 735.391 0.0 110191.2832
749.533 749.533 0.0 109765.0225
763.675 763.675 0.0 109320.4258
777.817 777.817 0.0 108865.0415
791.96 791.96 0.0 108415.7012
806.102 806.102 0.0 107997.8232
820.244 820.244 0.0 107634.4883
834.386 834.386 0.0 107336.7617
848.528 848.528 0.0 107101.7383
862.67 862.67 0.0 106916.5854
876.812 876.812 0.0 106764.6812
890.955 890.955 0.0 106631.0610
905.097 905.097 0.0 106505.5830
919.239 919.239 0.0 106383.4160
933.381 933.381 0.0 106263.6978
947.523 947.523 0.0 106147.5610
961.665 961.665 0.0 106036.5776
975.807 975.807 0.0 105931.8647
989.949 989.949 0.0 105833.8799
1004.09 1004.09 0.0 105742.5054
1018.23 1018.23 0.0 105657.2788
1032.38 1032.38 0.0 105577.5078
1046.52 1046.52 0.0 105502.6777
1060.66 1060.66 0.0 105432.1333
1074.8 1074.8 0.0 105365.3608
1088.94 1088.94 0.0 105301.9177
1103.09 1103.09 0.0 105241.3997
1117.23 1117.23 0.0 105183.5889
1131.37 1131.37 0.0 105128.1841
1145.51 1145.51 0.0 105074.9670
1159.66 1159.66 0.0 105023.7217
1173.8 1173.8 0.0 104974.3564
1187.94 1187.94 0.0 104926.6914
1202.08 1202.08 0.0 104880.5918
1216.22 1216.22 0.0 104835.9402
1230.37 1230.37 0.0 104792.5925
1244.51 1244.51 0.0 104750.4866
1258.65 1258.65 0.0 104709.4875
1272.79 1272.79 0.0 104669.4795
1286.93 1286.93 0.0 104630.3577
1301.08 1301.08 0.0 104591.9805
1315.22 1315.22 0.0 104554.3184
1329.36 1329.36 0.0 104517.2407
1343.5 1343.5 0.0 104480.6807
1357.65 1357.65 0.0 104444.5403
1371.79 1371.79 0.0 104408.8225
1385.93 1385.93 0.0 104373.4575
1400.07 1400.07 0.0 104338.4185
1414.21 1414.21 0.0 104303.6992
1428.36 1428.36 0.0 104269.2676
1442.5 1442.5 0.0 104235.1792
1456.64 1456.64 0.0 104201.4287
1470.78 1470.78 0.0 104168.0422
1484.92 1484.92 0.0 104135.0425
1499.07 1499.07 0.0 104102.4397
1513.21 1513.21 0.0 104070.3169
1527.35 1527.35 0.0 104038.6890
1541.49 1541.49 0.0 104007.5923
1555.63 1555.63 0.0 103977.0664
1569.78 1569.78 0.0 103947.1279
1583.92 1583.92 0.0 103917.8533
1598.06 1598.06 0.0 103889.2666
1612.2 1612.2 0.0 103861.3857
1626.35 1626.35 0.0 103834.2476
1640.49 1640.49 0.0 103807.8982
1654.63 1654.63 0.0 103782.3613
1668.77 1668.77 0.0 103757.6555
1682.91 1682.91 0.0 103733.8035
1697.06 1697.06 0.0 103710.8088
1711.2 1711.2 0.0 103688.7051
1725.34 1725.34 0.0 103667.5000
1739.48 1739.48 0.0 103647.1782
1753.62 1753.62 0.0 103627.7366
1767.77 1767.77 0.0 103609.1492
1781.91 1781.91 0.0 103591.4026
1796.05 1796.05 0.0 103574.4612
1810.19 1810.19 0.0 103558.2683
1824.34 1824.34 0.0 103542.7590
1838.48 1838.48 0.0 103527.8894
1852.62 1852.62 0.0 103513.5735
1866.76 1866.76 0.0 103499.7383
1880.9 1880.9 0.0 103486.3105
1895.05 1895.05 0.0 103473.2031
1909.19 1909.19 0.0 103460.3740
1923.33 1923.33 0.0 103447.7532
1937.47 1937.47 0.0 103435.2964
1951.61 1951.61 0.0 103422.9805
1965.76 1965.76 0.0 103410.7722
1979.9 1979.9 0.0 103398.6899
1994.04 1994.04 0.0 103386.7285
2008.18 2008.18 0.0 103374.9021
2022.33 2022.33 0.0 103363.2188
2036.47 2036.47 0.0 103351.7112
2050.61 2050.61 0.0 103340.3929
2064.75 2064.75 0.0 103329.2742
2078.89 2078.89 0.0 103318.3726
2093.04 2093.04 0.0 103307.6914
2107.18 2107.18 0.0 103297.2472
2121.32 2121.32 0.0 103287.0408
2135.46 2135.46 0.0 103277.0746
2149.6 2149.6 0.0 103267.3486
2163.75 2163.75 0.0 103257.8582
2177.89 2177.89 0.0 103248.6117
2192.03 2192.03 0.0 103239.5975
2206.17 2206.17 0.0 103230.8116
2220.32 2220.32 0.0 103222.2458
2234.46 2234.46 0.0 103213.8986
2248.6 2248.6 0.0 103205.7599
2262.74 2262.74 0.0 103197.8214
2276.88 2276.88 0.0 103190.0718
2291.03 2291.03 0.0 103182.4974
2305.17 2305.17 0.0 103175.0994
2319.31 2319.31 0.0 103167.8625
2333.45 2333.45 0.0 103160.7745
2347.59 2347.59 0.0 103153.8296
2361.74 2361.74 0.0 103147.0126
2375.88 2375.88 0.0 103140.3240
2390.02 2390.02 0.0 103133.7527
2404.16 2404.16 0.0 103127.2834
2418.31 2418.31 0.0 103120.9135
2432.45 2432.45 0.0 103114.6410
2446.59 2446.59 0.0 103108.4524
2460.73 2460.73 0.0 103102.3453
2474.87 2474.87 0.0 103096.3105
2489.02 2489.02 0.0 103090.3451
2503.16 2503.16 0.0 103084.4492
2517.3 2517.3 0.0 103078.6115
2531.44 2531.44 0.0 103072.8296
2545.58 2545.58 0.0 103067.1034
2559.73 2559.73 0.0 103061.4222
2573.87 2573.87 0.0 103055.7943
2588.01 2588.01 0.0 103050.2094
2602.15 2602.15 0.0 103044.6685
2616.3 2616.3 0.0 103039.1595
2630.44 2630.44 0.0 103033.6973
2644.58 2644.58 0.0 103028.2695
2658.72 2658.72 0.0 103022.8744
2672.86 2672.86 0.0 103017.5181
2687.01 2687.01 0.0 103012.1858
2701.15 2701.15 0.0 103006.8937
2715.29 2715.29 0.0 103001.6293
2729.43 2729.43 0.0 102996.3972
2743.57 2743.57 0.0 102991.1967
2757.72 2757.72 0.0 102986.0184
2771.86 2771.86 0.0 102980.8746
2786.0 2786.0 0.0 102975.7607
2800.14 2800.14 0.0 102970.6721
2814.28 2814.28 0.0 102965.6163
2828.43 2828.43 0.0 102960.5854
2842.57 2842.57 0.0 102955.5824
2856.71 2856.71 0.0 102950.6117
2870.85 2870.85 0.0 102945.6716
2885.0 2885.0 0.0 102940.7533
2899.14 2899.14 0.0 102935.8708
2913.28 2913.28 0.0 102931.0176
2927.42 2927.42 0.0 102926.1926
2941.56 2941.56 0.0 102921.3988
2955.71 2955.71 0.0 102916.6317
2969.85 2969.85 0.0 102911.8997
2983.99 2983.99 0.0 102907.1963
2998.13 2998.13 0.0 102902.5277
3012.27 3012.27 0.0 102897.8873
3026.42 3026.42 0.0 102893.2767
3040.56 3040.56 0.0 102888.7015
3054.7 3054.7 0.0 102884.1589
3068.84 3068.84 0.0 102879.6458
3082.99 3082.99 0.0 102875.1648
3097.13 3097.13 0.0 102870.7203
3111.27 3111.27 0.0 102866.3048
3125.41 3125.41 0.0 102861.9266
3139.55 3139.55 0.0 102857.5801
3153.7 3153.7 0.0 102853.2648
3167.84 3167.84 0.0 102848.9846
3181.98 3181.98 0.0 102844.7382
3196.12 3196.12 0.0 102840.5254
3210.26 3210.26 0.0 102836.3444
3224.41 3224.41 0.0 102832.1949
3238.55 3238.55 0.0 102828.0826
3252.69 3252.69 0.0 102824.0031
3266.83 3266.83 0.0 102819.9574
3280.98 3280.98 0.0 102815.9424
3295.12 3295.12 0.0 102811.9609
3309.26 3309.26 0.0 102808.0140
3323.4 3323.4 0.0 102804.1003
3337.54 3337.54 0.0 102800.2192
3351.69 3351.69 0.0 102796.3674
3365.83 3365.83 0.0 102792.5508
3379.97 3379.97 0.0 102788.7643
3394.11 3394.11 0.0 102785.0132
3408.25 3408.25 0.0 102781.2905
3422.4 3422.4 0.0 102777.5973
3436.54 3436.54 0.0 102773.9371
3450.68 3450.68 0.0 102770.3107
3464.82 3464.82 0.0 102766.7113
3478.97 3478.97 0.0 102763.1415
3493.11 3493.11 0.0 102759.6030
3507.25 3507.25 0.0 102756.0951
3521.39 3521.39 0.0 102752.6174
3535.53 3535.53 0.0 102749.1680
3549.68 3549.68 0.0 102745.7444
3563.82 3563.82 0.0 102742.3527
3577.96 3577.96 0.0 102738.9894
3592.1 3592.1 0.0 102735.6506
3606.24 3606.24 0.0 102732.3428
3620.39 3620.39 0.0 102729.0592
3634.53 3634.53 0.0 102725.8063
3648.67 3648.67 0.0 102722.5793
3662.81 3662.81 0.0 102719.3762
3676.96 3676.96 0.0 102716.1987
3691.1 3691.1 0.0 102713.0494
3705.24 3705.24 0.0 102709.9283
3719.38 3719.38 0.0 102706.8284
3733.52 3733.52 0.0 102703.7542
3747.67 3747.67 0.0 102700.7031
3761.81 3761.81 0.0 102697.6772
3775.95 3775.95 0.0 102694.6769
3790.09 3790.09 0.0 102691.6989
3804.23 3804.23 0.0 102688.7455
3818.38 3818.38 0.0 102685.8126
3832.52 3832.52 0.0 102682.9041
3846.66 3846.66 0.0 102680.0200
3860.8 3860.8 0.0 102677.1575
3874.95 3874.95 0.0 102674.3138
3889.09 3889.09 0.0 102671.4941
3903.23 3903.23 0.0 102668.6976
3917.37 3917.37 0.0 102665.9210
3931.51 3931.51 0.0 102663.1648
3945.66 3945.66 0.0 102660.4293
3959.8 3959.8 0.0 102657.7150
3973.94 3973.94 0.0 102655.0238
3988.08 3988.08 0.0 102652.3480
4002.22 4002.22 0.0 102649.6954
4016.37 4016.37 0.0 102647.0594
4030.51 4030.51 0.0 102644.4456
4044.65 4044.65 0.0 102641.8483
4058.79 4058.79 0.0 102639.2725
4072.94 4072.94 0.0 102636.7120
4087.08 4087.08 0.0 102634.1738
4101.22 4101.22 0.0 102631.6533
4115.36 4115.36 0.0 102629.1497
4129.5 4129.5 0.0 102626.6637
4143.65 4143.65 0.0 102624.1960
4157.79 4157.79 0.0 102621.7455
4171.93 4171.93 0.0 102619.3119
4186.07 4186.07 0.0 102616.8964
4200.21 4200.21 0.0 102614.4963
4214.36 4214.36 0.0 102612.1138
4228.5 4228.5 0.0 102609.7466
4242.64 4242.64 0.0 102607.3953
