0.0 0.0 0.0 259616.6250
14.1421 14.1421 0.0 1553011.6250
28.2843 28.2843 0.0 1506678.2500
42.4264 42.4264 0.0 1404297.0000
56.5685 56.5685 0.0 1274377.3750
70.7107 70.7107 0.0 1136243.5625
84.8528 84.8528 0.0 1002305.5000
98.9949 98.9949 0.0 879667.0000
113.137 113.137 0.0 771581.8125
127.279 127.279 0.0 678736.1250
141.421 141.421 0.0 600290.3438
155.563 155.563 0.0 534648.8125
169.706 169.706 0.0 479959.3438
183.848 183.848 0.0 434421.6875
197.99 197.99 0.0 396407.9375
212.132 212.132 0.0 364530.7812
226.274 226.274 0.0 337641.1094
240.416 240.416 0.0 314803.7812
254.558 254.558 0.0 295267.1562
268.701 268.701 0.0 278428.7031
282.843 282.843 0.0 263810.5469
296.985 296.985 0.0 251028.3438
311.127 311.127 0.0 239775.4062
325.269 325.269 0.0 229805.4219
339.411 339.411 0.0 220919.6328
353.553 353.553 0.0 212956.7969
367.696 367.696 0.0 205784.9375
381.838 381.838 0.0 199297.0703
395.98 395.98 0.0 193403.4219
410.122 410.122 0.0 188029.7109
424.264 424.264 0.0 183113.6875
438.406 438.406 0.0 178602.8594
452.548 452.548 0.0 174452.5938
466.69 466.69 0.0 170624.7031
480.833 480.833 0.0 167086.1406
494.975 494.975 0.0 163808.9023
509.117 509.117 0.0 160767.8789
523.259 523.259 0.0 157941.3555
537.401 537.401 0.0 155310.0625
551.543 551.543 0.0 152857.0742
565.685 565.685 0.0 150567.1680
579.828 579.828 0.0 148426.7539
593.97 593.97 0.0 146423.9297
608.112 608.112 0.0 144547.6641
622.254 622.254 0.0 142788.0312
636.396 636.396 0.0 141136.1055
650.538 650.538 0.0 139583.7656
664.68 664.68 0.0 138123.6289
678.823 678.823 0.0 136748.8242
692.965 692.965 0.0 135453.4219
707.107 707.107 0.0 134231.6328
721.249 721.249 0.0 133078.3359
735.391 735.391 0.0 131988.7480
749.533 749.533 0.0 130958.4883
763.675 763.675 0.0 129983.6016
777.817 777.817 0.0 129060.3184
791.96 791.96 0.0 128185.1953
806.102 806.102 0.0 127355.2227
820.244 820.244 0.0 126567.3848
834.386 834.386 0.0 125819.0059
848.528 848.528 0.0 125107.6094
862.67 862.67 0.0 124430.8730
876.812 876.812 0.0 123786.6738
890.955 890.955 0.0 123172.9648
905.097 905.097 0.0 122587.9785
919.239 919.239 0.0 122029.9961
933.381 933.381 0.0 121497.3867
947.523 947.523 0.0 120988.7148
961.665 961.665 0.0 120502.5508
975.807 975.807 0.0 120037.6445
989.949 989.949 0.0 119592.7949
1004.09 1004.09 0.0 119166.9062
1018.23 1018.23 0.0 118758.9355
1032.38 1032.38 0.0 118367.6016
1046.52 1046.52 0.0 117992.5625
1060.66 1060.66 0.0 117632.6592
1074.8 1074.8 0.0 117287.1104
1088.94 1088.94 0.0 116955.1748
1103.09 1103.09 0.0 116635.9160
1117.23 1117.23 0.0 116329.1367
1131.37 1131.37 0.0 116033.9863
1145.51 1145.51 0.0 115749.8779
1159.66 1159.66 0.0 115476.0967
1173.8 1173.8 0.0 115212.5117
1187.94 1187.94 0.0 114958.4248
1202.08 1202.08 0.0 114713.4053
1216.22 1216.22 0.0 114477.0186
1230.37 1230.37 0.0 114248.7002
1244.51 1244.51 0.0 114028.3945
1258.65 1258.65 0.0 113815.5742
1272.79 1272.79 0.0 113609.9053
1286.93 1286.93 0.0 113411.0693
1301.08 1301.08 0.0 113218.6162
1315.22 1315.22 0.0 113032.5508
1329.36 1329.36 0.0 112852.4443
1343.5 1343.5 0.0 112678.0596
1357.65 1357.65 0.0 112509.0127
1371.79 1371.79 0.0 112345.3271
1385.93 1385.93 0.0 112186.6602
1400.07 1400.07 0.0 112032.7969
1414.21 1414.21 0.0 111883.5439
1428.36 1428.36 0.0 111738.6123
1442.5 1442.5 0.0 111598.0293
1456.64 1456.64 0.0 111461.5166
1470.78 1470.78 0.0 111328.9219
1484.92 1484.92 0.0 111200.0801
1499.07 1499.07 0.0 111074.7656
1513.21 1513.21 0.0 110953.0098
1527.35 1527.35 0.0 110834.5918
1541.49 1541.49 0.0 110719.3789
1555.63 1555.63 0.0 110607.2607
1569.78 1569.78 0.0 110498.0508
1583.92 1583.92 0.0 110391.7666
1598.06 1598.06 0.0 110288.2471
1612.2 1612.2 0.0 110187.3818
1626.35 1626.35 0.0 110089.0010
1640.49 1640.49 0.0 109993.1719
1654.63 1654.63 0.0 109899.7139
1668.77 1668.77 0.0 109808.5557
1682.91 1682.91 0.0 109719.6143
1697.06 1697.06 0.0 109632.7412
1711.2 1711.2 0.0 109547.9971
1725.34 1725.34 0.0 109465.2466
1739.48 1739.48 0.0 109384.4131
1753.62 1753.62 0.0 109305.4399
1767.77 1767.77 0.0 109228.2100
1781.91 1781.91 0.0 109152.7729
1796.05 1796.05 0.0 109079.0132
1810.19 1810.19 0.0 109006.8662
1824.34 1824.34 0.0 108936.2485
1838.48 1838.48 0.0 108867.1982
1852.62 1852.62 0.0 108799.6167
1866.76 1866.76 0.0 108733.4556
1880.9 1880.9 0.0 108668.6660
1895.05 1895.05 0.0 108605.1772
1909.19 1909.19 0.0 108543.0117
1923.33 1923.33 0.0 108482.1050
1937.47 1937.47 0.0 108422.4126
1951.61 1951.61 0.0 108363.8877
1965.76 1965.76 0.0 108306.4644
1979.9 1979.9 0.0 108250.1797
1994.04 1994.04 0.0 108194.9771
2008.18 2008.18 0.0 108140.8086
2022.33 2022.33 0.0 108087.6055
2036.47 2036.47 0.0 108035.4292
2050.61 2050.61 0.0 107984.1982
2064.75 2064.75 0.0 107933.8940
2078.89 2078.89 0.0 107884.4858
2093.04 2093.04 0.0 107835.9072
2107.18 2107.18 0.0 107788.2163
2121.32 2121.32 0.0 107741.3423
2135.46 2135.46 0.0 107695.2646
2149.6 2149.6 0.0 107649.9736
2163.75 2163.75 0.0 107605.4004
2177.89 2177.89 0.0 107561.5977
2192.03 2192.03 0.0 107518.5078
2206.17 2206.17 0.0 107476.1187
2220.32 2220.32 0.0 107434.3730
2234.46 2234.46 0.0 107393.3193
2248.6 2248.6 0.0 107352.9106
2262.74 2262.74 0.0 107313.1235
2276.88 2276.88 0.0 107273.9517
2291.03 2291.03 0.0 107235.3438
2305.17 2305.17 0.0 107197.3486
2319.31 2319.31 0.0 107159.9136
2333.45 2333.45 0.0 107123.0337
2347.59 2347.59 0.0 107086.6904
2361.74 2361.74 0.0 107050.8516
2375.88 2375.88 0.0 107015.5469
2390.02 2390.02 0.0 106980.7383
2404.16 2404.16 0.0 106946.4224
2418.31 2418.31 0.0 106912.5640
2432.45 2432.45 0.0 106879.1948
2446.59 2446.59 0.0 106846.2812
2460.73 2460.73 0.0 106813.8096
2474.87 2474.87 0.0 106781.7783
2489.02 2489.02 0.0 106750.1450
2503.16 2503.16 0.0 106718.9507
2517.3 2517.3 0.0 106688.1699
2531.44 2531.44 0.0 106657.7905
2545.58 2545.58 0.0 106627.7939
2559.73 2559.73 0.0 106598.1694
2573.87 2573.87 0.0 106568.9336
2588.01 2588.01 0.0 106540.0635
2602.15 2602.15 0.0 106511.5542
2616.3 2616.3 0.0 106483.3770
2630.44 2630.44 0.0 106455.5669
2644.58 2644.58 0.0 106428.0977
2658.72 2658.72 0.0 106400.9595
2672.86 2672.86 0.0 106374.1426
2687.01 2687.01 0.0 106347.6294
2701.15 2701.15 0.0 106321.4546
2715.29 2715.29 0.0 106295.5815
2729.43 2729.43 0.0 106270.0117
2743.57 2743.57 0.0 106244.7373
2757.72 2757.72 0.0 106219.7422
2771.86 2771.86 0.0 106195.0449
2786.0 2786.0 0.0 106170.6367
2800.14 2800.14 0.0 106146.5010
2814.28 2814.28 0.0 106122.6367
2828.43 2828.43 0.0 106099.0215
2842.57 2842.57 0.0 106075.6890
2856.71 2856.71 0.0 106052.6104
2870.85 2870.85 0.0 106029.7935
2885.0 2885.0 0.0 106007.2065
2899.14 2899.14 0.0 105984.8784
2913.28 2913.28 0.0 105962.7979
2927.42 2927.42 0.0 105940.9556
2941.56 2941.56 0.0 105919.3433
2955.71 2955.71 0.0 105897.9556
2969.85 2969.85 0.0 105876.8032
2983.99 2983.99 0.0 105855.8784
2998.13 2998.13 0.0 105835.1714
3012.27 3012.27 0.0 105814.6831
3026.42 3026.42 0.0 105794.3975
3040.56 3040.56 0.0 105774.3311
3054.7 3054.7 0.0 105754.4810
3068.84 3068.84 0.0 105734.8281
3082.99 3082.99 0.0 105715.3735
3097.13 3097.13 0.0 105696.1260
3111.27 3111.27 0.0 105677.0776
3125.41 3125.41 0.0 105658.2207
3139.55 3139.55 0.0 105639.5532
3153.7 3153.7 0.0 105621.0674
3167.84 3167.84 0.0 105602.7764
3181.98 3181.98 0.0 105584.6724
3196.12 3196.12 0.0 105566.7480
3210.26 3210.26 0.0 105549.0000
3224.41 3224.41 0.0 105531.4199
3238.55 3238.55 0.0 105514.0264
3252.69 3252.69 0.0 105496.8018
3266.83 3266.83 0.0 105479.7480
3280.98 3280.98 0.0 105462.8535
3295.12 3295.12 0.0 105446.1333
3309.26 3309.26 0.0 105429.5757
3323.4 3323.4 0.0 105413.1782
3337.54 3337.54 0.0 105396.9426
3351.69 3351.69 0.0 105380.8530
3365.83 3365.83 0.0 105364.9265
3379.97 3379.97 0.0 105349.1582
3394.11 3394.11 0.0 105333.5432
3408.25 3408.25 0.0 105318.0715
3422.4 3422.4 0.0 105302.7393
3436.54 3436.54 0.0 105287.5662
3450.68 3450.68 0.0 105272.5369
3464.82 3464.82 0.0 105257.6484
3478.97 3478.97 0.0 105242.8875
3493.11 3493.11 0.0 105228.2817
3507.25 3507.25 0.0 105213.8118
3521.39 3521.39 0.0 105199.4766
3535.53 3535.53 0.0 105185.2786
3549.68 3549.68 0.0 105171.2002
3563.82 3563.82 0.0 105157.2661
3577.96 3577.96 0.0 105143.4568
3592.1 3592.1 0.0 105129.7808
3606.24 3606.24 0.0 105116.2310
3620.39 3620.39 0.0 105102.7925
3634.53 3634.53 0.0 105089.4907
3648.67 3648.67 0.0 105076.3113
3662.81 3662.81 0.0 105063.2539
3676.96 3676.96 0.0 105050.3059
3691.1 3691.1 0.0 105037.4805
3705.24 3705.24 0.0 105024.7800
3719.38 3719.38 0.0 105012.1897
3733.52 3733.52 0.0 104999.7156
3747.67 3747.67 0.0 104987.3428
3761.81 3761.81 0.0 104975.0950
3775.95 3775.95 0.0 104962.9539
3790.09 3790.09 0.0 104950.9255
3804.23 3804.23 0.0 104939.0005
3818.38 3818.38 0.0 104927.1765
3832.52 3832.52 0.0 104915.4646
3846.66 3846.66 0.0 104903.8586
3860.8 3860.8 0.0 104892.3550
3874.95 3874.95 0.0 104880.9453
3889.09 3889.09 0.0 104869.6450
3903.23 3903.23 0.0 104858.4443
3917.37 3917.37 0.0 104847.3408
3931.51 3931.51 0.0 104836.3345
3945.66 3945.66 0.0 104825.4187
3959.8 3959.8 0.0 104814.6052
3973.94 3973.94 0.0 104803.8845
3988.08 3988.08 0.0 104793.2610
4002.22 4002.22 0.0 104782.7241
4016.37 4016.37 0.0 104772.2771
4030.51 4030.51 0.0 104761.9216
4044.65 4044.65 0.0 104751.6592
4058.79 4058.79 0.0 104741.4844
4072.94 4072.94 0.0 104731.3867
4087.08 4087.08 0.0 104721.3855
4101.22 4101.22 0.0 104711.4695
4115.36 4115.36 0.0 104701.6375
4129.5 4129.5 0.0 104691.8882
4143.65 4143.65 0.0 104682.2151
4157.79 4157.79 0.0 104672.6318
4171.93 4171.93 0.0 104663.1267
4186.07 4186.07 0.0 104653.6978
4200.21 4200.21 0.0 104644.3538
4214.36 4214.36 0.0 104635.0769
4228.5 4228.5 0.0 104625.8840
4242.64 4242.64 0.0 104616.7700
4256.78 4256.78 0.0 104607.7329
4270.92 4270.92 0.0 104598.7666
4285.07 4285.07 0.0 104589.8706
4299.21 4299.21 0.0 104581.0527
4313.35 4313.35 0.0 104572.3049
4327.49 4327.49 0.0 104563.6313
4341.64 4341.64 0.0 104555.0181
4355.78 4355.78 0.0 104546.4861
4369.92 4369.92 0.0 104538.0188
4384.06 4384.06 0.0 104529.6230
4398.2 4398.2 0.0 104521.2947
4412.35 4412.35 0.0 104513.0244
4426.49 4426.49 0.0 104504.8254
4440.63 4440.63 0.0 104496.6929
4454.77 4454.77 0.0 104488.6245
4468.91 4468.91 0.0 104480.6206
4483.06 4483.06 0.0 104472.6743
4497.2 4497.2 0.0 104464.7971
4511.34 4511.34 0.0 104456.9800
4525.48 4525.48 0.0 104449.2239
4539.63 4539.63 0.0 104441.5239
4553.77 4553.77 0.0 104433.8877
4567.91 4567.91 0.0 104426.3098
4582.05 4582.05 0.0 104418.7927
4596.19 4596.19 0.0 104411.3296
4610.34 4610.34 0.0 104403.9207
4624.48 4624.48 0.0 104396.5740
4638.62 4638.62 0.0 104389.2822
4652.76 4652.76 0.0 104382.0459
4666.9 4666.9 0.0 104374.8628
4681.05 4681.05 0.0 104367.7283
4695.19 4695.19 0.0 104360.6538
4709.33 4709.33 0.0 104353.6306
4723.47 4723.47 0.0 104346.6624
4737.62 4737.62 0.0 104339.7358
4751.76 4751.76 0.0 104332.8684
4765.9 4765.9 0.0 104326.0520
4780.04 4780.04 0.0 104319.2825
4794.18 4794.18 0.0 104312.5637
4808.33 4808.33 0.0 104305.8887
4822.47 4822.47 0.0 104299.2651
4836.61 4836.61 0.0 104292.6902
4850.75 4850.75 0.0 104286.1633
4864.89 4864.89 0.0 104279.6768
4879.04 4879.04 0.0 104273.2388
4893.18 4893.18 0.0 104266.8486
4907.32 4907.32 0.0 104260.5037
4921.46 4921.46 0.0 104254.2024
4935.61 4935.61 0.0 104247.9385
4949.75 4949.75 0.0 104241.7256
4963.89 4963.89 0.0 104235.5532
4978.03 4978.03 0.0 104229.4204
4992.17 4992.17 0.0 104223.3325
5006.32 5006.32 0.0 104217.2830
5020.46 5020.46 0.0 104211.2754
5034.6 5034.6 0.0 104205.3088
5048.74 5048.74 0.0 104199.3845
5062.88 5062.88 0.0 104193.4958
5077.03 5077.03 0.0 104187.6438
5091.17 5091.17 0.0 104181.8323
5105.31 5105.31 0.0 104176.0605
5119.45 5119.45 0.0 104170.3269
5133.6 5133.6 0.0 104164.6233
5147.74 5147.74 0.0 104158.9622
5161.88 5161.88 0.0 104153.3379
5176.02 5176.02 0.0 104147.7490
5190.16 5190.16 0.0 104142.1926
5204.31 5204.31 0.0 104136.6687
5218.45 5218.45 0.0 104131.1807
5232.59 5232.59 0.0 104125.7290
5246.73 5246.73 0.0 104120.3103
5260.87 5260.87 0.0 104114.9246
5275.02 5275.02 0.0 104109.5654
5289.16 5289.16 0.0 104104.2471
5303.3 5303.3 0.0 104098.9558
5317.44 5317.44 0.0 104093.6970
5331.59 5331.59 0.0 104088.4653
5345.73 5345.73 0.0 104083.2710
5359.87 5359.87 0.0 104078.1023
5374.01 5374.01 0.0 104072.9641
5388.15 5388.15 0.0 104067.8562
5402.3 5402.3 0.0 104062.7725
5416.44 5416.44 0.0 104057.7239
5430.58 5430.58 0.0 104052.7004
5444.72 5444.72 0.0 104047.7058
5458.86 5458.86 0.0 104042.7354
5473.01 5473.01 0.0 104037.7922
5487.15 5487.15 0.0 104032.8789
5501.29 5501.29 0.0 104027.9910
5515.43 5515.43 0.0 104023.1272
5529.58 5529.58 0.0 104018.2893
5543.72 5543.72 0.0 104013.4749
5557.86 5557.86 0.0 104008.6887
5572.0 5572.0 0.0 104003.9260
5586.14 5586.14 0.0 103999.1885
5600.29 5600.29 0.0 103994.4668
5614.43 5614.43 0.0 103989.7776
5628.57 5628.57 0.0 103985.1094
5642.71 5642.71 0.0 103980.4619
5656.85 5656.85 0.0 103975.8376
5671.0 5671.0 0.0 103971.2317
5685.14 5685.14 0.0 103966.6536
5699.28 5699.28 0.0 103962.0938
5713.42 5713.42 0.0 103957.5542
5727.56 5727.56 0.0 103953.0374
5741.71 5741.71 0.0 103948.5334
5755.85 5755.85 0.0 103944.0581
5769.99 5769.99 0.0 103939.5994
5784.13 5784.13 0.0 103935.1619
5798.28 5798.28 0.0 103930.7390
5812.42 5812.42 0.0 103926.3364
5826.56 5826.56 0.0 103921.9561
5840.7 5840.7 0.0 103917.5903
5854.84 5854.84 0.0 103913.2446
5868.99 5868.99 0.0 103908.9106
5883.13 5883.13 0.0 103904.5977
5897.27 5897.27 0.0 103900.3040
5911.41 5911.41 0.0 103896.0249
5925.55 5925.55 0.0 103891.7605
5939.7 5939.7 0.0 103887.5100
5953.84 5953.84 0.0 103883.2776
5967.98 5967.98 0.0 103879.0623
5982.12 5982.12 0.0 103874.8633
5996.27 5996.27 0.0 103870.6736
6010.41 6010.41 0.0 103866.4993
6024.55 6024.55 0.0 103862.3428
6038.69 6038.69 0.0 103858.1990
6052.83 6052.83 0.0 103854.0681
6066.98 6066.98 0.0 103849.9485
6081.12 6081.12 0.0 103845.8467
6095.26 6095.26 0.0 103841.7563
6109.4 6109.4 0.0 103837.6782
6123.54 6123.54 0.0 103833.6118
6137.69 6137.69 0.0 103829.5557
6151.83 6151.83 0.0 103825.5144
6165.97 6165.97 0.0 103821.4832
6180.11 6180.11 0.0 103817.4639
6194.26 6194.26 0.0 103813.4526
6208.4 6208.4 0.0 103809.4551
6222.54 6222.54 0.0 103805.4670
6236.68 6236.68 0.0 103801.4905
6250.82 6250.82 0.0 103797.5249
6264.97 6264.97 0.0 103793.5657
6279.11 6279.11 0.0 103789.6187
6293.25 6293.25 0.0 103785.6802
6307.39 6307.39 0.0 103781.7505
6321.53 6321.53 0.0 103777.8306
6335.68 6335.68 0.0 103773.9158
6349.82 6349.82 0.0 103770.0139
6363.96 6363.96 0.0 103766.1187
6378.1 6378.1 0.0 103762.2314
6392.25 6392.25 0.0 103758.3496
6406.39 6406.39 0.0 103754.4783
6420.53 6420.53 0.0 103750.6147
6434.67 6434.67 0.0 103746.7571
6448.81 6448.81 0.0 103742.9055
6462.96 6462.96 0.0 103739.0576
6477.1 6477.1 0.0 103735.2207
6491.24 6491.24 0.0 103731.3887
6505.38 6505.38 0.0 103727.5659
6519.52 6519.52 0.0 103723.7461
6533.67 6533.67 0.0 103719.9287
6547.81 6547.81 0.0 103716.1199
6561.95 6561.95 0.0 103712.3169
6576.09 6576.09 0.0 103708.5200
6590.24 6590.24 0.0 103704.7236
6604.38 6604.38 0.0 103700.9343
6618.52 6618.52 0.0 103697.1511
6632.66 6632.66 0.0 103693.3716
6646.8 6646.8 0.0 103689.5969
6660.95 6660.95 0.0 103685.8206
6675.09 6675.09 0.0 103682.0532
6689.23 6689.23 0.0 103678.2888
6703.37 6703.37 0.0 103674.5271
6717.51 6717.51 0.0 103670.7725
6731.66 6731.66 0.0 103667.0149
6745.8 6745.8 0.0 103663.2632
6759.94 6759.94 0.0 103659.5151
6774.08 6774.08 0.0 103655.7690
6788.23 6788.23 0.0 103652.0220
6802.37 6802.37 0.0 103648.2812
6816.51 6816.51 0.0 103644.5417
6830.65 6830.65 0.0 103640.8062
6844.79 6844.79 0.0 103637.0703
6858.94 6858.94 0.0 103633.3337
6873.08 6873.08 0.0 103629.6021
6887.22 6887.22 0.0 103625.8716
6901.36 6901.36 0.0 103622.1433
6915.5 6915.5 0.0 103618.4143
6929.65 6929.65 0.0 103614.6858
6943.79 6943.79 0.0 103610.9595
6957.93 6957.93 0.0 103607.2354
6972.07 6972.07 0.0 103603.5112
6986.21 6986.21 0.0 103599.7874
7000.36 7000.36 0.0 103596.0610
7014.5 7014.5 0.0 103592.3408
7028.64 7028.64 0.0 103588.6172
7042.78 7042.78 0.0 103584.8928
7056.93 7056.93 0.0 103581.1694
7071.07 7071.07 0.0 103577.4473
7085.21 7085.21 0.0 103573.7241
7099.35 7099.35 0.0 103570.0042
7113.49 7113.49 0.0 103566.2773
7127.64 7127.64 0.0 103562.5508
7141.78 7141.78 0.0 103558.8259
7155.92 7155.92 0.0 103555.1008
7170.06 7170.06 0.0 103551.3755
7184.2 7184.2 0.0 103547.6499
7198.35 7198.35 0.0 103543.9204
7212.49 7212.49 0.0 103540.1907
7226.63 7226.63 0.0 103536.4617
7240.77 7240.77 0.0 103532.7307
7254.92 7254.92 0.0 103528.9968
7269.06 7269.06 0.0 103525.2627
7283.2 7283.2 0.0 103521.5264
7297.34 7297.34 0.0 103517.7925
7311.48 7311.48 0.0 103514.0535
7325.63 7325.63 0.0 103510.3123
7339.77 7339.77 0.0 103506.5703
7353.91 7353.91 0.0 103502.8284
7368.05 7368.05 0.0 103499.0847
7382.19 7382.19 0.0 103495.3394
7396.34 7396.34 0.0 103491.5879
7410.48 7410.48 0.0 103487.8389
7424.62 7424.62 0.0 103484.0869
7438.76 7438.76 0.0 103480.3335
7452.91 7452.91 0.0 103476.5764
7467.05 7467.05 0.0 103472.8174
7481.19 7481.19 0.0 103469.0579
7495.33 7495.33 0.0 103465.2979
7509.47 7509.47 0.0 103461.5339
7523.62 7523.62 0.0 103457.7639
7537.76 7537.76 0.0 103453.9958
7551.9 7551.9 0.0 103450.2268
7566.04 7566.04 0.0 103446.4521
7580.18 7580.18 0.0 103442.6772
7594.33 7594.33 0.0 103438.8989
7608.47 7608.47 0.0 103435.1174
7622.61 7622.61 0.0 103431.3367
7636.75 7636.75 0.0 103427.5525
7650.9 7650.9 0.0 103423.7629
7665.04 7665.04 0.0 103419.9753
7679.18 7679.18 0.0 103416.1838
7693.32 7693.32 0.0 103412.3889
7707.46 7707.46 0.0 103408.5952
7721.61 7721.61 0.0 103404.7935
7735.75 7735.75 0.0 103400.9937
7749.89 7749.89 0.0 103397.1909
7764.03 7764.03 0.0 103393.3875
7778.17 7778.17 0.0 103389.5779
