0.0 0.0 0.0 259606.0938
14.1421 14.1421 0.0 1709335.1250
28.2843 28.2843 0.0 1719095.3750
42.4264 42.4264 0.0 1719848.3750
56.5685 56.5685 0.0 1712311.5000
70.7107 70.7107 0.0 1697668.7500
84.8528 84.8528 0.0 1677012.8750
98.9949 98.9949 0.0 1651302.7500
113.137 113.137 0.0 1621381.7500
127.279 127.279 0.0 1588000.0000
141.421 141.421 0.0 1551819.6250
155.563 155.563 0.0 1513426.8750
169.706 169.706 0.0 1473342.0000
183.848 183.848 0.0 1432030.7500
197.99 197.99 0.0 1389895.8750
212.132 212.132 0.0 1347293.8750
226.274 226.274 0.0 1304536.0000
240.416 240.416 0.0 1261893.2500
254.558 254.558 0.0 1219596.2500
268.701 268.701 0.0 1177842.0000
282.843 282.843 0.0 1136803.0000
296.985 296.985 0.0 1096616.3750
311.127 311.127 0.0 1057395.8750
325.269 325.269 0.0 1019234.4375
339.411 339.411 0.0 982201.9375
353.553 353.553 0.0 946353.0000
367.696 367.696 0.0 911723.3750
381.838 381.838 0.0 878341.5625
395.98 395.98 0.0 846216.1250
410.122 410.122 0.0 815349.7500
424.264 424.264 0.0 785734.0625
438.406 438.406 0.0 757354.3750
452.548 452.548 0.0 730188.9375
466.69 466.69 0.0 704211.5000
480.833 480.833 0.0 679389.8125
494.975 494.975 0.0 655692.5625
509.117 509.117 0.0 633082.1250
523.259 523.259 0.0 611520.3750
537.401 537.401 0.0 590967.3438
551.543 551.543 0.0 571383.2812
565.685 565.685 0.0 552728.0312
579.828 579.828 0.0 534959.6875
593.97 593.97 0.0 518041.0000
608.112 608.112 0.0 501931.7812
622.254 622.254 0.0 486593.7500
636.396 636.396 0.0 471989.5000
650.538 650.538 0.0 458083.2500
664.68 664.68 0.0 444840.0938
678.823 678.823 0.0 432225.8438
692.965 692.965 0.0 420210.2812
707.107 707.107 0.0 408761.7188
721.249 721.249 0.0 397850.5625
735.391 735.391 0.0 387449.3125
749.533 749.533 0.0 377531.2500
763.675 763.675 0.0 368071.0938
777.817 777.817 0.0 359044.9688
791.96 791.96 0.0 350429.4375
806.102 806.102 0.0 342204.2656
820.244 820.244 0.0 334348.6406
834.386 834.386 0.0 326843.2031
848.528 848.528 0.0 319669.8594
862.67 862.67 0.0 312811.2656
876.812 876.812 0.0 306251.3750
890.955 890.955 0.0 299974.3594
905.097 905.097 0.0 293966.8594
919.239 919.239 0.0 288214.6562
933.381 933.381 0.0 282704.8438
947.523 947.523 0.0 277425.3281
961.665 961.665 0.0 272364.8281
975.807 975.807 0.0 267512.3125
989.949 989.949 0.0 262857.7188
1004.09 1004.09 0.0 258391.7344
1018.23 1018.23 0.0 254105.1562
1032.38 1032.38 0.0 249986.3594
1046.52 1046.52 0.0 246032.8906
1060.66 1060.66 0.0 242234.1562
1074.8 1074.8 0.0 238582.9844
1088.94 1088.94 0.0 235072.4844
1103.09 1103.09 0.0 231693.7266
1117.23 1117.23 0.0 228445.4219
1131.37 1131.37 0.0 225319.2812
1145.51 1145.51 0.0 222309.7891
1159.66 1159.66 0.0 219409.7344
1173.8 1173.8 0.0 216618.1875
1187.94 1187.94 0.0 213928.3906
1202.08 1202.08 0.0 211335.7734
1216.22 1216.22 0.0 208836.1719
1230.37 1230.37 0.0 206423.7969
1244.51 1244.51 0.0 204098.2344
1258.65 1258.65 0.0 201854.1328
1272.79 1272.79 0.0 199687.9062
1286.93 1286.93 0.0 197596.2969
1301.08 1301.08 0.0 195574.7188
1315.22 1315.22 0.0 193623.0078
1329.36 1329.36 0.0 191736.8125
1343.5 1343.5 0.0 189913.3906
1357.65 1357.65 0.0 188148.9219
1371.79 1371.79 0.0 186443.3594
1385.93 1385.93 0.0 184793.1328
1400.07 1400.07 0.0 183195.8828
1414.21 1414.21 0.0 181649.4062
1428.36 1428.36 0.0 180150.6797
1442.5 1442.5 0.0 178699.7266
1456.64 1456.64 0.0 177293.6641
1470.78 1470.78 0.0 175930.5938
1484.92 1484.92 0.0 174608.7969
1499.07 1499.07 0.0 173325.7969
1513.21 1513.21 0.0 172081.7188
1527.35 1527.35 0.0 170874.1797
1541.49 1541.49 0.0 169701.7188
1555.63 1555.63 0.0 168562.9297
1569.78 1569.78 0.0 167455.7422
1583.92 1583.92 0.0 166380.4609
1598.06 1598.06 0.0 165335.0391
1612.2 1612.2 0.0 164318.3398
1626.35 1626.35 0.0 163328.5742
1640.49 1640.49 0.0 162366.0703
1654.63 1654.63 0.0 161429.1016
1668.77 1668.77 0.0 160516.7227
1682.91 1682.91 0.0 159627.9805
1697.06 1697.06 0.0 158761.4023
1711.2 1711.2 0.0 157917.3672
1725.34 1725.34 0.0 157094.4258
1739.48 1739.48 0.0 156291.8594
1753.62 1753.62 0.0 155508.8789
1767.77 1767.77 0.0 154744.2656
1781.91 1781.91 0.0 153998.4219
1796.05 1796.05 0.0 153270.1523
1810.19 1810.19 0.0 152558.8438
1824.34 1824.34 0.0 151863.4453
1838.48 1838.48 0.0 151184.3516
1852.62 1852.62 0.0 150520.5156
1866.76 1866.76 0.0 149871.4609
1880.9 1880.9 0.0 149236.6602
1895.05 1895.05 0.0 148615.2500
1909.19 1909.19 0.0 148007.6211
1923.33 1923.33 0.0 147412.8984
1937.47 1937.47 0.0 146830.7227
1951.61 1951.61 0.0 146260.6445
1965.76 1965.76 0.0 145701.9062
1979.9 1979.9 0.0 145154.9609
1994.04 1994.04 0.0 144619.0352
2008.18 2008.18 0.0 144093.8320
2022.33 2022.33 0.0 143578.6445
2036.47 2036.47 0.0 143073.9141
2050.61 2050.61 0.0 142578.9805
2064.75 2064.75 0.0 142093.5391
2078.89 2078.89 0.0 141617.3633
2093.04 2093.04 0.0 141149.8516
2107.18 2107.18 0.0 140691.4102
2121.32 2121.32 0.0 140241.4805
2135.46 2135.46 0.0 139799.8281
2149.6 2149.6 0.0 139366.2383
2163.75 2163.75 0.0 138940.2070
2177.89 2177.89 0.0 138522.1250
2192.03 2192.03 0.0 138111.5000
2206.17 2206.17 0.0 137708.1250
2220.32 2220.32 0.0 137311.5938
2234.46 2234.46 0.0 136922.2305
2248.6 2248.6 0.0 136539.6445
2262.74 2262.74 0.0 136163.6133
2276.88 2276.88 0.0 135794.0312
2291.03 2291.03 0.0 135430.4688
2305.17 2305.17 0.0 135073.2930
2319.31 2319.31 0.0 134722.1289
2333.45 2333.45 0.0 134376.8164
2347.59 2347.59 0.0 134037.2402
2361.74 2361.74 0.0 133703.0469
2375.88 2375.88 0.0 133374.5410
2390.02 2390.02 0.0 133051.4238
2404.16 2404.16 0.0 132733.5410
2418.31 2418.31 0.0 132420.5879
2432.45 2432.45 0.0 132112.8730
2446.59 2446.59 0.0 131810.0879
2460.73 2460.73 0.0 131512.1328
2474.87 2474.87 0.0 131218.8984
2489.02 2489.02 0.0 130930.0859
2503.16 2503.16 0.0 130646.0137
2517.3 2517.3 0.0 130366.4004
2531.44 2531.44 0.0 130091.1348
2545.58 2545.58 0.0 129820.1484
2559.73 2559.73 0.0 129553.1582
2573.87 2573.87 0.0 129290.4707
2588.01 2588.01 0.0 129031.8203
2602.15 2602.15 0.0 128777.1211
2616.3 2616.3 0.0 128526.1230
2630.44 2630.44 0.0 128279.1172
2644.58 2644.58 0.0 128035.8398
2658.72 2658.72 0.0 127796.2324
2672.86 2672.86 0.0 127560.2246
2687.01 2687.01 0.0 127327.5820
2701.15 2701.15 0.0 127098.5898
2715.29 2715.29 0.0 126873.0117
2729.43 2729.43 0.0 126650.7676
2743.57 2743.57 0.0 126431.7930
2757.72 2757.72 0.0 126215.9199
2771.86 2771.86 0.0 126003.3750
2786.0 2786.0 0.0 125793.9336
2800.14 2800.14 0.0 125587.5605
2814.28 2814.28 0.0 125384.1855
2828.43 2828.43 0.0 125183.6328
2842.57 2842.57 0.0 124986.1172
2856.71 2856.71 0.0 124791.4805
2870.85 2870.85 0.0 124599.6328
2885.0 2885.0 0.0 124410.4199
2899.14 2899.14 0.0 124224.0332
2913.28 2913.28 0.0 124040.3340
2927.42 2927.42 0.0 123859.2500
2941.56 2941.56 0.0 123680.7383
2955.71 2955.71 0.0 123504.6426
2969.85 2969.85 0.0 123331.1660
2983.99 2983.99 0.0 123160.1250
2998.13 2998.13 0.0 122991.5020
3012.27 3012.27 0.0 122825.2500
3026.42 3026.42 0.0 122661.2148
3040.56 3040.56 0.0 122499.5840
3054.7 3054.7 0.0 122340.2148
3068.84 3068.84 0.0 122183.0508
3082.99 3082.99 0.0 122027.9746
3097.13 3097.13 0.0 121875.1445
3111.27 3111.27 0.0 121724.4453
3125.41 3125.41 0.0 121575.8066
3139.55 3139.55 0.0 121429.2090
3153.7 3153.7 0.0 121284.5293
3167.84 3167.84 0.0 121141.9277
3181.98 3181.98 0.0 121001.2734
3196.12 3196.12 0.0 120862.5312
3210.26 3210.26 0.0 120725.6895
3224.41 3224.41 0.0 120590.5996
3238.55 3238.55 0.0 120457.4355
3252.69 3252.69 0.0 120326.0605
3266.83 3266.83 0.0 120196.4629
3280.98 3280.98 0.0 120068.5098
3295.12 3295.12 0.0 119942.3691
3309.26 3309.26 0.0 119817.9121
3323.4 3323.4 0.0 119695.1133
3337.54 3337.54 0.0 119573.9531
3351.69 3351.69 0.0 119454.3125
3365.83 3365.83 0.0 119336.3359
3379.97 3379.97 0.0 119219.9316
3394.11 3394.11 0.0 119105.0527
3408.25 3408.25 0.0 118991.6914
3422.4 3422.4 0.0 118879.7441
3436.54 3436.54 0.0 118769.3242
3450.68 3450.68 0.0 118660.3613
3464.82 3464.82 0.0 118552.8086
3478.97 3478.97 0.0 118446.5801
3493.11 3493.11 0.0 118341.8125
3507.25 3507.25 0.0 118238.3926
3521.39 3521.39 0.0 118136.3047
3535.53 3535.53 0.0 118035.5469
3549.68 3549.68 0.0 117935.9922
3563.82 3563.82 0.0 117837.7930
3577.96 3577.96 0.0 117740.8438
3592.1 3592.1 0.0 117645.1426
3606.24 3606.24 0.0 117550.6357
3620.39 3620.39 0.0 117457.2803
3634.53 3634.53 0.0 117365.1729
3648.67 3648.67 0.0 117274.2217
3662.81 3662.81 0.0 117184.4160
3676.96 3676.96 0.0 117095.6738
3691.1 3691.1 0.0 117008.1143
3705.24 3705.24 0.0 116921.6436
3719.38 3719.38 0.0 116836.2529
3733.52 3733.52 0.0 116751.9180
3747.67 3747.67 0.0 116668.5752
3761.81 3761.81 0.0 116586.3145
3775.95 3775.95 0.0 116505.0889
3790.09 3790.09 0.0 116424.8350
3804.23 3804.23 0.0 116345.5850
3818.38 3818.38 0.0 116267.2422
3832.52 3832.52 0.0 116189.9102
3846.66 3846.66 0.0 116113.5225
3860.8 3860.8 0.0 116038.0742
3874.95 3874.95 0.0 115963.4717
3889.09 3889.09 0.0 115889.8242
3903.23 3903.23 0.0 115817.0664
3917.37 3917.37 0.0 115745.1885
3931.51 3931.51 0.0 115674.1650
3945.66 3945.66 0.0 115603.9434
3959.8 3959.8 0.0 115534.6094
3973.94 3973.94 0.0 115466.0898
3988.08 3988.08 0.0 115398.3848
4002.22 4002.22 0.0 115331.4932
4016.37 4016.37 0.0 115265.3262
4030.51 4030.51 0.0 115199.9941
4044.65 4044.65 0.0 115135.4268
4058.79 4058.79 0.0 115071.6113
4072.94 4072.94 0.0 115008.5049
4087.08 4087.08 0.0 114946.1621
4101.22 4101.22 0.0 114884.5508
4115.36 4115.36 0.0 114823.6387
4129.5 4129.5 0.0 114763.4453
4143.65 4143.65 0.0 114703.8848
4157.79 4157.79 0.0 114645.0664
4171.93 4171.93 0.0 114586.9004
4186.07 4186.07 0.0 114529.4121
4200.21 4200.21 0.0 114472.5693
4214.36 4214.36 0.0 114416.3301
4228.5 4228.5 0.0 114360.7617
4242.64 4242.64 0.0 114305.8350
4256.78 4256.78 0.0 114251.5107
4270.92 4270.92 0.0 114197.7900
4285.07 4285.07 0.0 114144.6445
4299.21 4299.21 0.0 114092.1152
4313.35 4313.35 0.0 114040.1738
4327.49 4327.49 0.0 113988.8018
4341.64 4341.64 0.0 113937.9600
4355.78 4355.78 0.0 113887.7129
4369.92 4369.92 0.0 113838.0205
4384.06 4384.06 0.0 113788.8672
4398.2 4398.2 0.0 113740.2451
4412.35 4412.35 0.0 113692.1230
4426.49 4426.49 0.0 113644.5547
4440.63 4440.63 0.0 113597.4873
4454.77 4454.77 0.0 113550.9355
4468.91 4468.91 0.0 113504.8760
4483.06 4483.06 0.0 113459.2832
4497.2 4497.2 0.0 113414.1963
4511.34 4511.34 0.0 113369.5977
4525.48 4525.48 0.0 113325.4688
4539.63 4539.63 0.0 113281.7676
4553.77 4553.77 0.0 113238.5508
4567.91 4567.91 0.0 113195.7939
4582.05 4582.05 0.0 113153.4814
4596.19 4596.19 0.0 113111.6094
4610.34 4610.34 0.0 113070.1348
4624.48 4624.48 0.0 113029.1260
4638.62 4638.62 0.0 112988.5371
4652.76 4652.76 0.0 112948.3594
4666.9 4666.9 0.0 112908.5928
4681.05 4681.05 0.0 112869.2129
4695.19 4695.19 0.0 112830.2451
4709.33 4709.33 0.0 112791.6787
4723.47 4723.47 0.0 112753.4912
4737.62 4737.62 0.0 112715.6660
4751.76 4751.76 0.0 112678.2480
4765.9 4765.9 0.0 112641.1973
4780.04 4780.04 0.0 112604.5186
4794.18 4794.18 0.0 112568.1973
4808.33 4808.33 0.0 112532.2119
4822.47 4822.47 0.0 112496.6045
4836.61 4836.61 0.0 112461.3320
4850.75 4850.75 0.0 112426.4170
4864.89 4864.89 0.0 112391.8369
4879.04 4879.04 0.0 112357.5615
4893.18 4893.18 0.0 112323.6494
4907.32 4907.32 0.0 112290.0527
4921.46 4921.46 0.0 112256.7812
4935.61 4935.61 0.0 112223.8027
4949.75 4949.75 0.0 112191.1641
4963.89 4963.89 0.0 112158.8281
4978.03 4978.03 0.0 112126.7930
4992.17 4992.17 0.0 112095.0566
5006.32 5006.32 0.0 112063.5967
5020.46 5020.46 0.0 112032.4570
5034.6 5034.6 0.0 112001.5928
5048.74 5048.74 0.0 111971.0244
5062.88 5062.88 0.0 111940.7246
5077.03 5077.03 0.0 111910.6875
5091.17 5091.17 0.0 111880.9443
5105.31 5105.31 0.0 111851.4688
5119.45 5119.45 0.0 111822.2598
5133.6 5133.6 0.0 111793.2852
5147.74 5147.74 0.0 111764.5938
5161.88 5161.88 0.0 111736.1631
5176.02 5176.02 0.0 111707.9814
5190.16 5190.16 0.0 111680.0479
5204.31 5204.31 0.0 111652.3252
5218.45 5218.45 0.0 111624.8887
5232.59 5232.59 0.0 111597.6729
5246.73 5246.73 0.0 111570.6953
5260.87 5260.87 0.0 111543.9580
5275.02 5275.02 0.0 111517.4258
5289.16 5289.16 0.0 111491.1406
5303.3 5303.3 0.0 111465.0762
5317.44 5317.44 0.0 111439.2275
5331.59 5331.59 0.0 111413.5869
5345.73 5345.73 0.0 111388.1748
5359.87 5359.87 0.0 111362.9785
5374.01 5374.01 0.0 111337.9912
5388.15 5388.15 0.0 111313.2090
5402.3 5402.3 0.0 111288.6143
5416.44 5416.44 0.0 111264.2314
5430.58 5430.58 0.0 111240.0498
5444.72 5444.72 0.0 111216.0674
5458.86 5458.86 0.0 111192.2627
5473.01 5473.01 0.0 111168.6475
5487.15 5487.15 0.0 111145.2422
5501.29 5501.29 0.0 111122.0039
5515.43 5515.43 0.0 111098.9629
5529.58 5529.58 0.0 111076.0801
5543.72 5543.72 0.0 111053.3916
5557.86 5557.86 0.0 111030.8848
5572.0 5572.0 0.0 111008.5449
5586.14 5586.14 0.0 110986.3789
5600.29 5600.29 0.0 110964.3662
5614.43 5614.43 0.0 110942.5439
5628.57 5628.57 0.0 110920.8799
5642.71 5642.71 0.0 110899.3730
5656.85 5656.85 0.0 110878.0371
5671.0 5671.0 0.0 110856.8398
5685.14 5685.14 0.0 110835.8105
5699.28 5699.28 0.0 110814.9395
5713.42 5713.42 0.0 110794.2227
5727.56 5727.56 0.0 110773.6533
5741.71 5741.71 0.0 110753.2178
5755.85 5755.85 0.0 110732.9434
5769.99 5769.99 0.0 110712.8184
5784.13 5784.13 0.0 110692.8252
5798.28 5798.28 0.0 110672.9727
5812.42 5812.42 0.0 110653.2627
5826.56 5826.56 0.0 110633.7002
5840.7 5840.7 0.0 110614.2637
5854.84 5854.84 0.0 110594.9639
5868.99 5868.99 0.0 110575.7822
5883.13 5883.13 0.0 110556.7461
5897.27 5897.27 0.0 110537.8369
5911.41 5911.41 0.0 110519.0605
5925.55 5925.55 0.0 110500.4014
5939.7 5939.7 0.0 110481.8545
5953.84 5953.84 0.0 110463.4434
5967.98 5967.98 0.0 110445.1533
5982.12 5982.12 0.0 110426.9844
5996.27 5996.27 0.0 110408.9209
6010.41 6010.41 0.0 110390.9834
6024.55 6024.55 0.0 110373.1592
6038.69 6038.69 0.0 110355.4473
6052.83 6052.83 0.0 110337.8467
6066.98 6066.98 0.0 110320.3467
6081.12 6081.12 0.0 110302.9678
6095.26 6095.26 0.0 110285.6934
6109.4 6109.4 0.0 110268.5254
6123.54 6123.54 0.0 110251.4619
6137.69 6137.69 0.0 110234.4893
6151.83 6151.83 0.0 110217.6338
6165.97 6165.97 0.0 110200.8730
6180.11 6180.11 0.0 110184.2197
6194.26 6194.26 0.0 110167.6387
6208.4 6208.4 0.0 110151.1738
6222.54 6222.54 0.0 110134.8047
6236.68 6236.68 0.0 110118.5342
6250.82 6250.82 0.0 110102.3506
6264.97 6264.97 0.0 110086.2471
6279.11 6279.11 0.0 110070.2480
6293.25 6293.25 0.0 110054.3398
6307.39 6307.39 0.0 110038.5186
6321.53 6321.53 0.0 110022.7754
6335.68 6335.68 0.0 110007.1191
6349.82 6349.82 0.0 109991.5459
6363.96 6363.96 0.0 109976.0605
6378.1 6378.1 0.0 109960.6670
6392.25 6392.25 0.0 109945.3418
6406.39 6406.39 0.0 109930.1064
6420.53 6420.53 0.0 109914.9453
6434.67 6434.67 0.0 109899.8682
6448.81 6448.81 0.0 109884.8662
6462.96 6462.96 0.0 109869.9316
6477.1 6477.1 0.0 109855.0781
6491.24 6491.24 0.0 109840.3086
6505.38 6505.38 0.0 109825.6035
6519.52 6519.52 0.0 109810.9717
6533.67 6533.67 0.0 109796.4082
6547.81 6547.81 0.0 109781.9180
6561.95 6561.95 0.0 109767.4951
6576.09 6576.09 0.0 109753.1484
6590.24 6590.24 0.0 109738.8564
6604.38 6604.38 0.0 109724.6377
6618.52 6618.52 0.0 109710.4941
6632.66 6632.66 0.0 109696.4160
6646.8 6646.8 0.0 109682.3984
6660.95 6660.95 0.0 109668.4326
6675.09 6675.09 0.0 109654.5420
6689.23 6689.23 0.0 109640.7100
6703.37 6703.37 0.0 109626.9434
6717.51 6717.51 0.0 109613.2363
6731.66 6731.66 0.0 109599.5859
6745.8 6745.8 0.0 109585.9941
6759.94 6759.94 0.0 109572.4580
6774.08 6774.08 0.0 109558.9854
6788.23 6788.23 0.0 109545.5605
6802.37 6802.37 0.0 109532.2012
6816.51 6816.51 0.0 109518.8867
6830.65 6830.65 0.0 109505.6436
6844.79 6844.79 0.0 109492.4458
6858.94 6858.94 0.0 109479.2881
6873.08 6873.08 0.0 109466.1982
6887.22 6887.22 0.0 109453.1597
6901.36 6901.36 0.0 109440.1733
6915.5 6915.5 0.0 109427.2383
6929.65 6929.65 0.0 109414.3311
6943.79 6943.79 0.0 109401.4980
6957.93 6957.93 0.0 109388.7012
6972.07 6972.07 0.0 109375.9663
6986.21 6986.21 0.0 109363.2666
7000.36 7000.36 0.0 109350.6016
7014.5 7014.5 0.0 109337.9990
7028.64 7028.64 0.0 109325.4473
7042.78 7042.78 0.0 109312.9321
7056.93 7056.93 0.0 109300.4570
7071.07 7071.07 0.0 109288.0317
7085.21 7085.21 0.0 109275.6514
7099.35 7099.35 0.0 109263.3125
7113.49 7113.49 0.0 109251.0122
7127.64 7127.64 0.0 109238.7451
7141.78 7141.78 0.0 109226.5352
7155.92 7155.92 0.0 109214.3628
7170.06 7170.06 0.0 109202.2280
7184.2 7184.2 0.0 109190.1372
7198.35 7198.35 0.0 109178.0767
7212.49 7212.49 0.0 109166.0610
7226.63 7226.63 0.0 109154.0811
7240.77 7240.77 0.0 109142.1304
7254.92 7254.92 0.0 109130.2217
7269.06 7269.06 0.0 109118.3599
7283.2 7283.2 0.0 109106.5234
7297.34 7297.34 0.0 109094.7339
7311.48 7311.48 0.0 109082.9736
7325.63 7325.63 0.0 109071.2383
7339.77 7339.77 0.0 109059.5464
7353.91 7353.91 0.0 109047.8945
7368.05 7368.05 0.0 109036.2710
7382.19 7382.19 0.0 109024.6792
7396.34 7396.34 0.0 109013.1084
7410.48 7410.48 0.0 109001.5918
7424.62 7424.62 0.0 108990.0952
7438.76 7438.76 0.0 108978.6313
7452.91 7452.91 0.0 108967.1987
7467.05 7467.05 0.0 108955.7974
7481.19 7481.19 0.0 108944.4243
7495.33 7495.33 0.0 108933.0928
7509.47 7509.47 0.0 108921.7783
7523.62 7523.62 0.0 108910.4878
7537.76 7537.76 0.0 108899.2354
7551.9 7551.9 0.0 108888.0107
7566.04 7566.04 0.0 108876.8169
7580.18 7580.18 0.0 108865.6470
7594.33 7594.33 0.0 108854.5005
7608.47 7608.47 0.0 108843.3955
7622.61 7622.61 0.0 108832.2993
7636.75 7636.75 0.0 108821.2441
7650.9 7650.9 0.0 108810.2061
7665.04 7665.04 0.0 108799.1978
7679.18 7679.18 0.0 108788.2129
7693.32 7693.32 0.0 108777.2583
7707.46 7707.46 0.0 108766.3198
7721.61 7721.61 0.0 108755.4072
7735.75 7735.75 0.0 108744.5259
7749.89 7749.89 0.0 108733.6704
7764.03 7764.03 0.0 108722.8340
7778.17 7778.17 0.0 108712.0205
