0.0 0.0 0.0 259842.5156
14.1421 14.1421 0.0 1378058.6250
28.2843 28.2843 0.0 1007254.9375
42.4264 42.4264 0.0 692719.0625
56.5685 56.5685 0.0 493605.4688
70.7107 70.7107 0.0 376420.4375
84.8528 84.8528 0.0 305925.4375
98.9949 98.9949 0.0 261007.6094
113.137 113.137 0.0 230513.8672
127.279 127.279 0.0 208607.1562
141.421 141.421 0.0 192131.0000
155.563 155.563 0.0 179294.1562
169.706 169.706 0.0 169022.5469
183.848 183.848 0.0 160638.5547
197.99 197.99 0.0 153689.3398
212.132 212.132 0.0 147859.8750
226.274 226.274 0.0 142922.1641
240.416 240.416 0.0 138705.8086
254.558 254.558 0.0 135080.2734
268.701 268.701 0.0 131943.3926
282.843 282.843 0.0 129214.5879
296.985 296.985 0.0 126828.5625
311.127 311.127 0.0 124732.4258
325.269 325.269 0.0 122882.8516
339.411 339.411 0.0 121244.0977
353.553 353.553 0.0 119786.4727
367.696 367.696 0.0 118485.0977
381.838 381.838 0.0 117319.3027
395.98 395.98 0.0 116271.4365
410.122 410.122 0.0 115326.5801
424.264 424.264 0.0 114472.0537
438.406 438.406 0.0 113697.0303
452.548 452.548 0.0 112992.1758
466.69 466.69 0.0 112349.4980
480.833 480.833 0.0 111762.0137
494.975 494.975 0.0 111223.8096
509.117 509.117 0.0 110729.6035
523.259 523.259 0.0 110274.8223
537.401 537.401 0.0 109855.4834
551.543 551.543 0.0 109468.0664
565.685 565.685 0.0 109109.4653
579.828 579.828 0.0 108776.9360
593.97 593.97 0.0 108468.0986
608.112 608.112 0.0 108180.7744
622.254 622.254 0.0 107913.0547
636.396 636.396 0.0 107663.2275
650.538 650.538 0.0 107429.7686
664.68 664.68 0.0 107211.2944
678.823 678.823 0.0 107006.5762
692.965 692.965 0.0 106814.5200
707.107 707.107 0.0 106634.1226
721.249 721.249 0.0 106464.4712
735.391 735.391 0.0 106304.7446
749.533 749.533 0.0 106154.2095
763.675 763.675 0.0 106012.1807
777.817 777.817 0.0 105878.0483
791.96 791.96 0.0 105751.2451
806.102 806.102 0.0 105631.2734
820.244 820.244 0.0 105517.6538
834.386 834.386 0.0 105409.9541
848.528 848.528 0.0 105307.7856
862.67 862.67 0.0 105210.7905
876.812 876.812 0.0 105118.6279
890.955 890.955 0.0 105030.9834
905.097 905.097 0.0 104947.5911
919.239 919.239 0.0 104868.1858
933.381 933.381 0.0 104792.5195
947.523 947.523 0.0 104720.3672
961.665 961.665 0.0 104651.5259
975.807 975.807 0.0 104585.8008
989.949 989.949 0.0 104523.0149
1004.09 1004.09 0.0 104463.0022
1018.23 1018.23 0.0 104405.6116
1032.38 1032.38 0.0 104350.6528
1046.52 1046.52 0.0 104298.0698
1060.66 1060.66 0.0 104247.6978
1074.8 1074.8 0.0 104199.4175
1088.94 1088.94 0.0 104153.1226
1103.09 1103.09 0.0 104108.6760
1117.23 1117.23 0.0 104066.0427
1131.37 1131.37 0.0 104025.1045
1145.51 1145.51 0.0 103985.7744
1159.66 1159.66 0.0 103947.9500
1173.8 1173.8 0.0 103911.5994
1187.94 1187.94 0.0 103876.6379
1202.08 1202.08 0.0 103842.9888
1216.22 1216.22 0.0 103810.5945
1230.37 1230.37 0.0 103779.3743
1244.51 1244.51 0.0 103749.3154
1258.65 1258.65 0.0 103720.3430
1272.79 1272.79 0.0 103692.4062
1286.93 1286.93 0.0 103665.4602
1301.08 1301.08 0.0 103639.4424
1315.22 1315.22 0.0 103614.3435
1329.36 1329.36 0.0 103590.1111
1343.5 1343.5 0.0 103566.7014
1357.65 1357.65 0.0 103544.0681
1371.79 1371.79 0.0 103522.2046
1385.93 1385.93 0.0 103501.0637
1400.07 1400.07 0.0 103480.6157
1414.21 1414.21 0.0 103460.8318
1428.36 1428.36 0.0 103441.6719
1442.5 1442.5 0.0 103423.1304
1456.64 1456.64 0.0 103405.1770
1470.78 1470.78 0.0 103387.7820
1484.92 1484.92 0.0 103370.9230
1499.07 1499.07 0.0 103354.5680
1513.21 1513.21 0.0 103338.7188
1527.35 1527.35 0.0 103323.3442
1541.49 1541.49 0.0 103308.4252
1555.63 1555.63 0.0 103293.9468
1569.78 1569.78 0.0 103279.8756
1583.92 1583.92 0.0 103266.2173
1598.06 1598.06 0.0 103252.9484
1612.2 1612.2 0.0 103240.0509
1626.35 1626.35 0.0 103227.5034
1640.49 1640.49 0.0 103215.3099
1654.63 1654.63 0.0 103203.4470
1668.77 1668.77 0.0 103191.9038
1682.91 1682.91 0.0 103180.6639
1697.06 1697.06 0.0 103169.7133
1711.2 1711.2 0.0 103159.0525
1725.34 1725.34 0.0 103148.6633
1739.48 1739.48 0.0 103138.5363
1753.62 1753.62 0.0 103128.6620
1767.77 1767.77 0.0 103119.0236
1781.91 1781.91 0.0 103109.6244
1796.05 1796.05 0.0 103100.4504
1810.19 1810.19 0.0 103091.4935
1824.34 1824.34 0.0 103082.7374
1838.48 1838.48 0.0 103074.1891
1852.62 1852.62 0.0 103065.8331
1866.76 1866.76 0.0 103057.6631
1880.9 1880.9 0.0 103049.6710
1895.05 1895.05 0.0 103041.8451
1909.19 1909.19 0.0 103034.1923
1923.33 1923.33 0.0 103026.6976
1937.47 1937.47 0.0 103019.3575
1951.61 1951.61 0.0 103012.1649
1965.76 1965.76 0.0 103005.1085
1979.9 1979.9 0.0 102998.1979
1994.04 1994.04 0.0 102991.4172
2008.18 2008.18 0.0 102984.7631
2022.33 2022.33 0.0 102978.2283
2036.47 2036.47 0.0 102971.8149
2050.61 2050.61 0.0 102965.5155
2064.75 2064.75 0.0 102959.3268
2078.89 2078.89 0.0 102953.2426
2093.04 2093.04 0.0 102947.2561
2107.18 2107.18 0.0 102941.3724
2121.32 2121.32 0.0 102935.5823
2135.46 2135.46 0.0 102929.8846
2149.6 2149.6 0.0 102924.2727
2163.75 2163.75 0.0 102918.7428
2177.89 2177.89 0.0 102913.2999
2192.03 2192.03 0.0 102907.9330
2206.17 2206.17 0.0 102902.6412
2220.32 2220.32 0.0 102897.4205
2234.46 2234.46 0.0 102892.2721
2248.6 2248.6 0.0 102887.1935
2262.74 2262.74 0.0 102882.1788
2276.88 2276.88 0.0 102877.2275
2291.03 2291.03 0.0 102872.3340
2305.17 2305.17 0.0 102867.5045
2319.31 2319.31 0.0 102862.7303
2333.45 2333.45 0.0 102858.0117
2347.59 2347.59 0.0 102853.3448
2361.74 2361.74 0.0 102848.7268
2375.88 2375.88 0.0 102844.1620
2390.02 2390.02 0.0 102839.6447
2404.16 2404.16 0.0 102835.1746
2418.31 2418.31 0.0 102830.7443
2432.45 2432.45 0.0 102826.3606
2446.59 2446.59 0.0 102822.0203
2460.73 2460.73 0.0 102817.7202
2474.87 2474.87 0.0 102813.4589
2489.02 2489.02 0.0 102809.2336
2503.16 2503.16 0.0 102805.0471
2517.3 2517.3 0.0 102800.8978
2531.44 2531.44 0.0 102796.7826
2545.58 2545.58 0.0 102792.7024
2559.73 2559.73 0.0 102788.6514
2573.87 2573.87 0.0 102784.6348
2588.01 2588.01 0.0 102780.6479
2602.15 2602.15 0.0 102776.6949
2616.3 2616.3 0.0 102772.7657
2630.44 2630.44 0.0 102768.8700
2644.58 2644.58 0.0 102765.0018
2658.72 2658.72 0.0 102761.1603
2672.86 2672.86 0.0 102757.3469
2687.01 2687.01 0.0 102753.5573
2701.15 2701.15 0.0 102749.7952
2715.29 2715.29 0.0 102746.0580
2729.43 2729.43 0.0 102742.3425
2743.57 2743.57 0.0 102738.6558
2757.72 2757.72 0.0 102734.9873
2771.86 2771.86 0.0 102731.3473
2786.0 2786.0 0.0 102727.7252
2800.14 2800.14 0.0 102724.1298
2814.28 2814.28 0.0 102720.5529
2828.43 2828.43 0.0 102716.9971
2842.57 2842.57 0.0 102713.4662
2856.71 2856.71 0.0 102709.9542
2870.85 2870.85 0.0 102706.4629
2885.0 2885.0 0.0 102702.9904
2899.14 2899.14 0.0 102699.5409
2913.28 2913.28 0.0 102696.1089
2927.42 2927.42 0.0 102692.6975
2941.56 2941.56 0.0 102689.3069
2955.71 2955.71 0.0 102685.9326
2969.85 2969.85 0.0 102682.5786
2983.99 2983.99 0.0 102679.2435
2998.13 2998.13 0.0 102675.9274
3012.27 3012.27 0.0 102672.6309
3026.42 3026.42 0.0 102669.3490
3040.56 3040.56 0.0 102666.0878
3054.7 3054.7 0.0 102662.8441
3068.84 3068.84 0.0 102659.6189
3082.99 3082.99 0.0 102656.4092
3097.13 3097.13 0.0 102653.2188
3111.27 3111.27 0.0 102650.0471
3125.41 3125.41 0.0 102646.8918
3139.55 3139.55 0.0 102643.7549
3153.7 3153.7 0.0 102640.6322
3167.84 3167.84 0.0 102637.5288
3181.98 3181.98 0.0 102634.4432
3196.12 3196.12 0.0 102631.3738
3210.26 3210.26 0.0 102628.3220
3224.41 3224.41 0.0 102625.2848
3238.55 3238.55 0.0 102622.2659
3252.69 3252.69 0.0 102619.2637
3266.83 3266.83 0.0 102616.2788
3280.98 3280.98 0.0 102613.3090
3295.12 3295.12 0.0 102610.3564
3309.26 3309.26 0.0 102607.4209
3323.4 3323.4 0.0 102604.5007
3337.54 3337.54 0.0 102601.5981
3351.69 3351.69 0.0 102598.7100
3365.83 3365.83 0.0 102595.8392
3379.97 3379.97 0.0 102592.9846
3394.11 3394.11 0.0 102590.1466
3408.25 3408.25 0.0 102587.3234
3422.4 3422.4 0.0 102584.5155
3436.54 3436.54 0.0 102581.7253
3450.68 3450.68 0.0 102578.9508
3464.82 3464.82 0.0 102576.1919
3478.97 3478.97 0.0 102573.4463
3493.11 3493.11 0.0 102570.7185
3507.25 3507.25 0.0 102568.0061
3521.39 3521.39 0.0 102565.3104
3535.53 3535.53 0.0 102562.6288
3549.68 3549.68 0.0 102559.9611
3563.82 3563.82 0.0 102557.3103
3577.96 3577.96 0.0 102554.6746
3592.1 3592.1 0.0 102552.0551
3606.24 3606.24 0.0 102549.4492
3620.39 3620.39 0.0 102546.8578
3634.53 3634.53 0.0 102544.2833
3648.67 3648.67 0.0 102541.7213
3662.81 3662.81 0.0 102539.1774
3676.96 3676.96 0.0 102536.6445
3691.1 3691.1 0.0 102534.1272
3705.24 3705.24 0.0 102531.6240
3719.38 3719.38 0.0 102529.1373
3733.52 3733.52 0.0 102526.6643
3747.67 3747.67 0.0 102524.2034
3761.81 3761.81 0.0 102521.7587
3775.95 3775.95 0.0 102519.3270
3790.09 3790.09 0.0 102516.9106
3804.23 3804.23 0.0 102514.5070
3818.38 3818.38 0.0 102512.1160
3832.52 3832.52 0.0 102509.7412
3846.66 3846.66 0.0 102507.3779
3860.8 3860.8 0.0 102505.0294
3874.95 3874.95 0.0 102502.6913
3889.09 3889.09 0.0 102500.3701
3903.23 3903.23 0.0 102498.0602
3917.37 3917.37 0.0 102495.7637
3931.51 3931.51 0.0 102493.4795
3945.66 3945.66 0.0 102491.2085
3959.8 3959.8 0.0 102488.9500
3973.94 3973.94 0.0 102486.7028
3988.08 3988.08 0.0 102484.4695
4002.22 4002.22 0.0 102482.2487
4016.37 4016.37 0.0 102480.0393
4030.51 4030.51 0.0 102477.8407
4044.65 4044.65 0.0 102475.6550
4058.79 4058.79 0.0 102473.4823
4072.94 4072.94 0.0 102471.3197
4087.08 4087.08 0.0 102469.1703
4101.22 4101.22 0.0 102467.0300
4115.36 4115.36 0.0 102464.9022
4129.5 4129.5 0.0 102462.7863
4143.65 4143.65 0.0 102460.6794
4157.79 4157.79 0.0 102458.5840
4171.93 4171.93 0.0 102456.5001
4186.07 4186.07 0.0 102454.4265
4200.21 4200.21 0.0 102452.3638
4214.36 4214.36 0.0 102450.3090
4228.5 4228.5 0.0 102448.2676
4242.64 4242.64 0.0 102446.2330
