0.0 0.0 0.0 211548.7031
14.1421 14.1421 0.0 203295.1797
28.2843 28.2843 0.0 200820.7578
42.4264 42.4264 0.0 198254.3906
56.5685 56.5685 0.0 195684.8984
70.7107 70.7107 0.0 193136.4688
84.8528 84.8528 0.0 190613.4844
98.9949 98.9949 0.0 188113.6250
113.137 113.137 0.0 185633.7969
127.279 127.279 0.0 183172.5000
141.421 141.421 0.0 180730.3906
155.563 155.563 0.0 178310.1016
169.706 169.706 0.0 175915.5234
183.848 183.848 0.0 173551.7578
197.99 197.99 0.0 171223.7812
212.132 212.132 0.0 168936.5312
226.274 226.274 0.0 166694.6445
240.416 240.416 0.0 164502.1836
254.558 254.558 0.0 162362.5625
268.701 268.701 0.0 160278.4609
282.843 282.843 0.0 158252.3398
296.985 296.985 0.0 156285.6406
311.127 311.127 0.0 154379.3828
325.269 325.269 0.0 152534.1406
339.411 339.411 0.0 150750.0859
353.553 353.553 0.0 149026.9844
367.696 367.696 0.0 147364.2109
381.838 381.838 0.0 145761.1914
395.98 395.98 0.0 144216.8008
410.122 410.122 0.0 142729.8945
424.264 424.264 0.0 141299.1328
438.406 438.406 0.0 139923.1016
452.548 452.548 0.0 138600.2930
466.69 466.69 0.0 137329.1094
480.833 480.833 0.0 136107.8711
494.975 494.975 0.0 134935.0703
509.117 509.117 0.0 133809.0098
523.259 523.259 0.0 132728.0273
537.401 537.401 0.0 131690.4844
551.543 551.543 0.0 130694.7383
565.685 565.685 0.0 129739.2129
579.828 579.828 0.0 128822.2402
593.97 593.97 0.0 127942.4590
608.112 608.112 0.0 127098.2832
622.254 622.254 0.0 126288.2812
636.396 636.396 0.0 125511.0078
650.538 650.538 0.0 124765.1406
664.68 664.68 0.0 124049.3633
678.823 678.823 0.0 123362.3164
692.965 692.965 0.0 122702.8984
707.107 707.107 0.0 122069.8789
721.249 721.249 0.0 121462.1016
735.391 735.391 0.0 120878.5137
749.533 749.533 0.0 120318.0391
763.675 763.675 0.0 119779.6973
777.817 777.817 0.0 119262.5039
791.96 791.96 0.0 118765.5215
806.102 806.102 0.0 118287.9219
820.244 820.244 0.0 117828.8438
834.386 834.386 0.0 117387.4961
848.528 848.528 0.0 116963.0586
862.67 862.67 0.0 116554.8457
876.812 876.812 0.0 116162.1240
890.955 890.955 0.0 115784.2002
905.097 905.097 0.0 115420.5059
919.239 919.239 0.0 115070.3818
933.381 933.381 0.0 114733.2510
947.523 947.523 0.0 114408.5498
961.665 961.665 0.0 114095.7578
975.807 975.807 0.0 113794.3555
989.949 989.949 0.0 113503.8555
1004.09 1004.09 0.0 113223.8379
1018.23 1018.23 0.0 112953.8428
1032.38 1032.38 0.0 112693.2441
1046.52 1046.52 0.0 112442.0205
1060.66 1060.66 0.0 112199.5986
1074.8 1074.8 0.0 111965.6035
1088.94 1088.94 0.0 111739.6992
1103.09 1103.09 0.0 111521.3916
1117.23 1117.23 0.0 111310.6787
1131.37 1131.37 0.0 111107.0879
1145.51 1145.51 0.0 110910.3438
1159.66 1159.66 0.0 110720.0469
1173.8 1173.8 0.0 110536.1748
1187.94 1187.94 0.0 110358.3535
1202.08 1202.08 0.0 110186.3389
1216.22 1216.22 0.0 110019.9062
1230.37 1230.37 0.0 109858.7158
1244.51 1244.51 0.0 109702.7969
1258.65 1258.65 0.0 109551.8252
1272.79 1272.79 0.0 109405.6074
1286.93 1286.93 0.0 109263.9541
1301.08 1301.08 0.0 109126.6108
1315.22 1315.22 0.0 108993.5952
1329.36 1329.36 0.0 108864.6440
1343.5 1343.5 0.0 108739.6030
1357.65 1357.65 0.0 108618.2500
1371.79 1371.79 0.0 108500.6147
1385.93 1385.93 0.0 108386.4668
1400.07 1400.07 0.0 108275.6841
1414.21 1414.21 0.0 108168.1353
1428.36 1428.36 0.0 108063.6406
1442.5 1442.5 0.0 107962.2231
1456.64 1456.64 0.0 107863.7031
1470.78 1470.78 0.0 107767.9849
1484.92 1484.92 0.0 107674.9521
1499.07 1499.07 0.0 107584.4663
1513.21 1513.21 0.0 107496.5391
1527.35 1527.35 0.0 107411.0352
1541.49 1541.49 0.0 107327.8682
1555.63 1555.63 0.0 107246.9521
1569.78 1569.78 0.0 107168.1504
1583.92 1583.92 0.0 107091.5166
1598.06 1598.06 0.0 107016.8940
1612.2 1612.2 0.0 106944.2441
1626.35 1626.35 0.0 106873.4326
1640.49 1640.49 0.0 106804.4995
1654.63 1654.63 0.0 106737.3325
1668.77 1668.77 0.0 106671.8818
1682.91 1682.91 0.0 106608.0791
1697.06 1697.06 0.0 106545.8281
1711.2 1711.2 0.0 106485.1680
1725.34 1725.34 0.0 106426.0059
1739.48 1739.48 0.0 106368.2861
1753.62 1753.62 0.0 106311.9668
1767.77 1767.77 0.0 106256.9722
1781.91 1781.91 0.0 106203.3198
1796.05 1796.05 0.0 106150.9414
1810.19 1810.19 0.0 106099.7910
1824.34 1824.34 0.0 106049.7979
1838.48 1838.48 0.0 106000.9961
1852.62 1852.62 0.0 105953.3159
1866.76 1866.76 0.0 105906.7134
1880.9 1880.9 0.0 105861.1670
1895.05 1895.05 0.0 105816.6099
1909.19 1909.19 0.0 105773.0674
1923.33 1923.33 0.0 105730.4849
1937.47 1937.47 0.0 105688.8369
1951.61 1951.61 0.0 105648.0854
1965.76 1965.76 0.0 105608.1797
1979.9 1979.9 0.0 105569.1548
1994.04 1994.04 0.0 105530.9575
2008.18 2008.18 0.0 105493.5576
2022.33 2022.33 0.0 105456.9097
2036.47 2036.47 0.0 105421.0396
2050.61 2050.61 0.0 105385.9072
2064.75 2064.75 0.0 105351.4875
2078.89 2078.89 0.0 105317.7559
2093.04 2093.04 0.0 105284.6782
2107.18 2107.18 0.0 105252.2769
2121.32 2121.32 0.0 105220.5117
2135.46 2135.46 0.0 105189.3613
2149.6 2149.6 0.0 105158.8149
2163.75 2163.75 0.0 105128.8337
2177.89 2177.89 0.0 105099.4424
2192.03 2192.03 0.0 105070.6023
2206.17 2206.17 0.0 105042.3020
2220.32 2220.32 0.0 105014.5068
2234.46 2234.46 0.0 104987.2451
2248.6 2248.6 0.0 104960.4802
2262.74 2262.74 0.0 104934.1960
2276.88 2276.88 0.0 104908.3860
2291.03 2291.03 0.0 104883.0195
2305.17 2305.17 0.0 104858.1182
2319.31 2319.31 0.0 104833.6494
2333.45 2333.45 0.0 104809.6123
2347.59 2347.59 0.0 104785.9880
2361.74 2361.74 0.0 104762.7495
2375.88 2375.88 0.0 104739.9219
2390.02 2390.02 0.0 104717.4814
2404.16 2404.16 0.0 104695.4177
2418.31 2418.31 0.0 104673.7046
2432.45 2432.45 0.0 104652.3635
2446.59 2446.59 0.0 104631.3711
2460.73 2460.73 0.0 104610.7234
2474.87 2474.87 0.0 104590.4067
2489.02 2489.02 0.0 104570.4009
2503.16 2503.16 0.0 104550.7261
2517.3 2517.3 0.0 104531.3628
2531.44 2531.44 0.0 104512.3037
2545.58 2545.58 0.0 104493.5383
2559.73 2559.73 0.0 104475.0532
2573.87 2573.87 0.0 104456.8638
2588.01 2588.01 0.0 104438.9521
2602.15 2602.15 0.0 104421.3083
2616.3 2616.3 0.0 104403.9238
2630.44 2630.44 0.0 104386.8062
2644.58 2644.58 0.0 104369.9453
2658.72 2658.72 0.0 104353.3335
2672.86 2672.86 0.0 104336.9641
2687.01 2687.01 0.0 104320.8210
2701.15 2701.15 0.0 104304.9263
2715.29 2715.29 0.0 104289.2585
2729.43 2729.43 0.0 104273.8145
2743.57 2743.57 0.0 104258.5906
2757.72 2757.72 0.0 104243.5718
2771.86 2771.86 0.0 104228.7732
2786.0 2786.0 0.0 104214.1833
2800.14 2800.14 0.0 104199.7979
2814.28 2814.28 0.0 104185.6082
2828.43 2828.43 0.0 104171.6060
2842.57 2842.57 0.0 104157.8032
2856.71 2856.71 0.0 104144.1895
2870.85 2870.85 0.0 104130.7600
2885.0 2885.0 0.0 104117.5032
2899.14 2899.14 0.0 104104.4309
2913.28 2913.28 0.0 104091.5381
2927.42 2927.42 0.0 104078.8118
2941.56 2941.56 0.0 104066.2556
2955.71 2955.71 0.0 104053.8542
2969.85 2969.85 0.0 104041.6252
2983.99 2983.99 0.0 104029.5566
2998.13 2998.13 0.0 104017.6440
3012.27 3012.27 0.0 104005.8838
3026.42 3026.42 0.0 103994.2688
3040.56 3040.56 0.0 103982.8113
3054.7 3054.7 0.0 103971.4963
3068.84 3068.84 0.0 103960.3311
3082.99 3082.99 0.0 103949.2979
3097.13 3097.13 0.0 103938.4080
3111.27 3111.27 0.0 103927.6614
3125.41 3125.41 0.0 103917.0435
3139.55 3139.55 0.0 103906.5625
3153.7 3153.7 0.0 103896.2012
3167.84 3167.84 0.0 103885.9751
3181.98 3181.98 0.0 103875.8772
3196.12 3196.12 0.0 103865.9026
3210.26 3210.26 0.0 103856.0513
3224.41 3224.41 0.0 103846.3137
3238.55 3238.55 0.0 103836.7009
3252.69 3252.69 0.0 103827.2080
3266.83 3266.83 0.0 103817.8237
3280.98 3280.98 0.0 103808.5500
3295.12 3295.12 0.0 103799.3933
3309.26 3309.26 0.0 103790.3501
3323.4 3323.4 0.0 103781.4111
3337.54 3337.54 0.0 103772.5796
3351.69 3351.69 0.0 103763.8464
3365.83 3365.83 0.0 103755.2239
3379.97 3379.97 0.0 103746.7041
3394.11 3394.11 0.0 103738.2839
3408.25 3408.25 0.0 103729.9607
3422.4 3422.4 0.0 103721.7317
3436.54 3436.54 0.0 103713.6077
3450.68 3450.68 0.0 103705.5728
3464.82 3464.82 0.0 103697.6311
3478.97 3478.97 0.0 103689.7791
3493.11 3493.11 0.0 103682.0229
3507.25 3507.25 0.0 103674.3591
3521.39 3521.39 0.0 103666.7783
3535.53 3535.53 0.0 103659.2883
3549.68 3549.68 0.0 103651.8760
3563.82 3563.82 0.0 103644.5542
3577.96 3577.96 0.0 103637.3171
3592.1 3592.1 0.0 103630.1604
3606.24 3606.24 0.0 103623.0854
3620.39 3620.39 0.0 103616.0886
3634.53 3634.53 0.0 103609.1721
3648.67 3648.67 0.0 103602.3328
3662.81 3662.81 0.0 103595.5720
3676.96 3676.96 0.0 103588.8813
3691.1 3691.1 0.0 103582.2727
3705.24 3705.24 0.0 103575.7322
3719.38 3719.38 0.0 103569.2676
3733.52 3733.52 0.0 103562.8726
3747.67 3747.67 0.0 103556.5457
3761.81 3761.81 0.0 103550.2939
3775.95 3775.95 0.0 103544.1084
3790.09 3790.09 0.0 103537.9927
3804.23 3804.23 0.0 103531.9402
3818.38 3818.38 0.0 103525.9524
3832.52 3832.52 0.0 103520.0339
3846.66 3846.66 0.0 103514.1775
3860.8 3860.8 0.0 103508.3865
3874.95 3874.95 0.0 103502.6514
3889.09 3889.09 0.0 103496.9836
3903.23 3903.23 0.0 103491.3752
3917.37 3917.37 0.0 103485.8279
3931.51 3931.51 0.0 103480.3398
3945.66 3945.66 0.0 103474.9043
3959.8 3959.8 0.0 103469.5317
3973.94 3973.94 0.0 103464.2144
3988.08 3988.08 0.0 103458.9514
4002.22 4002.22 0.0 103453.7488
4016.37 4016.37 0.0 103448.5928
4030.51 4030.51 0.0 103443.4946
4044.65 4044.65 0.0 103438.4490
4058.79 4058.79 0.0 103433.4546
4072.94 4072.94 0.0 103428.5090
4087.08 4087.08 0.0 103423.6179
4101.22 4101.22 0.0 103418.7764
4115.36 4115.36 0.0 103413.9844
4129.5 4129.5 0.0 103409.2415
4143.65 4143.65 0.0 103404.5430
4157.79 4157.79 0.0 103399.8943
4171.93 4171.93 0.0 103395.2917
4186.07 4186.07 0.0 103390.7346
4200.21 4200.21 0.0 103386.2251
4214.36 4214.36 0.0 103381.7556
4228.5 4228.5 0.0 103377.3328
4242.64 4242.64 0.0 103372.9559
4256.78 4256.78 0.0 103368.6193
4270.92 4270.92 0.0 103364.3259
4285.07 4285.07 0.0 103360.0707
4299.21 4299.21 0.0 103355.8580
4313.35 4313.35 0.0 103351.6879
4327.49 4327.49 0.0 103347.5553
4341.64 4341.64 0.0 103343.4619
4355.78 4355.78 0.0 103339.4093
4369.92 4369.92 0.0 103335.3939
4384.06 4384.06 0.0 103331.4158
4398.2 4398.2 0.0 103327.4741
4412.35 4412.35 0.0 103323.5680
4426.49 4426.49 0.0 103319.6997
4440.63 4440.63 0.0 103315.8676
4454.77 4454.77 0.0 103312.0680
4468.91 4468.91 0.0 103308.3062
4483.06 4483.06 0.0 103304.5731
4497.2 4497.2 0.0 103300.8772
4511.34 4511.34 0.0 103297.2136
4525.48 4525.48 0.0 103293.5819
4539.63 4539.63 0.0 103289.9796
4553.77 4553.77 0.0 103286.4116
4567.91 4567.91 0.0 103282.8748
4582.05 4582.05 0.0 103279.3690
4596.19 4596.19 0.0 103275.8921
4610.34 4610.34 0.0 103272.4435
4624.48 4624.48 0.0 103269.0242
4638.62 4638.62 0.0 103265.6348
4652.76 4652.76 0.0 103262.2754
4666.9 4666.9 0.0 103258.9403
4681.05 4681.05 0.0 103255.6301
4695.19 4695.19 0.0 103252.3524
4709.33 4709.33 0.0 103249.1003
4723.47 4723.47 0.0 103245.8728
4737.62 4737.62 0.0 103242.6700
4751.76 4751.76 0.0 103239.4937
4765.9 4765.9 0.0 103236.3416
4780.04 4780.04 0.0 103233.2137
4794.18 4794.18 0.0 103230.1108
4808.33 4808.33 0.0 103227.0286
4822.47 4822.47 0.0 103223.9739
4836.61 4836.61 0.0 103220.9395
4850.75 4850.75 0.0 103217.9270
4864.89 4864.89 0.0 103214.9399
4879.04 4879.04 0.0 103211.9702
4893.18 4893.18 0.0 103209.0259
4907.32 4907.32 0.0 103206.0986
4921.46 4921.46 0.0 103203.1938
4935.61 4935.61 0.0 103200.3077
4949.75 4949.75 0.0 103197.4430
4963.89 4963.89 0.0 103194.5962
4978.03 4978.03 0.0 103191.7722
4992.17 4992.17 0.0 103188.9640
5006.32 5006.32 0.0 103186.1743
5020.46 5020.46 0.0 103183.4047
5034.6 5034.6 0.0 103180.6516
5048.74 5048.74 0.0 103177.9149
5062.88 5062.88 0.0 103175.1998
5077.03 5077.03 0.0 103172.4958
5091.17 5091.17 0.0 103169.8099
5105.31 5105.31 0.0 103167.1428
5119.45 5119.45 0.0 103164.4891
5133.6 5133.6 0.0 103161.8506
5147.74 5147.74 0.0 103159.2290
5161.88 5161.88 0.0 103156.6250
5176.02 5176.02 0.0 103154.0302
5190.16 5190.16 0.0 103151.4528
5204.31 5204.31 0.0 103148.8885
5218.45 5218.45 0.0 103146.3383
5232.59 5232.59 0.0 103143.8029
5246.73 5246.73 0.0 103141.2789
5260.87 5260.87 0.0 103138.7687
5275.02 5275.02 0.0 103136.2715
5289.16 5289.16 0.0 103133.7855
5303.3 5303.3 0.0 103131.3132
5317.44 5317.44 0.0 103128.8536
5331.59 5331.59 0.0 103126.4034
5345.73 5345.73 0.0 103123.9653
5359.87 5359.87 0.0 103121.5389
5374.01 5374.01 0.0 103119.1227
5388.15 5388.15 0.0 103116.7174
5402.3 5402.3 0.0 103114.3204
5416.44 5416.44 0.0 103111.9376
5430.58 5430.58 0.0 103109.5615
5444.72 5444.72 0.0 103107.1970
5458.86 5458.86 0.0 103104.8433
5473.01 5473.01 0.0 103102.4951
5487.15 5487.15 0.0 103100.1570
5501.29 5501.29 0.0 103097.8269
5515.43 5515.43 0.0 103095.5057
5529.58 5529.58 0.0 103093.1927
5543.72 5543.72 0.0 103090.8877
5557.86 5557.86 0.0 103088.5917
5572.0 5572.0 0.0 103086.3019
5586.14 5586.14 0.0 103084.0226
5600.29 5600.29 0.0 103081.7463
5614.43 5614.43 0.0 103079.4780
5628.57 5628.57 0.0 103077.2177
5642.71 5642.71 0.0 103074.9635
5656.85 5656.85 0.0 103072.7147
5671.0 5671.0 0.0 103070.4730
5685.14 5685.14 0.0 103068.2367
5699.28 5699.28 0.0 103066.0073
5713.42 5713.42 0.0 103063.7823
5727.56 5727.56 0.0 103061.5637
5741.71 5741.71 0.0 103059.3488
5755.85 5755.85 0.0 103057.1381
5769.99 5769.99 0.0 103054.9363
5784.13 5784.13 0.0 103052.7338
5798.28 5798.28 0.0 103050.5389
5812.42 5812.42 0.0 103048.3479
5826.56 5826.56 0.0 103046.1610
5840.7 5840.7 0.0 103043.9781
5854.84 5854.84 0.0 103041.7977
5868.99 5868.99 0.0 103039.6234
5883.13 5883.13 0.0 103037.4485
5897.27 5897.27 0.0 103035.2798
5911.41 5911.41 0.0 103033.1136
5925.55 5925.55 0.0 103030.9502
5939.7 5939.7 0.0 103028.7888
5953.84 5953.84 0.0 103026.6311
5967.98 5967.98 0.0 103024.4767
5982.12 5982.12 0.0 103022.3229
5996.27 5996.27 0.0 103020.1682
6010.41 6010.41 0.0 103018.0212
6024.55 6024.55 0.0 103015.8739
6038.69 6038.69 0.0 103013.7275
6052.83 6052.83 0.0 103011.5839
6066.98 6066.98 0.0 103009.4414
6081.12 6081.12 0.0 103007.2992
6095.26 6095.26 0.0 103005.1597
6109.4 6109.4 0.0 103003.0206
6123.54 6123.54 0.0 103000.8818
6137.69 6137.69 0.0 102998.7433
6151.83 6151.83 0.0 102996.6051
6165.97 6165.97 0.0 102994.4690
6180.11 6180.11 0.0 102992.3322
6194.26 6194.26 0.0 102990.1959
6208.4 6208.4 0.0 102988.0608
6222.54 6222.54 0.0 102985.9250
6236.68 6236.68 0.0 102983.7876
6250.82 6250.82 0.0 102981.6519
6264.97 6264.97 0.0 102979.5143
6279.11 6279.11 0.0 102977.3762
6293.25 6293.25 0.0 102975.2395
6307.39 6307.39 0.0 102973.1006
6321.53 6321.53 0.0 102970.9615
6335.68 6335.68 0.0 102968.8196
6349.82 6349.82 0.0 102966.6805
6363.96 6363.96 0.0 102964.5364
6378.1 6378.1 0.0 102962.3929
6392.25 6392.25 0.0 102960.2473
6406.39 6406.39 0.0 102958.1007
6420.53 6420.53 0.0 102955.9546
6434.67 6434.67 0.0 102953.8043
6448.81 6448.81 0.0 102951.6537
6462.96 6462.96 0.0 102949.4991
6477.1 6477.1 0.0 102947.3458
6491.24 6491.24 0.0 102945.1875
6505.38 6505.38 0.0 102943.0308
6519.52 6519.52 0.0 102940.8698
6533.67 6533.67 0.0 102938.7062
6547.81 6547.81 0.0 102936.5387
6561.95 6561.95 0.0 102934.3727
6576.09 6576.09 0.0 102932.2032
6590.24 6590.24 0.0 102930.0269
6604.38 6604.38 0.0 102927.8544
6618.52 6618.52 0.0 102925.6769
6632.66 6632.66 0.0 102923.4965
6646.8 6646.8 0.0 102921.3130
6660.95 6660.95 0.0 102919.1255
6675.09 6675.09 0.0 102916.9381
6689.23 6689.23 0.0 102914.7460
6703.37 6703.37 0.0 102912.5494
6717.51 6717.51 0.0 102910.3528
6731.66 6731.66 0.0 102908.1503
6745.8 6745.8 0.0 102905.9446
6759.94 6759.94 0.0 102903.7377
6774.08 6774.08 0.0 102901.5262
6788.23 6788.23 0.0 102899.3112
6802.37 6802.37 0.0 102897.0916
6816.51 6816.51 0.0 102894.8707
6830.65 6830.65 0.0 102892.6456
6844.79 6844.79 0.0 102890.4169
6858.94 6858.94 0.0 102888.1838
6873.08 6873.08 0.0 102885.9495
6887.22 6887.22 0.0 102883.7087
6901.36 6901.36 0.0 102881.4646
6915.5 6915.5 0.0 102879.2184
6929.65 6929.65 0.0 102876.9658
6943.79 6943.79 0.0 102874.7107
6957.93 6957.93 0.0 102872.4514
6972.07 6972.07 0.0 102870.1895
6986.21 6986.21 0.0 102867.9235
7000.36 7000.36 0.0 102865.6506
7014.5 7014.5 0.0 102863.3759
7028.64 7028.64 0.0 102861.0972
7042.78 7042.78 0.0 102858.8140
7056.93 7056.93 0.0 102856.5269
7071.07 7071.07 0.0 102854.2341
7085.21 7085.21 0.0 102851.9377
7099.35 7099.35 0.0 102849.6404
7113.49 7113.49 0.0 102847.3348
7127.64 7127.64 0.0 102845.0258
7141.78 7141.78 0.0 102842.7129
7155.92 7155.92 0.0 102840.3947
7170.06 7170.06 0.0 102838.0765
7184.2 7184.2 0.0 102835.7502
7198.35 7198.35 0.0 102833.4185
7212.49 7212.49 0.0 102831.0844
7226.63 7226.63 0.0 102828.7467
7240.77 7240.77 0.0 102826.4041
7254.92 7254.92 0.0 102824.0553
7269.06 7269.06 0.0 102821.7029
7283.2 7283.2 0.0 102819.3470
7297.34 7297.34 0.0 102816.9865
7311.48 7311.48 0.0 102814.6224
7325.63 7325.63 0.0 102812.2515
7339.77 7339.77 0.0 102809.8773
7353.91 7353.91 0.0 102807.4990
7368.05 7368.05 0.0 102805.1163
7382.19 7382.19 0.0 102802.7302
7396.34 7396.34 0.0 102800.3381
7410.48 7410.48 0.0 102797.9415
7424.62 7424.62 0.0 102795.5404
7438.76 7438.76 0.0 102793.1370
7452.91 7452.91 0.0 102790.7261
7467.05 7467.05 0.0 102788.3116
7481.19 7481.19 0.0 102785.8942
7495.33 7495.33 0.0 102783.4738
7509.47 7509.47 0.0 102781.0448
7523.62 7523.62 0.0 102778.6129
7537.76 7537.76 0.0 102776.1785
7551.9 7551.9 0.0 102773.7368
7566.04 7566.04 0.0 102771.2925
7580.18 7580.18 0.0 102768.8452
7594.33 7594.33 0.0 102766.3905
7608.47 7608.47 0.0 102763.9352
7622.61 7622.61 0.0 102761.4736
7636.75 7636.75 0.0 102759.0083
7650.9 7650.9 0.0 102756.5355
7665.04 7665.04 0.0 102754.0631
7679.18 7679.18 0.0 102751.5845
7693.32 7693.32 0.0 102749.1007
7707.46 7707.46 0.0 102746.6152
7721.61 7721.61 0.0 102744.1226
7735.75 7735.75 0.0 102741.6270
7749.89 7749.89 0.0 102739.1274
7764.03 7764.03 0.0 102736.6256
7778.17 7778.17 0.0 102734.1190
