0.0 0.0 0.0 238081.2812
14.1421 14.1421 0.0 365125.0312
28.2843 28.2843 0.0 370738.1875
42.4264 42.4264 0.0 373131.7500
56.5685 56.5685 0.0 373996.6875
70.7107 70.7107 0.0 373933.4375
84.8528 84.8528 0.0 373233.9688
98.9949 98.9949 0.0 372066.7500
113.137 113.137 0.0 370539.3438
127.279 127.279 0.0 368725.9062
141.421 141.421 0.0 366681.0625
155.563 155.563 0.0 364446.1875
169.706 169.706 0.0 362053.1562
183.848 183.848 0.0 359529.0469
197.99 197.99 0.0 356895.1719
212.132 212.132 0.0 354169.6562
226.274 226.274 0.0 351368.0312
240.416 240.416 0.0 348503.5469
254.558 254.558 0.0 345587.6562
268.701 268.701 0.0 342630.0312
282.843 282.843 0.0 339640.2656
296.985 296.985 0.0 336625.4375
311.127 311.127 0.0 333592.7812
325.269 325.269 0.0 330548.3594
339.411 339.411 0.0 327497.5156
353.553 353.553 0.0 324445.2812
367.696 367.696 0.0 321395.4219
381.838 381.838 0.0 318352.5625
395.98 395.98 0.0 315319.7500
410.122 410.122 0.0 312300.4219
424.264 424.264 0.0 309296.7812
438.406 438.406 0.0 306311.7656
452.548 452.548 0.0 303347.5312
466.69 466.69 0.0 300405.8438
480.833 480.833 0.0 297488.4375
494.975 494.975 0.0 294597.3594
509.117 509.117 0.0 291733.5312
523.259 523.259 0.0 288898.4062
537.401 537.401 0.0 286093.1250
551.543 551.543 0.0 283318.5000
565.685 565.685 0.0 280575.6875
579.828 579.828 0.0 277864.8281
593.97 593.97 0.0 275187.3750
608.112 608.112 0.0 272543.5312
622.254 622.254 0.0 269933.7500
636.396 636.396 0.0 267358.5469
650.538 650.538 0.0 264818.3750
664.68 664.68 0.0 262313.3594
678.823 678.823 0.0 259843.7656
692.965 692.965 0.0 257409.9531
707.107 707.107 0.0 255012.1719
721.249 721.249 0.0 252650.3906
735.391 735.391 0.0 250324.6719
749.533 749.533 0.0 248035.1562
763.675 763.675 0.0 245781.7812
777.817 777.817 0.0 243564.6250
791.96 791.96 0.0 241383.4688
806.102 806.102 0.0 239238.5156
820.244 820.244 0.0 237129.4531
834.386 834.386 0.0 235056.2969
848.528 848.528 0.0 233018.7656
862.67 862.67 0.0 231016.7500
876.812 876.812 0.0 229050.0078
890.955 890.955 0.0 227118.1562
905.097 905.097 0.0 225221.2656
919.239 919.239 0.0 223358.9141
933.381 933.381 0.0 221530.7188
947.523 947.523 0.0 219736.4141
961.665 961.665 0.0 217975.6172
975.807 975.807 0.0 216247.9766
989.949 989.949 0.0 214553.1016
1004.09 1004.09 0.0 212890.6328
1018.23 1018.23 0.0 211260.1719
1032.38 1032.38 0.0 209659.9531
1046.52 1046.52 0.0 208091.8516
1060.66 1060.66 0.0 206554.1484
1074.8 1074.8 0.0 205046.3047
1088.94 1088.94 0.0 203567.8438
1103.09 1103.09 0.0 202117.1484
1117.23 1117.23 0.0 200695.7266
1131.37 1131.37 0.0 199301.9219
1145.51 1145.51 0.0 197935.2109
1159.66 1159.66 0.0 196593.9375
1173.8 1173.8 0.0 195279.5312
1187.94 1187.94 0.0 193990.2656
1202.08 1202.08 0.0 192725.5781
1216.22 1216.22 0.0 191484.8750
1230.37 1230.37 0.0 190266.6172
1244.51 1244.51 0.0 189071.9531
1258.65 1258.65 0.0 187899.3281
1272.79 1272.79 0.0 186748.1406
1286.93 1286.93 0.0 185617.7969
1301.08 1301.08 0.0 184506.8359
1315.22 1315.22 0.0 183416.2891
1329.36 1329.36 0.0 182344.7266
1343.5 1343.5 0.0 181291.5938
1357.65 1357.65 0.0 180255.5625
1371.79 1371.79 0.0 179237.5391
1385.93 1385.93 0.0 178236.2500
1400.07 1400.07 0.0 177251.1719
1414.21 1414.21 0.0 176281.7656
1428.36 1428.36 0.0 175326.8672
1442.5 1442.5 0.0 174387.3125
1456.64 1456.64 0.0 173462.0312
1470.78 1470.78 0.0 172550.5312
1484.92 1484.92 0.0 171652.3672
1499.07 1499.07 0.0 170766.5234
1513.21 1513.21 0.0 169893.8828
1527.35 1527.35 0.0 169033.4062
1541.49 1541.49 0.0 168184.7734
1555.63 1555.63 0.0 167347.5938
1569.78 1569.78 0.0 166521.0391
1583.92 1583.92 0.0 165705.9219
1598.06 1598.06 0.0 164901.3945
1612.2 1612.2 0.0 164107.1680
1626.35 1626.35 0.0 163322.4531
1640.49 1640.49 0.0 162548.1211
1654.63 1654.63 0.0 161783.4258
1668.77 1668.77 0.0 161028.0977
1682.91 1682.91 0.0 160281.9961
1697.06 1697.06 0.0 159544.4258
1711.2 1711.2 0.0 158816.2305
1725.34 1725.34 0.0 158096.7539
1739.48 1739.48 0.0 157385.8594
1753.62 1753.62 0.0 156683.3789
1767.77 1767.77 0.0 155988.7461
1781.91 1781.91 0.0 155302.8203
1796.05 1796.05 0.0 154624.9688
1810.19 1810.19 0.0 153955.1289
1824.34 1824.34 0.0 153292.7383
1838.48 1838.48 0.0 152638.6719
1852.62 1852.62 0.0 151992.3398
1866.76 1866.76 0.0 151353.6758
1880.9 1880.9 0.0 150722.6328
1895.05 1895.05 0.0 150098.7461
1909.19 1909.19 0.0 149482.7773
1923.33 1923.33 0.0 148874.2383
1937.47 1937.47 0.0 148273.1094
1951.61 1951.61 0.0 147679.3047
1965.76 1965.76 0.0 147092.4102
1979.9 1979.9 0.0 146513.1523
1994.04 1994.04 0.0 145941.1055
2008.18 2008.18 0.0 145376.2539
2022.33 2022.33 0.0 144818.1328
2036.47 2036.47 0.0 144267.4727
2050.61 2050.61 0.0 143723.8828
2064.75 2064.75 0.0 143187.2695
2078.89 2078.89 0.0 142657.6211
2093.04 2093.04 0.0 142134.5391
2107.18 2107.18 0.0 141618.7188
2121.32 2121.32 0.0 141109.7305
2135.46 2135.46 0.0 140607.5352
2149.6 2149.6 0.0 140112.1016
2163.75 2163.75 0.0 139623.0469
2177.89 2177.89 0.0 139140.9844
2192.03 2192.03 0.0 138665.5820
2206.17 2206.17 0.0 138196.7266
2220.32 2220.32 0.0 137734.0820
2234.46 2234.46 0.0 137278.2578
2248.6 2248.6 0.0 136828.8672
2262.74 2262.74 0.0 136385.8438
2276.88 2276.88 0.0 135949.1484
2291.03 2291.03 0.0 135518.4492
2305.17 2305.17 0.0 135094.2422
2319.31 2319.31 0.0 134676.2227
2333.45 2333.45 0.0 134264.3164
2347.59 2347.59 0.0 133858.4551
2361.74 2361.74 0.0 133458.3145
2375.88 2375.88 0.0 133064.3984
2390.02 2390.02 0.0 132676.3535
2404.16 2404.16 0.0 132294.1387
2418.31 2418.31 0.0 131917.4062
2432.45 2432.45 0.0 131546.6348
2446.59 2446.59 0.0 131181.4961
2460.73 2460.73 0.0 130821.9355
2474.87 2474.87 0.0 130467.8926
2489.02 2489.02 0.0 130119.0098
2503.16 2503.16 0.0 129775.7695
2517.3 2517.3 0.0 129437.8535
2531.44 2531.44 0.0 129105.1738
2545.58 2545.58 0.0 128777.6621
2559.73 2559.73 0.0 128455.0586
2573.87 2573.87 0.0 128137.7188
2588.01 2588.01 0.0 127825.3750
2602.15 2602.15 0.0 127517.9453
2616.3 2616.3 0.0 127215.1621
2630.44 2630.44 0.0 126917.3691
2644.58 2644.58 0.0 126624.2969
2658.72 2658.72 0.0 126335.8809
2672.86 2672.86 0.0 126052.0488
2687.01 2687.01 0.0 125772.5508
2701.15 2701.15 0.0 125497.7070
2715.29 2715.29 0.0 125227.2578
2729.43 2729.43 0.0 124961.1289
2743.57 2743.57 0.0 124699.2793
2757.72 2757.72 0.0 124441.4297
2771.86 2771.86 0.0 124187.9043
2786.0 2786.0 0.0 123938.4629
2800.14 2800.14 0.0 123693.0117
2814.28 2814.28 0.0 123451.5293
2828.43 2828.43 0.0 123213.7598
2842.57 2842.57 0.0 122979.9785
2856.71 2856.71 0.0 122749.9707
2870.85 2870.85 0.0 122523.6719
2885.0 2885.0 0.0 122300.8535
2899.14 2899.14 0.0 122081.7910
2913.28 2913.28 0.0 121866.2500
2927.42 2927.42 0.0 121654.1816
2941.56 2941.56 0.0 121445.5195
2955.71 2955.71 0.0 121240.0820
2969.85 2969.85 0.0 121038.0918
2983.99 2983.99 0.0 120839.3574
2998.13 2998.13 0.0 120643.8164
3012.27 3012.27 0.0 120451.4082
3026.42 3026.42 0.0 120261.9609
3040.56 3040.56 0.0 120075.6738
3054.7 3054.7 0.0 119892.3711
3068.84 3068.84 0.0 119712.0098
3082.99 3082.99 0.0 119534.4160
3097.13 3097.13 0.0 119359.7656
3111.27 3111.27 0.0 119187.9062
3125.41 3125.41 0.0 119018.7832
3139.55 3139.55 0.0 118852.3496
3153.7 3153.7 0.0 118688.4512
3167.84 3167.84 0.0 118527.2695
3181.98 3181.98 0.0 118368.6348
3196.12 3196.12 0.0 118212.5020
3210.26 3210.26 0.0 118058.8496
3224.41 3224.41 0.0 117907.5098
3238.55 3238.55 0.0 117758.6543
3252.69 3252.69 0.0 117612.1406
3266.83 3266.83 0.0 117467.9141
3280.98 3280.98 0.0 117325.8574
3295.12 3295.12 0.0 117186.1123
3309.26 3309.26 0.0 117048.5469
3323.4 3323.4 0.0 116913.1211
3337.54 3337.54 0.0 116779.7910
3351.69 3351.69 0.0 116648.4404
3365.83 3365.83 0.0 116519.2188
3379.97 3379.97 0.0 116391.9766
3394.11 3394.11 0.0 116266.7119
3408.25 3408.25 0.0 116143.3506
3422.4 3422.4 0.0 116021.8076
3436.54 3436.54 0.0 115902.2051
3450.68 3450.68 0.0 115784.4189
3464.82 3464.82 0.0 115668.4268
3478.97 3478.97 0.0 115554.1123
3493.11 3493.11 0.0 115441.6191
3507.25 3507.25 0.0 115330.8096
3521.39 3521.39 0.0 115221.6680
3535.53 3535.53 0.0 115114.1807
3549.68 3549.68 0.0 115008.2188
3563.82 3563.82 0.0 114903.9209
3577.96 3577.96 0.0 114801.1660
3592.1 3592.1 0.0 114699.9434
3606.24 3606.24 0.0 114600.2129
3620.39 3620.39 0.0 114501.8936
3634.53 3634.53 0.0 114405.0977
3648.67 3648.67 0.0 114309.7100
3662.81 3662.81 0.0 114215.7324
3676.96 3676.96 0.0 114123.0635
3691.1 3691.1 0.0 114031.8018
3705.24 3705.24 0.0 113941.8682
3719.38 3719.38 0.0 113853.2334
3733.52 3733.52 0.0 113765.8770
3747.67 3747.67 0.0 113679.7227
3761.81 3761.81 0.0 113594.8652
3775.95 3775.95 0.0 113511.2217
3790.09 3790.09 0.0 113428.7598
3804.23 3804.23 0.0 113347.4795
3818.38 3818.38 0.0 113267.2949
3832.52 3832.52 0.0 113188.2949
3846.66 3846.66 0.0 113110.4072
3860.8 3860.8 0.0 113033.6162
3874.95 3874.95 0.0 112957.8516
3889.09 3889.09 0.0 112883.1885
3903.23 3903.23 0.0 112809.5732
3917.37 3917.37 0.0 112736.9658
3931.51 3931.51 0.0 112665.3721
3945.66 3945.66 0.0 112594.7080
3959.8 3959.8 0.0 112525.0654
3973.94 3973.94 0.0 112456.3740
3988.08 3988.08 0.0 112388.6201
4002.22 4002.22 0.0 112321.7822
4016.37 4016.37 0.0 112255.8125
4030.51 4030.51 0.0 112190.7725
4044.65 4044.65 0.0 112126.6191
4058.79 4058.79 0.0 112063.3066
4072.94 4072.94 0.0 112000.8076
4087.08 4087.08 0.0 111939.1797
4101.22 4101.22 0.0 111878.3770
4115.36 4115.36 0.0 111818.3672
4129.5 4129.5 0.0 111759.1523
4143.65 4143.65 0.0 111700.6738
4157.79 4157.79 0.0 111643.0117
4171.93 4171.93 0.0 111586.0957
4186.07 4186.07 0.0 111529.9131
4200.21 4200.21 0.0 111474.4619
4214.36 4214.36 0.0 111419.6875
4228.5 4228.5 0.0 111365.6553
4242.64 4242.64 0.0 111312.3184
4256.78 4256.78 0.0 111259.6641
4270.92 4270.92 0.0 111207.6650
4285.07 4285.07 0.0 111156.3057
4299.21 4299.21 0.0 111105.6260
4313.35 4313.35 0.0 111055.5801
4327.49 4327.49 0.0 111006.1641
4341.64 4341.64 0.0 110957.3281
4355.78 4355.78 0.0 110909.1377
4369.92 4369.92 0.0 110861.5537
4384.06 4384.06 0.0 110814.5430
4398.2 4398.2 0.0 110768.1162
4412.35 4412.35 0.0 110722.2324
4426.49 4426.49 0.0 110676.9307
4440.63 4440.63 0.0 110632.1904
4454.77 4454.77 0.0 110587.9834
4468.91 4468.91 0.0 110544.3145
4483.06 4483.06 0.0 110501.1514
4497.2 4497.2 0.0 110458.5225
4511.34 4511.34 0.0 110416.4062
4525.48 4525.48 0.0 110374.7920
4539.63 4539.63 0.0 110333.6367
4553.77 4553.77 0.0 110293.0088
4567.91 4567.91 0.0 110252.8594
4582.05 4582.05 0.0 110213.1680
4596.19 4596.19 0.0 110173.9512
4610.34 4610.34 0.0 110135.1611
4624.48 4624.48 0.0 110096.8438
4638.62 4638.62 0.0 110058.9697
4652.76 4652.76 0.0 110021.5332
4666.9 4666.9 0.0 109984.5176
4681.05 4681.05 0.0 109947.9141
4695.19 4695.19 0.0 109911.7324
4709.33 4709.33 0.0 109875.9785
4723.47 4723.47 0.0 109840.6162
4737.62 4737.62 0.0 109805.6309
4751.76 4751.76 0.0 109771.0557
4765.9 4765.9 0.0 109736.8750
4780.04 4780.04 0.0 109703.0752
4794.18 4794.18 0.0 109669.6406
4808.33 4808.33 0.0 109636.5479
4822.47 4822.47 0.0 109603.8496
4836.61 4836.61 0.0 109571.5107
4850.75 4850.75 0.0 109539.5234
4864.89 4864.89 0.0 109507.8774
4879.04 4879.04 0.0 109476.5508
4893.18 4893.18 0.0 109445.5786
4907.32 4907.32 0.0 109414.9458
4921.46 4921.46 0.0 109384.6309
4935.61 4935.61 0.0 109354.6211
4949.75 4949.75 0.0 109324.9531
4963.89 4963.89 0.0 109295.5884
4978.03 4978.03 0.0 109266.5376
4992.17 4992.17 0.0 109237.7837
5006.32 5006.32 0.0 109209.3169
5020.46 5020.46 0.0 109181.1621
5034.6 5034.6 0.0 109153.2964
5048.74 5048.74 0.0 109125.7144
5062.88 5062.88 0.0 109098.4141
5077.03 5077.03 0.0 109071.3711
5091.17 5091.17 0.0 109044.6230
5105.31 5105.31 0.0 109018.1426
5119.45 5119.45 0.0 108991.9385
5133.6 5133.6 0.0 108965.9604
5147.74 5147.74 0.0 108940.2666
5161.88 5161.88 0.0 108914.8311
5176.02 5176.02 0.0 108889.6421
5190.16 5190.16 0.0 108864.7012
5204.31 5204.31 0.0 108839.9849
5218.45 5218.45 0.0 108815.5205
5232.59 5232.59 0.0 108791.3052
5246.73 5246.73 0.0 108767.3169
5260.87 5260.87 0.0 108743.5562
5275.02 5275.02 0.0 108720.0088
5289.16 5289.16 0.0 108696.6997
5303.3 5303.3 0.0 108673.6079
5317.44 5317.44 0.0 108650.7412
5331.59 5331.59 0.0 108628.0630
5345.73 5345.73 0.0 108605.6201
5359.87 5359.87 0.0 108583.3818
5374.01 5374.01 0.0 108561.3442
5388.15 5388.15 0.0 108539.5176
5402.3 5402.3 0.0 108517.8760
5416.44 5416.44 0.0 108496.4355
5430.58 5430.58 0.0 108475.1953
5444.72 5444.72 0.0 108454.1484
5458.86 5458.86 0.0 108433.2891
5473.01 5473.01 0.0 108412.5991
5487.15 5487.15 0.0 108392.1089
5501.29 5501.29 0.0 108371.7954
5515.43 5515.43 0.0 108351.6641
5529.58 5529.58 0.0 108331.6895
5543.72 5543.72 0.0 108311.9111
5557.86 5557.86 0.0 108292.2974
5572.0 5572.0 0.0 108272.8506
5586.14 5586.14 0.0 108253.5767
5600.29 5600.29 0.0 108234.4478
5614.43 5614.43 0.0 108215.4961
5628.57 5628.57 0.0 108196.7007
5642.71 5642.71 0.0 108178.0674
5656.85 5656.85 0.0 108159.5942
5671.0 5671.0 0.0 108141.2490
5685.14 5685.14 0.0 108123.0757
5699.28 5699.28 0.0 108105.0464
5713.42 5713.42 0.0 108087.1655
5727.56 5727.56 0.0 108069.4302
5741.71 5741.71 0.0 108051.8286
5755.85 5755.85 0.0 108034.3765
5769.99 5769.99 0.0 108017.0693
5784.13 5784.13 0.0 107999.8950
5798.28 5798.28 0.0 107982.8374
5812.42 5812.42 0.0 107965.9365
5826.56 5826.56 0.0 107949.1582
5840.7 5840.7 0.0 107932.5151
5854.84 5854.84 0.0 107915.9961
5868.99 5868.99 0.0 107899.5952
5883.13 5883.13 0.0 107883.3291
5897.27 5897.27 0.0 107867.1875
5911.41 5911.41 0.0 107851.1631
5925.55 5925.55 0.0 107835.2637
5939.7 5939.7 0.0 107819.4712
5953.84 5953.84 0.0 107803.8091
5967.98 5967.98 0.0 107788.2524
5982.12 5982.12 0.0 107772.8130
5996.27 5996.27 0.0 107757.4775
6010.41 6010.41 0.0 107742.2603
6024.55 6024.55 0.0 107727.1611
6038.69 6038.69 0.0 107712.1553
6052.83 6052.83 0.0 107697.2598
6066.98 6066.98 0.0 107682.4629
6081.12 6081.12 0.0 107667.7783
6095.26 6095.26 0.0 107653.1909
6109.4 6109.4 0.0 107638.7090
6123.54 6123.54 0.0 107624.3320
6137.69 6137.69 0.0 107610.0352
6151.83 6151.83 0.0 107595.8428
6165.97 6165.97 0.0 107581.7505
6180.11 6180.11 0.0 107567.7490
6194.26 6194.26 0.0 107553.8286
6208.4 6208.4 0.0 107540.0195
6222.54 6222.54 0.0 107526.2915
6236.68 6236.68 0.0 107512.6548
6250.82 6250.82 0.0 107499.1064
6264.97 6264.97 0.0 107485.6382
6279.11 6279.11 0.0 107472.2632
6293.25 6293.25 0.0 107458.9722
6307.39 6307.39 0.0 107445.7598
6321.53 6321.53 0.0 107432.6396
6335.68 6335.68 0.0 107419.5879
6349.82 6349.82 0.0 107406.6250
6363.96 6363.96 0.0 107393.7412
6378.1 6378.1 0.0 107380.9360
6392.25 6392.25 0.0 107368.1958
6406.39 6406.39 0.0 107355.5479
6420.53 6420.53 0.0 107342.9692
6434.67 6434.67 0.0 107330.4683
6448.81 6448.81 0.0 107318.0396
6462.96 6462.96 0.0 107305.6689
6477.1 6477.1 0.0 107293.3877
6491.24 6491.24 0.0 107281.1704
6505.38 6505.38 0.0 107269.0239
6519.52 6519.52 0.0 107256.9463
6533.67 6533.67 0.0 107244.9307
6547.81 6547.81 0.0 107232.9868
6561.95 6561.95 0.0 107221.1143
6576.09 6576.09 0.0 107209.2969
6590.24 6590.24 0.0 107197.5449
6604.38 6604.38 0.0 107185.8574
6618.52 6618.52 0.0 107174.2407
6632.66 6632.66 0.0 107162.6802
6646.8 6646.8 0.0 107151.1816
6660.95 6660.95 0.0 107139.7388
6675.09 6675.09 0.0 107128.3594
6689.23 6689.23 0.0 107117.0386
6703.37 6703.37 0.0 107105.7803
6717.51 6717.51 0.0 107094.5796
6731.66 6731.66 0.0 107083.4199
6745.8 6745.8 0.0 107072.3315
6759.94 6759.94 0.0 107061.2993
6774.08 6774.08 0.0 107050.3125
6788.23 6788.23 0.0 107039.3799
6802.37 6802.37 0.0 107028.5054
6816.51 6816.51 0.0 107017.6841
6830.65 6830.65 0.0 107006.9106
6844.79 6844.79 0.0 106996.1948
6858.94 6858.94 0.0 106985.5156
6873.08 6873.08 0.0 106974.8945
6887.22 6887.22 0.0 106964.3306
6901.36 6901.36 0.0 106953.8125
6915.5 6915.5 0.0 106943.3359
6929.65 6929.65 0.0 106932.9023
6943.79 6943.79 0.0 106922.5259
6957.93 6957.93 0.0 106912.1948
6972.07 6972.07 0.0 106901.9097
6986.21 6986.21 0.0 106891.6689
7000.36 7000.36 0.0 106881.4658
7014.5 7014.5 0.0 106871.3140
7028.64 7028.64 0.0 106861.2031
7042.78 7042.78 0.0 106851.1396
7056.93 7056.93 0.0 106841.1113
7071.07 7071.07 0.0 106831.1260
7085.21 7085.21 0.0 106821.1885
7099.35 7099.35 0.0 106811.2861
7113.49 7113.49 0.0 106801.4312
7127.64 7127.64 0.0 106791.6089
7141.78 7141.78 0.0 106781.8306
7155.92 7155.92 0.0 106772.0869
7170.06 7170.06 0.0 106762.3872
7184.2 7184.2 0.0 106752.7227
7198.35 7198.35 0.0 106743.0884
7212.49 7212.49 0.0 106733.5039
7226.63 7226.63 0.0 106723.9546
7240.77 7240.77 0.0 106714.4331
7254.92 7254.92 0.0 106704.9478
7269.06 7269.06 0.0 106695.5103
7283.2 7283.2 0.0 106686.0942
7297.34 7297.34 0.0 106676.7197
7311.48 7311.48 0.0 106667.3828
7325.63 7325.63 0.0 106658.0693
7339.77 7339.77 0.0 106648.7969
7353.91 7353.91 0.0 106639.5537
7368.05 7368.05 0.0 106630.3467
7382.19 7382.19 0.0 106621.1758
7396.34 7396.34 0.0 106612.0254
7410.48 7410.48 0.0 106602.9165
7424.62 7424.62 0.0 106593.8350
7438.76 7438.76 0.0 106584.7842
7452.91 7452.91 0.0 106575.7617
7467.05 7467.05 0.0 106566.7695
7481.19 7481.19 0.0 106557.8125
7495.33 7495.33 0.0 106548.8862
7509.47 7509.47 0.0 106539.9868
7523.62 7523.62 0.0 106531.1069
7537.76 7537.76 0.0 106522.2632
7551.9 7551.9 0.0 106513.4487
7566.04 7566.04 0.0 106504.6592
7580.18 7580.18 0.0 106495.9038
7594.33 7594.33 0.0 106487.1636
7608.47 7608.47 0.0 106478.4570
7622.61 7622.61 0.0 106469.7783
7636.75 7636.75 0.0 106461.1304
7650.9 7650.9 0.0 106452.5005
7665.04 7665.04 0.0 106443.8940
7679.18 7679.18 0.0 106435.3188
7693.32 7693.32 0.0 106426.7705
7707.46 7707.46 0.0 106418.2461
7721.61 7721.61 0.0 106409.7378
7735.75 7735.75 0.0 106401.2666
7749.89 7749.89 0.0 106392.8101
7764.03 7764.03 0.0 106384.3882
7778.17 7778.17 0.0 106375.9849
