0.0 0.0 0.0 229352.0234
14.1421 14.1421 0.0 338603.3750
28.2843 28.2843 0.0 326460.0781
42.4264 42.4264 0.0 307900.7500
56.5685 56.5685 0.0 288796.8750
70.7107 70.7107 0.0 270787.6875
84.8528 84.8528 0.0 254373.9375
98.9949 98.9949 0.0 239644.3906
113.137 113.137 0.0 226524.8125
127.279 127.279 0.0 214878.5859
141.421 141.421 0.0 204551.3203
155.563 155.563 0.0 195390.8984
169.706 169.706 0.0 187255.7188
183.848 183.848 0.0 180020.0703
197.99 197.99 0.0 173571.2578
212.132 212.132 0.0 167811.2031
226.274 226.274 0.0 162654.6016
240.416 240.416 0.0 158027.3750
254.558 254.558 0.0 153865.4375
268.701 268.701 0.0 150112.9258
282.843 282.843 0.0 146722.3008
296.985 296.985 0.0 143651.4414
311.127 311.127 0.0 140864.0508
325.269 325.269 0.0 138328.4727
339.411 339.411 0.0 136017.1406
353.553 353.553 0.0 133905.9453
367.696 367.696 0.0 131973.6309
381.838 381.838 0.0 130201.8867
395.98 395.98 0.0 128574.2656
410.122 410.122 0.0 127076.3750
424.264 424.264 0.0 125695.4805
438.406 438.406 0.0 124420.3262
452.548 452.548 0.0 123240.8984
466.69 466.69 0.0 122148.3184
480.833 480.833 0.0 121134.5918
494.975 494.975 0.0 120192.7930
509.117 509.117 0.0 119316.4980
523.259 523.259 0.0 118500.0547
537.401 537.401 0.0 117738.3516
551.543 551.543 0.0 117026.8154
565.685 565.685 0.0 116361.3174
579.828 579.828 0.0 115738.0957
593.97 593.97 0.0 115153.8613
608.112 608.112 0.0 114605.5029
622.254 622.254 0.0 114090.3008
636.396 636.396 0.0 113605.6797
650.538 650.538 0.0 113149.3877
664.68 664.68 0.0 112719.3350
678.823 678.823 0.0 112313.5869
692.965 692.965 0.0 111930.4688
707.107 707.107 0.0 111568.3672
721.249 721.249 0.0 111225.8242
735.391 735.391 0.0 110901.4902
749.533 749.533 0.0 110594.1592
763.675 763.675 0.0 110302.7041
777.817 777.817 0.0 110026.0674
791.96 791.96 0.0 109763.2949
806.102 806.102 0.0 109513.5264
820.244 820.244 0.0 109275.9385
834.386 834.386 0.0 109049.7725
848.528 848.528 0.0 108834.3398
862.67 862.67 0.0 108628.9751
876.812 876.812 0.0 108433.1035
890.955 890.955 0.0 108246.1431
905.097 905.097 0.0 108067.6006
919.239 919.239 0.0 107896.9839
933.381 933.381 0.0 107733.8496
947.523 947.523 0.0 107577.7783
961.665 961.665 0.0 107428.3843
975.807 975.807 0.0 107285.2944
989.949 989.949 0.0 107148.1826
1004.09 1004.09 0.0 107016.7319
1018.23 1018.23 0.0 106890.6504
1032.38 1032.38 0.0 106769.5596
1046.52 1046.52 0.0 106653.3794
1060.66 1060.66 0.0 106541.7754
1074.8 1074.8 0.0 106434.5122
1088.94 1088.94 0.0 106331.3848
1103.09 1103.09 0.0 106232.1182
1117.23 1117.23 0.0 106136.6626
1131.37 1131.37 0.0 106044.7632
1145.51 1145.51 0.0 105956.2627
1159.66 1159.66 0.0 105870.9321
1173.8 1173.8 0.0 105788.7451
1187.94 1187.94 0.0 105709.5029
1202.08 1202.08 0.0 105633.0703
1216.22 1216.22 0.0 105559.3232
1230.37 1230.37 0.0 105488.0884
1244.51 1244.51 0.0 105419.3535
1258.65 1258.65 0.0 105352.9692
1272.79 1272.79 0.0 105288.8257
1286.93 1286.93 0.0 105226.8330
1301.08 1301.08 0.0 105166.8572
1315.22 1315.22 0.0 105108.8960
1329.36 1329.36 0.0 105052.8245
1343.5 1343.5 0.0 104998.5684
1357.65 1357.65 0.0 104946.0173
1371.79 1371.79 0.0 104895.1746
1385.93 1385.93 0.0 104845.9363
1400.07 1400.07 0.0 104798.2356
1414.21 1414.21 0.0 104752.0181
1428.36 1428.36 0.0 104707.1958
1442.5 1442.5 0.0 104663.7720
1456.64 1456.64 0.0 104621.6658
1470.78 1470.78 0.0 104580.8279
1484.92 1484.92 0.0 104541.2114
1499.07 1499.07 0.0 104502.7417
1513.21 1513.21 0.0 104465.4338
1527.35 1527.35 0.0 104429.2200
1541.49 1541.49 0.0 104394.0522
1555.63 1555.63 0.0 104359.9036
1569.78 1569.78 0.0 104326.7119
1583.92 1583.92 0.0 104294.4878
1598.06 1598.06 0.0 104263.1758
1612.2 1612.2 0.0 104232.7415
1626.35 1626.35 0.0 104203.1411
1640.49 1640.49 0.0 104174.3818
1654.63 1654.63 0.0 104146.4172
1668.77 1668.77 0.0 104119.2205
1682.91 1682.91 0.0 104092.7637
1697.06 1697.06 0.0 104067.0088
1711.2 1711.2 0.0 104041.9666
1725.34 1725.34 0.0 104017.5967
1739.48 1739.48 0.0 103993.8757
1753.62 1753.62 0.0 103970.7893
1767.77 1767.77 0.0 103948.2959
1781.91 1781.91 0.0 103926.4058
1796.05 1796.05 0.0 103905.0913
1810.19 1810.19 0.0 103884.3318
1824.34 1824.34 0.0 103864.0967
1838.48 1838.48 0.0 103844.3958
1852.62 1852.62 0.0 103825.2000
1866.76 1866.76 0.0 103806.4976
1880.9 1880.9 0.0 103788.2705
1895.05 1895.05 0.0 103770.4915
1909.19 1909.19 0.0 103753.1758
1923.33 1923.33 0.0 103736.2932
1937.47 1937.47 0.0 103719.8352
1951.61 1951.61 0.0 103703.7866
1965.76 1965.76 0.0 103688.1252
1979.9 1979.9 0.0 103672.8647
1994.04 1994.04 0.0 103657.9790
2008.18 2008.18 0.0 103643.4595
2022.33 2022.33 0.0 103629.2913
2036.47 2036.47 0.0 103615.4700
2050.61 2050.61 0.0 103601.9900
2064.75 2064.75 0.0 103588.8381
2078.89 2078.89 0.0 103576.0005
2093.04 2093.04 0.0 103563.4656
2107.18 2107.18 0.0 103551.2419
2121.32 2121.32 0.0 103539.3118
2135.46 2135.46 0.0 103527.6648
2149.6 2149.6 0.0 103516.2996
2163.75 2163.75 0.0 103505.1929
2177.89 2177.89 0.0 103494.3594
2192.03 2192.03 0.0 103483.7856
2206.17 2206.17 0.0 103473.4565
2220.32 2220.32 0.0 103463.3687
2234.46 2234.46 0.0 103453.5215
2248.6 2248.6 0.0 103443.9082
2262.74 2262.74 0.0 103434.5203
2276.88 2276.88 0.0 103425.3491
2291.03 2291.03 0.0 103416.3882
2305.17 2305.17 0.0 103407.6438
2319.31 2319.31 0.0 103399.1008
2333.45 2333.45 0.0 103390.7544
2347.59 2347.59 0.0 103382.6052
2361.74 2361.74 0.0 103374.6362
2375.88 2375.88 0.0 103366.8600
2390.02 2390.02 0.0 103359.2642
2404.16 2404.16 0.0 103351.8396
2418.31 2418.31 0.0 103344.5833
2432.45 2432.45 0.0 103337.5007
2446.59 2446.59 0.0 103330.5795
2460.73 2460.73 0.0 103323.8175
2474.87 2474.87 0.0 103317.2098
2489.02 2489.02 0.0 103310.7490
2503.16 2503.16 0.0 103304.4412
2517.3 2517.3 0.0 103298.2793
2531.44 2531.44 0.0 103292.2555
2545.58 2545.58 0.0 103286.3695
2559.73 2559.73 0.0 103280.6169
2573.87 2573.87 0.0 103274.9982
2588.01 2588.01 0.0 103269.5076
2602.15 2602.15 0.0 103264.1423
2616.3 2616.3 0.0 103258.8961
2630.44 2630.44 0.0 103253.7715
2644.58 2644.58 0.0 103248.7667
2658.72 2658.72 0.0 103243.8744
2672.86 2672.86 0.0 103239.0914
2687.01 2687.01 0.0 103234.4149
2701.15 2701.15 0.0 103229.8495
2715.29 2715.29 0.0 103225.3884
2729.43 2729.43 0.0 103221.0261
2743.57 2743.57 0.0 103216.7642
2757.72 2757.72 0.0 103212.5978
2771.86 2771.86 0.0 103208.5269
2786.0 2786.0 0.0 103204.5498
2800.14 2800.14 0.0 103200.6633
2814.28 2814.28 0.0 103196.8643
2828.43 2828.43 0.0 103193.1475
2842.57 2842.57 0.0 103189.5201
2856.71 2856.71 0.0 103185.9749
2870.85 2870.85 0.0 103182.5107
2885.0 2885.0 0.0 103179.1238
2899.14 2899.14 0.0 103175.8143
2913.28 2913.28 0.0 103172.5796
2927.42 2927.42 0.0 103169.4198
2941.56 2941.56 0.0 103166.3339
2955.71 2955.71 0.0 103163.3126
2969.85 2969.85 0.0 103160.3617
2983.99 2983.99 0.0 103157.4786
2998.13 2998.13 0.0 103154.6611
3012.27 3012.27 0.0 103151.9077
3026.42 3026.42 0.0 103149.2135
3040.56 3040.56 0.0 103146.5865
3054.7 3054.7 0.0 103144.0153
3068.84 3068.84 0.0 103141.5048
3082.99 3082.99 0.0 103139.0470
3097.13 3097.13 0.0 103136.6477
3111.27 3111.27 0.0 103134.3035
3125.41 3125.41 0.0 103132.0120
3139.55 3139.55 0.0 103129.7726
3153.7 3153.7 0.0 103127.5806
3167.84 3167.84 0.0 103125.4418
3181.98 3181.98 0.0 103123.3510
3196.12 3196.12 0.0 103121.3053
3210.26 3210.26 0.0 103119.3082
3224.41 3224.41 0.0 103117.3525
3238.55 3238.55 0.0 103115.4434
3252.69 3252.69 0.0 103113.5746
3266.83 3266.83 0.0 103111.7512
3280.98 3280.98 0.0 103109.9663
3295.12 3295.12 0.0 103108.2203
3309.26 3309.26 0.0 103106.5154
3323.4 3323.4 0.0 103104.8475
3337.54 3337.54 0.0 103103.2168
3351.69 3351.69 0.0 103101.6198
3365.83 3365.83 0.0 103100.0614
3379.97 3379.97 0.0 103098.5355
3394.11 3394.11 0.0 103097.0432
3408.25 3408.25 0.0 103095.5841
3422.4 3422.4 0.0 103094.1541
3436.54 3436.54 0.0 103092.7581
3450.68 3450.68 0.0 103091.3892
3464.82 3464.82 0.0 103090.0518
3478.97 3478.97 0.0 103088.7404
3493.11 3493.11 0.0 103087.4602
3507.25 3507.25 0.0 103086.2046
3521.39 3521.39 0.0 103084.9757
3535.53 3535.53 0.0 103083.7729
3549.68 3549.68 0.0 103082.5935
3563.82 3563.82 0.0 103081.4392
3577.96 3577.96 0.0 103080.3082
3592.1 3592.1 0.0 103079.2021
3606.24 3606.24 0.0 103078.1160
3620.39 3620.39 0.0 103077.0505
3634.53 3634.53 0.0 103076.0076
3648.67 3648.67 0.0 103074.9843
3662.81 3662.81 0.0 103073.9799
3676.96 3676.96 0.0 103072.9952
3691.1 3691.1 0.0 103072.0295
3705.24 3705.24 0.0 103071.0785
3719.38 3719.38 0.0 103070.1478
3733.52 3733.52 0.0 103069.2335
3747.67 3747.67 0.0 103068.3354
3761.81 3761.81 0.0 103067.4510
3775.95 3775.95 0.0 103066.5846
3790.09 3790.09 0.0 103065.7295
3804.23 3804.23 0.0 103064.8912
3818.38 3818.38 0.0 103064.0634
3832.52 3832.52 0.0 103063.2523
3846.66 3846.66 0.0 103062.4518
3860.8 3860.8 0.0 103061.6631
3874.95 3874.95 0.0 103060.8871
3889.09 3889.09 0.0 103060.1215
3903.23 3903.23 0.0 103059.3661
3917.37 3917.37 0.0 103058.6226
3931.51 3931.51 0.0 103057.8876
3945.66 3945.66 0.0 103057.1613
3959.8 3959.8 0.0 103056.4452
3973.94 3973.94 0.0 103055.7367
3988.08 3988.08 0.0 103055.0369
4002.22 4002.22 0.0 103054.3446
4016.37 4016.37 0.0 103053.6592
4030.51 4030.51 0.0 103052.9807
4044.65 4044.65 0.0 103052.3091
4058.79 4058.79 0.0 103051.6443
4072.94 4072.94 0.0 103050.9813
4087.08 4087.08 0.0 103050.3286
4101.22 4101.22 0.0 103049.6785
4115.36 4115.36 0.0 103049.0320
4129.5 4129.5 0.0 103048.3914
4143.65 4143.65 0.0 103047.7544
4157.79 4157.79 0.0 103047.1224
4171.93 4171.93 0.0 103046.4924
4186.07 4186.07 0.0 103045.8652
4200.21 4200.21 0.0 103045.2413
4214.36 4214.36 0.0 103044.6194
4228.5 4228.5 0.0 103043.9994
4242.64 4242.64 0.0 103043.3812
