0.0 0.0 0.0 273563.7031
14.1421 14.1421 0.0 3621835.7500
28.2843 28.2843 0.0 3178458.0000
42.4264 42.4264 0.0 2667894.7500
56.5685 56.5685 0.0 2183914.6250
70.7107 70.7107 0.0 1761685.0000
84.8528 84.8528 0.0 1412129.8750
98.9949 98.9949 0.0 1133360.1250
113.137 113.137 0.0 916736.9375
127.279 127.279 0.0 751002.5000
141.421 141.421 0.0 625010.5625
155.563 155.563 0.0 529145.0625
169.706 169.706 0.0 455747.5938
183.848 183.848 0.0 399021.0312
197.99 197.99 0.0 354667.9219
212.132 212.132 0.0 319556.9375
226.274 226.274 0.0 291410.4844
240.416 240.416 0.0 268567.5312
254.558 254.558 0.0 249808.7812
268.701 268.701 0.0 234230.8594
282.843 282.843 0.0 221161.2031
296.985 296.985 0.0 210088.7734
311.127 311.127 0.0 200624.4141
325.269 325.269 0.0 192467.7578
339.411 339.411 0.0 185384.7109
353.553 353.553 0.0 179190.9219
367.696 367.696 0.0 173739.4375
381.838 381.838 0.0 168913.5547
395.98 395.98 0.0 164617.7422
410.122 410.122 0.0 160774.4414
424.264 424.264 0.0 157319.9922
438.406 438.406 0.0 154201.5703
452.548 452.548 0.0 151375.2148
466.69 466.69 0.0 148804.0625
480.833 480.833 0.0 146456.7773
494.975 494.975 0.0 144307.3008
509.117 509.117 0.0 142332.8203
523.259 523.259 0.0 140514.0234
537.401 537.401 0.0 138834.2148
551.543 551.543 0.0 137278.9297
565.685 565.685 0.0 135835.5781
579.828 579.828 0.0 134493.1016
593.97 593.97 0.0 133242.0586
608.112 608.112 0.0 132073.8359
622.254 622.254 0.0 130980.9902
636.396 636.396 0.0 129956.8613
650.538 650.538 0.0 128995.5293
664.68 664.68 0.0 128091.7461
678.823 678.823 0.0 127240.7598
692.965 692.965 0.0 126438.4336
707.107 707.107 0.0 125680.9492
721.249 721.249 0.0 124964.8691
735.391 735.391 0.0 124287.0996
749.533 749.533 0.0 123644.8301
763.675 763.675 0.0 123035.5410
777.817 777.817 0.0 122456.9004
791.96 791.96 0.0 121906.7812
806.102 806.102 0.0 121383.3262
820.244 820.244 0.0 120884.7305
834.386 834.386 0.0 120409.4023
848.528 848.528 0.0 119955.8496
862.67 862.67 0.0 119522.7090
876.812 876.812 0.0 119108.7266
890.955 890.955 0.0 118712.7227
905.097 905.097 0.0 118333.6895
919.239 919.239 0.0 117970.6094
933.381 933.381 0.0 117622.5752
947.523 947.523 0.0 117288.6904
961.665 961.665 0.0 116968.2461
975.807 975.807 0.0 116660.4453
989.949 989.949 0.0 116364.6416
1004.09 1004.09 0.0 116080.1992
1018.23 1018.23 0.0 115806.5459
1032.38 1032.38 0.0 115542.9062
1046.52 1046.52 0.0 115289.1240
1060.66 1060.66 0.0 115044.5557
1074.8 1074.8 0.0 114808.7256
1088.94 1088.94 0.0 114581.2285
1103.09 1103.09 0.0 114361.4912
1117.23 1117.23 0.0 114149.4688
1131.37 1131.37 0.0 113944.6260
1145.51 1145.51 0.0 113746.6484
1159.66 1159.66 0.0 113555.0967
1173.8 1173.8 0.0 113369.9346
1187.94 1187.94 0.0 113190.7471
1202.08 1202.08 0.0 113017.2754
1216.22 1216.22 0.0 112849.2754
1230.37 1230.37 0.0 112686.4004
1244.51 1244.51 0.0 112528.6514
1258.65 1258.65 0.0 112375.6992
1272.79 1272.79 0.0 112227.3594
1286.93 1286.93 0.0 112083.4375
1301.08 1301.08 0.0 111943.6514
1315.22 1315.22 0.0 111808.0391
1329.36 1329.36 0.0 111676.3242
1343.5 1343.5 0.0 111548.3711
1357.65 1357.65 0.0 111423.9404
1371.79 1371.79 0.0 111303.0723
1385.93 1385.93 0.0 111185.5518
1400.07 1400.07 0.0 111071.2314
1414.21 1414.21 0.0 110960.0029
1428.36 1428.36 0.0 110851.7021
1442.5 1442.5 0.0 110746.3350
1456.64 1456.64 0.0 110643.7451
1470.78 1470.78 0.0 110543.8164
1484.92 1484.92 0.0 110446.4736
1499.07 1499.07 0.0 110351.5518
1513.21 1513.21 0.0 110259.0830
1527.35 1527.35 0.0 110168.9482
1541.49 1541.49 0.0 110081.0420
1555.63 1555.63 0.0 109995.2959
1569.78 1569.78 0.0 109911.5859
1583.92 1583.92 0.0 109829.9473
1598.06 1598.06 0.0 109750.2832
1612.2 1612.2 0.0 109672.4980
1626.35 1626.35 0.0 109596.4814
1640.49 1640.49 0.0 109522.2998
1654.63 1654.63 0.0 109449.8218
1668.77 1668.77 0.0 109379.0142
1682.91 1682.91 0.0 109309.8066
1697.06 1697.06 0.0 109242.1147
1711.2 1711.2 0.0 109175.9849
1725.34 1725.34 0.0 109111.3105
1739.48 1739.48 0.0 109048.0630
1753.62 1753.62 0.0 108986.1899
1767.77 1767.77 0.0 108925.6040
1781.91 1781.91 0.0 108866.3706
1796.05 1796.05 0.0 108808.3857
1810.19 1810.19 0.0 108751.6245
1824.34 1824.34 0.0 108696.0034
1838.48 1838.48 0.0 108641.5757
1852.62 1852.62 0.0 108588.2764
1866.76 1866.76 0.0 108536.0596
1880.9 1880.9 0.0 108484.8906
1895.05 1895.05 0.0 108434.7217
1909.19 1909.19 0.0 108385.5879
1923.33 1923.33 0.0 108337.4146
1937.47 1937.47 0.0 108290.1914
1951.61 1951.61 0.0 108243.8838
1965.76 1965.76 0.0 108198.4380
1979.9 1979.9 0.0 108153.8999
1994.04 1994.04 0.0 108110.1978
2008.18 2008.18 0.0 108067.3218
2022.33 2022.33 0.0 108025.2192
2036.47 2036.47 0.0 107983.9287
2050.61 2050.61 0.0 107943.3960
2064.75 2064.75 0.0 107903.6030
2078.89 2078.89 0.0 107864.5327
2093.04 2093.04 0.0 107826.1357
2107.18 2107.18 0.0 107788.4492
2121.32 2121.32 0.0 107751.4355
2135.46 2135.46 0.0 107715.0703
2149.6 2149.6 0.0 107679.3301
2163.75 2163.75 0.0 107644.1919
2177.89 2177.89 0.0 107609.6831
2192.03 2192.03 0.0 107575.7603
2206.17 2206.17 0.0 107542.4102
2220.32 2220.32 0.0 107509.5933
2234.46 2234.46 0.0 107477.3530
2248.6 2248.6 0.0 107445.6436
2262.74 2262.74 0.0 107414.4473
2276.88 2276.88 0.0 107383.7671
2291.03 2291.03 0.0 107353.5532
2305.17 2305.17 0.0 107323.8511
2319.31 2319.31 0.0 107294.6138
2333.45 2333.45 0.0 107265.8374
2347.59 2347.59 0.0 107237.5220
2361.74 2361.74 0.0 107209.6240
2375.88 2375.88 0.0 107182.1748
2390.02 2390.02 0.0 107155.1416
2404.16 2404.16 0.0 107128.5195
2418.31 2418.31 0.0 107102.2749
2432.45 2432.45 0.0 107076.4512
2446.59 2446.59 0.0 107051.0039
2460.73 2460.73 0.0 107025.9297
2474.87 2474.87 0.0 107001.2241
2489.02 2489.02 0.0 106976.8613
2503.16 2503.16 0.0 106952.8628
2517.3 2517.3 0.0 106929.2109
2531.44 2531.44 0.0 106905.8833
2545.58 2545.58 0.0 106882.8906
2559.73 2559.73 0.0 106860.1978
2573.87 2573.87 0.0 106837.8389
2588.01 2588.01 0.0 106815.7837
2602.15 2602.15 0.0 106794.0264
2616.3 2616.3 0.0 106772.5508
2630.44 2630.44 0.0 106751.3779
2644.58 2644.58 0.0 106730.4878
2658.72 2658.72 0.0 106709.8677
2672.86 2672.86 0.0 106689.5190
2687.01 2687.01 0.0 106669.4209
2701.15 2701.15 0.0 106649.5874
2715.29 2715.29 0.0 106630.0166
2729.43 2729.43 0.0 106610.6899
2743.57 2743.57 0.0 106591.6025
2757.72 2757.72 0.0 106572.7412
2771.86 2771.86 0.0 106554.1255
2786.0 2786.0 0.0 106535.7417
2800.14 2800.14 0.0 106517.5767
2814.28 2814.28 0.0 106499.6309
2828.43 2828.43 0.0 106481.8848
2842.57 2842.57 0.0 106464.3613
2856.71 2856.71 0.0 106447.0449
2870.85 2870.85 0.0 106429.9307
2885.0 2885.0 0.0 106413.0015
2899.14 2899.14 0.0 106396.2803
2913.28 2913.28 0.0 106379.7480
2927.42 2927.42 0.0 106363.3975
2941.56 2941.56 0.0 106347.2329
2955.71 2955.71 0.0 106331.2363
2969.85 2969.85 0.0 106315.4292
2983.99 2983.99 0.0 106299.7871
2998.13 2998.13 0.0 106284.3125
3012.27 3012.27 0.0 106269.0073
3026.42 3026.42 0.0 106253.8579
3040.56 3040.56 0.0 106238.8760
3054.7 3054.7 0.0 106224.0464
3068.84 3068.84 0.0 106209.3779
3082.99 3082.99 0.0 106194.8364
3097.13 3097.13 0.0 106180.4658
3111.27 3111.27 0.0 106166.2358
3125.41 3125.41 0.0 106152.1465
3139.55 3139.55 0.0 106138.1968
3153.7 3153.7 0.0 106124.3779
3167.84 3167.84 0.0 106110.6948
3181.98 3181.98 0.0 106097.1499
3196.12 3196.12 0.0 106083.7368
3210.26 3210.26 0.0 106070.4424
3224.41 3224.41 0.0 106057.2700
3238.55 3238.55 0.0 106044.2334
3252.69 3252.69 0.0 106031.3062
3266.83 3266.83 0.0 106018.5044
3280.98 3280.98 0.0 106005.8081
3295.12 3295.12 0.0 105993.2368
3309.26 3309.26 0.0 105980.7793
3323.4 3323.4 0.0 105968.4277
3337.54 3337.54 0.0 105956.1836
3351.69 3351.69 0.0 105944.0425
3365.83 3365.83 0.0 105932.0112
3379.97 3379.97 0.0 105920.0820
3394.11 3394.11 0.0 105908.2524
3408.25 3408.25 0.0 105896.5264
3422.4 3422.4 0.0 105884.8877
3436.54 3436.54 0.0 105873.3545
3450.68 3450.68 0.0 105861.9116
3464.82 3464.82 0.0 105850.5654
3478.97 3478.97 0.0 105839.3018
3493.11 3493.11 0.0 105828.1348
3507.25 3507.25 0.0 105817.0547
3521.39 3521.39 0.0 105806.0654
3535.53 3535.53 0.0 105795.1548
3549.68 3549.68 0.0 105784.3276
3563.82 3563.82 0.0 105773.5859
3577.96 3577.96 0.0 105762.9272
3592.1 3592.1 0.0 105752.3462
3606.24 3606.24 0.0 105741.8413
3620.39 3620.39 0.0 105731.4160
3634.53 3634.53 0.0 105721.0645
3648.67 3648.67 0.0 105710.7964
3662.81 3662.81 0.0 105700.5938
3676.96 3676.96 0.0 105690.4653
3691.1 3691.1 0.0 105680.4087
3705.24 3705.24 0.0 105670.4214
3719.38 3719.38 0.0 105660.5063
3733.52 3733.52 0.0 105650.6572
3747.67 3747.67 0.0 105640.8711
3761.81 3761.81 0.0 105631.1543
3775.95 3775.95 0.0 105621.5044
3790.09 3790.09 0.0 105611.9233
3804.23 3804.23 0.0 105602.4004
3818.38 3818.38 0.0 105592.9341
3832.52 3832.52 0.0 105583.5342
3846.66 3846.66 0.0 105574.1963
3860.8 3860.8 0.0 105564.9165
3874.95 3874.95 0.0 105555.6885
3889.09 3889.09 0.0 105546.5229
3903.23 3903.23 0.0 105537.4165
3917.37 3917.37 0.0 105528.3687
3931.51 3931.51 0.0 105519.3730
3945.66 3945.66 0.0 105510.4258
3959.8 3959.8 0.0 105501.5405
3973.94 3973.94 0.0 105492.7061
3988.08 3988.08 0.0 105483.9263
4002.22 4002.22 0.0 105475.1958
4016.37 4016.37 0.0 105466.5098
4030.51 4030.51 0.0 105457.8765
4044.65 4044.65 0.0 105449.2998
4058.79 4058.79 0.0 105440.7666
4072.94 4072.94 0.0 105432.2759
4087.08 4087.08 0.0 105423.8413
4101.22 4101.22 0.0 105415.4492
4115.36 4115.36 0.0 105407.1052
4129.5 4129.5 0.0 105398.8057
4143.65 4143.65 0.0 105390.5415
4157.79 4157.79 0.0 105382.3357
4171.93 4171.93 0.0 105374.1726
4186.07 4186.07 0.0 105366.0491
4200.21 4200.21 0.0 105357.9653
4214.36 4214.36 0.0 105349.9204
4228.5 4228.5 0.0 105341.9260
4242.64 4242.64 0.0 105333.9666
4256.78 4256.78 0.0 105326.0493
4270.92 4270.92 0.0 105318.1741
4285.07 4285.07 0.0 105310.3318
4299.21 4299.21 0.0 105302.5293
4313.35 4313.35 0.0 105294.7686
4327.49 4327.49 0.0 105287.0474
4341.64 4341.64 0.0 105279.3584
4355.78 4355.78 0.0 105271.7104
4369.92 4369.92 0.0 105264.0955
4384.06 4384.06 0.0 105256.5186
4398.2 4398.2 0.0 105248.9814
4412.35 4412.35 0.0 105241.4670
4426.49 4426.49 0.0 105233.9966
4440.63 4440.63 0.0 105226.5581
4454.77 4454.77 0.0 105219.1565
4468.91 4468.91 0.0 105211.7876
4483.06 4483.06 0.0 105204.4473
4497.2 4497.2 0.0 105197.1392
4511.34 4511.34 0.0 105189.8687
4525.48 4525.48 0.0 105182.6265
4539.63 4539.63 0.0 105175.4143
4553.77 4553.77 0.0 105168.2378
4567.91 4567.91 0.0 105161.0891
4582.05 4582.05 0.0 105153.9753
4596.19 4596.19 0.0 105146.8877
4610.34 4610.34 0.0 105139.8242
4624.48 4624.48 0.0 105132.7969
4638.62 4638.62 0.0 105125.7991
4652.76 4652.76 0.0 105118.8284
4666.9 4666.9 0.0 105111.8867
4681.05 4681.05 0.0 105104.9688
4695.19 4695.19 0.0 105098.0864
4709.33 4709.33 0.0 105091.2241
4723.47 4723.47 0.0 105084.3936
4737.62 4737.62 0.0 105077.5828
4751.76 4751.76 0.0 105070.8054
4765.9 4765.9 0.0 105064.0530
4780.04 4780.04 0.0 105057.3269
4794.18 4794.18 0.0 105050.6287
4808.33 4808.33 0.0 105043.9497
4822.47 4822.47 0.0 105037.2966
4836.61 4836.61 0.0 105030.6697
4850.75 4850.75 0.0 105024.0723
4864.89 4864.89 0.0 105017.4934
4879.04 4879.04 0.0 105010.9387
4893.18 4893.18 0.0 105004.4111
4907.32 4907.32 0.0 104997.9055
4921.46 4921.46 0.0 104991.4224
4935.61 4935.61 0.0 104984.9624
4949.75 4949.75 0.0 104978.5244
4963.89 4963.89 0.0 104972.1116
4978.03 4978.03 0.0 104965.7219
4992.17 4992.17 0.0 104959.3506
5006.32 5006.32 0.0 104953.0007
5020.46 5020.46 0.0 104946.6721
5034.6 5034.6 0.0 104940.3684
5048.74 5048.74 0.0 104934.0859
5062.88 5062.88 0.0 104927.8247
5077.03 5077.03 0.0 104921.5811
5091.17 5091.17 0.0 104915.3604
5105.31 5105.31 0.0 104909.1570
5119.45 5119.45 0.0 104902.9797
5133.6 5133.6 0.0 104896.8149
5147.74 5147.74 0.0 104890.6741
5161.88 5161.88 0.0 104884.5559
5176.02 5176.02 0.0 104878.4548
5190.16 5190.16 0.0 104872.3708
5204.31 5204.31 0.0 104866.3042
5218.45 5218.45 0.0 104860.2615
5232.59 5232.59 0.0 104854.2356
5246.73 5246.73 0.0 104848.2266
5260.87 5260.87 0.0 104842.2378
5275.02 5275.02 0.0 104836.2678
5289.16 5289.16 0.0 104830.3110
5303.3 5303.3 0.0 104824.3760
5317.44 5317.44 0.0 104818.4575
5331.59 5331.59 0.0 104812.5544
5345.73 5345.73 0.0 104806.6726
5359.87 5359.87 0.0 104800.8074
5374.01 5374.01 0.0 104794.9619
5388.15 5388.15 0.0 104789.1279
5402.3 5402.3 0.0 104783.3103
5416.44 5416.44 0.0 104777.5139
5430.58 5430.58 0.0 104771.7290
5444.72 5444.72 0.0 104765.9666
5458.86 5458.86 0.0 104760.2156
5473.01 5473.01 0.0 104754.4792
5487.15 5487.15 0.0 104748.7603
5501.29 5501.29 0.0 104743.0574
5515.43 5515.43 0.0 104737.3740
5529.58 5529.58 0.0 104731.6968
5543.72 5543.72 0.0 104726.0400
5557.86 5557.86 0.0 104720.4026
5572.0 5572.0 0.0 104714.7776
5586.14 5586.14 0.0 104709.1653
5600.29 5600.29 0.0 104703.5637
5614.43 5614.43 0.0 104697.9841
5628.57 5628.57 0.0 104692.4172
5642.71 5642.71 0.0 104686.8643
5656.85 5656.85 0.0 104681.3269
5671.0 5671.0 0.0 104675.7996
5685.14 5685.14 0.0 104670.2886
5699.28 5699.28 0.0 104664.7925
5713.42 5713.42 0.0 104659.3103
5727.56 5727.56 0.0 104653.8435
5741.71 5741.71 0.0 104648.3838
5755.85 5755.85 0.0 104642.9414
5769.99 5769.99 0.0 104637.5137
5784.13 5784.13 0.0 104632.0999
5798.28 5798.28 0.0 104626.6963
5812.42 5812.42 0.0 104621.3081
5826.56 5826.56 0.0 104615.9302
5840.7 5840.7 0.0 104610.5703
5854.84 5854.84 0.0 104605.2192
5868.99 5868.99 0.0 104599.8796
5883.13 5883.13 0.0 104594.5552
5897.27 5897.27 0.0 104589.2412
5911.41 5911.41 0.0 104583.9448
5925.55 5925.55 0.0 104578.6553
5939.7 5939.7 0.0 104573.3794
5953.84 5953.84 0.0 104568.1150
5967.98 5967.98 0.0 104562.8638
5982.12 5982.12 0.0 104557.6270
5996.27 5996.27 0.0 104552.3960
6010.41 6010.41 0.0 104547.1804
6024.55 6024.55 0.0 104541.9785
6038.69 6038.69 0.0 104536.7878
6052.83 6052.83 0.0 104531.6086
6066.98 6066.98 0.0 104526.4360
6081.12 6081.12 0.0 104521.2766
6095.26 6095.26 0.0 104516.1311
6109.4 6109.4 0.0 104511.0005
6123.54 6123.54 0.0 104505.8748
6137.69 6137.69 0.0 104500.7620
6151.83 6151.83 0.0 104495.6616
6165.97 6165.97 0.0 104490.5715
6180.11 6180.11 0.0 104485.4919
6194.26 6194.26 0.0 104480.4224
6208.4 6208.4 0.0 104475.3682
6222.54 6222.54 0.0 104470.3193
6236.68 6236.68 0.0 104465.2817
6250.82 6250.82 0.0 104460.2590
6264.97 6264.97 0.0 104455.2417
6279.11 6279.11 0.0 104450.2368
6293.25 6293.25 0.0 104445.2444
6307.39 6307.39 0.0 104440.2617
6321.53 6321.53 0.0 104435.2881
6335.68 6335.68 0.0 104430.3223
6349.82 6349.82 0.0 104425.3735
6363.96 6363.96 0.0 104420.4282
6378.1 6378.1 0.0 104415.4983
6392.25 6392.25 0.0 104410.5730
6406.39 6406.39 0.0 104405.6628
6420.53 6420.53 0.0 104400.7620
6434.67 6434.67 0.0 104395.8677
6448.81 6448.81 0.0 104390.9866
6462.96 6462.96 0.0 104386.1135
6477.1 6477.1 0.0 104381.2485
6491.24 6491.24 0.0 104376.3992
6505.38 6505.38 0.0 104371.5583
6519.52 6519.52 0.0 104366.7244
6533.67 6533.67 0.0 104361.8999
6547.81 6547.81 0.0 104357.0845
6561.95 6561.95 0.0 104352.2812
6576.09 6576.09 0.0 104347.4851
6590.24 6590.24 0.0 104342.6970
6604.38 6604.38 0.0 104337.9204
6618.52 6618.52 0.0 104333.1575
6632.66 6632.66 0.0 104328.3989
6646.8 6646.8 0.0 104323.6538
6660.95 6660.95 0.0 104318.9116
6675.09 6675.09 0.0 104314.1829
6689.23 6689.23 0.0 104309.4617
6703.37 6703.37 0.0 104304.7534
6717.51 6717.51 0.0 104300.0510
6731.66 6731.66 0.0 104295.3577
6745.8 6745.8 0.0 104290.6758
6759.94 6759.94 0.0 104285.9983
6774.08 6774.08 0.0 104281.3342
6788.23 6788.23 0.0 104276.6760
6802.37 6802.37 0.0 104272.0305
6816.51 6816.51 0.0 104267.3926
6830.65 6830.65 0.0 104262.7617
6844.79 6844.79 0.0 104258.1409
6858.94 6858.94 0.0 104253.5276
6873.08 6873.08 0.0 104248.9255
6887.22 6887.22 0.0 104244.3333
6901.36 6901.36 0.0 104239.7473
6915.5 6915.5 0.0 104235.1709
6929.65 6929.65 0.0 104230.6003
6943.79 6943.79 0.0 104226.0439
6957.93 6957.93 0.0 104221.4946
6972.07 6972.07 0.0 104216.9539
6986.21 6986.21 0.0 104212.4219
7000.36 7000.36 0.0 104207.8965
7014.5 7014.5 0.0 104203.3784
7028.64 7028.64 0.0 104198.8728
7042.78 7042.78 0.0 104194.3770
7056.93 7056.93 0.0 104189.8828
7071.07 7071.07 0.0 104185.4023
7085.21 7085.21 0.0 104180.9333
7099.35 7099.35 0.0 104176.4666
7113.49 7113.49 0.0 104172.0115
7127.64 7127.64 0.0 104167.5645
7141.78 7141.78 0.0 104163.1282
7155.92 7155.92 0.0 104158.6978
7170.06 7170.06 0.0 104154.2795
7184.2 7184.2 0.0 104149.8628
7198.35 7198.35 0.0 104145.4597
7212.49 7212.49 0.0 104141.0632
7226.63 7226.63 0.0 104136.6753
7240.77 7240.77 0.0 104132.2969
7254.92 7254.92 0.0 104127.9250
7269.06 7269.06 0.0 104123.5627
7283.2 7283.2 0.0 104119.2085
7297.34 7297.34 0.0 104114.8638
7311.48 7311.48 0.0 104110.5283
7325.63 7325.63 0.0 104106.1958
7339.77 7339.77 0.0 104101.8762
7353.91 7353.91 0.0 104097.5667
7368.05 7368.05 0.0 104093.2632
7382.19 7382.19 0.0 104088.9653
7396.34 7396.34 0.0 104084.6726
7410.48 7410.48 0.0 104080.3987
7424.62 7424.62 0.0 104076.1299
7438.76 7438.76 0.0 104071.8677
7452.91 7452.91 0.0 104067.6108
7467.05 7467.05 0.0 104063.3645
7481.19 7481.19 0.0 104059.1299
7495.33 7495.33 0.0 104054.8979
7509.47 7509.47 0.0 104050.6775
7523.62 7523.62 0.0 104046.4641
7537.76 7537.76 0.0 104042.2605
7551.9 7551.9 0.0 104038.0637
7566.04 7566.04 0.0 104033.8748
7580.18 7580.18 0.0 104029.6970
7594.33 7594.33 0.0 104025.5210
7608.47 7608.47 0.0 104021.3601
7622.61 7622.61 0.0 104017.2056
7636.75 7636.75 0.0 104013.0588
7650.9 7650.9 0.0 104008.9150
7665.04 7665.04 0.0 104004.7859
7679.18 7679.18 0.0 104000.6624
7693.32 7693.32 0.0 103996.5500
7707.46 7707.46 0.0 103992.4441
7721.61 7721.61 0.0 103988.3442
7735.75 7735.75 0.0 103984.2556
7749.89 7749.89 0.0 103980.1711
7764.03 7764.03 0.0 103976.0979
7778.17 7778.17 0.0 103972.0334
