0.0 0.0 0.0 266384.1250
14.1421 14.1421 0.0 2578299.5000
28.2843 28.2843 0.0 2375864.7500
42.4264 42.4264 0.0 2092231.7500
56.5685 56.5685 0.0 1799811.6250
70.7107 70.7107 0.0 1526989.2500
84.8528 84.8528 0.0 1286233.2500
98.9949 98.9949 0.0 1081505.6250
113.137 113.137 0.0 911841.7500
127.279 127.279 0.0 773633.9375
141.421 141.421 0.0 662195.5625
155.563 155.563 0.0 572751.8125
169.706 169.706 0.0 500969.3438
183.848 183.848 0.0 443191.0000
197.99 197.99 0.0 396430.9688
212.132 212.132 0.0 358328.2188
226.274 226.274 0.0 327039.4375
240.416 240.416 0.0 301135.8906
254.558 254.558 0.0 279512.6406
268.701 268.701 0.0 261313.3125
282.843 282.843 0.0 245876.0312
296.985 296.985 0.0 232680.7656
311.127 311.127 0.0 221320.0703
325.269 325.269 0.0 211471.9844
339.411 339.411 0.0 202880.2266
353.553 353.553 0.0 195339.2422
367.696 367.696 0.0 188682.7734
381.838 381.838 0.0 182776.8906
395.98 395.98 0.0 177510.7578
410.122 410.122 0.0 172793.4531
424.264 424.264 0.0 168549.6016
438.406 438.406 0.0 164716.4609
452.548 452.548 0.0 161241.1758
466.69 466.69 0.0 158079.3398
480.833 480.833 0.0 155192.9844
494.975 494.975 0.0 152550.4062
509.117 509.117 0.0 150123.7891
523.259 523.259 0.0 147889.4570
537.401 537.401 0.0 145826.8789
551.543 551.543 0.0 143918.2852
565.685 565.685 0.0 142148.1562
579.828 579.828 0.0 140502.8203
593.97 593.97 0.0 138970.5820
608.112 608.112 0.0 137540.8359
622.254 622.254 0.0 136204.2773
636.396 636.396 0.0 134952.6875
650.538 650.538 0.0 133778.7715
664.68 664.68 0.0 132675.9297
678.823 678.823 0.0 131638.2949
692.965 692.965 0.0 130660.7793
707.107 707.107 0.0 129738.5645
721.249 721.249 0.0 128867.3945
735.391 735.391 0.0 128043.4453
749.533 749.533 0.0 127263.2344
763.675 763.675 0.0 126523.6211
777.817 777.817 0.0 125821.7207
791.96 791.96 0.0 125154.8789
806.102 806.102 0.0 124520.7754
820.244 820.244 0.0 123917.2305
834.386 834.386 0.0 123342.2148
848.528 848.528 0.0 122793.8906
862.67 862.67 0.0 122270.5879
876.812 876.812 0.0 121770.7402
890.955 890.955 0.0 121292.8984
905.097 905.097 0.0 120835.7988
919.239 919.239 0.0 120398.2012
933.381 933.381 0.0 119978.9336
947.523 947.523 0.0 119576.9961
961.665 961.665 0.0 119191.4102
975.807 975.807 0.0 118821.2422
989.949 989.949 0.0 118465.6914
1004.09 1004.09 0.0 118123.9492
1018.23 1018.23 0.0 117795.3262
1032.38 1032.38 0.0 117478.8760
1046.52 1046.52 0.0 117174.4111
1060.66 1060.66 0.0 116881.1318
1074.8 1074.8 0.0 116598.4385
1088.94 1088.94 0.0 116325.8418
1103.09 1103.09 0.0 116062.6572
1117.23 1117.23 0.0 115808.8008
1131.37 1131.37 0.0 115563.6416
1145.51 1145.51 0.0 115326.7852
1159.66 1159.66 0.0 115097.6699
1173.8 1173.8 0.0 114876.2949
1187.94 1187.94 0.0 114662.1123
1202.08 1202.08 0.0 114454.8447
1216.22 1216.22 0.0 114254.1689
1230.37 1230.37 0.0 114059.6543
1244.51 1244.51 0.0 113871.3174
1258.65 1258.65 0.0 113688.7480
1272.79 1272.79 0.0 113511.7305
1286.93 1286.93 0.0 113340.0225
1301.08 1301.08 0.0 113173.2891
1315.22 1315.22 0.0 113011.5566
1329.36 1329.36 0.0 112854.5215
1343.5 1343.5 0.0 112701.9785
1357.65 1357.65 0.0 112553.6797
1371.79 1371.79 0.0 112409.6211
1385.93 1385.93 0.0 112269.5684
1400.07 1400.07 0.0 112133.3740
1414.21 1414.21 0.0 112000.8779
1428.36 1428.36 0.0 111871.8555
1442.5 1442.5 0.0 111746.3613
1456.64 1456.64 0.0 111624.1650
1470.78 1470.78 0.0 111505.1709
1484.92 1484.92 0.0 111389.2441
1499.07 1499.07 0.0 111276.2090
1513.21 1513.21 0.0 111166.1113
1527.35 1527.35 0.0 111058.7754
1541.49 1541.49 0.0 110954.0967
1555.63 1555.63 0.0 110852.0088
1569.78 1569.78 0.0 110752.3359
1583.92 1583.92 0.0 110655.1357
1598.06 1598.06 0.0 110560.2529
1612.2 1612.2 0.0 110467.6221
1626.35 1626.35 0.0 110377.1113
1640.49 1640.49 0.0 110288.7529
1654.63 1654.63 0.0 110202.4355
1668.77 1668.77 0.0 110118.0918
1682.91 1682.91 0.0 110035.6523
1697.06 1697.06 0.0 109955.0078
1711.2 1711.2 0.0 109876.2100
1725.34 1725.34 0.0 109799.1582
1739.48 1739.48 0.0 109723.7725
1753.62 1753.62 0.0 109650.0215
1767.77 1767.77 0.0 109577.8066
1781.91 1781.91 0.0 109507.1743
1796.05 1796.05 0.0 109438.0312
1810.19 1810.19 0.0 109370.3276
1824.34 1824.34 0.0 109303.9917
1838.48 1838.48 0.0 109239.0542
1852.62 1852.62 0.0 109175.4512
1866.76 1866.76 0.0 109113.1191
1880.9 1880.9 0.0 109052.0410
1895.05 1895.05 0.0 108992.1313
1909.19 1909.19 0.0 108933.4434
1923.33 1923.33 0.0 108875.9058
1937.47 1937.47 0.0 108819.4785
1951.61 1951.61 0.0 108764.1357
1965.76 1965.76 0.0 108709.8101
1979.9 1979.9 0.0 108656.5483
1994.04 1994.04 0.0 108604.2817
2008.18 2008.18 0.0 108552.9839
2022.33 2022.33 0.0 108502.6060
2036.47 2036.47 0.0 108453.1733
2050.61 2050.61 0.0 108404.6489
2064.75 2064.75 0.0 108356.9849
2078.89 2078.89 0.0 108310.1777
2093.04 2093.04 0.0 108264.1660
2107.18 2107.18 0.0 108218.9878
2121.32 2121.32 0.0 108174.6030
2135.46 2135.46 0.0 108130.9854
2149.6 2149.6 0.0 108088.1133
2163.75 2163.75 0.0 108045.9355
2177.89 2177.89 0.0 108004.5024
2192.03 2192.03 0.0 107963.7598
2206.17 2206.17 0.0 107923.6968
2220.32 2220.32 0.0 107884.2617
2234.46 2234.46 0.0 107845.5073
2248.6 2248.6 0.0 107807.3701
2262.74 2262.74 0.0 107769.8530
2276.88 2276.88 0.0 107732.9238
2291.03 2291.03 0.0 107696.5664
2305.17 2305.17 0.0 107660.7998
2319.31 2319.31 0.0 107625.5840
2333.45 2333.45 0.0 107590.9268
2347.59 2347.59 0.0 107556.7876
2361.74 2361.74 0.0 107523.1528
2375.88 2375.88 0.0 107490.0439
2390.02 2390.02 0.0 107457.4297
2404.16 2404.16 0.0 107425.3042
2418.31 2418.31 0.0 107393.6255
2432.45 2432.45 0.0 107362.4355
2446.59 2446.59 0.0 107331.6963
2460.73 2460.73 0.0 107301.4004
2474.87 2474.87 0.0 107271.5396
2489.02 2489.02 0.0 107242.0801
2503.16 2503.16 0.0 107213.0522
2517.3 2517.3 0.0 107184.4336
2531.44 2531.44 0.0 107156.2085
2545.58 2545.58 0.0 107128.3706
2559.73 2559.73 0.0 107100.8960
2573.87 2573.87 0.0 107073.8101
2588.01 2588.01 0.0 107047.0850
2602.15 2602.15 0.0 107020.7192
2616.3 2616.3 0.0 106994.6743
2630.44 2630.44 0.0 106969.0034
2644.58 2644.58 0.0 106943.6567
2658.72 2658.72 0.0 106918.6411
2672.86 2672.86 0.0 106893.9463
2687.01 2687.01 0.0 106869.5444
2701.15 2701.15 0.0 106845.4727
2715.29 2715.29 0.0 106821.6929
2729.43 2729.43 0.0 106798.2158
2743.57 2743.57 0.0 106775.0254
2757.72 2757.72 0.0 106752.1001
2771.86 2771.86 0.0 106729.4702
2786.0 2786.0 0.0 106707.1206
2800.14 2800.14 0.0 106685.0288
2814.28 2814.28 0.0 106663.2026
2828.43 2828.43 0.0 106641.6113
2842.57 2842.57 0.0 106620.2915
2856.71 2856.71 0.0 106599.2178
2870.85 2870.85 0.0 106578.3896
2885.0 2885.0 0.0 106557.7754
2899.14 2899.14 0.0 106537.4175
2913.28 2913.28 0.0 106517.2852
2927.42 2927.42 0.0 106497.3745
2941.56 2941.56 0.0 106477.6880
2955.71 2955.71 0.0 106458.2026
2969.85 2969.85 0.0 106438.9414
2983.99 2983.99 0.0 106419.8887
2998.13 2998.13 0.0 106401.0361
3012.27 3012.27 0.0 106382.3936
3026.42 3026.42 0.0 106363.9297
3040.56 3040.56 0.0 106345.6685
3054.7 3054.7 0.0 106327.5996
3068.84 3068.84 0.0 106309.7188
3082.99 3082.99 0.0 106292.0088
3097.13 3097.13 0.0 106274.4854
3111.27 3111.27 0.0 106257.1411
3125.41 3125.41 0.0 106239.9741
3139.55 3139.55 0.0 106222.9795
3153.7 3153.7 0.0 106206.1357
3167.84 3167.84 0.0 106189.4678
3181.98 3181.98 0.0 106172.9653
3196.12 3196.12 0.0 106156.6172
3210.26 3210.26 0.0 106140.4316
3224.41 3224.41 0.0 106124.3804
3238.55 3238.55 0.0 106108.4961
3252.69 3252.69 0.0 106092.7573
3266.83 3266.83 0.0 106077.1738
3280.98 3280.98 0.0 106061.7095
3295.12 3295.12 0.0 106046.4072
3309.26 3309.26 0.0 106031.2397
3323.4 3323.4 0.0 106016.2144
3337.54 3337.54 0.0 106001.3164
3351.69 3351.69 0.0 105986.5439
3365.83 3365.83 0.0 105971.9102
3379.97 3379.97 0.0 105957.4043
3394.11 3394.11 0.0 105943.0273
3408.25 3408.25 0.0 105928.7686
3422.4 3422.4 0.0 105914.6260
3436.54 3436.54 0.0 105900.6147
3450.68 3450.68 0.0 105886.7212
3464.82 3464.82 0.0 105872.9390
3478.97 3478.97 0.0 105859.2637
3493.11 3493.11 0.0 105845.7153
3507.25 3507.25 0.0 105832.2734
3521.39 3521.39 0.0 105818.9443
3535.53 3535.53 0.0 105805.7241
3549.68 3549.68 0.0 105792.5947
3563.82 3563.82 0.0 105779.5820
3577.96 3577.96 0.0 105766.6768
3592.1 3592.1 0.0 105753.8633
3606.24 3606.24 0.0 105741.1567
3620.39 3620.39 0.0 105728.5381
3634.53 3634.53 0.0 105716.0288
3648.67 3648.67 0.0 105703.6094
3662.81 3662.81 0.0 105691.2852
3676.96 3676.96 0.0 105679.0493
3691.1 3691.1 0.0 105666.9077
3705.24 3705.24 0.0 105654.8599
3719.38 3719.38 0.0 105642.9004
3733.52 3733.52 0.0 105631.0254
3747.67 3747.67 0.0 105619.2295
3761.81 3761.81 0.0 105607.5317
3775.95 3775.95 0.0 105595.9141
3790.09 3790.09 0.0 105584.3809
3804.23 3804.23 0.0 105572.9253
3818.38 3818.38 0.0 105561.5488
3832.52 3832.52 0.0 105550.2568
3846.66 3846.66 0.0 105539.0430
3860.8 3860.8 0.0 105527.9067
3874.95 3874.95 0.0 105516.8354
3889.09 3889.09 0.0 105505.8535
3903.23 3903.23 0.0 105494.9375
3917.37 3917.37 0.0 105484.1040
3931.51 3931.51 0.0 105473.3359
3945.66 3945.66 0.0 105462.6348
3959.8 3959.8 0.0 105452.0088
3973.94 3973.94 0.0 105441.4526
3988.08 3988.08 0.0 105430.9707
4002.22 4002.22 0.0 105420.5544
4016.37 4016.37 0.0 105410.1912
4030.51 4030.51 0.0 105399.9045
4044.65 4044.65 0.0 105389.6848
4058.79 4058.79 0.0 105379.5273
4072.94 4072.94 0.0 105369.4316
4087.08 4087.08 0.0 105359.3972
4101.22 4101.22 0.0 105349.4260
4115.36 4115.36 0.0 105339.5217
4129.5 4129.5 0.0 105329.6721
4143.65 4143.65 0.0 105319.8770
4157.79 4157.79 0.0 105310.1479
4171.93 4171.93 0.0 105300.4800
4186.07 4186.07 0.0 105290.8621
4200.21 4200.21 0.0 105281.3081
4214.36 4214.36 0.0 105271.7983
4228.5 4228.5 0.0 105262.3525
4242.64 4242.64 0.0 105252.9614
4256.78 4256.78 0.0 105243.6216
4270.92 4270.92 0.0 105234.3386
4285.07 4285.07 0.0 105225.1008
4299.21 4299.21 0.0 105215.9221
4313.35 4313.35 0.0 105206.7925
4327.49 4327.49 0.0 105197.7197
4341.64 4341.64 0.0 105188.6863
4355.78 4355.78 0.0 105179.7104
4369.92 4369.92 0.0 105170.7773
4384.06 4384.06 0.0 105161.8997
4398.2 4398.2 0.0 105153.0681
4412.35 4412.35 0.0 105144.2783
4426.49 4426.49 0.0 105135.5417
4440.63 4440.63 0.0 105126.8484
4454.77 4454.77 0.0 105118.2039
4468.91 4468.91 0.0 105109.6021
4483.06 4483.06 0.0 105101.0435
4497.2 4497.2 0.0 105092.5310
4511.34 4511.34 0.0 105084.0642
4525.48 4525.48 0.0 105075.6436
4539.63 4539.63 0.0 105067.2522
4553.77 4553.77 0.0 105058.9153
4567.91 4567.91 0.0 105050.6145
4582.05 4582.05 0.0 105042.3606
4596.19 4596.19 0.0 105034.1477
4610.34 4610.34 0.0 105025.9634
4624.48 4624.48 0.0 105017.8328
4638.62 4638.62 0.0 105009.7388
4652.76 4652.76 0.0 105001.6785
4666.9 4666.9 0.0 104993.6636
4681.05 4681.05 0.0 104985.6799
4695.19 4695.19 0.0 104977.7366
4709.33 4709.33 0.0 104969.8345
4723.47 4723.47 0.0 104961.9707
4737.62 4737.62 0.0 104954.1355
4751.76 4751.76 0.0 104946.3413
4765.9 4765.9 0.0 104938.5862
4780.04 4780.04 0.0 104930.8594
4794.18 4794.18 0.0 104923.1733
4808.33 4808.33 0.0 104915.5159
4822.47 4822.47 0.0 104907.8979
4836.61 4836.61 0.0 104900.3154
4850.75 4850.75 0.0 104892.7656
4864.89 4864.89 0.0 104885.2505
4879.04 4879.04 0.0 104877.7615
4893.18 4893.18 0.0 104870.3098
4907.32 4907.32 0.0 104862.8906
4921.46 4921.46 0.0 104855.5056
4935.61 4935.61 0.0 104848.1460
4949.75 4949.75 0.0 104840.8215
4963.89 4963.89 0.0 104833.5291
4978.03 4978.03 0.0 104826.2654
4992.17 4992.17 0.0 104819.0330
5006.32 5006.32 0.0 104811.8291
5020.46 5020.46 0.0 104804.6560
5034.6 5034.6 0.0 104797.5146
5048.74 5048.74 0.0 104790.4026
5062.88 5062.88 0.0 104783.3215
5077.03 5077.03 0.0 104776.2600
5091.17 5091.17 0.0 104769.2361
5105.31 5105.31 0.0 104762.2358
5119.45 5119.45 0.0 104755.2627
5133.6 5133.6 0.0 104748.3154
5147.74 5147.74 0.0 104741.3970
5161.88 5161.88 0.0 104734.5115
5176.02 5176.02 0.0 104727.6479
5190.16 5190.16 0.0 104720.8098
5204.31 5204.31 0.0 104713.9966
5218.45 5218.45 0.0 104707.2131
5232.59 5232.59 0.0 104700.4565
5246.73 5246.73 0.0 104693.7222
5260.87 5260.87 0.0 104687.0127
5275.02 5275.02 0.0 104680.3267
5289.16 5289.16 0.0 104673.6709
5303.3 5303.3 0.0 104667.0349
5317.44 5317.44 0.0 104660.4263
5331.59 5331.59 0.0 104653.8357
5345.73 5345.73 0.0 104647.2769
5359.87 5359.87 0.0 104640.7354
5374.01 5374.01 0.0 104634.2261
5388.15 5388.15 0.0 104627.7324
5402.3 5402.3 0.0 104621.2610
5416.44 5416.44 0.0 104614.8149
5430.58 5430.58 0.0 104608.3906
5444.72 5444.72 0.0 104601.9932
5458.86 5458.86 0.0 104595.6138
5473.01 5473.01 0.0 104589.2520
5487.15 5487.15 0.0 104582.9197
5501.29 5501.29 0.0 104576.6052
5515.43 5515.43 0.0 104570.3145
5529.58 5529.58 0.0 104564.0386
5543.72 5543.72 0.0 104557.7888
5557.86 5557.86 0.0 104551.5601
5572.0 5572.0 0.0 104545.3511
5586.14 5586.14 0.0 104539.1633
5600.29 5600.29 0.0 104532.9934
5614.43 5614.43 0.0 104526.8447
5628.57 5628.57 0.0 104520.7195
5642.71 5642.71 0.0 104514.6094
5656.85 5656.85 0.0 104508.5229
5671.0 5671.0 0.0 104502.4482
5685.14 5685.14 0.0 104496.3999
5699.28 5699.28 0.0 104490.3691
5713.42 5713.42 0.0 104484.3560
5727.56 5727.56 0.0 104478.3621
5741.71 5741.71 0.0 104472.3850
5755.85 5755.85 0.0 104466.4299
5769.99 5769.99 0.0 104460.4919
5784.13 5784.13 0.0 104454.5742
5798.28 5798.28 0.0 104448.6663
5812.42 5812.42 0.0 104442.7842
5826.56 5826.56 0.0 104436.9172
5840.7 5840.7 0.0 104431.0708
5854.84 5854.84 0.0 104425.2393
5868.99 5868.99 0.0 104419.4219
5883.13 5883.13 0.0 104413.6228
5897.27 5897.27 0.0 104407.8459
5911.41 5911.41 0.0 104402.0833
5925.55 5925.55 0.0 104396.3369
5939.7 5939.7 0.0 104390.6072
5953.84 5953.84 0.0 104384.8926
5967.98 5967.98 0.0 104379.1975
5982.12 5982.12 0.0 104373.5168
5996.27 5996.27 0.0 104367.8513
6010.41 6010.41 0.0 104362.2021
6024.55 6024.55 0.0 104356.5708
6038.69 6038.69 0.0 104350.9553
6052.83 6052.83 0.0 104345.3533
6066.98 6066.98 0.0 104339.7673
6081.12 6081.12 0.0 104334.1973
6095.26 6095.26 0.0 104328.6433
6109.4 6109.4 0.0 104323.1072
6123.54 6123.54 0.0 104317.5806
6137.69 6137.69 0.0 104312.0703
6151.83 6151.83 0.0 104306.5769
6165.97 6165.97 0.0 104301.0981
6180.11 6180.11 0.0 104295.6333
6194.26 6194.26 0.0 104290.1831
6208.4 6208.4 0.0 104284.7468
6222.54 6222.54 0.0 104279.3274
6236.68 6236.68 0.0 104273.9229
6250.82 6250.82 0.0 104268.5330
6264.97 6264.97 0.0 104263.1504
6279.11 6279.11 0.0 104257.7861
6293.25 6293.25 0.0 104252.4373
6307.39 6307.39 0.0 104247.1035
6321.53 6321.53 0.0 104241.7822
6335.68 6335.68 0.0 104236.4709
6349.82 6349.82 0.0 104231.1775
6363.96 6363.96 0.0 104225.8989
6378.1 6378.1 0.0 104220.6301
6392.25 6392.25 0.0 104215.3735
6406.39 6406.39 0.0 104210.1333
6420.53 6420.53 0.0 104204.9097
6434.67 6434.67 0.0 104199.6953
6448.81 6448.81 0.0 104194.4944
6462.96 6462.96 0.0 104189.3044
6477.1 6477.1 0.0 104184.1318
6491.24 6491.24 0.0 104178.9688
6505.38 6505.38 0.0 104173.8218
6519.52 6519.52 0.0 104168.6865
6533.67 6533.67 0.0 104163.5603
6547.81 6547.81 0.0 104158.4509
6561.95 6561.95 0.0 104153.3516
6576.09 6576.09 0.0 104148.2678
6590.24 6590.24 0.0 104143.1921
6604.38 6604.38 0.0 104138.1309
6618.52 6618.52 0.0 104133.0842
6632.66 6632.66 0.0 104128.0491
6646.8 6646.8 0.0 104123.0283
6660.95 6660.95 0.0 104118.0139
6675.09 6675.09 0.0 104113.0137
6689.23 6689.23 0.0 104108.0293
6703.37 6703.37 0.0 104103.0549
6717.51 6717.51 0.0 104098.0908
6731.66 6731.66 0.0 104093.1355
6745.8 6745.8 0.0 104088.1968
6759.94 6759.94 0.0 104083.2722
6774.08 6774.08 0.0 104078.3591
6788.23 6788.23 0.0 104073.4509
6802.37 6802.37 0.0 104068.5618
6816.51 6816.51 0.0 104063.6787
6830.65 6830.65 0.0 104058.8137
6844.79 6844.79 0.0 104053.9556
6858.94 6858.94 0.0 104049.1077
6873.08 6873.08 0.0 104044.2734
6887.22 6887.22 0.0 104039.4529
6901.36 6901.36 0.0 104034.6409
6915.5 6915.5 0.0 104029.8425
6929.65 6929.65 0.0 104025.0500
6943.79 6943.79 0.0 104020.2754
6957.93 6957.93 0.0 104015.5090
6972.07 6972.07 0.0 104010.7559
6986.21 6986.21 0.0 104006.0112
7000.36 7000.36 0.0 104001.2766
7014.5 7014.5 0.0 103996.5574
7028.64 7028.64 0.0 103991.8469
7042.78 7042.78 0.0 103987.1484
7056.93 7056.93 0.0 103982.4556
7071.07 7071.07 0.0 103977.7825
7085.21 7085.21 0.0 103973.1150
7099.35 7099.35 0.0 103968.4619
7113.49 7113.49 0.0 103963.8159
7127.64 7127.64 0.0 103959.1807
7141.78 7141.78 0.0 103954.5583
7155.92 7155.92 0.0 103949.9478
7170.06 7170.06 0.0 103945.3494
7184.2 7184.2 0.0 103940.7563
7198.35 7198.35 0.0 103936.1750
7212.49 7212.49 0.0 103931.6079
7226.63 7226.63 0.0 103927.0500
7240.77 7240.77 0.0 103922.5027
7254.92 7254.92 0.0 103917.9646
7269.06 7269.06 0.0 103913.4368
7283.2 7283.2 0.0 103908.9219
7297.34 7297.34 0.0 103904.4182
7311.48 7311.48 0.0 103899.9236
7325.63 7325.63 0.0 103895.4373
7339.77 7339.77 0.0 103890.9658
7353.91 7353.91 0.0 103886.5022
7368.05 7368.05 0.0 103882.0510
7382.19 7382.19 0.0 103877.6077
7396.34 7396.34 0.0 103873.1746
7410.48 7410.48 0.0 103868.7539
7424.62 7424.62 0.0 103864.3457
7438.76 7438.76 0.0 103859.9429
7452.91 7452.91 0.0 103855.5525
7467.05 7467.05 0.0 103851.1716
7481.19 7481.19 0.0 103846.8040
7495.33 7495.33 0.0 103842.4456
7509.47 7509.47 0.0 103838.0947
7523.62 7523.62 0.0 103833.7566
7537.76 7537.76 0.0 103829.4255
7551.9 7551.9 0.0 103825.1094
7566.04 7566.04 0.0 103820.8005
7580.18 7580.18 0.0 103816.5049
7594.33 7594.33 0.0 103812.2146
7608.47 7608.47 0.0 103807.9385
7622.61 7622.61 0.0 103803.6721
7636.75 7636.75 0.0 103799.4143
7650.9 7650.9 0.0 103795.1641
7665.04 7665.04 0.0 103790.9277
7679.18 7679.18 0.0 103786.7036
7693.32 7693.32 0.0 103782.4878
7707.46 7707.46 0.0 103778.2791
7721.61 7721.61 0.0 103774.0835
7735.75 7735.75 0.0 103769.8965
7749.89 7749.89 0.0 103765.7188
7764.03 7764.03 0.0 103761.5549
7778.17 7778.17 0.0 103757.3982
