0.0 0.0 0.0 313878.5156
14.1421 14.1421 0.0 331517.4531
28.2843 28.2843 0.0 329767.4062
42.4264 42.4264 0.0 328346.4844
56.5685 56.5685 0.0 327004.7969
70.7107 70.7107 0.0 325550.1875
84.8528 84.8528 0.0 323911.1562
98.9949 98.9949 0.0 322068.1719
113.137 113.137 0.0 320022.7031
127.279 127.279 0.0 317785.8750
141.421 141.421 0.0 315372.4688
155.563 155.563 0.0 312799.1875
169.706 169.706 0.0 310083.1875
183.848 183.848 0.0 307242.0312
197.99 197.99 0.0 304292.0156
212.132 212.132 0.0 301249.1250
226.274 226.274 0.0 298128.2656
240.416 240.416 0.0 294943.5000
254.558 254.558 0.0 291707.5938
268.701 268.701 0.0 288432.2969
282.843 282.843 0.0 285128.7812
296.985 296.985 0.0 281806.8125
311.127 311.127 0.0 278475.2656
325.269 325.269 0.0 275142.2812
339.411 339.411 0.0 271815.1406
353.553 353.553 0.0 268500.6250
367.696 367.696 0.0 265204.2656
381.838 381.838 0.0 261932.0938
395.98 395.98 0.0 258688.7344
410.122 410.122 0.0 255478.4219
424.264 424.264 0.0 252305.2500
438.406 438.406 0.0 249172.7031
452.548 452.548 0.0 246084.0625
466.69 466.69 0.0 243042.1094
480.833 480.833 0.0 240049.1562
494.975 494.975 0.0 237108.0000
509.117 509.117 0.0 234220.3906
523.259 523.259 0.0 231388.2344
537.401 537.401 0.0 228612.9062
551.543 551.543 0.0 225895.8438
565.685 565.685 0.0 223238.1641
579.828 579.828 0.0 220640.5781
593.97 593.97 0.0 218104.0547
608.112 608.112 0.0 215628.7578
622.254 622.254 0.0 213214.7812
636.396 636.396 0.0 210861.8750
650.538 650.538 0.0 208569.3984
664.68 664.68 0.0 206336.2734
678.823 678.823 0.0 204160.8672
692.965 692.965 0.0 202041.4688
707.107 707.107 0.0 199975.4219
721.249 721.249 0.0 197959.6797
735.391 735.391 0.0 195990.6094
749.533 749.533 0.0 194064.2812
763.675 763.675 0.0 192176.2344
777.817 777.817 0.0 190321.7578
791.96 791.96 0.0 188496.0703
806.102 806.102 0.0 186694.8281
820.244 820.244 0.0 184913.6328
834.386 834.386 0.0 183148.9297
848.528 848.528 0.0 181397.9922
862.67 862.67 0.0 179659.0078
876.812 876.812 0.0 177931.6016
890.955 890.955 0.0 176216.2109
905.097 905.097 0.0 174515.0312
919.239 919.239 0.0 172831.0000
933.381 933.381 0.0 171167.9766
947.523 947.523 0.0 169530.6562
961.665 961.665 0.0 167923.9531
975.807 975.807 0.0 166353.0039
989.949 989.949 0.0 164822.7578
1004.09 1004.09 0.0 163337.8594
1018.23 1018.23 0.0 161902.2227
1032.38 1032.38 0.0 160517.9336
1046.52 1046.52 0.0 159189.2422
1060.66 1060.66 0.0 157916.6641
1074.8 1074.8 0.0 156700.6406
1088.94 1088.94 0.0 155540.9062
1103.09 1103.09 0.0 154435.5352
1117.23 1117.23 0.0 153384.2734
1131.37 1131.37 0.0 152383.8828
1145.51 1145.51 0.0 151431.4492
1159.66 1159.66 0.0 150523.0273
1173.8 1173.8 0.0 149656.3516
1187.94 1187.94 0.0 148827.0078
1202.08 1202.08 0.0 148031.2227
1216.22 1216.22 0.0 147265.2070
1230.37 1230.37 0.0 146524.8359
1244.51 1244.51 0.0 145807.6914
1258.65 1258.65 0.0 145110.0508
1272.79 1272.79 0.0 144429.0352
1286.93 1286.93 0.0 143762.0820
1301.08 1301.08 0.0 143106.5586
1315.22 1315.22 0.0 142461.5820
1329.36 1329.36 0.0 141825.3008
1343.5 1343.5 0.0 141196.6719
1357.65 1357.65 0.0 140574.6133
1371.79 1371.79 0.0 139959.7148
1385.93 1385.93 0.0 139351.5117
1400.07 1400.07 0.0 138750.3242
1414.21 1414.21 0.0 138156.6875
1428.36 1428.36 0.0 137570.8750
1442.5 1442.5 0.0 136994.6523
1456.64 1456.64 0.0 136428.5195
1470.78 1470.78 0.0 135873.5391
1484.92 1484.92 0.0 135330.7188
1499.07 1499.07 0.0 134800.7031
1513.21 1513.21 0.0 134285.1445
1527.35 1527.35 0.0 133784.4375
1541.49 1541.49 0.0 133299.2305
1555.63 1555.63 0.0 132829.9844
1569.78 1569.78 0.0 132376.6602
1583.92 1583.92 0.0 131939.9785
1598.06 1598.06 0.0 131519.5117
1612.2 1612.2 0.0 131114.9219
1626.35 1626.35 0.0 130725.4551
1640.49 1640.49 0.0 130351.0352
1654.63 1654.63 0.0 129990.5742
1668.77 1668.77 0.0 129643.1992
1682.91 1682.91 0.0 129307.9336
1697.06 1697.06 0.0 128983.5645
1711.2 1711.2 0.0 128669.5195
1725.34 1725.34 0.0 128364.5664
1739.48 1739.48 0.0 128067.7402
1753.62 1753.62 0.0 127778.1152
1767.77 1767.77 0.0 127494.6680
1781.91 1781.91 0.0 127217.0449
1796.05 1796.05 0.0 126944.3691
1810.19 1810.19 0.0 126676.0801
1824.34 1824.34 0.0 126411.5098
1838.48 1838.48 0.0 126150.6348
1852.62 1852.62 0.0 125892.9609
1866.76 1866.76 0.0 125638.2461
1880.9 1880.9 0.0 125386.3105
1895.05 1895.05 0.0 125136.8594
1909.19 1909.19 0.0 124890.1680
1923.33 1923.33 0.0 124646.0195
1937.47 1937.47 0.0 124404.3789
1951.61 1951.61 0.0 124165.2363
1965.76 1965.76 0.0 123928.4844
1979.9 1979.9 0.0 123694.4434
1994.04 1994.04 0.0 123462.9766
2008.18 2008.18 0.0 123234.1211
2022.33 2022.33 0.0 123007.7246
2036.47 2036.47 0.0 122784.1133
2050.61 2050.61 0.0 122563.1445
2064.75 2064.75 0.0 122344.8164
2078.89 2078.89 0.0 122129.1172
2093.04 2093.04 0.0 121915.8906
2107.18 2107.18 0.0 121705.3945
2121.32 2121.32 0.0 121497.4531
2135.46 2135.46 0.0 121292.0371
2149.6 2149.6 0.0 121089.0801
2163.75 2163.75 0.0 120888.4004
2177.89 2177.89 0.0 120690.2246
2192.03 2192.03 0.0 120494.3516
2206.17 2206.17 0.0 120300.7012
2220.32 2220.32 0.0 120109.0918
2234.46 2234.46 0.0 119919.6973
2248.6 2248.6 0.0 119732.3320
2262.74 2262.74 0.0 119546.9004
2276.88 2276.88 0.0 119363.3555
2291.03 2291.03 0.0 119181.4414
2305.17 2305.17 0.0 119001.3809
2319.31 2319.31 0.0 118822.9453
2333.45 2333.45 0.0 118646.0742
2347.59 2347.59 0.0 118470.6445
2361.74 2361.74 0.0 118296.4883
2375.88 2375.88 0.0 118123.7344
2390.02 2390.02 0.0 117952.2051
2404.16 2404.16 0.0 117781.7988
2418.31 2418.31 0.0 117612.2930
2432.45 2432.45 0.0 117443.8711
2446.59 2446.59 0.0 117276.3037
2460.73 2460.73 0.0 117109.4980
2474.87 2474.87 0.0 116943.3896
2489.02 2489.02 0.0 116777.7656
2503.16 2503.16 0.0 116612.7695
2517.3 2517.3 0.0 116448.2480
2531.44 2531.44 0.0 116284.1055
2545.58 2545.58 0.0 116120.3008
2559.73 2559.73 0.0 115956.6826
2573.87 2573.87 0.0 115793.4443
2588.01 2588.01 0.0 115630.4561
2602.15 2602.15 0.0 115467.7363
2616.3 2616.3 0.0 115305.1748
2630.44 2630.44 0.0 115143.0742
2644.58 2644.58 0.0 114981.3711
2658.72 2658.72 0.0 114820.1689
2672.86 2672.86 0.0 114659.5605
2687.01 2687.01 0.0 114499.5723
2701.15 2701.15 0.0 114340.5898
2715.29 2715.29 0.0 114182.6426
2729.43 2729.43 0.0 114025.9453
2743.57 2743.57 0.0 113870.6582
2757.72 2757.72 0.0 113716.8926
2771.86 2771.86 0.0 113565.0469
2786.0 2786.0 0.0 113415.2344
2800.14 2800.14 0.0 113267.6230
2814.28 2814.28 0.0 113122.4248
2828.43 2828.43 0.0 112979.7002
2842.57 2842.57 0.0 112839.8164
2856.71 2856.71 0.0 112702.8096
2870.85 2870.85 0.0 112568.7998
2885.0 2885.0 0.0 112437.7988
2899.14 2899.14 0.0 112310.0811
2913.28 2913.28 0.0 112185.5947
2927.42 2927.42 0.0 112064.3965
2941.56 2941.56 0.0 111946.4873
2955.71 2955.71 0.0 111831.7842
2969.85 2969.85 0.0 111720.4395
2983.99 2983.99 0.0 111612.3281
2998.13 2998.13 0.0 111507.3867
3012.27 3012.27 0.0 111405.5635
3026.42 3026.42 0.0 111306.6943
3040.56 3040.56 0.0 111210.8398
3054.7 3054.7 0.0 111117.8398
3068.84 3068.84 0.0 111027.5879
3082.99 3082.99 0.0 110939.9160
3097.13 3097.13 0.0 110854.8359
3111.27 3111.27 0.0 110772.1768
3125.41 3125.41 0.0 110691.8379
3139.55 3139.55 0.0 110613.6904
3153.7 3153.7 0.0 110537.5830
3167.84 3167.84 0.0 110463.5273
3181.98 3181.98 0.0 110391.3281
3196.12 3196.12 0.0 110320.9189
3210.26 3210.26 0.0 110252.1855
3224.41 3224.41 0.0 110184.9932
3238.55 3238.55 0.0 110119.3477
3252.69 3252.69 0.0 110055.1143
3266.83 3266.83 0.0 109992.2090
3280.98 3280.98 0.0 109930.5059
3295.12 3295.12 0.0 109870.0361
3309.26 3309.26 0.0 109810.6826
3323.4 3323.4 0.0 109752.3799
3337.54 3337.54 0.0 109695.0752
3351.69 3351.69 0.0 109638.6641
3365.83 3365.83 0.0 109583.1855
3379.97 3379.97 0.0 109528.5430
3394.11 3394.11 0.0 109474.7041
3408.25 3408.25 0.0 109421.6221
3422.4 3422.4 0.0 109369.2241
3436.54 3436.54 0.0 109317.5630
3450.68 3450.68 0.0 109266.5562
3464.82 3464.82 0.0 109216.1875
3478.97 3478.97 0.0 109166.3848
3493.11 3493.11 0.0 109117.2197
3507.25 3507.25 0.0 109068.6118
3521.39 3521.39 0.0 109020.5586
3535.53 3535.53 0.0 108973.0459
3549.68 3549.68 0.0 108926.0200
3563.82 3563.82 0.0 108879.5439
3577.96 3577.96 0.0 108833.5688
3592.1 3592.1 0.0 108788.0815
3606.24 3606.24 0.0 108743.0879
3620.39 3620.39 0.0 108698.5425
3634.53 3634.53 0.0 108654.5010
3648.67 3648.67 0.0 108610.9390
3662.81 3662.81 0.0 108567.8423
3676.96 3676.96 0.0 108525.1865
3691.1 3691.1 0.0 108483.0200
3705.24 3705.24 0.0 108441.3291
3719.38 3719.38 0.0 108400.0957
3733.52 3733.52 0.0 108359.3311
3747.67 3747.67 0.0 108318.9990
3761.81 3761.81 0.0 108279.1592
3775.95 3775.95 0.0 108239.7949
3790.09 3790.09 0.0 108200.8882
3804.23 3804.23 0.0 108162.4531
3818.38 3818.38 0.0 108124.4580
3832.52 3832.52 0.0 108086.9600
3846.66 3846.66 0.0 108049.9326
3860.8 3860.8 0.0 108013.3750
3874.95 3874.95 0.0 107977.2583
3889.09 3889.09 0.0 107941.6382
3903.23 3903.23 0.0 107906.4863
3917.37 3917.37 0.0 107871.8066
3931.51 3931.51 0.0 107837.5879
3945.66 3945.66 0.0 107803.8125
3959.8 3959.8 0.0 107770.5269
3973.94 3973.94 0.0 107737.6953
3988.08 3988.08 0.0 107705.3306
4002.22 4002.22 0.0 107673.4189
4016.37 4016.37 0.0 107641.9326
4030.51 4030.51 0.0 107610.9199
4044.65 4044.65 0.0 107580.3462
4058.79 4058.79 0.0 107550.2119
4072.94 4072.94 0.0 107520.4956
4087.08 4087.08 0.0 107491.2227
4101.22 4101.22 0.0 107462.3735
4115.36 4115.36 0.0 107433.9399
4129.5 4129.5 0.0 107405.9224
4143.65 4143.65 0.0 107378.2852
4157.79 4157.79 0.0 107351.0601
4171.93 4171.93 0.0 107324.2280
4186.07 4186.07 0.0 107297.7788
4200.21 4200.21 0.0 107271.7031
4214.36 4214.36 0.0 107245.9800
4228.5 4228.5 0.0 107220.6323
4242.64 4242.64 0.0 107195.6382
4256.78 4256.78 0.0 107170.9883
4270.92 4270.92 0.0 107146.6738
4285.07 4285.07 0.0 107122.6724
4299.21 4299.21 0.0 107099.0117
4313.35 4313.35 0.0 107075.6582
4327.49 4327.49 0.0 107052.6191
4341.64 4341.64 0.0 107029.8530
4355.78 4355.78 0.0 107007.4023
4369.92 4369.92 0.0 106985.2358
4384.06 4384.06 0.0 106963.3486
4398.2 4398.2 0.0 106941.7329
4412.35 4412.35 0.0 106920.3618
4426.49 4426.49 0.0 106899.2661
4440.63 4440.63 0.0 106878.4263
4454.77 4454.77 0.0 106857.8296
4468.91 4468.91 0.0 106837.4771
4483.06 4483.06 0.0 106817.3447
4497.2 4497.2 0.0 106797.4585
4511.34 4511.34 0.0 106777.7993
4525.48 4525.48 0.0 106758.3652
4539.63 4539.63 0.0 106739.1348
4553.77 4553.77 0.0 106720.1411
4567.91 4567.91 0.0 106701.3521
4582.05 4582.05 0.0 106682.7759
4596.19 4596.19 0.0 106664.4058
4610.34 4610.34 0.0 106646.2305
4624.48 4624.48 0.0 106628.2686
4638.62 4638.62 0.0 106610.5068
4652.76 4652.76 0.0 106592.9453
4666.9 4666.9 0.0 106575.5850
4681.05 4681.05 0.0 106558.4023
4695.19 4695.19 0.0 106541.4277
4709.33 4709.33 0.0 106524.6494
4723.47 4723.47 0.0 106508.0620
4737.62 4737.62 0.0 106491.6514
4751.76 4751.76 0.0 106475.4487
4765.9 4765.9 0.0 106459.4307
4780.04 4780.04 0.0 106443.6045
4794.18 4794.18 0.0 106427.9595
4808.33 4808.33 0.0 106412.4912
4822.47 4822.47 0.0 106397.2188
4836.61 4836.61 0.0 106382.1240
4850.75 4850.75 0.0 106367.2134
4864.89 4864.89 0.0 106352.4814
4879.04 4879.04 0.0 106337.9155
4893.18 4893.18 0.0 106323.5347
4907.32 4907.32 0.0 106309.3228
4921.46 4921.46 0.0 106295.2842
4935.61 4935.61 0.0 106281.3975
4949.75 4949.75 0.0 106267.6836
4963.89 4963.89 0.0 106254.1323
4978.03 4978.03 0.0 106240.7344
4992.17 4992.17 0.0 106227.4893
5006.32 5006.32 0.0 106214.3853
5020.46 5020.46 0.0 106201.4409
5034.6 5034.6 0.0 106188.6348
5048.74 5048.74 0.0 106175.9639
5062.88 5062.88 0.0 106163.4297
5077.03 5077.03 0.0 106151.0146
5091.17 5091.17 0.0 106138.7393
5105.31 5105.31 0.0 106126.5815
5119.45 5119.45 0.0 106114.5439
5133.6 5133.6 0.0 106102.6108
5147.74 5147.74 0.0 106090.7935
5161.88 5161.88 0.0 106079.0869
5176.02 5176.02 0.0 106067.4814
5190.16 5190.16 0.0 106055.9756
5204.31 5204.31 0.0 106044.5527
5218.45 5218.45 0.0 106033.2324
5232.59 5232.59 0.0 106021.9995
5246.73 5246.73 0.0 106010.8501
5260.87 5260.87 0.0 105999.7837
5275.02 5275.02 0.0 105988.7866
5289.16 5289.16 0.0 105977.8740
5303.3 5303.3 0.0 105967.0322
5317.44 5317.44 0.0 105956.2627
5331.59 5331.59 0.0 105945.5503
5345.73 5345.73 0.0 105934.9102
5359.87 5359.87 0.0 105924.3315
5374.01 5374.01 0.0 105913.8120
5388.15 5388.15 0.0 105903.3521
5402.3 5402.3 0.0 105892.9390
5416.44 5416.44 0.0 105882.5913
5430.58 5430.58 0.0 105872.2949
5444.72 5444.72 0.0 105862.0454
5458.86 5458.86 0.0 105851.8491
5473.01 5473.01 0.0 105841.6904
5487.15 5487.15 0.0 105831.5869
5501.29 5501.29 0.0 105821.5254
5515.43 5515.43 0.0 105811.5117
5529.58 5529.58 0.0 105801.5337
5543.72 5543.72 0.0 105791.6001
5557.86 5557.86 0.0 105781.7080
5572.0 5572.0 0.0 105771.8574
5586.14 5586.14 0.0 105762.0454
5600.29 5600.29 0.0 105752.2646
5614.43 5614.43 0.0 105742.5269
5628.57 5628.57 0.0 105732.8271
5642.71 5642.71 0.0 105723.1694
5656.85 5656.85 0.0 105713.5415
5671.0 5671.0 0.0 105703.9453
5685.14 5685.14 0.0 105694.3882
5699.28 5699.28 0.0 105684.8706
5713.42 5713.42 0.0 105675.3843
5727.56 5727.56 0.0 105665.9370
5741.71 5741.71 0.0 105656.5142
5755.85 5755.85 0.0 105647.1309
5769.99 5769.99 0.0 105637.7842
5784.13 5784.13 0.0 105628.4692
5798.28 5798.28 0.0 105619.1851
5812.42 5812.42 0.0 105609.9370
5826.56 5826.56 0.0 105600.7271
5840.7 5840.7 0.0 105591.5454
5854.84 5854.84 0.0 105582.4033
5868.99 5868.99 0.0 105573.2871
5883.13 5883.13 0.0 105564.2104
5897.27 5897.27 0.0 105555.1670
5911.41 5911.41 0.0 105546.1592
5925.55 5925.55 0.0 105537.1821
5939.7 5939.7 0.0 105528.2344
5953.84 5953.84 0.0 105519.3301
5967.98 5967.98 0.0 105510.4541
5982.12 5982.12 0.0 105501.6118
5996.27 5996.27 0.0 105492.8057
6010.41 6010.41 0.0 105484.0327
6024.55 6024.55 0.0 105475.2983
6038.69 6038.69 0.0 105466.5967
6052.83 6052.83 0.0 105457.9258
6066.98 6066.98 0.0 105449.2900
6081.12 6081.12 0.0 105440.6948
6095.26 6095.26 0.0 105432.1274
6109.4 6109.4 0.0 105423.5991
6123.54 6123.54 0.0 105415.1047
6137.69 6137.69 0.0 105406.6389
6151.83 6151.83 0.0 105398.2144
6165.97 6165.97 0.0 105389.8245
6180.11 6180.11 0.0 105381.4690
6194.26 6194.26 0.0 105373.1440
6208.4 6208.4 0.0 105364.8572
6222.54 6222.54 0.0 105356.6047
6236.68 6236.68 0.0 105348.3923
6250.82 6250.82 0.0 105340.2114
6264.97 6264.97 0.0 105332.0569
6279.11 6279.11 0.0 105323.9473
6293.25 6293.25 0.0 105315.8699
6307.39 6307.39 0.0 105307.8276
6321.53 6321.53 0.0 105299.8176
6335.68 6335.68 0.0 105291.8396
6349.82 6349.82 0.0 105283.8999
6363.96 6363.96 0.0 105275.9949
6378.1 6378.1 0.0 105268.1243
6392.25 6392.25 0.0 105260.2830
6406.39 6406.39 0.0 105252.4790
6420.53 6420.53 0.0 105244.7109
6434.67 6434.67 0.0 105236.9753
6448.81 6448.81 0.0 105229.2773
6462.96 6462.96 0.0 105221.5999
6477.1 6477.1 0.0 105213.9673
6491.24 6491.24 0.0 105206.3640
6505.38 6505.38 0.0 105198.7981
6519.52 6519.52 0.0 105191.2651
6533.67 6533.67 0.0 105183.7539
6547.81 6547.81 0.0 105176.2869
6561.95 6561.95 0.0 105168.8489
6576.09 6576.09 0.0 105161.4431
6590.24 6590.24 0.0 105154.0667
6604.38 6604.38 0.0 105146.7261
6618.52 6618.52 0.0 105139.4192
6632.66 6632.66 0.0 105132.1409
6646.8 6646.8 0.0 105124.8948
6660.95 6660.95 0.0 105117.6768
6675.09 6675.09 0.0 105110.4956
6689.23 6689.23 0.0 105103.3408
6703.37 6703.37 0.0 105096.2209
6717.51 6717.51 0.0 105089.1289
6731.66 6731.66 0.0 105082.0610
6745.8 6745.8 0.0 105075.0312
6759.94 6759.94 0.0 105068.0325
6774.08 6774.08 0.0 105061.0627
6788.23 6788.23 0.0 105054.1165
6802.37 6802.37 0.0 105047.2043
6816.51 6816.51 0.0 105040.3210
6830.65 6830.65 0.0 105033.4680
6844.79 6844.79 0.0 105026.6418
6858.94 6858.94 0.0 105019.8420
6873.08 6873.08 0.0 105013.0723
6887.22 6887.22 0.0 105006.3328
6901.36 6901.36 0.0 104999.6211
6915.5 6915.5 0.0 104992.9373
6929.65 6929.65 0.0 104986.2761
6943.79 6943.79 0.0 104979.6460
6957.93 6957.93 0.0 104973.0439
6972.07 6972.07 0.0 104966.4690
6986.21 6986.21 0.0 104959.9214
7000.36 7000.36 0.0 104953.3977
7014.5 7014.5 0.0 104946.9014
7028.64 7028.64 0.0 104940.4307
7042.78 7042.78 0.0 104933.9863
7056.93 7056.93 0.0 104927.5708
7071.07 7071.07 0.0 104921.1807
7085.21 7085.21 0.0 104914.8171
7099.35 7099.35 0.0 104908.4797
7113.49 7113.49 0.0 104902.1641
7127.64 7127.64 0.0 104895.8733
7141.78 7141.78 0.0 104889.6084
7155.92 7155.92 0.0 104883.3752
7170.06 7170.06 0.0 104877.1611
7184.2 7184.2 0.0 104870.9749
7198.35 7198.35 0.0 104864.8076
7212.49 7212.49 0.0 104858.6697
7226.63 7226.63 0.0 104852.5574
7240.77 7240.77 0.0 104846.4707
7254.92 7254.92 0.0 104840.4048
7269.06 7269.06 0.0 104834.3677
7283.2 7283.2 0.0 104828.3542
7297.34 7297.34 0.0 104822.3643
7311.48 7311.48 0.0 104816.4028
7325.63 7325.63 0.0 104810.4597
7339.77 7339.77 0.0 104804.5437
7353.91 7353.91 0.0 104798.6555
7368.05 7368.05 0.0 104792.7903
7382.19 7382.19 0.0 104786.9502
7396.34 7396.34 0.0 104781.1296
7410.48 7410.48 0.0 104775.3403
7424.62 7424.62 0.0 104769.5769
7438.76 7438.76 0.0 104763.8364
7452.91 7452.91 0.0 104758.1147
7467.05 7467.05 0.0 104752.4258
7481.19 7481.19 0.0 104746.7598
7495.33 7495.33 0.0 104741.1187
7509.47 7509.47 0.0 104735.5066
7523.62 7523.62 0.0 104729.9099
7537.76 7537.76 0.0 104724.3518
7551.9 7551.9 0.0 104718.8142
7566.04 7566.04 0.0 104713.3047
7580.18 7580.18 0.0 104707.8203
7594.33 7594.33 0.0 104702.3594
7608.47 7608.47 0.0 104696.9280
7622.61 7622.61 0.0 104691.5210
7636.75 7636.75 0.0 104686.1458
7650.9 7650.9 0.0 104680.7898
7665.04 7665.04 0.0 104675.4648
7679.18 7679.18 0.0 104670.1721
7693.32 7693.32 0.0 104664.9053
7707.46 7707.46 0.0 104659.6658
7721.61 7721.61 0.0 104654.4519
7735.75 7735.75 0.0 104649.2700
7749.89 7749.89 0.0 104644.1167
7764.03 7764.03 0.0 104638.9900
7778.17 7778.17 0.0 104633.8923
