0.0 0.0 0.0 197023.7266
14.1421 14.1421 0.0 202077.2422
28.2843 28.2843 0.0 200714.1094
42.4264 42.4264 0.0 200096.9844
56.5685 56.5685 0.0 199722.4219
70.7107 70.7107 0.0 199418.6172
84.8528 84.8528 0.0 199111.7812
98.9949 98.9949 0.0 198767.1172
113.137 113.137 0.0 198368.3047
127.279 127.279 0.0 197908.7422
141.421 141.421 0.0 197387.1719
155.563 155.563 0.0 196805.2969
169.706 169.706 0.0 196166.5547
183.848 183.848 0.0 195475.5703
197.99 197.99 0.0 194737.2656
212.132 212.132 0.0 193957.0312
226.274 226.274 0.0 193140.3359
240.416 240.416 0.0 192292.5469
254.558 254.558 0.0 191418.9219
268.701 268.701 0.0 190524.4297
282.843 282.843 0.0 189613.8672
296.985 296.985 0.0 188691.4531
311.127 311.127 0.0 187761.0859
325.269 325.269 0.0 186826.1484
339.411 339.411 0.0 185889.6797
353.553 353.553 0.0 184954.0938
367.696 367.696 0.0 184021.4609
381.838 381.838 0.0 183093.5234
395.98 395.98 0.0 182171.5000
410.122 410.122 0.0 181256.3672
424.264 424.264 0.0 180348.7734
438.406 438.406 0.0 179449.0391
452.548 452.548 0.0 178557.4297
466.69 466.69 0.0 177673.8594
480.833 480.833 0.0 176798.1250
494.975 494.975 0.0 175930.1172
509.117 509.117 0.0 175069.3984
523.259 523.259 0.0 174215.5781
537.401 537.401 0.0 173368.1875
551.543 551.543 0.0 172526.7344
565.685 565.685 0.0 171690.6562
579.828 579.828 0.0 170859.3516
593.97 593.97 0.0 170032.2422
608.112 608.112 0.0 169208.6719
622.254 622.254 0.0 168387.8359
636.396 636.396 0.0 167568.8281
650.538 650.538 0.0 166750.6719
664.68 664.68 0.0 165932.2461
678.823 678.823 0.0 165112.1484
692.965 692.965 0.0 164289.0234
707.107 707.107 0.0 163461.0820
721.249 721.249 0.0 162626.4258
735.391 735.391 0.0 161782.9922
749.533 749.533 0.0 160928.6367
763.675 763.675 0.0 160061.0234
777.817 777.817 0.0 159177.9023
791.96 791.96 0.0 158277.0039
806.102 806.102 0.0 157356.4492
820.244 820.244 0.0 156414.5625
834.386 834.386 0.0 155450.0234
848.528 848.528 0.0 154462.1406
862.67 862.67 0.0 153450.7734
876.812 876.812 0.0 152416.5195
890.955 890.955 0.0 151360.5195
905.097 905.097 0.0 150284.9336
919.239 919.239 0.0 149192.2070
933.381 933.381 0.0 148085.5742
947.523 947.523 0.0 146968.6680
961.665 961.665 0.0 145845.4688
975.807 975.807 0.0 144720.1797
989.949 989.949 0.0 143597.1797
1004.09 1004.09 0.0 142480.8516
1018.23 1018.23 0.0 141375.4648
1032.38 1032.38 0.0 140284.1719
1046.52 1046.52 0.0 139212.3398
1060.66 1060.66 0.0 138162.7227
1074.8 1074.8 0.0 137138.4531
1088.94 1088.94 0.0 136142.4180
1103.09 1103.09 0.0 135176.3867
1117.23 1117.23 0.0 134243.9492
1131.37 1131.37 0.0 133346.1348
1145.51 1145.51 0.0 132484.4941
1159.66 1159.66 0.0 131659.5020
1173.8 1173.8 0.0 130873.1719
1187.94 1187.94 0.0 130125.4121
1202.08 1202.08 0.0 129416.3652
1216.22 1216.22 0.0 128745.9023
1230.37 1230.37 0.0 128113.1875
1244.51 1244.51 0.0 127518.3633
1258.65 1258.65 0.0 126960.0391
1272.79 1272.79 0.0 126436.9805
1286.93 1286.93 0.0 125947.7480
1301.08 1301.08 0.0 125490.3965
1315.22 1315.22 0.0 125063.8027
1329.36 1329.36 0.0 124665.7266
1343.5 1343.5 0.0 124294.1680
1357.65 1357.65 0.0 123946.8613
1371.79 1371.79 0.0 123622.2324
1385.93 1385.93 0.0 123318.0137
1400.07 1400.07 0.0 123032.2266
1414.21 1414.21 0.0 122762.9668
1428.36 1428.36 0.0 122508.2676
1442.5 1442.5 0.0 122266.7891
1456.64 1456.64 0.0 122036.8184
1470.78 1470.78 0.0 121816.9492
1484.92 1484.92 0.0 121605.8945
1499.07 1499.07 0.0 121402.4023
1513.21 1513.21 0.0 121205.7793
1527.35 1527.35 0.0 121014.9941
1541.49 1541.49 0.0 120829.3496
1555.63 1555.63 0.0 120648.2090
1569.78 1569.78 0.0 120470.9336
1583.92 1583.92 0.0 120297.3535
1598.06 1598.06 0.0 120126.9922
1612.2 1612.2 0.0 119959.5977
1626.35 1626.35 0.0 119794.8281
1640.49 1640.49 0.0 119632.7480
1654.63 1654.63 0.0 119473.1270
1668.77 1668.77 0.0 119315.8613
1682.91 1682.91 0.0 119160.9199
1697.06 1697.06 0.0 119008.1152
1711.2 1711.2 0.0 118857.6426
1725.34 1725.34 0.0 118709.3789
1739.48 1739.48 0.0 118563.2930
1753.62 1753.62 0.0 118419.3789
1767.77 1767.77 0.0 118277.5039
1781.91 1781.91 0.0 118137.8555
1796.05 1796.05 0.0 118000.2930
1810.19 1810.19 0.0 117864.7949
1824.34 1824.34 0.0 117731.2109
1838.48 1838.48 0.0 117599.6816
1852.62 1852.62 0.0 117470.0547
1866.76 1866.76 0.0 117342.2676
1880.9 1880.9 0.0 117216.2227
1895.05 1895.05 0.0 117091.7637
1909.19 1909.19 0.0 116968.9707
1923.33 1923.33 0.0 116847.6611
1937.47 1937.47 0.0 116727.7529
1951.61 1951.61 0.0 116609.1094
1965.76 1965.76 0.0 116491.5674
1979.9 1979.9 0.0 116375.1641
1994.04 1994.04 0.0 116259.7402
2008.18 2008.18 0.0 116145.1602
2022.33 2022.33 0.0 116031.2373
2036.47 2036.47 0.0 115918.0430
2050.61 2050.61 0.0 115805.3877
2064.75 2064.75 0.0 115693.1855
2078.89 2078.89 0.0 115581.3486
2093.04 2093.04 0.0 115469.6992
2107.18 2107.18 0.0 115358.3389
2121.32 2121.32 0.0 115247.0732
2135.46 2135.46 0.0 115135.8906
2149.6 2149.6 0.0 115024.7080
2163.75 2163.75 0.0 114913.4033
2177.89 2177.89 0.0 114802.0977
2192.03 2192.03 0.0 114690.6719
2206.17 2206.17 0.0 114579.1260
2220.32 2220.32 0.0 114467.3330
2234.46 2234.46 0.0 114355.4775
2248.6 2248.6 0.0 114243.4590
2262.74 2262.74 0.0 114131.2998
2276.88 2276.88 0.0 114019.0146
2291.03 2291.03 0.0 113906.5439
2305.17 2305.17 0.0 113794.0889
2319.31 2319.31 0.0 113681.5732
2333.45 2333.45 0.0 113569.0723
2347.59 2347.59 0.0 113456.6025
2361.74 2361.74 0.0 113344.1572
2375.88 2375.88 0.0 113231.9170
2390.02 2390.02 0.0 113119.8643
2404.16 2404.16 0.0 113008.0449
2418.31 2418.31 0.0 112896.4238
2432.45 2432.45 0.0 112785.2217
2446.59 2446.59 0.0 112674.3838
2460.73 2460.73 0.0 112563.9609
2474.87 2474.87 0.0 112453.9834
2489.02 2489.02 0.0 112344.4170
2503.16 2503.16 0.0 112235.4434
2517.3 2517.3 0.0 112127.0039
2531.44 2531.44 0.0 112019.1240
2545.58 2545.58 0.0 111911.8164
2559.73 2559.73 0.0 111805.0205
2573.87 2573.87 0.0 111698.8975
2588.01 2588.01 0.0 111593.3711
2602.15 2602.15 0.0 111488.4541
2616.3 2616.3 0.0 111384.0703
2630.44 2630.44 0.0 111280.3691
2644.58 2644.58 0.0 111177.2881
2658.72 2658.72 0.0 111074.8154
2672.86 2672.86 0.0 110972.9785
2687.01 2687.01 0.0 110871.6973
2701.15 2701.15 0.0 110771.1514
2715.29 2715.29 0.0 110671.2773
2729.43 2729.43 0.0 110572.0996
2743.57 2743.57 0.0 110473.6562
2757.72 2757.72 0.0 110375.9258
2771.86 2771.86 0.0 110279.0684
2786.0 2786.0 0.0 110183.0918
2800.14 2800.14 0.0 110088.0283
2814.28 2814.28 0.0 109993.9629
2828.43 2828.43 0.0 109900.8701
2842.57 2842.57 0.0 109808.9785
2856.71 2856.71 0.0 109718.2832
2870.85 2870.85 0.0 109628.8447
2885.0 2885.0 0.0 109540.6826
2899.14 2899.14 0.0 109453.9980
2913.28 2913.28 0.0 109368.7969
2927.42 2927.42 0.0 109285.1270
2941.56 2941.56 0.0 109203.0737
2955.71 2955.71 0.0 109122.6255
2969.85 2969.85 0.0 109043.9409
2983.99 2983.99 0.0 108967.0137
2998.13 2998.13 0.0 108891.8706
3012.27 3012.27 0.0 108818.5459
3026.42 3026.42 0.0 108747.0039
3040.56 3040.56 0.0 108677.3584
3054.7 3054.7 0.0 108609.5645
3068.84 3068.84 0.0 108543.6113
3082.99 3082.99 0.0 108479.4395
3097.13 3097.13 0.0 108417.1235
3111.27 3111.27 0.0 108356.5806
3125.41 3125.41 0.0 108297.7886
3139.55 3139.55 0.0 108240.6924
3153.7 3153.7 0.0 108185.2124
3167.84 3167.84 0.0 108131.3799
3181.98 3181.98 0.0 108079.0947
3196.12 3196.12 0.0 108028.3022
3210.26 3210.26 0.0 107978.9370
3224.41 3224.41 0.0 107930.9048
3238.55 3238.55 0.0 107884.2056
3252.69 3252.69 0.0 107838.7393
3266.83 3266.83 0.0 107794.4492
3280.98 3280.98 0.0 107751.2246
3295.12 3295.12 0.0 107709.0713
3309.26 3309.26 0.0 107667.8960
3323.4 3323.4 0.0 107627.6328
3337.54 3337.54 0.0 107588.2222
3351.69 3351.69 0.0 107549.5815
3365.83 3365.83 0.0 107511.7134
3379.97 3379.97 0.0 107474.5308
3394.11 3394.11 0.0 107437.9873
3408.25 3408.25 0.0 107402.0439
3422.4 3422.4 0.0 107366.6274
3436.54 3436.54 0.0 107331.7451
3450.68 3450.68 0.0 107297.3359
3464.82 3464.82 0.0 107263.3687
3478.97 3478.97 0.0 107229.7803
3493.11 3493.11 0.0 107196.5977
3507.25 3507.25 0.0 107163.7681
3521.39 3521.39 0.0 107131.2715
3535.53 3535.53 0.0 107099.0830
3549.68 3549.68 0.0 107067.1606
3563.82 3563.82 0.0 107035.5332
3577.96 3577.96 0.0 107004.1665
3592.1 3592.1 0.0 106973.0439
3606.24 3606.24 0.0 106942.1582
3620.39 3620.39 0.0 106911.4746
3634.53 3634.53 0.0 106881.0337
3648.67 3648.67 0.0 106850.8008
3662.81 3662.81 0.0 106820.7725
3676.96 3676.96 0.0 106790.9302
3691.1 3691.1 0.0 106761.2959
3705.24 3705.24 0.0 106731.8579
3719.38 3719.38 0.0 106702.6201
3733.52 3733.52 0.0 106673.5625
3747.67 3747.67 0.0 106644.6821
3761.81 3761.81 0.0 106616.0122
3775.95 3775.95 0.0 106587.5288
3790.09 3790.09 0.0 106559.2437
3804.23 3804.23 0.0 106531.1470
3818.38 3818.38 0.0 106503.2183
3832.52 3832.52 0.0 106475.5073
3846.66 3846.66 0.0 106447.9902
3860.8 3860.8 0.0 106420.6763
3874.95 3874.95 0.0 106393.5361
3889.09 3889.09 0.0 106366.6191
3903.23 3903.23 0.0 106339.9023
3917.37 3917.37 0.0 106313.3926
3931.51 3931.51 0.0 106287.0894
3945.66 3945.66 0.0 106260.9712
3959.8 3959.8 0.0 106235.0840
3973.94 3973.94 0.0 106209.4102
3988.08 3988.08 0.0 106183.9453
4002.22 4002.22 0.0 106158.6953
4016.37 4016.37 0.0 106133.6445
4030.51 4030.51 0.0 106108.8281
4044.65 4044.65 0.0 106084.2285
4058.79 4058.79 0.0 106059.8486
4072.94 4072.94 0.0 106035.6724
4087.08 4087.08 0.0 106011.7349
4101.22 4101.22 0.0 105988.0142
4115.36 4115.36 0.0 105964.5171
4129.5 4129.5 0.0 105941.2437
4143.65 4143.65 0.0 105918.1738
4157.79 4157.79 0.0 105895.3408
4171.93 4171.93 0.0 105872.7271
4186.07 4186.07 0.0 105850.3418
4200.21 4200.21 0.0 105828.1729
4214.36 4214.36 0.0 105806.2109
4228.5 4228.5 0.0 105784.4824
4242.64 4242.64 0.0 105762.9780
4256.78 4256.78 0.0 105741.6865
4270.92 4270.92 0.0 105720.6128
4285.07 4285.07 0.0 105699.7441
4299.21 4299.21 0.0 105679.1035
4313.35 4313.35 0.0 105658.6724
4327.49 4327.49 0.0 105638.4585
4341.64 4341.64 0.0 105618.4438
4355.78 4355.78 0.0 105598.6504
4369.92 4369.92 0.0 105579.0664
4384.06 4384.06 0.0 105559.6865
4398.2 4398.2 0.0 105540.5186
4412.35 4412.35 0.0 105521.5337
4426.49 4426.49 0.0 105502.7690
4440.63 4440.63 0.0 105484.2051
4454.77 4454.77 0.0 105465.8379
4468.91 4468.91 0.0 105447.6689
4483.06 4483.06 0.0 105429.6812
4497.2 4497.2 0.0 105411.9001
4511.34 4511.34 0.0 105394.3120
4525.48 4525.48 0.0 105376.9136
4539.63 4539.63 0.0 105359.6965
4553.77 4553.77 0.0 105342.6716
4567.91 4567.91 0.0 105325.8379
4582.05 4582.05 0.0 105309.1846
4596.19 4596.19 0.0 105292.7136
4610.34 4610.34 0.0 105276.4163
4624.48 4624.48 0.0 105260.3105
4638.62 4638.62 0.0 105244.3794
4652.76 4652.76 0.0 105228.6272
4666.9 4666.9 0.0 105213.0493
4681.05 4681.05 0.0 105197.6367
4695.19 4695.19 0.0 105182.4026
4709.33 4709.33 0.0 105167.3455
4723.47 4723.47 0.0 105152.4558
4737.62 4737.62 0.0 105137.7224
4751.76 4751.76 0.0 105123.1716
4765.9 4765.9 0.0 105108.7827
4780.04 4780.04 0.0 105094.5596
4794.18 4794.18 0.0 105080.4985
4808.33 4808.33 0.0 105066.5933
4822.47 4822.47 0.0 105052.8550
4836.61 4836.61 0.0 105039.2761
4850.75 4850.75 0.0 105025.8616
4864.89 4864.89 0.0 105012.5969
4879.04 4879.04 0.0 104999.4846
4893.18 4893.18 0.0 104986.5305
4907.32 4907.32 0.0 104973.7295
4921.46 4921.46 0.0 104961.0808
4935.61 4935.61 0.0 104948.5725
4949.75 4949.75 0.0 104936.2236
4963.89 4963.89 0.0 104924.0198
4978.03 4978.03 0.0 104911.9561
4992.17 4992.17 0.0 104900.0430
5006.32 5006.32 0.0 104888.2598
5020.46 5020.46 0.0 104876.6250
5034.6 5034.6 0.0 104865.1296
5048.74 5048.74 0.0 104853.7683
5062.88 5062.88 0.0 104842.5425
5077.03 5077.03 0.0 104831.4426
5091.17 5091.17 0.0 104820.4805
5105.31 5105.31 0.0 104809.6470
5119.45 5119.45 0.0 104798.9399
5133.6 5133.6 0.0 104788.3530
5147.74 5147.74 0.0 104777.8967
5161.88 5161.88 0.0 104767.5576
5176.02 5176.02 0.0 104757.3406
5190.16 5190.16 0.0 104747.2368
5204.31 5204.31 0.0 104737.2441
5218.45 5218.45 0.0 104727.3711
5232.59 5232.59 0.0 104717.6025
5246.73 5246.73 0.0 104707.9507
5260.87 5260.87 0.0 104698.4050
5275.02 5275.02 0.0 104688.9531
5289.16 5289.16 0.0 104679.6108
5303.3 5303.3 0.0 104670.3713
5317.44 5317.44 0.0 104661.2314
5331.59 5331.59 0.0 104652.1799
5345.73 5345.73 0.0 104643.2258
5359.87 5359.87 0.0 104634.3679
5374.01 5374.01 0.0 104625.6011
5388.15 5388.15 0.0 104616.9204
5402.3 5402.3 0.0 104608.3218
5416.44 5416.44 0.0 104599.8142
5430.58 5430.58 0.0 104591.3911
5444.72 5444.72 0.0 104583.0466
5458.86 5458.86 0.0 104574.7854
5473.01 5473.01 0.0 104566.5930
5487.15 5487.15 0.0 104558.4829
5501.29 5501.29 0.0 104550.4497
5515.43 5515.43 0.0 104542.4885
5529.58 5529.58 0.0 104534.5945
5543.72 5543.72 0.0 104526.7744
5557.86 5557.86 0.0 104519.0222
5572.0 5572.0 0.0 104511.3386
5586.14 5586.14 0.0 104503.7175
5600.29 5600.29 0.0 104496.1584
5614.43 5614.43 0.0 104488.6670
5628.57 5628.57 0.0 104481.2383
5642.71 5642.71 0.0 104473.8689
5656.85 5656.85 0.0 104466.5586
5671.0 5671.0 0.0 104459.3010
5685.14 5685.14 0.0 104452.1062
5699.28 5699.28 0.0 104444.9653
5713.42 5713.42 0.0 104437.8774
5727.56 5727.56 0.0 104430.8428
5741.71 5741.71 0.0 104423.8596
5755.85 5755.85 0.0 104416.9316
5769.99 5769.99 0.0 104410.0544
5784.13 5784.13 0.0 104403.2234
5798.28 5798.28 0.0 104396.4377
5812.42 5812.42 0.0 104389.7053
5826.56 5826.56 0.0 104383.0166
5840.7 5840.7 0.0 104376.3748
5854.84 5854.84 0.0 104369.7800
5868.99 5868.99 0.0 104363.2205
5883.13 5883.13 0.0 104356.7136
5897.27 5897.27 0.0 104350.2466
5911.41 5911.41 0.0 104343.8206
5925.55 5925.55 0.0 104337.4355
5939.7 5939.7 0.0 104331.0889
5953.84 5953.84 0.0 104324.7864
5967.98 5967.98 0.0 104318.5198
5982.12 5982.12 0.0 104312.2922
5996.27 5996.27 0.0 104306.0984
6010.41 6010.41 0.0 104299.9446
6024.55 6024.55 0.0 104293.8306
6038.69 6038.69 0.0 104287.7502
6052.83 6052.83 0.0 104281.7058
6066.98 6066.98 0.0 104275.6892
6081.12 6081.12 0.0 104269.7134
6095.26 6095.26 0.0 104263.7717
6109.4 6109.4 0.0 104257.8645
6123.54 6123.54 0.0 104251.9858
6137.69 6137.69 0.0 104246.1355
6151.83 6151.83 0.0 104240.3232
6165.97 6165.97 0.0 104234.5391
6180.11 6180.11 0.0 104228.7871
6194.26 6194.26 0.0 104223.0603
6208.4 6208.4 0.0 104217.3682
6222.54 6222.54 0.0 104211.7070
6236.68 6236.68 0.0 104206.0740
6250.82 6250.82 0.0 104200.4675
6264.97 6264.97 0.0 104194.8882
6279.11 6279.11 0.0 104189.3398
6293.25 6293.25 0.0 104183.8188
6307.39 6307.39 0.0 104178.3259
6321.53 6321.53 0.0 104172.8586
6335.68 6335.68 0.0 104167.4126
6349.82 6349.82 0.0 104162.0012
6363.96 6363.96 0.0 104156.6138
6378.1 6378.1 0.0 104151.2524
6392.25 6392.25 0.0 104145.9109
6406.39 6406.39 0.0 104140.6008
6420.53 6420.53 0.0 104135.3115
6434.67 6434.67 0.0 104130.0518
6448.81 6448.81 0.0 104124.8115
6462.96 6462.96 0.0 104119.5972
6477.1 6477.1 0.0 104114.4094
6491.24 6491.24 0.0 104109.2444
6505.38 6505.38 0.0 104104.1040
6519.52 6519.52 0.0 104098.9861
6533.67 6533.67 0.0 104093.8896
6547.81 6547.81 0.0 104088.8220
6561.95 6561.95 0.0 104083.7727
6576.09 6576.09 0.0 104078.7498
6590.24 6590.24 0.0 104073.7441
6604.38 6604.38 0.0 104068.7654
6618.52 6618.52 0.0 104063.8091
6632.66 6632.66 0.0 104058.8760
6646.8 6646.8 0.0 104053.9661
6660.95 6660.95 0.0 104049.0764
6675.09 6675.09 0.0 104044.2097
6689.23 6689.23 0.0 104039.3660
6703.37 6703.37 0.0 104034.5454
6717.51 6717.51 0.0 104029.7446
6731.66 6731.66 0.0 104024.9653
6745.8 6745.8 0.0 104020.2097
6759.94 6759.94 0.0 104015.4753
6774.08 6774.08 0.0 104010.7676
6788.23 6788.23 0.0 104006.0752
6802.37 6802.37 0.0 104001.4053
6816.51 6816.51 0.0 103996.7583
6830.65 6830.65 0.0 103992.1340
6844.79 6844.79 0.0 103987.5339
6858.94 6858.94 0.0 103982.9492
6873.08 6873.08 0.0 103978.3928
6887.22 6887.22 0.0 103973.8567
6901.36 6901.36 0.0 103969.3408
6915.5 6915.5 0.0 103964.8479
6929.65 6929.65 0.0 103960.3711
6943.79 6943.79 0.0 103955.9236
6957.93 6957.93 0.0 103951.4958
6972.07 6972.07 0.0 103947.0867
6986.21 6986.21 0.0 103942.7051
7000.36 7000.36 0.0 103938.3396
7014.5 7014.5 0.0 103933.9988
7028.64 7028.64 0.0 103929.6797
7042.78 7042.78 0.0 103925.3828
7056.93 7056.93 0.0 103921.1055
7071.07 7071.07 0.0 103916.8508
7085.21 7085.21 0.0 103912.6196
7099.35 7099.35 0.0 103908.4099
7113.49 7113.49 0.0 103904.2244
7127.64 7127.64 0.0 103900.0540
7141.78 7141.78 0.0 103895.9099
7155.92 7155.92 0.0 103891.7896
7170.06 7170.06 0.0 103887.6882
7184.2 7184.2 0.0 103883.6128
7198.35 7198.35 0.0 103879.5535
7212.49 7212.49 0.0 103875.5215
7226.63 7226.63 0.0 103871.5088
7240.77 7240.77 0.0 103867.5208
7254.92 7254.92 0.0 103863.5537
7269.06 7269.06 0.0 103859.6096
7283.2 7283.2 0.0 103855.6860
7297.34 7297.34 0.0 103851.7878
7311.48 7311.48 0.0 103847.9089
7325.63 7325.63 0.0 103844.0513
7339.77 7339.77 0.0 103840.2190
7353.91 7353.91 0.0 103836.4080
7368.05 7368.05 0.0 103832.6194
7382.19 7382.19 0.0 103828.8545
7396.34 7396.34 0.0 103825.1094
7410.48 7410.48 0.0 103821.3877
7424.62 7424.62 0.0 103817.6885
7438.76 7438.76 0.0 103814.0146
7452.91 7452.91 0.0 103810.3591
7467.05 7467.05 0.0 103806.7271
7481.19 7481.19 0.0 103803.1196
7495.33 7495.33 0.0 103799.5356
7509.47 7509.47 0.0 103795.9746
7523.62 7523.62 0.0 103792.4329
7537.76 7537.76 0.0 103788.9155
7551.9 7551.9 0.0 103785.4202
7566.04 7566.04 0.0 103781.9495
7580.18 7580.18 0.0 103778.5000
7594.33 7594.33 0.0 103775.0728
7608.47 7608.47 0.0 103771.6692
7622.61 7622.61 0.0 103768.2888
7636.75 7636.75 0.0 103764.9329
7650.9 7650.9 0.0 103761.5967
7665.04 7665.04 0.0 103758.2859
7679.18 7679.18 0.0 103754.9968
7693.32 7693.32 0.0 103751.7329
7707.46 7707.46 0.0 103748.4912
7721.61 7721.61 0.0 103745.2695
7735.75 7735.75 0.0 103742.0740
7749.89 7749.89 0.0 103738.9014
7764.03 7764.03 0.0 103735.7534
7778.17 7778.17 0.0 103732.6279
