0.0 0.0 0.0 1041235.0625
14.1421 14.1421 0.0 1005196.7500
28.2843 28.2843 0.0 988707.8750
42.4264 42.4264 0.0 946246.0000
56.5685 56.5685 0.0 893494.8750
70.7107 70.7107 0.0 837833.8750
84.8528 84.8528 0.0 781305.3750
98.9949 98.9949 0.0 724717.1250
113.137 113.137 0.0 668760.1250
127.279 127.279 0.0 614294.3125
141.421 141.421 0.0 562307.0625
155.563 155.563 0.0 513739.0938
169.706 169.706 0.0 469306.2812
183.848 183.848 0.0 429410.8438
197.99 197.99 0.0 394120.1250
212.132 212.132 0.0 363242.9219
226.274 226.274 0.0 336420.9844
240.416 240.416 0.0 313217.0938
254.558 254.558 0.0 293177.2656
268.701 268.701 0.0 275867.0938
282.843 282.843 0.0 260893.5312
296.985 296.985 0.0 247902.8750
311.127 311.127 0.0 236585.0156
325.269 325.269 0.0 226670.8125
339.411 339.411 0.0 217929.7422
353.553 353.553 0.0 210166.7109
367.696 367.696 0.0 203219.3984
381.838 381.838 0.0 196956.2578
395.98 395.98 0.0 191270.3047
410.122 410.122 0.0 186076.3594
424.264 424.264 0.0 181307.3516
438.406 438.406 0.0 176910.0625
452.548 452.548 0.0 172842.1094
466.69 466.69 0.0 169069.4297
480.833 480.833 0.0 165563.8320
494.975 494.975 0.0 162302.4180
509.117 509.117 0.0 159264.8867
523.259 523.259 0.0 156433.7461
537.401 537.401 0.0 153793.4141
551.543 551.543 0.0 151329.7578
565.685 565.685 0.0 149029.8828
579.828 579.828 0.0 146881.6875
593.97 593.97 0.0 144874.3867
608.112 608.112 0.0 142997.5156
622.254 622.254 0.0 141241.3516
636.396 636.396 0.0 139596.9453
650.538 650.538 0.0 138055.8711
664.68 664.68 0.0 136610.3477
678.823 678.823 0.0 135253.1133
692.965 692.965 0.0 133977.8438
707.107 707.107 0.0 132778.5723
721.249 721.249 0.0 131650.0723
735.391 735.391 0.0 130587.8145
749.533 749.533 0.0 129587.9258
763.675 763.675 0.0 128647.0703
777.817 777.817 0.0 127762.4355
791.96 791.96 0.0 126931.4844
806.102 806.102 0.0 126152.0801
820.244 820.244 0.0 125421.9785
834.386 834.386 0.0 124738.8906
848.528 848.528 0.0 124100.3535
862.67 862.67 0.0 123503.6934
876.812 876.812 0.0 122945.9395
890.955 890.955 0.0 122423.8809
905.097 905.097 0.0 121934.2402
919.239 919.239 0.0 121473.5840
933.381 933.381 0.0 121038.5312
947.523 947.523 0.0 120625.7422
961.665 961.665 0.0 120232.1133
975.807 975.807 0.0 119854.7383
989.949 989.949 0.0 119491.0234
1004.09 1004.09 0.0 119138.6816
1018.23 1018.23 0.0 118795.7129
1032.38 1032.38 0.0 118460.1992
1046.52 1046.52 0.0 118131.2266
1060.66 1060.66 0.0 117807.4805
1074.8 1074.8 0.0 117488.1553
1088.94 1088.94 0.0 117172.6641
1103.09 1103.09 0.0 116860.3945
1117.23 1117.23 0.0 116551.6162
1131.37 1131.37 0.0 116246.0352
1145.51 1145.51 0.0 115943.7158
1159.66 1159.66 0.0 115644.6309
1173.8 1173.8 0.0 115349.4189
1187.94 1187.94 0.0 115058.1680
1202.08 1202.08 0.0 114771.1738
1216.22 1216.22 0.0 114488.7930
1230.37 1230.37 0.0 114211.1719
1244.51 1244.51 0.0 113939.0654
1258.65 1258.65 0.0 113672.6514
1272.79 1272.79 0.0 113412.2607
1286.93 1286.93 0.0 113158.2812
1301.08 1301.08 0.0 112910.8613
1315.22 1315.22 0.0 112670.7246
1329.36 1329.36 0.0 112438.0264
1343.5 1343.5 0.0 112213.0977
1357.65 1357.65 0.0 111996.0996
1371.79 1371.79 0.0 111787.6357
1385.93 1385.93 0.0 111587.8193
1400.07 1400.07 0.0 111396.8389
1414.21 1414.21 0.0 111214.8652
1428.36 1428.36 0.0 111041.8799
1442.5 1442.5 0.0 110878.1504
1456.64 1456.64 0.0 110723.4854
1470.78 1470.78 0.0 110577.7275
1484.92 1484.92 0.0 110440.6426
1499.07 1499.07 0.0 110311.8027
1513.21 1513.21 0.0 110190.9893
1527.35 1527.35 0.0 110077.5996
1541.49 1541.49 0.0 109971.0996
1555.63 1555.63 0.0 109870.9092
1569.78 1569.78 0.0 109776.3438
1583.92 1583.92 0.0 109686.9434
1598.06 1598.06 0.0 109602.0732
1612.2 1612.2 0.0 109521.2061
1626.35 1626.35 0.0 109443.8276
1640.49 1640.49 0.0 109369.6826
1654.63 1654.63 0.0 109298.4194
1668.77 1668.77 0.0 109229.8315
1682.91 1682.91 0.0 109163.8008
1697.06 1697.06 0.0 109100.2344
1711.2 1711.2 0.0 109039.2202
1725.34 1725.34 0.0 108980.7690
1739.48 1739.48 0.0 108924.9326
1753.62 1753.62 0.0 108871.7852
1767.77 1767.77 0.0 108821.3301
1781.91 1781.91 0.0 108773.6660
1796.05 1796.05 0.0 108728.7300
1810.19 1810.19 0.0 108686.4600
1824.34 1824.34 0.0 108646.7114
1838.48 1838.48 0.0 108609.3848
1852.62 1852.62 0.0 108574.2456
1866.76 1866.76 0.0 108541.0640
1880.9 1880.9 0.0 108509.5625
1895.05 1895.05 0.0 108479.4463
1909.19 1909.19 0.0 108450.4575
1923.33 1923.33 0.0 108422.2808
1937.47 1937.47 0.0 108394.6045
1951.61 1951.61 0.0 108367.1528
1965.76 1965.76 0.0 108339.6543
1979.9 1979.9 0.0 108311.8872
1994.04 1994.04 0.0 108283.6182
2008.18 2008.18 0.0 108254.6729
2022.33 2022.33 0.0 108224.8667
2036.47 2036.47 0.0 108194.1279
2050.61 2050.61 0.0 108162.3364
2064.75 2064.75 0.0 108129.4458
2078.89 2078.89 0.0 108095.4355
2093.04 2093.04 0.0 108060.2759
2107.18 2107.18 0.0 108024.0474
2121.32 2121.32 0.0 107986.7842
2135.46 2135.46 0.0 107948.5498
2149.6 2149.6 0.0 107909.4238
2163.75 2163.75 0.0 107869.4829
2177.89 2177.89 0.0 107828.8774
2192.03 2192.03 0.0 107787.6875
2206.17 2206.17 0.0 107746.0249
2220.32 2220.32 0.0 107703.9697
2234.46 2234.46 0.0 107661.6792
2248.6 2248.6 0.0 107619.2231
2262.74 2262.74 0.0 107576.6963
2276.88 2276.88 0.0 107534.1934
2291.03 2291.03 0.0 107491.7500
2305.17 2305.17 0.0 107449.5088
2319.31 2319.31 0.0 107407.5005
2333.45 2333.45 0.0 107365.7832
2347.59 2347.59 0.0 107324.4048
2361.74 2361.74 0.0 107283.3853
2375.88 2375.88 0.0 107242.8232
2390.02 2390.02 0.0 107202.7148
2404.16 2404.16 0.0 107163.0913
2418.31 2418.31 0.0 107123.9492
2432.45 2432.45 0.0 107085.3677
2446.59 2446.59 0.0 107047.3237
2460.73 2460.73 0.0 107009.8379
2474.87 2474.87 0.0 106972.9146
2489.02 2489.02 0.0 106936.5488
2503.16 2503.16 0.0 106900.7856
2517.3 2517.3 0.0 106865.6069
2531.44 2531.44 0.0 106831.0186
2545.58 2545.58 0.0 106797.0210
2559.73 2559.73 0.0 106763.5845
2573.87 2573.87 0.0 106730.7627
2588.01 2588.01 0.0 106698.5298
2602.15 2602.15 0.0 106666.8794
2616.3 2616.3 0.0 106635.7944
2630.44 2630.44 0.0 106605.3037
2644.58 2644.58 0.0 106575.3921
2658.72 2658.72 0.0 106546.0444
2672.86 2672.86 0.0 106517.2627
2687.01 2687.01 0.0 106489.0146
2701.15 2701.15 0.0 106461.3433
2715.29 2715.29 0.0 106434.2080
2729.43 2729.43 0.0 106407.6123
2743.57 2743.57 0.0 106381.5425
2757.72 2757.72 0.0 106355.9829
2771.86 2771.86 0.0 106330.9463
2786.0 2786.0 0.0 106306.4102
2800.14 2800.14 0.0 106282.3691
2814.28 2814.28 0.0 106258.8066
2828.43 2828.43 0.0 106235.7002
2842.57 2842.57 0.0 106213.0688
2856.71 2856.71 0.0 106190.8911
2870.85 2870.85 0.0 106169.1499
2885.0 2885.0 0.0 106147.8223
2899.14 2899.14 0.0 106126.9219
2913.28 2913.28 0.0 106106.4307
2927.42 2927.42 0.0 106086.3223
2941.56 2941.56 0.0 106066.6040
2955.71 2955.71 0.0 106047.2339
2969.85 2969.85 0.0 106028.2334
2983.99 2983.99 0.0 106009.5771
2998.13 2998.13 0.0 105991.2476
3012.27 3012.27 0.0 105973.2393
3026.42 3026.42 0.0 105955.5293
3040.56 3040.56 0.0 105938.1221
3054.7 3054.7 0.0 105921.0000
3068.84 3068.84 0.0 105904.1514
3082.99 3082.99 0.0 105887.5503
3097.13 3097.13 0.0 105871.2129
3111.27 3111.27 0.0 105855.1152
3125.41 3125.41 0.0 105839.2505
3139.55 3139.55 0.0 105823.6035
3153.7 3153.7 0.0 105808.1577
3167.84 3167.84 0.0 105792.9224
3181.98 3181.98 0.0 105777.8828
3196.12 3196.12 0.0 105763.0244
3210.26 3210.26 0.0 105748.3481
3224.41 3224.41 0.0 105733.8252
3238.55 3238.55 0.0 105719.4819
3252.69 3252.69 0.0 105705.2930
3266.83 3266.83 0.0 105691.2500
3280.98 3280.98 0.0 105677.3452
3295.12 3295.12 0.0 105663.5889
3309.26 3309.26 0.0 105649.9653
3323.4 3323.4 0.0 105636.4707
3337.54 3337.54 0.0 105623.1040
3351.69 3351.69 0.0 105609.8511
3365.83 3365.83 0.0 105596.7212
3379.97 3379.97 0.0 105583.7100
3394.11 3394.11 0.0 105570.8091
3408.25 3408.25 0.0 105558.0239
3422.4 3422.4 0.0 105545.3335
3436.54 3436.54 0.0 105532.7612
3450.68 3450.68 0.0 105520.2915
3464.82 3464.82 0.0 105507.9253
3478.97 3478.97 0.0 105495.6587
3493.11 3493.11 0.0 105483.4907
3507.25 3507.25 0.0 105471.4297
3521.39 3521.39 0.0 105459.4658
3535.53 3535.53 0.0 105447.6040
3549.68 3549.68 0.0 105435.8311
3563.82 3563.82 0.0 105424.1650
3577.96 3577.96 0.0 105412.5925
3592.1 3592.1 0.0 105401.1228
3606.24 3606.24 0.0 105389.7485
3620.39 3620.39 0.0 105378.4641
3634.53 3634.53 0.0 105367.2842
3648.67 3648.67 0.0 105356.2024
3662.81 3662.81 0.0 105345.2156
3676.96 3676.96 0.0 105334.3157
3691.1 3691.1 0.0 105323.5193
3705.24 3705.24 0.0 105312.8188
3719.38 3719.38 0.0 105302.2153
3733.52 3733.52 0.0 105291.6997
3747.67 3747.67 0.0 105281.2778
3761.81 3761.81 0.0 105270.9551
3775.95 3775.95 0.0 105260.7227
3790.09 3790.09 0.0 105250.5842
3804.23 3804.23 0.0 105240.5354
3818.38 3818.38 0.0 105230.5671
3832.52 3832.52 0.0 105220.6987
3846.66 3846.66 0.0 105210.9126
3860.8 3860.8 0.0 105201.2175
3874.95 3874.95 0.0 105191.5999
3889.09 3889.09 0.0 105182.0740
3903.23 3903.23 0.0 105172.6299
3917.37 3917.37 0.0 105163.2695
3931.51 3931.51 0.0 105153.9900
3945.66 3945.66 0.0 105144.7803
3959.8 3959.8 0.0 105135.6526
3973.94 3973.94 0.0 105126.6006
3988.08 3988.08 0.0 105117.6245
4002.22 4002.22 0.0 105108.7197
4016.37 4016.37 0.0 105099.8772
4030.51 4030.51 0.0 105091.1128
4044.65 4044.65 0.0 105082.4150
4058.79 4058.79 0.0 105073.7839
4072.94 4072.94 0.0 105065.2080
4087.08 4087.08 0.0 105056.7014
4101.22 4101.22 0.0 105048.2568
4115.36 4115.36 0.0 105039.8718
4129.5 4129.5 0.0 105031.5447
4143.65 4143.65 0.0 105023.2659
4157.79 4157.79 0.0 105015.0479
4171.93 4171.93 0.0 105006.8831
4186.07 4186.07 0.0 104998.7676
4200.21 4200.21 0.0 104990.7119
4214.36 4214.36 0.0 104982.6914
4228.5 4228.5 0.0 104974.7231
4242.64 4242.64 0.0 104966.8035
4256.78 4256.78 0.0 104958.9319
4270.92 4270.92 0.0 104951.0999
4285.07 4285.07 0.0 104943.3088
4299.21 4299.21 0.0 104935.5635
4313.35 4313.35 0.0 104927.8572
4327.49 4327.49 0.0 104920.1948
4341.64 4341.64 0.0 104912.5671
4355.78 4355.78 0.0 104904.9797
4369.92 4369.92 0.0 104897.4324
4384.06 4384.06 0.0 104889.9207
4398.2 4398.2 0.0 104882.4504
4412.35 4412.35 0.0 104875.0042
4426.49 4426.49 0.0 104867.6042
4440.63 4440.63 0.0 104860.2412
4454.77 4454.77 0.0 104852.9119
4468.91 4468.91 0.0 104845.6128
4483.06 4483.06 0.0 104838.3457
4497.2 4497.2 0.0 104831.1184
4511.34 4511.34 0.0 104823.9263
4525.48 4525.48 0.0 104816.7651
4539.63 4539.63 0.0 104809.6335
4553.77 4553.77 0.0 104802.5449
4567.91 4567.91 0.0 104795.4836
4582.05 4582.05 0.0 104788.4634
4596.19 4596.19 0.0 104781.4736
4610.34 4610.34 0.0 104774.5107
4624.48 4624.48 0.0 104767.5869
4638.62 4638.62 0.0 104760.6965
4652.76 4652.76 0.0 104753.8423
4666.9 4666.9 0.0 104747.0234
4681.05 4681.05 0.0 104740.2324
4695.19 4695.19 0.0 104733.4812
4709.33 4709.33 0.0 104726.7639
4723.47 4723.47 0.0 104720.0793
4737.62 4737.62 0.0 104713.4258
4751.76 4751.76 0.0 104706.8140
4765.9 4765.9 0.0 104700.2346
4780.04 4780.04 0.0 104693.6936
4794.18 4794.18 0.0 104687.1829
4808.33 4808.33 0.0 104680.7100
4822.47 4822.47 0.0 104674.2717
4836.61 4836.61 0.0 104667.8687
4850.75 4850.75 0.0 104661.5015
4864.89 4864.89 0.0 104655.1716
4879.04 4879.04 0.0 104648.8711
4893.18 4893.18 0.0 104642.6111
4907.32 4907.32 0.0 104636.3850
4921.46 4921.46 0.0 104630.1973
4935.61 4935.61 0.0 104624.0381
4949.75 4949.75 0.0 104617.9175
4963.89 4963.89 0.0 104611.8359
4978.03 4978.03 0.0 104605.7844
4992.17 4992.17 0.0 104599.7708
5006.32 5006.32 0.0 104593.7849
5020.46 5020.46 0.0 104587.8413
5034.6 5034.6 0.0 104581.9316
5048.74 5048.74 0.0 104576.0559
5062.88 5062.88 0.0 104570.2092
5077.03 5077.03 0.0 104564.3962
5091.17 5091.17 0.0 104558.6184
5105.31 5105.31 0.0 104552.8784
5119.45 5119.45 0.0 104547.1638
5133.6 5133.6 0.0 104541.4856
5147.74 5147.74 0.0 104535.8416
5161.88 5161.88 0.0 104530.2256
5176.02 5176.02 0.0 104524.6411
5190.16 5190.16 0.0 104519.0906
5204.31 5204.31 0.0 104513.5647
5218.45 5218.45 0.0 104508.0730
5232.59 5232.59 0.0 104502.6160
5246.73 5246.73 0.0 104497.1821
5260.87 5260.87 0.0 104491.7815
5275.02 5275.02 0.0 104486.4053
5289.16 5289.16 0.0 104481.0608
5303.3 5303.3 0.0 104475.7449
5317.44 5317.44 0.0 104470.4556
5331.59 5331.59 0.0 104465.1919
5345.73 5345.73 0.0 104459.9578
5359.87 5359.87 0.0 104454.7485
5374.01 5374.01 0.0 104449.5645
5388.15 5388.15 0.0 104444.4099
5402.3 5402.3 0.0 104439.2727
5416.44 5416.44 0.0 104434.1672
5430.58 5430.58 0.0 104429.0867
5444.72 5444.72 0.0 104424.0278
5458.86 5458.86 0.0 104418.9932
5473.01 5473.01 0.0 104413.9785
5487.15 5487.15 0.0 104408.9912
5501.29 5501.29 0.0 104404.0220
5515.43 5515.43 0.0 104399.0803
5529.58 5529.58 0.0 104394.1548
5543.72 5543.72 0.0 104389.2532
5557.86 5557.86 0.0 104384.3755
5572.0 5572.0 0.0 104379.5156
5586.14 5586.14 0.0 104374.6785
5600.29 5600.29 0.0 104369.8528
5614.43 5614.43 0.0 104365.0566
5628.57 5628.57 0.0 104360.2764
5642.71 5642.71 0.0 104355.5171
5656.85 5656.85 0.0 104350.7737
5671.0 5671.0 0.0 104346.0510
5685.14 5685.14 0.0 104341.3452
5699.28 5699.28 0.0 104336.6572
5713.42 5713.42 0.0 104331.9875
5727.56 5727.56 0.0 104327.3337
5741.71 5741.71 0.0 104322.6987
5755.85 5755.85 0.0 104318.0767
5769.99 5769.99 0.0 104313.4785
5784.13 5784.13 0.0 104308.8933
5798.28 5798.28 0.0 104304.3206
5812.42 5812.42 0.0 104299.7678
5826.56 5826.56 0.0 104295.2302
5840.7 5840.7 0.0 104290.7097
5854.84 5854.84 0.0 104286.2029
5868.99 5868.99 0.0 104281.7073
5883.13 5883.13 0.0 104277.2324
5897.27 5897.27 0.0 104272.7715
5911.41 5911.41 0.0 104268.3257
5925.55 5925.55 0.0 104263.8923
5939.7 5939.7 0.0 104259.4695
5953.84 5953.84 0.0 104255.0671
5967.98 5967.98 0.0 104250.6772
5982.12 5982.12 0.0 104246.3022
5996.27 5996.27 0.0 104241.9380
6010.41 6010.41 0.0 104237.5886
6024.55 6024.55 0.0 104233.2551
6038.69 6038.69 0.0 104228.9338
6052.83 6052.83 0.0 104224.6284
6066.98 6066.98 0.0 104220.3311
6081.12 6081.12 0.0 104216.0508
6095.26 6095.26 0.0 104211.7827
6109.4 6109.4 0.0 104207.5269
6123.54 6123.54 0.0 104203.2878
6137.69 6137.69 0.0 104199.0562
6151.83 6151.83 0.0 104194.8413
6165.97 6165.97 0.0 104190.6387
6180.11 6180.11 0.0 104186.4500
6194.26 6194.26 0.0 104182.2712
6208.4 6208.4 0.0 104178.1072
6222.54 6222.54 0.0 104173.9561
6236.68 6236.68 0.0 104169.8188
6250.82 6250.82 0.0 104165.6929
6264.97 6264.97 0.0 104161.5789
6279.11 6279.11 0.0 104157.4768
6293.25 6293.25 0.0 104153.3889
6307.39 6307.39 0.0 104149.3154
6321.53 6321.53 0.0 104145.2527
6335.68 6335.68 0.0 104141.2014
6349.82 6349.82 0.0 104137.1665
6363.96 6363.96 0.0 104133.1418
6378.1 6378.1 0.0 104129.1304
6392.25 6392.25 0.0 104125.1301
6406.39 6406.39 0.0 104121.1423
6420.53 6420.53 0.0 104117.1707
6434.67 6434.67 0.0 104113.2102
6448.81 6448.81 0.0 104109.2605
6462.96 6462.96 0.0 104105.3257
6477.1 6477.1 0.0 104101.4033
6491.24 6491.24 0.0 104097.4939
6505.38 6505.38 0.0 104093.5981
6519.52 6519.52 0.0 104089.7141
6533.67 6533.67 0.0 104085.8398
6547.81 6547.81 0.0 104081.9829
6561.95 6561.95 0.0 104078.1389
6576.09 6576.09 0.0 104074.3054
6590.24 6590.24 0.0 104070.4829
6604.38 6604.38 0.0 104066.6772
6618.52 6618.52 0.0 104062.8857
6632.66 6632.66 0.0 104059.1062
6646.8 6646.8 0.0 104055.3359
6660.95 6660.95 0.0 104051.5837
6675.09 6675.09 0.0 104047.8403
6689.23 6689.23 0.0 104044.1128
6703.37 6703.37 0.0 104040.3979
6717.51 6717.51 0.0 104036.6985
6731.66 6731.66 0.0 104033.0078
6745.8 6745.8 0.0 104029.3337
6759.94 6759.94 0.0 104025.6699
6774.08 6774.08 0.0 104022.0227
6788.23 6788.23 0.0 104018.3855
6802.37 6802.37 0.0 104014.7607
6816.51 6816.51 0.0 104011.1514
6830.65 6830.65 0.0 104007.5566
6844.79 6844.79 0.0 104003.9746
6858.94 6858.94 0.0 104000.4021
6873.08 6873.08 0.0 103996.8450
6887.22 6887.22 0.0 103993.3027
6901.36 6901.36 0.0 103989.7754
6915.5 6915.5 0.0 103986.2598
6929.65 6929.65 0.0 103982.7532
6943.79 6943.79 0.0 103979.2649
6957.93 6957.93 0.0 103975.7874
6972.07 6972.07 0.0 103972.3257
6986.21 6986.21 0.0 103968.8748
