0.0 0.0 0.0 1007023.8125
14.1421 14.1421 0.0 784093.5000
28.2843 28.2843 0.0 554982.9062
42.4264 42.4264 0.0 370977.4688
56.5685 56.5685 0.0 262498.3125
70.7107 70.7107 0.0 207948.1875
84.8528 84.8528 0.0 178474.9297
98.9949 98.9949 0.0 159911.9023
113.137 113.137 0.0 147306.0625
127.279 127.279 0.0 138543.0977
141.421 141.421 0.0 132381.2246
155.563 155.563 0.0 127994.1660
169.706 169.706 0.0 124728.0410
183.848 183.848 0.0 121961.3125
197.99 197.99 0.0 119307.4102
212.132 212.132 0.0 116844.1299
226.274 226.274 0.0 114766.4365
240.416 240.416 0.0 113089.6045
254.558 254.558 0.0 111732.2676
268.701 268.701 0.0 110616.3535
282.843 282.843 0.0 109688.2773
296.985 296.985 0.0 108911.9258
311.127 311.127 0.0 108260.8105
325.269 325.269 0.0 107713.2969
339.411 339.411 0.0 107250.5425
353.553 353.553 0.0 106856.0117
367.696 367.696 0.0 106515.6602
381.838 381.838 0.0 106218.1265
395.98 395.98 0.0 105954.5142
410.122 410.122 0.0 105718.1484
424.264 424.264 0.0 105504.0874
438.406 438.406 0.0 105308.6541
452.548 452.548 0.0 105129.0510
466.69 466.69 0.0 104963.0059
480.833 480.833 0.0 104808.5442
494.975 494.975 0.0 104663.8528
509.117 509.117 0.0 104527.1768
523.259 523.259 0.0 104396.8708
537.401 537.401 0.0 104271.5647
551.543 551.543 0.0 104150.3010
565.685 565.685 0.0 104032.6611
579.828 579.828 0.0 103918.7388
593.97 593.97 0.0 103809.0029
608.112 608.112 0.0 103704.0015
622.254 622.254 0.0 103604.1926
636.396 636.396 0.0 103509.8315
650.538 650.538 0.0 103420.9556
664.68 664.68 0.0 103337.4144
678.823 678.823 0.0 103258.9421
692.965 692.965 0.0 103185.2285
707.107 707.107 0.0 103115.9528
721.249 721.249 0.0 103050.8169
735.391 735.391 0.0 102989.5470
749.533 749.533 0.0 102931.9016
763.675 763.675 0.0 102877.6462
777.817 777.817 0.0 102826.5601
791.96 791.96 0.0 102778.4344
806.102 806.102 0.0 102733.0759
820.244 820.244 0.0 102690.3007
834.386 834.386 0.0 102649.9467
848.528 848.528 0.0 102611.8591
862.67 862.67 0.0 102575.9070
876.812 876.812 0.0 102541.9673
890.955 890.955 0.0 102509.9230
905.097 905.097 0.0 102479.6759
919.239 919.239 0.0 102451.1285
933.381 933.381 0.0 102424.1853
947.523 947.523 0.0 102398.7604
961.665 961.665 0.0 102374.7720
975.807 975.807 0.0 102352.1378
989.949 989.949 0.0 102330.7860
1004.09 1004.09 0.0 102310.6403
1018.23 1018.23 0.0 102291.6324
1032.38 1032.38 0.0 102273.6835
1046.52 1046.52 0.0 102256.7548
1060.66 1060.66 0.0 102240.7730
1074.8 1074.8 0.0 102225.6840
1088.94 1088.94 0.0 102211.4331
1103.09 1103.09 0.0 102197.9621
1117.23 1117.23 0.0 102185.2425
1131.37 1131.37 0.0 102173.2230
1145.51 1145.51 0.0 102161.8627
1159.66 1159.66 0.0 102151.1178
1173.8 1173.8 0.0 102140.9696
1187.94 1187.94 0.0 102131.3787
1202.08 1202.08 0.0 102122.3165
1216.22 1216.22 0.0 102113.7560
1230.37 1230.37 0.0 102105.6658
1244.51 1244.51 0.0 102098.0368
1258.65 1258.65 0.0 102090.8357
1272.79 1272.79 0.0 102084.0434
1286.93 1286.93 0.0 102077.6377
1301.08 1301.08 0.0 102071.5870
1315.22 1315.22 0.0 102065.8774
1329.36 1329.36 0.0 102060.4795
1343.5 1343.5 0.0 102055.3636
1357.65 1357.65 0.0 102050.4980
1371.79 1371.79 0.0 102045.8594
1385.93 1385.93 0.0 102041.4138
1400.07 1400.07 0.0 102037.1328
1414.21 1414.21 0.0 102032.9880
1428.36 1428.36 0.0 102028.9478
1442.5 1442.5 0.0 102024.9994
1456.64 1456.64 0.0 102021.1160
1470.78 1470.78 0.0 102017.2852
1484.92 1484.92 0.0 102013.4907
1499.07 1499.07 0.0 102009.7263
1513.21 1513.21 0.0 102005.9895
1527.35 1527.35 0.0 102002.2754
1541.49 1541.49 0.0 101998.5851
1555.63 1555.63 0.0 101994.9197
1569.78 1569.78 0.0 101991.2784
1583.92 1583.92 0.0 101987.6694
1598.06 1598.06 0.0 101984.0954
1612.2 1612.2 0.0 101980.5582
1626.35 1626.35 0.0 101977.0599
1640.49 1640.49 0.0 101973.6049
1654.63 1654.63 0.0 101970.1953
1668.77 1668.77 0.0 101966.8330
1682.91 1682.91 0.0 101963.5174
1697.06 1697.06 0.0 101960.2456
1711.2 1711.2 0.0 101957.0267
1725.34 1725.34 0.0 101953.8535
1739.48 1739.48 0.0 101950.7284
1753.62 1753.62 0.0 101947.6494
1767.77 1767.77 0.0 101944.6133
1781.91 1781.91 0.0 101941.6256
1796.05 1796.05 0.0 101938.6797
1810.19 1810.19 0.0 101935.7773
1824.34 1824.34 0.0 101932.9133
1838.48 1838.48 0.0 101930.0941
1852.62 1852.62 0.0 101927.3122
1866.76 1866.76 0.0 101924.5698
1880.9 1880.9 0.0 101921.8656
1895.05 1895.05 0.0 101919.1977
1909.19 1909.19 0.0 101916.5665
1923.33 1923.33 0.0 101913.9727
1937.47 1937.47 0.0 101911.4136
1951.61 1951.61 0.0 101908.8922
1965.76 1965.76 0.0 101906.4014
1979.9 1979.9 0.0 101903.9493
1994.04 1994.04 0.0 101901.5295
2008.18 2008.18 0.0 101899.1448
2022.33 2022.33 0.0 101896.7923
2036.47 2036.47 0.0 101894.4750
2050.61 2050.61 0.0 101892.1906
2064.75 2064.75 0.0 101889.9403
2078.89 2078.89 0.0 101887.7207
2093.04 2093.04 0.0 101885.5326
2107.18 2107.18 0.0 101883.3788
2121.32 2121.32 0.0 101881.2552
2135.46 2135.46 0.0 101879.1638
2149.6 2149.6 0.0 101877.1021
2163.75 2163.75 0.0 101875.0692
2177.89 2177.89 0.0 101873.0674
2192.03 2192.03 0.0 101871.0932
2206.17 2206.17 0.0 101869.1478
2220.32 2220.32 0.0 101867.2289
2234.46 2234.46 0.0 101865.3365
2248.6 2248.6 0.0 101863.4706
2262.74 2262.74 0.0 101861.6292
2276.88 2276.88 0.0 101859.8120
2291.03 2291.03 0.0 101858.0165
2305.17 2305.17 0.0 101856.2436
2319.31 2319.31 0.0 101854.4932
2333.45 2333.45 0.0 101852.7620
2347.59 2347.59 0.0 101851.0502
2361.74 2361.74 0.0 101849.3561
2375.88 2375.88 0.0 101847.6798
2390.02 2390.02 0.0 101846.0205
2404.16 2404.16 0.0 101844.3756
2418.31 2418.31 0.0 101842.7443
2432.45 2432.45 0.0 101841.1282
2446.59 2446.59 0.0 101839.5234
2460.73 2460.73 0.0 101837.9300
2474.87 2474.87 0.0 101836.3477
2489.02 2489.02 0.0 101834.7739
2503.16 2503.16 0.0 101833.2083
2517.3 2517.3 0.0 101831.6525
2531.44 2531.44 0.0 101830.1028
2545.58 2545.58 0.0 101828.5583
2559.73 2559.73 0.0 101827.0190
2573.87 2573.87 0.0 101825.4850
2588.01 2588.01 0.0 101823.9543
2602.15 2602.15 0.0 101822.4265
2616.3 2616.3 0.0 101820.8994
2630.44 2630.44 0.0 101819.3759
2644.58 2644.58 0.0 101817.8525
2658.72 2658.72 0.0 101816.3291
2672.86 2672.86 0.0 101814.8066
2687.01 2687.01 0.0 101813.2805
2701.15 2701.15 0.0 101811.7545
2715.29 2715.29 0.0 101810.2268
2729.43 2729.43 0.0 101808.6970
2743.57 2743.57 0.0 101807.1632
2757.72 2757.72 0.0 101805.6257
2771.86 2771.86 0.0 101804.0850
2786.0 2786.0 0.0 101802.5397
2800.14 2800.14 0.0 101800.9905
2814.28 2814.28 0.0 101799.4366
2828.43 2828.43 0.0 101797.8761
2842.57 2842.57 0.0 101796.3121
2856.71 2856.71 0.0 101794.7418
2870.85 2870.85 0.0 101793.1652
2885.0 2885.0 0.0 101791.5819
2899.14 2899.14 0.0 101789.9929
2913.28 2913.28 0.0 101788.3976
2927.42 2927.42 0.0 101786.7963
2941.56 2941.56 0.0 101785.1867
2955.71 2955.71 0.0 101783.5703
2969.85 2969.85 0.0 101781.9471
2983.99 2983.99 0.0 101780.3173
2998.13 2998.13 0.0 101778.6806
3012.27 3012.27 0.0 101777.0359
3026.42 3026.42 0.0 101775.3829
3040.56 3040.56 0.0 101773.7247
3054.7 3054.7 0.0 101772.0584
3068.84 3068.84 0.0 101770.3842
3082.99 3082.99 0.0 101768.7021
3097.13 3097.13 0.0 101767.0136
3111.27 3111.27 0.0 101765.3186
