0.0 0.0 0.0 1352793.8750
14.1421 14.1421 0.0 2149448.8750
28.2843 28.2843 0.0 1811869.5000
42.4264 42.4264 0.0 1348873.0000
56.5685 56.5685 0.0 920128.0000
70.7107 70.7107 0.0 626055.6250
84.8528 84.8528 0.0 458610.0000
98.9949 98.9949 0.0 362132.9062
113.137 113.137 0.0 299827.8906
127.279 127.279 0.0 256746.8438
141.421 141.421 0.0 226568.8594
155.563 155.563 0.0 205243.8672
169.706 169.706 0.0 189657.3906
183.848 183.848 0.0 177684.6328
197.99 197.99 0.0 168076.3438
212.132 212.132 0.0 160150.5781
226.274 226.274 0.0 153519.2266
240.416 240.416 0.0 147932.1133
254.558 254.558 0.0 143204.9492
268.701 268.701 0.0 139190.0039
282.843 282.843 0.0 135765.9453
296.985 296.985 0.0 132830.8223
311.127 311.127 0.0 130300.4688
325.269 325.269 0.0 128105.4316
339.411 339.411 0.0 126188.6973
353.553 353.553 0.0 124503.4238
367.696 367.696 0.0 123010.9648
381.838 381.838 0.0 121679.6855
395.98 395.98 0.0 120483.0977
410.122 410.122 0.0 119399.3867
424.264 424.264 0.0 118410.6270
438.406 438.406 0.0 117502.3262
452.548 452.548 0.0 116662.9424
466.69 466.69 0.0 115883.5938
480.833 480.833 0.0 115157.5352
494.975 494.975 0.0 114480.0957
509.117 509.117 0.0 113847.7549
523.259 523.259 0.0 113258.0439
537.401 537.401 0.0 112709.0264
551.543 551.543 0.0 112199.0928
565.685 565.685 0.0 111726.6201
579.828 579.828 0.0 111289.9336
593.97 593.97 0.0 110887.2637
608.112 608.112 0.0 110516.6094
622.254 622.254 0.0 110175.8037
636.396 636.396 0.0 109862.5830
650.538 650.538 0.0 109574.5156
664.68 664.68 0.0 109309.1548
678.823 678.823 0.0 109063.9199
692.965 692.965 0.0 108836.2798
707.107 707.107 0.0 108623.7021
721.249 721.249 0.0 108423.7075
735.391 735.391 0.0 108233.9619
749.533 749.533 0.0 108052.3398
763.675 763.675 0.0 107877.0020
777.817 777.817 0.0 107706.4561
791.96 791.96 0.0 107539.5884
806.102 806.102 0.0 107375.7188
820.244 820.244 0.0 107214.4800
834.386 834.386 0.0 107055.8633
848.528 848.528 0.0 106900.0532
862.67 862.67 0.0 106747.4106
876.812 876.812 0.0 106598.3447
890.955 890.955 0.0 106453.3149
905.097 905.097 0.0 106312.7573
919.239 919.239 0.0 106177.0513
933.381 933.381 0.0 106046.5195
947.523 947.523 0.0 105921.4438
961.665 961.665 0.0 105802.0254
975.807 975.807 0.0 105688.4067
989.949 989.949 0.0 105580.6611
1004.09 1004.09 0.0 105478.8115
1018.23 1018.23 0.0 105382.7910
1032.38 1032.38 0.0 105292.4187
1046.52 1046.52 0.0 105207.6538
1060.66 1060.66 0.0 105128.2129
1074.8 1074.8 0.0 105053.8572
1088.94 1088.94 0.0 104984.3196
1103.09 1103.09 0.0 104919.2742
1117.23 1117.23 0.0 104858.5249
1131.37 1131.37 0.0 104801.7422
1145.51 1145.51 0.0 104748.6399
1159.66 1159.66 0.0 104698.9155
1173.8 1173.8 0.0 104652.3794
1187.94 1187.94 0.0 104608.7500
1202.08 1202.08 0.0 104567.7937
1216.22 1216.22 0.0 104529.3042
1230.37 1230.37 0.0 104493.0469
1244.51 1244.51 0.0 104458.8845
1258.65 1258.65 0.0 104426.6228
1272.79 1272.79 0.0 104396.0986
1286.93 1286.93 0.0 104367.1692
1301.08 1301.08 0.0 104339.6729
1315.22 1315.22 0.0 104313.5310
1329.36 1329.36 0.0 104288.6094
1343.5 1343.5 0.0 104264.7988
1357.65 1357.65 0.0 104241.9937
1371.79 1371.79 0.0 104220.1338
1385.93 1385.93 0.0 104199.1328
1400.07 1400.07 0.0 104178.9116
1414.21 1414.21 0.0 104159.4075
1428.36 1428.36 0.0 104140.5498
1442.5 1442.5 0.0 104122.3088
1456.64 1456.64 0.0 104104.6294
1470.78 1470.78 0.0 104087.4626
1484.92 1484.92 0.0 104070.7705
1499.07 1499.07 0.0 104054.5024
1513.21 1513.21 0.0 104038.6514
1527.35 1527.35 0.0 104023.1865
1541.49 1541.49 0.0 104008.0676
1555.63 1555.63 0.0 103993.2800
1569.78 1569.78 0.0 103978.7844
1583.92 1583.92 0.0 103964.5938
1598.06 1598.06 0.0 103950.6694
1612.2 1612.2 0.0 103936.9995
1626.35 1626.35 0.0 103923.5618
1640.49 1640.49 0.0 103910.3630
1654.63 1654.63 0.0 103897.3721
1668.77 1668.77 0.0 103884.5928
1682.91 1682.91 0.0 103872.0063
1697.06 1697.06 0.0 103859.5952
1711.2 1711.2 0.0 103847.3728
1725.34 1725.34 0.0 103835.3235
1739.48 1739.48 0.0 103823.4358
1753.62 1753.62 0.0 103811.7078
1767.77 1767.77 0.0 103800.1265
1781.91 1781.91 0.0 103788.6997
1796.05 1796.05 0.0 103777.4148
1810.19 1810.19 0.0 103766.2695
1824.34 1824.34 0.0 103755.2549
1838.48 1838.48 0.0 103744.3801
1852.62 1852.62 0.0 103733.6335
1866.76 1866.76 0.0 103723.0127
1880.9 1880.9 0.0 103712.5149
1895.05 1895.05 0.0 103702.1353
1909.19 1909.19 0.0 103691.8774
1923.33 1923.33 0.0 103681.7378
1937.47 1937.47 0.0 103671.7175
1951.61 1951.61 0.0 103661.8069
1965.76 1965.76 0.0 103652.0042
1979.9 1979.9 0.0 103642.3188
1994.04 1994.04 0.0 103632.7441
2008.18 2008.18 0.0 103623.2759
2022.33 2022.33 0.0 103613.9097
2036.47 2036.47 0.0 103604.6538
2050.61 2050.61 0.0 103595.5051
2064.75 2064.75 0.0 103586.4607
2078.89 2078.89 0.0 103577.5188
2093.04 2093.04 0.0 103568.6689
2107.18 2107.18 0.0 103559.9307
2121.32 2121.32 0.0 103551.2905
2135.46 2135.46 0.0 103542.7488
2149.6 2149.6 0.0 103534.3064
2163.75 2163.75 0.0 103525.9514
2177.89 2177.89 0.0 103517.7026
2192.03 2192.03 0.0 103509.5422
2206.17 2206.17 0.0 103501.4763
2220.32 2220.32 0.0 103493.4998
2234.46 2234.46 0.0 103485.6147
2248.6 2248.6 0.0 103477.8218
2262.74 2262.74 0.0 103470.1169
2276.88 2276.88 0.0 103462.4990
2291.03 2291.03 0.0 103454.9629
2305.17 2305.17 0.0 103447.5117
2319.31 2319.31 0.0 103440.1460
2333.45 2333.45 0.0 103432.8630
2347.59 2347.59 0.0 103425.6575
2361.74 2361.74 0.0 103418.5288
2375.88 2375.88 0.0 103411.4827
2390.02 2390.02 0.0 103404.5112
2404.16 2404.16 0.0 103397.6125
2418.31 2418.31 0.0 103390.7859
2432.45 2432.45 0.0 103384.0308
2446.59 2446.59 0.0 103377.3486
2460.73 2460.73 0.0 103370.7388
2474.87 2474.87 0.0 103364.1918
2489.02 2489.02 0.0 103357.7076
2503.16 2503.16 0.0 103351.2932
2517.3 2517.3 0.0 103344.9441
2531.44 2531.44 0.0 103338.6536
2545.58 2545.58 0.0 103332.4263
2559.73 2559.73 0.0 103326.2537
2573.87 2573.87 0.0 103320.1434
2588.01 2588.01 0.0 103314.0947
2602.15 2602.15 0.0 103308.0945
2616.3 2616.3 0.0 103302.1522
2630.44 2630.44 0.0 103296.2621
2644.58 2644.58 0.0 103290.4308
2658.72 2658.72 0.0 103284.6456
2672.86 2672.86 0.0 103278.9128
2687.01 2687.01 0.0 103273.2249
2701.15 2701.15 0.0 103267.5939
2715.29 2715.29 0.0 103262.0070
2729.43 2729.43 0.0 103256.4683
2743.57 2743.57 0.0 103250.9729
2757.72 2757.72 0.0 103245.5215
2771.86 2771.86 0.0 103240.1202
2786.0 2786.0 0.0 103234.7596
2800.14 2800.14 0.0 103229.4431
2814.28 2814.28 0.0 103224.1666
2828.43 2828.43 0.0 103218.9318
2842.57 2842.57 0.0 103213.7402
2856.71 2856.71 0.0 103208.5906
2870.85 2870.85 0.0 103203.4802
2885.0 2885.0 0.0 103198.4014
2899.14 2899.14 0.0 103193.3684
2913.28 2913.28 0.0 103188.3737
2927.42 2927.42 0.0 103183.4180
2941.56 2941.56 0.0 103178.4968
2955.71 2955.71 0.0 103173.6089
2969.85 2969.85 0.0 103168.7609
2983.99 2983.99 0.0 103163.9485
2998.13 2998.13 0.0 103159.1740
3012.27 3012.27 0.0 103154.4292
3026.42 3026.42 0.0 103149.7220
3040.56 3040.56 0.0 103145.0493
3054.7 3054.7 0.0 103140.4103
3068.84 3068.84 0.0 103135.8047
3082.99 3082.99 0.0 103131.2349
3097.13 3097.13 0.0 103126.6937
3111.27 3111.27 0.0 103122.1904
3125.41 3125.41 0.0 103117.7172
3139.55 3139.55 0.0 103113.2773
3153.7 3153.7 0.0 103108.8638
3167.84 3167.84 0.0 103104.4880
3181.98 3181.98 0.0 103100.1409
3196.12 3196.12 0.0 103095.8280
3210.26 3210.26 0.0 103091.5424
3224.41 3224.41 0.0 103087.2881
3238.55 3238.55 0.0 103083.0667
3252.69 3252.69 0.0 103078.8738
3266.83 3266.83 0.0 103074.7108
3280.98 3280.98 0.0 103070.5736
3295.12 3295.12 0.0 103066.4709
3309.26 3309.26 0.0 103062.3962
3323.4 3323.4 0.0 103058.3516
3337.54 3337.54 0.0 103054.3337
3351.69 3351.69 0.0 103050.3433
3365.83 3365.83 0.0 103046.3826
3379.97 3379.97 0.0 103042.4521
3394.11 3394.11 0.0 103038.5470
3408.25 3408.25 0.0 103034.6688
3422.4 3422.4 0.0 103030.8170
3436.54 3436.54 0.0 103026.9935
3450.68 3450.68 0.0 103023.1963
3464.82 3464.82 0.0 103019.4270
3478.97 3478.97 0.0 103015.6829
3493.11 3493.11 0.0 103011.9656
3507.25 3507.25 0.0 103008.2750
3521.39 3521.39 0.0 103004.6099
3535.53 3535.53 0.0 103000.9672
3549.68 3549.68 0.0 102997.3483
3563.82 3563.82 0.0 102993.7572
3577.96 3577.96 0.0 102990.1903
3592.1 3592.1 0.0 102986.6501
3606.24 3606.24 0.0 102983.1284
3620.39 3620.39 0.0 102979.6318
3634.53 3634.53 0.0 102976.1595
3648.67 3648.67 0.0 102972.7089
3662.81 3662.81 0.0 102969.2841
3676.96 3676.96 0.0 102965.8760
3691.1 3691.1 0.0 102962.4966
3705.24 3705.24 0.0 102959.1359
3719.38 3719.38 0.0 102955.7960
3733.52 3733.52 0.0 102952.4786
3747.67 3747.67 0.0 102949.1787
3761.81 3761.81 0.0 102945.9048
3775.95 3775.95 0.0 102942.6490
3790.09 3790.09 0.0 102939.4122
3804.23 3804.23 0.0 102936.1970
3818.38 3818.38 0.0 102932.9967
3832.52 3832.52 0.0 102929.8175
3846.66 3846.66 0.0 102926.6580
3860.8 3860.8 0.0 102923.5171
3874.95 3874.95 0.0 102920.3943
3889.09 3889.09 0.0 102917.2861
3903.23 3903.23 0.0 102914.2007
3917.37 3917.37 0.0 102911.1279
3931.51 3931.51 0.0 102908.0748
3945.66 3945.66 0.0 102905.0334
3959.8 3959.8 0.0 102902.0131
3973.94 3973.94 0.0 102899.0059
3988.08 3988.08 0.0 102896.0178
4002.22 4002.22 0.0 102893.0400
4016.37 4016.37 0.0 102890.0782
4030.51 4030.51 0.0 102887.1311
4044.65 4044.65 0.0 102884.2020
4058.79 4058.79 0.0 102881.2828
4072.94 4072.94 0.0 102878.3744
4087.08 4087.08 0.0 102875.4846
4101.22 4101.22 0.0 102872.6062
4115.36 4115.36 0.0 102869.7404
4129.5 4129.5 0.0 102866.8865
4143.65 4143.65 0.0 102864.0437
4157.79 4157.79 0.0 102861.2144
4171.93 4171.93 0.0 102858.3960
4186.07 4186.07 0.0 102855.5886
4200.21 4200.21 0.0 102852.7943
4214.36 4214.36 0.0 102850.0051
4228.5 4228.5 0.0 102847.2299
4242.64 4242.64 0.0 102844.4639
