0.0 0.0 0.0 191001.8672
14.1421 14.1421 0.0 188468.5547
28.2843 28.2843 0.0 181102.9844
42.4264 42.4264 0.0 174162.4375
56.5685 56.5685 0.0 166284.4062
70.7107 70.7107 0.0 158488.4453
84.8528 84.8528 0.0 151421.2344
98.9949 98.9949 0.0 145211.0625
113.137 113.137 0.0 139782.8320
127.279 127.279 0.0 135033.6016
141.421 141.421 0.0 130882.0234
155.563 155.563 0.0 127265.1211
169.706 169.706 0.0 124125.6094
183.848 183.848 0.0 121407.0332
197.99 197.99 0.0 119053.9434
212.132 212.132 0.0 117017.3623
226.274 226.274 0.0 115257.3682
240.416 240.416 0.0 113743.2168
254.558 254.558 0.0 112450.9756
268.701 268.701 0.0 111359.9502
282.843 282.843 0.0 110449.7432
296.985 296.985 0.0 109697.8057
311.127 311.127 0.0 109079.7651
325.269 325.269 0.0 108570.8467
339.411 339.411 0.0 108147.9380
353.553 353.553 0.0 107791.2212
367.696 367.696 0.0 107484.8735
381.838 381.838 0.0 107217.0176
395.98 395.98 0.0 106978.9414
410.122 410.122 0.0 106764.3916
424.264 424.264 0.0 106568.7417
438.406 438.406 0.0 106388.4639
452.548 452.548 0.0 106220.7568
466.69 466.69 0.0 106063.3232
480.833 480.833 0.0 105914.2441
494.975 494.975 0.0 105771.9824
509.117 509.117 0.0 105635.2607
523.259 523.259 0.0 105503.0991
537.401 537.401 0.0 105374.7505
551.543 551.543 0.0 105249.6743
565.685 565.685 0.0 105127.4871
579.828 579.828 0.0 105007.9277
593.97 593.97 0.0 104890.8606
608.112 608.112 0.0 104776.2026
622.254 622.254 0.0 104663.9246
636.396 636.396 0.0 104554.0569
650.538 650.538 0.0 104446.6548
664.68 664.68 0.0 104341.8149
678.823 678.823 0.0 104239.6375
692.965 692.965 0.0 104140.2671
707.107 707.107 0.0 104043.8225
721.249 721.249 0.0 103950.4517
735.391 735.391 0.0 103860.2637
749.533 749.533 0.0 103773.3721
763.675 763.675 0.0 103689.8516
777.817 777.817 0.0 103609.7476
791.96 791.96 0.0 103533.0820
806.102 806.102 0.0 103459.8494
820.244 820.244 0.0 103389.9880
834.386 834.386 0.0 103323.4385
848.528 848.528 0.0 103260.1024
862.67 862.67 0.0 103199.8754
876.812 876.812 0.0 103142.6415
890.955 890.955 0.0 103088.2673
905.097 905.097 0.0 103036.6345
919.239 919.239 0.0 102987.6139
933.381 933.381 0.0 102941.0736
947.523 947.523 0.0 102896.8878
961.665 961.665 0.0 102854.9434
975.807 975.807 0.0 102815.1151
989.949 989.949 0.0 102777.2963
1004.09 1004.09 0.0 102741.3785
1018.23 1018.23 0.0 102707.2589
1032.38 1032.38 0.0 102674.8186
1046.52 1046.52 0.0 102644.0038
1060.66 1060.66 0.0 102614.7078
1074.8 1074.8 0.0 102586.8429
1088.94 1088.94 0.0 102560.3290
1103.09 1103.09 0.0 102535.0745
1117.23 1117.23 0.0 102511.0416
1131.37 1131.37 0.0 102488.1465
1145.51 1145.51 0.0 102466.3253
1159.66 1159.66 0.0 102445.5007
1173.8 1173.8 0.0 102425.6451
1187.94 1187.94 0.0 102406.6923
1202.08 1202.08 0.0 102388.5916
1216.22 1216.22 0.0 102371.2942
1230.37 1230.37 0.0 102354.7426
1244.51 1244.51 0.0 102338.9183
1258.65 1258.65 0.0 102323.7684
1272.79 1272.79 0.0 102309.2593
1286.93 1286.93 0.0 102295.3501
1301.08 1301.08 0.0 102282.0013
1315.22 1315.22 0.0 102269.2002
1329.36 1329.36 0.0 102256.9086
1343.5 1343.5 0.0 102245.0974
1357.65 1357.65 0.0 102233.7328
1371.79 1371.79 0.0 102222.8065
1385.93 1385.93 0.0 102212.2870
1400.07 1400.07 0.0 102202.1567
1414.21 1414.21 0.0 102192.3903
1428.36 1428.36 0.0 102182.9683
1442.5 1442.5 0.0 102173.8818
1456.64 1456.64 0.0 102165.1123
1470.78 1470.78 0.0 102156.6425
1484.92 1484.92 0.0 102148.4611
1499.07 1499.07 0.0 102140.5470
1513.21 1513.21 0.0 102132.9003
1527.35 1527.35 0.0 102125.5049
1541.49 1541.49 0.0 102118.3494
1555.63 1555.63 0.0 102111.4252
1569.78 1569.78 0.0 102104.7190
1583.92 1583.92 0.0 102098.2311
1598.06 1598.06 0.0 102091.9513
1612.2 1612.2 0.0 102085.8676
1626.35 1626.35 0.0 102079.9746
1640.49 1640.49 0.0 102074.2679
1654.63 1654.63 0.0 102068.7430
1668.77 1668.77 0.0 102063.3911
1682.91 1682.91 0.0 102058.2064
1697.06 1697.06 0.0 102053.1802
1711.2 1711.2 0.0 102048.3184
1725.34 1725.34 0.0 102043.6064
1739.48 1739.48 0.0 102039.0430
1753.62 1753.62 0.0 102034.6232
1767.77 1767.77 0.0 102030.3390
1781.91 1781.91 0.0 102026.1926
1796.05 1796.05 0.0 102022.1756
1810.19 1810.19 0.0 102018.2841
1824.34 1824.34 0.0 102014.5121
1838.48 1838.48 0.0 102010.8588
1852.62 1852.62 0.0 102007.3188
1866.76 1866.76 0.0 102003.8890
1880.9 1880.9 0.0 102000.5643
1895.05 1895.05 0.0 101997.3356
1909.19 1909.19 0.0 101994.2079
1923.33 1923.33 0.0 101991.1735
1937.47 1937.47 0.0 101988.2256
1951.61 1951.61 0.0 101985.3633
1965.76 1965.76 0.0 101982.5793
1979.9 1979.9 0.0 101979.8735
1994.04 1994.04 0.0 101977.2417
2008.18 2008.18 0.0 101974.6786
2022.33 2022.33 0.0 101972.1783
2036.47 2036.47 0.0 101969.7405
2050.61 2050.61 0.0 101967.3619
2064.75 2064.75 0.0 101965.0358
2078.89 2078.89 0.0 101962.7608
2093.04 2093.04 0.0 101960.5318
2107.18 2107.18 0.0 101958.3495
2121.32 2121.32 0.0 101956.2062
2135.46 2135.46 0.0 101954.1000
2149.6 2149.6 0.0 101952.0291
2163.75 2163.75 0.0 101949.9877
2177.89 2177.89 0.0 101947.9781
2192.03 2192.03 0.0 101945.9946
2206.17 2206.17 0.0 101944.0350
2220.32 2220.32 0.0 101942.0961
2234.46 2234.46 0.0 101940.1797
2248.6 2248.6 0.0 101938.2812
2262.74 2262.74 0.0 101936.3972
2276.88 2276.88 0.0 101934.5296
2291.03 2291.03 0.0 101932.6737
2305.17 2305.17 0.0 101930.8311
2319.31 2319.31 0.0 101928.9977
2333.45 2333.45 0.0 101927.1759
2347.59 2347.59 0.0 101925.3618
2361.74 2361.74 0.0 101923.5550
2375.88 2375.88 0.0 101921.7552
2390.02 2390.02 0.0 101919.9630
2404.16 2404.16 0.0 101918.1769
2418.31 2418.31 0.0 101916.3950
2432.45 2432.45 0.0 101914.6174
2446.59 2446.59 0.0 101912.8468
2460.73 2460.73 0.0 101911.0793
2474.87 2474.87 0.0 101909.3171
2489.02 2489.02 0.0 101907.5571
2503.16 2503.16 0.0 101905.8005
2517.3 2517.3 0.0 101904.0492
2531.44 2531.44 0.0 101902.3013
2545.58 2545.58 0.0 101900.5558
2559.73 2559.73 0.0 101898.8135
2573.87 2573.87 0.0 101897.0742
2588.01 2588.01 0.0 101895.3386
2602.15 2602.15 0.0 101893.6047
2616.3 2616.3 0.0 101891.8743
2630.44 2630.44 0.0 101890.1456
2644.58 2644.58 0.0 101888.4199
2658.72 2658.72 0.0 101886.6964
2672.86 2672.86 0.0 101884.9747
2687.01 2687.01 0.0 101883.2542
2701.15 2701.15 0.0 101881.5364
2715.29 2715.29 0.0 101879.8198
2729.43 2729.43 0.0 101878.1057
2743.57 2743.57 0.0 101876.3927
2757.72 2757.72 0.0 101874.6787
2771.86 2771.86 0.0 101872.9674
2786.0 2786.0 0.0 101871.2559
2800.14 2800.14 0.0 101869.5460
2814.28 2814.28 0.0 101867.8366
2828.43 2828.43 0.0 101866.1241
2842.57 2842.57 0.0 101864.4141
2856.71 2856.71 0.0 101862.7032
2870.85 2870.85 0.0 101860.9923
2885.0 2885.0 0.0 101859.2788
2899.14 2899.14 0.0 101857.5659
2913.28 2913.28 0.0 101855.8525
2927.42 2927.42 0.0 101854.1365
2941.56 2941.56 0.0 101852.4191
2955.71 2955.71 0.0 101850.6995
2969.85 2969.85 0.0 101848.9786
2983.99 2983.99 0.0 101847.2559
2998.13 2998.13 0.0 101845.5302
3012.27 3012.27 0.0 101843.8030
3026.42 3026.42 0.0 101842.0719
3040.56 3040.56 0.0 101840.3391
3054.7 3054.7 0.0 101838.6026
3068.84 3068.84 0.0 101836.8637
3082.99 3082.99 0.0 101835.1206
3097.13 3097.13 0.0 101833.3758
3111.27 3111.27 0.0 101831.6269
