0.0 0.0 0.0 1689006.3750
14.1421 14.1421 0.0 6540616.5000
28.2843 28.2843 0.0 3517175.0000
42.4264 42.4264 0.0 1555119.7500
56.5685 56.5685 0.0 982541.8750
70.7107 70.7107 0.0 608938.8438
84.8528 84.8528 0.0 422946.5000
98.9949 98.9949 0.0 328842.4844
113.137 113.137 0.0 271349.5938
127.279 127.279 0.0 232637.7656
141.421 141.421 0.0 206038.0703
155.563 155.563 0.0 187362.1641
169.706 169.706 0.0 173687.5703
183.848 183.848 0.0 163244.8594
197.99 197.99 0.0 155029.9531
212.132 212.132 0.0 148444.3398
226.274 226.274 0.0 143091.7500
240.416 240.416 0.0 138688.4219
254.558 254.558 0.0 135023.2891
268.701 268.701 0.0 131937.3379
282.843 282.843 0.0 129311.0117
296.985 296.985 0.0 127053.2363
311.127 311.127 0.0 125094.8086
325.269 325.269 0.0 123382.4160
339.411 339.411 0.0 121874.2617
353.553 353.553 0.0 120537.0605
367.696 367.696 0.0 119343.6582
381.838 381.838 0.0 118271.9121
395.98 395.98 0.0 117303.1445
410.122 410.122 0.0 116421.8330
424.264 424.264 0.0 115615.1914
438.406 438.406 0.0 114872.7148
452.548 452.548 0.0 114186.0615
466.69 466.69 0.0 113548.7100
480.833 480.833 0.0 112955.5801
494.975 494.975 0.0 112402.9941
509.117 509.117 0.0 111887.9922
523.259 523.259 0.0 111408.2607
537.401 537.401 0.0 110961.8691
551.543 551.543 0.0 110547.0635
565.685 565.685 0.0 110162.1621
579.828 579.828 0.0 109805.4424
593.97 593.97 0.0 109475.2236
608.112 608.112 0.0 109169.7080
622.254 622.254 0.0 108887.0732
636.396 636.396 0.0 108625.4814
650.538 650.538 0.0 108383.0918
664.68 664.68 0.0 108158.1172
678.823 678.823 0.0 107948.8022
692.965 692.965 0.0 107753.5400
707.107 707.107 0.0 107570.7910
721.249 721.249 0.0 107399.1812
735.391 735.391 0.0 107237.4912
749.533 749.533 0.0 107084.6660
763.675 763.675 0.0 106939.8164
777.817 777.817 0.0 106802.1758
791.96 791.96 0.0 106671.1465
806.102 806.102 0.0 106546.2236
820.244 820.244 0.0 106426.9937
834.386 834.386 0.0 106313.0938
848.528 848.528 0.0 106204.2090
862.67 862.67 0.0 106100.0840
876.812 876.812 0.0 106000.4561
890.955 890.955 0.0 105905.0879
905.097 905.097 0.0 105813.7749
919.239 919.239 0.0 105726.3013
933.381 933.381 0.0 105642.4731
947.523 947.523 0.0 105562.1133
961.665 961.665 0.0 105485.0464
975.807 975.807 0.0 105411.1243
989.949 989.949 0.0 105340.2078
1004.09 1004.09 0.0 105272.1687
1018.23 1018.23 0.0 105206.8906
1032.38 1032.38 0.0 105144.2314
1046.52 1046.52 0.0 105084.1824
1060.66 1060.66 0.0 105026.6155
1074.8 1074.8 0.0 104971.4658
1088.94 1088.94 0.0 104918.6514
1103.09 1103.09 0.0 104868.0830
1117.23 1117.23 0.0 104819.7629
1131.37 1131.37 0.0 104773.5964
1145.51 1145.51 0.0 104729.5244
1159.66 1159.66 0.0 104687.4482
1173.8 1173.8 0.0 104647.3589
1187.94 1187.94 0.0 104609.1658
1202.08 1202.08 0.0 104572.7859
1216.22 1216.22 0.0 104538.1475
1230.37 1230.37 0.0 104505.1526
1244.51 1244.51 0.0 104473.7610
1258.65 1258.65 0.0 104443.8738
1272.79 1272.79 0.0 104415.4070
1286.93 1286.93 0.0 104388.2788
1301.08 1301.08 0.0 104362.3945
1315.22 1315.22 0.0 104337.7012
1329.36 1329.36 0.0 104314.1091
1343.5 1343.5 0.0 104291.5403
1357.65 1357.65 0.0 104269.9055
1371.79 1371.79 0.0 104249.1689
1385.93 1385.93 0.0 104229.2478
1400.07 1400.07 0.0 104210.0786
1414.21 1414.21 0.0 104191.5979
1428.36 1428.36 0.0 104173.7498
1442.5 1442.5 0.0 104156.4937
1456.64 1456.64 0.0 104139.7817
1470.78 1470.78 0.0 104123.5627
1484.92 1484.92 0.0 104107.8013
1499.07 1499.07 0.0 104092.4434
1513.21 1513.21 0.0 104077.4822
1527.35 1527.35 0.0 104062.8755
1541.49 1541.49 0.0 104048.5886
1555.63 1555.63 0.0 104034.6074
1569.78 1569.78 0.0 104020.8850
1583.92 1583.92 0.0 104007.4326
1598.06 1598.06 0.0 103994.2202
1612.2 1612.2 0.0 103981.2273
1626.35 1626.35 0.0 103968.4280
1640.49 1640.49 0.0 103955.8311
1654.63 1654.63 0.0 103943.4148
1668.77 1668.77 0.0 103931.1672
1682.91 1682.91 0.0 103919.0786
1697.06 1697.06 0.0 103907.1355
1711.2 1711.2 0.0 103895.3381
1725.34 1725.34 0.0 103883.6846
1739.48 1739.48 0.0 103872.1638
1753.62 1753.62 0.0 103860.7627
1767.77 1767.77 0.0 103849.4785
1781.91 1781.91 0.0 103838.3186
1796.05 1796.05 0.0 103827.2715
1810.19 1810.19 0.0 103816.3376
1824.34 1824.34 0.0 103805.5015
1838.48 1838.48 0.0 103794.7795
1852.62 1852.62 0.0 103784.1587
1866.76 1866.76 0.0 103773.6382
1880.9 1880.9 0.0 103763.2207
1895.05 1895.05 0.0 103752.8904
1909.19 1909.19 0.0 103742.6636
1923.33 1923.33 0.0 103732.5315
1937.47 1937.47 0.0 103722.4919
1951.61 1951.61 0.0 103712.5466
1965.76 1965.76 0.0 103702.6899
1979.9 1979.9 0.0 103692.9258
1994.04 1994.04 0.0 103683.2527
2008.18 2008.18 0.0 103673.6699
2022.33 2022.33 0.0 103664.1709
2036.47 2036.47 0.0 103654.7634
2050.61 2050.61 0.0 103645.4436
2064.75 2064.75 0.0 103636.2124
2078.89 2078.89 0.0 103627.0623
2093.04 2093.04 0.0 103617.9971
2107.18 2107.18 0.0 103609.0220
2121.32 2121.32 0.0 103600.1299
2135.46 2135.46 0.0 103591.3218
2149.6 2149.6 0.0 103582.5962
2163.75 2163.75 0.0 103573.9490
2177.89 2177.89 0.0 103565.3875
2192.03 2192.03 0.0 103556.9082
2206.17 2206.17 0.0 103548.5098
2220.32 2220.32 0.0 103540.1860
2234.46 2234.46 0.0 103531.9465
2248.6 2248.6 0.0 103523.7832
2262.74 2262.74 0.0 103515.7024
2276.88 2276.88 0.0 103507.7014
2291.03 2291.03 0.0 103499.7644
2305.17 2305.17 0.0 103491.9119
2319.31 2319.31 0.0 103484.1372
2333.45 2333.45 0.0 103476.4338
2347.59 2347.59 0.0 103468.8054
2361.74 2361.74 0.0 103461.2449
2375.88 2375.88 0.0 103453.7627
2390.02 2390.02 0.0 103446.3552
2404.16 2404.16 0.0 103439.0137
2418.31 2418.31 0.0 103431.7419
2432.45 2432.45 0.0 103424.5408
2446.59 2446.59 0.0 103417.4114
2460.73 2460.73 0.0 103410.3508
2474.87 2474.87 0.0 103403.3542
2489.02 2489.02 0.0 103396.4241
2503.16 2503.16 0.0 103389.5649
2517.3 2517.3 0.0 103382.7659
2531.44 2531.44 0.0 103376.0361
2545.58 2545.58 0.0 103369.3652
2559.73 2559.73 0.0 103362.7568
2573.87 2573.87 0.0 103356.2141
2588.01 2588.01 0.0 103349.7318
2602.15 2602.15 0.0 103343.3157
2616.3 2616.3 0.0 103336.9495
2630.44 2630.44 0.0 103330.6504
2644.58 2644.58 0.0 103324.4077
2658.72 2658.72 0.0 103318.2229
2672.86 2672.86 0.0 103312.1013
2687.01 2687.01 0.0 103306.0260
2701.15 2701.15 0.0 103300.0143
2715.29 2715.29 0.0 103294.0574
2729.43 2729.43 0.0 103288.1531
2743.57 2743.57 0.0 103282.3079
2757.72 2757.72 0.0 103276.5092
2771.86 2771.86 0.0 103270.7678
2786.0 2786.0 0.0 103265.0765
2800.14 2800.14 0.0 103259.4388
2814.28 2814.28 0.0 103253.8541
2828.43 2828.43 0.0 103248.3140
2842.57 2842.57 0.0 103242.8309
2856.71 2856.71 0.0 103237.3907
2870.85 2870.85 0.0 103232.0051
2885.0 2885.0 0.0 103226.6616
2899.14 2899.14 0.0 103221.3712
2913.28 2913.28 0.0 103216.1252
2927.42 2927.42 0.0 103210.9268
2941.56 2941.56 0.0 103205.7733
2955.71 2955.71 0.0 103200.6642
2969.85 2969.85 0.0 103195.6021
2983.99 2983.99 0.0 103190.5862
2998.13 2998.13 0.0 103185.6106
3012.27 3012.27 0.0 103180.6818
3026.42 3026.42 0.0 103175.7915
3040.56 3040.56 0.0 103170.9449
3054.7 3054.7 0.0 103166.1434
3068.84 3068.84 0.0 103161.3798
3082.99 3082.99 0.0 103156.6556
3097.13 3097.13 0.0 103151.9766
3111.27 3111.27 0.0 103147.3356
3125.41 3125.41 0.0 103142.7322
3139.55 3139.55 0.0 103138.1691
3153.7 3153.7 0.0 103133.6399
3167.84 3167.84 0.0 103129.1545
3181.98 3181.98 0.0 103124.7026
3196.12 3196.12 0.0 103120.2924
3210.26 3210.26 0.0 103115.9136
3224.41 3224.41 0.0 103111.5699
3238.55 3238.55 0.0 103107.2640
3252.69 3252.69 0.0 103102.9915
3266.83 3266.83 0.0 103098.7571
3280.98 3280.98 0.0 103094.5520
3295.12 3295.12 0.0 103090.3839
3309.26 3309.26 0.0 103086.2473
3323.4 3323.4 0.0 103082.1431
3337.54 3337.54 0.0 103078.0728
3351.69 3351.69 0.0 103074.0299
3365.83 3365.83 0.0 103070.0223
3379.97 3379.97 0.0 103066.0437
3394.11 3394.11 0.0 103062.0983
3408.25 3408.25 0.0 103058.1832
3422.4 3422.4 0.0 103054.2927
3436.54 3436.54 0.0 103050.4355
3450.68 3450.68 0.0 103046.6040
3464.82 3464.82 0.0 103042.8048
3478.97 3478.97 0.0 103039.0305
3493.11 3493.11 0.0 103035.2847
3507.25 3507.25 0.0 103031.5648
3521.39 3521.39 0.0 103027.8743
3535.53 3535.53 0.0 103024.2079
3549.68 3549.68 0.0 103020.5681
3563.82 3563.82 0.0 103016.9537
3577.96 3577.96 0.0 103013.3671
3592.1 3592.1 0.0 103009.8026
3606.24 3606.24 0.0 103006.2664
3620.39 3620.39 0.0 103002.7472
3634.53 3634.53 0.0 102999.2561
3648.67 3648.67 0.0 102995.7898
3662.81 3662.81 0.0 102992.3464
3676.96 3676.96 0.0 102988.9237
3691.1 3691.1 0.0 102985.5264
3705.24 3705.24 0.0 102982.1492
3719.38 3719.38 0.0 102978.7971
3733.52 3733.52 0.0 102975.4628
3747.67 3747.67 0.0 102972.1492
3761.81 3761.81 0.0 102968.8604
3775.95 3775.95 0.0 102965.5906
3790.09 3790.09 0.0 102962.3406
3804.23 3804.23 0.0 102959.1157
3818.38 3818.38 0.0 102955.9019
3832.52 3832.52 0.0 102952.7113
3846.66 3846.66 0.0 102949.5455
3860.8 3860.8 0.0 102946.3922
3874.95 3874.95 0.0 102943.2603
3889.09 3889.09 0.0 102940.1486
3903.23 3903.23 0.0 102937.0541
3917.37 3917.37 0.0 102933.9777
3931.51 3931.51 0.0 102930.9187
3945.66 3945.66 0.0 102927.8772
3959.8 3959.8 0.0 102924.8550
3973.94 3973.94 0.0 102921.8499
3988.08 3988.08 0.0 102918.8618
4002.22 4002.22 0.0 102915.8909
4016.37 4016.37 0.0 102912.9343
4030.51 4030.51 0.0 102909.9948
4044.65 4044.65 0.0 102907.0750
4058.79 4058.79 0.0 102904.1709
4072.94 4072.94 0.0 102901.2783
4087.08 4087.08 0.0 102898.4031
4101.22 4101.22 0.0 102895.5463
4115.36 4115.36 0.0 102892.7037
4129.5 4129.5 0.0 102889.8767
4143.65 4143.65 0.0 102887.0640
4157.79 4157.79 0.0 102884.2637
4171.93 4171.93 0.0 102881.4838
4186.07 4186.07 0.0 102878.7150
4200.21 4200.21 0.0 102875.9619
4214.36 4214.36 0.0 102873.2197
4228.5 4228.5 0.0 102870.4965
4242.64 4242.64 0.0 102867.7867
