0.0 0.0 0.0 1361263.6250
14.1421 14.1421 0.0 2241802.2500
28.2843 28.2843 0.0 2142371.1250
42.4264 42.4264 0.0 1948269.2500
56.5685 56.5685 0.0 1694365.3750
70.7107 70.7107 0.0 1418913.8750
84.8528 84.8528 0.0 1150636.8750
98.9949 98.9949 0.0 915247.1875
113.137 113.137 0.0 727898.6875
127.279 127.279 0.0 589731.4062
141.421 141.421 0.0 491686.2812
155.563 155.563 0.0 421782.7812
169.706 169.706 0.0 370177.2188
183.848 183.848 0.0 330441.0938
197.99 197.99 0.0 298809.2656
212.132 212.132 0.0 273140.7500
226.274 226.274 0.0 252138.6406
240.416 240.416 0.0 234901.2188
254.558 254.558 0.0 220706.1406
268.701 268.701 0.0 208934.3516
282.843 282.843 0.0 199062.9297
296.985 296.985 0.0 190665.1172
311.127 311.127 0.0 183412.3828
325.269 325.269 0.0 177061.5078
339.411 339.411 0.0 171436.8672
353.553 353.553 0.0 166412.2891
367.696 367.696 0.0 161895.6094
381.838 381.838 0.0 157818.5039
395.98 395.98 0.0 154126.8242
410.122 410.122 0.0 150776.8672
424.264 424.264 0.0 147731.7969
438.406 438.406 0.0 144959.7656
452.548 452.548 0.0 142432.7461
466.69 466.69 0.0 140125.6641
480.833 480.833 0.0 138015.9883
494.975 494.975 0.0 136083.8828
509.117 509.117 0.0 134311.1289
523.259 523.259 0.0 132681.5137
537.401 537.401 0.0 131180.5625
551.543 551.543 0.0 129795.3496
565.685 565.685 0.0 128514.3789
579.828 579.828 0.0 127327.3809
593.97 593.97 0.0 126225.4531
608.112 608.112 0.0 125200.5840
622.254 622.254 0.0 124245.7227
636.396 636.396 0.0 123354.6992
650.538 650.538 0.0 122522.1055
664.68 664.68 0.0 121743.2402
678.823 678.823 0.0 121013.9668
692.965 692.965 0.0 120330.8496
707.107 707.107 0.0 119690.8203
721.249 721.249 0.0 119091.2520
735.391 735.391 0.0 118529.9785
749.533 749.533 0.0 118005.0586
763.675 763.675 0.0 117514.8584
777.817 777.817 0.0 117057.9443
791.96 791.96 0.0 116632.8652
806.102 806.102 0.0 116238.4014
820.244 820.244 0.0 115873.1279
834.386 834.386 0.0 115535.6709
848.528 848.528 0.0 115224.5381
862.67 862.67 0.0 114938.1836
876.812 876.812 0.0 114675.0439
890.955 890.955 0.0 114433.5332
905.097 905.097 0.0 114212.1494
919.239 919.239 0.0 114009.3936
933.381 933.381 0.0 113823.9512
947.523 947.523 0.0 113654.5430
961.665 961.665 0.0 113500.0391
975.807 975.807 0.0 113359.3770
989.949 989.949 0.0 113231.5391
1004.09 1004.09 0.0 113115.5264
1018.23 1018.23 0.0 113010.3154
1032.38 1032.38 0.0 112914.7939
1046.52 1046.52 0.0 112827.9756
1060.66 1060.66 0.0 112748.6367
1074.8 1074.8 0.0 112675.5352
1088.94 1088.94 0.0 112607.4385
1103.09 1103.09 0.0 112543.0566
1117.23 1117.23 0.0 112481.2734
1131.37 1131.37 0.0 112420.8799
1145.51 1145.51 0.0 112360.8379
1159.66 1159.66 0.0 112300.1562
1173.8 1173.8 0.0 112238.1445
1187.94 1187.94 0.0 112174.1191
1202.08 1202.08 0.0 112107.5996
1216.22 1216.22 0.0 112038.2627
1230.37 1230.37 0.0 111965.8662
1244.51 1244.51 0.0 111890.4365
1258.65 1258.65 0.0 111811.9785
1272.79 1272.79 0.0 111730.6387
1286.93 1286.93 0.0 111646.6006
1301.08 1301.08 0.0 111560.0322
1315.22 1315.22 0.0 111471.3613
1329.36 1329.36 0.0 111380.8115
1343.5 1343.5 0.0 111288.6670
1357.65 1357.65 0.0 111195.1719
1371.79 1371.79 0.0 111100.7451
1385.93 1385.93 0.0 111005.5996
1400.07 1400.07 0.0 110909.9941
1414.21 1414.21 0.0 110814.1611
1428.36 1428.36 0.0 110718.2637
1442.5 1442.5 0.0 110622.6484
1456.64 1456.64 0.0 110527.4434
1470.78 1470.78 0.0 110432.8281
1484.92 1484.92 0.0 110338.9619
1499.07 1499.07 0.0 110245.9375
1513.21 1513.21 0.0 110154.0234
1527.35 1527.35 0.0 110063.2754
1541.49 1541.49 0.0 109973.8223
1555.63 1555.63 0.0 109885.7559
1569.78 1569.78 0.0 109799.1309
1583.92 1583.92 0.0 109714.1387
1598.06 1598.06 0.0 109630.7969
1612.2 1612.2 0.0 109549.1807
1626.35 1626.35 0.0 109469.2837
1640.49 1640.49 0.0 109391.2744
1654.63 1654.63 0.0 109315.1328
1668.77 1668.77 0.0 109240.8965
1682.91 1682.91 0.0 109168.5894
1697.06 1697.06 0.0 109098.1782
1711.2 1711.2 0.0 109029.7793
1725.34 1725.34 0.0 108963.3408
1739.48 1739.48 0.0 108898.8506
1753.62 1753.62 0.0 108836.3091
1767.77 1767.77 0.0 108775.6514
1781.91 1781.91 0.0 108716.9492
1796.05 1796.05 0.0 108660.1094
1810.19 1810.19 0.0 108605.1050
1824.34 1824.34 0.0 108551.8545
1838.48 1838.48 0.0 108500.3828
1852.62 1852.62 0.0 108450.5933
1866.76 1866.76 0.0 108402.4219
1880.9 1880.9 0.0 108355.8086
1895.05 1895.05 0.0 108310.6558
1909.19 1909.19 0.0 108266.9434
1923.33 1923.33 0.0 108224.5620
1937.47 1937.47 0.0 108183.4424
1951.61 1951.61 0.0 108143.4912
1965.76 1965.76 0.0 108104.6055
1979.9 1979.9 0.0 108066.7549
1994.04 1994.04 0.0 108029.8315
2008.18 2008.18 0.0 107993.7563
2022.33 2022.33 0.0 107958.4292
2036.47 2036.47 0.0 107923.8130
2050.61 2050.61 0.0 107889.8320
2064.75 2064.75 0.0 107856.4102
2078.89 2078.89 0.0 107823.4790
2093.04 2093.04 0.0 107790.9814
2107.18 2107.18 0.0 107758.8960
2121.32 2121.32 0.0 107727.1641
2135.46 2135.46 0.0 107695.7456
2149.6 2149.6 0.0 107664.6133
2163.75 2163.75 0.0 107633.7109
2177.89 2177.89 0.0 107603.0757
2192.03 2192.03 0.0 107572.6650
2206.17 2206.17 0.0 107542.4634
2220.32 2220.32 0.0 107512.4487
2234.46 2234.46 0.0 107482.6660
2248.6 2248.6 0.0 107453.0879
2262.74 2262.74 0.0 107423.7236
2276.88 2276.88 0.0 107394.5723
2291.03 2291.03 0.0 107365.6362
2305.17 2305.17 0.0 107336.9561
2319.31 2319.31 0.0 107308.5195
2333.45 2333.45 0.0 107280.3379
2347.59 2347.59 0.0 107252.4360
2361.74 2361.74 0.0 107224.7881
2375.88 2375.88 0.0 107197.4468
2390.02 2390.02 0.0 107170.4180
2404.16 2404.16 0.0 107143.6963
2418.31 2418.31 0.0 107117.2725
2432.45 2432.45 0.0 107091.1982
2446.59 2446.59 0.0 107065.4570
2460.73 2460.73 0.0 107040.0537
2474.87 2474.87 0.0 107014.9946
2489.02 2489.02 0.0 106990.2632
2503.16 2503.16 0.0 106965.8989
2517.3 2517.3 0.0 106941.8804
2531.44 2531.44 0.0 106918.2158
2545.58 2545.58 0.0 106894.8970
2559.73 2559.73 0.0 106871.9126
2573.87 2573.87 0.0 106849.2852
2588.01 2588.01 0.0 106826.9912
2602.15 2602.15 0.0 106805.0391
2616.3 2616.3 0.0 106783.4023
2630.44 2630.44 0.0 106762.1079
2644.58 2644.58 0.0 106741.1323
2658.72 2658.72 0.0 106720.4746
2672.86 2672.86 0.0 106700.1221
2687.01 2687.01 0.0 106680.0557
2701.15 2701.15 0.0 106660.2964
2715.29 2715.29 0.0 106640.8149
2729.43 2729.43 0.0 106621.6162
2743.57 2743.57 0.0 106602.6899
2757.72 2757.72 0.0 106584.0112
2771.86 2771.86 0.0 106565.5977
2786.0 2786.0 0.0 106547.4321
2800.14 2800.14 0.0 106529.5083
2814.28 2814.28 0.0 106511.8105
2828.43 2828.43 0.0 106494.3252
2842.57 2842.57 0.0 106477.0630
2856.71 2856.71 0.0 106460.0146
2870.85 2870.85 0.0 106443.1636
2885.0 2885.0 0.0 106426.4966
2899.14 2899.14 0.0 106410.0259
2913.28 2913.28 0.0 106393.7480
2927.42 2927.42 0.0 106377.6309
2941.56 2941.56 0.0 106361.6890
2955.71 2955.71 0.0 106345.8999
2969.85 2969.85 0.0 106330.2773
2983.99 2983.99 0.0 106314.8115
2998.13 2998.13 0.0 106299.4893
3012.27 3012.27 0.0 106284.3125
3026.42 3026.42 0.0 106269.2612
3040.56 3040.56 0.0 106254.3594
3054.7 3054.7 0.0 106239.5913
3068.84 3068.84 0.0 106224.9458
3082.99 3082.99 0.0 106210.4194
3097.13 3097.13 0.0 106196.0229
3111.27 3111.27 0.0 106181.7480
3125.41 3125.41 0.0 106167.5879
3139.55 3139.55 0.0 106153.5454
3153.7 3153.7 0.0 106139.6050
3167.84 3167.84 0.0 106125.7798
3181.98 3181.98 0.0 106112.0747
3196.12 3196.12 0.0 106098.4673
3210.26 3210.26 0.0 106084.9683
3224.41 3224.41 0.0 106071.5596
3238.55 3238.55 0.0 106058.2725
3252.69 3252.69 0.0 106045.0820
3266.83 3266.83 0.0 106031.9961
3280.98 3280.98 0.0 106019.0005
3295.12 3295.12 0.0 106006.1133
3309.26 3309.26 0.0 105993.3320
3323.4 3323.4 0.0 105980.6401
3337.54 3337.54 0.0 105968.0479
3351.69 3351.69 0.0 105955.5469
3365.83 3365.83 0.0 105943.1523
3379.97 3379.97 0.0 105930.8501
3394.11 3394.11 0.0 105918.6440
3408.25 3408.25 0.0 105906.5347
3422.4 3422.4 0.0 105894.5151
3436.54 3436.54 0.0 105882.5981
3450.68 3450.68 0.0 105870.7676
3464.82 3464.82 0.0 105859.0352
3478.97 3478.97 0.0 105847.3862
3493.11 3493.11 0.0 105835.8389
3507.25 3507.25 0.0 105824.3779
3521.39 3521.39 0.0 105813.0151
3535.53 3535.53 0.0 105801.7378
3549.68 3549.68 0.0 105790.5459
3563.82 3563.82 0.0 105779.4443
3577.96 3577.96 0.0 105768.4390
3592.1 3592.1 0.0 105757.5122
3606.24 3606.24 0.0 105746.6772
3620.39 3620.39 0.0 105735.9233
3634.53 3634.53 0.0 105725.2583
3648.67 3648.67 0.0 105714.6753
3662.81 3662.81 0.0 105704.1826
3676.96 3676.96 0.0 105693.7563
3691.1 3691.1 0.0 105683.4229
3705.24 3705.24 0.0 105673.1699
3719.38 3719.38 0.0 105662.9946
3733.52 3733.52 0.0 105652.9028
3747.67 3747.67 0.0 105642.8755
3761.81 3761.81 0.0 105632.9390
3775.95 3775.95 0.0 105623.0708
3790.09 3790.09 0.0 105613.2778
3804.23 3804.23 0.0 105603.5601
3818.38 3818.38 0.0 105593.9131
3832.52 3832.52 0.0 105584.3403
3846.66 3846.66 0.0 105574.8379
3860.8 3860.8 0.0 105565.4023
3874.95 3874.95 0.0 105556.0347
3889.09 3889.09 0.0 105546.7339
3903.23 3903.23 0.0 105537.5063
3917.37 3917.37 0.0 105528.3403
3931.51 3931.51 0.0 105519.2383
3945.66 3945.66 0.0 105510.1987
3959.8 3959.8 0.0 105501.2207
3973.94 3973.94 0.0 105492.3096
3988.08 3988.08 0.0 105483.4570
4002.22 4002.22 0.0 105474.6626
4016.37 4016.37 0.0 105465.9224
4030.51 4030.51 0.0 105457.2520
4044.65 4044.65 0.0 105448.6323
4058.79 4058.79 0.0 105440.0684
4072.94 4072.94 0.0 105431.5571
4087.08 4087.08 0.0 105423.1055
4101.22 4101.22 0.0 105414.7112
4115.36 4115.36 0.0 105406.3633
4129.5 4129.5 0.0 105398.0728
4143.65 4143.65 0.0 105389.8225
4157.79 4157.79 0.0 105381.6367
4171.93 4171.93 0.0 105373.5020
4186.07 4186.07 0.0 105365.4150
4200.21 4200.21 0.0 105357.3738
4214.36 4214.36 0.0 105349.3804
4228.5 4228.5 0.0 105341.4363
4242.64 4242.64 0.0 105333.5432
4256.78 4256.78 0.0 105325.6951
4270.92 4270.92 0.0 105317.8928
4285.07 4285.07 0.0 105310.1326
4299.21 4299.21 0.0 105302.4216
4313.35 4313.35 0.0 105294.7554
4327.49 4327.49 0.0 105287.1326
4341.64 4341.64 0.0 105279.5503
4355.78 4355.78 0.0 105272.0181
4369.92 4369.92 0.0 105264.5271
4384.06 4384.06 0.0 105257.0798
4398.2 4398.2 0.0 105249.6763
4412.35 4412.35 0.0 105242.3057
4426.49 4426.49 0.0 105234.9817
4440.63 4440.63 0.0 105227.7056
4454.77 4454.77 0.0 105220.4651
4468.91 4468.91 0.0 105213.2676
4483.06 4483.06 0.0 105206.1038
4497.2 4497.2 0.0 105198.9841
4511.34 4511.34 0.0 105191.9016
4525.48 4525.48 0.0 105184.8630
4539.63 4539.63 0.0 105177.8599
4553.77 4553.77 0.0 105170.8982
4567.91 4567.91 0.0 105163.9746
4582.05 4582.05 0.0 105157.0894
4596.19 4596.19 0.0 105150.2451
4610.34 4610.34 0.0 105143.4280
4624.48 4624.48 0.0 105136.6553
4638.62 4638.62 0.0 105129.9202
4652.76 4652.76 0.0 105123.2222
4666.9 4666.9 0.0 105116.5649
4681.05 4681.05 0.0 105109.9336
4695.19 4695.19 0.0 105103.3445
4709.33 4709.33 0.0 105096.7937
4723.47 4723.47 0.0 105090.2776
4737.62 4737.62 0.0 105083.7888
4751.76 4751.76 0.0 105077.3430
4765.9 4765.9 0.0 105070.9338
4780.04 4780.04 0.0 105064.5569
4794.18 4794.18 0.0 105058.2185
4808.33 4808.33 0.0 105051.9038
4822.47 4822.47 0.0 105045.6296
4836.61 4836.61 0.0 105039.3892
4850.75 4850.75 0.0 105033.1855
4864.89 4864.89 0.0 105027.0100
4879.04 4879.04 0.0 105020.8674
4893.18 4893.18 0.0 105014.7632
4907.32 4907.32 0.0 105008.6885
4921.46 4921.46 0.0 105002.6479
4935.61 4935.61 0.0 104996.6353
4949.75 4949.75 0.0 104990.6528
4963.89 4963.89 0.0 104984.7097
4978.03 4978.03 0.0 104978.7957
4992.17 4992.17 0.0 104972.9136
5006.32 5006.32 0.0 104967.0601
5020.46 5020.46 0.0 104961.2332
5034.6 5034.6 0.0 104955.4434
5048.74 5048.74 0.0 104949.6851
5062.88 5062.88 0.0 104943.9565
5077.03 5077.03 0.0 104938.2473
5091.17 5091.17 0.0 104932.5730
5105.31 5105.31 0.0 104926.9331
5119.45 5119.45 0.0 104921.3208
5133.6 5133.6 0.0 104915.7295
5147.74 5147.74 0.0 104910.1704
5161.88 5161.88 0.0 104904.6443
5176.02 5176.02 0.0 104899.1396
5190.16 5190.16 0.0 104893.6658
5204.31 5204.31 0.0 104888.2173
5218.45 5218.45 0.0 104882.8010
5232.59 5232.59 0.0 104877.4080
5246.73 5246.73 0.0 104872.0398
5260.87 5260.87 0.0 104866.7002
5275.02 5275.02 0.0 104861.3806
5289.16 5289.16 0.0 104856.0938
5303.3 5303.3 0.0 104850.8318
5317.44 5317.44 0.0 104845.5945
5331.59 5331.59 0.0 104840.3748
5345.73 5345.73 0.0 104835.1880
5359.87 5359.87 0.0 104830.0239
5374.01 5374.01 0.0 104824.8855
5388.15 5388.15 0.0 104819.7681
5402.3 5402.3 0.0 104814.6731
5416.44 5416.44 0.0 104809.6003
5430.58 5430.58 0.0 104804.5552
5444.72 5444.72 0.0 104799.5320
5458.86 5458.86 0.0 104794.5308
5473.01 5473.01 0.0 104789.5469
5487.15 5487.15 0.0 104784.5879
5501.29 5501.29 0.0 104779.6575
5515.43 5515.43 0.0 104774.7407
5529.58 5529.58 0.0 104769.8459
5543.72 5543.72 0.0 104764.9724
5557.86 5557.86 0.0 104760.1240
5572.0 5572.0 0.0 104755.2905
5586.14 5586.14 0.0 104750.4819
5600.29 5600.29 0.0 104745.6877
5614.43 5614.43 0.0 104740.9170
5628.57 5628.57 0.0 104736.1641
5642.71 5642.71 0.0 104731.4309
5656.85 5656.85 0.0 104726.7219
5671.0 5671.0 0.0 104722.0161
5685.14 5685.14 0.0 104717.3428
5699.28 5699.28 0.0 104712.6853
5713.42 5713.42 0.0 104708.0488
5727.56 5727.56 0.0 104703.4255
5741.71 5741.71 0.0 104698.8176
5755.85 5755.85 0.0 104694.2307
5769.99 5769.99 0.0 104689.6643
5784.13 5784.13 0.0 104685.1089
5798.28 5798.28 0.0 104680.5679
5812.42 5812.42 0.0 104676.0518
5826.56 5826.56 0.0 104671.5469
5840.7 5840.7 0.0 104667.0603
5854.84 5854.84 0.0 104662.5896
5868.99 5868.99 0.0 104658.1250
5883.13 5883.13 0.0 104653.6882
5897.27 5897.27 0.0 104649.2668
5911.41 5911.41 0.0 104644.8547
5925.55 5925.55 0.0 104640.4609
5939.7 5939.7 0.0 104636.0745
5953.84 5953.84 0.0 104631.7114
5967.98 5967.98 0.0 104627.3584
5982.12 5982.12 0.0 104623.0254
5996.27 5996.27 0.0 104618.7009
6010.41 6010.41 0.0 104614.3923
6024.55 6024.55 0.0 104610.0979
6038.69 6038.69 0.0 104605.8157
6052.83 6052.83 0.0 104601.5483
6066.98 6066.98 0.0 104597.2913
6081.12 6081.12 0.0 104593.0474
6095.26 6095.26 0.0 104588.8184
6109.4 6109.4 0.0 104584.6028
6123.54 6123.54 0.0 104580.4031
6137.69 6137.69 0.0 104576.2061
6151.83 6151.83 0.0 104572.0266
6165.97 6165.97 0.0 104567.8586
6180.11 6180.11 0.0 104563.7085
6194.26 6194.26 0.0 104559.5605
6208.4 6208.4 0.0 104555.4331
6222.54 6222.54 0.0 104551.3127
6236.68 6236.68 0.0 104547.2053
6250.82 6250.82 0.0 104543.1089
6264.97 6264.97 0.0 104539.0195
6279.11 6279.11 0.0 104534.9441
6293.25 6293.25 0.0 104530.8850
6307.39 6307.39 0.0 104526.8323
6321.53 6321.53 0.0 104522.7908
6335.68 6335.68 0.0 104518.7561
6349.82 6349.82 0.0 104514.7400
6363.96 6363.96 0.0 104510.7273
6378.1 6378.1 0.0 104506.7290
6392.25 6392.25 0.0 104502.7356
6406.39 6406.39 0.0 104498.7532
6420.53 6420.53 0.0 104494.7908
6434.67 6434.67 0.0 104490.8303
6448.81 6448.81 0.0 104486.8765
6462.96 6462.96 0.0 104482.9382
6477.1 6477.1 0.0 104479.0090
6491.24 6491.24 0.0 104475.0879
6505.38 6505.38 0.0 104471.1775
6519.52 6519.52 0.0 104467.2751
6533.67 6533.67 0.0 104463.3801
6547.81 6547.81 0.0 104459.4966
6561.95 6561.95 0.0 104455.6221
6576.09 6576.09 0.0 104451.7534
6590.24 6590.24 0.0 104447.8975
6604.38 6604.38 0.0 104444.0520
6618.52 6618.52 0.0 104440.2112
6632.66 6632.66 0.0 104436.3811
6646.8 6646.8 0.0 104432.5583
6660.95 6660.95 0.0 104428.7437
6675.09 6675.09 0.0 104424.9368
6689.23 6689.23 0.0 104421.1401
6703.37 6703.37 0.0 104417.3542
6717.51 6717.51 0.0 104413.5728
6731.66 6731.66 0.0 104409.8005
6745.8 6745.8 0.0 104406.0383
6759.94 6759.94 0.0 104402.2781
6774.08 6774.08 0.0 104398.5312
6788.23 6788.23 0.0 104394.7903
6802.37 6802.37 0.0 104391.0566
6816.51 6816.51 0.0 104387.3340
6830.65 6830.65 0.0 104383.6152
6844.79 6844.79 0.0 104379.9070
6858.94 6858.94 0.0 104376.2063
6873.08 6873.08 0.0 104372.5068
6887.22 6887.22 0.0 104368.8208
6901.36 6901.36 0.0 104365.1418
6915.5 6915.5 0.0 104361.4719
6929.65 6929.65 0.0 104357.8037
6943.79 6943.79 0.0 104354.1453
6957.93 6957.93 0.0 104350.4946
6972.07 6972.07 0.0 104346.8535
6986.21 6986.21 0.0 104343.2170
