0.0 0.0 0.0 1255401.6250
14.1421 14.1421 0.0 1535462.3750
28.2843 28.2843 0.0 1552917.7500
42.4264 42.4264 0.0 1537557.6250
56.5685 56.5685 0.0 1523245.0000
70.7107 70.7107 0.0 1511812.5000
84.8528 84.8528 0.0 1500812.2500
98.9949 98.9949 0.0 1488271.5000
113.137 113.137 0.0 1473688.5000
127.279 127.279 0.0 1457449.0000
141.421 141.421 0.0 1440125.3750
155.563 155.563 0.0 1422172.1250
169.706 169.706 0.0 1403863.2500
183.848 183.848 0.0 1385334.1250
197.99 197.99 0.0 1366634.3750
212.132 212.132 0.0 1347764.8750
226.274 226.274 0.0 1328705.8750
240.416 240.416 0.0 1309432.0000
254.558 254.558 0.0 1289920.3750
268.701 268.701 0.0 1270154.6250
282.843 282.843 0.0 1250130.2500
296.985 296.985 0.0 1229846.5000
311.127 311.127 0.0 1209316.1250
325.269 325.269 0.0 1188555.8750
339.411 339.411 0.0 1167588.8750
353.553 353.553 0.0 1146445.6875
367.696 367.696 0.0 1125154.5625
381.838 381.838 0.0 1103752.1250
395.98 395.98 0.0 1082273.1875
410.122 410.122 0.0 1060752.8750
424.264 424.264 0.0 1039227.3750
438.406 438.406 0.0 1017727.8750
452.548 452.548 0.0 996290.4375
466.69 466.69 0.0 974944.0000
480.833 480.833 0.0 953718.0000
494.975 494.975 0.0 932644.1250
509.117 509.117 0.0 911746.5000
523.259 523.259 0.0 891049.6875
537.401 537.401 0.0 870578.0000
551.543 551.543 0.0 850351.8750
565.685 565.685 0.0 830393.3750
579.828 579.828 0.0 810719.0000
593.97 593.97 0.0 791350.1250
608.112 608.112 0.0 772301.8125
622.254 622.254 0.0 753590.8125
636.396 636.396 0.0 735231.0000
650.538 650.538 0.0 717236.2500
664.68 664.68 0.0 699619.3750
678.823 678.823 0.0 682390.5000
692.965 692.965 0.0 665563.4375
707.107 707.107 0.0 649145.0000
721.249 721.249 0.0 633144.8125
735.391 735.391 0.0 617569.5312
749.533 749.533 0.0 602423.5000
763.675 763.675 0.0 587713.0938
777.817 777.817 0.0 573440.1250
791.96 791.96 0.0 559605.1875
806.102 806.102 0.0 546211.0000
820.244 820.244 0.0 533254.5312
834.386 834.386 0.0 520733.3438
848.528 848.528 0.0 508643.5625
862.67 862.67 0.0 496980.0625
876.812 876.812 0.0 485735.4688
890.955 890.955 0.0 474901.8125
905.097 905.097 0.0 464471.9688
919.239 919.239 0.0 454434.6250
933.381 933.381 0.0 444779.9062
947.523 947.523 0.0 435495.7812
961.665 961.665 0.0 426570.8125
975.807 975.807 0.0 417992.1562
989.949 989.949 0.0 409747.5625
1004.09 1004.09 0.0 401824.0938
1018.23 1018.23 0.0 394208.7812
1032.38 1032.38 0.0 386883.0000
1046.52 1046.52 0.0 379843.7812
1060.66 1060.66 0.0 373073.5312
1074.8 1074.8 0.0 366559.3125
1088.94 1088.94 0.0 360289.0312
1103.09 1103.09 0.0 354246.8125
1117.23 1117.23 0.0 348429.7812
1131.37 1131.37 0.0 342822.5312
1145.51 1145.51 0.0 337414.4688
1159.66 1159.66 0.0 332192.1562
1173.8 1173.8 0.0 327153.6250
1187.94 1187.94 0.0 322285.8438
1202.08 1202.08 0.0 317580.6094
1216.22 1216.22 0.0 313029.8281
1230.37 1230.37 0.0 308622.8281
1244.51 1244.51 0.0 304358.8125
1258.65 1258.65 0.0 300227.8906
1272.79 1272.79 0.0 296223.8438
1286.93 1286.93 0.0 292341.0625
1301.08 1301.08 0.0 288571.0469
1315.22 1315.22 0.0 284914.2031
1329.36 1329.36 0.0 281362.9688
1343.5 1343.5 0.0 277912.7500
1357.65 1357.65 0.0 274557.1562
1371.79 1371.79 0.0 271296.8125
1385.93 1385.93 0.0 268125.6406
1400.07 1400.07 0.0 265040.2031
1414.21 1414.21 0.0 262037.1875
1428.36 1428.36 0.0 259111.6250
1442.5 1442.5 0.0 256264.7188
1456.64 1456.64 0.0 253491.6719
1470.78 1470.78 0.0 250790.0625
1484.92 1484.92 0.0 248157.4688
1499.07 1499.07 0.0 245590.1562
1513.21 1513.21 0.0 243089.3906
1527.35 1527.35 0.0 240651.7031
1541.49 1541.49 0.0 238275.2031
1555.63 1555.63 0.0 235958.2500
1569.78 1569.78 0.0 233697.6875
1583.92 1583.92 0.0 231495.3125
1598.06 1598.06 0.0 229348.0547
1612.2 1612.2 0.0 227254.7266
1626.35 1626.35 0.0 225212.6250
1640.49 1640.49 0.0 223223.4688
1654.63 1654.63 0.0 221284.6797
1668.77 1668.77 0.0 219395.2891
1682.91 1682.91 0.0 217554.1797
1697.06 1697.06 0.0 215759.1641
1711.2 1711.2 0.0 214011.7734
1725.34 1725.34 0.0 212309.7812
1739.48 1739.48 0.0 210652.3281
1753.62 1753.62 0.0 209038.3828
1767.77 1767.77 0.0 207465.9219
1781.91 1781.91 0.0 205936.1953
1796.05 1796.05 0.0 204447.2656
1810.19 1810.19 0.0 202998.0625
1824.34 1824.34 0.0 201586.6562
1838.48 1838.48 0.0 200213.9609
1852.62 1852.62 0.0 198878.1484
1866.76 1866.76 0.0 197578.0781
1880.9 1880.9 0.0 196312.7500
1895.05 1895.05 0.0 195080.2734
1909.19 1909.19 0.0 193881.3594
1923.33 1923.33 0.0 192714.0234
1937.47 1937.47 0.0 191577.2344
1951.61 1951.61 0.0 190469.9219
1965.76 1965.76 0.0 189390.2578
1979.9 1979.9 0.0 188338.7344
1994.04 1994.04 0.0 187313.5312
2008.18 2008.18 0.0 186313.5625
2022.33 2022.33 0.0 185337.2031
2036.47 2036.47 0.0 184384.7422
2050.61 2050.61 0.0 183454.5781
2064.75 2064.75 0.0 182545.6562
2078.89 2078.89 0.0 181657.1016
2093.04 2093.04 0.0 180787.3750
2107.18 2107.18 0.0 179936.8438
2121.32 2121.32 0.0 179104.0234
2135.46 2135.46 0.0 178288.1016
2149.6 2149.6 0.0 177488.2969
2163.75 2163.75 0.0 176703.3203
2177.89 2177.89 0.0 175933.5391
2192.03 2192.03 0.0 175177.7656
2206.17 2206.17 0.0 174435.3203
2220.32 2220.32 0.0 173705.1016
2234.46 2234.46 0.0 172987.5859
2248.6 2248.6 0.0 172281.6875
2262.74 2262.74 0.0 171586.9297
2276.88 2276.88 0.0 170902.8672
2291.03 2291.03 0.0 170228.5391
2305.17 2305.17 0.0 169564.4922
2319.31 2319.31 0.0 168909.9141
2333.45 2333.45 0.0 168264.3984
2347.59 2347.59 0.0 167627.6719
2361.74 2361.74 0.0 166998.9609
2375.88 2375.88 0.0 166378.8711
2390.02 2390.02 0.0 165766.7422
2404.16 2404.16 0.0 165162.2891
2418.31 2418.31 0.0 164564.9023
2432.45 2432.45 0.0 163975.2344
2446.59 2446.59 0.0 163392.6172
2460.73 2460.73 0.0 162816.9492
2474.87 2474.87 0.0 162248.0352
2489.02 2489.02 0.0 161685.3125
2503.16 2503.16 0.0 161129.4648
2517.3 2517.3 0.0 160579.9414
2531.44 2531.44 0.0 160036.6016
2545.58 2545.58 0.0 159499.3633
2559.73 2559.73 0.0 158967.7070
2573.87 2573.87 0.0 158442.2773
2588.01 2588.01 0.0 157922.6289
2602.15 2602.15 0.0 157408.6055
2616.3 2616.3 0.0 156899.7422
2630.44 2630.44 0.0 156396.7227
2644.58 2644.58 0.0 155899.0234
2658.72 2658.72 0.0 155406.5742
2672.86 2672.86 0.0 154919.2969
2687.01 2687.01 0.0 154436.7109
2701.15 2701.15 0.0 153959.4492
2715.29 2715.29 0.0 153487.0547
2729.43 2729.43 0.0 153019.4648
2743.57 2743.57 0.0 152556.5938
2757.72 2757.72 0.0 152098.0078
2771.86 2771.86 0.0 151644.3516
2786.0 2786.0 0.0 151195.1445
2800.14 2800.14 0.0 150750.3828
2814.28 2814.28 0.0 150309.9648
2828.43 2828.43 0.0 149873.5391
2842.57 2842.57 0.0 149441.6875
2856.71 2856.71 0.0 149014.0234
2870.85 2870.85 0.0 148590.5352
2885.0 2885.0 0.0 148170.9141
2899.14 2899.14 0.0 147755.6914
2913.28 2913.28 0.0 147344.5664
2927.42 2927.42 0.0 146937.5312
2941.56 2941.56 0.0 146534.5938
2955.71 2955.71 0.0 146135.4961
2969.85 2969.85 0.0 145740.7734
2983.99 2983.99 0.0 145350.1953
2998.13 2998.13 0.0 144963.7812
3012.27 3012.27 0.0 144581.5664
3026.42 3026.42 0.0 144203.3320
3040.56 3040.56 0.0 143829.6445
3054.7 3054.7 0.0 143460.2773
3068.84 3068.84 0.0 143095.3008
3082.99 3082.99 0.0 142734.5078
3097.13 3097.13 0.0 142378.4531
3111.27 3111.27 0.0 142026.9492
3125.41 3125.41 0.0 141680.0703
3139.55 3139.55 0.0 141337.8398
3153.7 3153.7 0.0 141000.1016
3167.84 3167.84 0.0 140667.3711
3181.98 3181.98 0.0 140339.4688
3196.12 3196.12 0.0 140016.4336
3210.26 3210.26 0.0 139698.3086
3224.41 3224.41 0.0 139384.9141
3238.55 3238.55 0.0 139076.7031
3252.69 3252.69 0.0 138773.4922
3266.83 3266.83 0.0 138475.2969
3280.98 3280.98 0.0 138181.9062
3295.12 3295.12 0.0 137893.7266
3309.26 3309.26 0.0 137610.5625
3323.4 3323.4 0.0 137332.3750
3337.54 3337.54 0.0 137059.1523
3351.69 3351.69 0.0 136790.6719
3365.83 3365.83 0.0 136527.2578
3379.97 3379.97 0.0 136268.6719
3394.11 3394.11 0.0 136014.8398
3408.25 3408.25 0.0 135765.7109
3422.4 3422.4 0.0 135521.0391
3436.54 3436.54 0.0 135281.0742
3450.68 3450.68 0.0 135045.5703
3464.82 3464.82 0.0 134814.4141
3478.97 3478.97 0.0 134587.3516
3493.11 3493.11 0.0 134364.5938
3507.25 3507.25 0.0 134145.8789
3521.39 3521.39 0.0 133931.0879
3535.53 3535.53 0.0 133720.0938
3549.68 3549.68 0.0 133512.6445
3563.82 3563.82 0.0 133308.9199
3577.96 3577.96 0.0 133108.6211
3592.1 3592.1 0.0 132911.6660
3606.24 3606.24 0.0 132717.9277
3620.39 3620.39 0.0 132527.1250
3634.53 3634.53 0.0 132339.4180
3648.67 3648.67 0.0 132154.5742
3662.81 3662.81 0.0 131972.4727
3676.96 3676.96 0.0 131792.8672
3691.1 3691.1 0.0 131615.9219
3705.24 3705.24 0.0 131441.4082
3719.38 3719.38 0.0 131269.2070
3733.52 3733.52 0.0 131099.2676
3747.67 3747.67 0.0 130931.3574
3761.81 3761.81 0.0 130765.6484
3775.95 3775.95 0.0 130601.9531
3790.09 3790.09 0.0 130440.2031
3804.23 3804.23 0.0 130280.3145
3818.38 3818.38 0.0 130122.1680
3832.52 3832.52 0.0 129965.8926
3846.66 3846.66 0.0 129811.3691
3860.8 3860.8 0.0 129658.5547
3874.95 3874.95 0.0 129507.3066
3889.09 3889.09 0.0 129357.8203
3903.23 3903.23 0.0 129209.9668
3917.37 3917.37 0.0 129063.7383
3931.51 3931.51 0.0 128919.1211
3945.66 3945.66 0.0 128776.0215
3959.8 3959.8 0.0 128634.6211
3973.94 3973.94 0.0 128494.8359
3988.08 3988.08 0.0 128356.6875
4002.22 4002.22 0.0 128220.1406
4016.37 4016.37 0.0 128085.1406
4030.51 4030.51 0.0 127951.8828
4044.65 4044.65 0.0 127820.2793
4058.79 4058.79 0.0 127690.3359
4072.94 4072.94 0.0 127561.9844
4087.08 4087.08 0.0 127435.4102
4101.22 4101.22 0.0 127310.5195
4115.36 4115.36 0.0 127187.3418
4129.5 4129.5 0.0 127065.8652
4143.65 4143.65 0.0 126946.0215
4157.79 4157.79 0.0 126827.9453
4171.93 4171.93 0.0 126711.5723
4186.07 4186.07 0.0 126596.9082
4200.21 4200.21 0.0 126483.9082
4214.36 4214.36 0.0 126372.4961
4228.5 4228.5 0.0 126262.8184
4242.64 4242.64 0.0 126154.7578
4256.78 4256.78 0.0 126048.2930
4270.92 4270.92 0.0 125943.3984
4285.07 4285.07 0.0 125839.9609
4299.21 4299.21 0.0 125738.0840
4313.35 4313.35 0.0 125637.6758
4327.49 4327.49 0.0 125538.6719
4341.64 4341.64 0.0 125440.9688
4355.78 4355.78 0.0 125344.6562
4369.92 4369.92 0.0 125249.6172
4384.06 4384.06 0.0 125155.7949
4398.2 4398.2 0.0 125063.1543
4412.35 4412.35 0.0 124971.5605
4426.49 4426.49 0.0 124881.1191
4440.63 4440.63 0.0 124791.6836
4454.77 4454.77 0.0 124703.2305
4468.91 4468.91 0.0 124615.6973
4483.06 4483.06 0.0 124528.9746
4497.2 4497.2 0.0 124443.1504
4511.34 4511.34 0.0 124358.1133
4525.48 4525.48 0.0 124273.8262
4539.63 4539.63 0.0 124190.1953
4553.77 4553.77 0.0 124107.2910
4567.91 4567.91 0.0 124025.0508
4582.05 4582.05 0.0 123943.3984
4596.19 4596.19 0.0 123862.3672
4610.34 4610.34 0.0 123781.8379
4624.48 4624.48 0.0 123701.9160
4638.62 4638.62 0.0 123622.5352
4652.76 4652.76 0.0 123543.6543
4666.9 4666.9 0.0 123465.2910
4681.05 4681.05 0.0 123387.3750
4695.19 4695.19 0.0 123310.0059
4709.33 4709.33 0.0 123233.1191
4723.47 4723.47 0.0 123156.7266
4737.62 4737.62 0.0 123080.7559
4751.76 4751.76 0.0 123005.3301
4765.9 4765.9 0.0 122930.3848
4780.04 4780.04 0.0 122855.9238
4794.18 4794.18 0.0 122781.9629
4808.33 4808.33 0.0 122708.4336
4822.47 4822.47 0.0 122635.4668
4836.61 4836.61 0.0 122562.9844
4850.75 4850.75 0.0 122491.0254
4864.89 4864.89 0.0 122419.5527
4879.04 4879.04 0.0 122348.5547
4893.18 4893.18 0.0 122278.1250
4907.32 4907.32 0.0 122208.1895
4921.46 4921.46 0.0 122138.7910
4935.61 4935.61 0.0 122069.8477
4949.75 4949.75 0.0 122001.4727
4963.89 4963.89 0.0 121933.6133
4978.03 4978.03 0.0 121866.2656
4992.17 4992.17 0.0 121799.4355
5006.32 5006.32 0.0 121733.0508
5020.46 5020.46 0.0 121667.2246
5034.6 5034.6 0.0 121601.9062
5048.74 5048.74 0.0 121537.0625
5062.88 5062.88 0.0 121472.7070
5077.03 5077.03 0.0 121408.7969
5091.17 5091.17 0.0 121345.4043
5105.31 5105.31 0.0 121282.4609
5119.45 5119.45 0.0 121219.9766
5133.6 5133.6 0.0 121157.9004
5147.74 5147.74 0.0 121096.3047
5161.88 5161.88 0.0 121035.1328
5176.02 5176.02 0.0 120974.3887
5190.16 5190.16 0.0 120914.0488
5204.31 5204.31 0.0 120854.0742
5218.45 5218.45 0.0 120794.5234
5232.59 5232.59 0.0 120735.3574
5246.73 5246.73 0.0 120676.5703
5260.87 5260.87 0.0 120618.1328
5275.02 5275.02 0.0 120560.0195
5289.16 5289.16 0.0 120502.2832
5303.3 5303.3 0.0 120444.8965
5317.44 5317.44 0.0 120387.8262
5331.59 5331.59 0.0 120331.0508
5345.73 5345.73 0.0 120274.6191
5359.87 5359.87 0.0 120218.4902
5374.01 5374.01 0.0 120162.6738
5388.15 5388.15 0.0 120107.1445
5402.3 5402.3 0.0 120051.8691
5416.44 5416.44 0.0 119996.8984
5430.58 5430.58 0.0 119942.2168
5444.72 5444.72 0.0 119887.8047
5458.86 5458.86 0.0 119833.6641
5473.01 5473.01 0.0 119779.7461
5487.15 5487.15 0.0 119726.1230
5501.29 5501.29 0.0 119672.7637
5515.43 5515.43 0.0 119619.6504
5529.58 5529.58 0.0 119566.7578
5543.72 5543.72 0.0 119514.1504
5557.86 5557.86 0.0 119461.7852
5572.0 5572.0 0.0 119409.6738
5586.14 5586.14 0.0 119357.8066
5600.29 5600.29 0.0 119306.1445
5614.43 5614.43 0.0 119254.7578
5628.57 5628.57 0.0 119203.6074
5642.71 5642.71 0.0 119152.7051
5656.85 5656.85 0.0 119102.0449
5671.0 5671.0 0.0 119051.5879
5685.14 5685.14 0.0 119001.4121
5699.28 5699.28 0.0 118951.4746
5713.42 5713.42 0.0 118901.7715
5727.56 5727.56 0.0 118852.3164
5741.71 5741.71 0.0 118803.0664
5755.85 5755.85 0.0 118754.0996
5769.99 5769.99 0.0 118705.3770
5784.13 5784.13 0.0 118656.8965
5798.28 5798.28 0.0 118608.6133
5812.42 5812.42 0.0 118560.6289
5826.56 5826.56 0.0 118512.8809
5840.7 5840.7 0.0 118465.3770
5854.84 5854.84 0.0 118418.1172
5868.99 5868.99 0.0 118371.0820
5883.13 5883.13 0.0 118324.3223
5897.27 5897.27 0.0 118277.8164
5911.41 5911.41 0.0 118231.5566
5925.55 5925.55 0.0 118185.5430
5939.7 5939.7 0.0 118139.7559
5953.84 5953.84 0.0 118094.2500
5967.98 5967.98 0.0 118048.9922
5982.12 5982.12 0.0 118003.9824
5996.27 5996.27 0.0 117959.2051
6010.41 6010.41 0.0 117914.6953
6024.55 6024.55 0.0 117870.4434
6038.69 6038.69 0.0 117826.4570
6052.83 6052.83 0.0 117782.7031
6066.98 6066.98 0.0 117739.1797
6081.12 6081.12 0.0 117695.9424
6095.26 6095.26 0.0 117652.9492
6109.4 6109.4 0.0 117610.2070
6123.54 6123.54 0.0 117567.7217
6137.69 6137.69 0.0 117525.4531
6151.83 6151.83 0.0 117483.4619
6165.97 6165.97 0.0 117441.7139
6180.11 6180.11 0.0 117400.2295
6194.26 6194.26 0.0 117358.9531
6208.4 6208.4 0.0 117317.9502
6222.54 6222.54 0.0 117277.1943
6236.68 6236.68 0.0 117236.6836
6250.82 6250.82 0.0 117196.4170
6264.97 6264.97 0.0 117156.3584
6279.11 6279.11 0.0 117116.5576
6293.25 6293.25 0.0 117077.0098
6307.39 6307.39 0.0 117037.7041
6321.53 6321.53 0.0 116998.6279
6335.68 6335.68 0.0 116959.7432
6349.82 6349.82 0.0 116921.1250
6363.96 6363.96 0.0 116882.7432
6378.1 6378.1 0.0 116844.5850
6392.25 6392.25 0.0 116806.6152
6406.39 6406.39 0.0 116768.8984
6420.53 6420.53 0.0 116731.4043
6434.67 6434.67 0.0 116694.1309
6448.81 6448.81 0.0 116657.0713
6462.96 6462.96 0.0 116620.1943
6477.1 6477.1 0.0 116583.5498
6491.24 6491.24 0.0 116547.1211
6505.38 6505.38 0.0 116510.8945
6519.52 6519.52 0.0 116474.8682
6533.67 6533.67 0.0 116439.0117
6547.81 6547.81 0.0 116403.3828
6561.95 6561.95 0.0 116367.9443
6576.09 6576.09 0.0 116332.7021
6590.24 6590.24 0.0 116297.6123
6604.38 6604.38 0.0 116262.7451
6618.52 6618.52 0.0 116228.0586
6632.66 6632.66 0.0 116193.5430
6646.8 6646.8 0.0 116159.2100
6660.95 6660.95 0.0 116125.0205
6675.09 6675.09 0.0 116091.0283
6689.23 6689.23 0.0 116057.2031
6703.37 6703.37 0.0 116023.5391
6717.51 6717.51 0.0 115990.0342
6731.66 6731.66 0.0 115956.6758
6745.8 6745.8 0.0 115923.4824
6759.94 6759.94 0.0 115890.4521
6774.08 6774.08 0.0 115857.5654
6788.23 6788.23 0.0 115824.8066
6802.37 6802.37 0.0 115792.2178
6816.51 6816.51 0.0 115759.7695
6830.65 6830.65 0.0 115727.4561
6844.79 6844.79 0.0 115695.2822
6858.94 6858.94 0.0 115663.2256
6873.08 6873.08 0.0 115631.3223
6887.22 6887.22 0.0 115599.5508
6901.36 6901.36 0.0 115567.9092
6915.5 6915.5 0.0 115536.3916
6929.65 6929.65 0.0 115504.9766
6943.79 6943.79 0.0 115473.7109
6957.93 6957.93 0.0 115442.5537
6972.07 6972.07 0.0 115411.5322
6986.21 6986.21 0.0 115380.6172
7000.36 7000.36 0.0 115349.8096
7014.5 7014.5 0.0 115319.1426
7028.64 7028.64 0.0 115288.5889
7042.78 7042.78 0.0 115258.1465
7056.93 7056.93 0.0 115227.8027
7071.07 7071.07 0.0 115197.5898
7085.21 7085.21 0.0 115167.4961
7099.35 7099.35 0.0 115137.5186
7113.49 7113.49 0.0 115107.6582
7127.64 7127.64 0.0 115077.8887
7141.78 7141.78 0.0 115048.2598
7155.92 7155.92 0.0 115018.7588
7170.06 7170.06 0.0 114989.3672
7184.2 7184.2 0.0 114960.0967
7198.35 7198.35 0.0 114930.9326
7212.49 7212.49 0.0 114901.9150
7226.63 7226.63 0.0 114873.0215
7240.77 7240.77 0.0 114844.2549
7254.92 7254.92 0.0 114815.6113
7269.06 7269.06 0.0 114787.1123
7283.2 7283.2 0.0 114758.7617
7297.34 7297.34 0.0 114730.5459
7311.48 7311.48 0.0 114702.4902
7325.63 7325.63 0.0 114674.5508
7339.77 7339.77 0.0 114646.7959
7353.91 7353.91 0.0 114619.1973
7368.05 7368.05 0.0 114591.7705
7382.19 7382.19 0.0 114564.4980
7396.34 7396.34 0.0 114537.3955
7410.48 7410.48 0.0 114510.4863
7424.62 7424.62 0.0 114483.7666
7438.76 7438.76 0.0 114457.2451
7452.91 7452.91 0.0 114430.9004
7467.05 7467.05 0.0 114404.7754
7481.19 7481.19 0.0 114378.8701
7495.33 7495.33 0.0 114353.1875
7509.47 7509.47 0.0 114327.7275
7523.62 7523.62 0.0 114302.4717
7537.76 7537.76 0.0 114277.4785
7551.9 7551.9 0.0 114252.7363
7566.04 7566.04 0.0 114228.2480
7580.18 7580.18 0.0 114204.0068
7594.33 7594.33 0.0 114180.0186
7608.47 7608.47 0.0 114156.3291
7622.61 7622.61 0.0 114132.9082
7636.75 7636.75 0.0 114109.7783
7650.9 7650.9 0.0 114086.9209
7665.04 7665.04 0.0 114064.3672
7679.18 7679.18 0.0 114042.1260
7693.32 7693.32 0.0 114020.1865
7707.46 7707.46 0.0 113998.5566
7721.61 7721.61 0.0 113977.2139
7735.75 7735.75 0.0 113956.2080
7749.89 7749.89 0.0 113935.5215
7764.03 7764.03 0.0 113915.1494
7778.17 7778.17 0.0 113895.0908
