0.0 0.0 0.0 202147.0078
14.1421 14.1421 0.0 205856.7266
28.2843 28.2843 0.0 203146.9531
42.4264 42.4264 0.0 202549.7500
56.5685 56.5685 0.0 202427.8438
70.7107 70.7107 0.0 202422.7969
84.8528 84.8528 0.0 202434.5234
98.9949 98.9949 0.0 202431.0859
113.137 113.137 0.0 202401.8359
127.279 127.279 0.0 202343.6484
141.421 141.421 0.0 202256.2500
155.563 155.563 0.0 202140.3984
169.706 169.706 0.0 201997.4531
183.848 183.848 0.0 201828.8281
197.99 197.99 0.0 201636.0703
212.132 212.132 0.0 201420.7266
226.274 226.274 0.0 201184.2500
240.416 240.416 0.0 200928.1641
254.558 254.558 0.0 200653.8672
268.701 268.701 0.0 200362.6797
282.843 282.843 0.0 200056.0391
296.985 296.985 0.0 199735.1797
311.127 311.127 0.0 199401.3203
325.269 325.269 0.0 199055.6719
339.411 339.411 0.0 198699.2891
353.553 353.553 0.0 198333.2891
367.696 367.696 0.0 197958.5625
381.838 381.838 0.0 197576.1484
395.98 395.98 0.0 197186.8516
410.122 410.122 0.0 196791.4844
424.264 424.264 0.0 196390.7500
438.406 438.406 0.0 195985.3750
452.548 452.548 0.0 195575.9062
466.69 466.69 0.0 195162.9062
480.833 480.833 0.0 194746.8281
494.975 494.975 0.0 194328.1875
509.117 509.117 0.0 193907.2969
523.259 523.259 0.0 193484.5312
537.401 537.401 0.0 193060.1016
551.543 551.543 0.0 192634.3125
565.685 565.685 0.0 192207.3281
579.828 579.828 0.0 191779.3047
593.97 593.97 0.0 191350.4219
608.112 608.112 0.0 190920.7578
622.254 622.254 0.0 190490.4141
636.396 636.396 0.0 190059.4219
650.538 650.538 0.0 189627.9297
664.68 664.68 0.0 189195.8359
678.823 678.823 0.0 188763.2031
692.965 692.965 0.0 188330.1406
707.107 707.107 0.0 187896.5469
721.249 721.249 0.0 187462.5156
735.391 735.391 0.0 187028.0469
749.533 749.533 0.0 186593.1562
763.675 763.675 0.0 186157.8594
777.817 777.817 0.0 185722.1562
791.96 791.96 0.0 185286.1016
806.102 806.102 0.0 184849.7578
820.244 820.244 0.0 184413.1562
834.386 834.386 0.0 183976.3906
848.528 848.528 0.0 183539.5000
862.67 862.67 0.0 183102.5391
876.812 876.812 0.0 182665.6641
890.955 890.955 0.0 182228.8750
905.097 905.097 0.0 181792.3672
919.239 919.239 0.0 181356.2109
933.381 933.381 0.0 180920.5234
947.523 947.523 0.0 180485.4141
961.665 961.665 0.0 180051.0547
975.807 975.807 0.0 179617.5312
989.949 989.949 0.0 179185.0000
1004.09 1004.09 0.0 178753.6094
1018.23 1018.23 0.0 178323.5000
1032.38 1032.38 0.0 177894.4766
1046.52 1046.52 0.0 177467.2734
1060.66 1060.66 0.0 177041.7188
1074.8 1074.8 0.0 176617.9297
1088.94 1088.94 0.0 176196.0078
1103.09 1103.09 0.0 175775.7969
1117.23 1117.23 0.0 175358.0000
1131.37 1131.37 0.0 174942.4062
1145.51 1145.51 0.0 174529.1484
1159.66 1159.66 0.0 174117.9219
1173.8 1173.8 0.0 173709.5078
1187.94 1187.94 0.0 173303.6250
1202.08 1202.08 0.0 172900.3125
1216.22 1216.22 0.0 172499.6719
1230.37 1230.37 0.0 172101.4688
1244.51 1244.51 0.0 171706.2578
1258.65 1258.65 0.0 171313.7891
1272.79 1272.79 0.0 170924.1328
1286.93 1286.93 0.0 170537.2266
1301.08 1301.08 0.0 170152.8828
1315.22 1315.22 0.0 169771.6172
1329.36 1329.36 0.0 169393.1250
1343.5 1343.5 0.0 169017.3750
1357.65 1357.65 0.0 168644.1875
1371.79 1371.79 0.0 168273.9688
1385.93 1385.93 0.0 167906.4141
1400.07 1400.07 0.0 167541.5469
1414.21 1414.21 0.0 167179.2734
1428.36 1428.36 0.0 166819.3438
1442.5 1442.5 0.0 166462.1914
1456.64 1456.64 0.0 166107.5391
1470.78 1470.78 0.0 165755.3203
1484.92 1484.92 0.0 165405.4922
1499.07 1499.07 0.0 165057.7656
1513.21 1513.21 0.0 164712.5352
1527.35 1527.35 0.0 164369.5547
1541.49 1541.49 0.0 164028.7969
1555.63 1555.63 0.0 163690.1406
1569.78 1569.78 0.0 163353.3281
1583.92 1583.92 0.0 163018.8281
1598.06 1598.06 0.0 162686.3086
1612.2 1612.2 0.0 162355.7812
1626.35 1626.35 0.0 162026.9297
1640.49 1640.49 0.0 161700.2148
1654.63 1654.63 0.0 161375.3867
1668.77 1668.77 0.0 161052.3945
1682.91 1682.91 0.0 160731.2383
1697.06 1697.06 0.0 160411.6875
1711.2 1711.2 0.0 160094.1484
1725.34 1725.34 0.0 159778.4453
1739.48 1739.48 0.0 159464.5039
1753.62 1753.62 0.0 159152.4219
1767.77 1767.77 0.0 158841.9062
1781.91 1781.91 0.0 158533.4766
1796.05 1796.05 0.0 158226.8945
1810.19 1810.19 0.0 157922.2109
1824.34 1824.34 0.0 157619.2383
1838.48 1838.48 0.0 157318.4219
1852.62 1852.62 0.0 157019.6289
1866.76 1866.76 0.0 156722.8516
1880.9 1880.9 0.0 156428.1445
1895.05 1895.05 0.0 156135.3750
1909.19 1909.19 0.0 155845.0312
1923.33 1923.33 0.0 155556.8867
1937.47 1937.47 0.0 155271.0430
1951.61 1951.61 0.0 154987.5742
1965.76 1965.76 0.0 154706.3203
1979.9 1979.9 0.0 154427.7188
1994.04 1994.04 0.0 154151.6523
2008.18 2008.18 0.0 153878.1641
2022.33 2022.33 0.0 153607.1406
2036.47 2036.47 0.0 153338.9766
2050.61 2050.61 0.0 153073.5820
2064.75 2064.75 0.0 152810.9570
2078.89 2078.89 0.0 152551.1641
2093.04 2093.04 0.0 152294.0586
2107.18 2107.18 0.0 152040.0078
2121.32 2121.32 0.0 151788.9102
2135.46 2135.46 0.0 151540.7109
2149.6 2149.6 0.0 151295.4766
2163.75 2163.75 0.0 151053.0117
2177.89 2177.89 0.0 150813.6680
2192.03 2192.03 0.0 150577.2383
2206.17 2206.17 0.0 150343.6914
2220.32 2220.32 0.0 150112.8711
2234.46 2234.46 0.0 149885.0312
2248.6 2248.6 0.0 149659.9648
2262.74 2262.74 0.0 149437.5547
2276.88 2276.88 0.0 149217.8008
2291.03 2291.03 0.0 149000.3906
2305.17 2305.17 0.0 148785.5703
2319.31 2319.31 0.0 148573.0820
2333.45 2333.45 0.0 148362.7812
2347.59 2347.59 0.0 148154.5469
2361.74 2361.74 0.0 147948.0781
2375.88 2375.88 0.0 147743.5117
2390.02 2390.02 0.0 147540.5352
2404.16 2404.16 0.0 147338.9648
2418.31 2418.31 0.0 147138.4961
2432.45 2432.45 0.0 146939.1914
2446.59 2446.59 0.0 146740.7188
2460.73 2460.73 0.0 146542.8594
2474.87 2474.87 0.0 146345.3672
2489.02 2489.02 0.0 146147.9102
2503.16 2503.16 0.0 145950.5039
2517.3 2517.3 0.0 145752.7891
2531.44 2531.44 0.0 145554.5000
2545.58 2545.58 0.0 145355.4102
2559.73 2559.73 0.0 145155.0781
2573.87 2573.87 0.0 144953.5547
2588.01 2588.01 0.0 144750.4453
2602.15 2602.15 0.0 144545.5039
2616.3 2616.3 0.0 144338.3008
2630.44 2630.44 0.0 144128.8711
2644.58 2644.58 0.0 143916.8633
2658.72 2658.72 0.0 143701.9922
2672.86 2672.86 0.0 143484.0117
2687.01 2687.01 0.0 143262.5625
2701.15 2701.15 0.0 143037.7461
2715.29 2715.29 0.0 142809.1758
2729.43 2729.43 0.0 142576.6797
2743.57 2743.57 0.0 142340.0820
2757.72 2757.72 0.0 142099.0625
2771.86 2771.86 0.0 141853.8320
2786.0 2786.0 0.0 141604.1172
2800.14 2800.14 0.0 141349.8477
2814.28 2814.28 0.0 141090.9336
2828.43 2828.43 0.0 140827.2148
2842.57 2842.57 0.0 140559.0391
2856.71 2856.71 0.0 140286.2969
2870.85 2870.85 0.0 140009.0508
2885.0 2885.0 0.0 139727.2305
2899.14 2899.14 0.0 139441.3750
2913.28 2913.28 0.0 139151.5039
2927.42 2927.42 0.0 138857.8125
2941.56 2941.56 0.0 138560.6094
2955.71 2955.71 0.0 138259.9492
2969.85 2969.85 0.0 137956.6133
2983.99 2983.99 0.0 137650.7539
2998.13 2998.13 0.0 137342.7578
3012.27 3012.27 0.0 137033.0469
3026.42 3026.42 0.0 136721.8281
3040.56 3040.56 0.0 136410.0195
3054.7 3054.7 0.0 136097.8555
3068.84 3068.84 0.0 135785.8086
3082.99 3082.99 0.0 135474.1367
3097.13 3097.13 0.0 135163.7422
3111.27 3111.27 0.0 134854.8945
3125.41 3125.41 0.0 134548.0195
3139.55 3139.55 0.0 134243.5430
3153.7 3153.7 0.0 133941.6934
3167.84 3167.84 0.0 133643.2754
3181.98 3181.98 0.0 133348.4336
3196.12 3196.12 0.0 133057.4844
3210.26 3210.26 0.0 132770.7383
3224.41 3224.41 0.0 132488.2559
3238.55 3238.55 0.0 132210.6562
3252.69 3252.69 0.0 131937.9297
3266.83 3266.83 0.0 131670.2461
3280.98 3280.98 0.0 131407.5254
3295.12 3295.12 0.0 131150.2402
3309.26 3309.26 0.0 130898.2266
3323.4 3323.4 0.0 130651.5469
3337.54 3337.54 0.0 130410.1777
3351.69 3351.69 0.0 130173.9219
3365.83 3365.83 0.0 129943.0742
3379.97 3379.97 0.0 129717.3711
3394.11 3394.11 0.0 129496.7344
3408.25 3408.25 0.0 129281.0371
3422.4 3422.4 0.0 129070.0059
3436.54 3436.54 0.0 128863.8301
3450.68 3450.68 0.0 128662.2031
3464.82 3464.82 0.0 128464.9570
3478.97 3478.97 0.0 128271.8320
3493.11 3493.11 0.0 128082.9180
3507.25 3507.25 0.0 127897.9238
3521.39 3521.39 0.0 127716.7031
3535.53 3535.53 0.0 127539.0938
3549.68 3549.68 0.0 127364.8359
3563.82 3563.82 0.0 127194.0137
3577.96 3577.96 0.0 127026.3691
3592.1 3592.1 0.0 126861.7656
3606.24 3606.24 0.0 126700.0859
3620.39 3620.39 0.0 126541.0879
3634.53 3634.53 0.0 126384.8828
3648.67 3648.67 0.0 126231.2480
3662.81 3662.81 0.0 126080.0977
3676.96 3676.96 0.0 125931.2285
3691.1 3691.1 0.0 125784.7734
3705.24 3705.24 0.0 125640.5605
3719.38 3719.38 0.0 125498.5117
3733.52 3733.52 0.0 125358.5488
3747.67 3747.67 0.0 125220.5508
3761.81 3761.81 0.0 125084.6406
3775.95 3775.95 0.0 124950.6914
3790.09 3790.09 0.0 124818.6621
3804.23 3804.23 0.0 124688.5098
3818.38 3818.38 0.0 124560.1289
3832.52 3832.52 0.0 124433.6504
3846.66 3846.66 0.0 124308.9805
3860.8 3860.8 0.0 124186.0781
3874.95 3874.95 0.0 124064.8613
3889.09 3889.09 0.0 123945.4590
3903.23 3903.23 0.0 123827.7832
3917.37 3917.37 0.0 123711.8125
3931.51 3931.51 0.0 123597.5234
3945.66 3945.66 0.0 123484.8105
3959.8 3959.8 0.0 123373.8398
3973.94 3973.94 0.0 123264.4883
3988.08 3988.08 0.0 123156.7422
4002.22 4002.22 0.0 123050.5645
4016.37 4016.37 0.0 122945.8750
4030.51 4030.51 0.0 122842.7832
4044.65 4044.65 0.0 122741.1895
4058.79 4058.79 0.0 122641.0527
4072.94 4072.94 0.0 122542.2676
4087.08 4087.08 0.0 122444.9258
4101.22 4101.22 0.0 122348.9375
4115.36 4115.36 0.0 122254.2363
4129.5 4129.5 0.0 122160.7852
4143.65 4143.65 0.0 122068.4746
4157.79 4157.79 0.0 121977.3516
4171.93 4171.93 0.0 121887.3242
4186.07 4186.07 0.0 121798.3203
4200.21 4200.21 0.0 121710.2734
4214.36 4214.36 0.0 121623.0664
4228.5 4228.5 0.0 121536.7520
4242.64 4242.64 0.0 121451.1855
4256.78 4256.78 0.0 121366.3320
4270.92 4270.92 0.0 121282.0938
4285.07 4285.07 0.0 121198.3418
4299.21 4299.21 0.0 121115.1270
4313.35 4313.35 0.0 121032.2988
4327.49 4327.49 0.0 120949.8086
4341.64 4341.64 0.0 120867.5078
4355.78 4355.78 0.0 120785.4590
4369.92 4369.92 0.0 120703.4980
4384.06 4384.06 0.0 120621.5781
4398.2 4398.2 0.0 120539.6172
4412.35 4412.35 0.0 120457.4922
4426.49 4426.49 0.0 120375.2578
4440.63 4440.63 0.0 120292.7891
4454.77 4454.77 0.0 120210.0352
4468.91 4468.91 0.0 120126.9219
4483.06 4483.06 0.0 120043.3340
4497.2 4497.2 0.0 119959.3594
4511.34 4511.34 0.0 119874.8828
4525.48 4525.48 0.0 119789.8535
4539.63 4539.63 0.0 119704.1895
4553.77 4553.77 0.0 119617.9766
4567.91 4567.91 0.0 119531.1250
4582.05 4582.05 0.0 119443.6152
4596.19 4596.19 0.0 119355.4023
4610.34 4610.34 0.0 119266.4551
4624.48 4624.48 0.0 119176.8594
4638.62 4638.62 0.0 119086.5742
4652.76 4652.76 0.0 118995.5820
4666.9 4666.9 0.0 118903.9062
4681.05 4681.05 0.0 118811.4863
4695.19 4695.19 0.0 118718.4707
4709.33 4709.33 0.0 118624.8242
4723.47 4723.47 0.0 118530.5723
4737.62 4737.62 0.0 118435.6719
4751.76 4751.76 0.0 118340.3086
4765.9 4765.9 0.0 118244.4336
4780.04 4780.04 0.0 118148.0977
4794.18 4794.18 0.0 118051.3574
4808.33 4808.33 0.0 117954.1719
4822.47 4822.47 0.0 117856.7402
4836.61 4836.61 0.0 117759.0371
4850.75 4850.75 0.0 117661.1221
4864.89 4864.89 0.0 117563.0674
4879.04 4879.04 0.0 117464.8223
4893.18 4893.18 0.0 117366.6084
4907.32 4907.32 0.0 117268.4043
4921.46 4921.46 0.0 117170.2803
4935.61 4935.61 0.0 117072.2041
4949.75 4949.75 0.0 116974.3672
4963.89 4963.89 0.0 116876.7812
4978.03 4978.03 0.0 116779.4697
4992.17 4992.17 0.0 116682.5146
5006.32 5006.32 0.0 116585.8740
5020.46 5020.46 0.0 116489.7451
5034.6 5034.6 0.0 116394.1016
5048.74 5048.74 0.0 116298.9932
5062.88 5062.88 0.0 116204.4678
5077.03 5077.03 0.0 116110.4922
5091.17 5091.17 0.0 116017.2363
5105.31 5105.31 0.0 115924.6846
5119.45 5119.45 0.0 115832.8613
5133.6 5133.6 0.0 115741.7334
5147.74 5147.74 0.0 115651.4609
5161.88 5161.88 0.0 115562.0098
5176.02 5176.02 0.0 115473.4092
5190.16 5190.16 0.0 115385.6758
5204.31 5204.31 0.0 115298.7676
5218.45 5218.45 0.0 115212.8271
5232.59 5232.59 0.0 115127.8281
5246.73 5246.73 0.0 115043.7637
5260.87 5260.87 0.0 114960.6455
5275.02 5275.02 0.0 114878.4326
5289.16 5289.16 0.0 114797.2607
5303.3 5303.3 0.0 114717.0723
5317.44 5317.44 0.0 114637.8623
5331.59 5331.59 0.0 114559.5947
5345.73 5345.73 0.0 114482.3701
5359.87 5359.87 0.0 114406.1514
5374.01 5374.01 0.0 114330.9121
5388.15 5388.15 0.0 114256.6807
5402.3 5402.3 0.0 114183.3809
5416.44 5416.44 0.0 114111.1230
5430.58 5430.58 0.0 114039.8477
5444.72 5444.72 0.0 113969.5557
5458.86 5458.86 0.0 113900.2256
5473.01 5473.01 0.0 113831.8193
5487.15 5487.15 0.0 113764.4092
5501.29 5501.29 0.0 113697.9453
5515.43 5515.43 0.0 113632.4219
5529.58 5529.58 0.0 113567.7793
5543.72 5543.72 0.0 113504.0967
5557.86 5557.86 0.0 113441.3174
5572.0 5572.0 0.0 113379.4326
5586.14 5586.14 0.0 113318.4287
5600.29 5600.29 0.0 113258.2646
5614.43 5614.43 0.0 113198.9844
5628.57 5628.57 0.0 113140.5635
5642.71 5642.71 0.0 113082.9629
5656.85 5656.85 0.0 113026.1914
5671.0 5671.0 0.0 112970.1787
5685.14 5685.14 0.0 112915.0029
5699.28 5699.28 0.0 112860.6006
5713.42 5713.42 0.0 112806.9766
5727.56 5727.56 0.0 112754.0918
5741.71 5741.71 0.0 112701.9141
5755.85 5755.85 0.0 112650.5049
5769.99 5769.99 0.0 112599.8027
5784.13 5784.13 0.0 112549.8037
5798.28 5798.28 0.0 112500.4512
5812.42 5812.42 0.0 112451.8135
5826.56 5826.56 0.0 112403.8350
5840.7 5840.7 0.0 112356.5000
5854.84 5854.84 0.0 112309.7988
5868.99 5868.99 0.0 112263.6943
5883.13 5883.13 0.0 112218.2324
5897.27 5897.27 0.0 112173.3633
5911.41 5911.41 0.0 112129.0781
5925.55 5925.55 0.0 112085.3760
5939.7 5939.7 0.0 112042.2012
5953.84 5953.84 0.0 111999.6133
5967.98 5967.98 0.0 111957.5557
5982.12 5982.12 0.0 111916.0312
5996.27 5996.27 0.0 111874.9980
6010.41 6010.41 0.0 111834.5059
6024.55 6024.55 0.0 111794.5020
6038.69 6038.69 0.0 111754.9854
6052.83 6052.83 0.0 111715.9482
6066.98 6066.98 0.0 111677.3506
6081.12 6081.12 0.0 111639.2383
6095.26 6095.26 0.0 111601.5576
6109.4 6109.4 0.0 111564.3408
6123.54 6123.54 0.0 111527.5371
6137.69 6137.69 0.0 111491.1357
6151.83 6151.83 0.0 111455.1670
6165.97 6165.97 0.0 111419.6016
6180.11 6180.11 0.0 111384.4316
6194.26 6194.26 0.0 111349.6230
6208.4 6208.4 0.0 111315.2285
6222.54 6222.54 0.0 111281.1904
6236.68 6236.68 0.0 111247.5273
6250.82 6250.82 0.0 111214.2129
6264.97 6264.97 0.0 111181.2295
6279.11 6279.11 0.0 111148.6123
6293.25 6293.25 0.0 111116.3252
6307.39 6307.39 0.0 111084.3750
6321.53 6321.53 0.0 111052.7441
6335.68 6335.68 0.0 111021.4062
6349.82 6349.82 0.0 110990.4014
6363.96 6363.96 0.0 110959.7012
6378.1 6378.1 0.0 110929.2900
6392.25 6392.25 0.0 110899.1650
6406.39 6406.39 0.0 110869.3418
6420.53 6420.53 0.0 110839.8008
6434.67 6434.67 0.0 110810.5273
6448.81 6448.81 0.0 110781.5391
6462.96 6462.96 0.0 110752.7891
6477.1 6477.1 0.0 110724.3115
6491.24 6491.24 0.0 110696.1025
6505.38 6505.38 0.0 110668.1416
6519.52 6519.52 0.0 110640.4287
6533.67 6533.67 0.0 110612.9375
6547.81 6547.81 0.0 110585.7109
6561.95 6561.95 0.0 110558.7051
6576.09 6576.09 0.0 110531.9443
6590.24 6590.24 0.0 110505.3760
6604.38 6604.38 0.0 110479.0596
6618.52 6618.52 0.0 110452.9580
6632.66 6632.66 0.0 110427.0674
6646.8 6646.8 0.0 110401.3965
6660.95 6660.95 0.0 110375.9082
6675.09 6675.09 0.0 110350.6465
6689.23 6689.23 0.0 110325.5801
6703.37 6703.37 0.0 110300.7168
6717.51 6717.51 0.0 110276.0479
6731.66 6731.66 0.0 110251.5547
6745.8 6745.8 0.0 110227.2637
6759.94 6759.94 0.0 110203.1650
6774.08 6774.08 0.0 110179.2412
6788.23 6788.23 0.0 110155.4863
6802.37 6802.37 0.0 110131.9199
6816.51 6816.51 0.0 110108.5371
6830.65 6830.65 0.0 110085.3242
6844.79 6844.79 0.0 110062.2803
6858.94 6858.94 0.0 110039.3867
6873.08 6873.08 0.0 110016.6826
6887.22 6887.22 0.0 109994.1348
6901.36 6901.36 0.0 109971.7529
6915.5 6915.5 0.0 109949.5352
6929.65 6929.65 0.0 109927.4502
6943.79 6943.79 0.0 109905.5410
6957.93 6957.93 0.0 109883.7852
6972.07 6972.07 0.0 109862.1855
6986.21 6986.21 0.0 109840.7334
7000.36 7000.36 0.0 109819.4141
7014.5 7014.5 0.0 109798.2588
7028.64 7028.64 0.0 109777.2500
7042.78 7042.78 0.0 109756.3818
7056.93 7056.93 0.0 109735.6416
7071.07 7071.07 0.0 109715.0674
7085.21 7085.21 0.0 109694.6182
7099.35 7099.35 0.0 109674.3184
7113.49 7113.49 0.0 109654.1582
7127.64 7127.64 0.0 109634.1104
7141.78 7141.78 0.0 109614.2197
7155.92 7155.92 0.0 109594.4639
7170.06 7170.06 0.0 109574.8320
7184.2 7184.2 0.0 109555.3457
7198.35 7198.35 0.0 109535.9707
7212.49 7212.49 0.0 109516.7432
7226.63 7226.63 0.0 109497.6406
7240.77 7240.77 0.0 109478.6724
7254.92 7254.92 0.0 109459.8213
7269.06 7269.06 0.0 109441.1055
7283.2 7283.2 0.0 109422.5220
7297.34 7297.34 0.0 109404.0688
7311.48 7311.48 0.0 109385.7339
7325.63 7325.63 0.0 109367.5171
7339.77 7339.77 0.0 109349.4355
7353.91 7353.91 0.0 109331.4834
7368.05 7368.05 0.0 109313.6533
7382.19 7382.19 0.0 109295.9517
7396.34 7396.34 0.0 109278.3599
7410.48 7410.48 0.0 109260.9038
7424.62 7424.62 0.0 109243.5767
7438.76 7438.76 0.0 109226.3706
7452.91 7452.91 0.0 109209.2798
7467.05 7467.05 0.0 109192.3193
7481.19 7481.19 0.0 109175.4849
7495.33 7495.33 0.0 109158.7827
7509.47 7509.47 0.0 109142.1938
7523.62 7523.62 0.0 109125.7295
7537.76 7537.76 0.0 109109.3955
7551.9 7551.9 0.0 109093.1875
7566.04 7566.04 0.0 109077.1094
7580.18 7580.18 0.0 109061.1562
7594.33 7594.33 0.0 109045.3193
7608.47 7608.47 0.0 109029.6182
7622.61 7622.61 0.0 109014.0435
7636.75 7636.75 0.0 108998.5986
7650.9 7650.9 0.0 108983.2715
7665.04 7665.04 0.0 108968.0879
7679.18 7679.18 0.0 108953.0322
7693.32 7693.32 0.0 108938.1074
7707.46 7707.46 0.0 108923.3159
7721.61 7721.61 0.0 108908.6465
7735.75 7735.75 0.0 108894.1206
7749.89 7749.89 0.0 108879.7310
7764.03 7764.03 0.0 108865.4712
7778.17 7778.17 0.0 108851.3535
