0.0 0.0 0.0 293351.7812
14.1421 14.1421 0.0 296436.1406
28.2843 28.2843 0.0 284484.7500
42.4264 42.4264 0.0 269355.1875
56.5685 56.5685 0.0 253829.6094
70.7107 70.7107 0.0 238896.5156
84.8528 84.8528 0.0 224982.9453
98.9949 98.9949 0.0 212250.8359
113.137 113.137 0.0 200743.7500
127.279 127.279 0.0 190438.0547
141.421 141.421 0.0 181270.0156
155.563 155.563 0.0 173160.9062
169.706 169.706 0.0 166027.4961
183.848 183.848 0.0 159780.4023
197.99 197.99 0.0 154318.9648
212.132 212.132 0.0 149538.9922
226.274 226.274 0.0 145341.4609
240.416 240.416 0.0 141639.2969
254.558 254.558 0.0 138360.4141
268.701 268.701 0.0 135447.2812
282.843 282.843 0.0 132855.5449
296.985 296.985 0.0 130549.5840
311.127 311.127 0.0 128499.8203
325.269 325.269 0.0 126679.6836
339.411 339.411 0.0 125063.8770
353.553 353.553 0.0 123627.7188
367.696 367.696 0.0 122347.2422
381.838 381.838 0.0 121200.3066
395.98 395.98 0.0 120166.5078
410.122 410.122 0.0 119228.1953
424.264 424.264 0.0 118370.4238
438.406 438.406 0.0 117580.8799
452.548 452.548 0.0 116849.6445
466.69 466.69 0.0 116168.7832
480.833 480.833 0.0 115531.8838
494.975 494.975 0.0 114933.7939
509.117 509.117 0.0 114370.0723
523.259 523.259 0.0 113836.9053
537.401 537.401 0.0 113330.9248
551.543 551.543 0.0 112849.1221
565.685 565.685 0.0 112388.8877
579.828 579.828 0.0 111947.9629
593.97 593.97 0.0 111524.5801
608.112 608.112 0.0 111117.3047
622.254 622.254 0.0 110725.1328
636.396 636.396 0.0 110347.4043
650.538 650.538 0.0 109983.7275
664.68 664.68 0.0 109633.9600
678.823 678.823 0.0 109298.0591
692.965 692.965 0.0 108976.1416
707.107 707.107 0.0 108668.2368
721.249 721.249 0.0 108374.3911
735.391 735.391 0.0 108094.5640
749.533 749.533 0.0 107828.6050
763.675 763.675 0.0 107576.2480
777.817 777.817 0.0 107337.1245
791.96 791.96 0.0 107110.7515
806.102 806.102 0.0 106896.6187
820.244 820.244 0.0 106694.1006
834.386 834.386 0.0 106502.5361
848.528 848.528 0.0 106321.2671
862.67 862.67 0.0 106149.6074
876.812 876.812 0.0 105986.9121
890.955 890.955 0.0 105832.5195
905.097 905.097 0.0 105685.8418
919.239 919.239 0.0 105546.3037
933.381 933.381 0.0 105413.3687
947.523 947.523 0.0 105286.5571
961.665 961.665 0.0 105165.4348
975.807 975.807 0.0 105049.5933
989.949 989.949 0.0 104938.6860
1004.09 1004.09 0.0 104832.4124
1018.23 1018.23 0.0 104730.4888
1032.38 1032.38 0.0 104632.6069
1046.52 1046.52 0.0 104538.6980
1060.66 1060.66 0.0 104448.5129
1074.8 1074.8 0.0 104361.9041
1088.94 1088.94 0.0 104278.7551
1103.09 1103.09 0.0 104198.9026
1117.23 1117.23 0.0 104122.3823
1131.37 1131.37 0.0 104049.0713
1145.51 1145.51 0.0 103978.9272
1159.66 1159.66 0.0 103911.8582
1173.8 1173.8 0.0 103847.9341
1187.94 1187.94 0.0 103787.0825
1202.08 1202.08 0.0 103729.2827
1216.22 1216.22 0.0 103674.5112
1230.37 1230.37 0.0 103622.7004
1244.51 1244.51 0.0 103573.8892
1258.65 1258.65 0.0 103527.9890
1272.79 1272.79 0.0 103484.9355
1286.93 1286.93 0.0 103444.6482
1301.08 1301.08 0.0 103407.0210
1315.22 1315.22 0.0 103371.9951
1329.36 1329.36 0.0 103339.4335
1343.5 1343.5 0.0 103309.2117
1357.65 1357.65 0.0 103281.1807
1371.79 1371.79 0.0 103255.2485
1385.93 1385.93 0.0 103231.2603
1400.07 1400.07 0.0 103209.0770
1414.21 1414.21 0.0 103188.5717
1428.36 1428.36 0.0 103169.6025
1442.5 1442.5 0.0 103152.0698
1456.64 1456.64 0.0 103135.8436
1470.78 1470.78 0.0 103120.8108
1484.92 1484.92 0.0 103106.8668
1499.07 1499.07 0.0 103093.9021
1513.21 1513.21 0.0 103081.8452
1527.35 1527.35 0.0 103070.5969
1541.49 1541.49 0.0 103060.0785
1555.63 1555.63 0.0 103050.2175
1569.78 1569.78 0.0 103040.9342
1583.92 1583.92 0.0 103032.1813
1598.06 1598.06 0.0 103023.8956
1612.2 1612.2 0.0 103016.0148
1626.35 1626.35 0.0 103008.4883
1640.49 1640.49 0.0 103001.2817
1654.63 1654.63 0.0 102994.3384
1668.77 1668.77 0.0 102987.6266
1682.91 1682.91 0.0 102981.1090
1697.06 1697.06 0.0 102974.7465
1711.2 1711.2 0.0 102968.5142
1725.34 1725.34 0.0 102962.3834
1739.48 1739.48 0.0 102956.3315
1753.62 1753.62 0.0 102950.3322
1767.77 1767.77 0.0 102944.3656
1781.91 1781.91 0.0 102938.4187
1796.05 1796.05 0.0 102932.4774
1810.19 1810.19 0.0 102926.5260
1824.34 1824.34 0.0 102920.5496
1838.48 1838.48 0.0 102914.5475
1852.62 1852.62 0.0 102908.5107
1866.76 1866.76 0.0 102902.4353
1880.9 1880.9 0.0 102896.3173
1895.05 1895.05 0.0 102890.1469
1909.19 1909.19 0.0 102883.9354
1923.33 1923.33 0.0 102877.6787
1937.47 1937.47 0.0 102871.3804
1951.61 1951.61 0.0 102865.0392
1965.76 1965.76 0.0 102858.6591
1979.9 1979.9 0.0 102852.2493
1994.04 1994.04 0.0 102845.8154
2008.18 2008.18 0.0 102839.3574
2022.33 2022.33 0.0 102832.8788
2036.47 2036.47 0.0 102826.3955
2050.61 2050.61 0.0 102819.9111
2064.75 2064.75 0.0 102813.4291
2078.89 2078.89 0.0 102806.9559
2093.04 2093.04 0.0 102800.4963
2107.18 2107.18 0.0 102794.0647
2121.32 2121.32 0.0 102787.6620
2135.46 2135.46 0.0 102781.2974
2149.6 2149.6 0.0 102774.9717
2163.75 2163.75 0.0 102768.6897
2177.89 2177.89 0.0 102762.4653
2192.03 2192.03 0.0 102756.2969
2206.17 2206.17 0.0 102750.1917
2220.32 2220.32 0.0 102744.1495
2234.46 2234.46 0.0 102738.1797
2248.6 2248.6 0.0 102732.2831
2262.74 2262.74 0.0 102726.4625
2276.88 2276.88 0.0 102720.7211
2291.03 2291.03 0.0 102715.0543
2305.17 2305.17 0.0 102709.4746
2319.31 2319.31 0.0 102703.9762
2333.45 2333.45 0.0 102698.5632
2347.59 2347.59 0.0 102693.2340
2361.74 2361.74 0.0 102687.9858
2375.88 2375.88 0.0 102682.8239
2390.02 2390.02 0.0 102677.7460
2404.16 2404.16 0.0 102672.7498
2418.31 2418.31 0.0 102667.8335
2432.45 2432.45 0.0 102662.9998
2446.59 2446.59 0.0 102658.2428
2460.73 2460.73 0.0 102653.5624
2474.87 2474.87 0.0 102648.9576
2489.02 2489.02 0.0 102644.4193
2503.16 2503.16 0.0 102639.9553
2517.3 2517.3 0.0 102635.5583
2531.44 2531.44 0.0 102631.2257
2545.58 2545.58 0.0 102626.9528
2559.73 2559.73 0.0 102622.7383
2573.87 2573.87 0.0 102618.5830
2588.01 2588.01 0.0 102614.4816
2602.15 2602.15 0.0 102610.4305
2616.3 2616.3 0.0 102606.4264
2630.44 2630.44 0.0 102602.4701
2644.58 2644.58 0.0 102598.5576
2658.72 2658.72 0.0 102594.6877
2672.86 2672.86 0.0 102590.8547
2687.01 2687.01 0.0 102587.0557
2701.15 2701.15 0.0 102583.2947
2715.29 2715.29 0.0 102579.5669
2729.43 2729.43 0.0 102575.8677
2743.57 2743.57 0.0 102572.1998
2757.72 2757.72 0.0 102568.5559
2771.86 2771.86 0.0 102564.9404
2786.0 2786.0 0.0 102561.3507
2800.14 2800.14 0.0 102557.7861
2814.28 2814.28 0.0 102554.2410
2828.43 2828.43 0.0 102550.7185
2842.57 2842.57 0.0 102547.2166
2856.71 2856.71 0.0 102543.7372
2870.85 2870.85 0.0 102540.2778
2885.0 2885.0 0.0 102536.8345
2899.14 2899.14 0.0 102533.4131
2913.28 2913.28 0.0 102530.0099
2927.42 2927.42 0.0 102526.6255
2941.56 2941.56 0.0 102523.2595
2955.71 2955.71 0.0 102519.9100
2969.85 2969.85 0.0 102516.5790
2983.99 2983.99 0.0 102513.2672
2998.13 2998.13 0.0 102509.9727
3012.27 3012.27 0.0 102506.6963
3026.42 3026.42 0.0 102503.4359
3040.56 3040.56 0.0 102500.1931
3054.7 3054.7 0.0 102496.9709
3068.84 3068.84 0.0 102493.7657
3082.99 3082.99 0.0 102490.5752
3097.13 3097.13 0.0 102487.4044
3111.27 3111.27 0.0 102484.2523
