0.0 0.0 0.0 323251.5781
14.1421 14.1421 0.0 338200.0000
28.2843 28.2843 0.0 338890.8125
42.4264 42.4264 0.0 338074.1562
56.5685 56.5685 0.0 336873.3906
70.7107 70.7107 0.0 335595.6250
84.8528 84.8528 0.0 334284.4375
98.9949 98.9949 0.0 332933.1875
113.137 113.137 0.0 331529.9375
127.279 127.279 0.0 330065.9219
141.421 141.421 0.0 328535.4219
155.563 155.563 0.0 326935.6875
169.706 169.706 0.0 325265.7500
183.848 183.848 0.0 323526.6875
197.99 197.99 0.0 321720.2656
212.132 212.132 0.0 319849.2500
226.274 226.274 0.0 317916.9688
240.416 240.416 0.0 315927.2344
254.558 254.558 0.0 313884.1562
268.701 268.701 0.0 311791.7812
282.843 282.843 0.0 309654.7500
296.985 296.985 0.0 307477.3281
311.127 311.127 0.0 305263.6094
325.269 325.269 0.0 303017.7656
339.411 339.411 0.0 300743.7656
353.553 353.553 0.0 298445.3438
367.696 367.696 0.0 296125.8594
381.838 381.838 0.0 293789.0000
395.98 395.98 0.0 291437.9375
410.122 410.122 0.0 289075.3906
424.264 424.264 0.0 286704.2188
438.406 438.406 0.0 284326.9219
452.548 452.548 0.0 281945.9219
466.69 466.69 0.0 279563.3438
480.833 480.833 0.0 277181.2344
494.975 494.975 0.0 274801.7031
509.117 509.117 0.0 272426.5000
523.259 523.259 0.0 270057.2188
537.401 537.401 0.0 267695.5781
551.543 551.543 0.0 265342.9531
565.685 565.685 0.0 263000.8438
579.828 579.828 0.0 260670.5469
593.97 593.97 0.0 258353.4531
608.112 608.112 0.0 256050.9688
622.254 622.254 0.0 253764.1719
636.396 636.396 0.0 251494.3281
650.538 650.538 0.0 249242.6875
664.68 664.68 0.0 247010.2656
678.823 678.823 0.0 244798.2656
692.965 692.965 0.0 242607.9844
707.107 707.107 0.0 240440.5000
721.249 721.249 0.0 238296.8750
735.391 735.391 0.0 236178.3125
749.533 749.533 0.0 234085.8594
763.675 763.675 0.0 232020.6719
777.817 777.817 0.0 229983.7891
791.96 791.96 0.0 227976.0938
806.102 806.102 0.0 225998.8828
820.244 820.244 0.0 224052.9062
834.386 834.386 0.0 222139.0781
848.528 848.528 0.0 220258.1562
862.67 862.67 0.0 218410.9219
876.812 876.812 0.0 216597.8672
890.955 890.955 0.0 214819.4766
905.097 905.097 0.0 213076.3359
919.239 919.239 0.0 211368.5391
933.381 933.381 0.0 209696.2891
947.523 947.523 0.0 208059.4531
961.665 961.665 0.0 206458.0469
975.807 975.807 0.0 204891.7266
989.949 989.949 0.0 203360.1953
1004.09 1004.09 0.0 201863.1172
1018.23 1018.23 0.0 200400.0078
1032.38 1032.38 0.0 198969.1719
1046.52 1046.52 0.0 197572.1328
1060.66 1060.66 0.0 196207.2188
1074.8 1074.8 0.0 194873.9453
1088.94 1088.94 0.0 193571.8750
1103.09 1103.09 0.0 192299.5078
1117.23 1117.23 0.0 191058.2812
1131.37 1131.37 0.0 189846.9688
1145.51 1145.51 0.0 188665.1328
1159.66 1159.66 0.0 187511.8125
1173.8 1173.8 0.0 186388.2891
1187.94 1187.94 0.0 185293.5078
1202.08 1202.08 0.0 184227.1484
1216.22 1216.22 0.0 183188.8984
1230.37 1230.37 0.0 182177.6016
1244.51 1244.51 0.0 181194.2109
1258.65 1258.65 0.0 180237.2891
1272.79 1272.79 0.0 179306.0859
1286.93 1286.93 0.0 178399.6172
1301.08 1301.08 0.0 177516.1562
1315.22 1315.22 0.0 176655.6172
1329.36 1329.36 0.0 175815.9141
1343.5 1343.5 0.0 174995.3672
1357.65 1357.65 0.0 174191.6484
1371.79 1371.79 0.0 173403.9844
1385.93 1385.93 0.0 172629.8047
1400.07 1400.07 0.0 171866.9688
1414.21 1414.21 0.0 171113.4062
1428.36 1428.36 0.0 170366.4609
1442.5 1442.5 0.0 169625.1953
1456.64 1456.64 0.0 168887.0859
1470.78 1470.78 0.0 168150.2969
1484.92 1484.92 0.0 167413.2344
1499.07 1499.07 0.0 166673.8477
1513.21 1513.21 0.0 165932.0078
1527.35 1527.35 0.0 165186.2305
1541.49 1541.49 0.0 164435.7539
1555.63 1555.63 0.0 163680.1992
1569.78 1569.78 0.0 162918.8477
1583.92 1583.92 0.0 162152.8750
1598.06 1598.06 0.0 161382.1250
1612.2 1612.2 0.0 160607.1641
1626.35 1626.35 0.0 159828.2266
1640.49 1640.49 0.0 159047.3633
1654.63 1654.63 0.0 158265.1914
1668.77 1668.77 0.0 157482.9336
1682.91 1682.91 0.0 156701.8594
1697.06 1697.06 0.0 155922.8320
1711.2 1711.2 0.0 155148.3008
1725.34 1725.34 0.0 154379.1211
1739.48 1739.48 0.0 153616.6172
1753.62 1753.62 0.0 152862.0938
1767.77 1767.77 0.0 152116.2617
1781.91 1781.91 0.0 151381.3477
1796.05 1796.05 0.0 150657.8984
1810.19 1810.19 0.0 149946.8867
1824.34 1824.34 0.0 149248.6562
1838.48 1838.48 0.0 148565.0273
1852.62 1852.62 0.0 147896.1250
1866.76 1866.76 0.0 147242.5039
1880.9 1880.9 0.0 146604.6602
1895.05 1895.05 0.0 145982.4609
1909.19 1909.19 0.0 145377.0938
1923.33 1923.33 0.0 144788.2305
1937.47 1937.47 0.0 144215.9336
1951.61 1951.61 0.0 143660.1562
1965.76 1965.76 0.0 143120.3828
1979.9 1979.9 0.0 142597.1875
1994.04 1994.04 0.0 142089.8594
2008.18 2008.18 0.0 141598.0547
2022.33 2022.33 0.0 141120.9570
2036.47 2036.47 0.0 140658.7891
2050.61 2050.61 0.0 140210.6602
2064.75 2064.75 0.0 139775.9727
2078.89 2078.89 0.0 139354.1328
2093.04 2093.04 0.0 138944.2617
2107.18 2107.18 0.0 138546.3047
2121.32 2121.32 0.0 138159.3398
2135.46 2135.46 0.0 137782.7617
2149.6 2149.6 0.0 137416.0273
2163.75 2163.75 0.0 137058.3086
2177.89 2177.89 0.0 136709.6172
2192.03 2192.03 0.0 136369.1836
2206.17 2206.17 0.0 136036.5859
2220.32 2220.32 0.0 135711.1562
2234.46 2234.46 0.0 135393.0312
2248.6 2248.6 0.0 135081.5898
2262.74 2262.74 0.0 134776.5664
2276.88 2276.88 0.0 134477.6172
2291.03 2291.03 0.0 134184.3281
2305.17 2305.17 0.0 133896.8594
2319.31 2319.31 0.0 133614.7910
2333.45 2333.45 0.0 133337.9277
2347.59 2347.59 0.0 133066.1094
2361.74 2361.74 0.0 132798.9531
2375.88 2375.88 0.0 132536.6758
2390.02 2390.02 0.0 132278.9648
2404.16 2404.16 0.0 132025.6680
2418.31 2418.31 0.0 131776.4961
2432.45 2432.45 0.0 131531.6699
2446.59 2446.59 0.0 131290.8926
2460.73 2460.73 0.0 131054.0820
2474.87 2474.87 0.0 130821.1035
2489.02 2489.02 0.0 130591.7344
2503.16 2503.16 0.0 130366.1758
2517.3 2517.3 0.0 130144.2070
2531.44 2531.44 0.0 129925.7246
2545.58 2545.58 0.0 129710.6699
2559.73 2559.73 0.0 129498.8105
2573.87 2573.87 0.0 129290.3711
2588.01 2588.01 0.0 129085.1465
2602.15 2602.15 0.0 128883.0664
2616.3 2616.3 0.0 128683.9219
2630.44 2630.44 0.0 128487.9492
2644.58 2644.58 0.0 128294.9395
2658.72 2658.72 0.0 128104.8340
2672.86 2672.86 0.0 127917.5898
2687.01 2687.01 0.0 127733.0039
2701.15 2701.15 0.0 127551.2852
2715.29 2715.29 0.0 127372.2637
2729.43 2729.43 0.0 127195.8652
2743.57 2743.57 0.0 127022.0488
2757.72 2757.72 0.0 126850.6289
2771.86 2771.86 0.0 126681.7969
2786.0 2786.0 0.0 126515.3828
2800.14 2800.14 0.0 126351.3242
2814.28 2814.28 0.0 126189.5762
2828.43 2828.43 0.0 126029.9727
2842.57 2842.57 0.0 125872.6855
2856.71 2856.71 0.0 125717.5547
2870.85 2870.85 0.0 125564.5117
2885.0 2885.0 0.0 125413.4316
2899.14 2899.14 0.0 125264.4688
2913.28 2913.28 0.0 125117.4727
2927.42 2927.42 0.0 124972.4180
2941.56 2941.56 0.0 124829.2324
2955.71 2955.71 0.0 124687.7930
2969.85 2969.85 0.0 124548.2715
2983.99 2983.99 0.0 124410.5137
2998.13 2998.13 0.0 124274.4844
3012.27 3012.27 0.0 124140.1523
3026.42 3026.42 0.0 124007.3672
3040.56 3040.56 0.0 123876.2793
3054.7 3054.7 0.0 123746.7480
3068.84 3068.84 0.0 123618.7012
3082.99 3082.99 0.0 123492.0156
3097.13 3097.13 0.0 123366.7832
3111.27 3111.27 0.0 123242.8398
3125.41 3125.41 0.0 123120.0977
3139.55 3139.55 0.0 122998.4590
3153.7 3153.7 0.0 122877.7500
3167.84 3167.84 0.0 122758.0215
3181.98 3181.98 0.0 122639.0586
3196.12 3196.12 0.0 122520.7344
3210.26 3210.26 0.0 122402.9219
3224.41 3224.41 0.0 122285.3730
3238.55 3238.55 0.0 122168.1289
3252.69 3252.69 0.0 122050.9434
3266.83 3266.83 0.0 121933.6738
3280.98 3280.98 0.0 121816.0781
3295.12 3295.12 0.0 121698.1621
3309.26 3309.26 0.0 121579.7305
3323.4 3323.4 0.0 121460.6426
3337.54 3337.54 0.0 121340.7637
3351.69 3351.69 0.0 121219.8906
3365.83 3365.83 0.0 121098.1016
3379.97 3379.97 0.0 120975.2246
3394.11 3394.11 0.0 120851.1855
3408.25 3408.25 0.0 120725.9219
3422.4 3422.4 0.0 120599.3281
3436.54 3436.54 0.0 120471.5293
3450.68 3450.68 0.0 120342.4473
3464.82 3464.82 0.0 120212.0820
3478.97 3478.97 0.0 120080.3730
3493.11 3493.11 0.0 119947.5332
3507.25 3507.25 0.0 119813.5273
3521.39 3521.39 0.0 119678.4258
3535.53 3535.53 0.0 119542.2949
3549.68 3549.68 0.0 119405.1309
3563.82 3563.82 0.0 119267.1992
3577.96 3577.96 0.0 119128.5312
3592.1 3592.1 0.0 118989.2207
3606.24 3606.24 0.0 118849.3672
3620.39 3620.39 0.0 118709.0098
3634.53 3634.53 0.0 118568.4453
3648.67 3648.67 0.0 118427.6953
3662.81 3662.81 0.0 118286.8770
3676.96 3676.96 0.0 118146.0078
3691.1 3691.1 0.0 118005.3965
3705.24 3705.24 0.0 117865.0684
3719.38 3719.38 0.0 117725.1191
3733.52 3733.52 0.0 117585.6631
3747.67 3747.67 0.0 117446.6943
3761.81 3761.81 0.0 117308.5186
3775.95 3775.95 0.0 117171.1201
3790.09 3790.09 0.0 117034.5879
3804.23 3804.23 0.0 116899.0186
3818.38 3818.38 0.0 116764.3760
3832.52 3832.52 0.0 116630.9395
3846.66 3846.66 0.0 116498.6680
3860.8 3860.8 0.0 116367.6230
3874.95 3874.95 0.0 116237.7812
3889.09 3889.09 0.0 116109.3662
3903.23 3903.23 0.0 115982.3379
3917.37 3917.37 0.0 115856.7324
3931.51 3931.51 0.0 115732.5986
3945.66 3945.66 0.0 115609.8809
3959.8 3959.8 0.0 115488.7646
3973.94 3973.94 0.0 115369.2012
3988.08 3988.08 0.0 115251.1943
4002.22 4002.22 0.0 115134.7852
4016.37 4016.37 0.0 115019.8828
4030.51 4030.51 0.0 114906.6602
4044.65 4044.65 0.0 114795.0654
4058.79 4058.79 0.0 114685.0635
4072.94 4072.94 0.0 114576.6084
4087.08 4087.08 0.0 114469.8301
4101.22 4101.22 0.0 114364.6465
4115.36 4115.36 0.0 114261.0664
4129.5 4129.5 0.0 114159.0596
4143.65 4143.65 0.0 114058.5615
4157.79 4157.79 0.0 113959.6855
4171.93 4171.93 0.0 113862.3486
4186.07 4186.07 0.0 113766.5430
4200.21 4200.21 0.0 113672.2422
4214.36 4214.36 0.0 113579.3652
4228.5 4228.5 0.0 113488.0205
4242.64 4242.64 0.0 113398.1240
4256.78 4256.78 0.0 113309.6660
4270.92 4270.92 0.0 113222.6084
4285.07 4285.07 0.0 113136.8848
4299.21 4299.21 0.0 113052.5918
4313.35 4313.35 0.0 112969.6484
4327.49 4327.49 0.0 112888.0342
4341.64 4341.64 0.0 112807.6738
4355.78 4355.78 0.0 112728.6621
4369.92 4369.92 0.0 112650.9336
4384.06 4384.06 0.0 112574.4629
4398.2 4398.2 0.0 112499.2207
4412.35 4412.35 0.0 112425.1689
4426.49 4426.49 0.0 112352.3682
4440.63 4440.63 0.0 112280.7695
4454.77 4454.77 0.0 112210.3564
4468.91 4468.91 0.0 112141.1055
4483.06 4483.06 0.0 112072.9707
4497.2 4497.2 0.0 112006.0352
4511.34 4511.34 0.0 111940.2266
4525.48 4525.48 0.0 111875.5439
4539.63 4539.63 0.0 111811.9277
4553.77 4553.77 0.0 111749.4561
4567.91 4567.91 0.0 111688.0869
4582.05 4582.05 0.0 111627.7949
4596.19 4596.19 0.0 111568.5723
4610.34 4610.34 0.0 111510.3779
4624.48 4624.48 0.0 111453.2676
4638.62 4638.62 0.0 111397.2031
4652.76 4652.76 0.0 111342.1631
4666.9 4666.9 0.0 111288.1426
4681.05 4681.05 0.0 111235.1016
4695.19 4695.19 0.0 111183.0723
4709.33 4709.33 0.0 111132.0488
4723.47 4723.47 0.0 111081.9805
4737.62 4737.62 0.0 111032.8330
4751.76 4751.76 0.0 110984.6602
4765.9 4765.9 0.0 110937.4160
4780.04 4780.04 0.0 110891.0713
4794.18 4794.18 0.0 110845.6318
4808.33 4808.33 0.0 110801.0332
4822.47 4822.47 0.0 110757.3350
4836.61 4836.61 0.0 110714.4717
4850.75 4850.75 0.0 110672.4395
4864.89 4864.89 0.0 110631.2090
4879.04 4879.04 0.0 110590.7412
4893.18 4893.18 0.0 110551.0732
4907.32 4907.32 0.0 110512.1680
4921.46 4921.46 0.0 110473.9814
4935.61 4935.61 0.0 110436.4863
4949.75 4949.75 0.0 110399.7148
4963.89 4963.89 0.0 110363.6172
4978.03 4978.03 0.0 110328.1738
4992.17 4992.17 0.0 110293.3662
5006.32 5006.32 0.0 110259.1514
5020.46 5020.46 0.0 110225.5654
5034.6 5034.6 0.0 110192.5459
5048.74 5048.74 0.0 110160.1035
5062.88 5062.88 0.0 110128.1943
5077.03 5077.03 0.0 110096.7812
5091.17 5091.17 0.0 110065.9053
5105.31 5105.31 0.0 110035.5156
5119.45 5119.45 0.0 110005.6104
5133.6 5133.6 0.0 109976.1211
5147.74 5147.74 0.0 109947.1035
5161.88 5161.88 0.0 109918.5059
5176.02 5176.02 0.0 109890.3223
5190.16 5190.16 0.0 109862.5254
5204.31 5204.31 0.0 109835.0938
5218.45 5218.45 0.0 109808.0439
5232.59 5232.59 0.0 109781.3525
5246.73 5246.73 0.0 109754.9971
5260.87 5260.87 0.0 109728.9697
5275.02 5275.02 0.0 109703.2393
5289.16 5289.16 0.0 109677.8320
5303.3 5303.3 0.0 109652.7227
5317.44 5317.44 0.0 109627.8857
5331.59 5331.59 0.0 109603.3115
5345.73 5345.73 0.0 109579.0215
5359.87 5359.87 0.0 109554.9824
5374.01 5374.01 0.0 109531.1914
5388.15 5388.15 0.0 109507.6450
5402.3 5402.3 0.0 109484.3052
5416.44 5416.44 0.0 109461.2119
5430.58 5430.58 0.0 109438.3311
5444.72 5444.72 0.0 109415.6685
5458.86 5458.86 0.0 109393.2021
5473.01 5473.01 0.0 109370.9204
5487.15 5487.15 0.0 109348.8486
5501.29 5501.29 0.0 109326.9663
5515.43 5515.43 0.0 109305.2646
5529.58 5529.58 0.0 109283.7251
5543.72 5543.72 0.0 109262.3774
5557.86 5557.86 0.0 109241.1963
5572.0 5572.0 0.0 109220.1836
5586.14 5586.14 0.0 109199.3335
5600.29 5600.29 0.0 109178.6245
5614.43 5614.43 0.0 109158.0830
5628.57 5628.57 0.0 109137.7065
5642.71 5642.71 0.0 109117.4600
5656.85 5656.85 0.0 109097.3691
5671.0 5671.0 0.0 109077.4004
5685.14 5685.14 0.0 109057.5889
5699.28 5699.28 0.0 109037.9121
5713.42 5713.42 0.0 109018.3691
5727.56 5727.56 0.0 108998.9595
5741.71 5741.71 0.0 108979.6636
5755.85 5755.85 0.0 108960.5112
5769.99 5769.99 0.0 108941.4785
5784.13 5784.13 0.0 108922.5723
5798.28 5798.28 0.0 108903.7705
5812.42 5812.42 0.0 108885.0977
5826.56 5826.56 0.0 108866.5493
5840.7 5840.7 0.0 108848.1079
5854.84 5854.84 0.0 108829.7852
5868.99 5868.99 0.0 108811.5503
5883.13 5883.13 0.0 108793.4482
5897.27 5897.27 0.0 108775.4458
5911.41 5911.41 0.0 108757.5537
5925.55 5925.55 0.0 108739.7612
5939.7 5939.7 0.0 108722.0640
5953.84 5953.84 0.0 108704.4761
5967.98 5967.98 0.0 108686.9878
5982.12 5982.12 0.0 108669.5977
5996.27 5996.27 0.0 108652.2935
6010.41 6010.41 0.0 108635.0918
6024.55 6024.55 0.0 108617.9937
6038.69 6038.69 0.0 108600.9800
6052.83 6052.83 0.0 108584.0605
6066.98 6066.98 0.0 108567.2188
6081.12 6081.12 0.0 108550.4844
6095.26 6095.26 0.0 108533.8330
6109.4 6109.4 0.0 108517.2715
6123.54 6123.54 0.0 108500.7949
6137.69 6137.69 0.0 108484.3940
6151.83 6151.83 0.0 108468.0884
6165.97 6165.97 0.0 108451.8657
6180.11 6180.11 0.0 108435.7285
6194.26 6194.26 0.0 108419.6606
6208.4 6208.4 0.0 108403.6865
6222.54 6222.54 0.0 108387.7920
6236.68 6236.68 0.0 108371.9800
6250.82 6250.82 0.0 108356.2461
6264.97 6264.97 0.0 108340.5806
6279.11 6279.11 0.0 108325.0039
6293.25 6293.25 0.0 108309.5005
6307.39 6307.39 0.0 108294.0752
6321.53 6321.53 0.0 108278.7295
6335.68 6335.68 0.0 108263.4409
6349.82 6349.82 0.0 108248.2480
6363.96 6363.96 0.0 108233.1216
6378.1 6378.1 0.0 108218.0698
6392.25 6392.25 0.0 108203.0811
6406.39 6406.39 0.0 108188.1704
6420.53 6420.53 0.0 108173.3369
6434.67 6434.67 0.0 108158.5708
6448.81 6448.81 0.0 108143.8735
6462.96 6462.96 0.0 108129.2388
6477.1 6477.1 0.0 108114.6812
6491.24 6491.24 0.0 108100.1895
6505.38 6505.38 0.0 108085.7681
6519.52 6519.52 0.0 108071.4053
6533.67 6533.67 0.0 108057.1079
6547.81 6547.81 0.0 108042.8828
6561.95 6561.95 0.0 108028.7163
6576.09 6576.09 0.0 108014.6177
6590.24 6590.24 0.0 108000.5708
6604.38 6604.38 0.0 107986.5942
6618.52 6618.52 0.0 107972.6787
6632.66 6632.66 0.0 107958.8267
6646.8 6646.8 0.0 107945.0352
6660.95 6660.95 0.0 107931.2871
6675.09 6675.09 0.0 107917.6094
6689.23 6689.23 0.0 107903.9868
6703.37 6703.37 0.0 107890.4185
6717.51 6717.51 0.0 107876.9116
6731.66 6731.66 0.0 107863.4419
6745.8 6745.8 0.0 107850.0400
6759.94 6759.94 0.0 107836.6904
6774.08 6774.08 0.0 107823.3926
6788.23 6788.23 0.0 107810.1377
6802.37 6802.37 0.0 107796.9307
6816.51 6816.51 0.0 107783.7876
6830.65 6830.65 0.0 107770.6802
6844.79 6844.79 0.0 107757.6328
6858.94 6858.94 0.0 107744.6152
6873.08 6873.08 0.0 107731.6572
6887.22 6887.22 0.0 107718.7402
6901.36 6901.36 0.0 107705.8740
6915.5 6915.5 0.0 107693.0391
6929.65 6929.65 0.0 107680.2485
6943.79 6943.79 0.0 107667.5044
6957.93 6957.93 0.0 107654.8037
6972.07 6972.07 0.0 107642.1406
6986.21 6986.21 0.0 107629.5200
7000.36 7000.36 0.0 107616.9282
7014.5 7014.5 0.0 107604.3857
7028.64 7028.64 0.0 107591.8853
7042.78 7042.78 0.0 107579.4131
7056.93 7056.93 0.0 107566.9712
7071.07 7071.07 0.0 107554.5781
7085.21 7085.21 0.0 107542.2275
7099.35 7099.35 0.0 107529.8945
7113.49 7113.49 0.0 107517.6040
7127.64 7127.64 0.0 107505.3438
7141.78 7141.78 0.0 107493.1226
7155.92 7155.92 0.0 107480.9331
7170.06 7170.06 0.0 107468.7837
7184.2 7184.2 0.0 107456.6577
7198.35 7198.35 0.0 107444.5581
7212.49 7212.49 0.0 107432.5029
7226.63 7226.63 0.0 107420.4775
7240.77 7240.77 0.0 107408.4780
7254.92 7254.92 0.0 107396.5112
7269.06 7269.06 0.0 107384.5791
7283.2 7283.2 0.0 107372.6763
7297.34 7297.34 0.0 107360.8057
7311.48 7311.48 0.0 107348.9668
7325.63 7325.63 0.0 107337.1479
7339.77 7339.77 0.0 107325.3716
7353.91 7353.91 0.0 107313.6245
7368.05 7368.05 0.0 107301.9062
7382.19 7382.19 0.0 107290.2134
7396.34 7396.34 0.0 107278.5518
7410.48 7410.48 0.0 107266.9272
7424.62 7424.62 0.0 107255.3281
7438.76 7438.76 0.0 107243.7632
7452.91 7452.91 0.0 107232.2168
7467.05 7467.05 0.0 107220.7163
7481.19 7481.19 0.0 107209.2461
7495.33 7495.33 0.0 107197.8008
7509.47 7509.47 0.0 107186.3896
7523.62 7523.62 0.0 107175.0024
7537.76 7537.76 0.0 107163.6543
7551.9 7551.9 0.0 107152.3369
7566.04 7566.04 0.0 107141.0552
7580.18 7580.18 0.0 107129.7998
7594.33 7594.33 0.0 107118.5752
7608.47 7608.47 0.0 107107.3887
7622.61 7622.61 0.0 107096.2349
7636.75 7636.75 0.0 107085.1157
7650.9 7650.9 0.0 107074.0176
7665.04 7665.04 0.0 107062.9658
7679.18 7679.18 0.0 107051.9463
7693.32 7693.32 0.0 107040.9609
7707.46 7707.46 0.0 107030.0156
7721.61 7721.61 0.0 107019.0918
7735.75 7735.75 0.0 107008.2124
7749.89 7749.89 0.0 106997.3682
7764.03 7764.03 0.0 106986.5630
7778.17 7778.17 0.0 106975.7920
