0.0 0.0 0.0 335202.9844
14.1421 14.1421 0.0 349326.0625
28.2843 28.2843 0.0 348941.9219
42.4264 42.4264 0.0 348123.2656
56.5685 56.5685 0.0 347047.0156
70.7107 70.7107 0.0 345959.1875
84.8528 84.8528 0.0 344926.2031
98.9949 98.9949 0.0 343945.6875
113.137 113.137 0.0 342999.7188
127.279 127.279 0.0 342070.4219
141.421 141.421 0.0 341143.0000
155.563 155.563 0.0 340206.2188
169.706 169.706 0.0 339251.4219
183.848 183.848 0.0 338272.4062
197.99 197.99 0.0 337264.7188
212.132 212.132 0.0 336225.0312
226.274 226.274 0.0 335151.3125
240.416 240.416 0.0 334042.1250
254.558 254.558 0.0 332896.9375
268.701 268.701 0.0 331715.6094
282.843 282.843 0.0 330498.6562
296.985 296.985 0.0 329246.6719
311.127 311.127 0.0 327960.6562
325.269 325.269 0.0 326641.6875
339.411 339.411 0.0 325291.1719
353.553 353.553 0.0 323910.4531
367.696 367.696 0.0 322501.0000
381.838 381.838 0.0 321064.5469
395.98 395.98 0.0 319602.4688
410.122 410.122 0.0 318116.3281
424.264 424.264 0.0 316607.6875
438.406 438.406 0.0 315078.0625
452.548 452.548 0.0 313528.8438
466.69 466.69 0.0 311961.3438
480.833 480.833 0.0 310376.8750
494.975 494.975 0.0 308776.8438
509.117 509.117 0.0 307162.4062
523.259 523.259 0.0 305534.6562
537.401 537.401 0.0 303894.6562
551.543 551.543 0.0 302243.3906
565.685 565.685 0.0 300581.7969
579.828 579.828 0.0 298910.7031
593.97 593.97 0.0 297231.1406
608.112 608.112 0.0 295543.8125
622.254 622.254 0.0 293849.3594
636.396 636.396 0.0 292148.5938
650.538 650.538 0.0 290442.1406
664.68 664.68 0.0 288730.5781
678.823 678.823 0.0 287014.3906
692.965 692.965 0.0 285294.5469
707.107 707.107 0.0 283571.4219
721.249 721.249 0.0 281845.4688
735.391 735.391 0.0 280117.4062
749.533 749.533 0.0 278387.5781
763.675 763.675 0.0 276656.6875
777.817 777.817 0.0 274925.2188
791.96 791.96 0.0 273193.4375
806.102 806.102 0.0 271462.3906
820.244 820.244 0.0 269732.4375
834.386 834.386 0.0 268004.0156
848.528 848.528 0.0 266277.8281
862.67 862.67 0.0 264554.4375
876.812 876.812 0.0 262834.4375
890.955 890.955 0.0 261118.3438
905.097 905.097 0.0 259407.0469
919.239 919.239 0.0 257700.9688
933.381 933.381 0.0 256001.0469
947.523 947.523 0.0 254307.8438
961.665 961.665 0.0 252622.0156
975.807 975.807 0.0 250944.3906
989.949 989.949 0.0 249275.6406
1004.09 1004.09 0.0 247616.7500
1018.23 1018.23 0.0 245968.4375
1032.38 1032.38 0.0 244330.2656
1046.52 1046.52 0.0 242705.3281
1060.66 1060.66 0.0 241093.3594
1074.8 1074.8 0.0 239495.1719
1088.94 1088.94 0.0 237911.6719
1103.09 1103.09 0.0 236342.4688
1117.23 1117.23 0.0 234790.7656
1131.37 1131.37 0.0 233256.2969
1145.51 1145.51 0.0 231739.9062
1159.66 1159.66 0.0 230241.4297
1173.8 1173.8 0.0 228763.7812
1187.94 1187.94 0.0 227306.7656
1202.08 1202.08 0.0 225871.3047
1216.22 1216.22 0.0 224458.1328
1230.37 1230.37 0.0 223067.1328
1244.51 1244.51 0.0 221700.8984
1258.65 1258.65 0.0 220359.3359
1272.79 1272.79 0.0 219043.1016
1286.93 1286.93 0.0 217752.8438
1301.08 1301.08 0.0 216488.3672
1315.22 1315.22 0.0 215252.0000
1329.36 1329.36 0.0 214043.3125
1343.5 1343.5 0.0 212862.8047
1357.65 1357.65 0.0 211710.0312
1371.79 1371.79 0.0 210586.9688
1385.93 1385.93 0.0 209492.9766
1400.07 1400.07 0.0 208428.2578
1414.21 1414.21 0.0 207392.7734
1428.36 1428.36 0.0 206385.8672
1442.5 1442.5 0.0 205408.7812
1456.64 1456.64 0.0 204460.4922
1470.78 1470.78 0.0 203540.6719
1484.92 1484.92 0.0 202648.8125
1499.07 1499.07 0.0 201783.7734
1513.21 1513.21 0.0 200946.0234
1527.35 1527.35 0.0 200134.1016
1541.49 1541.49 0.0 199347.0781
1555.63 1555.63 0.0 198584.0000
1569.78 1569.78 0.0 197843.0234
1583.92 1583.92 0.0 197124.0625
1598.06 1598.06 0.0 196425.2578
1612.2 1612.2 0.0 195745.1094
1626.35 1626.35 0.0 195081.7734
1640.49 1640.49 0.0 194434.5469
1654.63 1654.63 0.0 193801.3594
1668.77 1668.77 0.0 193180.6094
1682.91 1682.91 0.0 192570.5781
1697.06 1697.06 0.0 191969.2109
1711.2 1711.2 0.0 191375.6641
1725.34 1725.34 0.0 190787.8672
1739.48 1739.48 0.0 190204.1406
1753.62 1753.62 0.0 189622.9141
1767.77 1767.77 0.0 189042.2109
1781.91 1781.91 0.0 188461.3672
1796.05 1796.05 0.0 187878.5859
1810.19 1810.19 0.0 187292.5547
1824.34 1824.34 0.0 186701.5000
1838.48 1838.48 0.0 186105.2344
1852.62 1852.62 0.0 185502.1719
1866.76 1866.76 0.0 184891.4609
1880.9 1880.9 0.0 184272.2656
1895.05 1895.05 0.0 183643.3984
1909.19 1909.19 0.0 183005.0938
1923.33 1923.33 0.0 182356.6328
1937.47 1937.47 0.0 181697.5078
1951.61 1951.61 0.0 181027.5391
1965.76 1965.76 0.0 180346.1953
1979.9 1979.9 0.0 179654.4922
1994.04 1994.04 0.0 178952.0391
2008.18 2008.18 0.0 178239.2500
2022.33 2022.33 0.0 177515.9297
2036.47 2036.47 0.0 176783.6328
2050.61 2050.61 0.0 176042.5625
2064.75 2064.75 0.0 175293.4375
2078.89 2078.89 0.0 174537.1719
2093.04 2093.04 0.0 173774.0703
2107.18 2107.18 0.0 173006.3203
2121.32 2121.32 0.0 172234.4688
2135.46 2135.46 0.0 171459.6875
2149.6 2149.6 0.0 170683.1641
2163.75 2163.75 0.0 169905.6641
2177.89 2177.89 0.0 169129.4766
2192.03 2192.03 0.0 168355.3906
2206.17 2206.17 0.0 167584.6328
2220.32 2220.32 0.0 166817.9219
2234.46 2234.46 0.0 166057.5586
2248.6 2248.6 0.0 165304.1172
2262.74 2262.74 0.0 164558.7500
2276.88 2276.88 0.0 163822.4883
2291.03 2291.03 0.0 163095.7031
2305.17 2305.17 0.0 162380.3906
2319.31 2319.31 0.0 161676.7266
2333.45 2333.45 0.0 160985.4414
2347.59 2347.59 0.0 160307.0625
2361.74 2361.74 0.0 159641.6562
2375.88 2375.88 0.0 158990.5195
2390.02 2390.02 0.0 158353.4883
2404.16 2404.16 0.0 157730.7500
2418.31 2418.31 0.0 157122.0352
2432.45 2432.45 0.0 156528.1953
2446.59 2446.59 0.0 155948.7695
2460.73 2460.73 0.0 155383.6250
2474.87 2474.87 0.0 154832.6250
2489.02 2489.02 0.0 154295.1680
2503.16 2503.16 0.0 153771.7109
2517.3 2517.3 0.0 153261.6211
2531.44 2531.44 0.0 152764.4727
2545.58 2545.58 0.0 152279.9414
2559.73 2559.73 0.0 151807.2773
2573.87 2573.87 0.0 151346.7734
2588.01 2588.01 0.0 150897.6562
2602.15 2602.15 0.0 150459.5078
2616.3 2616.3 0.0 150031.6172
2630.44 2630.44 0.0 149614.1172
2644.58 2644.58 0.0 149206.3438
2658.72 2658.72 0.0 148807.8555
2672.86 2672.86 0.0 148418.2656
2687.01 2687.01 0.0 148036.9141
2701.15 2701.15 0.0 147663.9844
2715.29 2715.29 0.0 147298.8125
2729.43 2729.43 0.0 146941.0938
2743.57 2743.57 0.0 146590.4844
2757.72 2757.72 0.0 146246.4375
2771.86 2771.86 0.0 145909.1289
2786.0 2786.0 0.0 145578.0625
2800.14 2800.14 0.0 145252.9453
2814.28 2814.28 0.0 144933.5352
2828.43 2828.43 0.0 144619.3906
2842.57 2842.57 0.0 144310.7148
2856.71 2856.71 0.0 144007.0859
2870.85 2870.85 0.0 143708.3047
2885.0 2885.0 0.0 143413.9609
2899.14 2899.14 0.0 143124.2930
2913.28 2913.28 0.0 142838.9297
2927.42 2927.42 0.0 142557.7109
2941.56 2941.56 0.0 142280.4844
2955.71 2955.71 0.0 142006.8750
2969.85 2969.85 0.0 141737.1758
2983.99 2983.99 0.0 141471.0039
2998.13 2998.13 0.0 141208.2500
3012.27 3012.27 0.0 140948.7734
3026.42 3026.42 0.0 140692.2656
3040.56 3040.56 0.0 140438.9570
3054.7 3054.7 0.0 140188.5586
3068.84 3068.84 0.0 139940.9414
3082.99 3082.99 0.0 139695.8086
3097.13 3097.13 0.0 139453.4102
3111.27 3111.27 0.0 139213.4336
3125.41 3125.41 0.0 138975.7656
3139.55 3139.55 0.0 138740.3242
3153.7 3153.7 0.0 138506.7930
3167.84 3167.84 0.0 138275.4570
3181.98 3181.98 0.0 138045.9961
3196.12 3196.12 0.0 137818.3398
3210.26 3210.26 0.0 137592.3945
3224.41 3224.41 0.0 137367.8711
3238.55 3238.55 0.0 137145.0547
3252.69 3252.69 0.0 136923.6562
3266.83 3266.83 0.0 136703.6172
3280.98 3280.98 0.0 136484.7188
3295.12 3295.12 0.0 136267.1836
3309.26 3309.26 0.0 136050.8047
3323.4 3323.4 0.0 135835.5195
3337.54 3337.54 0.0 135621.2734
3351.69 3351.69 0.0 135407.8867
3365.83 3365.83 0.0 135195.5898
3379.97 3379.97 0.0 134984.2461
3394.11 3394.11 0.0 134773.8008
3408.25 3408.25 0.0 134564.2500
3422.4 3422.4 0.0 134355.4219
3436.54 3436.54 0.0 134147.6406
3450.68 3450.68 0.0 133940.7324
3464.82 3464.82 0.0 133734.7285
3478.97 3478.97 0.0 133529.4746
3493.11 3493.11 0.0 133325.3359
3507.25 3507.25 0.0 133122.1738
3521.39 3521.39 0.0 132920.0137
3535.53 3535.53 0.0 132718.9121
3549.68 3549.68 0.0 132518.7988
3563.82 3563.82 0.0 132319.9707
3577.96 3577.96 0.0 132122.3750
3592.1 3592.1 0.0 131926.0645
3606.24 3606.24 0.0 131731.1055
3620.39 3620.39 0.0 131537.4297
3634.53 3634.53 0.0 131345.3789
3648.67 3648.67 0.0 131154.8906
3662.81 3662.81 0.0 130966.0312
3676.96 3676.96 0.0 130778.7441
3691.1 3691.1 0.0 130593.3496
3705.24 3705.24 0.0 130409.7949
3719.38 3719.38 0.0 130228.1426
3733.52 3733.52 0.0 130048.4531
3747.67 3747.67 0.0 129870.6562
3761.81 3761.81 0.0 129695.0469
3775.95 3775.95 0.0 129521.5625
3790.09 3790.09 0.0 129350.2285
3804.23 3804.23 0.0 129181.1055
3818.38 3818.38 0.0 129014.0859
3832.52 3832.52 0.0 128849.4316
3846.66 3846.66 0.0 128687.0371
3860.8 3860.8 0.0 128526.9102
3874.95 3874.95 0.0 128368.9551
3889.09 3889.09 0.0 128213.3750
3903.23 3903.23 0.0 128060.0527
3917.37 3917.37 0.0 127908.9668
3931.51 3931.51 0.0 127760.0840
3945.66 3945.66 0.0 127613.2734
3959.8 3959.8 0.0 127468.6973
3973.94 3973.94 0.0 127326.2070
3988.08 3988.08 0.0 127185.7539
4002.22 4002.22 0.0 127047.2734
4016.37 4016.37 0.0 126910.6074
4030.51 4030.51 0.0 126775.8984
4044.65 4044.65 0.0 126642.9512
4058.79 4058.79 0.0 126511.7168
4072.94 4072.94 0.0 126382.0020
4087.08 4087.08 0.0 126253.9531
4101.22 4101.22 0.0 126127.3672
4115.36 4115.36 0.0 126002.1719
4129.5 4129.5 0.0 125878.2812
4143.65 4143.65 0.0 125755.5488
4157.79 4157.79 0.0 125634.0605
4171.93 4171.93 0.0 125513.6562
4186.07 4186.07 0.0 125394.2598
4200.21 4200.21 0.0 125275.7969
4214.36 4214.36 0.0 125158.1426
4228.5 4228.5 0.0 125041.3672
4242.64 4242.64 0.0 124925.3496
4256.78 4256.78 0.0 124810.0410
4270.92 4270.92 0.0 124695.3750
4285.07 4285.07 0.0 124581.2305
4299.21 4299.21 0.0 124467.7363
4313.35 4313.35 0.0 124354.7773
4327.49 4327.49 0.0 124242.3320
4341.64 4341.64 0.0 124130.2715
4355.78 4355.78 0.0 124018.7695
4369.92 4369.92 0.0 123907.7012
4384.06 4384.06 0.0 123797.0762
4398.2 4398.2 0.0 123686.8828
4412.35 4412.35 0.0 123577.0449
4426.49 4426.49 0.0 123467.7246
4440.63 4440.63 0.0 123358.8457
4454.77 4454.77 0.0 123250.4082
4468.91 4468.91 0.0 123142.4531
4483.06 4483.06 0.0 123034.8906
4497.2 4497.2 0.0 122927.9141
4511.34 4511.34 0.0 122821.4434
4525.48 4525.48 0.0 122715.5059
4539.63 4539.63 0.0 122610.0703
4553.77 4553.77 0.0 122505.2910
4567.91 4567.91 0.0 122401.1074
4582.05 4582.05 0.0 122297.5566
4596.19 4596.19 0.0 122194.6602
4610.34 4610.34 0.0 122092.3633
4624.48 4624.48 0.0 121990.8262
4638.62 4638.62 0.0 121890.0039
4652.76 4652.76 0.0 121789.9199
4666.9 4666.9 0.0 121690.5859
4681.05 4681.05 0.0 121591.9648
4695.19 4695.19 0.0 121494.1836
4709.33 4709.33 0.0 121397.2031
4723.47 4723.47 0.0 121301.0410
4737.62 4737.62 0.0 121205.6367
4751.76 4751.76 0.0 121111.1289
4765.9 4765.9 0.0 121017.4629
4780.04 4780.04 0.0 120924.6484
4794.18 4794.18 0.0 120832.6816
4808.33 4808.33 0.0 120741.5078
4822.47 4822.47 0.0 120651.2617
4836.61 4836.61 0.0 120561.8750
4850.75 4850.75 0.0 120473.3574
4864.89 4864.89 0.0 120385.6875
4879.04 4879.04 0.0 120298.8281
4893.18 4893.18 0.0 120212.8867
4907.32 4907.32 0.0 120127.8105
4921.46 4921.46 0.0 120043.5645
4935.61 4935.61 0.0 119960.1230
4949.75 4949.75 0.0 119877.5820
4963.89 4963.89 0.0 119795.8770
4978.03 4978.03 0.0 119715.0078
4992.17 4992.17 0.0 119634.9688
5006.32 5006.32 0.0 119555.7051
5020.46 5020.46 0.0 119477.3086
5034.6 5034.6 0.0 119399.7285
5048.74 5048.74 0.0 119322.9688
5062.88 5062.88 0.0 119246.9980
5077.03 5077.03 0.0 119171.7891
5091.17 5091.17 0.0 119097.4082
5105.31 5105.31 0.0 119023.8281
5119.45 5119.45 0.0 118951.0312
5133.6 5133.6 0.0 118878.9473
5147.74 5147.74 0.0 118807.6836
5161.88 5161.88 0.0 118737.1934
5176.02 5176.02 0.0 118667.4590
5190.16 5190.16 0.0 118598.4766
5204.31 5204.31 0.0 118530.1875
5218.45 5218.45 0.0 118462.6875
5232.59 5232.59 0.0 118395.9180
5246.73 5246.73 0.0 118329.8770
5260.87 5260.87 0.0 118264.5391
5275.02 5275.02 0.0 118199.8750
5289.16 5289.16 0.0 118135.9551
5303.3 5303.3 0.0 118072.7188
5317.44 5317.44 0.0 118010.1621
5331.59 5331.59 0.0 117948.2363
5345.73 5345.73 0.0 117887.0234
5359.87 5359.87 0.0 117826.4492
5374.01 5374.01 0.0 117766.5137
5388.15 5388.15 0.0 117707.2207
5402.3 5402.3 0.0 117648.4941
5416.44 5416.44 0.0 117590.4072
5430.58 5430.58 0.0 117532.9238
5444.72 5444.72 0.0 117476.0186
5458.86 5458.86 0.0 117419.6660
5473.01 5473.01 0.0 117363.8467
5487.15 5487.15 0.0 117308.5869
5501.29 5501.29 0.0 117253.8623
5515.43 5515.43 0.0 117199.6465
5529.58 5529.58 0.0 117145.8926
5543.72 5543.72 0.0 117092.6621
5557.86 5557.86 0.0 117039.8965
5572.0 5572.0 0.0 116987.5898
5586.14 5586.14 0.0 116935.7207
5600.29 5600.29 0.0 116884.2354
5614.43 5614.43 0.0 116833.2070
5628.57 5628.57 0.0 116782.5771
5642.71 5642.71 0.0 116732.3301
5656.85 5656.85 0.0 116682.4424
5671.0 5671.0 0.0 116632.8799
5685.14 5685.14 0.0 116583.6934
5699.28 5699.28 0.0 116534.8447
5713.42 5713.42 0.0 116486.3076
5727.56 5727.56 0.0 116438.0605
5741.71 5741.71 0.0 116390.0791
5755.85 5755.85 0.0 116342.3994
5769.99 5769.99 0.0 116294.9893
5784.13 5784.13 0.0 116247.8350
5798.28 5798.28 0.0 116200.8770
5812.42 5812.42 0.0 116154.1836
5826.56 5826.56 0.0 116107.7061
5840.7 5840.7 0.0 116061.4375
5854.84 5854.84 0.0 116015.3594
5868.99 5868.99 0.0 115969.4395
5883.13 5883.13 0.0 115923.7168
5897.27 5897.27 0.0 115878.1553
5911.41 5911.41 0.0 115832.7588
5925.55 5925.55 0.0 115787.5078
5939.7 5939.7 0.0 115742.3545
5953.84 5953.84 0.0 115697.3701
5967.98 5967.98 0.0 115652.4971
5982.12 5982.12 0.0 115607.7510
5996.27 5996.27 0.0 115563.0684
6010.41 6010.41 0.0 115518.5186
6024.55 6024.55 0.0 115474.0527
6038.69 6038.69 0.0 115429.6729
6052.83 6052.83 0.0 115385.3828
6066.98 6066.98 0.0 115341.1260
6081.12 6081.12 0.0 115296.9619
6095.26 6095.26 0.0 115252.8623
6109.4 6109.4 0.0 115208.8291
6123.54 6123.54 0.0 115164.8350
6137.69 6137.69 0.0 115120.8633
6151.83 6151.83 0.0 115076.9639
6165.97 6165.97 0.0 115033.0996
6180.11 6180.11 0.0 114989.2773
6194.26 6194.26 0.0 114945.4658
6208.4 6208.4 0.0 114901.7100
6222.54 6222.54 0.0 114857.9648
6236.68 6236.68 0.0 114814.2627
6250.82 6250.82 0.0 114770.5889
6264.97 6264.97 0.0 114726.8955
6279.11 6279.11 0.0 114683.2471
6293.25 6293.25 0.0 114639.6289
6307.39 6307.39 0.0 114596.0254
6321.53 6321.53 0.0 114552.4375
6335.68 6335.68 0.0 114508.8369
6349.82 6349.82 0.0 114465.2920
6363.96 6363.96 0.0 114421.7520
6378.1 6378.1 0.0 114378.2393
6392.25 6392.25 0.0 114334.7090
6406.39 6406.39 0.0 114291.2373
6420.53 6420.53 0.0 114247.7812
6434.67 6434.67 0.0 114204.3428
6448.81 6448.81 0.0 114160.9316
6462.96 6462.96 0.0 114117.5225
6477.1 6477.1 0.0 114074.1670
6491.24 6491.24 0.0 114030.8447
6505.38 6505.38 0.0 113987.5488
6519.52 6519.52 0.0 113944.2959
6533.67 6533.67 0.0 113901.0537
6547.81 6547.81 0.0 113857.8770
6561.95 6561.95 0.0 113814.7402
6576.09 6576.09 0.0 113771.6670
6590.24 6590.24 0.0 113728.6016
6604.38 6604.38 0.0 113685.6367
6618.52 6618.52 0.0 113642.7275
6632.66 6632.66 0.0 113599.8838
6646.8 6646.8 0.0 113557.1074
6660.95 6660.95 0.0 113514.3750
6675.09 6675.09 0.0 113471.7510
6689.23 6689.23 0.0 113429.2129
6703.37 6703.37 0.0 113386.7588
6717.51 6717.51 0.0 113344.3965
6731.66 6731.66 0.0 113302.1074
6745.8 6745.8 0.0 113259.9502
6759.94 6759.94 0.0 113217.9053
6774.08 6774.08 0.0 113175.9629
6788.23 6788.23 0.0 113134.1191
6802.37 6802.37 0.0 113092.4268
6816.51 6816.51 0.0 113050.8682
6830.65 6830.65 0.0 113009.4463
6844.79 6844.79 0.0 112968.1582
6858.94 6858.94 0.0 112926.9883
6873.08 6873.08 0.0 112886.0156
6887.22 6887.22 0.0 112845.2002
6901.36 6901.36 0.0 112804.5322
6915.5 6915.5 0.0 112764.0508
6929.65 6929.65 0.0 112723.7061
6943.79 6943.79 0.0 112683.5879
6957.93 6957.93 0.0 112643.6494
6972.07 6972.07 0.0 112603.9033
6986.21 6986.21 0.0 112564.3643
7000.36 7000.36 0.0 112525.0020
7014.5 7014.5 0.0 112485.8867
7028.64 7028.64 0.0 112446.9873
7042.78 7042.78 0.0 112408.3115
7056.93 7056.93 0.0 112369.8428
7071.07 7071.07 0.0 112331.6426
7085.21 7085.21 0.0 112293.6836
7099.35 7099.35 0.0 112255.9785
7113.49 7113.49 0.0 112218.5312
7127.64 7127.64 0.0 112181.3154
7141.78 7141.78 0.0 112144.4053
7155.92 7155.92 0.0 112107.7676
7170.06 7170.06 0.0 112071.4219
7184.2 7184.2 0.0 112035.3516
7198.35 7198.35 0.0 111999.5615
7212.49 7212.49 0.0 111964.0986
7226.63 7226.63 0.0 111928.9492
7240.77 7240.77 0.0 111894.1211
7254.92 7254.92 0.0 111859.5859
7269.06 7269.06 0.0 111825.4082
7283.2 7283.2 0.0 111791.5732
7297.34 7297.34 0.0 111758.0791
7311.48 7311.48 0.0 111724.9434
7325.63 7325.63 0.0 111692.1426
7339.77 7339.77 0.0 111659.7354
7353.91 7353.91 0.0 111627.7021
7368.05 7368.05 0.0 111596.0508
7382.19 7382.19 0.0 111564.7979
7396.34 7396.34 0.0 111533.9180
7410.48 7410.48 0.0 111503.4697
7424.62 7424.62 0.0 111473.4355
7438.76 7438.76 0.0 111443.8350
7452.91 7452.91 0.0 111414.6357
7467.05 7467.05 0.0 111385.9062
7481.19 7481.19 0.0 111357.6270
7495.33 7495.33 0.0 111329.8096
7509.47 7509.47 0.0 111302.4521
7523.62 7523.62 0.0 111275.5566
7537.76 7537.76 0.0 111249.1719
7551.9 7551.9 0.0 111223.2793
7566.04 7566.04 0.0 111197.8926
7580.18 7580.18 0.0 111173.0352
7594.33 7594.33 0.0 111148.6729
7608.47 7608.47 0.0 111124.8672
7622.61 7622.61 0.0 111101.6074
7636.75 7636.75 0.0 111078.9062
7650.9 7650.9 0.0 111056.7568
7665.04 7665.04 0.0 111035.1963
7679.18 7679.18 0.0 111014.2256
7693.32 7693.32 0.0 110993.8555
7707.46 7707.46 0.0 110974.0879
7721.61 7721.61 0.0 110954.9297
7735.75 7735.75 0.0 110936.4121
7749.89 7749.89 0.0 110918.5342
7764.03 7764.03 0.0 110901.3086
7778.17 7778.17 0.0 110884.7354
