0.0 0.0 0.0 1017745.8750
14.1421 14.1421 0.0 921621.3750
28.2843 28.2843 0.0 820974.1875
42.4264 42.4264 0.0 709774.5000
56.5685 56.5685 0.0 600448.1250
70.7107 70.7107 0.0 499500.8438
84.8528 84.8528 0.0 413582.7812
98.9949 98.9949 0.0 346012.7344
113.137 113.137 0.0 295640.6562
127.279 127.279 0.0 259073.5938
141.421 141.421 0.0 232632.7031
155.563 155.563 0.0 213158.0547
169.706 169.706 0.0 198276.9219
183.848 183.848 0.0 186417.7812
197.99 197.99 0.0 176632.7031
212.132 212.132 0.0 168375.9922
226.274 226.274 0.0 161323.8945
240.416 240.416 0.0 155265.7617
254.558 254.558 0.0 150047.7539
268.701 268.701 0.0 145546.6172
282.843 282.843 0.0 141659.2305
296.985 296.985 0.0 138295.8398
311.127 311.127 0.0 135379.0430
325.269 325.269 0.0 132841.9961
339.411 339.411 0.0 130627.3496
353.553 353.553 0.0 128686.0625
367.696 367.696 0.0 126976.3184
381.838 381.838 0.0 125462.9746
395.98 395.98 0.0 124115.7285
410.122 410.122 0.0 122908.9219
424.264 424.264 0.0 121820.7012
438.406 438.406 0.0 120832.4102
452.548 452.548 0.0 119928.2559
466.69 466.69 0.0 119094.9785
480.833 480.833 0.0 118321.5977
494.975 494.975 0.0 117599.4434
509.117 509.117 0.0 116921.6055
523.259 523.259 0.0 116283.0215
537.401 537.401 0.0 115680.0166
551.543 551.543 0.0 115110.0674
565.685 565.685 0.0 114571.4805
579.828 579.828 0.0 114062.9727
593.97 593.97 0.0 113583.6406
608.112 608.112 0.0 113132.4844
622.254 622.254 0.0 112708.3838
636.396 636.396 0.0 112310.0381
650.538 650.538 0.0 111935.8574
664.68 664.68 0.0 111583.9551
678.823 678.823 0.0 111252.1758
692.965 692.965 0.0 110938.1904
707.107 707.107 0.0 110639.3887
721.249 721.249 0.0 110353.1455
735.391 735.391 0.0 110076.7939
749.533 749.533 0.0 109807.9072
763.675 763.675 0.0 109544.3896
777.817 777.817 0.0 109284.6733
791.96 791.96 0.0 109027.8545
806.102 806.102 0.0 108773.7754
820.244 820.244 0.0 108522.8950
834.386 834.386 0.0 108276.1924
848.528 848.528 0.0 108034.9346
862.67 862.67 0.0 107800.4600
876.812 876.812 0.0 107573.9360
890.955 890.955 0.0 107356.2676
905.097 905.097 0.0 107148.0688
919.239 919.239 0.0 106949.5796
933.381 933.381 0.0 106760.8027
947.523 947.523 0.0 106581.5205
961.665 961.665 0.0 106411.4263
975.807 975.807 0.0 106250.1104
989.949 989.949 0.0 106097.1958
1004.09 1004.09 0.0 105952.2812
1018.23 1018.23 0.0 105815.0166
1032.38 1032.38 0.0 105684.9678
1046.52 1046.52 0.0 105562.0400
1060.66 1060.66 0.0 105445.8740
1074.8 1074.8 0.0 105336.2468
1088.94 1088.94 0.0 105232.9507
1103.09 1103.09 0.0 105135.7375
1117.23 1117.23 0.0 105044.5798
1131.37 1131.37 0.0 104959.2363
1145.51 1145.51 0.0 104879.5442
1159.66 1159.66 0.0 104805.3005
1173.8 1173.8 0.0 104736.4368
1187.94 1187.94 0.0 104672.7195
1202.08 1202.08 0.0 104613.9504
1216.22 1216.22 0.0 104559.9255
1230.37 1230.37 0.0 104510.3601
1244.51 1244.51 0.0 104465.0901
1258.65 1258.65 0.0 104423.7991
1272.79 1272.79 0.0 104386.1968
1286.93 1286.93 0.0 104351.9956
1301.08 1301.08 0.0 104320.8655
1315.22 1315.22 0.0 104292.5603
1329.36 1329.36 0.0 104266.7566
1343.5 1343.5 0.0 104243.1687
1357.65 1357.65 0.0 104221.5154
1371.79 1371.79 0.0 104201.5698
1385.93 1385.93 0.0 104183.0825
1400.07 1400.07 0.0 104165.8462
1414.21 1414.21 0.0 104149.6636
1428.36 1428.36 0.0 104134.3547
1442.5 1442.5 0.0 104119.7886
1456.64 1456.64 0.0 104105.8289
1470.78 1470.78 0.0 104092.3591
1484.92 1484.92 0.0 104079.2810
1499.07 1499.07 0.0 104066.5046
1513.21 1513.21 0.0 104053.9712
1527.35 1527.35 0.0 104041.6213
1541.49 1541.49 0.0 104029.4048
1555.63 1555.63 0.0 104017.2798
1569.78 1569.78 0.0 104005.2070
1583.92 1583.92 0.0 103993.1782
1598.06 1598.06 0.0 103981.1665
1612.2 1612.2 0.0 103969.1533
1626.35 1626.35 0.0 103957.1240
1640.49 1640.49 0.0 103945.0835
1654.63 1654.63 0.0 103933.0225
1668.77 1668.77 0.0 103920.9385
1682.91 1682.91 0.0 103908.8333
1697.06 1697.06 0.0 103896.6982
1711.2 1711.2 0.0 103884.5537
1725.34 1725.34 0.0 103872.3945
1739.48 1739.48 0.0 103860.2327
1753.62 1753.62 0.0 103848.0698
1767.77 1767.77 0.0 103835.9045
1781.91 1781.91 0.0 103823.7644
1796.05 1796.05 0.0 103811.6460
1810.19 1810.19 0.0 103799.5583
1824.34 1824.34 0.0 103787.4985
1838.48 1838.48 0.0 103775.4941
1852.62 1852.62 0.0 103763.5459
1866.76 1866.76 0.0 103751.6570
1880.9 1880.9 0.0 103739.8372
1895.05 1895.05 0.0 103728.0867
1909.19 1909.19 0.0 103716.4272
1923.33 1923.33 0.0 103704.8562
1937.47 1937.47 0.0 103693.3840
1951.61 1951.61 0.0 103682.0117
1965.76 1965.76 0.0 103670.7397
1979.9 1979.9 0.0 103659.5884
1994.04 1994.04 0.0 103648.5522
2008.18 2008.18 0.0 103637.6365
2022.33 2022.33 0.0 103626.8408
2036.47 2036.47 0.0 103616.1750
2050.61 2050.61 0.0 103605.6436
2064.75 2064.75 0.0 103595.2412
2078.89 2078.89 0.0 103584.9771
2093.04 2093.04 0.0 103574.8406
2107.18 2107.18 0.0 103564.8484
2121.32 2121.32 0.0 103554.9944
2135.46 2135.46 0.0 103545.2800
2149.6 2149.6 0.0 103535.7046
2163.75 2163.75 0.0 103526.2585
2177.89 2177.89 0.0 103516.9590
2192.03 2192.03 0.0 103507.7959
2206.17 2206.17 0.0 103498.7700
2220.32 2220.32 0.0 103489.8713
2234.46 2234.46 0.0 103481.1118
2248.6 2248.6 0.0 103472.4858
2262.74 2262.74 0.0 103463.9873
2276.88 2276.88 0.0 103455.6189
2291.03 2291.03 0.0 103447.3691
2305.17 2305.17 0.0 103439.2485
2319.31 2319.31 0.0 103431.2500
2333.45 2333.45 0.0 103423.3691
2347.59 2347.59 0.0 103415.6074
2361.74 2361.74 0.0 103407.9453
2375.88 2375.88 0.0 103400.4065
2390.02 2390.02 0.0 103392.9727
2404.16 2404.16 0.0 103385.6470
2418.31 2418.31 0.0 103378.4165
2432.45 2432.45 0.0 103371.2903
2446.59 2446.59 0.0 103364.2628
2460.73 2460.73 0.0 103357.3319
2474.87 2474.87 0.0 103350.4893
2489.02 2489.02 0.0 103343.7339
2503.16 2503.16 0.0 103337.0693
2517.3 2517.3 0.0 103330.4879
2531.44 2531.44 0.0 103323.9878
2545.58 2545.58 0.0 103317.5696
2559.73 2559.73 0.0 103311.2238
2573.87 2573.87 0.0 103304.9559
2588.01 2588.01 0.0 103298.7633
2602.15 2602.15 0.0 103292.6415
2616.3 2616.3 0.0 103286.5863
2630.44 2630.44 0.0 103280.5984
2644.58 2644.58 0.0 103274.6824
2658.72 2658.72 0.0 103268.8232
2672.86 2672.86 0.0 103263.0314
2687.01 2687.01 0.0 103257.2919
2701.15 2701.15 0.0 103251.6169
2715.29 2715.29 0.0 103246.0010
2729.43 2729.43 0.0 103240.4377
2743.57 2743.57 0.0 103234.9307
2757.72 2757.72 0.0 103229.4739
2771.86 2771.86 0.0 103224.0717
2786.0 2786.0 0.0 103218.7224
2800.14 2800.14 0.0 103213.4208
2814.28 2814.28 0.0 103208.1680
2828.43 2828.43 0.0 103202.9576
2842.57 2842.57 0.0 103197.7972
2856.71 2856.71 0.0 103192.6841
2870.85 2870.85 0.0 103187.6149
2885.0 2885.0 0.0 103182.5834
2899.14 2899.14 0.0 103177.5999
2913.28 2913.28 0.0 103172.6570
2927.42 2927.42 0.0 103167.7544
2941.56 2941.56 0.0 103162.8921
2955.71 2955.71 0.0 103158.0637
2969.85 2969.85 0.0 103153.2756
2983.99 2983.99 0.0 103148.5253
2998.13 2998.13 0.0 103143.8115
3012.27 3012.27 0.0 103139.1307
3026.42 3026.42 0.0 103134.4862
3040.56 3040.56 0.0 103129.8732
3054.7 3054.7 0.0 103125.2942
3068.84 3068.84 0.0 103120.7458
3082.99 3082.99 0.0 103116.2275
3097.13 3097.13 0.0 103111.7394
3111.27 3111.27 0.0 103107.2837
3125.41 3125.41 0.0 103102.8568
3139.55 3139.55 0.0 103098.4536
3153.7 3153.7 0.0 103094.0808
3167.84 3167.84 0.0 103089.7321
3181.98 3181.98 0.0 103085.4110
3196.12 3196.12 0.0 103081.1155
3210.26 3210.26 0.0 103076.8419
3224.41 3224.41 0.0 103072.5923
3238.55 3238.55 0.0 103068.3662
3252.69 3252.69 0.0 103064.1619
3266.83 3266.83 0.0 103059.9801
3280.98 3280.98 0.0 103055.8199
3295.12 3295.12 0.0 103051.6771
3309.26 3309.26 0.0 103047.5599
3323.4 3323.4 0.0 103043.4604
3337.54 3337.54 0.0 103039.3799
3351.69 3351.69 0.0 103035.3164
3365.83 3365.83 0.0 103031.2739
3379.97 3379.97 0.0 103027.2490
3394.11 3394.11 0.0 103023.2432
3408.25 3408.25 0.0 103019.2557
3422.4 3422.4 0.0 103015.2810
3436.54 3436.54 0.0 103011.3292
3450.68 3450.68 0.0 103007.3937
3464.82 3464.82 0.0 103003.4747
3478.97 3478.97 0.0 102999.5704
3493.11 3493.11 0.0 102995.6895
3507.25 3507.25 0.0 102991.8224
3521.39 3521.39 0.0 102987.9735
3535.53 3535.53 0.0 102984.1439
3549.68 3549.68 0.0 102980.3311
3563.82 3563.82 0.0 102976.5404
3577.96 3577.96 0.0 102972.7677
3592.1 3592.1 0.0 102969.0138
3606.24 3606.24 0.0 102965.2810
3620.39 3620.39 0.0 102961.5685
3634.53 3634.53 0.0 102957.8813
3648.67 3648.67 0.0 102954.2135
3662.81 3662.81 0.0 102950.5706
3676.96 3676.96 0.0 102946.9492
3691.1 3691.1 0.0 102943.3560
3705.24 3705.24 0.0 102939.7867
3719.38 3719.38 0.0 102936.2500
3733.52 3733.52 0.0 102932.7362
3747.67 3747.67 0.0 102929.2500
3761.81 3761.81 0.0 102925.8005
3775.95 3775.95 0.0 102922.3811
3790.09 3790.09 0.0 102918.9963
3804.23 3804.23 0.0 102915.6438
3818.38 3818.38 0.0 102912.3254
3832.52 3832.52 0.0 102909.0487
3846.66 3846.66 0.0 102905.8097
3860.8 3860.8 0.0 102902.6112
3874.95 3874.95 0.0 102899.4529
3889.09 3889.09 0.0 102896.3405
3903.23 3903.23 0.0 102893.2745
3917.37 3917.37 0.0 102890.2550
3931.51 3931.51 0.0 102887.2806
3945.66 3945.66 0.0 102884.3586
3959.8 3959.8 0.0 102881.4882
3973.94 3973.94 0.0 102878.6735
3988.08 3988.08 0.0 102875.9124
4002.22 4002.22 0.0 102873.2109
4016.37 4016.37 0.0 102870.5649
4030.51 4030.51 0.0 102867.9808
4044.65 4044.65 0.0 102865.4604
4058.79 4058.79 0.0 102863.0043
4072.94 4072.94 0.0 102860.6113
4087.08 4087.08 0.0 102858.2893
4101.22 4101.22 0.0 102856.0356
4115.36 4115.36 0.0 102853.8523
4129.5 4129.5 0.0 102851.7444
4143.65 4143.65 0.0 102849.7065
4157.79 4157.79 0.0 102847.7469
4171.93 4171.93 0.0 102845.8646
4186.07 4186.07 0.0 102844.0635
4200.21 4200.21 0.0 102842.3427
4214.36 4214.36 0.0 102840.7030
4228.5 4228.5 0.0 102839.1476
4242.64 4242.64 0.0 102837.6779
