0.0 0.0 0.0 298273.5469
14.1421 14.1421 0.0 307404.5156
28.2843 28.2843 0.0 305397.9688
42.4264 42.4264 0.0 300969.6562
56.5685 56.5685 0.0 294744.2656
70.7107 70.7107 0.0 287556.7031
84.8528 84.8528 0.0 279880.6562
98.9949 98.9949 0.0 271986.8594
113.137 113.137 0.0 264053.2656
127.279 127.279 0.0 256207.2969
141.421 141.421 0.0 248542.6094
155.563 155.563 0.0 241126.7500
169.706 169.706 0.0 234005.5469
183.848 183.848 0.0 227209.2031
197.99 197.99 0.0 220752.9141
212.132 212.132 0.0 214642.1953
226.274 226.274 0.0 208874.2344
240.416 240.416 0.0 203440.6406
254.558 254.558 0.0 198328.6016
268.701 268.701 0.0 193522.4219
282.843 282.843 0.0 189005.8594
296.985 296.985 0.0 184761.0391
311.127 311.127 0.0 180770.7656
325.269 325.269 0.0 177018.5703
339.411 339.411 0.0 173489.0156
353.553 353.553 0.0 170167.9297
367.696 367.696 0.0 167041.9531
381.838 381.838 0.0 164099.3438
395.98 395.98 0.0 161328.5195
410.122 410.122 0.0 158718.7812
424.264 424.264 0.0 156259.9258
438.406 438.406 0.0 153942.2031
452.548 452.548 0.0 151756.2109
466.69 466.69 0.0 149692.9453
480.833 480.833 0.0 147743.5508
494.975 494.975 0.0 145900.0430
509.117 509.117 0.0 144154.3047
523.259 523.259 0.0 142498.8906
537.401 537.401 0.0 140926.8672
551.543 551.543 0.0 139431.8281
565.685 565.685 0.0 138008.0352
579.828 579.828 0.0 136650.3672
593.97 593.97 0.0 135354.7578
608.112 608.112 0.0 134117.6836
622.254 622.254 0.0 132936.4941
636.396 636.396 0.0 131809.3477
650.538 650.538 0.0 130735.1074
664.68 664.68 0.0 129713.1270
678.823 678.823 0.0 128743.0469
692.965 692.965 0.0 127824.8320
707.107 707.107 0.0 126958.0859
721.249 721.249 0.0 126142.1367
735.391 735.391 0.0 125375.8145
749.533 749.533 0.0 124657.3223
763.675 763.675 0.0 123984.2734
777.817 777.817 0.0 123353.6855
791.96 791.96 0.0 122762.0352
806.102 806.102 0.0 122205.6289
820.244 820.244 0.0 121680.4160
834.386 834.386 0.0 121182.4258
848.528 848.528 0.0 120707.7168
862.67 862.67 0.0 120252.6758
876.812 876.812 0.0 119813.8945
890.955 890.955 0.0 119388.4141
905.097 905.097 0.0 118973.7070
919.239 919.239 0.0 118567.6133
933.381 933.381 0.0 118168.4180
947.523 947.523 0.0 117774.7988
961.665 961.665 0.0 117385.8252
975.807 975.807 0.0 117000.8672
989.949 989.949 0.0 116619.6221
1004.09 1004.09 0.0 116242.0664
1018.23 1018.23 0.0 115868.3564
1032.38 1032.38 0.0 115498.5068
1046.52 1046.52 0.0 115133.5303
1060.66 1060.66 0.0 114773.7100
1074.8 1074.8 0.0 114419.6982
1088.94 1088.94 0.0 114072.1504
1103.09 1103.09 0.0 113731.5059
1117.23 1117.23 0.0 113398.9307
1131.37 1131.37 0.0 113074.8281
1145.51 1145.51 0.0 112759.7998
1159.66 1159.66 0.0 112454.1826
1173.8 1173.8 0.0 112158.8740
1187.94 1187.94 0.0 111874.0723
1202.08 1202.08 0.0 111600.1055
1216.22 1216.22 0.0 111337.2178
1230.37 1230.37 0.0 111085.3887
1244.51 1244.51 0.0 110845.0723
1258.65 1258.65 0.0 110616.0762
1272.79 1272.79 0.0 110398.3115
1286.93 1286.93 0.0 110191.6328
1301.08 1301.08 0.0 109995.6709
1315.22 1315.22 0.0 109810.4131
1329.36 1329.36 0.0 109635.3730
1343.5 1343.5 0.0 109470.1426
1357.65 1357.65 0.0 109314.1851
1371.79 1371.79 0.0 109167.2383
1385.93 1385.93 0.0 109028.6890
1400.07 1400.07 0.0 108897.9907
1414.21 1414.21 0.0 108774.6284
1428.36 1428.36 0.0 108657.9561
1442.5 1442.5 0.0 108547.6050
1456.64 1456.64 0.0 108442.9521
1470.78 1470.78 0.0 108343.4688
1484.92 1484.92 0.0 108248.6494
1499.07 1499.07 0.0 108157.9575
1513.21 1513.21 0.0 108071.0625
1527.35 1527.35 0.0 107987.4775
1541.49 1541.49 0.0 107906.8145
1555.63 1555.63 0.0 107828.7197
1569.78 1569.78 0.0 107752.8159
1583.92 1583.92 0.0 107678.9312
1598.06 1598.06 0.0 107606.7617
1612.2 1612.2 0.0 107536.0947
1626.35 1626.35 0.0 107466.6958
1640.49 1640.49 0.0 107398.5000
1654.63 1654.63 0.0 107331.3369
1668.77 1668.77 0.0 107265.0996
1682.91 1682.91 0.0 107199.7026
1697.06 1697.06 0.0 107135.0439
1711.2 1711.2 0.0 107071.1621
1725.34 1725.34 0.0 107007.9780
1739.48 1739.48 0.0 106945.4839
1753.62 1753.62 0.0 106883.6729
1767.77 1767.77 0.0 106822.5029
1781.91 1781.91 0.0 106762.0820
1796.05 1796.05 0.0 106702.3877
1810.19 1810.19 0.0 106643.4526
1824.34 1824.34 0.0 106585.2695
1838.48 1838.48 0.0 106527.9736
1852.62 1852.62 0.0 106471.5649
1866.76 1866.76 0.0 106416.0947
1880.9 1880.9 0.0 106361.6118
1895.05 1895.05 0.0 106308.1401
1909.19 1909.19 0.0 106255.8110
1923.33 1923.33 0.0 106204.6411
1937.47 1937.47 0.0 106154.6733
1951.61 1951.61 0.0 106105.9717
1965.76 1965.76 0.0 106058.5332
1979.9 1979.9 0.0 106012.4771
1994.04 1994.04 0.0 105967.8027
2008.18 2008.18 0.0 105924.5303
2022.33 2022.33 0.0 105882.6514
2036.47 2036.47 0.0 105842.2407
2050.61 2050.61 0.0 105803.2568
2064.75 2064.75 0.0 105765.7046
2078.89 2078.89 0.0 105729.5527
2093.04 2093.04 0.0 105694.7583
2107.18 2107.18 0.0 105661.3271
2121.32 2121.32 0.0 105629.1919
2135.46 2135.46 0.0 105598.3003
2149.6 2149.6 0.0 105568.5942
2163.75 2163.75 0.0 105539.9854
2177.89 2177.89 0.0 105512.4497
2192.03 2192.03 0.0 105485.8936
2206.17 2206.17 0.0 105460.2373
2220.32 2220.32 0.0 105435.3926
2234.46 2234.46 0.0 105411.3110
2248.6 2248.6 0.0 105387.8962
2262.74 2262.74 0.0 105365.0769
2276.88 2276.88 0.0 105342.7632
2291.03 2291.03 0.0 105320.8716
2305.17 2305.17 0.0 105299.3562
2319.31 2319.31 0.0 105278.1313
2333.45 2333.45 0.0 105257.1318
2347.59 2347.59 0.0 105236.2847
2361.74 2361.74 0.0 105215.5220
2375.88 2375.88 0.0 105194.8123
2390.02 2390.02 0.0 105174.0898
2404.16 2404.16 0.0 105153.3066
2418.31 2418.31 0.0 105132.4092
2432.45 2432.45 0.0 105111.3804
2446.59 2446.59 0.0 105090.1843
2460.73 2460.73 0.0 105068.7808
2474.87 2474.87 0.0 105047.1531
2489.02 2489.02 0.0 105025.2625
2503.16 2503.16 0.0 105003.1277
2517.3 2517.3 0.0 104980.7231
2531.44 2531.44 0.0 104958.0396
2545.58 2545.58 0.0 104935.0737
2559.73 2559.73 0.0 104911.8076
2573.87 2573.87 0.0 104888.2854
2588.01 2588.01 0.0 104864.4790
2602.15 2602.15 0.0 104840.4148
2616.3 2616.3 0.0 104816.0806
2630.44 2630.44 0.0 104791.5264
2644.58 2644.58 0.0 104766.7446
2658.72 2658.72 0.0 104741.7546
2672.86 2672.86 0.0 104716.5791
2687.01 2687.01 0.0 104691.2136
2701.15 2701.15 0.0 104665.7212
2715.29 2715.29 0.0 104640.0994
2729.43 2729.43 0.0 104614.3796
2743.57 2743.57 0.0 104588.5840
2757.72 2757.72 0.0 104562.7126
2771.86 2771.86 0.0 104536.8306
2786.0 2786.0 0.0 104510.9458
2800.14 2800.14 0.0 104485.0842
2814.28 2814.28 0.0 104459.2681
2828.43 2828.43 0.0 104433.5042
2842.57 2842.57 0.0 104407.8577
2856.71 2856.71 0.0 104382.3325
2870.85 2870.85 0.0 104356.9519
2885.0 2885.0 0.0 104331.7197
2899.14 2899.14 0.0 104306.7048
2913.28 2913.28 0.0 104281.8987
2927.42 2927.42 0.0 104257.3311
2941.56 2941.56 0.0 104233.0183
2955.71 2955.71 0.0 104208.9646
2969.85 2969.85 0.0 104185.2212
2983.99 2983.99 0.0 104161.7932
2998.13 2998.13 0.0 104138.6912
3012.27 3012.27 0.0 104115.9360
3026.42 3026.42 0.0 104093.5203
3040.56 3040.56 0.0 104071.4895
3054.7 3054.7 0.0 104049.8420
3068.84 3068.84 0.0 104028.5857
3082.99 3082.99 0.0 104007.7175
3097.13 3097.13 0.0 103987.2690
3111.27 3111.27 0.0 103967.2373
3125.41 3125.41 0.0 103947.6250
3139.55 3139.55 0.0 103928.4348
3153.7 3153.7 0.0 103909.6599
3167.84 3167.84 0.0 103891.3252
3181.98 3181.98 0.0 103873.4138
3196.12 3196.12 0.0 103855.9307
3210.26 3210.26 0.0 103838.8718
3224.41 3224.41 0.0 103822.2249
3238.55 3238.55 0.0 103806.0046
3252.69 3252.69 0.0 103790.1953
3266.83 3266.83 0.0 103774.7964
3280.98 3280.98 0.0 103759.7837
3295.12 3295.12 0.0 103745.1750
3309.26 3309.26 0.0 103730.9519
3323.4 3323.4 0.0 103717.1062
3337.54 3337.54 0.0 103703.6255
3351.69 3351.69 0.0 103690.4946
3365.83 3365.83 0.0 103677.7229
3379.97 3379.97 0.0 103665.2874
3394.11 3394.11 0.0 103653.1816
3408.25 3408.25 0.0 103641.3953
3422.4 3422.4 0.0 103629.9038
3436.54 3436.54 0.0 103618.7178
3450.68 3450.68 0.0 103607.8191
3464.82 3464.82 0.0 103597.1897
3478.97 3478.97 0.0 103586.8208
3493.11 3493.11 0.0 103576.7112
3507.25 3507.25 0.0 103566.8413
3521.39 3521.39 0.0 103557.2070
3535.53 3535.53 0.0 103547.7942
3549.68 3549.68 0.0 103538.5854
3563.82 3563.82 0.0 103529.5835
3577.96 3577.96 0.0 103520.7764
3592.1 3592.1 0.0 103512.1514
3606.24 3606.24 0.0 103503.6990
3620.39 3620.39 0.0 103495.4077
3634.53 3634.53 0.0 103487.2744
3648.67 3648.67 0.0 103479.2925
3662.81 3662.81 0.0 103471.4519
3676.96 3676.96 0.0 103463.7385
3691.1 3691.1 0.0 103456.1531
3705.24 3705.24 0.0 103448.6929
3719.38 3719.38 0.0 103441.3394
3733.52 3733.52 0.0 103434.0977
3747.67 3747.67 0.0 103426.9446
3761.81 3761.81 0.0 103419.8955
3775.95 3775.95 0.0 103412.9341
3790.09 3790.09 0.0 103406.0571
3804.23 3804.23 0.0 103399.2610
3818.38 3818.38 0.0 103392.5342
3832.52 3832.52 0.0 103385.8835
3846.66 3846.66 0.0 103379.3027
3860.8 3860.8 0.0 103372.7823
3874.95 3874.95 0.0 103366.3191
3889.09 3889.09 0.0 103359.9203
3903.23 3903.23 0.0 103353.5742
3917.37 3917.37 0.0 103347.2827
3931.51 3931.51 0.0 103341.0396
3945.66 3945.66 0.0 103334.8395
3959.8 3959.8 0.0 103328.6909
3973.94 3973.94 0.0 103322.5865
3988.08 3988.08 0.0 103316.5258
4002.22 4002.22 0.0 103310.5060
4016.37 4016.37 0.0 103304.5203
4030.51 4030.51 0.0 103298.5811
4044.65 4044.65 0.0 103292.6790
4058.79 4058.79 0.0 103286.8154
4072.94 4072.94 0.0 103280.9823
4087.08 4087.08 0.0 103275.1924
4101.22 4101.22 0.0 103269.4354
4115.36 4115.36 0.0 103263.7166
4129.5 4129.5 0.0 103258.0322
4143.65 4143.65 0.0 103252.3762
4157.79 4157.79 0.0 103246.7607
4171.93 4171.93 0.0 103241.1788
4186.07 4186.07 0.0 103235.6332
4200.21 4200.21 0.0 103230.1218
4214.36 4214.36 0.0 103224.6406
4228.5 4228.5 0.0 103219.1970
4242.64 4242.64 0.0 103213.7905
4256.78 4256.78 0.0 103208.4138
4270.92 4270.92 0.0 103203.0757
4285.07 4285.07 0.0 103197.7688
4299.21 4299.21 0.0 103192.5007
4313.35 4313.35 0.0 103187.2671
4327.49 4327.49 0.0 103182.0667
4341.64 4341.64 0.0 103176.8992
4355.78 4355.78 0.0 103171.7736
4369.92 4369.92 0.0 103166.6803
4384.06 4384.06 0.0 103161.6230
4398.2 4398.2 0.0 103156.6016
4412.35 4412.35 0.0 103151.6110
4426.49 4426.49 0.0 103146.6628
4440.63 4440.63 0.0 103141.7471
4454.77 4454.77 0.0 103136.8705
4468.91 4468.91 0.0 103132.0258
4483.06 4483.06 0.0 103127.2156
4497.2 4497.2 0.0 103122.4423
4511.34 4511.34 0.0 103117.7062
4525.48 4525.48 0.0 103113.0063
4539.63 4539.63 0.0 103108.3376
4553.77 4553.77 0.0 103103.7057
4567.91 4567.91 0.0 103099.1094
4582.05 4582.05 0.0 103094.5477
4596.19 4596.19 0.0 103090.0198
4610.34 4610.34 0.0 103085.5233
4624.48 4624.48 0.0 103081.0653
4638.62 4638.62 0.0 103076.6400
4652.76 4652.76 0.0 103072.2476
4666.9 4666.9 0.0 103067.8904
4681.05 4681.05 0.0 103063.5621
4695.19 4695.19 0.0 103059.2670
4709.33 4709.33 0.0 103055.0055
4723.47 4723.47 0.0 103050.7782
4737.62 4737.62 0.0 103046.5778
4751.76 4751.76 0.0 103042.4121
4765.9 4765.9 0.0 103038.2777
4780.04 4780.04 0.0 103034.1736
4794.18 4794.18 0.0 103030.1005
4808.33 4808.33 0.0 103026.0515
4822.47 4822.47 0.0 103022.0365
4836.61 4836.61 0.0 103018.0504
4850.75 4850.75 0.0 103014.0935
4864.89 4864.89 0.0 103010.1653
4879.04 4879.04 0.0 103006.2623
4893.18 4893.18 0.0 103002.3892
4907.32 4907.32 0.0 102998.5431
4921.46 4921.46 0.0 102994.7251
4935.61 4935.61 0.0 102990.9307
4949.75 4949.75 0.0 102987.1632
4963.89 4963.89 0.0 102983.4241
4978.03 4978.03 0.0 102979.7083
4992.17 4992.17 0.0 102976.0179
5006.32 5006.32 0.0 102972.3501
5020.46 5020.46 0.0 102968.7108
5034.6 5034.6 0.0 102965.0920
5048.74 5048.74 0.0 102961.4983
5062.88 5062.88 0.0 102957.9294
5077.03 5077.03 0.0 102954.3795
5091.17 5091.17 0.0 102950.8557
5105.31 5105.31 0.0 102947.3542
5119.45 5119.45 0.0 102943.8734
5133.6 5133.6 0.0 102940.4131
5147.74 5147.74 0.0 102936.9772
5161.88 5161.88 0.0 102933.5615
5176.02 5176.02 0.0 102930.1661
5190.16 5190.16 0.0 102926.7922
5204.31 5204.31 0.0 102923.4355
5218.45 5218.45 0.0 102920.1018
5232.59 5232.59 0.0 102916.7880
5246.73 5246.73 0.0 102913.4929
5260.87 5260.87 0.0 102910.2167
5275.02 5275.02 0.0 102906.9567
5289.16 5289.16 0.0 102903.7180
5303.3 5303.3 0.0 102900.4973
5317.44 5317.44 0.0 102897.2969
5331.59 5331.59 0.0 102894.1095
5345.73 5345.73 0.0 102890.9435
5359.87 5359.87 0.0 102887.7950
5374.01 5374.01 0.0 102884.6626
5388.15 5388.15 0.0 102881.5485
5402.3 5402.3 0.0 102878.4491
5416.44 5416.44 0.0 102875.3657
5430.58 5430.58 0.0 102872.3009
5444.72 5444.72 0.0 102869.2532
5458.86 5458.86 0.0 102866.2196
5473.01 5473.01 0.0 102863.2014
5487.15 5487.15 0.0 102860.1993
5501.29 5501.29 0.0 102857.2144
5515.43 5515.43 0.0 102854.2437
5529.58 5529.58 0.0 102851.2869
5543.72 5543.72 0.0 102848.3457
5557.86 5557.86 0.0 102845.4197
5572.0 5572.0 0.0 102842.5081
5586.14 5586.14 0.0 102839.6121
5600.29 5600.29 0.0 102836.7283
5614.43 5614.43 0.0 102833.8584
5628.57 5628.57 0.0 102831.0040
5642.71 5642.71 0.0 102828.1637
5656.85 5656.85 0.0 102825.3372
5671.0 5671.0 0.0 102822.5217
5685.14 5685.14 0.0 102819.7217
5699.28 5699.28 0.0 102816.9346
5713.42 5713.42 0.0 102814.1611
5727.56 5727.56 0.0 102811.4006
5741.71 5741.71 0.0 102808.6517
5755.85 5755.85 0.0 102805.9163
5769.99 5769.99 0.0 102803.1964
5784.13 5784.13 0.0 102800.4865
5798.28 5798.28 0.0 102797.7864
5812.42 5812.42 0.0 102795.1031
5826.56 5826.56 0.0 102792.4298
5840.7 5840.7 0.0 102789.7697
5854.84 5854.84 0.0 102787.1206
5868.99 5868.99 0.0 102784.4818
5883.13 5883.13 0.0 102781.8575
5897.27 5897.27 0.0 102779.2449
5911.41 5911.41 0.0 102776.6444
5925.55 5925.55 0.0 102774.0543
5939.7 5939.7 0.0 102771.4756
5953.84 5953.84 0.0 102768.9071
5967.98 5967.98 0.0 102766.3514
5982.12 5982.12 0.0 102763.8070
5996.27 5996.27 0.0 102761.2726
6010.41 6010.41 0.0 102758.7494
6024.55 6024.55 0.0 102756.2383
6038.69 6038.69 0.0 102753.7369
6052.83 6052.83 0.0 102751.2487
6066.98 6066.98 0.0 102748.7677
6081.12 6081.12 0.0 102746.2983
6095.26 6095.26 0.0 102743.8427
6109.4 6109.4 0.0 102741.3947
6123.54 6123.54 0.0 102738.9569
6137.69 6137.69 0.0 102736.5289
6151.83 6151.83 0.0 102734.1129
6165.97 6165.97 0.0 102731.7051
6180.11 6180.11 0.0 102729.3096
6194.26 6194.26 0.0 102726.9233
6208.4 6208.4 0.0 102724.5479
6222.54 6222.54 0.0 102722.1818
6236.68 6236.68 0.0 102719.8256
6250.82 6250.82 0.0 102717.4807
6264.97 6264.97 0.0 102715.1417
6279.11 6279.11 0.0 102712.8173
6293.25 6293.25 0.0 102710.5002
6307.39 6307.39 0.0 102708.1946
6321.53 6321.53 0.0 102705.8983
6335.68 6335.68 0.0 102703.6089
6349.82 6349.82 0.0 102701.3319
6363.96 6363.96 0.0 102699.0634
6378.1 6378.1 0.0 102696.8063
6392.25 6392.25 0.0 102694.5554
6406.39 6406.39 0.0 102692.3170
6420.53 6420.53 0.0 102690.0859
6434.67 6434.67 0.0 102687.8663
6448.81 6448.81 0.0 102685.6556
6462.96 6462.96 0.0 102683.4524
6477.1 6477.1 0.0 102681.2596
6491.24 6491.24 0.0 102679.0770
6505.38 6505.38 0.0 102676.9030
6519.52 6519.52 0.0 102674.7383
6533.67 6533.67 0.0 102672.5828
6547.81 6547.81 0.0 102670.4379
6561.95 6561.95 0.0 102668.3013
6576.09 6576.09 0.0 102666.1747
6590.24 6590.24 0.0 102664.0538
6604.38 6604.38 0.0 102661.9429
6618.52 6618.52 0.0 102659.8447
6632.66 6632.66 0.0 102657.7550
6646.8 6646.8 0.0 102655.6736
6660.95 6660.95 0.0 102653.6016
6675.09 6675.09 0.0 102651.5375
6689.23 6689.23 0.0 102649.4839
6703.37 6703.37 0.0 102647.4393
6717.51 6717.51 0.0 102645.4049
6731.66 6731.66 0.0 102643.3779
6745.8 6745.8 0.0 102641.3615
6759.94 6759.94 0.0 102639.3527
6774.08 6774.08 0.0 102637.3550
6788.23 6788.23 0.0 102635.3654
6802.37 6802.37 0.0 102633.3854
6816.51 6816.51 0.0 102631.4149
6830.65 6830.65 0.0 102629.4528
6844.79 6844.79 0.0 102627.5013
6858.94 6858.94 0.0 102625.5568
6873.08 6873.08 0.0 102623.6234
6887.22 6887.22 0.0 102621.6992
6901.36 6901.36 0.0 102619.7843
6915.5 6915.5 0.0 102617.8804
6929.65 6929.65 0.0 102615.9824
6943.79 6943.79 0.0 102614.0969
6957.93 6957.93 0.0 102612.2198
6972.07 6972.07 0.0 102610.3516
6986.21 6986.21 0.0 102608.4945
