0.0 0.0 0.0 995065.1875
14.1421 14.1421 0.0 1032259.1250
28.2843 28.2843 0.0 989429.3125
42.4264 42.4264 0.0 935036.5625
56.5685 56.5685 0.0 875527.4375
70.7107 70.7107 0.0 814802.3750
84.8528 84.8528 0.0 754938.9375
98.9949 98.9949 0.0 696778.0625
113.137 113.137 0.0 640644.9375
127.279 127.279 0.0 586887.2188
141.421 141.421 0.0 536090.6250
155.563 155.563 0.0 488997.2812
169.706 169.706 0.0 446273.8438
183.848 183.848 0.0 408321.7500
197.99 197.99 0.0 375183.5312
212.132 212.132 0.0 346601.2500
226.274 226.274 0.0 322119.7188
240.416 240.416 0.0 301196.2344
254.558 254.558 0.0 283282.5156
268.701 268.701 0.0 267874.3125
282.843 282.843 0.0 254536.3281
296.985 296.985 0.0 242901.9062
311.127 311.127 0.0 232671.9531
325.269 325.269 0.0 223605.7109
339.411 339.411 0.0 215510.4609
353.553 353.553 0.0 208232.5234
367.696 367.696 0.0 201649.0391
381.838 381.838 0.0 195662.7500
395.98 395.98 0.0 190194.2109
410.122 410.122 0.0 185179.1797
424.264 424.264 0.0 180564.9609
438.406 438.406 0.0 176307.7344
452.548 452.548 0.0 172370.7656
466.69 466.69 0.0 168722.7812
480.833 480.833 0.0 165336.5000
494.975 494.975 0.0 162189.0430
509.117 509.117 0.0 159259.4648
523.259 523.259 0.0 156529.5352
537.401 537.401 0.0 153982.9453
551.543 551.543 0.0 151604.9258
565.685 565.685 0.0 149382.3516
579.828 579.828 0.0 147303.0078
593.97 593.97 0.0 145356.3242
608.112 608.112 0.0 143532.1719
622.254 622.254 0.0 141821.4766
636.396 636.396 0.0 140215.9258
650.538 650.538 0.0 138707.8906
664.68 664.68 0.0 137290.3906
678.823 678.823 0.0 135956.9219
692.965 692.965 0.0 134701.7031
707.107 707.107 0.0 133519.2969
721.249 721.249 0.0 132404.5898
735.391 735.391 0.0 131353.0078
749.533 749.533 0.0 130360.2871
763.675 763.675 0.0 129422.4844
777.817 777.817 0.0 128535.9707
791.96 791.96 0.0 127697.3145
806.102 806.102 0.0 126903.4785
820.244 820.244 0.0 126151.5352
834.386 834.386 0.0 125438.7539
848.528 848.528 0.0 124762.6289
862.67 862.67 0.0 124120.7949
876.812 876.812 0.0 123511.0449
890.955 890.955 0.0 122931.2207
905.097 905.097 0.0 122379.4453
919.239 919.239 0.0 121853.7930
933.381 933.381 0.0 121352.4473
947.523 947.523 0.0 120873.6758
961.665 961.665 0.0 120415.7949
975.807 975.807 0.0 119977.2031
989.949 989.949 0.0 119556.3438
1004.09 1004.09 0.0 119151.7012
1018.23 1018.23 0.0 118761.8535
1032.38 1032.38 0.0 118385.0898
1046.52 1046.52 0.0 118020.6602
1060.66 1060.66 0.0 117667.0273
1074.8 1074.8 0.0 117323.1025
1088.94 1088.94 0.0 116987.8936
1103.09 1103.09 0.0 116660.2939
1117.23 1117.23 0.0 116340.0762
1131.37 1131.37 0.0 116026.4766
1145.51 1145.51 0.0 115719.1338
1159.66 1159.66 0.0 115417.6230
1173.8 1173.8 0.0 115122.3330
1187.94 1187.94 0.0 114833.1504
1202.08 1202.08 0.0 114550.3008
1216.22 1216.22 0.0 114274.0732
1230.37 1230.37 0.0 114004.6182
1244.51 1244.51 0.0 113742.6748
1258.65 1258.65 0.0 113488.3262
1272.79 1272.79 0.0 113241.8096
1286.93 1286.93 0.0 113003.2773
1301.08 1301.08 0.0 112772.5527
1315.22 1315.22 0.0 112549.8682
1329.36 1329.36 0.0 112334.8320
1343.5 1343.5 0.0 112127.1670
1357.65 1357.65 0.0 111926.3750
1371.79 1371.79 0.0 111732.3750
1385.93 1385.93 0.0 111544.6904
1400.07 1400.07 0.0 111363.0400
1414.21 1414.21 0.0 111187.2090
1428.36 1428.36 0.0 111016.9258
1442.5 1442.5 0.0 110852.3447
1456.64 1456.64 0.0 110693.3193
1470.78 1470.78 0.0 110539.8438
1484.92 1484.92 0.0 110391.9277
1499.07 1499.07 0.0 110249.4736
1513.21 1513.21 0.0 110112.6699
1527.35 1527.35 0.0 109981.3887
1541.49 1541.49 0.0 109855.5771
1555.63 1555.63 0.0 109735.1699
1569.78 1569.78 0.0 109619.9844
1583.92 1583.92 0.0 109510.0776
1598.06 1598.06 0.0 109405.2666
1612.2 1612.2 0.0 109305.3906
1626.35 1626.35 0.0 109210.2578
1640.49 1640.49 0.0 109119.8403
1654.63 1654.63 0.0 109033.9160
1668.77 1668.77 0.0 108952.3330
1682.91 1682.91 0.0 108874.9014
1697.06 1697.06 0.0 108801.4102
1711.2 1711.2 0.0 108731.7803
1725.34 1725.34 0.0 108665.7808
1739.48 1739.48 0.0 108603.2305
1753.62 1753.62 0.0 108543.9507
1767.77 1767.77 0.0 108487.7285
1781.91 1781.91 0.0 108434.4614
1796.05 1796.05 0.0 108383.9404
1810.19 1810.19 0.0 108335.9888
1824.34 1824.34 0.0 108290.4131
1838.48 1838.48 0.0 108247.1196
1852.62 1852.62 0.0 108205.9155
1866.76 1866.76 0.0 108166.6592
1880.9 1880.9 0.0 108129.2100
1895.05 1895.05 0.0 108093.4058
1909.19 1909.19 0.0 108059.1753
1923.33 1923.33 0.0 108026.3779
1937.47 1937.47 0.0 107994.9004
1951.61 1951.61 0.0 107964.6392
1965.76 1965.76 0.0 107935.4863
1979.9 1979.9 0.0 107907.3838
1994.04 1994.04 0.0 107880.2256
2008.18 2008.18 0.0 107853.9365
2022.33 2022.33 0.0 107828.4014
2036.47 2036.47 0.0 107803.5903
2050.61 2050.61 0.0 107779.3960
2064.75 2064.75 0.0 107755.7349
2078.89 2078.89 0.0 107732.5312
2093.04 2093.04 0.0 107709.6816
2107.18 2107.18 0.0 107687.1362
2121.32 2121.32 0.0 107664.8008
2135.46 2135.46 0.0 107642.5903
2149.6 2149.6 0.0 107620.4316
2163.75 2163.75 0.0 107598.2275
2177.89 2177.89 0.0 107575.9595
2192.03 2192.03 0.0 107553.5386
2206.17 2206.17 0.0 107530.9150
2220.32 2220.32 0.0 107508.0298
2234.46 2234.46 0.0 107484.8647
2248.6 2248.6 0.0 107461.3784
2262.74 2262.74 0.0 107437.5430
2276.88 2276.88 0.0 107413.3301
2291.03 2291.03 0.0 107388.7202
2305.17 2305.17 0.0 107363.7300
2319.31 2319.31 0.0 107338.3394
2333.45 2333.45 0.0 107312.5459
2347.59 2347.59 0.0 107286.3521
2361.74 2361.74 0.0 107259.7422
2375.88 2375.88 0.0 107232.7622
2390.02 2390.02 0.0 107205.4004
2404.16 2404.16 0.0 107177.6655
2418.31 2418.31 0.0 107149.5610
2432.45 2432.45 0.0 107121.1187
2446.59 2446.59 0.0 107092.3501
2460.73 2460.73 0.0 107063.2603
2474.87 2474.87 0.0 107033.8691
2489.02 2489.02 0.0 107004.1694
2503.16 2503.16 0.0 106974.2202
2517.3 2517.3 0.0 106944.0117
2531.44 2531.44 0.0 106913.5815
2545.58 2545.58 0.0 106882.9248
2559.73 2559.73 0.0 106852.0601
2573.87 2573.87 0.0 106821.0396
2588.01 2588.01 0.0 106789.8628
2602.15 2602.15 0.0 106758.5596
2616.3 2616.3 0.0 106727.1216
2630.44 2630.44 0.0 106695.6201
2644.58 2644.58 0.0 106664.0654
2658.72 2658.72 0.0 106632.4692
2672.86 2672.86 0.0 106600.8657
2687.01 2687.01 0.0 106569.2505
2701.15 2701.15 0.0 106537.6904
2715.29 2715.29 0.0 106506.2017
2729.43 2729.43 0.0 106474.7993
2743.57 2743.57 0.0 106443.5142
2757.72 2757.72 0.0 106412.3408
2771.86 2771.86 0.0 106381.3569
2786.0 2786.0 0.0 106350.5566
2800.14 2800.14 0.0 106319.9722
2814.28 2814.28 0.0 106289.6104
2828.43 2828.43 0.0 106259.4897
2842.57 2842.57 0.0 106229.6660
2856.71 2856.71 0.0 106200.1328
2870.85 2870.85 0.0 106170.9136
2885.0 2885.0 0.0 106142.0059
2899.14 2899.14 0.0 106113.4702
2913.28 2913.28 0.0 106085.2949
2927.42 2927.42 0.0 106057.5020
2941.56 2941.56 0.0 106030.0977
2955.71 2955.71 0.0 106003.0854
2969.85 2969.85 0.0 105976.4976
2983.99 2983.99 0.0 105950.3423
2998.13 2998.13 0.0 105924.6143
3012.27 3012.27 0.0 105899.3325
3026.42 3026.42 0.0 105874.4736
3040.56 3040.56 0.0 105850.0874
3054.7 3054.7 0.0 105826.1533
3068.84 3068.84 0.0 105802.6797
3082.99 3082.99 0.0 105779.6475
3097.13 3097.13 0.0 105757.0889
3111.27 3111.27 0.0 105734.9897
3125.41 3125.41 0.0 105713.3472
3139.55 3139.55 0.0 105692.1626
3153.7 3153.7 0.0 105671.4136
3167.84 3167.84 0.0 105651.1304
3181.98 3181.98 0.0 105631.2876
3196.12 3196.12 0.0 105611.8804
3210.26 3210.26 0.0 105592.9077
3224.41 3224.41 0.0 105574.3423
3238.55 3238.55 0.0 105556.2119
3252.69 3252.69 0.0 105538.4854
3266.83 3266.83 0.0 105521.1641
3280.98 3280.98 0.0 105504.2207
3295.12 3295.12 0.0 105487.6758
3309.26 3309.26 0.0 105471.5024
3323.4 3323.4 0.0 105455.6963
3337.54 3337.54 0.0 105440.2441
3351.69 3351.69 0.0 105425.1230
3365.83 3365.83 0.0 105410.3564
3379.97 3379.97 0.0 105395.9041
3394.11 3394.11 0.0 105381.7754
3408.25 3408.25 0.0 105367.9500
3422.4 3422.4 0.0 105354.4067
3436.54 3436.54 0.0 105341.1614
3450.68 3450.68 0.0 105328.1899
3464.82 3464.82 0.0 105315.4844
3478.97 3478.97 0.0 105303.0251
3493.11 3493.11 0.0 105290.8240
3507.25 3507.25 0.0 105278.8560
3521.39 3521.39 0.0 105267.1172
3535.53 3535.53 0.0 105255.5957
3549.68 3549.68 0.0 105244.2747
3563.82 3563.82 0.0 105233.1648
3577.96 3577.96 0.0 105222.2471
3592.1 3592.1 0.0 105211.5156
3606.24 3606.24 0.0 105200.9575
3620.39 3620.39 0.0 105190.5640
3634.53 3634.53 0.0 105180.3379
3648.67 3648.67 0.0 105170.2703
3662.81 3662.81 0.0 105160.3462
3676.96 3676.96 0.0 105150.5564
3691.1 3691.1 0.0 105140.9116
3705.24 3705.24 0.0 105131.3945
3719.38 3719.38 0.0 105122.0005
3733.52 3733.52 0.0 105112.7197
3747.67 3747.67 0.0 105103.5496
3761.81 3761.81 0.0 105094.4895
3775.95 3775.95 0.0 105085.5281
3790.09 3790.09 0.0 105076.6628
3804.23 3804.23 0.0 105067.8953
3818.38 3818.38 0.0 105059.2087
3832.52 3832.52 0.0 105050.6074
3846.66 3846.66 0.0 105042.0881
3860.8 3860.8 0.0 105033.6465
3874.95 3874.95 0.0 105025.2642
3889.09 3889.09 0.0 105016.9626
3903.23 3903.23 0.0 105008.7251
3917.37 3917.37 0.0 105000.5500
3931.51 3931.51 0.0 104992.4343
3945.66 3945.66 0.0 104984.3684
3959.8 3959.8 0.0 104976.3616
3973.94 3973.94 0.0 104968.4089
3988.08 3988.08 0.0 104960.5046
4002.22 4002.22 0.0 104952.6448
4016.37 4016.37 0.0 104944.8264
4030.51 4030.51 0.0 104937.0537
4044.65 4044.65 0.0 104929.3237
4058.79 4058.79 0.0 104921.6306
4072.94 4072.94 0.0 104913.9695
4087.08 4087.08 0.0 104906.3484
4101.22 4101.22 0.0 104898.7639
4115.36 4115.36 0.0 104891.2087
4129.5 4129.5 0.0 104883.6870
4143.65 4143.65 0.0 104876.1841
4157.79 4157.79 0.0 104868.7205
4171.93 4171.93 0.0 104861.2827
4186.07 4186.07 0.0 104853.8674
4200.21 4200.21 0.0 104846.4810
4214.36 4214.36 0.0 104839.1099
4228.5 4228.5 0.0 104831.7712
4242.64 4242.64 0.0 104824.4492
