0.0 0.0 0.0 983866.6250
14.1421 14.1421 0.0 997632.4375
28.2843 28.2843 0.0 938662.3125
42.4264 42.4264 0.0 867124.9375
56.5685 56.5685 0.0 792693.3750
70.7107 70.7107 0.0 719664.1250
84.8528 84.8528 0.0 649208.9375
98.9949 98.9949 0.0 581846.4688
113.137 113.137 0.0 518791.0312
127.279 127.279 0.0 461799.2812
141.421 141.421 0.0 412264.2188
155.563 155.563 0.0 370599.7500
169.706 169.706 0.0 336276.8906
183.848 183.848 0.0 308239.6875
197.99 197.99 0.0 285289.1562
212.132 212.132 0.0 266332.3750
226.274 226.274 0.0 250472.1562
240.416 240.416 0.0 237013.3594
254.558 254.558 0.0 225434.1172
268.701 268.701 0.0 215346.9453
282.843 282.843 0.0 206467.8281
296.985 296.985 0.0 198583.3750
311.127 311.127 0.0 191533.5781
325.269 325.269 0.0 185195.5391
339.411 339.411 0.0 179473.0234
353.553 353.553 0.0 174288.7344
367.696 367.696 0.0 169578.8594
381.838 381.838 0.0 165290.9258
395.98 395.98 0.0 161379.1953
410.122 410.122 0.0 157804.3359
424.264 424.264 0.0 154532.1211
438.406 438.406 0.0 151532.2109
452.548 452.548 0.0 148777.8164
466.69 466.69 0.0 146245.0781
480.833 480.833 0.0 143912.5781
494.975 494.975 0.0 141761.7188
509.117 509.117 0.0 139775.3516
523.259 523.259 0.0 137938.3516
537.401 537.401 0.0 136237.2070
551.543 551.543 0.0 134659.8008
565.685 565.685 0.0 133195.3047
579.828 579.828 0.0 131833.9492
593.97 593.97 0.0 130567.1543
608.112 608.112 0.0 129387.1133
622.254 622.254 0.0 128286.7168
636.396 636.396 0.0 127259.6758
650.538 650.538 0.0 126300.2812
664.68 664.68 0.0 125403.3613
678.823 678.823 0.0 124564.1504
692.965 692.965 0.0 123778.5195
707.107 707.107 0.0 123042.4941
721.249 721.249 0.0 122352.5176
735.391 735.391 0.0 121705.2891
749.533 749.533 0.0 121097.7812
763.675 763.675 0.0 120527.1797
777.817 777.817 0.0 119990.8809
791.96 791.96 0.0 119486.3672
806.102 806.102 0.0 119011.4414
820.244 820.244 0.0 118563.9375
834.386 834.386 0.0 118141.7910
848.528 848.528 0.0 117743.1035
862.67 862.67 0.0 117366.1221
876.812 876.812 0.0 117009.1094
890.955 890.955 0.0 116670.5068
905.097 905.097 0.0 116348.8760
919.239 919.239 0.0 116042.8662
933.381 933.381 0.0 115751.2441
947.523 947.523 0.0 115472.9014
961.665 961.665 0.0 115206.8760
975.807 975.807 0.0 114952.3115
989.949 989.949 0.0 114708.5049
1004.09 1004.09 0.0 114474.8877
1018.23 1018.23 0.0 114250.9531
1032.38 1032.38 0.0 114036.1855
1046.52 1046.52 0.0 113830.5820
1060.66 1060.66 0.0 113633.7354
1074.8 1074.8 0.0 113445.4014
1088.94 1088.94 0.0 113265.3604
1103.09 1103.09 0.0 113093.1846
1117.23 1117.23 0.0 112928.7432
1131.37 1131.37 0.0 112771.4346
1145.51 1145.51 0.0 112620.6279
1159.66 1159.66 0.0 112475.4766
1173.8 1173.8 0.0 112335.2871
1187.94 1187.94 0.0 112198.9531
1202.08 1202.08 0.0 112065.3936
1216.22 1216.22 0.0 111933.4668
1230.37 1230.37 0.0 111802.0049
1244.51 1244.51 0.0 111670.1787
1258.65 1258.65 0.0 111537.0625
1272.79 1272.79 0.0 111401.9541
1286.93 1286.93 0.0 111264.4395
1301.08 1301.08 0.0 111124.2217
1315.22 1315.22 0.0 110981.5303
1329.36 1329.36 0.0 110836.5098
1343.5 1343.5 0.0 110689.5889
1357.65 1357.65 0.0 110541.1816
1371.79 1371.79 0.0 110392.1465
1385.93 1385.93 0.0 110243.0195
1400.07 1400.07 0.0 110094.4951
1414.21 1414.21 0.0 109947.2217
1428.36 1428.36 0.0 109801.7471
1442.5 1442.5 0.0 109658.8623
1456.64 1456.64 0.0 109519.0068
1470.78 1470.78 0.0 109382.6753
1484.92 1484.92 0.0 109250.2974
1499.07 1499.07 0.0 109122.1699
1513.21 1513.21 0.0 108998.7773
1527.35 1527.35 0.0 108880.3120
1541.49 1541.49 0.0 108766.9526
1555.63 1555.63 0.0 108658.8687
1569.78 1569.78 0.0 108556.0752
1583.92 1583.92 0.0 108458.7607
1598.06 1598.06 0.0 108366.8218
1612.2 1612.2 0.0 108280.2231
1626.35 1626.35 0.0 108198.7939
1640.49 1640.49 0.0 108122.5068
1654.63 1654.63 0.0 108051.1216
1668.77 1668.77 0.0 107984.4321
1682.91 1682.91 0.0 107922.1821
1697.06 1697.06 0.0 107864.0791
1711.2 1711.2 0.0 107809.9155
1725.34 1725.34 0.0 107759.3638
1739.48 1739.48 0.0 107712.0972
1753.62 1753.62 0.0 107667.8237
1767.77 1767.77 0.0 107626.1948
1781.91 1781.91 0.0 107586.9688
1796.05 1796.05 0.0 107549.8242
1810.19 1810.19 0.0 107514.4580
1824.34 1824.34 0.0 107480.5913
1838.48 1838.48 0.0 107448.0034
1852.62 1852.62 0.0 107416.4453
1866.76 1866.76 0.0 107385.6968
1880.9 1880.9 0.0 107355.5596
1895.05 1895.05 0.0 107325.8423
1909.19 1909.19 0.0 107296.4355
1923.33 1923.33 0.0 107267.1787
1937.47 1937.47 0.0 107237.9771
1951.61 1951.61 0.0 107208.7402
1965.76 1965.76 0.0 107179.3711
1979.9 1979.9 0.0 107149.8770
1994.04 1994.04 0.0 107120.2085
2008.18 2008.18 0.0 107090.3516
2022.33 2022.33 0.0 107060.2954
2036.47 2036.47 0.0 107030.0972
2050.61 2050.61 0.0 106999.7773
2064.75 2064.75 0.0 106969.3706
2078.89 2078.89 0.0 106938.9326
2093.04 2093.04 0.0 106908.4897
2107.18 2107.18 0.0 106878.1489
2121.32 2121.32 0.0 106847.9512
2135.46 2135.46 0.0 106817.9429
2149.6 2149.6 0.0 106788.1968
2163.75 2163.75 0.0 106758.7324
2177.89 2177.89 0.0 106729.6445
2192.03 2192.03 0.0 106700.9448
2206.17 2206.17 0.0 106672.6826
2220.32 2220.32 0.0 106644.8540
2234.46 2234.46 0.0 106617.5244
2248.6 2248.6 0.0 106590.6885
2262.74 2262.74 0.0 106564.3569
2276.88 2276.88 0.0 106538.5283
2291.03 2291.03 0.0 106513.1846
2305.17 2305.17 0.0 106488.3516
2319.31 2319.31 0.0 106463.9995
2333.45 2333.45 0.0 106440.1113
2347.59 2347.59 0.0 106416.6665
2361.74 2361.74 0.0 106393.6328
2375.88 2375.88 0.0 106371.0142
2390.02 2390.02 0.0 106348.7783
2404.16 2404.16 0.0 106326.8906
2418.31 2418.31 0.0 106305.3203
2432.45 2432.45 0.0 106284.0620
2446.59 2446.59 0.0 106263.0923
2460.73 2460.73 0.0 106242.3716
2474.87 2474.87 0.0 106221.8892
2489.02 2489.02 0.0 106201.6055
2503.16 2503.16 0.0 106181.5352
2517.3 2517.3 0.0 106161.6411
2531.44 2531.44 0.0 106141.9141
2545.58 2545.58 0.0 106122.3354
2559.73 2559.73 0.0 106102.8789
2573.87 2573.87 0.0 106083.5649
2588.01 2588.01 0.0 106064.3760
2602.15 2602.15 0.0 106045.2959
2616.3 2616.3 0.0 106026.3145
2630.44 2630.44 0.0 106007.4517
2644.58 2644.58 0.0 105988.6958
2658.72 2658.72 0.0 105970.0405
2672.86 2672.86 0.0 105951.4912
2687.01 2687.01 0.0 105933.0308
2701.15 2701.15 0.0 105914.6963
2715.29 2715.29 0.0 105896.4736
2729.43 2729.43 0.0 105878.3604
2743.57 2743.57 0.0 105860.3789
2757.72 2757.72 0.0 105842.5073
2771.86 2771.86 0.0 105824.7783
2786.0 2786.0 0.0 105807.1890
2800.14 2800.14 0.0 105789.7412
2814.28 2814.28 0.0 105772.4497
2828.43 2828.43 0.0 105755.3008
2842.57 2842.57 0.0 105738.3247
2856.71 2856.71 0.0 105721.5146
2870.85 2870.85 0.0 105704.8867
2885.0 2885.0 0.0 105688.4214
2899.14 2899.14 0.0 105672.1538
2913.28 2913.28 0.0 105656.0791
2927.42 2927.42 0.0 105640.1914
2941.56 2941.56 0.0 105624.5049
2955.71 2955.71 0.0 105609.0073
2969.85 2969.85 0.0 105593.7197
2983.99 2983.99 0.0 105578.6431
2998.13 2998.13 0.0 105563.7744
3012.27 3012.27 0.0 105549.1045
3026.42 3026.42 0.0 105534.6396
3040.56 3040.56 0.0 105520.3916
3054.7 3054.7 0.0 105506.3491
3068.84 3068.84 0.0 105492.5122
3082.99 3082.99 0.0 105478.8687
3097.13 3097.13 0.0 105465.4375
3111.27 3111.27 0.0 105452.2090
3125.41 3125.41 0.0 105439.1753
3139.55 3139.55 0.0 105426.3325
3153.7 3153.7 0.0 105413.6743
3167.84 3167.84 0.0 105401.2061
3181.98 3181.98 0.0 105388.9229
3196.12 3196.12 0.0 105376.8152
3210.26 3210.26 0.0 105364.8767
3224.41 3224.41 0.0 105353.0977
3238.55 3238.55 0.0 105341.4883
3252.69 3252.69 0.0 105330.0308
3266.83 3266.83 0.0 105318.7273
3280.98 3280.98 0.0 105307.5579
3295.12 3295.12 0.0 105296.5334
3309.26 3309.26 0.0 105285.6448
3323.4 3323.4 0.0 105274.8821
3337.54 3337.54 0.0 105264.2378
3351.69 3351.69 0.0 105253.7070
3365.83 3365.83 0.0 105243.2915
3379.97 3379.97 0.0 105232.9785
3394.11 3394.11 0.0 105222.7629
3408.25 3408.25 0.0 105212.6477
3422.4 3422.4 0.0 105202.6033
3436.54 3436.54 0.0 105192.6509
3450.68 3450.68 0.0 105182.7771
3464.82 3464.82 0.0 105172.9727
3478.97 3478.97 0.0 105163.2295
3493.11 3493.11 0.0 105153.5581
3507.25 3507.25 0.0 105143.9387
3521.39 3521.39 0.0 105134.3740
3535.53 3535.53 0.0 105124.8584
3549.68 3549.68 0.0 105115.3831
3563.82 3563.82 0.0 105105.9509
3577.96 3577.96 0.0 105096.5566
3592.1 3592.1 0.0 105087.1985
3606.24 3606.24 0.0 105077.8650
3620.39 3620.39 0.0 105068.5544
3634.53 3634.53 0.0 105059.2725
3648.67 3648.67 0.0 105050.0098
3662.81 3662.81 0.0 105040.7649
3676.96 3676.96 0.0 105031.5288
3691.1 3691.1 0.0 105022.3137
3705.24 3705.24 0.0 105013.1042
3719.38 3719.38 0.0 105003.9050
3733.52 3733.52 0.0 104994.7114
3747.67 3747.67 0.0 104985.5112
3761.81 3761.81 0.0 104976.3235
3775.95 3775.95 0.0 104967.1382
3790.09 3790.09 0.0 104957.9478
3804.23 3804.23 0.0 104948.7568
3818.38 3818.38 0.0 104939.5596
3832.52 3832.52 0.0 104930.3584
3846.66 3846.66 0.0 104921.1565
3860.8 3860.8 0.0 104911.9438
3874.95 3874.95 0.0 104902.7261
3889.09 3889.09 0.0 104893.5012
3903.23 3903.23 0.0 104884.2698
3917.37 3917.37 0.0 104875.0315
3931.51 3931.51 0.0 104865.7866
3945.66 3945.66 0.0 104856.5276
3959.8 3959.8 0.0 104847.2654
3973.94 3973.94 0.0 104837.9963
3988.08 3988.08 0.0 104828.7212
4002.22 4002.22 0.0 104819.4355
4016.37 4016.37 0.0 104810.1382
4030.51 4030.51 0.0 104800.8369
4044.65 4044.65 0.0 104791.5312
4058.79 4058.79 0.0 104782.2205
4072.94 4072.94 0.0 104772.8955
4087.08 4087.08 0.0 104763.5762
4101.22 4101.22 0.0 104754.2490
4115.36 4115.36 0.0 104744.9194
4129.5 4129.5 0.0 104735.5879
4143.65 4143.65 0.0 104726.2471
4157.79 4157.79 0.0 104716.9165
4171.93 4171.93 0.0 104707.5820
4186.07 4186.07 0.0 104698.2493
4200.21 4200.21 0.0 104688.9131
4214.36 4214.36 0.0 104679.5776
4228.5 4228.5 0.0 104670.2517
4242.64 4242.64 0.0 104660.9265
