0.0 0.0 0.0 324895.0938
14.1421 14.1421 0.0 325818.1562
28.2843 28.2843 0.0 324588.0781
42.4264 42.4264 0.0 323557.6094
56.5685 56.5685 0.0 322366.5000
70.7107 70.7107 0.0 320964.0469
84.8528 84.8528 0.0 319352.0156
98.9949 98.9949 0.0 317544.0781
113.137 113.137 0.0 315555.8906
127.279 127.279 0.0 313403.0625
141.421 141.421 0.0 311100.5469
155.563 155.563 0.0 308662.2344
169.706 169.706 0.0 306101.1719
183.848 183.848 0.0 303430.2656
197.99 197.99 0.0 300661.0000
212.132 212.132 0.0 297804.9062
226.274 226.274 0.0 294872.8438
240.416 240.416 0.0 291875.0000
254.558 254.558 0.0 288821.4062
268.701 268.701 0.0 285721.2031
282.843 282.843 0.0 282583.9844
296.985 296.985 0.0 279418.0781
311.127 311.127 0.0 276231.7500
325.269 325.269 0.0 273032.8125
339.411 339.411 0.0 269828.5469
353.553 353.553 0.0 266625.9531
367.696 367.696 0.0 263431.3125
381.838 381.838 0.0 260250.9688
395.98 395.98 0.0 257090.4375
410.122 410.122 0.0 253955.0312
424.264 424.264 0.0 250849.4219
438.406 438.406 0.0 247778.0625
452.548 452.548 0.0 244745.0000
466.69 466.69 0.0 241753.7500
480.833 480.833 0.0 238807.4688
494.975 494.975 0.0 235909.5156
509.117 509.117 0.0 233062.1875
523.259 523.259 0.0 230267.9062
537.401 537.401 0.0 227528.5391
551.543 551.543 0.0 224845.9141
565.685 565.685 0.0 222221.3906
579.828 579.828 0.0 219656.0625
593.97 593.97 0.0 217151.1953
608.112 608.112 0.0 214707.4141
622.254 622.254 0.0 212325.2812
636.396 636.396 0.0 210005.0938
650.538 650.538 0.0 207747.0547
664.68 664.68 0.0 205551.0625
678.823 678.823 0.0 203416.8516
692.965 692.965 0.0 201344.3359
707.107 707.107 0.0 199332.8359
721.249 721.249 0.0 197381.6641
735.391 735.391 0.0 195490.0078
749.533 749.533 0.0 193656.9609
763.675 763.675 0.0 191881.4453
777.817 777.817 0.0 190162.2188
791.96 791.96 0.0 188497.8516
806.102 806.102 0.0 186887.1172
820.244 820.244 0.0 185328.3672
834.386 834.386 0.0 183819.9531
848.528 848.528 0.0 182360.1250
862.67 862.67 0.0 180946.9766
876.812 876.812 0.0 179578.6875
890.955 890.955 0.0 178253.0703
905.097 905.097 0.0 176968.2500
919.239 919.239 0.0 175721.9688
933.381 933.381 0.0 174511.9844
947.523 947.523 0.0 173336.0625
961.665 961.665 0.0 172191.8203
975.807 975.807 0.0 171076.8438
989.949 989.949 0.0 169988.7969
1004.09 1004.09 0.0 168925.2500
1018.23 1018.23 0.0 167883.7500
1032.38 1032.38 0.0 166861.0156
1046.52 1046.52 0.0 165856.0742
1060.66 1060.66 0.0 164865.6523
1074.8 1074.8 0.0 163887.4141
1088.94 1088.94 0.0 162918.9531
1103.09 1103.09 0.0 161957.3086
1117.23 1117.23 0.0 161001.5156
1131.37 1131.37 0.0 160048.8086
1145.51 1145.51 0.0 159097.1719
1159.66 1159.66 0.0 158143.9883
1173.8 1173.8 0.0 157188.8438
1187.94 1187.94 0.0 156229.5547
1202.08 1202.08 0.0 155264.6758
1216.22 1216.22 0.0 154293.0664
1230.37 1230.37 0.0 153313.0859
1244.51 1244.51 0.0 152325.4648
1258.65 1258.65 0.0 151329.0938
1272.79 1272.79 0.0 150323.8359
1286.93 1286.93 0.0 149309.9062
1301.08 1301.08 0.0 148287.0742
1315.22 1315.22 0.0 147257.5547
1329.36 1329.36 0.0 146221.7812
1343.5 1343.5 0.0 145181.2422
1357.65 1357.65 0.0 144136.8438
1371.79 1371.79 0.0 143092.1016
1385.93 1385.93 0.0 142048.5469
1400.07 1400.07 0.0 141008.6562
1414.21 1414.21 0.0 139975.0703
1428.36 1428.36 0.0 138949.8750
1442.5 1442.5 0.0 137937.4453
1456.64 1456.64 0.0 136939.9375
1470.78 1470.78 0.0 135960.3086
1484.92 1484.92 0.0 135001.4883
1499.07 1499.07 0.0 134065.5977
1513.21 1513.21 0.0 133156.6816
1527.35 1527.35 0.0 132276.5801
1541.49 1541.49 0.0 131427.6602
1555.63 1555.63 0.0 130612.0762
1569.78 1569.78 0.0 129831.2148
1583.92 1583.92 0.0 129087.8750
1598.06 1598.06 0.0 128382.9473
1612.2 1612.2 0.0 127717.6348
1626.35 1626.35 0.0 127092.4648
1640.49 1640.49 0.0 126509.0020
1654.63 1654.63 0.0 125967.1816
1668.77 1668.77 0.0 125467.0977
1682.91 1682.91 0.0 125008.4961
1697.06 1697.06 0.0 124590.4961
1711.2 1711.2 0.0 124212.6914
1725.34 1725.34 0.0 123873.3047
1739.48 1739.48 0.0 123570.4141
1753.62 1753.62 0.0 123301.5586
1767.77 1767.77 0.0 123063.5723
1781.91 1781.91 0.0 122853.2754
1796.05 1796.05 0.0 122666.4258
1810.19 1810.19 0.0 122498.5254
1824.34 1824.34 0.0 122344.7148
1838.48 1838.48 0.0 122200.2891
1852.62 1852.62 0.0 122060.3496
1866.76 1866.76 0.0 121920.3867
1880.9 1880.9 0.0 121776.5742
1895.05 1895.05 0.0 121625.7383
1909.19 1909.19 0.0 121465.9727
1923.33 1923.33 0.0 121296.1602
1937.47 1937.47 0.0 121116.2168
1951.61 1951.61 0.0 120927.0527
1965.76 1965.76 0.0 120730.0254
1979.9 1979.9 0.0 120527.4141
1994.04 1994.04 0.0 120321.3086
2008.18 2008.18 0.0 120113.9121
2022.33 2022.33 0.0 119907.0898
2036.47 2036.47 0.0 119702.8965
2050.61 2050.61 0.0 119502.5781
2064.75 2064.75 0.0 119307.1484
2078.89 2078.89 0.0 119117.3086
2093.04 2093.04 0.0 118933.3535
2107.18 2107.18 0.0 118755.7129
2121.32 2121.32 0.0 118584.2578
2135.46 2135.46 0.0 118418.8691
2149.6 2149.6 0.0 118259.3281
2163.75 2163.75 0.0 118105.3008
2177.89 2177.89 0.0 117956.7129
2192.03 2192.03 0.0 117813.1797
2206.17 2206.17 0.0 117674.4326
2220.32 2220.32 0.0 117540.1025
2234.46 2234.46 0.0 117410.1309
2248.6 2248.6 0.0 117284.2051
2262.74 2262.74 0.0 117162.0898
2276.88 2276.88 0.0 117043.5625
2291.03 2291.03 0.0 116928.3291
2305.17 2305.17 0.0 116816.3682
2319.31 2319.31 0.0 116707.3369
2333.45 2333.45 0.0 116601.0615
2347.59 2347.59 0.0 116497.2676
2361.74 2361.74 0.0 116395.6777
2375.88 2375.88 0.0 116296.1660
2390.02 2390.02 0.0 116198.4121
2404.16 2404.16 0.0 116102.1309
2418.31 2418.31 0.0 116006.9619
2432.45 2432.45 0.0 115912.7393
2446.59 2446.59 0.0 115819.0908
2460.73 2460.73 0.0 115725.6768
2474.87 2474.87 0.0 115632.2041
2489.02 2489.02 0.0 115538.2559
2503.16 2503.16 0.0 115443.6309
2517.3 2517.3 0.0 115347.9639
2531.44 2531.44 0.0 115250.9229
2545.58 2545.58 0.0 115152.2256
2559.73 2559.73 0.0 115051.5039
2573.87 2573.87 0.0 114948.6465
2588.01 2588.01 0.0 114843.3389
2602.15 2602.15 0.0 114735.3789
2616.3 2616.3 0.0 114624.5127
2630.44 2630.44 0.0 114510.7598
2644.58 2644.58 0.0 114393.9424
2658.72 2658.72 0.0 114273.9990
2672.86 2672.86 0.0 114150.9082
2687.01 2687.01 0.0 114024.5977
2701.15 2701.15 0.0 113895.3174
2715.29 2715.29 0.0 113763.0762
2729.43 2729.43 0.0 113628.0146
2743.57 2743.57 0.0 113490.3213
2757.72 2757.72 0.0 113350.1006
2771.86 2771.86 0.0 113207.8027
2786.0 2786.0 0.0 113063.5938
2800.14 2800.14 0.0 112917.7617
2814.28 2814.28 0.0 112770.6211
2828.43 2828.43 0.0 112622.3896
2842.57 2842.57 0.0 112473.6045
2856.71 2856.71 0.0 112324.4844
2870.85 2870.85 0.0 112175.3594
2885.0 2885.0 0.0 112026.4492
2899.14 2899.14 0.0 111878.2715
2913.28 2913.28 0.0 111731.0322
2927.42 2927.42 0.0 111585.0010
2941.56 2941.56 0.0 111440.4414
2955.71 2955.71 0.0 111297.4922
2969.85 2969.85 0.0 111156.5908
2983.99 2983.99 0.0 111017.8262
2998.13 2998.13 0.0 110881.3662
3012.27 3012.27 0.0 110747.3711
3026.42 3026.42 0.0 110615.8828
3040.56 3040.56 0.0 110487.1895
3054.7 3054.7 0.0 110361.3008
3068.84 3068.84 0.0 110238.2715
3082.99 3082.99 0.0 110118.0918
3097.13 3097.13 0.0 110000.9463
3111.27 3111.27 0.0 109886.7930
3125.41 3125.41 0.0 109775.6328
3139.55 3139.55 0.0 109667.4619
3153.7 3153.7 0.0 109562.1963
3167.84 3167.84 0.0 109459.9492
3181.98 3181.98 0.0 109360.6279
3196.12 3196.12 0.0 109264.1914
3210.26 3210.26 0.0 109170.5898
3224.41 3224.41 0.0 109079.7095
3238.55 3238.55 0.0 108991.6177
3252.69 3252.69 0.0 108906.1938
3266.83 3266.83 0.0 108823.3706
3280.98 3280.98 0.0 108743.0352
3295.12 3295.12 0.0 108665.2231
3309.26 3309.26 0.0 108589.8125
3323.4 3323.4 0.0 108516.7314
3337.54 3337.54 0.0 108445.9053
3351.69 3351.69 0.0 108377.2222
3365.83 3365.83 0.0 108310.6924
3379.97 3379.97 0.0 108246.2148
3394.11 3394.11 0.0 108183.7070
3408.25 3408.25 0.0 108123.1011
3422.4 3422.4 0.0 108064.2881
3436.54 3436.54 0.0 108007.2808
3450.68 3450.68 0.0 107951.9663
3464.82 3464.82 0.0 107898.2964
3478.97 3478.97 0.0 107846.1489
3493.11 3493.11 0.0 107795.5464
3507.25 3507.25 0.0 107746.4033
3521.39 3521.39 0.0 107698.6411
3535.53 3535.53 0.0 107652.2104
3549.68 3549.68 0.0 107607.0337
3563.82 3563.82 0.0 107563.1123
3577.96 3577.96 0.0 107520.3633
3592.1 3592.1 0.0 107478.7480
3606.24 3606.24 0.0 107438.2080
3620.39 3620.39 0.0 107398.6792
3634.53 3634.53 0.0 107360.1772
3648.67 3648.67 0.0 107322.6196
3662.81 3662.81 0.0 107285.9834
3676.96 3676.96 0.0 107250.1963
3691.1 3691.1 0.0 107215.2783
3705.24 3705.24 0.0 107181.1694
3719.38 3719.38 0.0 107147.8335
3733.52 3733.52 0.0 107115.2515
3747.67 3747.67 0.0 107083.3628
3761.81 3761.81 0.0 107052.1938
3775.95 3775.95 0.0 107021.6914
3790.09 3790.09 0.0 106991.8364
3804.23 3804.23 0.0 106962.5957
3818.38 3818.38 0.0 106933.9399
3832.52 3832.52 0.0 106905.8857
3846.66 3846.66 0.0 106878.3892
3860.8 3860.8 0.0 106851.4478
3874.95 3874.95 0.0 106825.0054
3889.09 3889.09 0.0 106799.1035
3903.23 3903.23 0.0 106773.6982
3917.37 3917.37 0.0 106748.7852
3931.51 3931.51 0.0 106724.3374
3945.66 3945.66 0.0 106700.3369
3959.8 3959.8 0.0 106676.8042
3973.94 3973.94 0.0 106653.7139
3988.08 3988.08 0.0 106631.0508
4002.22 4002.22 0.0 106608.8105
4016.37 4016.37 0.0 106586.9639
4030.51 4030.51 0.0 106565.5479
4044.65 4044.65 0.0 106544.5176
4058.79 4058.79 0.0 106523.8848
4072.94 4072.94 0.0 106503.6196
4087.08 4087.08 0.0 106483.7500
4101.22 4101.22 0.0 106464.2490
4115.36 4115.36 0.0 106445.1089
4129.5 4129.5 0.0 106426.3359
4143.65 4143.65 0.0 106407.9053
4157.79 4157.79 0.0 106389.8296
4171.93 4171.93 0.0 106372.1060
4186.07 4186.07 0.0 106354.7173
4200.21 4200.21 0.0 106337.6748
4214.36 4214.36 0.0 106320.9463
4228.5 4228.5 0.0 106304.5571
4242.64 4242.64 0.0 106288.4897
