0.0 0.0 0.0 1069502.0625
14.1421 14.1421 0.0 1193426.5000
28.2843 28.2843 0.0 1182515.3750
42.4264 42.4264 0.0 1162154.2500
56.5685 56.5685 0.0 1137443.8750
70.7107 70.7107 0.0 1109836.6875
84.8528 84.8528 0.0 1080150.2500
98.9949 98.9949 0.0 1049005.0000
113.137 113.137 0.0 1016905.1875
127.279 127.279 0.0 984258.2500
141.421 141.421 0.0 951382.2500
155.563 155.563 0.0 918517.0000
169.706 169.706 0.0 885832.5625
183.848 183.848 0.0 853455.3125
197.99 197.99 0.0 821463.8125
212.132 212.132 0.0 789915.5000
226.274 226.274 0.0 758852.2500
240.416 240.416 0.0 728314.3125
254.558 254.558 0.0 698343.6875
268.701 268.701 0.0 668991.0625
282.843 282.843 0.0 640324.5000
296.985 296.985 0.0 612417.2500
311.127 311.127 0.0 585354.2500
325.269 325.269 0.0 559225.6250
339.411 339.411 0.0 534120.1562
353.553 353.553 0.0 510120.4062
367.696 367.696 0.0 487295.0000
381.838 381.838 0.0 465699.9375
395.98 395.98 0.0 445366.6562
410.122 410.122 0.0 426306.6250
424.264 424.264 0.0 408510.0625
438.406 438.406 0.0 391948.5312
452.548 452.548 0.0 376577.0000
466.69 466.69 0.0 362338.8594
480.833 480.833 0.0 349167.3281
494.975 494.975 0.0 336993.1250
509.117 509.117 0.0 325742.0938
523.259 523.259 0.0 315341.3594
537.401 537.401 0.0 305719.5000
551.543 551.543 0.0 296808.8281
565.685 565.685 0.0 288545.2031
579.828 579.828 0.0 280868.5156
593.97 593.97 0.0 273725.1250
608.112 608.112 0.0 267064.2500
622.254 622.254 0.0 260839.8750
636.396 636.396 0.0 255010.7812
650.538 650.538 0.0 249539.5156
664.68 664.68 0.0 244392.7188
678.823 678.823 0.0 239539.8438
692.965 692.965 0.0 234955.0156
707.107 707.107 0.0 230614.0000
721.249 721.249 0.0 226495.6641
735.391 735.391 0.0 222581.4141
749.533 749.533 0.0 218854.4609
763.675 763.675 0.0 215300.3672
777.817 777.817 0.0 211906.0156
791.96 791.96 0.0 208659.7969
806.102 806.102 0.0 205551.8672
820.244 820.244 0.0 202572.9766
834.386 834.386 0.0 199714.9844
848.528 848.528 0.0 196970.6719
862.67 862.67 0.0 194333.5234
876.812 876.812 0.0 191797.6172
890.955 890.955 0.0 189357.4688
905.097 905.097 0.0 187008.5000
919.239 919.239 0.0 184746.0938
933.381 933.381 0.0 182566.1719
947.523 947.523 0.0 180464.8281
961.665 961.665 0.0 178438.5703
975.807 975.807 0.0 176484.1328
989.949 989.949 0.0 174598.3438
1004.09 1004.09 0.0 172778.4141
1018.23 1018.23 0.0 171021.6094
1032.38 1032.38 0.0 169324.0000
1046.52 1046.52 0.0 167685.5078
1060.66 1060.66 0.0 166102.5898
1074.8 1074.8 0.0 164572.9844
1088.94 1088.94 0.0 163094.5508
1103.09 1103.09 0.0 161664.2969
1117.23 1117.23 0.0 160282.2812
1131.37 1131.37 0.0 158945.6055
1145.51 1145.51 0.0 157652.5195
1159.66 1159.66 0.0 156400.3867
1173.8 1173.8 0.0 155189.4453
1187.94 1187.94 0.0 154017.1250
1202.08 1202.08 0.0 152881.9688
1216.22 1216.22 0.0 151782.4961
1230.37 1230.37 0.0 150716.5781
1244.51 1244.51 0.0 149684.4141
1258.65 1258.65 0.0 148683.9180
1272.79 1272.79 0.0 147713.8789
1286.93 1286.93 0.0 146773.0859
1301.08 1301.08 0.0 145859.7773
1315.22 1315.22 0.0 144974.1367
1329.36 1329.36 0.0 144114.4805
1343.5 1343.5 0.0 143279.8008
1357.65 1357.65 0.0 142468.5195
1371.79 1371.79 0.0 141680.9375
1385.93 1385.93 0.0 140915.5742
1400.07 1400.07 0.0 140171.6250
1414.21 1414.21 0.0 139448.2891
1428.36 1428.36 0.0 138744.3984
1442.5 1442.5 0.0 138060.2461
1456.64 1456.64 0.0 137394.7344
1470.78 1470.78 0.0 136747.3047
1484.92 1484.92 0.0 136117.4648
1499.07 1499.07 0.0 135504.3242
1513.21 1513.21 0.0 134908.3984
1527.35 1527.35 0.0 134328.9258
1541.49 1541.49 0.0 133765.6406
1555.63 1555.63 0.0 133218.3613
1569.78 1569.78 0.0 132686.5840
1583.92 1583.92 0.0 132170.9512
1598.06 1598.06 0.0 131671.0371
1612.2 1612.2 0.0 131186.8594
1626.35 1626.35 0.0 130718.1055
1640.49 1640.49 0.0 130265.4629
1654.63 1654.63 0.0 129828.6152
1668.77 1668.77 0.0 129407.5566
1682.91 1682.91 0.0 129002.2383
1697.06 1697.06 0.0 128612.2949
1711.2 1711.2 0.0 128238.0527
1725.34 1725.34 0.0 127878.9277
1739.48 1739.48 0.0 127534.4863
1753.62 1753.62 0.0 127204.1602
1767.77 1767.77 0.0 126886.9961
1781.91 1781.91 0.0 126582.5781
1796.05 1796.05 0.0 126289.6875
1810.19 1810.19 0.0 126007.1875
1824.34 1824.34 0.0 125733.7090
1838.48 1838.48 0.0 125468.3379
1852.62 1852.62 0.0 125209.6484
1866.76 1866.76 0.0 124956.4219
1880.9 1880.9 0.0 124707.4941
1895.05 1895.05 0.0 124461.7480
1909.19 1909.19 0.0 124218.6816
1923.33 1923.33 0.0 123977.5117
1937.47 1937.47 0.0 123737.8105
1951.61 1951.61 0.0 123499.3809
1965.76 1965.76 0.0 123261.9980
1979.9 1979.9 0.0 123026.1484
1994.04 1994.04 0.0 122791.8613
2008.18 2008.18 0.0 122559.4824
2022.33 2022.33 0.0 122329.1699
2036.47 2036.47 0.0 122101.6055
2050.61 2050.61 0.0 121876.9434
2064.75 2064.75 0.0 121655.4336
2078.89 2078.89 0.0 121437.2930
2093.04 2093.04 0.0 121222.5117
2107.18 2107.18 0.0 121011.4531
2121.32 2121.32 0.0 120803.9922
2135.46 2135.46 0.0 120600.0957
2149.6 2149.6 0.0 120399.6719
2163.75 2163.75 0.0 120202.4883
2177.89 2177.89 0.0 120008.6934
2192.03 2192.03 0.0 119818.0176
2206.17 2206.17 0.0 119630.2988
2220.32 2220.32 0.0 119445.2949
2234.46 2234.46 0.0 119263.1387
2248.6 2248.6 0.0 119083.6230
2262.74 2262.74 0.0 118906.6641
2276.88 2276.88 0.0 118732.2383
2291.03 2291.03 0.0 118560.2188
2305.17 2305.17 0.0 118390.9219
2319.31 2319.31 0.0 118224.2930
2333.45 2333.45 0.0 118060.4785
2347.59 2347.59 0.0 117899.6934
2361.74 2361.74 0.0 117742.0234
2375.88 2375.88 0.0 117587.9785
2390.02 2390.02 0.0 117437.7432
2404.16 2404.16 0.0 117291.6348
2418.31 2418.31 0.0 117149.8750
2432.45 2432.45 0.0 117012.9834
2446.59 2446.59 0.0 116881.1094
2460.73 2460.73 0.0 116754.5010
2474.87 2474.87 0.0 116633.2930
2489.02 2489.02 0.0 116517.4570
2503.16 2503.16 0.0 116407.1016
2517.3 2517.3 0.0 116301.9639
2531.44 2531.44 0.0 116201.7500
2545.58 2545.58 0.0 116106.0068
2559.73 2559.73 0.0 116014.1221
2573.87 2573.87 0.0 115925.5557
2588.01 2588.01 0.0 115839.4824
2602.15 2602.15 0.0 115755.0615
2616.3 2616.3 0.0 115671.3818
2630.44 2630.44 0.0 115587.6680
2644.58 2644.58 0.0 115503.0107
2658.72 2658.72 0.0 115416.5820
2672.86 2672.86 0.0 115327.6533
2687.01 2687.01 0.0 115235.5205
2701.15 2701.15 0.0 115139.7500
2715.29 2715.29 0.0 115039.8984
2729.43 2729.43 0.0 114935.6445
2743.57 2743.57 0.0 114826.8438
2757.72 2757.72 0.0 114713.3936
2771.86 2771.86 0.0 114595.4961
2786.0 2786.0 0.0 114473.3047
2800.14 2800.14 0.0 114347.0537
2814.28 2814.28 0.0 114217.1074
2828.43 2828.43 0.0 114083.7764
2842.57 2842.57 0.0 113947.6934
2856.71 2856.71 0.0 113809.2422
2870.85 2870.85 0.0 113668.9131
2885.0 2885.0 0.0 113527.1084
2899.14 2899.14 0.0 113384.5010
2913.28 2913.28 0.0 113241.4707
2927.42 2927.42 0.0 113098.4414
2941.56 2941.56 0.0 112955.8389
2955.71 2955.71 0.0 112813.9521
2969.85 2969.85 0.0 112673.3066
2983.99 2983.99 0.0 112534.1191
2998.13 2998.13 0.0 112396.6602
3012.27 3012.27 0.0 112261.1592
3026.42 3026.42 0.0 112127.7412
3040.56 3040.56 0.0 111996.7422
3054.7 3054.7 0.0 111868.2246
3068.84 3068.84 0.0 111742.2988
3082.99 3082.99 0.0 111618.9482
3097.13 3097.13 0.0 111498.4258
3111.27 3111.27 0.0 111380.6816
3125.41 3125.41 0.0 111265.7373
3139.55 3139.55 0.0 111153.6240
3153.7 3153.7 0.0 111044.2363
3167.84 3167.84 0.0 110937.7344
3181.98 3181.98 0.0 110834.0137
3196.12 3196.12 0.0 110733.0371
3210.26 3210.26 0.0 110634.7656
3224.41 3224.41 0.0 110539.1074
3238.55 3238.55 0.0 110446.1270
3252.69 3252.69 0.0 110355.7207
3266.83 3266.83 0.0 110267.8467
3280.98 3280.98 0.0 110182.3652
3295.12 3295.12 0.0 110099.3584
3309.26 3309.26 0.0 110018.7090
3323.4 3323.4 0.0 109940.3555
3337.54 3337.54 0.0 109864.2480
3351.69 3351.69 0.0 109790.2803
3365.83 3365.83 0.0 109718.5020
3379.97 3379.97 0.0 109648.8086
3394.11 3394.11 0.0 109581.1426
3408.25 3408.25 0.0 109515.4551
3422.4 3422.4 0.0 109451.6538
3436.54 3436.54 0.0 109389.7842
3450.68 3450.68 0.0 109329.7417
3464.82 3464.82 0.0 109271.4902
3478.97 3478.97 0.0 109214.9478
3493.11 3493.11 0.0 109160.1450
3507.25 3507.25 0.0 109107.0039
3521.39 3521.39 0.0 109055.4771
3535.53 3535.53 0.0 109005.5347
3549.68 3549.68 0.0 108957.0913
3563.82 3563.82 0.0 108910.1812
3577.96 3577.96 0.0 108864.7476
3592.1 3592.1 0.0 108820.7422
3606.24 3606.24 0.0 108778.1328
3620.39 3620.39 0.0 108736.8594
3634.53 3634.53 0.0 108696.9414
3648.67 3648.67 0.0 108658.3179
3662.81 3662.81 0.0 108620.9702
3676.96 3676.96 0.0 108584.8301
3691.1 3691.1 0.0 108549.9287
3705.24 3705.24 0.0 108516.1982
3719.38 3719.38 0.0 108483.6318
3733.52 3733.52 0.0 108452.1748
3747.67 3747.67 0.0 108421.7988
3761.81 3761.81 0.0 108392.5186
3775.95 3775.95 0.0 108364.2725
3790.09 3790.09 0.0 108337.0483
3804.23 3804.23 0.0 108310.8184
3818.38 3818.38 0.0 108285.5430
3832.52 3832.52 0.0 108261.2256
3846.66 3846.66 0.0 108237.8398
3860.8 3860.8 0.0 108215.3423
3874.95 3874.95 0.0 108193.7134
3889.09 3889.09 0.0 108172.9531
3903.23 3903.23 0.0 108153.0239
3917.37 3917.37 0.0 108133.9033
3931.51 3931.51 0.0 108115.5781
3945.66 3945.66 0.0 108098.0073
3959.8 3959.8 0.0 108081.2036
3973.94 3973.94 0.0 108065.1240
3988.08 3988.08 0.0 108049.7573
4002.22 4002.22 0.0 108035.0815
4016.37 4016.37 0.0 108021.0684
4030.51 4030.51 0.0 108007.7095
4044.65 4044.65 0.0 107994.9956
4058.79 4058.79 0.0 107982.8975
4072.94 4072.94 0.0 107971.3931
4087.08 4087.08 0.0 107960.4727
4101.22 4101.22 0.0 107950.1118
4115.36 4115.36 0.0 107940.3110
4129.5 4129.5 0.0 107931.0303
4143.65 4143.65 0.0 107922.2632
4157.79 4157.79 0.0 107913.9976
4171.93 4171.93 0.0 107906.2173
4186.07 4186.07 0.0 107898.9019
4200.21 4200.21 0.0 107892.0386
4214.36 4214.36 0.0 107885.5996
4228.5 4228.5 0.0 107879.5933
4242.64 4242.64 0.0 107873.9888
