0.0 0.0 0.0 193471.7344
14.1421 14.1421 0.0 191637.5859
28.2843 28.2843 0.0 189493.2188
42.4264 42.4264 0.0 186562.8906
56.5685 56.5685 0.0 182418.7578
70.7107 70.7107 0.0 177678.5312
84.8528 84.8528 0.0 172794.3203
98.9949 98.9949 0.0 168007.1172
113.137 113.137 0.0 163437.2266
127.279 127.279 0.0 159139.1172
141.421 141.421 0.0 155131.7148
155.563 155.563 0.0 151414.8242
169.706 169.706 0.0 147978.1172
183.848 183.848 0.0 144807.1992
197.99 197.99 0.0 141885.1289
212.132 212.132 0.0 139194.8047
226.274 226.274 0.0 136719.5352
240.416 240.416 0.0 134443.3555
254.558 254.558 0.0 132351.0625
268.701 268.701 0.0 130428.0840
282.843 282.843 0.0 128660.9941
296.985 296.985 0.0 127036.7402
311.127 311.127 0.0 125543.1094
325.269 325.269 0.0 124168.5234
339.411 339.411 0.0 122902.2344
353.553 353.553 0.0 121734.1875
367.696 367.696 0.0 120654.9531
381.838 381.838 0.0 119656.0723
395.98 395.98 0.0 118729.5820
410.122 410.122 0.0 117868.2031
424.264 424.264 0.0 117065.4043
438.406 438.406 0.0 116315.2324
452.548 452.548 0.0 115612.2344
466.69 466.69 0.0 114951.4463
480.833 480.833 0.0 114328.2822
494.975 494.975 0.0 113738.5332
509.117 509.117 0.0 113178.1279
523.259 523.259 0.0 112643.2949
537.401 537.401 0.0 112130.4775
551.543 551.543 0.0 111636.4199
565.685 565.685 0.0 111158.4473
579.828 579.828 0.0 110694.4922
593.97 593.97 0.0 110243.4521
608.112 608.112 0.0 109805.0479
622.254 622.254 0.0 109379.9780
636.396 636.396 0.0 108969.5151
650.538 650.538 0.0 108575.3022
664.68 664.68 0.0 108198.9707
678.823 678.823 0.0 107841.9048
692.965 692.965 0.0 107505.2061
707.107 707.107 0.0 107189.5200
721.249 721.249 0.0 106895.2231
735.391 735.391 0.0 106622.4126
749.533 749.533 0.0 106371.0068
763.675 763.675 0.0 106140.7412
777.817 777.817 0.0 105931.1572
791.96 791.96 0.0 105741.6206
806.102 806.102 0.0 105571.3022
820.244 820.244 0.0 105419.1509
834.386 834.386 0.0 105283.9434
848.528 848.528 0.0 105164.2871
862.67 862.67 0.0 105058.7109
876.812 876.812 0.0 104965.6924
890.955 890.955 0.0 104883.6985
905.097 905.097 0.0 104811.2729
919.239 919.239 0.0 104747.0251
933.381 933.381 0.0 104689.6758
947.523 947.523 0.0 104638.0798
961.665 961.665 0.0 104591.2214
975.807 975.807 0.0 104548.2268
989.949 989.949 0.0 104508.3547
1004.09 1004.09 0.0 104470.9890
1018.23 1018.23 0.0 104435.6196
1032.38 1032.38 0.0 104401.8093
1046.52 1046.52 0.0 104369.2744
1060.66 1060.66 0.0 104337.7371
1074.8 1074.8 0.0 104306.9885
1088.94 1088.94 0.0 104276.8770
1103.09 1103.09 0.0 104247.2578
1117.23 1117.23 0.0 104218.0847
1131.37 1131.37 0.0 104189.2649
1145.51 1145.51 0.0 104160.7537
1159.66 1159.66 0.0 104132.4934
1173.8 1173.8 0.0 104104.4983
1187.94 1187.94 0.0 104076.7378
1202.08 1202.08 0.0 104049.1970
1216.22 1216.22 0.0 104021.8840
1230.37 1230.37 0.0 103994.7681
1244.51 1244.51 0.0 103967.9033
1258.65 1258.65 0.0 103941.2783
1272.79 1272.79 0.0 103914.9041
1286.93 1286.93 0.0 103888.7903
1301.08 1301.08 0.0 103862.9373
1315.22 1315.22 0.0 103837.3948
1329.36 1329.36 0.0 103812.1638
1343.5 1343.5 0.0 103787.2595
1357.65 1357.65 0.0 103762.6821
1371.79 1371.79 0.0 103738.4841
1385.93 1385.93 0.0 103714.6650
1400.07 1400.07 0.0 103691.2441
1414.21 1414.21 0.0 103668.2288
1428.36 1428.36 0.0 103645.6257
1442.5 1442.5 0.0 103623.4773
1456.64 1456.64 0.0 103601.7764
1470.78 1470.78 0.0 103580.5391
1484.92 1484.92 0.0 103559.7739
1499.07 1499.07 0.0 103539.4741
1513.21 1513.21 0.0 103519.6702
1527.35 1527.35 0.0 103500.3601
1541.49 1541.49 0.0 103481.5442
1555.63 1555.63 0.0 103463.2209
1569.78 1569.78 0.0 103445.3835
1583.92 1583.92 0.0 103428.0530
1598.06 1598.06 0.0 103411.2112
1612.2 1612.2 0.0 103394.8589
1626.35 1626.35 0.0 103378.9810
1640.49 1640.49 0.0 103363.5887
1654.63 1654.63 0.0 103348.6666
1668.77 1668.77 0.0 103334.2018
1682.91 1682.91 0.0 103320.1891
1697.06 1697.06 0.0 103306.6056
1711.2 1711.2 0.0 103293.4618
1725.34 1725.34 0.0 103280.7316
1739.48 1739.48 0.0 103268.4065
1753.62 1753.62 0.0 103256.4719
1767.77 1767.77 0.0 103244.9059
1781.91 1781.91 0.0 103233.7128
1796.05 1796.05 0.0 103222.8669
1810.19 1810.19 0.0 103212.3560
1824.34 1824.34 0.0 103202.1588
1838.48 1838.48 0.0 103192.2755
1852.62 1852.62 0.0 103182.6835
1866.76 1866.76 0.0 103173.3683
1880.9 1880.9 0.0 103164.3137
1895.05 1895.05 0.0 103155.5067
1909.19 1909.19 0.0 103146.9397
1923.33 1923.33 0.0 103138.5951
1937.47 1937.47 0.0 103130.4623
1951.61 1951.61 0.0 103122.5270
1965.76 1965.76 0.0 103114.7705
1979.9 1979.9 0.0 103107.1936
1994.04 1994.04 0.0 103099.7799
2008.18 2008.18 0.0 103092.5179
2022.33 2022.33 0.0 103085.3966
2036.47 2036.47 0.0 103078.4119
2050.61 2050.61 0.0 103071.5494
2064.75 2064.75 0.0 103064.8025
2078.89 2078.89 0.0 103058.1659
2093.04 2093.04 0.0 103051.6179
2107.18 2107.18 0.0 103045.1716
2121.32 2121.32 0.0 103038.8107
2135.46 2135.46 0.0 103032.5278
2149.6 2149.6 0.0 103026.3181
2163.75 2163.75 0.0 103020.1740
2177.89 2177.89 0.0 103014.0984
2192.03 2192.03 0.0 103008.0809
2206.17 2206.17 0.0 103002.1166
2220.32 2220.32 0.0 102996.1990
2234.46 2234.46 0.0 102990.3340
2248.6 2248.6 0.0 102984.5107
2262.74 2262.74 0.0 102978.7285
2276.88 2276.88 0.0 102972.9835
2291.03 2291.03 0.0 102967.2682
2305.17 2305.17 0.0 102961.5927
2319.31 2319.31 0.0 102955.9452
2333.45 2333.45 0.0 102950.3298
2347.59 2347.59 0.0 102944.7375
2361.74 2361.74 0.0 102939.1691
2375.88 2375.88 0.0 102933.6274
2390.02 2390.02 0.0 102928.1086
2404.16 2404.16 0.0 102922.6125
2418.31 2418.31 0.0 102917.1329
2432.45 2432.45 0.0 102911.6744
2446.59 2446.59 0.0 102906.2369
2460.73 2460.73 0.0 102900.8164
2474.87 2474.87 0.0 102895.4138
2489.02 2489.02 0.0 102890.0247
2503.16 2503.16 0.0 102884.6552
2517.3 2517.3 0.0 102879.3027
2531.44 2531.44 0.0 102873.9657
2545.58 2545.58 0.0 102868.6434
2559.73 2559.73 0.0 102863.3341
2573.87 2573.87 0.0 102858.0447
2588.01 2588.01 0.0 102852.7688
2602.15 2602.15 0.0 102847.5070
2616.3 2616.3 0.0 102842.2609
2630.44 2630.44 0.0 102837.0302
2644.58 2644.58 0.0 102831.8179
2658.72 2658.72 0.0 102826.6182
2672.86 2672.86 0.0 102821.4347
2687.01 2687.01 0.0 102816.2650
2701.15 2701.15 0.0 102811.1160
2715.29 2715.29 0.0 102805.9833
2729.43 2729.43 0.0 102800.8641
2743.57 2743.57 0.0 102795.7639
2757.72 2757.72 0.0 102790.6765
2771.86 2771.86 0.0 102785.6110
2786.0 2786.0 0.0 102780.5641
2800.14 2800.14 0.0 102775.5348
2814.28 2814.28 0.0 102770.5255
2828.43 2828.43 0.0 102765.5295
2842.57 2842.57 0.0 102760.5576
2856.71 2856.71 0.0 102755.6069
2870.85 2870.85 0.0 102750.6732
2885.0 2885.0 0.0 102745.7573
2899.14 2899.14 0.0 102740.8676
2913.28 2913.28 0.0 102735.9983
2927.42 2927.42 0.0 102731.1516
2941.56 2941.56 0.0 102726.3243
2955.71 2955.71 0.0 102721.5175
2969.85 2969.85 0.0 102716.7357
2983.99 2983.99 0.0 102711.9791
2998.13 2998.13 0.0 102707.2432
3012.27 3012.27 0.0 102702.5327
3026.42 3026.42 0.0 102697.8428
3040.56 3040.56 0.0 102693.1793
3054.7 3054.7 0.0 102688.5414
3068.84 3068.84 0.0 102683.9275
3082.99 3082.99 0.0 102679.3369
3097.13 3097.13 0.0 102674.7743
3111.27 3111.27 0.0 102670.2358
3125.41 3125.41 0.0 102665.7255
3139.55 3139.55 0.0 102661.2385
3153.7 3153.7 0.0 102656.7780
3167.84 3167.84 0.0 102652.3456
3181.98 3181.98 0.0 102647.9379
3196.12 3196.12 0.0 102643.5587
3210.26 3210.26 0.0 102639.2054
3224.41 3224.41 0.0 102634.8759
3238.55 3238.55 0.0 102630.5767
3252.69 3252.69 0.0 102626.3046
3266.83 3266.83 0.0 102622.0587
3280.98 3280.98 0.0 102617.8379
3295.12 3295.12 0.0 102613.6450
3309.26 3309.26 0.0 102609.4814
3323.4 3323.4 0.0 102605.3442
3337.54 3337.54 0.0 102601.2336
3351.69 3351.69 0.0 102597.1486
3365.83 3365.83 0.0 102593.0903
3379.97 3379.97 0.0 102589.0601
3394.11 3394.11 0.0 102585.0565
3408.25 3408.25 0.0 102581.0798
3422.4 3422.4 0.0 102577.1266
3436.54 3436.54 0.0 102573.2007
3450.68 3450.68 0.0 102569.3022
3464.82 3464.82 0.0 102565.4298
3478.97 3478.97 0.0 102561.5775
3493.11 3493.11 0.0 102557.7566
3507.25 3507.25 0.0 102553.9594
3521.39 3521.39 0.0 102550.1887
3535.53 3535.53 0.0 102546.4398
3549.68 3549.68 0.0 102542.7150
3563.82 3563.82 0.0 102539.0148
3577.96 3577.96 0.0 102535.3391
3592.1 3592.1 0.0 102531.6885
3606.24 3606.24 0.0 102528.0596
3620.39 3620.39 0.0 102524.4519
3634.53 3634.53 0.0 102520.8705
3648.67 3648.67 0.0 102517.3077
3662.81 3662.81 0.0 102513.7697
3676.96 3676.96 0.0 102510.2512
3691.1 3691.1 0.0 102506.7566
3705.24 3705.24 0.0 102503.2814
3719.38 3719.38 0.0 102499.8275
3733.52 3733.52 0.0 102496.3937
3747.67 3747.67 0.0 102492.9784
3761.81 3761.81 0.0 102489.5864
3775.95 3775.95 0.0 102486.2113
3790.09 3790.09 0.0 102482.8549
3804.23 3804.23 0.0 102479.5198
3818.38 3818.38 0.0 102476.1997
3832.52 3832.52 0.0 102472.8988
3846.66 3846.66 0.0 102469.6165
3860.8 3860.8 0.0 102466.3516
3874.95 3874.95 0.0 102463.1012
3889.09 3889.09 0.0 102459.8689
3903.23 3903.23 0.0 102456.6555
3917.37 3917.37 0.0 102453.4556
3931.51 3931.51 0.0 102450.2720
3945.66 3945.66 0.0 102447.1017
3959.8 3959.8 0.0 102443.9489
3973.94 3973.94 0.0 102440.8103
3988.08 3988.08 0.0 102437.6880
4002.22 4002.22 0.0 102434.5784
4016.37 4016.37 0.0 102431.4803
4030.51 4030.51 0.0 102428.3983
4044.65 4044.65 0.0 102425.3295
4058.79 4058.79 0.0 102422.2744
4072.94 4072.94 0.0 102419.2294
4087.08 4087.08 0.0 102416.1975
4101.22 4101.22 0.0 102413.1799
4115.36 4115.36 0.0 102410.1729
4129.5 4129.5 0.0 102407.1774
4143.65 4143.65 0.0 102404.1924
4157.79 4157.79 0.0 102401.2206
4171.93 4171.93 0.0 102398.2570
4186.07 4186.07 0.0 102395.3077
4200.21 4200.21 0.0 102392.3665
4214.36 4214.36 0.0 102389.4343
4228.5 4228.5 0.0 102386.5139
4242.64 4242.64 0.0 102383.6033
