0.0 0.0 0.0 1635502.3750
14.1421 14.1421 0.0 2107267.6250
28.2843 28.2843 0.0 2025008.1250
42.4264 42.4264 0.0 1800878.5000
56.5685 56.5685 0.0 1519614.1250
70.7107 70.7107 0.0 1229626.1250
84.8528 84.8528 0.0 973327.9375
98.9949 98.9949 0.0 770632.0625
113.137 113.137 0.0 620373.6250
127.279 127.279 0.0 511979.3125
141.421 141.421 0.0 433930.9688
155.563 155.563 0.0 376996.2812
169.706 169.706 0.0 334595.2500
183.848 183.848 0.0 302258.2188
197.99 197.99 0.0 276979.6875
212.132 212.132 0.0 256743.3281
226.274 226.274 0.0 240185.2031
240.416 240.416 0.0 226373.2188
254.558 254.558 0.0 214661.5469
268.701 268.701 0.0 204595.0312
282.843 282.843 0.0 195848.7578
296.985 296.985 0.0 188182.1875
311.127 311.127 0.0 181414.6875
325.269 325.269 0.0 175406.5156
339.411 339.411 0.0 170047.0234
353.553 353.553 0.0 165246.2344
367.696 367.696 0.0 160929.7930
381.838 381.838 0.0 157036.1289
395.98 395.98 0.0 153512.3125
410.122 410.122 0.0 150313.5000
424.264 424.264 0.0 147401.3164
438.406 438.406 0.0 144742.6797
452.548 452.548 0.0 142309.1562
466.69 466.69 0.0 140076.1797
480.833 480.833 0.0 138022.3789
494.975 494.975 0.0 136129.6328
509.117 509.117 0.0 134381.8008
523.259 523.259 0.0 132764.9746
537.401 537.401 0.0 131266.9375
551.543 551.543 0.0 129877.0293
565.685 565.685 0.0 128585.8418
579.828 579.828 0.0 127384.9551
593.97 593.97 0.0 126267.1465
608.112 608.112 0.0 125225.7305
622.254 622.254 0.0 124254.7559
636.396 636.396 0.0 123348.9551
650.538 650.538 0.0 122503.4922
664.68 664.68 0.0 121714.0469
678.823 678.823 0.0 120976.6445
692.965 692.965 0.0 120287.7754
707.107 707.107 0.0 119644.1660
721.249 721.249 0.0 119042.8008
735.391 735.391 0.0 118480.9590
749.533 749.533 0.0 117956.1621
763.675 763.675 0.0 117466.1133
777.817 777.817 0.0 117008.6934
791.96 791.96 0.0 116581.9385
806.102 806.102 0.0 116184.1074
820.244 820.244 0.0 115813.5059
834.386 834.386 0.0 115468.6006
848.528 848.528 0.0 115147.9434
862.67 862.67 0.0 114850.1914
876.812 876.812 0.0 114574.0723
890.955 890.955 0.0 114318.4043
905.097 905.097 0.0 114082.0225
919.239 919.239 0.0 113863.8701
933.381 933.381 0.0 113662.8838
947.523 947.523 0.0 113478.0283
961.665 961.665 0.0 113308.3311
975.807 975.807 0.0 113152.8242
989.949 989.949 0.0 113010.5146
1004.09 1004.09 0.0 112880.4814
1018.23 1018.23 0.0 112761.7568
1032.38 1032.38 0.0 112653.3193
1046.52 1046.52 0.0 112554.3672
1060.66 1060.66 0.0 112463.8506
1074.8 1074.8 0.0 112380.8203
1088.94 1088.94 0.0 112304.2900
1103.09 1103.09 0.0 112233.2393
1117.23 1117.23 0.0 112166.7598
1131.37 1131.37 0.0 112103.7998
1145.51 1145.51 0.0 112043.3193
1159.66 1159.66 0.0 111984.2676
1173.8 1173.8 0.0 111925.6709
1187.94 1187.94 0.0 111866.4551
1202.08 1202.08 0.0 111805.5977
1216.22 1216.22 0.0 111742.0957
1230.37 1230.37 0.0 111674.9502
1244.51 1244.51 0.0 111603.3672
1258.65 1258.65 0.0 111526.4814
1272.79 1272.79 0.0 111443.6182
1286.93 1286.93 0.0 111354.2148
1301.08 1301.08 0.0 111257.7783
1315.22 1315.22 0.0 111154.2217
1329.36 1329.36 0.0 111043.3965
1343.5 1343.5 0.0 110925.4355
1357.65 1357.65 0.0 110800.5479
1371.79 1371.79 0.0 110669.3662
1385.93 1385.93 0.0 110532.4424
1400.07 1400.07 0.0 110390.5234
1414.21 1414.21 0.0 110244.4805
1428.36 1428.36 0.0 110095.1318
1442.5 1442.5 0.0 109943.6973
1456.64 1456.64 0.0 109791.0791
1470.78 1470.78 0.0 109638.2773
1484.92 1484.92 0.0 109486.2544
1499.07 1499.07 0.0 109335.8188
1513.21 1513.21 0.0 109188.0122
1527.35 1527.35 0.0 109043.4976
1541.49 1541.49 0.0 108902.9136
1555.63 1555.63 0.0 108766.8428
1569.78 1569.78 0.0 108635.6548
1583.92 1583.92 0.0 108509.9004
1598.06 1598.06 0.0 108389.7725
1612.2 1612.2 0.0 108275.4458
1626.35 1626.35 0.0 108166.9678
1640.49 1640.49 0.0 108064.5127
1654.63 1654.63 0.0 107967.9663
1668.77 1668.77 0.0 107877.2295
1682.91 1682.91 0.0 107792.1489
1697.06 1697.06 0.0 107712.4771
1711.2 1711.2 0.0 107638.0938
1725.34 1725.34 0.0 107568.6782
1739.48 1739.48 0.0 107503.9424
1753.62 1753.62 0.0 107443.5986
1767.77 1767.77 0.0 107387.2817
1781.91 1781.91 0.0 107334.7778
1796.05 1796.05 0.0 107285.7256
1810.19 1810.19 0.0 107239.8218
1824.34 1824.34 0.0 107196.7261
1838.48 1838.48 0.0 107156.2280
1852.62 1852.62 0.0 107118.0054
1866.76 1866.76 0.0 107081.8052
1880.9 1880.9 0.0 107047.3813
1895.05 1895.05 0.0 107014.4727
1909.19 1909.19 0.0 106982.9189
1923.33 1923.33 0.0 106952.4932
1937.47 1937.47 0.0 106923.0342
1951.61 1951.61 0.0 106894.3755
1965.76 1965.76 0.0 106866.3628
1979.9 1979.9 0.0 106838.9160
1994.04 1994.04 0.0 106811.9150
2008.18 2008.18 0.0 106785.2744
2022.33 2022.33 0.0 106758.9131
2036.47 2036.47 0.0 106732.8193
2050.61 2050.61 0.0 106706.9360
2064.75 2064.75 0.0 106681.2397
2078.89 2078.89 0.0 106655.7163
2093.04 2093.04 0.0 106630.3491
2107.18 2107.18 0.0 106605.1680
2121.32 2121.32 0.0 106580.1636
2135.46 2135.46 0.0 106555.3521
2149.6 2149.6 0.0 106530.7407
2163.75 2163.75 0.0 106506.3247
2177.89 2177.89 0.0 106482.1597
2192.03 2192.03 0.0 106458.2368
2206.17 2206.17 0.0 106434.5581
2220.32 2220.32 0.0 106411.1333
2234.46 2234.46 0.0 106387.9844
2248.6 2248.6 0.0 106365.1133
2262.74 2262.74 0.0 106342.5127
2276.88 2276.88 0.0 106320.1904
2291.03 2291.03 0.0 106298.1167
2305.17 2305.17 0.0 106276.3242
2319.31 2319.31 0.0 106254.7930
2333.45 2333.45 0.0 106233.5166
2347.59 2347.59 0.0 106212.4878
2361.74 2361.74 0.0 106191.6758
2375.88 2375.88 0.0 106171.1089
2390.02 2390.02 0.0 106150.7573
2404.16 2404.16 0.0 106130.6123
2418.31 2418.31 0.0 106110.6538
2432.45 2432.45 0.0 106090.8975
2446.59 2446.59 0.0 106071.3208
2460.73 2460.73 0.0 106051.9224
2474.87 2474.87 0.0 106032.6836
2489.02 2489.02 0.0 106013.5879
2503.16 2503.16 0.0 105994.6631
2517.3 2517.3 0.0 105975.8848
2531.44 2531.44 0.0 105957.2500
2545.58 2545.58 0.0 105938.7559
2559.73 2559.73 0.0 105920.3877
2573.87 2573.87 0.0 105902.1709
2588.01 2588.01 0.0 105884.0894
2602.15 2602.15 0.0 105866.1440
2616.3 2616.3 0.0 105848.3184
2630.44 2630.44 0.0 105830.6460
2644.58 2644.58 0.0 105813.1128
2658.72 2658.72 0.0 105795.7207
2672.86 2672.86 0.0 105778.4697
2687.01 2687.01 0.0 105761.3521
2701.15 2701.15 0.0 105744.3955
2715.29 2715.29 0.0 105727.5933
2729.43 2729.43 0.0 105710.9468
2743.57 2743.57 0.0 105694.4546
2757.72 2757.72 0.0 105678.1191
2771.86 2771.86 0.0 105661.9570
2786.0 2786.0 0.0 105645.9653
2800.14 2800.14 0.0 105630.1460
2814.28 2814.28 0.0 105614.5005
2828.43 2828.43 0.0 105599.0244
2842.57 2842.57 0.0 105583.7427
2856.71 2856.71 0.0 105568.6401
2870.85 2870.85 0.0 105553.7217
2885.0 2885.0 0.0 105538.9844
2899.14 2899.14 0.0 105524.4463
2913.28 2913.28 0.0 105510.0947
2927.42 2927.42 0.0 105495.9380
2941.56 2941.56 0.0 105481.9697
2955.71 2955.71 0.0 105468.1855
2969.85 2969.85 0.0 105454.6001
2983.99 2983.99 0.0 105441.2095
2998.13 2998.13 0.0 105428.0078
3012.27 3012.27 0.0 105414.9976
3026.42 3026.42 0.0 105402.1646
3040.56 3040.56 0.0 105389.5300
3054.7 3054.7 0.0 105377.0774
3068.84 3068.84 0.0 105364.8071
3082.99 3082.99 0.0 105352.7122
3097.13 3097.13 0.0 105340.8042
3111.27 3111.27 0.0 105329.0701
3125.41 3125.41 0.0 105317.5073
3139.55 3139.55 0.0 105306.1140
3153.7 3153.7 0.0 105294.8816
3167.84 3167.84 0.0 105283.8208
3181.98 3181.98 0.0 105272.9165
3196.12 3196.12 0.0 105262.1672
3210.26 3210.26 0.0 105251.5742
3224.41 3224.41 0.0 105241.1184
3238.55 3238.55 0.0 105230.8215
3252.69 3252.69 0.0 105220.6599
3266.83 3266.83 0.0 105210.6355
3280.98 3280.98 0.0 105200.7397
3295.12 3295.12 0.0 105190.9761
3309.26 3309.26 0.0 105181.3435
3323.4 3323.4 0.0 105171.8281
3337.54 3337.54 0.0 105162.4312
3351.69 3351.69 0.0 105153.1428
3365.83 3365.83 0.0 105143.9695
3379.97 3379.97 0.0 105134.9070
3394.11 3394.11 0.0 105125.9438
3408.25 3408.25 0.0 105117.0774
3422.4 3422.4 0.0 105108.3000
3436.54 3436.54 0.0 105099.6223
3450.68 3450.68 0.0 105091.0337
3464.82 3464.82 0.0 105082.5278
3478.97 3478.97 0.0 105074.0959
3493.11 3493.11 0.0 105065.7510
3507.25 3507.25 0.0 105057.4741
3521.39 3521.39 0.0 105049.2725
3535.53 3535.53 0.0 105041.1362
3549.68 3549.68 0.0 105033.0620
3563.82 3563.82 0.0 105025.0496
3577.96 3577.96 0.0 105017.0979
3592.1 3592.1 0.0 105009.2021
3606.24 3606.24 0.0 105001.3582
3620.39 3620.39 0.0 104993.5588
3634.53 3634.53 0.0 104985.8074
3648.67 3648.67 0.0 104978.1038
3662.81 3662.81 0.0 104970.4365
3676.96 3676.96 0.0 104962.8064
3691.1 3691.1 0.0 104955.2131
3705.24 3705.24 0.0 104947.6582
3719.38 3719.38 0.0 104940.1294
3733.52 3733.52 0.0 104932.6331
3747.67 3747.67 0.0 104925.1572
3761.81 3761.81 0.0 104917.7058
3775.95 3775.95 0.0 104910.2781
3790.09 3790.09 0.0 104902.8691
3804.23 3804.23 0.0 104895.4807
3818.38 3818.38 0.0 104888.0938
3832.52 3832.52 0.0 104880.7307
3846.66 3846.66 0.0 104873.3757
3860.8 3860.8 0.0 104866.0293
3874.95 3874.95 0.0 104858.6882
3889.09 3889.09 0.0 104851.3555
3903.23 3903.23 0.0 104844.0244
3917.37 3917.37 0.0 104836.6953
3931.51 3931.51 0.0 104829.3682
3945.66 3945.66 0.0 104822.0344
3959.8 3959.8 0.0 104814.6997
3973.94 3973.94 0.0 104807.3638
3988.08 3988.08 0.0 104800.0198
4002.22 4002.22 0.0 104792.6699
4016.37 4016.37 0.0 104785.3093
4030.51 4030.51 0.0 104777.9426
4044.65 4044.65 0.0 104770.5625
4058.79 4058.79 0.0 104763.1733
4072.94 4072.94 0.0 104755.7639
4087.08 4087.08 0.0 104748.3462
4101.22 4101.22 0.0 104740.9153
4115.36 4115.36 0.0 104733.4697
4129.5 4129.5 0.0 104726.0078
4143.65 4143.65 0.0 104718.5200
4157.79 4157.79 0.0 104711.0215
4171.93 4171.93 0.0 104703.5042
4186.07 4186.07 0.0 104695.9714
4200.21 4200.21 0.0 104688.4150
4214.36 4214.36 0.0 104680.8396
4228.5 4228.5 0.0 104673.2456
4242.64 4242.64 0.0 104665.6338
