0.0 0.0 0.0 1624925.8750
14.1421 14.1421 0.0 2004553.8750
28.2843 28.2843 0.0 1638266.0000
42.4264 42.4264 0.0 1142765.2500
56.5685 56.5685 0.0 754867.6875
70.7107 70.7107 0.0 524074.0312
84.8528 84.8528 0.0 395345.6562
98.9949 98.9949 0.0 320623.0156
113.137 113.137 0.0 273826.7344
127.279 127.279 0.0 242066.8281
141.421 141.421 0.0 218970.0156
155.563 155.563 0.0 201295.2422
169.706 169.706 0.0 187309.2500
183.848 183.848 0.0 176015.4766
197.99 197.99 0.0 166778.8945
212.132 212.132 0.0 159157.3203
226.274 226.274 0.0 152820.3398
240.416 240.416 0.0 147511.6172
254.558 254.558 0.0 143029.2695
268.701 268.701 0.0 139213.7109
282.843 282.843 0.0 135939.8125
296.985 296.985 0.0 133108.3496
311.127 311.127 0.0 130641.2598
325.269 325.269 0.0 128476.7812
339.411 339.411 0.0 126565.7031
353.553 353.553 0.0 124868.4668
367.696 367.696 0.0 123352.9629
381.838 381.838 0.0 121993.1992
395.98 395.98 0.0 120767.3926
410.122 410.122 0.0 119657.5195
424.264 424.264 0.0 118648.4590
438.406 438.406 0.0 117727.4395
452.548 452.548 0.0 116883.6260
466.69 466.69 0.0 116107.7617
480.833 480.833 0.0 115391.8770
494.975 494.975 0.0 114729.2754
509.117 509.117 0.0 114114.0381
523.259 523.259 0.0 113541.1182
537.401 537.401 0.0 113006.1338
551.543 551.543 0.0 112505.2793
565.685 565.685 0.0 112035.2705
579.828 579.828 0.0 111593.1855
593.97 593.97 0.0 111176.5967
608.112 608.112 0.0 110783.2588
622.254 622.254 0.0 110411.2627
636.396 636.396 0.0 110058.9248
650.538 650.538 0.0 109724.7490
664.68 664.68 0.0 109407.4458
678.823 678.823 0.0 109105.8315
692.965 692.965 0.0 108818.9443
707.107 707.107 0.0 108545.8613
721.249 721.249 0.0 108285.7974
735.391 735.391 0.0 108038.0508
749.533 749.533 0.0 107802.0049
763.675 763.675 0.0 107577.1064
777.817 777.817 0.0 107362.8516
791.96 791.96 0.0 107158.7905
806.102 806.102 0.0 106964.5391
820.244 820.244 0.0 106779.7104
834.386 834.386 0.0 106603.9551
848.528 848.528 0.0 106436.9326
862.67 862.67 0.0 106278.3408
876.812 876.812 0.0 106127.8472
890.955 890.955 0.0 105985.1509
905.097 905.097 0.0 105849.9712
919.239 919.239 0.0 105721.9810
933.381 933.381 0.0 105600.8882
947.523 947.523 0.0 105486.3711
961.665 961.665 0.0 105378.1382
975.807 975.807 0.0 105275.8706
989.949 989.949 0.0 105179.2573
1004.09 1004.09 0.0 105087.9932
1018.23 1018.23 0.0 105001.7693
1032.38 1032.38 0.0 104920.2102
1046.52 1046.52 0.0 104843.1301
1060.66 1060.66 0.0 104770.1819
1074.8 1074.8 0.0 104701.0798
1088.94 1088.94 0.0 104635.5732
1103.09 1103.09 0.0 104573.3840
1117.23 1117.23 0.0 104514.3953
1131.37 1131.37 0.0 104458.3970
1145.51 1145.51 0.0 104405.2507
1159.66 1159.66 0.0 104354.8264
1173.8 1173.8 0.0 104307.1221
1187.94 1187.94 0.0 104262.0540
1202.08 1202.08 0.0 104219.5908
1216.22 1216.22 0.0 104179.7041
1230.37 1230.37 0.0 104142.3362
1244.51 1244.51 0.0 104107.4858
1258.65 1258.65 0.0 104075.0688
1272.79 1272.79 0.0 104044.9895
1286.93 1286.93 0.0 104017.1404
1301.08 1301.08 0.0 103991.3655
1315.22 1315.22 0.0 103967.5508
1329.36 1329.36 0.0 103945.5127
1343.5 1343.5 0.0 103925.0757
1357.65 1357.65 0.0 103906.0500
1371.79 1371.79 0.0 103888.2825
1385.93 1385.93 0.0 103871.5950
1400.07 1400.07 0.0 103855.8235
1414.21 1414.21 0.0 103840.8215
1428.36 1428.36 0.0 103826.4421
1442.5 1442.5 0.0 103812.5901
1456.64 1456.64 0.0 103799.1494
1470.78 1470.78 0.0 103786.0366
1484.92 1484.92 0.0 103773.1738
1499.07 1499.07 0.0 103760.5015
1513.21 1513.21 0.0 103747.9834
1527.35 1527.35 0.0 103735.5835
1541.49 1541.49 0.0 103723.2729
1555.63 1555.63 0.0 103711.0359
1569.78 1569.78 0.0 103698.8577
1583.92 1583.92 0.0 103686.7480
1598.06 1598.06 0.0 103674.7051
1612.2 1612.2 0.0 103662.7285
1626.35 1626.35 0.0 103650.8186
1640.49 1640.49 0.0 103638.9980
1654.63 1654.63 0.0 103627.2695
1668.77 1668.77 0.0 103615.6436
1682.91 1682.91 0.0 103604.1318
1697.06 1697.06 0.0 103592.7285
1711.2 1711.2 0.0 103581.4641
1725.34 1725.34 0.0 103570.3357
1739.48 1739.48 0.0 103559.3503
1753.62 1753.62 0.0 103548.5132
1767.77 1767.77 0.0 103537.8179
1781.91 1781.91 0.0 103527.2874
1796.05 1796.05 0.0 103516.9121
1810.19 1810.19 0.0 103506.6951
1824.34 1824.34 0.0 103496.6267
1838.48 1838.48 0.0 103486.7234
1852.62 1852.62 0.0 103476.9719
1866.76 1866.76 0.0 103467.3704
1880.9 1880.9 0.0 103457.9150
1895.05 1895.05 0.0 103448.5986
1909.19 1909.19 0.0 103439.4287
1923.33 1923.33 0.0 103430.3904
1937.47 1937.47 0.0 103421.4829
1951.61 1951.61 0.0 103412.6982
1965.76 1965.76 0.0 103404.0269
1979.9 1979.9 0.0 103395.4763
1994.04 1994.04 0.0 103387.0312
2008.18 2008.18 0.0 103378.6914
2022.33 2022.33 0.0 103370.4424
2036.47 2036.47 0.0 103362.2937
2050.61 2050.61 0.0 103354.2324
2064.75 2064.75 0.0 103346.2561
2078.89 2078.89 0.0 103338.3608
2093.04 2093.04 0.0 103330.5387
2107.18 2107.18 0.0 103322.7900
2121.32 2121.32 0.0 103315.1136
2135.46 2135.46 0.0 103307.5024
2149.6 2149.6 0.0 103299.9559
2163.75 2163.75 0.0 103292.4664
2177.89 2177.89 0.0 103285.0424
2192.03 2192.03 0.0 103277.6763
2206.17 2206.17 0.0 103270.3656
2220.32 2220.32 0.0 103263.1044
2234.46 2234.46 0.0 103255.9033
2248.6 2248.6 0.0 103248.7539
2262.74 2262.74 0.0 103241.6581
2276.88 2276.88 0.0 103234.6160
2291.03 2291.03 0.0 103227.6195
2305.17 2305.17 0.0 103220.6802
2319.31 2319.31 0.0 103213.7915
2333.45 2333.45 0.0 103206.9546
2347.59 2347.59 0.0 103200.1710
2361.74 2361.74 0.0 103193.4333
2375.88 2375.88 0.0 103186.7534
2390.02 2390.02 0.0 103180.1276
2404.16 2404.16 0.0 103173.5541
2418.31 2418.31 0.0 103167.0287
2432.45 2432.45 0.0 103160.5638
2446.59 2446.59 0.0 103154.1494
2460.73 2460.73 0.0 103147.7932
2474.87 2474.87 0.0 103141.4908
2489.02 2489.02 0.0 103135.2362
2503.16 2503.16 0.0 103129.0436
2517.3 2517.3 0.0 103122.9038
2531.44 2531.44 0.0 103116.8215
2545.58 2545.58 0.0 103110.7939
2559.73 2559.73 0.0 103104.8179
2573.87 2573.87 0.0 103098.8989
2588.01 2588.01 0.0 103093.0334
2602.15 2602.15 0.0 103087.2260
2616.3 2616.3 0.0 103081.4669
2630.44 2630.44 0.0 103075.7639
2644.58 2644.58 0.0 103070.1162
2658.72 2658.72 0.0 103064.5208
2672.86 2672.86 0.0 103058.9771
2687.01 2687.01 0.0 103053.4806
2701.15 2701.15 0.0 103048.0376
2715.29 2715.29 0.0 103042.6470
2729.43 2729.43 0.0 103037.3026
2743.57 2743.57 0.0 103032.0098
2757.72 2757.72 0.0 103026.7592
2771.86 2771.86 0.0 103021.5588
2786.0 2786.0 0.0 103016.4049
2800.14 2800.14 0.0 103011.2954
2814.28 2814.28 0.0 103006.2319
2828.43 2828.43 0.0 103001.2043
2842.57 2842.57 0.0 102996.2252
2856.71 2856.71 0.0 102991.2871
2870.85 2870.85 0.0 102986.3889
2885.0 2885.0 0.0 102981.5265
2899.14 2899.14 0.0 102976.7072
2913.28 2913.28 0.0 102971.9231
2927.42 2927.42 0.0 102967.1772
2941.56 2941.56 0.0 102962.4663
2955.71 2955.71 0.0 102957.7872
2969.85 2969.85 0.0 102953.1448
2983.99 2983.99 0.0 102948.5366
2998.13 2998.13 0.0 102943.9591
3012.27 3012.27 0.0 102939.4144
3026.42 3026.42 0.0 102934.8971
3040.56 3040.56 0.0 102930.4115
3054.7 3054.7 0.0 102925.9561
3068.84 3068.84 0.0 102921.5289
3082.99 3082.99 0.0 102917.1254
3097.13 3097.13 0.0 102912.7528
3111.27 3111.27 0.0 102908.4059
3125.41 3125.41 0.0 102904.0845
3139.55 3139.55 0.0 102899.7881
3153.7 3153.7 0.0 102895.5127
3167.84 3167.84 0.0 102891.2659
3181.98 3181.98 0.0 102887.0402
3196.12 3196.12 0.0 102882.8378
3210.26 3210.26 0.0 102878.6578
3224.41 3224.41 0.0 102874.4972
3238.55 3238.55 0.0 102870.3610
3252.69 3252.69 0.0 102866.2445
3266.83 3266.83 0.0 102862.1464
3280.98 3280.98 0.0 102858.0679
3295.12 3295.12 0.0 102854.0112
3309.26 3309.26 0.0 102849.9740
3323.4 3323.4 0.0 102845.9537
3337.54 3337.54 0.0 102841.9551
3351.69 3351.69 0.0 102837.9698
3365.83 3365.83 0.0 102834.0035
3379.97 3379.97 0.0 102830.0577
3394.11 3394.11 0.0 102826.1273
3408.25 3408.25 0.0 102822.2135
3422.4 3422.4 0.0 102818.3143
3436.54 3436.54 0.0 102814.4343
3450.68 3450.68 0.0 102810.5687
3464.82 3464.82 0.0 102806.7202
3478.97 3478.97 0.0 102802.8838
3493.11 3493.11 0.0 102799.0649
3507.25 3507.25 0.0 102795.2601
3521.39 3521.39 0.0 102791.4722
3535.53 3535.53 0.0 102787.6975
3549.68 3549.68 0.0 102783.9332
3563.82 3563.82 0.0 102780.1876
3577.96 3577.96 0.0 102776.4557
3592.1 3592.1 0.0 102772.7349
3606.24 3606.24 0.0 102769.0289
3620.39 3620.39 0.0 102765.3333
3634.53 3634.53 0.0 102761.6525
3648.67 3648.67 0.0 102757.9851
3662.81 3662.81 0.0 102754.3271
3676.96 3676.96 0.0 102750.6821
3691.1 3691.1 0.0 102747.0494
3705.24 3705.24 0.0 102743.4255
3719.38 3719.38 0.0 102739.8184
3733.52 3733.52 0.0 102736.2188
3747.67 3747.67 0.0 102732.6271
3761.81 3761.81 0.0 102729.0499
3775.95 3775.95 0.0 102725.4819
3790.09 3790.09 0.0 102721.9255
3804.23 3804.23 0.0 102718.3754
3818.38 3818.38 0.0 102714.8357
3832.52 3832.52 0.0 102711.3038
3846.66 3846.66 0.0 102707.7834
3860.8 3860.8 0.0 102704.2720
3874.95 3874.95 0.0 102700.7654
3889.09 3889.09 0.0 102697.2698
3903.23 3903.23 0.0 102693.7823
3917.37 3917.37 0.0 102690.3007
3931.51 3931.51 0.0 102686.8284
3945.66 3945.66 0.0 102683.3591
3959.8 3959.8 0.0 102679.8993
3973.94 3973.94 0.0 102676.4475
3988.08 3988.08 0.0 102672.9990
4002.22 4002.22 0.0 102669.5579
4016.37 4016.37 0.0 102666.1198
4030.51 4030.51 0.0 102662.6891
4044.65 4044.65 0.0 102659.2654
4058.79 4058.79 0.0 102655.8467
4072.94 4072.94 0.0 102652.4303
4087.08 4087.08 0.0 102649.0197
4101.22 4101.22 0.0 102645.6138
4115.36 4115.36 0.0 102642.2136
4129.5 4129.5 0.0 102638.8174
4143.65 4143.65 0.0 102635.4208
4157.79 4157.79 0.0 102632.0308
4171.93 4171.93 0.0 102628.6450
4186.07 4186.07 0.0 102625.2645
4200.21 4200.21 0.0 102621.8845
4214.36 4214.36 0.0 102618.5059
4228.5 4228.5 0.0 102615.1350
4242.64 4242.64 0.0 102611.7655
