0.0 0.0 0.0 203089.6484
14.1421 14.1421 0.0 201270.2500
28.2843 28.2843 0.0 201073.7578
42.4264 42.4264 0.0 200964.2422
56.5685 56.5685 0.0 200841.0859
70.7107 70.7107 0.0 200684.9688
84.8528 84.8528 0.0 200491.3906
98.9949 98.9949 0.0 200260.1406
113.137 113.137 0.0 199992.4922
127.279 127.279 0.0 199690.2109
141.421 141.421 0.0 199355.2734
155.563 155.563 0.0 198989.7109
169.706 169.706 0.0 198595.4922
183.848 183.848 0.0 198174.6172
197.99 197.99 0.0 197728.9375
212.132 212.132 0.0 197260.1953
226.274 226.274 0.0 196770.2109
240.416 240.416 0.0 196260.5469
254.558 254.558 0.0 195732.7891
268.701 268.701 0.0 195188.4375
282.843 282.843 0.0 194628.9609
296.985 296.985 0.0 194055.7500
311.127 311.127 0.0 193470.0781
325.269 325.269 0.0 192873.1719
339.411 339.411 0.0 192266.2578
353.553 353.553 0.0 191650.4375
367.696 367.696 0.0 191026.7344
381.838 381.838 0.0 190396.2812
395.98 395.98 0.0 189760.0156
410.122 410.122 0.0 189118.7891
424.264 424.264 0.0 188473.5469
438.406 438.406 0.0 187825.0703
452.548 452.548 0.0 187174.2031
466.69 466.69 0.0 186521.6328
480.833 480.833 0.0 185868.0156
494.975 494.975 0.0 185214.0703
509.117 509.117 0.0 184560.3750
523.259 523.259 0.0 183907.5781
537.401 537.401 0.0 183256.1094
551.543 551.543 0.0 182606.5078
565.685 565.685 0.0 181959.2969
579.828 579.828 0.0 181314.8125
593.97 593.97 0.0 180673.5547
608.112 608.112 0.0 180035.8281
622.254 622.254 0.0 179402.0391
636.396 636.396 0.0 178772.4531
650.538 650.538 0.0 178147.3516
664.68 664.68 0.0 177527.0234
678.823 678.823 0.0 176911.6094
692.965 692.965 0.0 176301.5000
707.107 707.107 0.0 175696.7500
721.249 721.249 0.0 175097.5547
735.391 735.391 0.0 174504.0625
749.533 749.533 0.0 173916.4141
763.675 763.675 0.0 173334.6562
777.817 777.817 0.0 172758.9219
791.96 791.96 0.0 172189.2109
806.102 806.102 0.0 171625.6719
820.244 820.244 0.0 171068.2969
834.386 834.386 0.0 170517.0781
848.528 848.528 0.0 169972.0625
862.67 862.67 0.0 169433.2031
876.812 876.812 0.0 168900.4688
890.955 890.955 0.0 168373.7734
905.097 905.097 0.0 167853.2031
919.239 919.239 0.0 167338.6172
933.381 933.381 0.0 166829.9219
947.523 947.523 0.0 166327.1055
961.665 961.665 0.0 165829.9961
975.807 975.807 0.0 165338.5273
989.949 989.949 0.0 164852.6367
1004.09 1004.09 0.0 164372.1562
1018.23 1018.23 0.0 163897.0391
1032.38 1032.38 0.0 163426.7461
1046.52 1046.52 0.0 162961.8516
1060.66 1060.66 0.0 162501.8594
1074.8 1074.8 0.0 162046.6172
1088.94 1088.94 0.0 161596.0391
1103.09 1103.09 0.0 161149.6211
1117.23 1117.23 0.0 160707.8633
1131.37 1131.37 0.0 160270.3125
1145.51 1145.51 0.0 159836.8398
1159.66 1159.66 0.0 159406.9727
1173.8 1173.8 0.0 158981.2227
1187.94 1187.94 0.0 158559.1094
1202.08 1202.08 0.0 158140.4961
1216.22 1216.22 0.0 157725.2852
1230.37 1230.37 0.0 157313.0703
1244.51 1244.51 0.0 156904.2930
1258.65 1258.65 0.0 156498.5820
1272.79 1272.79 0.0 156095.8047
1286.93 1286.93 0.0 155695.9258
1301.08 1301.08 0.0 155298.5352
1315.22 1315.22 0.0 154904.1758
1329.36 1329.36 0.0 154512.4570
1343.5 1343.5 0.0 154123.3711
1357.65 1357.65 0.0 153736.6172
1371.79 1371.79 0.0 153352.7070
1385.93 1385.93 0.0 152971.3711
1400.07 1400.07 0.0 152592.6367
1414.21 1414.21 0.0 152216.4922
1428.36 1428.36 0.0 151842.7461
1442.5 1442.5 0.0 151471.9453
1456.64 1456.64 0.0 151103.9219
1470.78 1470.78 0.0 150738.7383
1484.92 1484.92 0.0 150376.5000
1499.07 1499.07 0.0 150017.0273
1513.21 1513.21 0.0 149660.9961
1527.35 1527.35 0.0 149308.1602
1541.49 1541.49 0.0 148958.7422
1555.63 1555.63 0.0 148612.7969
1569.78 1569.78 0.0 148270.1992
1583.92 1583.92 0.0 147931.5820
1598.06 1598.06 0.0 147596.7539
1612.2 1612.2 0.0 147265.8867
1626.35 1626.35 0.0 146938.7656
1640.49 1640.49 0.0 146615.9844
1654.63 1654.63 0.0 146297.3789
1668.77 1668.77 0.0 145983.0859
1682.91 1682.91 0.0 145673.2109
1697.06 1697.06 0.0 145367.7344
1711.2 1711.2 0.0 145067.3945
1725.34 1725.34 0.0 144772.3008
1739.48 1739.48 0.0 144483.0391
1753.62 1753.62 0.0 144200.3594
1767.77 1767.77 0.0 143924.9727
1781.91 1781.91 0.0 143658.5156
1796.05 1796.05 0.0 143402.1992
1810.19 1810.19 0.0 143157.6445
1824.34 1824.34 0.0 142926.3281
1838.48 1838.48 0.0 142710.1992
1852.62 1852.62 0.0 142510.2422
1866.76 1866.76 0.0 142327.0156
1880.9 1880.9 0.0 142160.0117
1895.05 1895.05 0.0 142007.4219
1909.19 1909.19 0.0 141865.9922
1923.33 1923.33 0.0 141730.5508
1937.47 1937.47 0.0 141594.2461
1951.61 1951.61 0.0 141448.7188
1965.76 1965.76 0.0 141284.4922
1979.9 1979.9 0.0 141091.8320
1994.04 1994.04 0.0 140860.7383
2008.18 2008.18 0.0 140582.2148
2022.33 2022.33 0.0 140248.1406
2036.47 2036.47 0.0 139853.0039
2050.61 2050.61 0.0 139392.5430
2064.75 2064.75 0.0 138864.9805
2078.89 2078.89 0.0 138270.5781
2093.04 2093.04 0.0 137611.1641
2107.18 2107.18 0.0 136891.6484
2121.32 2121.32 0.0 136117.0742
2135.46 2135.46 0.0 135294.0508
2149.6 2149.6 0.0 134429.9688
2163.75 2163.75 0.0 133532.0352
2177.89 2177.89 0.0 132609.7012
2192.03 2192.03 0.0 131670.4453
2206.17 2206.17 0.0 130722.1191
2220.32 2220.32 0.0 129771.6426
2234.46 2234.46 0.0 128827.4922
2248.6 2248.6 0.0 127895.5488
2262.74 2262.74 0.0 126981.7969
2276.88 2276.88 0.0 126091.6426
2291.03 2291.03 0.0 125229.3184
2305.17 2305.17 0.0 124400.2773
2319.31 2319.31 0.0 123607.5879
2333.45 2333.45 0.0 122854.3945
2347.59 2347.59 0.0 122143.3965
2361.74 2361.74 0.0 121476.3379
2375.88 2375.88 0.0 120855.8730
2390.02 2390.02 0.0 120282.8711
2404.16 2404.16 0.0 119758.2422
2418.31 2418.31 0.0 119282.1113
2432.45 2432.45 0.0 118855.2168
2446.59 2446.59 0.0 118476.7988
2460.73 2460.73 0.0 118145.9434
2474.87 2474.87 0.0 117861.1973
2489.02 2489.02 0.0 117620.4609
2503.16 2503.16 0.0 117421.3799
2517.3 2517.3 0.0 117260.5537
2531.44 2531.44 0.0 117134.0479
2545.58 2545.58 0.0 117037.2871
2559.73 2559.73 0.0 116965.1211
2573.87 2573.87 0.0 116912.0957
2588.01 2588.01 0.0 116872.3965
2602.15 2602.15 0.0 116840.2676
2616.3 2616.3 0.0 116810.2705
2630.44 2630.44 0.0 116777.6191
2644.58 2644.58 0.0 116738.3682
2658.72 2658.72 0.0 116689.7256
2672.86 2672.86 0.0 116630.0332
2687.01 2687.01 0.0 116558.7803
2701.15 2701.15 0.0 116476.6602
2715.29 2715.29 0.0 116385.0410
2729.43 2729.43 0.0 116285.8965
2743.57 2743.57 0.0 116181.4492
2757.72 2757.72 0.0 116073.8789
2771.86 2771.86 0.0 115965.4326
2786.0 2786.0 0.0 115857.8271
2800.14 2800.14 0.0 115752.5010
2814.28 2814.28 0.0 115650.5234
2828.43 2828.43 0.0 115552.5293
2842.57 2842.57 0.0 115459.0605
2856.71 2856.71 0.0 115370.1729
2870.85 2870.85 0.0 115285.8711
2885.0 2885.0 0.0 115205.8770
2899.14 2899.14 0.0 115130.0518
2913.28 2913.28 0.0 115058.0000
2927.42 2927.42 0.0 114989.3232
2941.56 2941.56 0.0 114923.6982
2955.71 2955.71 0.0 114860.6621
2969.85 2969.85 0.0 114799.9600
2983.99 2983.99 0.0 114741.1924
2998.13 2998.13 0.0 114684.0391
3012.27 3012.27 0.0 114628.2188
3026.42 3026.42 0.0 114573.3818
3040.56 3040.56 0.0 114519.3516
3054.7 3054.7 0.0 114465.8633
3068.84 3068.84 0.0 114412.6416
3082.99 3082.99 0.0 114359.4658
3097.13 3097.13 0.0 114306.1738
3111.27 3111.27 0.0 114252.5273
3125.41 3125.41 0.0 114198.3154
3139.55 3139.55 0.0 114143.3564
3153.7 3153.7 0.0 114087.3975
3167.84 3167.84 0.0 114030.3330
3181.98 3181.98 0.0 113971.9336
3196.12 3196.12 0.0 113912.0303
3210.26 3210.26 0.0 113850.4492
3224.41 3224.41 0.0 113786.9775
3238.55 3238.55 0.0 113721.5674
3252.69 3252.69 0.0 113654.0459
3266.83 3266.83 0.0 113584.3154
3280.98 3280.98 0.0 113512.2266
3295.12 3295.12 0.0 113437.8438
3309.26 3309.26 0.0 113361.0537
3323.4 3323.4 0.0 113281.9023
3337.54 3337.54 0.0 113200.3809
3351.69 3351.69 0.0 113116.5098
3365.83 3365.83 0.0 113030.4580
3379.97 3379.97 0.0 112942.3047
3394.11 3394.11 0.0 112852.1660
3408.25 3408.25 0.0 112760.1953
3422.4 3422.4 0.0 112666.4922
3436.54 3436.54 0.0 112571.3760
3450.68 3450.68 0.0 112474.9590
3464.82 3464.82 0.0 112377.4453
3478.97 3478.97 0.0 112278.9824
3493.11 3493.11 0.0 112179.9092
3507.25 3507.25 0.0 112080.3506
3521.39 3521.39 0.0 111980.5371
3535.53 3535.53 0.0 111880.6592
3549.68 3549.68 0.0 111780.8291
3563.82 3563.82 0.0 111681.3984
3577.96 3577.96 0.0 111582.4551
3592.1 3592.1 0.0 111484.1777
3606.24 3606.24 0.0 111386.7041
3620.39 3620.39 0.0 111290.1230
3634.53 3634.53 0.0 111194.6982
3648.67 3648.67 0.0 111100.4805
3662.81 3662.81 0.0 111007.5479
3676.96 3676.96 0.0 110915.9580
3691.1 3691.1 0.0 110825.8809
3705.24 3705.24 0.0 110737.3330
3719.38 3719.38 0.0 110650.3682
3733.52 3733.52 0.0 110565.0049
3747.67 3747.67 0.0 110481.2246
3761.81 3761.81 0.0 110399.1562
3775.95 3775.95 0.0 110318.7588
3790.09 3790.09 0.0 110240.0195
3804.23 3804.23 0.0 110162.9434
3818.38 3818.38 0.0 110087.4492
3832.52 3832.52 0.0 110013.6572
3846.66 3846.66 0.0 109941.4512
3860.8 3860.8 0.0 109870.8281
3874.95 3874.95 0.0 109801.7021
3889.09 3889.09 0.0 109734.1357
3903.23 3903.23 0.0 109668.0518
3917.37 3917.37 0.0 109603.3955
3931.51 3931.51 0.0 109540.1484
3945.66 3945.66 0.0 109478.2227
3959.8 3959.8 0.0 109417.6514
3973.94 3973.94 0.0 109358.3623
3988.08 3988.08 0.0 109300.3130
4002.22 4002.22 0.0 109243.4565
4016.37 4016.37 0.0 109187.7241
4030.51 4030.51 0.0 109133.1470
4044.65 4044.65 0.0 109079.6323
4058.79 4058.79 0.0 109027.1631
4072.94 4072.94 0.0 108975.6543
4087.08 4087.08 0.0 108925.1494
4101.22 4101.22 0.0 108875.5576
4115.36 4115.36 0.0 108826.8550
4129.5 4129.5 0.0 108779.0112
4143.65 4143.65 0.0 108731.9419
4157.79 4157.79 0.0 108685.6934
4171.93 4171.93 0.0 108640.1987
4186.07 4186.07 0.0 108595.4199
4200.21 4200.21 0.0 108551.3394
4214.36 4214.36 0.0 108507.8936
4228.5 4228.5 0.0 108465.1050
4242.64 4242.64 0.0 108422.9351
