0.0 0.0 0.0 966643.8125
14.1421 14.1421 0.0 919803.6875
28.2843 28.2843 0.0 802568.3750
42.4264 42.4264 0.0 682215.8750
56.5685 56.5685 0.0 567153.8438
70.7107 70.7107 0.0 463157.2812
84.8528 84.8528 0.0 380645.7188
98.9949 98.9949 0.0 321663.7969
113.137 113.137 0.0 280599.0781
127.279 127.279 0.0 251157.9219
141.421 141.421 0.0 229010.8906
155.563 155.563 0.0 211605.3984
169.706 169.706 0.0 197486.9453
183.848 183.848 0.0 185805.7422
197.99 197.99 0.0 176025.7578
212.132 212.132 0.0 167779.5859
226.274 226.274 0.0 160793.3516
240.416 240.416 0.0 154850.9141
254.558 254.558 0.0 149776.2734
268.701 268.701 0.0 145423.9297
282.843 282.843 0.0 141674.3633
296.985 296.985 0.0 138427.9141
311.127 311.127 0.0 135602.5469
325.269 325.269 0.0 133130.5371
339.411 339.411 0.0 130956.1641
353.553 353.553 0.0 129033.3730
367.696 367.696 0.0 127323.9727
381.838 381.838 0.0 125796.6309
395.98 395.98 0.0 124424.9609
410.122 410.122 0.0 123186.9629
424.264 424.264 0.0 122064.2637
438.406 438.406 0.0 121041.3789
452.548 452.548 0.0 120105.1660
466.69 466.69 0.0 119244.5156
480.833 480.833 0.0 118449.9160
494.975 494.975 0.0 117713.3730
509.117 509.117 0.0 117027.9385
523.259 523.259 0.0 116387.6641
537.401 537.401 0.0 115787.4717
551.543 551.543 0.0 115222.9971
565.685 565.685 0.0 114690.4629
579.828 579.828 0.0 114186.6152
593.97 593.97 0.0 113708.7441
608.112 608.112 0.0 113254.4189
622.254 622.254 0.0 112821.5693
636.396 636.396 0.0 112408.4326
650.538 650.538 0.0 112013.4482
664.68 664.68 0.0 111635.3242
678.823 678.823 0.0 111272.8662
692.965 692.965 0.0 110925.1572
707.107 707.107 0.0 110591.3164
721.249 721.249 0.0 110270.6055
735.391 735.391 0.0 109962.3975
749.533 749.533 0.0 109666.1426
763.675 763.675 0.0 109381.3555
777.817 777.817 0.0 109107.6099
791.96 791.96 0.0 108844.4951
806.102 806.102 0.0 108591.6768
820.244 820.244 0.0 108348.8101
834.386 834.386 0.0 108115.5586
848.528 848.528 0.0 107891.6011
862.67 862.67 0.0 107676.6094
876.812 876.812 0.0 107470.2817
890.955 890.955 0.0 107272.2769
905.097 905.097 0.0 107082.3203
919.239 919.239 0.0 106900.0957
933.381 933.381 0.0 106725.3135
947.523 947.523 0.0 106557.6929
961.665 961.665 0.0 106396.9795
975.807 975.807 0.0 106242.9424
989.949 989.949 0.0 106095.3774
1004.09 1004.09 0.0 105954.1353
1018.23 1018.23 0.0 105819.0850
1032.38 1032.38 0.0 105690.0493
1046.52 1046.52 0.0 105567.1543
1060.66 1060.66 0.0 105450.2866
1074.8 1074.8 0.0 105339.4399
1088.94 1088.94 0.0 105234.5986
1103.09 1103.09 0.0 105135.6777
1117.23 1117.23 0.0 105042.7441
1131.37 1131.37 0.0 104955.6387
1145.51 1145.51 0.0 104874.2168
1159.66 1159.66 0.0 104798.2419
1173.8 1173.8 0.0 104727.6045
1187.94 1187.94 0.0 104661.9971
1202.08 1202.08 0.0 104601.1521
1216.22 1216.22 0.0 104544.7793
1230.37 1230.37 0.0 104492.5659
1244.51 1244.51 0.0 104444.2925
1258.65 1258.65 0.0 104399.6479
1272.79 1272.79 0.0 104358.3596
1286.93 1286.93 0.0 104320.1736
1301.08 1301.08 0.0 104284.8228
1315.22 1315.22 0.0 104252.1362
1329.36 1329.36 0.0 104221.8755
1343.5 1343.5 0.0 104193.8457
1357.65 1357.65 0.0 104167.8523
1371.79 1371.79 0.0 104143.7690
1385.93 1385.93 0.0 104121.4153
1400.07 1400.07 0.0 104100.6523
1414.21 1414.21 0.0 104081.3384
1428.36 1428.36 0.0 104063.3342
1442.5 1442.5 0.0 104046.5364
1456.64 1456.64 0.0 104030.8088
1470.78 1470.78 0.0 104016.0266
1484.92 1484.92 0.0 104002.0745
1499.07 1499.07 0.0 103988.8274
1513.21 1513.21 0.0 103976.1873
1527.35 1527.35 0.0 103964.0347
1541.49 1541.49 0.0 103952.2727
1555.63 1555.63 0.0 103940.8037
1569.78 1569.78 0.0 103929.5334
1583.92 1583.92 0.0 103918.3982
1598.06 1598.06 0.0 103907.3372
1612.2 1612.2 0.0 103896.2844
1626.35 1626.35 0.0 103885.1997
1640.49 1640.49 0.0 103874.0630
1654.63 1654.63 0.0 103862.8525
1668.77 1668.77 0.0 103851.5591
1682.91 1682.91 0.0 103840.1816
1697.06 1697.06 0.0 103828.7207
1711.2 1711.2 0.0 103817.2017
1725.34 1725.34 0.0 103805.6372
1739.48 1739.48 0.0 103794.0457
1753.62 1753.62 0.0 103782.4526
1767.77 1767.77 0.0 103770.8723
1781.91 1781.91 0.0 103759.3396
1796.05 1796.05 0.0 103747.8760
1810.19 1810.19 0.0 103736.4963
1824.34 1824.34 0.0 103725.2122
1838.48 1838.48 0.0 103714.0583
1852.62 1852.62 0.0 103703.0422
1866.76 1866.76 0.0 103692.1716
1880.9 1880.9 0.0 103681.4573
1895.05 1895.05 0.0 103670.8999
1909.19 1909.19 0.0 103660.5195
1923.33 1923.33 0.0 103650.3081
1937.47 1937.47 0.0 103640.2681
1951.61 1951.61 0.0 103630.3989
1965.76 1965.76 0.0 103620.6941
1979.9 1979.9 0.0 103611.1584
1994.04 1994.04 0.0 103601.7852
2008.18 2008.18 0.0 103592.5635
2022.33 2022.33 0.0 103583.4856
2036.47 2036.47 0.0 103574.5532
2050.61 2050.61 0.0 103565.7566
2064.75 2064.75 0.0 103557.0869
2078.89 2078.89 0.0 103548.5342
2093.04 2093.04 0.0 103540.0881
2107.18 2107.18 0.0 103531.7554
2121.32 2121.32 0.0 103523.5164
2135.46 2135.46 0.0 103515.3694
2149.6 2149.6 0.0 103507.3059
2163.75 2163.75 0.0 103499.3191
2177.89 2177.89 0.0 103491.4094
2192.03 2192.03 0.0 103483.5688
2206.17 2206.17 0.0 103475.7954
2220.32 2220.32 0.0 103468.0732
2234.46 2234.46 0.0 103460.4177
2248.6 2248.6 0.0 103452.8169
2262.74 2262.74 0.0 103445.2705
2276.88 2276.88 0.0 103437.7744
2291.03 2291.03 0.0 103430.3225
2305.17 2305.17 0.0 103422.9304
2319.31 2319.31 0.0 103415.5864
2333.45 2333.45 0.0 103408.2915
2347.59 2347.59 0.0 103401.0500
2361.74 2361.74 0.0 103393.8535
2375.88 2375.88 0.0 103386.7161
2390.02 2390.02 0.0 103379.6316
2404.16 2404.16 0.0 103372.6007
2418.31 2418.31 0.0 103365.6230
2432.45 2432.45 0.0 103358.7051
2446.59 2446.59 0.0 103351.8473
2460.73 2460.73 0.0 103345.0500
2474.87 2474.87 0.0 103338.3129
2489.02 2489.02 0.0 103331.6316
2503.16 2503.16 0.0 103325.0183
2517.3 2517.3 0.0 103318.4675
2531.44 2531.44 0.0 103311.9800
2545.58 2545.58 0.0 103305.5541
2559.73 2559.73 0.0 103299.1903
2573.87 2573.87 0.0 103292.8918
2588.01 2588.01 0.0 103286.6556
2602.15 2602.15 0.0 103280.4810
2616.3 2616.3 0.0 103274.3618
2630.44 2630.44 0.0 103268.3065
2644.58 2644.58 0.0 103262.3105
2658.72 2658.72 0.0 103256.3707
2672.86 2672.86 0.0 103250.4867
2687.01 2687.01 0.0 103244.6481
2701.15 2701.15 0.0 103238.8682
2715.29 2715.29 0.0 103233.1365
2729.43 2729.43 0.0 103227.4526
2743.57 2743.57 0.0 103221.8138
2757.72 2757.72 0.0 103216.2153
2771.86 2771.86 0.0 103210.6592
2786.0 2786.0 0.0 103205.1444
2800.14 2800.14 0.0 103199.6689
2814.28 2814.28 0.0 103194.2275
2828.43 2828.43 0.0 103188.8131
2842.57 2842.57 0.0 103183.4358
2856.71 2856.71 0.0 103178.0872
2870.85 2870.85 0.0 103172.7679
2885.0 2885.0 0.0 103167.4692
2899.14 2899.14 0.0 103162.1989
2913.28 2913.28 0.0 103156.9524
2927.42 2927.42 0.0 103151.7267
2941.56 2941.56 0.0 103146.5232
2955.71 2955.71 0.0 103141.3334
2969.85 2969.85 0.0 103136.1671
2983.99 2983.99 0.0 103131.0181
2998.13 2998.13 0.0 103125.8851
3012.27 3012.27 0.0 103120.7662
3026.42 3026.42 0.0 103115.6619
3040.56 3040.56 0.0 103110.5743
3054.7 3054.7 0.0 103105.5023
3068.84 3068.84 0.0 103100.4412
3082.99 3082.99 0.0 103095.3934
3097.13 3097.13 0.0 103090.3612
3111.27 3111.27 0.0 103085.3413
3125.41 3125.41 0.0 103080.3375
3139.55 3139.55 0.0 103075.3445
3153.7 3153.7 0.0 103070.3616
3167.84 3167.84 0.0 103065.3960
3181.98 3181.98 0.0 103060.4447
3196.12 3196.12 0.0 103055.5074
3210.26 3210.26 0.0 103050.5835
3224.41 3224.41 0.0 103045.6702
3238.55 3238.55 0.0 103040.7772
3252.69 3252.69 0.0 103035.9000
3266.83 3266.83 0.0 103031.0374
3280.98 3280.98 0.0 103026.1853
3295.12 3295.12 0.0 103021.3551
3309.26 3309.26 0.0 103016.5426
3323.4 3323.4 0.0 103011.7485
3337.54 3337.54 0.0 103006.9707
3351.69 3351.69 0.0 103002.2076
3365.83 3365.83 0.0 102997.4679
3379.97 3379.97 0.0 102992.7460
3394.11 3394.11 0.0 102988.0481
3408.25 3408.25 0.0 102983.3679
3422.4 3422.4 0.0 102978.7050
3436.54 3436.54 0.0 102974.0675
3450.68 3450.68 0.0 102969.4510
3464.82 3464.82 0.0 102964.8567
3478.97 3478.97 0.0 102960.2808
3493.11 3493.11 0.0 102955.7346
3507.25 3507.25 0.0 102951.2098
3521.39 3521.39 0.0 102946.7081
3535.53 3535.53 0.0 102942.2306
3549.68 3549.68 0.0 102937.7738
3563.82 3563.82 0.0 102933.3439
3577.96 3577.96 0.0 102928.9407
3592.1 3592.1 0.0 102924.5615
3606.24 3606.24 0.0 102920.2074
3620.39 3620.39 0.0 102915.8750
3634.53 3634.53 0.0 102911.5724
3648.67 3648.67 0.0 102907.2950
3662.81 3662.81 0.0 102903.0420
3676.96 3676.96 0.0 102898.8138
3691.1 3691.1 0.0 102894.6150
3705.24 3705.24 0.0 102890.4392
3719.38 3719.38 0.0 102886.2925
3733.52 3733.52 0.0 102882.1707
3747.67 3747.67 0.0 102878.0725
3761.81 3761.81 0.0 102874.0012
3775.95 3775.95 0.0 102869.9575
3790.09 3790.09 0.0 102865.9404
3804.23 3804.23 0.0 102861.9473
3818.38 3818.38 0.0 102857.9774
3832.52 3832.52 0.0 102854.0366
3846.66 3846.66 0.0 102850.1207
3860.8 3860.8 0.0 102846.2292
3874.95 3874.95 0.0 102842.3606
3889.09 3889.09 0.0 102838.5206
3903.23 3903.23 0.0 102834.7041
3917.37 3917.37 0.0 102830.9115
3931.51 3931.51 0.0 102827.1449
3945.66 3945.66 0.0 102823.4005
3959.8 3959.8 0.0 102819.6790
3973.94 3973.94 0.0 102815.9836
3988.08 3988.08 0.0 102812.3103
4002.22 4002.22 0.0 102808.6622
4016.37 4016.37 0.0 102805.0337
4030.51 4030.51 0.0 102801.4302
4044.65 4044.65 0.0 102797.8489
4058.79 4058.79 0.0 102794.2887
4072.94 4072.94 0.0 102790.7493
4087.08 4087.08 0.0 102787.2347
4101.22 4101.22 0.0 102783.7393
4115.36 4115.36 0.0 102780.2660
4129.5 4129.5 0.0 102776.8141
4143.65 4143.65 0.0 102773.3800
4157.79 4157.79 0.0 102769.9692
4171.93 4171.93 0.0 102766.5767
4186.07 4186.07 0.0 102763.2052
4200.21 4200.21 0.0 102759.8531
4214.36 4214.36 0.0 102756.5165
4228.5 4228.5 0.0 102753.2039
4242.64 4242.64 0.0 102749.9086
