0.0 0.0 0.0 732452.2500
14.1421 14.1421 0.0 2172944.7500
28.2843 28.2843 0.0 1365523.3750
42.4264 42.4264 0.0 833657.4375
56.5685 56.5685 0.0 541348.4062
70.7107 70.7107 0.0 384497.2812
84.8528 84.8528 0.0 296578.2188
98.9949 98.9949 0.0 244039.5312
113.137 113.137 0.0 210597.2578
127.279 127.279 0.0 188097.6328
141.421 141.421 0.0 172237.0703
155.563 155.563 0.0 160614.8359
169.706 169.706 0.0 151819.6367
183.848 183.848 0.0 144984.1797
197.99 197.99 0.0 139550.6602
212.132 212.132 0.0 135148.7422
226.274 226.274 0.0 131524.3496
240.416 240.416 0.0 128498.3301
254.558 254.558 0.0 125941.2598
268.701 268.701 0.0 123757.4512
282.843 282.843 0.0 121875.3672
296.985 296.985 0.0 120239.8672
311.127 311.127 0.0 118808.2559
325.269 325.269 0.0 117546.9141
339.411 339.411 0.0 116429.0508
353.553 353.553 0.0 115433.0723
367.696 367.696 0.0 114541.3457
381.838 381.838 0.0 113739.5449
395.98 395.98 0.0 113015.6455
410.122 410.122 0.0 112359.6562
424.264 424.264 0.0 111763.1572
438.406 438.406 0.0 111219.0576
452.548 452.548 0.0 110721.2695
466.69 466.69 0.0 110264.6289
480.833 480.833 0.0 109844.6270
494.975 494.975 0.0 109457.4614
509.117 509.117 0.0 109099.7251
523.259 523.259 0.0 108768.5049
537.401 537.401 0.0 108461.2222
551.543 551.543 0.0 108175.6055
565.685 565.685 0.0 107909.6650
579.828 579.828 0.0 107661.6133
593.97 593.97 0.0 107429.9136
608.112 608.112 0.0 107213.1445
622.254 622.254 0.0 107010.0508
636.396 636.396 0.0 106819.5059
650.538 650.538 0.0 106640.5093
664.68 664.68 0.0 106472.1470
678.823 678.823 0.0 106313.5874
692.965 692.965 0.0 106164.1064
707.107 707.107 0.0 106023.0254
721.249 721.249 0.0 105889.7305
735.391 735.391 0.0 105763.6602
749.533 749.533 0.0 105644.3042
763.675 763.675 0.0 105531.2095
777.817 777.817 0.0 105423.9404
791.96 791.96 0.0 105322.1042
806.102 806.102 0.0 105225.3533
820.244 820.244 0.0 105133.3586
834.386 834.386 0.0 105045.8140
848.528 848.528 0.0 104962.4380
862.67 862.67 0.0 104882.9771
876.812 876.812 0.0 104807.1914
890.955 890.955 0.0 104734.8494
905.097 905.097 0.0 104665.7656
919.239 919.239 0.0 104599.7378
933.381 933.381 0.0 104536.5964
947.523 947.523 0.0 104476.1768
961.665 961.665 0.0 104418.3198
975.807 975.807 0.0 104362.8889
989.949 989.949 0.0 104309.7488
1004.09 1004.09 0.0 104258.7808
1018.23 1018.23 0.0 104209.8682
1032.38 1032.38 0.0 104162.8701
1046.52 1046.52 0.0 104117.7466
1060.66 1060.66 0.0 104074.3723
1074.8 1074.8 0.0 104032.6572
1088.94 1088.94 0.0 103992.5212
1103.09 1103.09 0.0 103953.8547
1117.23 1117.23 0.0 103916.6389
1131.37 1131.37 0.0 103880.7812
1145.51 1145.51 0.0 103846.2141
1159.66 1159.66 0.0 103812.8518
1173.8 1173.8 0.0 103780.6860
1187.94 1187.94 0.0 103749.6387
1202.08 1202.08 0.0 103719.6562
1216.22 1216.22 0.0 103690.6929
1230.37 1230.37 0.0 103662.6807
1244.51 1244.51 0.0 103635.6172
1258.65 1258.65 0.0 103609.4431
1272.79 1272.79 0.0 103584.1172
1286.93 1286.93 0.0 103559.6060
1301.08 1301.08 0.0 103535.8540
1315.22 1315.22 0.0 103512.8672
1329.36 1329.36 0.0 103490.5933
1343.5 1343.5 0.0 103469.0056
1357.65 1357.65 0.0 103448.0598
1371.79 1371.79 0.0 103427.7598
1385.93 1385.93 0.0 103408.0635
1400.07 1400.07 0.0 103388.9517
1414.21 1414.21 0.0 103370.3958
1428.36 1428.36 0.0 103352.3656
1442.5 1442.5 0.0 103334.8643
1456.64 1456.64 0.0 103317.8611
1470.78 1470.78 0.0 103301.3337
1484.92 1484.92 0.0 103285.2704
1499.07 1499.07 0.0 103269.6375
1513.21 1513.21 0.0 103254.4432
1527.35 1527.35 0.0 103239.6624
1541.49 1541.49 0.0 103225.2761
1555.63 1555.63 0.0 103211.2755
1569.78 1569.78 0.0 103197.6376
1583.92 1583.92 0.0 103184.3621
1598.06 1598.06 0.0 103171.4355
1612.2 1612.2 0.0 103158.8428
1626.35 1626.35 0.0 103146.5640
1640.49 1640.49 0.0 103134.6052
1654.63 1654.63 0.0 103122.9475
1668.77 1668.77 0.0 103111.5836
1682.91 1682.91 0.0 103100.5037
1697.06 1697.06 0.0 103089.6876
1711.2 1711.2 0.0 103079.1462
1725.34 1725.34 0.0 103068.8638
1739.48 1739.48 0.0 103058.8282
1753.62 1753.62 0.0 103049.0360
1767.77 1767.77 0.0 103039.4722
1781.91 1781.91 0.0 103030.1442
1796.05 1796.05 0.0 103021.0374
1810.19 1810.19 0.0 103012.1473
1824.34 1824.34 0.0 103003.4579
1838.48 1838.48 0.0 102994.9788
1852.62 1852.62 0.0 102986.6985
1866.76 1866.76 0.0 102978.6104
1880.9 1880.9 0.0 102970.7097
1895.05 1895.05 0.0 102962.9873
1909.19 1909.19 0.0 102955.4473
1923.33 1923.33 0.0 102948.0809
1937.47 1937.47 0.0 102940.8827
1951.61 1951.61 0.0 102933.8489
1965.76 1965.76 0.0 102926.9717
1979.9 1979.9 0.0 102920.2560
1994.04 1994.04 0.0 102913.6926
2008.18 2008.18 0.0 102907.2799
2022.33 2022.33 0.0 102901.0065
2036.47 2036.47 0.0 102894.8826
2050.61 2050.61 0.0 102888.8960
2064.75 2064.75 0.0 102883.0479
2078.89 2078.89 0.0 102877.3318
2093.04 2093.04 0.0 102871.7406
2107.18 2107.18 0.0 102866.2821
2121.32 2121.32 0.0 102860.9486
2135.46 2135.46 0.0 102855.7366
2149.6 2149.6 0.0 102850.6455
2163.75 2163.75 0.0 102845.6676
2177.89 2177.89 0.0 102840.8092
2192.03 2192.03 0.0 102836.0627
2206.17 2206.17 0.0 102831.4274
2220.32 2220.32 0.0 102826.8972
2234.46 2234.46 0.0 102822.4768
2248.6 2248.6 0.0 102818.1605
2262.74 2262.74 0.0 102813.9460
2276.88 2276.88 0.0 102809.8362
2291.03 2291.03 0.0 102805.8188
2305.17 2305.17 0.0 102801.9031
2319.31 2319.31 0.0 102798.0833
2333.45 2333.45 0.0 102794.3567
2347.59 2347.59 0.0 102790.7225
2361.74 2361.74 0.0 102787.1777
2375.88 2375.88 0.0 102783.7233
2390.02 2390.02 0.0 102780.3575
2404.16 2404.16 0.0 102777.0824
2418.31 2418.31 0.0 102773.8866
2432.45 2432.45 0.0 102770.7777
2446.59 2446.59 0.0 102767.7533
2460.73 2460.73 0.0 102764.8076
2474.87 2474.87 0.0 102761.9468
2489.02 2489.02 0.0 102759.1602
2503.16 2503.16 0.0 102756.4551
2517.3 2517.3 0.0 102753.8274
2531.44 2531.44 0.0 102751.2753
2545.58 2545.58 0.0 102748.7981
2559.73 2559.73 0.0 102746.3944
2573.87 2573.87 0.0 102744.0659
2588.01 2588.01 0.0 102741.8104
2602.15 2602.15 0.0 102739.6241
2616.3 2616.3 0.0 102737.5084
2630.44 2630.44 0.0 102735.4633
2644.58 2644.58 0.0 102733.4872
2658.72 2658.72 0.0 102731.5798
2672.86 2672.86 0.0 102729.7399
2687.01 2687.01 0.0 102727.9639
2701.15 2701.15 0.0 102726.2555
2715.29 2715.29 0.0 102724.6119
2729.43 2729.43 0.0 102723.0323
2743.57 2743.57 0.0 102721.5168
2757.72 2757.72 0.0 102720.0643
2771.86 2771.86 0.0 102718.6736
2786.0 2786.0 0.0 102717.3468
2800.14 2800.14 0.0 102716.0793
2814.28 2814.28 0.0 102714.8707
2828.43 2828.43 0.0 102713.7236
2842.57 2842.57 0.0 102712.6362
2856.71 2856.71 0.0 102711.6077
2870.85 2870.85 0.0 102710.6361
2885.0 2885.0 0.0 102709.7219
2899.14 2899.14 0.0 102708.8657
2913.28 2913.28 0.0 102708.0660
2927.42 2927.42 0.0 102707.3229
2941.56 2941.56 0.0 102706.6349
2955.71 2955.71 0.0 102706.0016
2969.85 2969.85 0.0 102705.4219
2983.99 2983.99 0.0 102704.8964
2998.13 2998.13 0.0 102704.4243
3012.27 3012.27 0.0 102704.0066
3026.42 3026.42 0.0 102703.6431
3040.56 3040.56 0.0 102703.3291
3054.7 3054.7 0.0 102703.0670
3068.84 3068.84 0.0 102702.8584
3082.99 3082.99 0.0 102702.7001
3097.13 3097.13 0.0 102702.5919
3111.27 3111.27 0.0 102702.5354
