0.0 0.0 0.0 423311.6562
14.1421 14.1421 0.0 286762.6719
28.2843 28.2843 0.0 304300.4531
42.4264 42.4264 0.0 315140.0156
56.5685 56.5685 0.0 322407.4844
70.7107 70.7107 0.0 327370.5312
84.8528 84.8528 0.0 330702.1406
98.9949 98.9949 0.0 332814.0625
113.137 113.137 0.0 333981.3906
127.279 127.279 0.0 334399.2031
141.421 141.421 0.0 334212.2969
155.563 155.563 0.0 333531.8281
169.706 169.706 0.0 332444.3125
183.848 183.848 0.0 331020.3281
197.99 197.99 0.0 329316.6875
212.132 212.132 0.0 327380.3906
226.274 226.274 0.0 325250.6875
240.416 240.416 0.0 322960.7812
254.558 254.558 0.0 320538.8750
268.701 268.701 0.0 318008.5000
282.843 282.843 0.0 315390.5938
296.985 296.985 0.0 312702.7188
311.127 311.127 0.0 309960.1094
325.269 325.269 0.0 307175.7969
339.411 339.411 0.0 304361.4531
353.553 353.553 0.0 301526.9062
367.696 367.696 0.0 298680.5781
381.838 381.838 0.0 295830.3281
395.98 395.98 0.0 292982.5469
410.122 410.122 0.0 290142.8906
424.264 424.264 0.0 287316.2188
438.406 438.406 0.0 284506.7812
452.548 452.548 0.0 281718.2031
466.69 466.69 0.0 278953.7031
480.833 480.833 0.0 276215.8281
494.975 494.975 0.0 273507.2500
509.117 509.117 0.0 270829.6094
523.259 523.259 0.0 268184.7500
537.401 537.401 0.0 265573.9062
551.543 551.543 0.0 262998.2500
565.685 565.685 0.0 260458.7031
579.828 579.828 0.0 257955.7344
593.97 593.97 0.0 255490.3906
608.112 608.112 0.0 253062.8281
622.254 622.254 0.0 250673.2812
636.396 636.396 0.0 248321.9688
650.538 650.538 0.0 246009.0000
664.68 664.68 0.0 243734.2188
678.823 678.823 0.0 241497.4688
692.965 692.965 0.0 239298.8594
707.107 707.107 0.0 237137.8750
721.249 721.249 0.0 235014.4375
735.391 735.391 0.0 232928.0156
749.533 749.533 0.0 230878.3516
763.675 763.675 0.0 228864.9922
777.817 777.817 0.0 226887.5078
791.96 791.96 0.0 224945.2812
806.102 806.102 0.0 223038.0938
820.244 820.244 0.0 221165.3359
834.386 834.386 0.0 219326.4531
848.528 848.528 0.0 217521.0391
862.67 862.67 0.0 215748.4375
876.812 876.812 0.0 214008.0625
890.955 890.955 0.0 212299.3359
905.097 905.097 0.0 210622.0391
919.239 919.239 0.0 208975.3203
933.381 933.381 0.0 207358.6875
947.523 947.523 0.0 205771.6641
961.665 961.665 0.0 204213.6250
975.807 975.807 0.0 202684.0391
989.949 989.949 0.0 201182.4141
1004.09 1004.09 0.0 199708.2812
1018.23 1018.23 0.0 198261.1328
1032.38 1032.38 0.0 196839.3203
1046.52 1046.52 0.0 195444.3438
1060.66 1060.66 0.0 194074.7031
1074.8 1074.8 0.0 192729.9141
1088.94 1088.94 0.0 191409.4219
1103.09 1103.09 0.0 190111.8750
1117.23 1117.23 0.0 188838.6328
1131.37 1131.37 0.0 187588.3047
1145.51 1145.51 0.0 186360.4531
1159.66 1159.66 0.0 185153.6953
1173.8 1173.8 0.0 183969.3750
1187.94 1187.94 0.0 182806.1562
1202.08 1202.08 0.0 181663.6484
1216.22 1216.22 0.0 180541.3984
1230.37 1230.37 0.0 179438.2344
1244.51 1244.51 0.0 178355.3047
1258.65 1258.65 0.0 177291.4453
1272.79 1272.79 0.0 176246.2812
1286.93 1286.93 0.0 175219.4375
1301.08 1301.08 0.0 174209.8047
1315.22 1315.22 0.0 173218.4766
1329.36 1329.36 0.0 172244.3516
1343.5 1343.5 0.0 171287.0703
1357.65 1357.65 0.0 170345.7188
1371.79 1371.79 0.0 169421.2031
1385.93 1385.93 0.0 168512.5938
1400.07 1400.07 0.0 167619.5391
1414.21 1414.21 0.0 166741.7461
1428.36 1428.36 0.0 165878.2539
1442.5 1442.5 0.0 165030.0430
1456.64 1456.64 0.0 164196.2109
1470.78 1470.78 0.0 163376.4492
1484.92 1484.92 0.0 162570.4805
1499.07 1499.07 0.0 161777.5000
1513.21 1513.21 0.0 160998.3281
1527.35 1527.35 0.0 160232.1680
1541.49 1541.49 0.0 159478.7422
1555.63 1555.63 0.0 158737.8242
1569.78 1569.78 0.0 158008.6758
1583.92 1583.92 0.0 157292.0430
1598.06 1598.06 0.0 156587.2148
1612.2 1612.2 0.0 155893.9336
1626.35 1626.35 0.0 155211.5195
1640.49 1640.49 0.0 154540.7344
1654.63 1654.63 0.0 153880.8398
1668.77 1668.77 0.0 153231.6445
1682.91 1682.91 0.0 152592.9492
1697.06 1697.06 0.0 151964.1445
1711.2 1711.2 0.0 151345.8594
1725.34 1725.34 0.0 150737.5195
1739.48 1739.48 0.0 150138.9062
1753.62 1753.62 0.0 149549.8359
1767.77 1767.77 0.0 148969.7305
1781.91 1781.91 0.0 148399.2383
1796.05 1796.05 0.0 147837.7812
1810.19 1810.19 0.0 147285.1719
1824.34 1824.34 0.0 146740.9297
1838.48 1838.48 0.0 146205.5820
1852.62 1852.62 0.0 145678.5977
1866.76 1866.76 0.0 145159.8633
1880.9 1880.9 0.0 144649.2266
1895.05 1895.05 0.0 144146.1680
1909.19 1909.19 0.0 143651.2461
1923.33 1923.33 0.0 143163.9922
1937.47 1937.47 0.0 142684.2656
1951.61 1951.61 0.0 142211.8945
1965.76 1965.76 0.0 141746.4648
1979.9 1979.9 0.0 141288.4805
1994.04 1994.04 0.0 140837.4961
2008.18 2008.18 0.0 140393.3672
2022.33 2022.33 0.0 139955.7109
2036.47 2036.47 0.0 139525.0000
2050.61 2050.61 0.0 139100.7734
2064.75 2064.75 0.0 138682.9922
2078.89 2078.89 0.0 138271.4688
2093.04 2093.04 0.0 137865.8828
2107.18 2107.18 0.0 137466.6289
2121.32 2121.32 0.0 137073.3594
2135.46 2135.46 0.0 136685.9609
2149.6 2149.6 0.0 136304.3398
2163.75 2163.75 0.0 135928.1133
2177.89 2177.89 0.0 135557.7422
2192.03 2192.03 0.0 135192.8242
2206.17 2206.17 0.0 134833.3281
2220.32 2220.32 0.0 134478.8633
2234.46 2234.46 0.0 134129.8672
2248.6 2248.6 0.0 133785.9922
2262.74 2262.74 0.0 133447.1387
2276.88 2276.88 0.0 133113.2559
2291.03 2291.03 0.0 132784.0039
2305.17 2305.17 0.0 132459.7461
2319.31 2319.31 0.0 132140.2266
2333.45 2333.45 0.0 131825.3516
2347.59 2347.59 0.0 131515.0176
2361.74 2361.74 0.0 131208.9434
2375.88 2375.88 0.0 130907.5039
2390.02 2390.02 0.0 130610.3828
2404.16 2404.16 0.0 130317.5508
2418.31 2418.31 0.0 130028.6914
2432.45 2432.45 0.0 129744.1816
2446.59 2446.59 0.0 129463.7324
2460.73 2460.73 0.0 129187.2852
2474.87 2474.87 0.0 128914.7539
2489.02 2489.02 0.0 128645.9219
2503.16 2503.16 0.0 128381.0703
2517.3 2517.3 0.0 128119.9629
2531.44 2531.44 0.0 127862.5625
2545.58 2545.58 0.0 127608.7871
2559.73 2559.73 0.0 127358.3945
2573.87 2573.87 0.0 127111.7051
2588.01 2588.01 0.0 126868.4883
2602.15 2602.15 0.0 126628.6582
2616.3 2616.3 0.0 126392.0293
2630.44 2630.44 0.0 126158.8457
2644.58 2644.58 0.0 125928.9199
2658.72 2658.72 0.0 125702.2090
2672.86 2672.86 0.0 125478.6211
2687.01 2687.01 0.0 125257.9980
2701.15 2701.15 0.0 125040.5703
2715.29 2715.29 0.0 124826.1562
2729.43 2729.43 0.0 124614.6934
2743.57 2743.57 0.0 124406.1406
2757.72 2757.72 0.0 124200.3125
2771.86 2771.86 0.0 123997.4570
2786.0 2786.0 0.0 123797.3945
2800.14 2800.14 0.0 123600.0547
2814.28 2814.28 0.0 123405.4238
2828.43 2828.43 0.0 123213.3125
2842.57 2842.57 0.0 123023.9316
2856.71 2856.71 0.0 122837.1465
2870.85 2870.85 0.0 122652.8945
2885.0 2885.0 0.0 122471.0195
2899.14 2899.14 0.0 122291.7246
2913.28 2913.28 0.0 122114.8555
2927.42 2927.42 0.0 121940.3867
2941.56 2941.56 0.0 121768.2500
2955.71 2955.71 0.0 121598.3281
2969.85 2969.85 0.0 121430.7988
2983.99 2983.99 0.0 121265.5215
2998.13 2998.13 0.0 121102.4531
3012.27 3012.27 0.0 120941.5859
3026.42 3026.42 0.0 120782.7402
3040.56 3040.56 0.0 120626.1230
3054.7 3054.7 0.0 120471.6016
3068.84 3068.84 0.0 120319.1309
3082.99 3082.99 0.0 120168.5723
3097.13 3097.13 0.0 120020.1270
3111.27 3111.27 0.0 119873.6445
3125.41 3125.41 0.0 119729.0938
3139.55 3139.55 0.0 119586.4570
3153.7 3153.7 0.0 119445.6035
3167.84 3167.84 0.0 119306.6973
3181.98 3181.98 0.0 119169.6230
3196.12 3196.12 0.0 119034.3438
3210.26 3210.26 0.0 118900.8418
3224.41 3224.41 0.0 118768.9941
3238.55 3238.55 0.0 118638.9531
3252.69 3252.69 0.0 118510.6133
3266.83 3266.83 0.0 118383.9434
3280.98 3280.98 0.0 118258.8320
3295.12 3295.12 0.0 118135.4395
3309.26 3309.26 0.0 118013.6484
3323.4 3323.4 0.0 117893.4219
3337.54 3337.54 0.0 117774.7656
3351.69 3351.69 0.0 117657.5537
3365.83 3365.83 0.0 117541.9277
3379.97 3379.97 0.0 117427.7852
3394.11 3394.11 0.0 117315.1191
3408.25 3408.25 0.0 117203.9043
3422.4 3422.4 0.0 117094.0176
3436.54 3436.54 0.0 116985.6270
3450.68 3450.68 0.0 116878.6055
3464.82 3464.82 0.0 116772.9619
3478.97 3478.97 0.0 116668.5898
3493.11 3493.11 0.0 116565.6094
3507.25 3507.25 0.0 116463.9316
3521.39 3521.39 0.0 116363.5518
3535.53 3535.53 0.0 116264.4287
3549.68 3549.68 0.0 116166.5000
3563.82 3563.82 0.0 116069.8652
3577.96 3577.96 0.0 115974.4385
3592.1 3592.1 0.0 115880.2168
3606.24 3606.24 0.0 115787.1650
3620.39 3620.39 0.0 115695.2334
3634.53 3634.53 0.0 115604.4922
3648.67 3648.67 0.0 115514.8896
3662.81 3662.81 0.0 115426.4072
3676.96 3676.96 0.0 115338.9502
3691.1 3691.1 0.0 115252.6445
3705.24 3705.24 0.0 115167.3984
3719.38 3719.38 0.0 115083.2109
3733.52 3733.52 0.0 115000.0625
3747.67 3747.67 0.0 114917.8711
3761.81 3761.81 0.0 114836.7578
3775.95 3775.95 0.0 114756.6172
3790.09 3790.09 0.0 114677.4658
3804.23 3804.23 0.0 114599.2881
3818.38 3818.38 0.0 114521.9902
3832.52 3832.52 0.0 114445.6982
3846.66 3846.66 0.0 114370.3262
3860.8 3860.8 0.0 114295.8643
3874.95 3874.95 0.0 114222.2510
3889.09 3889.09 0.0 114149.5703
3903.23 3903.23 0.0 114077.7754
3917.37 3917.37 0.0 114006.8232
3931.51 3931.51 0.0 113936.7344
3945.66 3945.66 0.0 113867.4238
3959.8 3959.8 0.0 113798.9873
3973.94 3973.94 0.0 113731.3643
3988.08 3988.08 0.0 113664.5439
4002.22 4002.22 0.0 113598.5049
4016.37 4016.37 0.0 113533.2002
4030.51 4030.51 0.0 113468.7129
4044.65 4044.65 0.0 113404.9863
4058.79 4058.79 0.0 113342.0039
4072.94 4072.94 0.0 113279.7090
4087.08 4087.08 0.0 113218.1768
4101.22 4101.22 0.0 113157.3730
4115.36 4115.36 0.0 113097.2568
4129.5 4129.5 0.0 113037.8408
4143.65 4143.65 0.0 112979.0654
4157.79 4157.79 0.0 112921.0088
4171.93 4171.93 0.0 112863.6260
4186.07 4186.07 0.0 112806.8838
4200.21 4200.21 0.0 112750.7979
4214.36 4214.36 0.0 112695.3076
4228.5 4228.5 0.0 112640.4736
4242.64 4242.64 0.0 112586.2793
4256.78 4256.78 0.0 112532.6846
4270.92 4270.92 0.0 112479.6758
4285.07 4285.07 0.0 112427.2432
4299.21 4299.21 0.0 112375.4277
4313.35 4313.35 0.0 112324.1768
4327.49 4327.49 0.0 112273.5146
4341.64 4341.64 0.0 112223.3633
4355.78 4355.78 0.0 112173.8008
4369.92 4369.92 0.0 112124.7852
4384.06 4384.06 0.0 112076.3115
4398.2 4398.2 0.0 112028.3535
4412.35 4412.35 0.0 111980.8955
4426.49 4426.49 0.0 111933.9756
4440.63 4440.63 0.0 111887.5752
4454.77 4454.77 0.0 111841.6572
4468.91 4468.91 0.0 111796.2451
4483.06 4483.06 0.0 111751.2861
4497.2 4497.2 0.0 111706.8340
4511.34 4511.34 0.0 111662.8496
4525.48 4525.48 0.0 111619.3330
4539.63 4539.63 0.0 111576.2578
4553.77 4553.77 0.0 111533.6514
4567.91 4567.91 0.0 111491.5029
4582.05 4582.05 0.0 111449.7803
4596.19 4596.19 0.0 111408.4922
4610.34 4610.34 0.0 111367.6133
4624.48 4624.48 0.0 111327.1846
4638.62 4638.62 0.0 111287.1641
4652.76 4652.76 0.0 111247.5518
4666.9 4666.9 0.0 111208.3496
4681.05 4681.05 0.0 111169.5166
4695.19 4695.19 0.0 111131.1016
4709.33 4709.33 0.0 111093.0801
4723.47 4723.47 0.0 111055.4365
4737.62 4737.62 0.0 111018.1436
4751.76 4751.76 0.0 110981.2510
4765.9 4765.9 0.0 110944.7217
4780.04 4780.04 0.0 110908.5596
4794.18 4794.18 0.0 110872.7441
4808.33 4808.33 0.0 110837.2588
4822.47 4822.47 0.0 110802.1445
4836.61 4836.61 0.0 110767.3770
4850.75 4850.75 0.0 110732.9434
4864.89 4864.89 0.0 110698.8330
4879.04 4879.04 0.0 110665.0381
4893.18 4893.18 0.0 110631.5850
4907.32 4907.32 0.0 110598.4541
4921.46 4921.46 0.0 110565.6367
4935.61 4935.61 0.0 110533.1064
4949.75 4949.75 0.0 110500.9111
4963.89 4963.89 0.0 110469.0068
4978.03 4978.03 0.0 110437.3994
4992.17 4992.17 0.0 110406.0938
5006.32 5006.32 0.0 110375.0576
5020.46 5020.46 0.0 110344.3213
5034.6 5034.6 0.0 110313.8721
5048.74 5048.74 0.0 110283.7080
5062.88 5062.88 0.0 110253.8047
5077.03 5077.03 0.0 110224.1494
5091.17 5091.17 0.0 110194.7871
5105.31 5105.31 0.0 110165.6953
5119.45 5119.45 0.0 110136.8584
5133.6 5133.6 0.0 110108.2578
5147.74 5147.74 0.0 110079.9316
5161.88 5161.88 0.0 110051.8623
5176.02 5176.02 0.0 110024.0225
5190.16 5190.16 0.0 109996.4365
5204.31 5204.31 0.0 109969.0723
5218.45 5218.45 0.0 109941.9590
5232.59 5232.59 0.0 109915.0801
5246.73 5246.73 0.0 109888.4355
5260.87 5260.87 0.0 109862.0234
5275.02 5275.02 0.0 109835.8096
5289.16 5289.16 0.0 109809.8369
5303.3 5303.3 0.0 109784.0830
5317.44 5317.44 0.0 109758.5527
5331.59 5331.59 0.0 109733.2090
5345.73 5345.73 0.0 109708.0947
5359.87 5359.87 0.0 109683.1914
5374.01 5374.01 0.0 109658.4941
5388.15 5388.15 0.0 109634.0039
5402.3 5402.3 0.0 109609.6943
5416.44 5416.44 0.0 109585.5928
5430.58 5430.58 0.0 109561.6875
5444.72 5444.72 0.0 109537.9824
5458.86 5458.86 0.0 109514.4717
5473.01 5473.01 0.0 109491.1230
5487.15 5487.15 0.0 109467.9722
5501.29 5501.29 0.0 109445.0117
5515.43 5515.43 0.0 109422.2334
5529.58 5529.58 0.0 109399.6152
5543.72 5543.72 0.0 109377.1934
5557.86 5557.86 0.0 109354.9375
5572.0 5572.0 0.0 109332.8638
5586.14 5586.14 0.0 109310.9634
5600.29 5600.29 0.0 109289.2002
5614.43 5614.43 0.0 109267.6309
5628.57 5628.57 0.0 109246.2217
5642.71 5642.71 0.0 109224.9829
5656.85 5656.85 0.0 109203.8970
5671.0 5671.0 0.0 109182.9580
5685.14 5685.14 0.0 109162.1875
5699.28 5699.28 0.0 109141.5698
5713.42 5713.42 0.0 109121.1104
5727.56 5727.56 0.0 109100.7925
5741.71 5741.71 0.0 109080.6304
5755.85 5755.85 0.0 109060.6162
5769.99 5769.99 0.0 109040.7480
5784.13 5784.13 0.0 109021.0264
5798.28 5798.28 0.0 109001.4351
5812.42 5812.42 0.0 108981.9951
5826.56 5826.56 0.0 108962.6982
5840.7 5840.7 0.0 108943.5337
5854.84 5854.84 0.0 108924.5142
5868.99 5868.99 0.0 108905.6104
5883.13 5883.13 0.0 108886.8506
5897.27 5897.27 0.0 108868.2339
5911.41 5911.41 0.0 108849.7339
5925.55 5925.55 0.0 108831.3721
5939.7 5939.7 0.0 108813.1226
5953.84 5953.84 0.0 108795.0132
5967.98 5967.98 0.0 108777.0244
5982.12 5982.12 0.0 108759.1641
5996.27 5996.27 0.0 108741.4102
6010.41 6010.41 0.0 108723.7896
6024.55 6024.55 0.0 108706.2920
6038.69 6038.69 0.0 108688.9121
6052.83 6052.83 0.0 108671.6494
6066.98 6066.98 0.0 108654.4800
6081.12 6081.12 0.0 108637.4512
6095.26 6095.26 0.0 108620.5303
6109.4 6109.4 0.0 108603.7217
6123.54 6123.54 0.0 108587.0239
6137.69 6137.69 0.0 108570.4268
6151.83 6151.83 0.0 108553.9419
6165.97 6165.97 0.0 108537.5742
6180.11 6180.11 0.0 108521.3086
6194.26 6194.26 0.0 108505.1367
6208.4 6208.4 0.0 108489.0791
6222.54 6222.54 0.0 108473.1333
6236.68 6236.68 0.0 108457.2759
6250.82 6250.82 0.0 108441.5288
6264.97 6264.97 0.0 108425.8701
6279.11 6279.11 0.0 108410.3193
6293.25 6293.25 0.0 108394.8662
6307.39 6307.39 0.0 108379.5112
6321.53 6321.53 0.0 108364.2593
6335.68 6335.68 0.0 108349.0835
6349.82 6349.82 0.0 108334.0171
6363.96 6363.96 0.0 108319.0454
6378.1 6378.1 0.0 108304.1626
6392.25 6392.25 0.0 108289.3545
6406.39 6406.39 0.0 108274.6567
6420.53 6420.53 0.0 108260.0557
6434.67 6434.67 0.0 108245.5249
6448.81 6448.81 0.0 108231.0962
6462.96 6462.96 0.0 108216.7373
6477.1 6477.1 0.0 108202.4800
6491.24 6491.24 0.0 108188.3101
6505.38 6505.38 0.0 108174.2192
6519.52 6519.52 0.0 108160.2148
6533.67 6533.67 0.0 108146.2812
6547.81 6547.81 0.0 108132.4438
6561.95 6561.95 0.0 108118.6865
6576.09 6576.09 0.0 108105.0083
6590.24 6590.24 0.0 108091.4053
6604.38 6604.38 0.0 108077.8911
6618.52 6618.52 0.0 108064.4517
6632.66 6632.66 0.0 108051.0835
6646.8 6646.8 0.0 108037.8022
6660.95 6660.95 0.0 108024.5854
6675.09 6675.09 0.0 108011.4551
6689.23 6689.23 0.0 107998.4009
6703.37 6703.37 0.0 107985.4165
6717.51 6717.51 0.0 107972.5083
6731.66 6731.66 0.0 107959.6650
6745.8 6745.8 0.0 107946.9072
6759.94 6759.94 0.0 107934.2144
6774.08 6774.08 0.0 107921.5928
6788.23 6788.23 0.0 107909.0327
6802.37 6802.37 0.0 107896.5527
6816.51 6816.51 0.0 107884.1528
6830.65 6830.65 0.0 107871.8037
6844.79 6844.79 0.0 107859.5273
6858.94 6858.94 0.0 107847.3145
6873.08 6873.08 0.0 107835.1704
6887.22 6887.22 0.0 107823.1025
6901.36 6901.36 0.0 107811.0903
6915.5 6915.5 0.0 107799.1426
6929.65 6929.65 0.0 107787.2573
6943.79 6943.79 0.0 107775.4399
6957.93 6957.93 0.0 107763.6836
6972.07 6972.07 0.0 107751.9912
6986.21 6986.21 0.0 107740.3628
7000.36 7000.36 0.0 107728.7861
7014.5 7014.5 0.0 107717.2852
7028.64 7028.64 0.0 107705.8403
7042.78 7042.78 0.0 107694.4531
7056.93 7056.93 0.0 107683.1094
7071.07 7071.07 0.0 107671.8472
7085.21 7085.21 0.0 107660.6313
7099.35 7099.35 0.0 107649.4810
7113.49 7113.49 0.0 107638.3853
7127.64 7127.64 0.0 107627.3364
7141.78 7141.78 0.0 107616.3574
7155.92 7155.92 0.0 107605.4272
7170.06 7170.06 0.0 107594.5645
7184.2 7184.2 0.0 107583.7319
7198.35 7198.35 0.0 107572.9590
7212.49 7212.49 0.0 107562.2524
7226.63 7226.63 0.0 107551.5879
7240.77 7240.77 0.0 107540.9888
7254.92 7254.92 0.0 107530.4312
7269.06 7269.06 0.0 107519.9155
7283.2 7283.2 0.0 107509.4761
7297.34 7297.34 0.0 107499.0718
7311.48 7311.48 0.0 107488.7227
7325.63 7325.63 0.0 107478.4204
7339.77 7339.77 0.0 107468.1650
7353.91 7353.91 0.0 107457.9604
7368.05 7368.05 0.0 107447.8110
7382.19 7382.19 0.0 107437.7026
7396.34 7396.34 0.0 107427.6333
7410.48 7410.48 0.0 107417.6211
7424.62 7424.62 0.0 107407.6538
7438.76 7438.76 0.0 107397.7319
7452.91 7452.91 0.0 107387.8555
7467.05 7467.05 0.0 107378.0293
7481.19 7481.19 0.0 107368.2476
7495.33 7495.33 0.0 107358.5049
7509.47 7509.47 0.0 107348.8062
7523.62 7523.62 0.0 107339.1455
7537.76 7537.76 0.0 107329.5435
7551.9 7551.9 0.0 107319.9688
7566.04 7566.04 0.0 107310.4512
7580.18 7580.18 0.0 107300.9653
7594.33 7594.33 0.0 107291.5176
7608.47 7608.47 0.0 107282.1138
7622.61 7622.61 0.0 107272.7578
7636.75 7636.75 0.0 107263.4390
7650.9 7650.9 0.0 107254.1523
7665.04 7665.04 0.0 107244.9136
7679.18 7679.18 0.0 107235.7061
7693.32 7693.32 0.0 107226.5469
7707.46 7707.46 0.0 107217.4185
7721.61 7721.61 0.0 107208.3257
7735.75 7735.75 0.0 107199.2812
7749.89 7749.89 0.0 107190.2646
7764.03 7764.03 0.0 107181.2808
7778.17 7778.17 0.0 107172.3472
