0.0 0.0 0.0 298446.4844
14.1421 14.1421 0.0 202076.8750
28.2843 28.2843 0.0 203284.0859
42.4264 42.4264 0.0 202227.2969
56.5685 56.5685 0.0 200120.5000
70.7107 70.7107 0.0 197473.0000
84.8528 84.8528 0.0 194554.9375
98.9949 98.9949 0.0 191523.4922
113.137 113.137 0.0 188473.7422
127.279 127.279 0.0 185463.9531
141.421 141.421 0.0 182529.0625
155.563 155.563 0.0 179689.5547
169.706 169.706 0.0 176956.1094
183.848 183.848 0.0 174333.9766
197.99 197.99 0.0 171823.8359
212.132 212.132 0.0 169424.1328
226.274 226.274 0.0 167131.7031
240.416 240.416 0.0 164942.4688
254.558 254.558 0.0 162851.8945
268.701 268.701 0.0 160855.1445
282.843 282.843 0.0 158947.6914
296.985 296.985 0.0 157124.6875
311.127 311.127 0.0 155381.5508
325.269 325.269 0.0 153713.9883
339.411 339.411 0.0 152117.8281
353.553 353.553 0.0 150589.1875
367.696 367.696 0.0 149124.2656
381.838 381.838 0.0 147719.8789
395.98 395.98 0.0 146372.6445
410.122 410.122 0.0 145079.5352
424.264 424.264 0.0 143837.7422
438.406 438.406 0.0 142644.5938
452.548 452.548 0.0 141497.6211
466.69 466.69 0.0 140394.5117
480.833 480.833 0.0 139333.0039
494.975 494.975 0.0 138311.1797
509.117 509.117 0.0 137327.0898
523.259 523.259 0.0 136378.9062
537.401 537.401 0.0 135464.9688
551.543 551.543 0.0 134583.6328
565.685 565.685 0.0 133733.4766
579.828 579.828 0.0 132912.9727
593.97 593.97 0.0 132120.9590
608.112 608.112 0.0 131356.0879
622.254 622.254 0.0 130617.1953
636.396 636.396 0.0 129903.1602
650.538 650.538 0.0 129212.9316
664.68 664.68 0.0 128545.5098
678.823 678.823 0.0 127899.8828
692.965 692.965 0.0 127275.2754
707.107 707.107 0.0 126670.7559
721.249 721.249 0.0 126085.5527
735.391 735.391 0.0 125518.8652
749.533 749.533 0.0 124969.9844
763.675 763.675 0.0 124438.2207
777.817 777.817 0.0 123922.8906
791.96 791.96 0.0 123423.3574
806.102 806.102 0.0 122939.0684
820.244 820.244 0.0 122469.4434
834.386 834.386 0.0 122013.9160
848.528 848.528 0.0 121571.9785
862.67 862.67 0.0 121143.1250
876.812 876.812 0.0 120726.8887
890.955 890.955 0.0 120322.7988
905.097 905.097 0.0 119930.4668
919.239 919.239 0.0 119549.4531
933.381 933.381 0.0 119179.3574
947.523 947.523 0.0 118819.8027
961.665 961.665 0.0 118470.4414
975.807 975.807 0.0 118130.8926
989.949 989.949 0.0 117800.8398
1004.09 1004.09 0.0 117479.9990
1018.23 1018.23 0.0 117168.0469
1032.38 1032.38 0.0 116864.4531
1046.52 1046.52 0.0 116569.3672
1060.66 1060.66 0.0 116282.2998
1074.8 1074.8 0.0 116002.9873
1088.94 1088.94 0.0 115731.1865
1103.09 1103.09 0.0 115466.4570
1117.23 1117.23 0.0 115208.9541
1131.37 1131.37 0.0 114958.2695
1145.51 1145.51 0.0 114714.1797
1159.66 1159.66 0.0 114476.3076
1173.8 1173.8 0.0 114244.7949
1187.94 1187.94 0.0 114019.2793
1202.08 1202.08 0.0 113799.5791
1216.22 1216.22 0.0 113585.5176
1230.37 1230.37 0.0 113376.7764
1244.51 1244.51 0.0 113173.4873
1258.65 1258.65 0.0 112975.3359
1272.79 1272.79 0.0 112782.1572
1286.93 1286.93 0.0 112593.8271
1301.08 1301.08 0.0 112410.0625
1315.22 1315.22 0.0 112230.9883
1329.36 1329.36 0.0 112056.3408
1343.5 1343.5 0.0 111885.9824
1357.65 1357.65 0.0 111719.6699
1371.79 1371.79 0.0 111557.5322
1385.93 1385.93 0.0 111399.3291
1400.07 1400.07 0.0 111244.9443
1414.21 1414.21 0.0 111094.2754
1428.36 1428.36 0.0 110947.0996
1442.5 1442.5 0.0 110803.5420
1456.64 1456.64 0.0 110663.3896
1470.78 1470.78 0.0 110526.5479
1484.92 1484.92 0.0 110392.9258
1499.07 1499.07 0.0 110262.3408
1513.21 1513.21 0.0 110134.8975
1527.35 1527.35 0.0 110010.4131
1541.49 1541.49 0.0 109888.8057
1555.63 1555.63 0.0 109769.9961
1569.78 1569.78 0.0 109653.8350
1583.92 1583.92 0.0 109540.4102
1598.06 1598.06 0.0 109429.5591
1612.2 1612.2 0.0 109321.2266
1626.35 1626.35 0.0 109215.2544
1640.49 1640.49 0.0 109111.7397
1654.63 1654.63 0.0 109010.5454
1668.77 1668.77 0.0 108911.5981
1682.91 1682.91 0.0 108814.8550
1697.06 1697.06 0.0 108720.1738
1711.2 1711.2 0.0 108627.6460
1725.34 1725.34 0.0 108537.1460
1739.48 1739.48 0.0 108448.6230
1753.62 1753.62 0.0 108362.0220
1767.77 1767.77 0.0 108277.2329
1781.91 1781.91 0.0 108194.3340
1796.05 1796.05 0.0 108113.2163
1810.19 1810.19 0.0 108033.8315
1824.34 1824.34 0.0 107956.0850
1838.48 1838.48 0.0 107880.0356
1852.62 1852.62 0.0 107805.5923
1866.76 1866.76 0.0 107732.7139
1880.9 1880.9 0.0 107661.3633
1895.05 1895.05 0.0 107591.4536
1909.19 1909.19 0.0 107523.0405
1923.33 1923.33 0.0 107456.0430
1937.47 1937.47 0.0 107390.4214
1951.61 1951.61 0.0 107326.1475
1965.76 1965.76 0.0 107263.1460
1979.9 1979.9 0.0 107201.4658
1994.04 1994.04 0.0 107141.0298
2008.18 2008.18 0.0 107081.8135
2022.33 2022.33 0.0 107023.7480
2036.47 2036.47 0.0 106966.8813
2050.61 2050.61 0.0 106911.1426
2064.75 2064.75 0.0 106856.5088
2078.89 2078.89 0.0 106802.9468
2093.04 2093.04 0.0 106750.4082
2107.18 2107.18 0.0 106698.9287
2121.32 2121.32 0.0 106648.4478
2135.46 2135.46 0.0 106598.9443
2149.6 2149.6 0.0 106550.4019
2163.75 2163.75 0.0 106502.7505
2177.89 2177.89 0.0 106456.0425
2192.03 2192.03 0.0 106410.2236
2206.17 2206.17 0.0 106365.2695
2220.32 2220.32 0.0 106321.1318
2234.46 2234.46 0.0 106277.8506
2248.6 2248.6 0.0 106235.3784
2262.74 2262.74 0.0 106193.6924
2276.88 2276.88 0.0 106152.7759
2291.03 2291.03 0.0 106112.5864
2305.17 2305.17 0.0 106073.1562
2319.31 2319.31 0.0 106034.4463
2333.45 2333.45 0.0 105996.4336
2347.59 2347.59 0.0 105959.1084
2361.74 2361.74 0.0 105922.4238
2375.88 2375.88 0.0 105886.4194
2390.02 2390.02 0.0 105851.0586
2404.16 2404.16 0.0 105816.3130
2418.31 2418.31 0.0 105782.1641
2432.45 2432.45 0.0 105748.6265
2446.59 2446.59 0.0 105715.6719
2460.73 2460.73 0.0 105683.2886
2474.87 2474.87 0.0 105651.4619
2489.02 2489.02 0.0 105620.1553
2503.16 2503.16 0.0 105589.4043
2517.3 2517.3 0.0 105559.1685
2531.44 2531.44 0.0 105529.4463
2545.58 2545.58 0.0 105500.2236
2559.73 2559.73 0.0 105471.4590
2573.87 2573.87 0.0 105443.1890
2588.01 2588.01 0.0 105415.3906
2602.15 2602.15 0.0 105388.0391
2616.3 2616.3 0.0 105361.1221
2630.44 2630.44 0.0 105334.6514
2644.58 2644.58 0.0 105308.6079
2658.72 2658.72 0.0 105282.9746
2672.86 2672.86 0.0 105257.7549
2687.01 2687.01 0.0 105232.9119
2701.15 2701.15 0.0 105208.4797
2715.29 2715.29 0.0 105184.4280
2729.43 2729.43 0.0 105160.7439
2743.57 2743.57 0.0 105137.4263
2757.72 2757.72 0.0 105114.4468
2771.86 2771.86 0.0 105091.8352
2786.0 2786.0 0.0 105069.5667
2800.14 2800.14 0.0 105047.6313
2814.28 2814.28 0.0 105026.0198
2828.43 2828.43 0.0 105004.7178
2842.57 2842.57 0.0 104983.7449
2856.71 2856.71 0.0 104963.0732
2870.85 2870.85 0.0 104942.7043
2885.0 2885.0 0.0 104922.6169
2899.14 2899.14 0.0 104902.8318
2913.28 2913.28 0.0 104883.3311
2927.42 2927.42 0.0 104864.1033
2941.56 2941.56 0.0 104845.1487
2955.71 2955.71 0.0 104826.4436
2969.85 2969.85 0.0 104808.0120
2983.99 2983.99 0.0 104789.8337
2998.13 2998.13 0.0 104771.9077
3012.27 3012.27 0.0 104754.2212
3026.42 3026.42 0.0 104736.7649
3040.56 3040.56 0.0 104719.5571
3054.7 3054.7 0.0 104702.5747
3068.84 3068.84 0.0 104685.8210
3082.99 3082.99 0.0 104669.2742
3097.13 3097.13 0.0 104652.9546
3111.27 3111.27 0.0 104636.8484
3125.41 3125.41 0.0 104620.9490
3139.55 3139.55 0.0 104605.2551
3153.7 3153.7 0.0 104589.7478
3167.84 3167.84 0.0 104574.4529
3181.98 3181.98 0.0 104559.3450
3196.12 3196.12 0.0 104544.4238
3210.26 3210.26 0.0 104529.6917
3224.41 3224.41 0.0 104515.1287
3238.55 3238.55 0.0 104500.7544
3252.69 3252.69 0.0 104486.5544
3266.83 3266.83 0.0 104472.5273
3280.98 3280.98 0.0 104458.6548
3295.12 3295.12 0.0 104444.9609
3309.26 3309.26 0.0 104431.4272
3323.4 3323.4 0.0 104418.0535
3337.54 3337.54 0.0 104404.8342
3351.69 3351.69 0.0 104391.7605
3365.83 3365.83 0.0 104378.8455
3379.97 3379.97 0.0 104366.0801
3394.11 3394.11 0.0 104353.4590
3408.25 3408.25 0.0 104340.9778
3422.4 3422.4 0.0 104328.6292
3436.54 3436.54 0.0 104316.4294
3450.68 3450.68 0.0 104304.3604
3464.82 3464.82 0.0 104292.4258
3478.97 3478.97 0.0 104280.6150
3493.11 3493.11 0.0 104268.9409
3507.25 3507.25 0.0 104257.3911
3521.39 3521.39 0.0 104245.9644
3535.53 3535.53 0.0 104234.6609
3549.68 3549.68 0.0 104223.4675
3563.82 3563.82 0.0 104212.4023
3577.96 3577.96 0.0 104201.4534
3592.1 3592.1 0.0 104190.6169
3606.24 3606.24 0.0 104179.8943
3620.39 3620.39 0.0 104169.2729
3634.53 3634.53 0.0 104158.7678
3648.67 3648.67 0.0 104148.3687
3662.81 3662.81 0.0 104138.0762
3676.96 3676.96 0.0 104127.8794
3691.1 3691.1 0.0 104117.7891
3705.24 3705.24 0.0 104107.8037
3719.38 3719.38 0.0 104097.9126
3733.52 3733.52 0.0 104088.1216
3747.67 3747.67 0.0 104078.4194
3761.81 3761.81 0.0 104068.8152
3775.95 3775.95 0.0 104059.3069
3790.09 3790.09 0.0 104049.8896
3804.23 3804.23 0.0 104040.5635
3818.38 3818.38 0.0 104031.3176
3832.52 3832.52 0.0 104022.1653
3846.66 3846.66 0.0 104013.1038
3860.8 3860.8 0.0 104004.1223
3874.95 3874.95 0.0 103995.2207
3889.09 3889.09 0.0 103986.4082
3903.23 3903.23 0.0 103977.6775
3917.37 3917.37 0.0 103969.0234
3931.51 3931.51 0.0 103960.4526
3945.66 3945.66 0.0 103951.9524
3959.8 3959.8 0.0 103943.5369
3973.94 3973.94 0.0 103935.1978
3988.08 3988.08 0.0 103926.9336
4002.22 4002.22 0.0 103918.7424
4016.37 4016.37 0.0 103910.6182
4030.51 4030.51 0.0 103902.5725
4044.65 4044.65 0.0 103894.5977
4058.79 4058.79 0.0 103886.6960
4072.94 4072.94 0.0 103878.8542
4087.08 4087.08 0.0 103871.0906
4101.22 4101.22 0.0 103863.3931
4115.36 4115.36 0.0 103855.7607
4129.5 4129.5 0.0 103848.1960
4143.65 4143.65 0.0 103840.6946
4157.79 4157.79 0.0 103833.2585
4171.93 4171.93 0.0 103825.8867
4186.07 4186.07 0.0 103818.5801
4200.21 4200.21 0.0 103811.3335
4214.36 4214.36 0.0 103804.1455
4228.5 4228.5 0.0 103797.0234
4242.64 4242.64 0.0 103789.9614
4256.78 4256.78 0.0 103782.9585
4270.92 4270.92 0.0 103776.0134
4285.07 4285.07 0.0 103769.1211
4299.21 4299.21 0.0 103762.2954
4313.35 4313.35 0.0 103755.5215
4327.49 4327.49 0.0 103748.8098
4341.64 4341.64 0.0 103742.1433
4355.78 4355.78 0.0 103735.5388
4369.92 4369.92 0.0 103728.9897
4384.06 4384.06 0.0 103722.4941
4398.2 4398.2 0.0 103716.0493
4412.35 4412.35 0.0 103709.6565
4426.49 4426.49 0.0 103703.3186
4440.63 4440.63 0.0 103697.0359
4454.77 4454.77 0.0 103690.8010
4468.91 4468.91 0.0 103684.6174
4483.06 4483.06 0.0 103678.4795
4497.2 4497.2 0.0 103672.3984
4511.34 4511.34 0.0 103666.3645
4525.48 4525.48 0.0 103660.3772
4539.63 4539.63 0.0 103654.4360
4553.77 4553.77 0.0 103648.5479
4567.91 4567.91 0.0 103642.7075
4582.05 4582.05 0.0 103636.9104
4596.19 4596.19 0.0 103631.1633
4610.34 4610.34 0.0 103625.4543
4624.48 4624.48 0.0 103619.8008
4638.62 4638.62 0.0 103614.1877
4652.76 4652.76 0.0 103608.6216
4666.9 4666.9 0.0 103603.0989
4681.05 4681.05 0.0 103597.6160
4695.19 4695.19 0.0 103592.1833
4709.33 4709.33 0.0 103586.7893
4723.47 4723.47 0.0 103581.4429
4737.62 4737.62 0.0 103576.1331
4751.76 4751.76 0.0 103570.8684
4765.9 4765.9 0.0 103565.6470
4780.04 4780.04 0.0 103560.4658
4794.18 4794.18 0.0 103555.3250
4808.33 4808.33 0.0 103550.2212
4822.47 4822.47 0.0 103545.1594
4836.61 4836.61 0.0 103540.1401
4850.75 4850.75 0.0 103535.1624
4864.89 4864.89 0.0 103530.2200
4879.04 4879.04 0.0 103525.3140
4893.18 4893.18 0.0 103520.4502
4907.32 4907.32 0.0 103515.6252
4921.46 4921.46 0.0 103510.8381
4935.61 4935.61 0.0 103506.0852
4949.75 4949.75 0.0 103501.3738
4963.89 4963.89 0.0 103496.6973
4978.03 4978.03 0.0 103492.0566
4992.17 4992.17 0.0 103487.4568
5006.32 5006.32 0.0 103482.8843
5020.46 5020.46 0.0 103478.3540
5034.6 5034.6 0.0 103473.8601
5048.74 5048.74 0.0 103469.3989
5062.88 5062.88 0.0 103464.9736
5077.03 5077.03 0.0 103460.5786
5091.17 5091.17 0.0 103456.2231
5105.31 5105.31 0.0 103451.8999
5119.45 5119.45 0.0 103447.6118
5133.6 5133.6 0.0 103443.3535
5147.74 5147.74 0.0 103439.1316
5161.88 5161.88 0.0 103434.9424
5176.02 5176.02 0.0 103430.7859
5190.16 5190.16 0.0 103426.6611
5204.31 5204.31 0.0 103422.5667
5218.45 5218.45 0.0 103418.5063
5232.59 5232.59 0.0 103414.4763
5246.73 5246.73 0.0 103410.4810
5260.87 5260.87 0.0 103406.5120
5275.02 5275.02 0.0 103402.5754
5289.16 5289.16 0.0 103398.6721
5303.3 5303.3 0.0 103394.7979
5317.44 5317.44 0.0 103390.9521
5331.59 5331.59 0.0 103387.1355
5345.73 5345.73 0.0 103383.3511
5359.87 5359.87 0.0 103379.5945
5374.01 5374.01 0.0 103375.8679
5388.15 5388.15 0.0 103372.1697
5402.3 5402.3 0.0 103368.4987
5416.44 5416.44 0.0 103364.8584
5430.58 5430.58 0.0 103361.2469
5444.72 5444.72 0.0 103357.6630
5458.86 5458.86 0.0 103354.1039
5473.01 5473.01 0.0 103350.5724
5487.15 5487.15 0.0 103347.0698
5501.29 5501.29 0.0 103343.5946
5515.43 5515.43 0.0 103340.1458
5529.58 5529.58 0.0 103336.7234
5543.72 5543.72 0.0 103333.3263
5557.86 5557.86 0.0 103329.9578
5572.0 5572.0 0.0 103326.6157
5586.14 5586.14 0.0 103323.2968
5600.29 5600.29 0.0 103320.0038
5614.43 5614.43 0.0 103316.7334
5628.57 5628.57 0.0 103313.4913
5642.71 5642.71 0.0 103310.2749
5656.85 5656.85 0.0 103307.0831
5671.0 5671.0 0.0 103303.9121
5685.14 5685.14 0.0 103300.7689
5699.28 5699.28 0.0 103297.6495
5713.42 5713.42 0.0 103294.5498
5727.56 5727.56 0.0 103291.4767
5741.71 5741.71 0.0 103288.4264
5755.85 5755.85 0.0 103285.3990
5769.99 5769.99 0.0 103282.3944
5784.13 5784.13 0.0 103279.4147
5798.28 5798.28 0.0 103276.4525
5812.42 5812.42 0.0 103273.5172
5826.56 5826.56 0.0 103270.6028
5840.7 5840.7 0.0 103267.7076
5854.84 5854.84 0.0 103264.8428
5868.99 5868.99 0.0 103261.9875
5883.13 5883.13 0.0 103259.1595
5897.27 5897.27 0.0 103256.3523
5911.41 5911.41 0.0 103253.5674
5925.55 5925.55 0.0 103250.8031
5939.7 5939.7 0.0 103248.0529
5953.84 5953.84 0.0 103245.3295
5967.98 5967.98 0.0 103242.6254
5982.12 5982.12 0.0 103239.9406
5996.27 5996.27 0.0 103237.2732
6010.41 6010.41 0.0 103234.6278
6024.55 6024.55 0.0 103232.0042
6038.69 6038.69 0.0 103229.3949
6052.83 6052.83 0.0 103226.8066
6066.98 6066.98 0.0 103224.2355
6081.12 6081.12 0.0 103221.6855
6095.26 6095.26 0.0 103219.1511
6109.4 6109.4 0.0 103216.6379
6123.54 6123.54 0.0 103214.1388
6137.69 6137.69 0.0 103211.6576
6151.83 6151.83 0.0 103209.1973
6165.97 6165.97 0.0 103206.7548
6180.11 6180.11 0.0 103204.3259
6194.26 6194.26 0.0 103201.9155
6208.4 6208.4 0.0 103199.5217
6222.54 6222.54 0.0 103197.1425
6236.68 6236.68 0.0 103194.7850
6250.82 6250.82 0.0 103192.4420
6264.97 6264.97 0.0 103190.1125
6279.11 6279.11 0.0 103187.7985
6293.25 6293.25 0.0 103185.5015
6307.39 6307.39 0.0 103183.2233
6321.53 6321.53 0.0 103180.9584
6335.68 6335.68 0.0 103178.7069
6349.82 6349.82 0.0 103176.4713
6363.96 6363.96 0.0 103174.2509
6378.1 6378.1 0.0 103172.0461
6392.25 6392.25 0.0 103169.8539
6406.39 6406.39 0.0 103167.6747
6420.53 6420.53 0.0 103165.5111
6434.67 6434.67 0.0 103163.3660
6448.81 6448.81 0.0 103161.2295
6462.96 6462.96 0.0 103159.1031
6477.1 6477.1 0.0 103156.9958
6491.24 6491.24 0.0 103154.9008
6505.38 6505.38 0.0 103152.8185
6519.52 6519.52 0.0 103150.7507
6533.67 6533.67 0.0 103148.6904
6547.81 6547.81 0.0 103146.6473
6561.95 6561.95 0.0 103144.6133
6576.09 6576.09 0.0 103142.5945
6590.24 6590.24 0.0 103140.5878
6604.38 6604.38 0.0 103138.5881
6618.52 6618.52 0.0 103136.6055
6632.66 6632.66 0.0 103134.6327
6646.8 6646.8 0.0 103132.6699
6660.95 6660.95 0.0 103130.7169
6675.09 6675.09 0.0 103128.7789
6689.23 6689.23 0.0 103126.8499
6703.37 6703.37 0.0 103124.9332
6717.51 6717.51 0.0 103123.0254
6731.66 6731.66 0.0 103121.1248
6745.8 6745.8 0.0 103119.2399
6759.94 6759.94 0.0 103117.3604
6774.08 6774.08 0.0 103115.4929
6788.23 6788.23 0.0 103113.6344
6802.37 6802.37 0.0 103111.7861
6816.51 6816.51 0.0 103109.9432
6830.65 6830.65 0.0 103108.1158
6844.79 6844.79 0.0 103106.2955
6858.94 6858.94 0.0 103104.4805
6873.08 6873.08 0.0 103102.6780
6887.22 6887.22 0.0 103100.8810
6901.36 6901.36 0.0 103099.0959
6915.5 6915.5 0.0 103097.3142
6929.65 6929.65 0.0 103095.5436
6943.79 6943.79 0.0 103093.7798
6957.93 6957.93 0.0 103092.0264
6972.07 6972.07 0.0 103090.2795
6986.21 6986.21 0.0 103088.5378
