0.0 0.0 0.0 431441.4062
14.1421 14.1421 0.0 308823.3906
28.2843 28.2843 0.0 322598.7500
42.4264 42.4264 0.0 324872.3750
56.5685 56.5685 0.0 321603.5312
70.7107 70.7107 0.0 315335.2500
84.8528 84.8528 0.0 307442.8594
98.9949 98.9949 0.0 298742.5938
113.137 113.137 0.0 289737.7188
127.279 127.279 0.0 280741.2969
141.421 141.421 0.0 271946.0938
155.563 155.563 0.0 263467.4688
169.706 169.706 0.0 255369.5156
183.848 183.848 0.0 247685.0938
197.99 197.99 0.0 240423.8281
212.132 212.132 0.0 233582.2656
226.274 226.274 0.0 227148.1875
240.416 240.416 0.0 221104.4297
254.558 254.558 0.0 215430.8828
268.701 268.701 0.0 210105.7578
282.843 282.843 0.0 205108.1484
296.985 296.985 0.0 200416.2578
311.127 311.127 0.0 196009.5000
325.269 325.269 0.0 191868.2812
339.411 339.411 0.0 187974.0859
353.553 353.553 0.0 184309.6484
367.696 367.696 0.0 180858.5703
381.838 381.838 0.0 177606.3516
395.98 395.98 0.0 174538.9219
410.122 410.122 0.0 171643.3672
424.264 424.264 0.0 168907.9141
438.406 438.406 0.0 166321.5703
452.548 452.548 0.0 163874.2422
466.69 466.69 0.0 161556.6289
480.833 480.833 0.0 159359.9336
494.975 494.975 0.0 157276.6055
509.117 509.117 0.0 155299.0898
523.259 523.259 0.0 153420.6562
537.401 537.401 0.0 151634.9805
551.543 551.543 0.0 149936.3281
565.685 565.685 0.0 148319.3086
579.828 579.828 0.0 146778.8438
593.97 593.97 0.0 145310.5430
608.112 608.112 0.0 143910.0117
622.254 622.254 0.0 142573.2695
636.396 636.396 0.0 141296.6484
650.538 650.538 0.0 140076.6797
664.68 664.68 0.0 138910.2070
678.823 678.823 0.0 137794.1094
692.965 692.965 0.0 136725.8086
707.107 707.107 0.0 135702.6289
721.249 721.249 0.0 134722.1289
735.391 735.391 0.0 133782.0312
749.533 749.533 0.0 132880.2461
763.675 763.675 0.0 132014.7656
777.817 777.817 0.0 131183.7246
791.96 791.96 0.0 130385.3516
806.102 806.102 0.0 129618.0781
820.244 820.244 0.0 128880.3633
834.386 834.386 0.0 128170.7051
848.528 848.528 0.0 127487.7910
862.67 862.67 0.0 126830.3105
876.812 876.812 0.0 126197.0723
890.955 890.955 0.0 125586.8926
905.097 905.097 0.0 124998.7969
919.239 919.239 0.0 124431.7383
933.381 933.381 0.0 123884.7422
947.523 947.523 0.0 123356.9062
961.665 961.665 0.0 122847.3906
975.807 975.807 0.0 122355.4023
989.949 989.949 0.0 121880.1484
1004.09 1004.09 0.0 121420.9688
1018.23 1018.23 0.0 120977.1504
1032.38 1032.38 0.0 120547.7324
1046.52 1046.52 0.0 120132.6992
1060.66 1060.66 0.0 119731.1543
1074.8 1074.8 0.0 119342.5508
1088.94 1088.94 0.0 118966.3672
1103.09 1103.09 0.0 118601.8496
1117.23 1117.23 0.0 118249.0176
1131.37 1131.37 0.0 117907.1641
1145.51 1145.51 0.0 117575.8750
1159.66 1159.66 0.0 117254.5029
1173.8 1173.8 0.0 116943.1094
1187.94 1187.94 0.0 116641.1123
1202.08 1202.08 0.0 116348.1221
1216.22 1216.22 0.0 116063.8232
1230.37 1230.37 0.0 115787.6992
1244.51 1244.51 0.0 115519.8154
1258.65 1258.65 0.0 115259.6973
1272.79 1272.79 0.0 115007.0459
1286.93 1286.93 0.0 114761.6113
1301.08 1301.08 0.0 114522.9580
1315.22 1315.22 0.0 114291.1758
1329.36 1329.36 0.0 114065.8584
1343.5 1343.5 0.0 113846.7822
1357.65 1357.65 0.0 113633.5889
1371.79 1371.79 0.0 113426.3555
1385.93 1385.93 0.0 113224.7402
1400.07 1400.07 0.0 113028.5547
1414.21 1414.21 0.0 112837.6152
1428.36 1428.36 0.0 112651.6270
1442.5 1442.5 0.0 112470.6553
1456.64 1456.64 0.0 112294.4316
1470.78 1470.78 0.0 112122.7930
1484.92 1484.92 0.0 111955.5898
1499.07 1499.07 0.0 111792.5596
1513.21 1513.21 0.0 111633.8086
1527.35 1527.35 0.0 111479.0762
1541.49 1541.49 0.0 111328.2471
1555.63 1555.63 0.0 111181.1787
1569.78 1569.78 0.0 111037.6758
1583.92 1583.92 0.0 110897.8154
1598.06 1598.06 0.0 110761.3877
1612.2 1612.2 0.0 110628.2822
1626.35 1626.35 0.0 110498.3115
1640.49 1640.49 0.0 110371.5703
1654.63 1654.63 0.0 110247.8604
1668.77 1668.77 0.0 110127.0879
1682.91 1682.91 0.0 110009.1748
1697.06 1697.06 0.0 109893.9551
1711.2 1711.2 0.0 109781.5098
1725.34 1725.34 0.0 109671.6699
1739.48 1739.48 0.0 109564.3672
1753.62 1753.62 0.0 109459.5273
1767.77 1767.77 0.0 109357.0083
1781.91 1781.91 0.0 109256.8823
1796.05 1796.05 0.0 109159.0210
1810.19 1810.19 0.0 109063.3394
1824.34 1824.34 0.0 108969.7329
1838.48 1838.48 0.0 108878.2632
1852.62 1852.62 0.0 108788.8081
1866.76 1866.76 0.0 108701.3105
1880.9 1880.9 0.0 108615.7139
1895.05 1895.05 0.0 108531.9185
1909.19 1909.19 0.0 108449.9766
1923.33 1923.33 0.0 108369.7935
1937.47 1937.47 0.0 108291.3105
1951.61 1951.61 0.0 108214.4849
1965.76 1965.76 0.0 108139.2251
1979.9 1979.9 0.0 108065.5850
1994.04 1994.04 0.0 107993.4805
2008.18 2008.18 0.0 107922.8628
2022.33 2022.33 0.0 107853.6479
2036.47 2036.47 0.0 107785.8940
2050.61 2050.61 0.0 107719.5151
2064.75 2064.75 0.0 107654.4761
2078.89 2078.89 0.0 107590.7446
2093.04 2093.04 0.0 107528.2373
2107.18 2107.18 0.0 107467.0112
2121.32 2121.32 0.0 107406.9946
2135.46 2135.46 0.0 107348.1528
2149.6 2149.6 0.0 107290.4629
2163.75 2163.75 0.0 107233.8462
2177.89 2177.89 0.0 107178.3608
2192.03 2192.03 0.0 107123.9380
2206.17 2206.17 0.0 107070.5498
2220.32 2220.32 0.0 107018.1362
2234.46 2234.46 0.0 106966.7466
2248.6 2248.6 0.0 106916.3164
2262.74 2262.74 0.0 106866.8208
2276.88 2276.88 0.0 106818.2412
2291.03 2291.03 0.0 106770.5205
2305.17 2305.17 0.0 106723.7056
2319.31 2319.31 0.0 106677.7354
2333.45 2333.45 0.0 106632.5952
2347.59 2347.59 0.0 106588.2700
2361.74 2361.74 0.0 106544.6963
2375.88 2375.88 0.0 106501.9253
2390.02 2390.02 0.0 106459.9092
2404.16 2404.16 0.0 106418.6284
2418.31 2418.31 0.0 106378.0366
2432.45 2432.45 0.0 106338.1704
2446.59 2446.59 0.0 106298.9897
2460.73 2460.73 0.0 106260.4805
2474.87 2474.87 0.0 106222.6182
2489.02 2489.02 0.0 106185.3716
2503.16 2503.16 0.0 106148.7700
2517.3 2517.3 0.0 106112.7827
2531.44 2531.44 0.0 106077.3799
2545.58 2545.58 0.0 106042.5659
2559.73 2559.73 0.0 106008.2939
2573.87 2573.87 0.0 105974.5972
2588.01 2588.01 0.0 105941.4478
2602.15 2602.15 0.0 105908.8223
2616.3 2616.3 0.0 105876.6953
2630.44 2630.44 0.0 105845.0977
2644.58 2644.58 0.0 105813.9951
2658.72 2658.72 0.0 105783.3770
2672.86 2672.86 0.0 105753.2275
2687.01 2687.01 0.0 105723.5234
2701.15 2701.15 0.0 105694.2964
2715.29 2715.29 0.0 105665.5029
2729.43 2729.43 0.0 105637.1455
2743.57 2743.57 0.0 105609.2153
2757.72 2757.72 0.0 105581.6802
2771.86 2771.86 0.0 105554.5649
2786.0 2786.0 0.0 105527.8506
2800.14 2800.14 0.0 105501.5249
2814.28 2814.28 0.0 105475.5771
2828.43 2828.43 0.0 105449.9844
2842.57 2842.57 0.0 105424.7681
2856.71 2856.71 0.0 105399.9126
2870.85 2870.85 0.0 105375.4043
2885.0 2885.0 0.0 105351.2212
2899.14 2899.14 0.0 105327.3899
2913.28 2913.28 0.0 105303.8848
2927.42 2927.42 0.0 105280.7019
2941.56 2941.56 0.0 105257.8298
2955.71 2955.71 0.0 105235.2480
2969.85 2969.85 0.0 105212.9866
2983.99 2983.99 0.0 105191.0186
2998.13 2998.13 0.0 105169.3428
3012.27 3012.27 0.0 105147.9468
3026.42 3026.42 0.0 105126.8123
3040.56 3040.56 0.0 105105.9653
3054.7 3054.7 0.0 105085.3831
3068.84 3068.84 0.0 105065.0640
3082.99 3082.99 0.0 105044.9871
3097.13 3097.13 0.0 105025.1729
3111.27 3111.27 0.0 105005.6057
3125.41 3125.41 0.0 104986.2815
3139.55 3139.55 0.0 104967.1899
3153.7 3153.7 0.0 104948.3206
3167.84 3167.84 0.0 104929.6895
3181.98 3181.98 0.0 104911.2815
3196.12 3196.12 0.0 104893.0901
3210.26 3210.26 0.0 104875.1160
3224.41 3224.41 0.0 104857.3394
3238.55 3238.55 0.0 104839.7844
3252.69 3252.69 0.0 104822.4275
3266.83 3266.83 0.0 104805.2739
3280.98 3280.98 0.0 104788.3000
3295.12 3295.12 0.0 104771.5337
3309.26 3309.26 0.0 104754.9541
3323.4 3323.4 0.0 104738.5583
3337.54 3337.54 0.0 104722.3445
3351.69 3351.69 0.0 104706.2974
3365.83 3365.83 0.0 104690.4382
3379.97 3379.97 0.0 104674.7505
3394.11 3394.11 0.0 104659.2280
3408.25 3408.25 0.0 104643.8782
3422.4 3422.4 0.0 104628.6746
3436.54 3436.54 0.0 104613.6436
3450.68 3450.68 0.0 104598.7729
3464.82 3464.82 0.0 104584.0549
3478.97 3478.97 0.0 104569.4802
3493.11 3493.11 0.0 104555.0642
3507.25 3507.25 0.0 104540.7964
3521.39 3521.39 0.0 104526.6721
3535.53 3535.53 0.0 104512.6890
3549.68 3549.68 0.0 104498.8394
3563.82 3563.82 0.0 104485.1353
3577.96 3577.96 0.0 104471.5715
3592.1 3592.1 0.0 104458.1355
3606.24 3606.24 0.0 104444.8318
3620.39 3620.39 0.0 104431.6506
3634.53 3634.53 0.0 104418.6045
3648.67 3648.67 0.0 104405.6848
3662.81 3662.81 0.0 104392.8835
3676.96 3676.96 0.0 104380.1992
3691.1 3691.1 0.0 104367.6428
3705.24 3705.24 0.0 104355.2070
3719.38 3719.38 0.0 104342.8838
3733.52 3733.52 0.0 104330.6765
3747.67 3747.67 0.0 104318.5710
3761.81 3761.81 0.0 104306.5881
3775.95 3775.95 0.0 104294.7126
3790.09 3790.09 0.0 104282.9463
3804.23 3804.23 0.0 104271.2883
3818.38 3818.38 0.0 104259.7236
3832.52 3832.52 0.0 104248.2725
3846.66 3846.66 0.0 104236.9229
3860.8 3860.8 0.0 104225.6753
3874.95 3874.95 0.0 104214.5166
3889.09 3889.09 0.0 104203.4648
3903.23 3903.23 0.0 104192.5127
3917.37 3917.37 0.0 104181.6567
3931.51 3931.51 0.0 104170.8906
3945.66 3945.66 0.0 104160.2131
3959.8 3959.8 0.0 104149.6326
3973.94 3973.94 0.0 104139.1423
3988.08 3988.08 0.0 104128.7446
4002.22 4002.22 0.0 104118.4355
4016.37 4016.37 0.0 104108.2068
4030.51 4030.51 0.0 104098.0681
4044.65 4044.65 0.0 104088.0178
4058.79 4058.79 0.0 104078.0498
4072.94 4072.94 0.0 104068.1594
4087.08 4087.08 0.0 104058.3591
4101.22 4101.22 0.0 104048.6392
4115.36 4115.36 0.0 104038.9993
4129.5 4129.5 0.0 104029.4419
4143.65 4143.65 0.0 104019.9529
4157.79 4157.79 0.0 104010.5513
4171.93 4171.93 0.0 104001.2268
4186.07 4186.07 0.0 103991.9778
4200.21 4200.21 0.0 103982.8010
4214.36 4214.36 0.0 103973.6965
4228.5 4228.5 0.0 103964.6707
4242.64 4242.64 0.0 103955.7207
4256.78 4256.78 0.0 103946.8408
4270.92 4270.92 0.0 103938.0322
4285.07 4285.07 0.0 103929.2876
4299.21 4299.21 0.0 103920.6233
4313.35 4313.35 0.0 103912.0244
4327.49 4327.49 0.0 103903.4934
4341.64 4341.64 0.0 103895.0283
4355.78 4355.78 0.0 103886.6375
4369.92 4369.92 0.0 103878.3105
4384.06 4384.06 0.0 103870.0503
4398.2 4398.2 0.0 103861.8560
4412.35 4412.35 0.0 103853.7224
4426.49 4426.49 0.0 103845.6572
4440.63 4440.63 0.0 103837.6558
4454.77 4454.77 0.0 103829.7212
4468.91 4468.91 0.0 103821.8455
4483.06 4483.06 0.0 103814.0276
4497.2 4497.2 0.0 103806.2778
4511.34 4511.34 0.0 103798.5884
4525.48 4525.48 0.0 103790.9617
4539.63 4539.63 0.0 103783.3892
4553.77 4553.77 0.0 103775.8794
4567.91 4567.91 0.0 103768.4285
4582.05 4582.05 0.0 103761.0398
4596.19 4596.19 0.0 103753.7070
4610.34 4610.34 0.0 103746.4270
4624.48 4624.48 0.0 103739.2107
4638.62 4638.62 0.0 103732.0500
4652.76 4652.76 0.0 103724.9495
4666.9 4666.9 0.0 103717.8994
4681.05 4681.05 0.0 103710.9021
4695.19 4695.19 0.0 103703.9666
4709.33 4709.33 0.0 103697.0833
4723.47 4723.47 0.0 103690.2559
4737.62 4737.62 0.0 103683.4783
4751.76 4751.76 0.0 103676.7581
4765.9 4765.9 0.0 103670.0898
4780.04 4780.04 0.0 103663.4778
4794.18 4794.18 0.0 103656.9160
4808.33 4808.33 0.0 103650.3992
4822.47 4822.47 0.0 103643.9443
4836.61 4836.61 0.0 103637.5361
4850.75 4850.75 0.0 103631.1807
4864.89 4864.89 0.0 103624.8745
4879.04 4879.04 0.0 103618.6152
4893.18 4893.18 0.0 103612.4109
4907.32 4907.32 0.0 103606.2573
4921.46 4921.46 0.0 103600.1504
4935.61 4935.61 0.0 103594.0901
4949.75 4949.75 0.0 103588.0803
4963.89 4963.89 0.0 103582.1208
4978.03 4978.03 0.0 103576.2095
4992.17 4992.17 0.0 103570.3442
5006.32 5006.32 0.0 103564.5232
5020.46 5020.46 0.0 103558.7546
5034.6 5034.6 0.0 103553.0315
5048.74 5048.74 0.0 103547.3528
5062.88 5062.88 0.0 103541.7234
5077.03 5077.03 0.0 103536.1333
5091.17 5091.17 0.0 103530.5940
5105.31 5105.31 0.0 103525.1045
5119.45 5119.45 0.0 103519.6536
5133.6 5133.6 0.0 103514.2432
5147.74 5147.74 0.0 103508.8835
5161.88 5161.88 0.0 103503.5703
5176.02 5176.02 0.0 103498.2971
5190.16 5190.16 0.0 103493.0681
5204.31 5204.31 0.0 103487.8811
5218.45 5218.45 0.0 103482.7400
5232.59 5232.59 0.0 103477.6382
5246.73 5246.73 0.0 103472.5828
5260.87 5260.87 0.0 103467.5671
5275.02 5275.02 0.0 103462.5935
5289.16 5289.16 0.0 103457.6643
5303.3 5303.3 0.0 103452.7744
5317.44 5317.44 0.0 103447.9250
5331.59 5331.59 0.0 103443.1152
5345.73 5345.73 0.0 103438.3501
5359.87 5359.87 0.0 103433.6245
5374.01 5374.01 0.0 103428.9390
5388.15 5388.15 0.0 103424.2959
5402.3 5402.3 0.0 103419.6873
5416.44 5416.44 0.0 103415.1223
5430.58 5430.58 0.0 103410.5952
5444.72 5444.72 0.0 103406.1067
5458.86 5458.86 0.0 103401.6594
5473.01 5473.01 0.0 103397.2463
5487.15 5487.15 0.0 103392.8743
5501.29 5501.29 0.0 103388.5405
5515.43 5515.43 0.0 103384.2454
5529.58 5529.58 0.0 103379.9839
5543.72 5543.72 0.0 103375.7664
5557.86 5557.86 0.0 103371.5797
5572.0 5572.0 0.0 103367.4370
5586.14 5586.14 0.0 103363.3275
5600.29 5600.29 0.0 103359.2498
5614.43 5614.43 0.0 103355.2141
5628.57 5628.57 0.0 103351.2129
5642.71 5642.71 0.0 103347.2489
5656.85 5656.85 0.0 103343.3215
5671.0 5671.0 0.0 103339.4237
5685.14 5685.14 0.0 103335.5671
5699.28 5699.28 0.0 103331.7415
5713.42 5713.42 0.0 103327.9568
5727.56 5727.56 0.0 103324.2010
5741.71 5741.71 0.0 103320.4780
5755.85 5755.85 0.0 103316.7942
5769.99 5769.99 0.0 103313.1427
5784.13 5784.13 0.0 103309.5233
5798.28 5798.28 0.0 103305.9390
5812.42 5812.42 0.0 103302.3857
5826.56 5826.56 0.0 103298.8679
5840.7 5840.7 0.0 103295.3843
5854.84 5854.84 0.0 103291.9312
5868.99 5868.99 0.0 103288.5076
5883.13 5883.13 0.0 103285.1218
5897.27 5897.27 0.0 103281.7642
5911.41 5911.41 0.0 103278.4409
5925.55 5925.55 0.0 103275.1495
5939.7 5939.7 0.0 103271.8878
5953.84 5953.84 0.0 103268.6573
5967.98 5967.98 0.0 103265.4583
5982.12 5982.12 0.0 103262.2920
5996.27 5996.27 0.0 103259.1504
6010.41 6010.41 0.0 103256.0432
6024.55 6024.55 0.0 103252.9677
6038.69 6038.69 0.0 103249.9200
6052.83 6052.83 0.0 103246.9044
6066.98 6066.98 0.0 103243.9147
6081.12 6081.12 0.0 103240.9580
6095.26 6095.26 0.0 103238.0276
6109.4 6109.4 0.0 103235.1281
6123.54 6123.54 0.0 103232.2568
6137.69 6137.69 0.0 103229.4131
6151.83 6151.83 0.0 103226.5964
6165.97 6165.97 0.0 103223.8137
6180.11 6180.11 0.0 103221.0560
6194.26 6194.26 0.0 103218.3247
6208.4 6208.4 0.0 103215.6216
6222.54 6222.54 0.0 103212.9459
6236.68 6236.68 0.0 103210.2982
6250.82 6250.82 0.0 103207.6747
6264.97 6264.97 0.0 103205.0800
6279.11 6279.11 0.0 103202.5139
6293.25 6293.25 0.0 103199.9728
6307.39 6307.39 0.0 103197.4583
6321.53 6321.53 0.0 103194.9685
6335.68 6335.68 0.0 103192.5034
6349.82 6349.82 0.0 103190.0656
6363.96 6363.96 0.0 103187.6547
6378.1 6378.1 0.0 103185.2676
6392.25 6392.25 0.0 103182.9045
6406.39 6406.39 0.0 103180.5676
6420.53 6420.53 0.0 103178.2566
6434.67 6434.67 0.0 103175.9688
6448.81 6448.81 0.0 103173.7047
6462.96 6462.96 0.0 103171.4622
6477.1 6477.1 0.0 103169.2466
6491.24 6491.24 0.0 103167.0558
6505.38 6505.38 0.0 103164.8870
6519.52 6519.52 0.0 103162.7426
6533.67 6533.67 0.0 103160.6189
6547.81 6547.81 0.0 103158.5195
6561.95 6561.95 0.0 103156.4427
6576.09 6576.09 0.0 103154.3907
6590.24 6590.24 0.0 103152.3552
6604.38 6604.38 0.0 103150.3489
6618.52 6618.52 0.0 103148.3612
6632.66 6632.66 0.0 103146.3964
6646.8 6646.8 0.0 103144.4520
6660.95 6660.95 0.0 103142.5287
6675.09 6675.09 0.0 103140.6274
6689.23 6689.23 0.0 103138.7479
6703.37 6703.37 0.0 103136.8894
6717.51 6717.51 0.0 103135.0499
6731.66 6731.66 0.0 103133.2297
6745.8 6745.8 0.0 103131.4327
6759.94 6759.94 0.0 103129.6566
6774.08 6774.08 0.0 103127.8983
6788.23 6788.23 0.0 103126.1608
6802.37 6802.37 0.0 103124.4409
6816.51 6816.51 0.0 103122.7411
6830.65 6830.65 0.0 103121.0615
6844.79 6844.79 0.0 103119.4041
6858.94 6858.94 0.0 103117.7590
6873.08 6873.08 0.0 103116.1362
6887.22 6887.22 0.0 103114.5302
6901.36 6901.36 0.0 103112.9449
6915.5 6915.5 0.0 103111.3751
6929.65 6929.65 0.0 103109.8259
6943.79 6943.79 0.0 103108.2927
6957.93 6957.93 0.0 103106.7759
6972.07 6972.07 0.0 103105.2800
6986.21 6986.21 0.0 103103.7963
