0.0 0.0 0.0 730338.9375
14.1421 14.1421 0.0 2591245.5000
28.2843 28.2843 0.0 2419619.5000
42.4264 42.4264 0.0 2114182.0000
56.5685 56.5685 0.0 1797035.1250
70.7107 70.7107 0.0 1506653.6250
84.8528 84.8528 0.0 1256099.3750
98.9949 98.9949 0.0 1047519.1250
113.137 113.137 0.0 877839.8125
127.279 127.279 0.0 741737.1875
141.421 141.421 0.0 633341.4375
155.563 155.563 0.0 547164.0938
169.706 169.706 0.0 478492.9688
183.848 183.848 0.0 423503.2188
197.99 197.99 0.0 379160.8750
212.132 212.132 0.0 343117.5625
226.274 226.274 0.0 313567.5938
240.416 240.416 0.0 289128.1719
254.558 254.558 0.0 268739.3125
268.701 268.701 0.0 251584.2656
282.843 282.843 0.0 237034.5781
296.985 296.985 0.0 224598.2734
311.127 311.127 0.0 213890.7656
325.269 325.269 0.0 204608.3125
339.411 339.411 0.0 196509.5859
353.553 353.553 0.0 189401.0312
367.696 367.696 0.0 183126.1172
381.838 381.838 0.0 177558.7422
395.98 395.98 0.0 172594.5859
410.122 410.122 0.0 168147.9297
424.264 424.264 0.0 164147.9062
438.406 438.406 0.0 160535.1992
452.548 452.548 0.0 157260.1211
466.69 466.69 0.0 154280.6680
480.833 480.833 0.0 151561.1406
494.975 494.975 0.0 149071.5391
509.117 509.117 0.0 146785.6641
523.259 523.259 0.0 144681.1055
537.401 537.401 0.0 142738.5742
551.543 551.543 0.0 140941.2266
565.685 565.685 0.0 139274.4297
579.828 579.828 0.0 137725.2891
593.97 593.97 0.0 136282.7344
608.112 608.112 0.0 134936.7812
622.254 622.254 0.0 133678.6582
636.396 636.396 0.0 132500.6133
650.538 650.538 0.0 131395.7129
664.68 664.68 0.0 130357.8164
678.823 678.823 0.0 129381.3203
692.965 692.965 0.0 128461.4414
707.107 707.107 0.0 127593.6699
721.249 721.249 0.0 126773.9824
735.391 735.391 0.0 125998.7715
749.533 749.533 0.0 125264.7461
763.675 763.675 0.0 124568.9629
777.817 777.817 0.0 123908.7031
791.96 791.96 0.0 123281.4727
806.102 806.102 0.0 122685.1016
820.244 820.244 0.0 122117.4902
834.386 834.386 0.0 121576.7832
848.528 848.528 0.0 121061.2227
862.67 862.67 0.0 120569.2520
876.812 876.812 0.0 120099.4004
890.955 890.955 0.0 119650.2852
905.097 905.097 0.0 119220.7266
919.239 919.239 0.0 118809.5586
933.381 933.381 0.0 118415.7246
947.523 947.523 0.0 118038.2188
961.665 961.665 0.0 117676.1406
975.807 975.807 0.0 117328.6270
989.949 989.949 0.0 116994.9121
1004.09 1004.09 0.0 116674.2539
1018.23 1018.23 0.0 116365.9873
1032.38 1032.38 0.0 116069.2305
1046.52 1046.52 0.0 115783.8096
1060.66 1060.66 0.0 115508.9385
1074.8 1074.8 0.0 115244.1064
1088.94 1088.94 0.0 114988.8242
1103.09 1103.09 0.0 114742.4502
1117.23 1117.23 0.0 114504.9082
1131.37 1131.37 0.0 114275.6006
1145.51 1145.51 0.0 114054.1650
1159.66 1159.66 0.0 113840.0791
1173.8 1173.8 0.0 113633.3086
1187.94 1187.94 0.0 113433.3779
1202.08 1202.08 0.0 113239.9854
1216.22 1216.22 0.0 113052.8428
1230.37 1230.37 0.0 112871.5605
1244.51 1244.51 0.0 112696.1387
1258.65 1258.65 0.0 112526.2129
1272.79 1272.79 0.0 112361.5439
1286.93 1286.93 0.0 112201.9131
1301.08 1301.08 0.0 112047.0205
1315.22 1315.22 0.0 111896.8789
1329.36 1329.36 0.0 111751.1865
1343.5 1343.5 0.0 111609.7852
1357.65 1357.65 0.0 111472.4014
1371.79 1371.79 0.0 111339.0752
1385.93 1385.93 0.0 111209.5410
1400.07 1400.07 0.0 111083.6787
1414.21 1414.21 0.0 110961.3379
1428.36 1428.36 0.0 110842.3076
1442.5 1442.5 0.0 110726.6230
1456.64 1456.64 0.0 110614.0918
1470.78 1470.78 0.0 110504.5967
1484.92 1484.92 0.0 110398.0273
1499.07 1499.07 0.0 110294.2051
1513.21 1513.21 0.0 110193.1816
1527.35 1527.35 0.0 110094.7871
1541.49 1541.49 0.0 109998.9268
1555.63 1555.63 0.0 109905.5205
1569.78 1569.78 0.0 109814.4102
1583.92 1583.92 0.0 109725.6592
1598.06 1598.06 0.0 109639.1191
1612.2 1612.2 0.0 109554.7129
1626.35 1626.35 0.0 109472.3208
1640.49 1640.49 0.0 109391.9790
1654.63 1654.63 0.0 109313.5815
1668.77 1668.77 0.0 109237.0508
1682.91 1682.91 0.0 109162.3335
1697.06 1697.06 0.0 109089.3145
1711.2 1711.2 0.0 109018.0547
1725.34 1725.34 0.0 108948.4390
1739.48 1739.48 0.0 108880.4165
1753.62 1753.62 0.0 108813.9443
1767.77 1767.77 0.0 108748.9155
1781.91 1781.91 0.0 108685.4004
1796.05 1796.05 0.0 108623.2866
1810.19 1810.19 0.0 108562.5405
1824.34 1824.34 0.0 108503.0767
1838.48 1838.48 0.0 108444.9448
1852.62 1852.62 0.0 108388.0571
1866.76 1866.76 0.0 108332.3882
1880.9 1880.9 0.0 108277.8940
1895.05 1895.05 0.0 108224.5000
1909.19 1909.19 0.0 108172.2568
1923.33 1923.33 0.0 108121.0889
1937.47 1937.47 0.0 108070.9663
1951.61 1951.61 0.0 108021.8604
1965.76 1965.76 0.0 107973.7148
1979.9 1979.9 0.0 107926.5610
1994.04 1994.04 0.0 107880.3379
2008.18 2008.18 0.0 107835.0254
2022.33 2022.33 0.0 107790.5664
2036.47 2036.47 0.0 107746.9897
2050.61 2050.61 0.0 107704.2573
2064.75 2064.75 0.0 107662.3330
2078.89 2078.89 0.0 107621.1948
2093.04 2093.04 0.0 107580.7983
2107.18 2107.18 0.0 107541.1782
2121.32 2121.32 0.0 107502.2891
2135.46 2135.46 0.0 107464.1094
2149.6 2149.6 0.0 107426.6118
2163.75 2163.75 0.0 107389.7666
2177.89 2177.89 0.0 107353.5986
2192.03 2192.03 0.0 107318.0674
2206.17 2206.17 0.0 107283.1533
2220.32 2220.32 0.0 107248.8218
2234.46 2234.46 0.0 107215.1045
2248.6 2248.6 0.0 107181.9575
2262.74 2262.74 0.0 107149.3618
2276.88 2276.88 0.0 107117.3164
2291.03 2291.03 0.0 107085.7783
2305.17 2305.17 0.0 107054.7729
2319.31 2319.31 0.0 107024.2793
2333.45 2333.45 0.0 106994.2676
2347.59 2347.59 0.0 106964.7407
2361.74 2361.74 0.0 106935.6553
2375.88 2375.88 0.0 106907.0483
2390.02 2390.02 0.0 106878.8774
2404.16 2404.16 0.0 106851.1426
2418.31 2418.31 0.0 106823.8130
2432.45 2432.45 0.0 106796.9092
2446.59 2446.59 0.0 106770.4033
2460.73 2460.73 0.0 106744.2964
2474.87 2474.87 0.0 106718.5635
2489.02 2489.02 0.0 106693.1890
2503.16 2503.16 0.0 106668.1934
2517.3 2517.3 0.0 106643.5483
2531.44 2531.44 0.0 106619.2520
2545.58 2545.58 0.0 106595.2935
2559.73 2559.73 0.0 106571.6431
2573.87 2573.87 0.0 106548.3320
2588.01 2588.01 0.0 106525.3315
2602.15 2602.15 0.0 106502.6416
2616.3 2616.3 0.0 106480.2324
2630.44 2630.44 0.0 106458.1338
2644.58 2644.58 0.0 106436.3154
2658.72 2658.72 0.0 106414.7808
2672.86 2672.86 0.0 106393.5093
2687.01 2687.01 0.0 106372.4902
2701.15 2701.15 0.0 106351.7471
2715.29 2715.29 0.0 106331.2554
2729.43 2729.43 0.0 106311.0088
2743.57 2743.57 0.0 106291.0044
2757.72 2757.72 0.0 106271.2207
2771.86 2771.86 0.0 106251.6846
2786.0 2786.0 0.0 106232.3687
2800.14 2800.14 0.0 106213.2759
2814.28 2814.28 0.0 106194.3970
2828.43 2828.43 0.0 106175.7124
2842.57 2842.57 0.0 106157.2466
2856.71 2856.71 0.0 106138.9819
2870.85 2870.85 0.0 106120.9165
2885.0 2885.0 0.0 106103.0244
2899.14 2899.14 0.0 106085.3354
2913.28 2913.28 0.0 106067.8267
2927.42 2927.42 0.0 106050.4990
2941.56 2941.56 0.0 106033.3467
2955.71 2955.71 0.0 106016.3545
2969.85 2969.85 0.0 105999.5420
2983.99 2983.99 0.0 105982.8906
2998.13 2998.13 0.0 105966.4023
3012.27 3012.27 0.0 105950.0693
3026.42 3026.42 0.0 105933.8730
3040.56 3040.56 0.0 105917.8442
3054.7 3054.7 0.0 105901.9619
3068.84 3068.84 0.0 105886.2197
3082.99 3082.99 0.0 105870.6143
3097.13 3097.13 0.0 105855.1519
3111.27 3111.27 0.0 105839.8276
3125.41 3125.41 0.0 105824.6328
3139.55 3139.55 0.0 105809.5654
3153.7 3153.7 0.0 105794.6211
3167.84 3167.84 0.0 105779.8047
3181.98 3181.98 0.0 105765.1172
3196.12 3196.12 0.0 105750.5415
3210.26 3210.26 0.0 105736.0898
3224.41 3224.41 0.0 105721.7407
3238.55 3238.55 0.0 105707.5112
3252.69 3252.69 0.0 105693.3921
3266.83 3266.83 0.0 105679.3833
3280.98 3280.98 0.0 105665.4663
3295.12 3295.12 0.0 105651.6675
3309.26 3309.26 0.0 105637.9663
3323.4 3323.4 0.0 105624.3652
3337.54 3337.54 0.0 105610.8652
3351.69 3351.69 0.0 105597.4487
3365.83 3365.83 0.0 105584.1396
3379.97 3379.97 0.0 105570.9224
3394.11 3394.11 0.0 105557.7964
3408.25 3408.25 0.0 105544.7593
3422.4 3422.4 0.0 105531.7998
3436.54 3436.54 0.0 105518.9365
3450.68 3450.68 0.0 105506.1582
3464.82 3464.82 0.0 105493.4619
3478.97 3478.97 0.0 105480.8423
3493.11 3493.11 0.0 105468.3057
3507.25 3507.25 0.0 105455.8535
3521.39 3521.39 0.0 105443.4785
3535.53 3535.53 0.0 105431.1797
3549.68 3549.68 0.0 105418.9465
3563.82 3563.82 0.0 105406.7983
3577.96 3577.96 0.0 105394.7209
3592.1 3592.1 0.0 105382.7197
3606.24 3606.24 0.0 105370.7869
3620.39 3620.39 0.0 105358.9133
3634.53 3634.53 0.0 105347.1191
3648.67 3648.67 0.0 105335.3918
3662.81 3662.81 0.0 105323.7363
3676.96 3676.96 0.0 105312.1301
3691.1 3691.1 0.0 105300.6033
3705.24 3705.24 0.0 105289.1387
3719.38 3719.38 0.0 105277.7383
3733.52 3733.52 0.0 105266.3967
3747.67 3747.67 0.0 105255.1113
3761.81 3761.81 0.0 105243.8960
3775.95 3775.95 0.0 105232.7388
3790.09 3790.09 0.0 105221.6389
3804.23 3804.23 0.0 105210.5984
3818.38 3818.38 0.0 105199.6147
3832.52 3832.52 0.0 105188.6919
3846.66 3846.66 0.0 105177.8230
3860.8 3860.8 0.0 105167.0125
3874.95 3874.95 0.0 105156.2485
3889.09 3889.09 0.0 105145.5454
3903.23 3903.23 0.0 105134.9050
3917.37 3917.37 0.0 105124.3069
3931.51 3931.51 0.0 105113.7688
3945.66 3945.66 0.0 105103.2761
3959.8 3959.8 0.0 105092.8394
3973.94 3973.94 0.0 105082.4563
3988.08 3988.08 0.0 105072.1233
4002.22 4002.22 0.0 105061.8433
4016.37 4016.37 0.0 105051.6042
4030.51 4030.51 0.0 105041.4229
4044.65 4044.65 0.0 105031.2905
4058.79 4058.79 0.0 105021.2087
4072.94 4072.94 0.0 105011.1702
4087.08 4087.08 0.0 105001.1833
4101.22 4101.22 0.0 104991.2461
4115.36 4115.36 0.0 104981.3599
4129.5 4129.5 0.0 104971.5144
4143.65 4143.65 0.0 104961.7092
4157.79 4157.79 0.0 104951.9629
4171.93 4171.93 0.0 104942.2583
4186.07 4186.07 0.0 104932.6021
4200.21 4200.21 0.0 104922.9919
4214.36 4214.36 0.0 104913.4229
4228.5 4228.5 0.0 104903.9048
4242.64 4242.64 0.0 104894.4287
4256.78 4256.78 0.0 104884.9980
4270.92 4270.92 0.0 104875.6162
4285.07 4285.07 0.0 104866.2705
4299.21 4299.21 0.0 104856.9731
4313.35 4313.35 0.0 104847.7217
4327.49 4327.49 0.0 104838.5112
4341.64 4341.64 0.0 104829.3450
4355.78 4355.78 0.0 104820.2224
4369.92 4369.92 0.0 104811.1450
4384.06 4384.06 0.0 104802.1113
4398.2 4398.2 0.0 104793.1191
4412.35 4412.35 0.0 104784.1697
4426.49 4426.49 0.0 104775.2598
4440.63 4440.63 0.0 104766.3992
4454.77 4454.77 0.0 104757.5771
4468.91 4468.91 0.0 104748.8013
4483.06 4483.06 0.0 104740.0583
4497.2 4497.2 0.0 104731.3674
4511.34 4511.34 0.0 104722.7146
4525.48 4525.48 0.0 104714.1064
4539.63 4539.63 0.0 104705.5312
4553.77 4553.77 0.0 104697.0034
4567.91 4567.91 0.0 104688.5195
4582.05 4582.05 0.0 104680.0774
4596.19 4596.19 0.0 104671.6775
4610.34 4610.34 0.0 104663.3125
4624.48 4624.48 0.0 104654.9971
4638.62 4638.62 0.0 104646.7185
4652.76 4652.76 0.0 104638.4807
4666.9 4666.9 0.0 104630.2886
4681.05 4681.05 0.0 104622.1289
4695.19 4695.19 0.0 104614.0164
4709.33 4709.33 0.0 104605.9436
4723.47 4723.47 0.0 104597.9114
4737.62 4737.62 0.0 104589.9189
4751.76 4751.76 0.0 104581.9719
4765.9 4765.9 0.0 104574.0598
4780.04 4780.04 0.0 104566.1934
4794.18 4794.18 0.0 104558.3674
4808.33 4808.33 0.0 104550.5757
4822.47 4822.47 0.0 104542.8301
4836.61 4836.61 0.0 104535.1248
4850.75 4850.75 0.0 104527.4602
4864.89 4864.89 0.0 104519.8389
4879.04 4879.04 0.0 104512.2488
4893.18 4893.18 0.0 104504.7029
4907.32 4907.32 0.0 104497.2048
4921.46 4921.46 0.0 104489.7424
4935.61 4935.61 0.0 104482.3127
4949.75 4949.75 0.0 104474.9333
4963.89 4963.89 0.0 104467.5920
4978.03 4978.03 0.0 104460.2966
4992.17 4992.17 0.0 104453.0310
5006.32 5006.32 0.0 104445.8062
5020.46 5020.46 0.0 104438.6260
5034.6 5034.6 0.0 104431.4893
5048.74 5048.74 0.0 104424.3892
5062.88 5062.88 0.0 104417.3303
5077.03 5077.03 0.0 104410.3027
5091.17 5091.17 0.0 104403.3213
5105.31 5105.31 0.0 104396.3867
5119.45 5119.45 0.0 104389.4880
5133.6 5133.6 0.0 104382.6223
5147.74 5147.74 0.0 104375.8052
5161.88 5161.88 0.0 104369.0251
5176.02 5176.02 0.0 104362.2847
5190.16 5190.16 0.0 104355.5879
5204.31 5204.31 0.0 104348.9216
5218.45 5218.45 0.0 104342.3047
5232.59 5232.59 0.0 104335.7236
5246.73 5246.73 0.0 104329.1855
5260.87 5260.87 0.0 104322.6860
5275.02 5275.02 0.0 104316.2229
5289.16 5289.16 0.0 104309.8042
5303.3 5303.3 0.0 104303.4216
5317.44 5317.44 0.0 104297.0806
5331.59 5331.59 0.0 104290.7773
5345.73 5345.73 0.0 104284.5156
5359.87 5359.87 0.0 104278.2939
5374.01 5374.01 0.0 104272.1106
5388.15 5388.15 0.0 104265.9724
5402.3 5402.3 0.0 104259.8665
5416.44 5416.44 0.0 104253.8020
5430.58 5430.58 0.0 104247.7812
5444.72 5444.72 0.0 104241.7947
5458.86 5458.86 0.0 104235.8499
5473.01 5473.01 0.0 104229.9431
5487.15 5487.15 0.0 104224.0750
5501.29 5501.29 0.0 104218.2500
5515.43 5515.43 0.0 104212.4614
5529.58 5529.58 0.0 104206.7122
5543.72 5543.72 0.0 104201.0042
5557.86 5557.86 0.0 104195.3320
5572.0 5572.0 0.0 104189.7014
5586.14 5586.14 0.0 104184.1116
5600.29 5600.29 0.0 104178.5569
5614.43 5614.43 0.0 104173.0432
5628.57 5628.57 0.0 104167.5696
5642.71 5642.71 0.0 104162.1323
5656.85 5656.85 0.0 104156.7405
5671.0 5671.0 0.0 104151.3792
5685.14 5685.14 0.0 104146.0598
5699.28 5699.28 0.0 104140.7805
5713.42 5713.42 0.0 104135.5376
5727.56 5727.56 0.0 104130.3350
5741.71 5741.71 0.0 104125.1689
5755.85 5755.85 0.0 104120.0454
5769.99 5769.99 0.0 104114.9526
5784.13 5784.13 0.0 104109.9075
5798.28 5798.28 0.0 104104.8901
5812.42 5812.42 0.0 104099.9229
5826.56 5826.56 0.0 104094.9854
5840.7 5840.7 0.0 104090.0884
5854.84 5854.84 0.0 104085.2329
5868.99 5868.99 0.0 104080.4065
5883.13 5883.13 0.0 104075.6282
5897.27 5897.27 0.0 104070.8813
5911.41 5911.41 0.0 104066.1772
5925.55 5925.55 0.0 104061.5095
5939.7 5939.7 0.0 104056.8743
5953.84 5953.84 0.0 104052.2808
5967.98 5967.98 0.0 104047.7239
5982.12 5982.12 0.0 104043.2065
5996.27 5996.27 0.0 104038.7251
6010.41 6010.41 0.0 104034.2795
6024.55 6024.55 0.0 104029.8723
6038.69 6038.69 0.0 104025.5042
6052.83 6052.83 0.0 104021.1711
6066.98 6066.98 0.0 104016.8711
6081.12 6081.12 0.0 104012.6108
6095.26 6095.26 0.0 104008.3921
6109.4 6109.4 0.0 104004.2053
6123.54 6123.54 0.0 104000.0571
6137.69 6137.69 0.0 103995.9431
6151.83 6151.83 0.0 103991.8684
6165.97 6165.97 0.0 103987.8279
6180.11 6180.11 0.0 103983.8240
6194.26 6194.26 0.0 103979.8525
6208.4 6208.4 0.0 103975.9209
6222.54 6222.54 0.0 103972.0269
6236.68 6236.68 0.0 103968.1663
6250.82 6250.82 0.0 103964.3425
6264.97 6264.97 0.0 103960.5508
6279.11 6279.11 0.0 103956.8010
6293.25 6293.25 0.0 103953.0835
6307.39 6307.39 0.0 103949.4028
6321.53 6321.53 0.0 103945.7522
6335.68 6335.68 0.0 103942.1416
6349.82 6349.82 0.0 103938.5659
6363.96 6363.96 0.0 103935.0239
6378.1 6378.1 0.0 103931.5134
6392.25 6392.25 0.0 103928.0403
6406.39 6406.39 0.0 103924.6016
6420.53 6420.53 0.0 103921.2019
6434.67 6434.67 0.0 103917.8311
6448.81 6448.81 0.0 103914.4971
6462.96 6462.96 0.0 103911.1929
6477.1 6477.1 0.0 103907.9265
6491.24 6491.24 0.0 103904.6948
6505.38 6505.38 0.0 103901.4939
6519.52 6519.52 0.0 103898.3276
6533.67 6533.67 0.0 103895.1960
6547.81 6547.81 0.0 103892.0964
6561.95 6561.95 0.0 103889.0298
6576.09 6576.09 0.0 103885.9958
6590.24 6590.24 0.0 103882.9949
6604.38 6604.38 0.0 103880.0315
6618.52 6618.52 0.0 103877.0984
6632.66 6632.66 0.0 103874.1953
6646.8 6646.8 0.0 103871.3257
6660.95 6660.95 0.0 103868.4885
6675.09 6675.09 0.0 103865.6824
6689.23 6689.23 0.0 103862.9106
6703.37 6703.37 0.0 103860.1731
6717.51 6717.51 0.0 103857.4634
6731.66 6731.66 0.0 103854.7849
6745.8 6745.8 0.0 103852.1406
6759.94 6759.94 0.0 103849.5254
6774.08 6774.08 0.0 103846.9443
6788.23 6788.23 0.0 103844.3921
6802.37 6802.37 0.0 103841.8682
6816.51 6816.51 0.0 103839.3806
6830.65 6830.65 0.0 103836.9199
6844.79 6844.79 0.0 103834.4939
6858.94 6858.94 0.0 103832.0928
6873.08 6873.08 0.0 103829.7239
6887.22 6887.22 0.0 103827.3882
6901.36 6901.36 0.0 103825.0796
6915.5 6915.5 0.0 103822.8018
6929.65 6929.65 0.0 103820.5498
6943.79 6943.79 0.0 103818.3306
6957.93 6957.93 0.0 103816.1418
6972.07 6972.07 0.0 103813.9812
6986.21 6986.21 0.0 103811.8484
