0.0 0.0 0.0 628991.5625
14.1421 14.1421 0.0 1274416.3750
28.2843 28.2843 0.0 1406089.1250
42.4264 42.4264 0.0 1441356.1250
56.5685 56.5685 0.0 1432964.8750
70.7107 70.7107 0.0 1400729.7500
84.8528 84.8528 0.0 1354669.0000
98.9949 98.9949 0.0 1300658.7500
113.137 113.137 0.0 1242427.7500
127.279 127.279 0.0 1182457.3750
141.421 141.421 0.0 1122430.4375
155.563 155.563 0.0 1063493.7500
169.706 169.706 0.0 1006419.3750
183.848 183.848 0.0 951720.0625
197.99 197.99 0.0 899704.8750
212.132 212.132 0.0 850543.0625
226.274 226.274 0.0 804301.0000
240.416 240.416 0.0 760968.9375
254.558 254.558 0.0 720484.5625
268.701 268.701 0.0 682745.4375
282.843 282.843 0.0 647632.1875
296.985 296.985 0.0 615002.1250
311.127 311.127 0.0 584708.5938
325.269 325.269 0.0 556600.4688
339.411 339.411 0.0 530528.9375
353.553 353.553 0.0 506348.5312
367.696 367.696 0.0 483918.0312
381.838 381.838 0.0 463108.1875
395.98 395.98 0.0 443792.2188
410.122 410.122 0.0 425853.0625
424.264 424.264 0.0 409182.0312
438.406 438.406 0.0 393678.0938
452.548 452.548 0.0 379248.0938
466.69 466.69 0.0 365806.0938
480.833 480.833 0.0 353272.2812
494.975 494.975 0.0 341576.1562
509.117 509.117 0.0 330650.2969
523.259 523.259 0.0 320433.8906
537.401 537.401 0.0 310871.4062
551.543 551.543 0.0 301911.9844
565.685 565.685 0.0 293509.0469
579.828 579.828 0.0 285619.5000
593.97 593.97 0.0 278205.7344
608.112 608.112 0.0 271231.4062
622.254 622.254 0.0 264663.9219
636.396 636.396 0.0 258473.6406
650.538 650.538 0.0 252633.1562
664.68 664.68 0.0 247117.4531
678.823 678.823 0.0 241903.2031
692.965 692.965 0.0 236970.1562
707.107 707.107 0.0 232298.4297
721.249 721.249 0.0 227870.3516
735.391 735.391 0.0 223669.5312
749.533 749.533 0.0 219680.9062
763.675 763.675 0.0 215890.5625
777.817 777.817 0.0 212285.6641
791.96 791.96 0.0 208854.2578
806.102 806.102 0.0 205585.8047
820.244 820.244 0.0 202469.9922
834.386 834.386 0.0 199497.4766
848.528 848.528 0.0 196659.6562
862.67 862.67 0.0 193948.4297
876.812 876.812 0.0 191356.3594
890.955 890.955 0.0 188876.3750
905.097 905.097 0.0 186502.3828
919.239 919.239 0.0 184228.2656
933.381 933.381 0.0 182048.3672
947.523 947.523 0.0 179957.5703
961.665 961.665 0.0 177951.0078
975.807 975.807 0.0 176024.1641
989.949 989.949 0.0 174172.7969
1004.09 1004.09 0.0 172393.1016
1018.23 1018.23 0.0 170681.3594
1032.38 1032.38 0.0 169032.8750
1046.52 1046.52 0.0 167446.6953
1060.66 1060.66 0.0 165918.6133
1074.8 1074.8 0.0 164445.8047
1088.94 1088.94 0.0 163025.5469
1103.09 1103.09 0.0 161654.3594
1117.23 1117.23 0.0 160331.8672
1131.37 1131.37 0.0 159054.8008
1145.51 1145.51 0.0 157821.1367
1159.66 1159.66 0.0 156627.9648
1173.8 1173.8 0.0 155475.2148
1187.94 1187.94 0.0 154360.1875
1202.08 1202.08 0.0 153281.2109
1216.22 1216.22 0.0 152236.7852
1230.37 1230.37 0.0 151224.6992
1244.51 1244.51 0.0 150244.9375
1258.65 1258.65 0.0 149295.4570
1272.79 1272.79 0.0 148375.0352
1286.93 1286.93 0.0 147482.4531
1301.08 1301.08 0.0 146615.9727
1315.22 1315.22 0.0 145775.7344
1329.36 1329.36 0.0 144960.1172
1343.5 1343.5 0.0 144168.1406
1357.65 1357.65 0.0 143398.3516
1371.79 1371.79 0.0 142650.9414
1385.93 1385.93 0.0 141924.5625
1400.07 1400.07 0.0 141218.3984
1414.21 1414.21 0.0 140531.6992
1428.36 1428.36 0.0 139863.2656
1442.5 1442.5 0.0 139213.3984
1456.64 1456.64 0.0 138580.9141
1470.78 1470.78 0.0 137965.2070
1484.92 1484.92 0.0 137365.6914
1499.07 1499.07 0.0 136781.3672
1513.21 1513.21 0.0 136212.5273
1527.35 1527.35 0.0 135658.2617
1541.49 1541.49 0.0 135118.0195
1555.63 1555.63 0.0 134591.4023
1569.78 1569.78 0.0 134077.5176
1583.92 1583.92 0.0 133576.6934
1598.06 1598.06 0.0 133088.1445
1612.2 1612.2 0.0 132611.4590
1626.35 1626.35 0.0 132145.9336
1640.49 1640.49 0.0 131691.8672
1654.63 1654.63 0.0 131248.5723
1668.77 1668.77 0.0 130815.6934
1682.91 1682.91 0.0 130392.9180
1697.06 1697.06 0.0 129979.6562
1711.2 1711.2 0.0 129576.1621
1725.34 1725.34 0.0 129181.8887
1739.48 1739.48 0.0 128796.5488
1753.62 1753.62 0.0 128419.8438
1767.77 1767.77 0.0 128051.2988
1781.91 1781.91 0.0 127691.1797
1796.05 1796.05 0.0 127338.9746
1810.19 1810.19 0.0 126994.4648
1824.34 1824.34 0.0 126657.1797
1838.48 1838.48 0.0 126327.4004
1852.62 1852.62 0.0 126004.6699
1866.76 1866.76 0.0 125688.8105
1880.9 1880.9 0.0 125379.6074
1895.05 1895.05 0.0 125076.6875
1909.19 1909.19 0.0 124780.2812
1923.33 1923.33 0.0 124489.9941
1937.47 1937.47 0.0 124205.7012
1951.61 1951.61 0.0 123927.2148
1965.76 1965.76 0.0 123654.1895
1979.9 1979.9 0.0 123386.8730
1994.04 1994.04 0.0 123124.9141
2008.18 2008.18 0.0 122868.1855
2022.33 2022.33 0.0 122616.3672
2036.47 2036.47 0.0 122369.6953
2050.61 2050.61 0.0 122127.8516
2064.75 2064.75 0.0 121890.7266
2078.89 2078.89 0.0 121658.1973
2093.04 2093.04 0.0 121429.9883
2107.18 2107.18 0.0 121206.3145
2121.32 2121.32 0.0 120986.9004
2135.46 2135.46 0.0 120771.6387
2149.6 2149.6 0.0 120560.4512
2163.75 2163.75 0.0 120353.0723
2177.89 2177.89 0.0 120149.7031
2192.03 2192.03 0.0 119950.1191
2206.17 2206.17 0.0 119754.2109
2220.32 2220.32 0.0 119561.7812
2234.46 2234.46 0.0 119373.0078
2248.6 2248.6 0.0 119187.6465
2262.74 2262.74 0.0 119005.6602
2276.88 2276.88 0.0 118826.9434
2291.03 2291.03 0.0 118651.3086
2305.17 2305.17 0.0 118478.9316
2319.31 2319.31 0.0 118309.6289
2333.45 2333.45 0.0 118143.3184
2347.59 2347.59 0.0 117979.9238
2361.74 2361.74 0.0 117819.2773
2375.88 2375.88 0.0 117661.5547
2390.02 2390.02 0.0 117506.5732
2404.16 2404.16 0.0 117354.2666
2418.31 2418.31 0.0 117204.4766
2432.45 2432.45 0.0 117057.3633
2446.59 2446.59 0.0 116912.7598
2460.73 2460.73 0.0 116770.6084
2474.87 2474.87 0.0 116630.8662
2489.02 2489.02 0.0 116493.3838
2503.16 2503.16 0.0 116358.3145
2517.3 2517.3 0.0 116225.4902
2531.44 2531.44 0.0 116094.8867
2545.58 2545.58 0.0 115966.4453
2559.73 2559.73 0.0 115840.0391
2573.87 2573.87 0.0 115715.7939
2588.01 2588.01 0.0 115593.5977
2602.15 2602.15 0.0 115473.3965
2616.3 2616.3 0.0 115355.0645
2630.44 2630.44 0.0 115238.7285
2644.58 2644.58 0.0 115124.2803
2658.72 2658.72 0.0 115011.6729
2672.86 2672.86 0.0 114900.8672
2687.01 2687.01 0.0 114791.7549
2701.15 2701.15 0.0 114684.4570
2715.29 2715.29 0.0 114578.8623
2729.43 2729.43 0.0 114474.9375
2743.57 2743.57 0.0 114372.6436
2757.72 2757.72 0.0 114271.8896
2771.86 2771.86 0.0 114172.7783
2786.0 2786.0 0.0 114075.2256
2800.14 2800.14 0.0 113979.1748
2814.28 2814.28 0.0 113884.6230
2828.43 2828.43 0.0 113791.4541
2842.57 2842.57 0.0 113699.7920
2856.71 2856.71 0.0 113609.5264
2870.85 2870.85 0.0 113520.6504
2885.0 2885.0 0.0 113433.0684
2899.14 2899.14 0.0 113346.8691
2913.28 2913.28 0.0 113261.9805
2927.42 2927.42 0.0 113178.3789
2941.56 2941.56 0.0 113096.0195
2955.71 2955.71 0.0 113014.8525
2969.85 2969.85 0.0 112934.9551
2983.99 2983.99 0.0 112856.2432
2998.13 2998.13 0.0 112778.6982
3012.27 3012.27 0.0 112702.3135
3026.42 3026.42 0.0 112627.0039
3040.56 3040.56 0.0 112552.8496
3054.7 3054.7 0.0 112479.7861
3068.84 3068.84 0.0 112407.8018
3082.99 3082.99 0.0 112336.8154
3097.13 3097.13 0.0 112266.9111
3111.27 3111.27 0.0 112198.0254
3125.41 3125.41 0.0 112130.1338
3139.55 3139.55 0.0 112063.2197
3153.7 3153.7 0.0 111997.2285
3167.84 3167.84 0.0 111932.2295
3181.98 3181.98 0.0 111868.1543
3196.12 3196.12 0.0 111805.0117
3210.26 3210.26 0.0 111742.7588
3224.41 3224.41 0.0 111681.3535
3238.55 3238.55 0.0 111620.8525
3252.69 3252.69 0.0 111561.2119
3266.83 3266.83 0.0 111502.4131
3280.98 3280.98 0.0 111444.3965
3295.12 3295.12 0.0 111387.2344
3309.26 3309.26 0.0 111330.8770
3323.4 3323.4 0.0 111275.3066
3337.54 3337.54 0.0 111220.5078
3351.69 3351.69 0.0 111166.4346
3365.83 3365.83 0.0 111113.1318
3379.97 3379.97 0.0 111060.5859
3394.11 3394.11 0.0 111008.7471
3408.25 3408.25 0.0 110957.6299
3422.4 3422.4 0.0 110907.1787
3436.54 3436.54 0.0 110857.4502
3450.68 3450.68 0.0 110808.4072
3464.82 3464.82 0.0 110760.0215
3478.97 3478.97 0.0 110712.2617
3493.11 3493.11 0.0 110665.1797
3507.25 3507.25 0.0 110618.7441
3521.39 3521.39 0.0 110572.9248
3535.53 3535.53 0.0 110527.7285
3549.68 3549.68 0.0 110483.1055
3563.82 3563.82 0.0 110439.1074
3577.96 3577.96 0.0 110395.6982
3592.1 3592.1 0.0 110352.8711
3606.24 3606.24 0.0 110310.6035
3620.39 3620.39 0.0 110268.8779
3634.53 3634.53 0.0 110227.7246
3648.67 3648.67 0.0 110187.1221
3662.81 3662.81 0.0 110147.0557
3676.96 3676.96 0.0 110107.4824
3691.1 3691.1 0.0 110068.4541
3705.24 3705.24 0.0 110029.9385
3719.38 3719.38 0.0 109991.9248
3733.52 3733.52 0.0 109954.4053
3747.67 3747.67 0.0 109917.3525
3761.81 3761.81 0.0 109880.8037
3775.95 3775.95 0.0 109844.7285
3790.09 3790.09 0.0 109809.1152
3804.23 3804.23 0.0 109773.9629
3818.38 3818.38 0.0 109739.2441
3832.52 3832.52 0.0 109704.9854
3846.66 3846.66 0.0 109671.1631
3860.8 3860.8 0.0 109637.7842
3874.95 3874.95 0.0 109604.7979
3889.09 3889.09 0.0 109572.2627
3903.23 3903.23 0.0 109540.1318
3917.37 3917.37 0.0 109508.4141
3931.51 3931.51 0.0 109477.0928
3945.66 3945.66 0.0 109446.1450
3959.8 3959.8 0.0 109415.6108
3973.94 3973.94 0.0 109385.4580
3988.08 3988.08 0.0 109355.6885
4002.22 4002.22 0.0 109326.2827
4016.37 4016.37 0.0 109297.2310
4030.51 4030.51 0.0 109268.5586
4044.65 4044.65 0.0 109240.2388
4058.79 4058.79 0.0 109212.2808
4072.94 4072.94 0.0 109184.6362
4087.08 4087.08 0.0 109157.3652
4101.22 4101.22 0.0 109130.4219
4115.36 4115.36 0.0 109103.8140
4129.5 4129.5 0.0 109077.5327
4143.65 4143.65 0.0 109051.5527
4157.79 4157.79 0.0 109025.9116
4171.93 4171.93 0.0 109000.5854
4186.07 4186.07 0.0 108975.5674
4200.21 4200.21 0.0 108950.8511
4214.36 4214.36 0.0 108926.4165
4228.5 4228.5 0.0 108902.2983
4242.64 4242.64 0.0 108878.4707
4256.78 4256.78 0.0 108854.9331
4270.92 4270.92 0.0 108831.6753
4285.07 4285.07 0.0 108808.6909
4299.21 4299.21 0.0 108785.9902
4313.35 4313.35 0.0 108763.5591
4327.49 4327.49 0.0 108741.4072
4341.64 4341.64 0.0 108719.4956
4355.78 4355.78 0.0 108697.8667
4369.92 4369.92 0.0 108676.4888
4384.06 4384.06 0.0 108655.3711
4398.2 4398.2 0.0 108634.4980
4412.35 4412.35 0.0 108613.8613
4426.49 4426.49 0.0 108593.4824
4440.63 4440.63 0.0 108573.3462
4454.77 4454.77 0.0 108553.4478
4468.91 4468.91 0.0 108533.7783
4483.06 4483.06 0.0 108514.3296
4497.2 4497.2 0.0 108495.1240
4511.34 4511.34 0.0 108476.1396
4525.48 4525.48 0.0 108457.3813
4539.63 4539.63 0.0 108438.8242
4553.77 4553.77 0.0 108420.5005
4567.91 4567.91 0.0 108402.3853
4582.05 4582.05 0.0 108384.4868
4596.19 4596.19 0.0 108366.7949
4610.34 4610.34 0.0 108349.2939
4624.48 4624.48 0.0 108332.0088
4638.62 4638.62 0.0 108314.9194
4652.76 4652.76 0.0 108298.0303
4666.9 4666.9 0.0 108281.3306
4681.05 4681.05 0.0 108264.8228
4695.19 4695.19 0.0 108248.5112
4709.33 4709.33 0.0 108232.3828
4723.47 4723.47 0.0 108216.4458
4737.62 4737.62 0.0 108200.6758
4751.76 4751.76 0.0 108185.0918
4765.9 4765.9 0.0 108169.6895
4780.04 4780.04 0.0 108154.4648
4794.18 4794.18 0.0 108139.4097
4808.33 4808.33 0.0 108124.5229
4822.47 4822.47 0.0 108109.8105
4836.61 4836.61 0.0 108095.2622
4850.75 4850.75 0.0 108080.8828
4864.89 4864.89 0.0 108066.6680
4879.04 4879.04 0.0 108052.6021
4893.18 4893.18 0.0 108038.6987
4907.32 4907.32 0.0 108024.9609
4921.46 4921.46 0.0 108011.3721
4935.61 4935.61 0.0 107997.9253
4949.75 4949.75 0.0 107984.6440
4963.89 4963.89 0.0 107971.5063
4978.03 4978.03 0.0 107958.5176
4992.17 4992.17 0.0 107945.6826
5006.32 5006.32 0.0 107932.9766
5020.46 5020.46 0.0 107920.4204
5034.6 5034.6 0.0 107908.0000
5048.74 5048.74 0.0 107895.7344
5062.88 5062.88 0.0 107883.5913
5077.03 5077.03 0.0 107871.5762
5091.17 5091.17 0.0 107859.7046
5105.31 5105.31 0.0 107847.9658
5119.45 5119.45 0.0 107836.3628
5133.6 5133.6 0.0 107824.8784
5147.74 5147.74 0.0 107813.5195
5161.88 5161.88 0.0 107802.2979
5176.02 5176.02 0.0 107791.1934
5190.16 5190.16 0.0 107780.2153
5204.31 5204.31 0.0 107769.3506
5218.45 5218.45 0.0 107758.6177
5232.59 5232.59 0.0 107748.0005
5246.73 5246.73 0.0 107737.5005
5260.87 5260.87 0.0 107727.1152
5275.02 5275.02 0.0 107716.8413
5289.16 5289.16 0.0 107706.6841
5303.3 5303.3 0.0 107696.6392
5317.44 5317.44 0.0 107686.7070
5331.59 5331.59 0.0 107676.8813
5345.73 5345.73 0.0 107667.1631
5359.87 5359.87 0.0 107657.5542
5374.01 5374.01 0.0 107648.0527
5388.15 5388.15 0.0 107638.6582
5402.3 5402.3 0.0 107629.3613
5416.44 5416.44 0.0 107620.1685
5430.58 5430.58 0.0 107611.0811
5444.72 5444.72 0.0 107602.0850
5458.86 5458.86 0.0 107593.1929
5473.01 5473.01 0.0 107584.4009
5487.15 5487.15 0.0 107575.7036
5501.29 5501.29 0.0 107567.0991
5515.43 5515.43 0.0 107558.5981
5529.58 5529.58 0.0 107550.1821
5543.72 5543.72 0.0 107541.8633
5557.86 5557.86 0.0 107533.6357
5572.0 5572.0 0.0 107525.4985
5586.14 5586.14 0.0 107517.4507
5600.29 5600.29 0.0 107509.4849
5614.43 5614.43 0.0 107501.6138
5628.57 5628.57 0.0 107493.8379
5642.71 5642.71 0.0 107486.1362
5656.85 5656.85 0.0 107478.5195
5671.0 5671.0 0.0 107470.9951
5685.14 5685.14 0.0 107463.5435
5699.28 5699.28 0.0 107456.1851
5713.42 5713.42 0.0 107448.9004
5727.56 5727.56 0.0 107441.6992
5741.71 5741.71 0.0 107434.5732
5755.85 5755.85 0.0 107427.5312
5769.99 5769.99 0.0 107420.5698
5784.13 5784.13 0.0 107413.6772
5798.28 5798.28 0.0 107406.8618
5812.42 5812.42 0.0 107400.1318
5826.56 5826.56 0.0 107393.4727
5840.7 5840.7 0.0 107386.8813
5854.84 5854.84 0.0 107380.3779
5868.99 5868.99 0.0 107373.9331
5883.13 5883.13 0.0 107367.5581
5897.27 5897.27 0.0 107361.2705
5911.41 5911.41 0.0 107355.0410
5925.55 5925.55 0.0 107348.8892
5939.7 5939.7 0.0 107342.8003
5953.84 5953.84 0.0 107336.7783
5967.98 5967.98 0.0 107330.8262
5982.12 5982.12 0.0 107324.9409
5996.27 5996.27 0.0 107319.1162
6010.41 6010.41 0.0 107313.3657
6024.55 6024.55 0.0 107307.6797
6038.69 6038.69 0.0 107302.0542
6052.83 6052.83 0.0 107296.4956
6066.98 6066.98 0.0 107290.9961
6081.12 6081.12 0.0 107285.5615
6095.26 6095.26 0.0 107280.1880
6109.4 6109.4 0.0 107274.8765
6123.54 6123.54 0.0 107269.6255
6137.69 6137.69 0.0 107264.4277
6151.83 6151.83 0.0 107259.3018
6165.97 6165.97 0.0 107254.2310
6180.11 6180.11 0.0 107249.2158
6194.26 6194.26 0.0 107244.2554
6208.4 6208.4 0.0 107239.3550
6222.54 6222.54 0.0 107234.5117
6236.68 6236.68 0.0 107229.7236
6250.82 6250.82 0.0 107224.9927
6264.97 6264.97 0.0 107220.3154
6279.11 6279.11 0.0 107215.6924
6293.25 6293.25 0.0 107211.1211
6307.39 6307.39 0.0 107206.6089
6321.53 6321.53 0.0 107202.1445
6335.68 6335.68 0.0 107197.7290
6349.82 6349.82 0.0 107193.3745
6363.96 6363.96 0.0 107189.0630
6378.1 6378.1 0.0 107184.8125
6392.25 6392.25 0.0 107180.5991
6406.39 6406.39 0.0 107176.4409
6420.53 6420.53 0.0 107172.3364
6434.67 6434.67 0.0 107168.2812
6448.81 6448.81 0.0 107164.2739
6462.96 6462.96 0.0 107160.2993
6477.1 6477.1 0.0 107156.3916
6491.24 6491.24 0.0 107152.5278
6505.38 6505.38 0.0 107148.7031
6519.52 6519.52 0.0 107144.9272
6533.67 6533.67 0.0 107141.1958
6547.81 6547.81 0.0 107137.5137
6561.95 6561.95 0.0 107133.8696
6576.09 6576.09 0.0 107130.2773
6590.24 6590.24 0.0 107126.7261
6604.38 6604.38 0.0 107123.2134
6618.52 6618.52 0.0 107119.7485
6632.66 6632.66 0.0 107116.3281
6646.8 6646.8 0.0 107112.9502
6660.95 6660.95 0.0 107109.6074
6675.09 6675.09 0.0 107106.3057
6689.23 6689.23 0.0 107103.0513
6703.37 6703.37 0.0 107099.8413
6717.51 6717.51 0.0 107096.6597
6731.66 6731.66 0.0 107093.5293
6745.8 6745.8 0.0 107090.4277
6759.94 6759.94 0.0 107087.3750
6774.08 6774.08 0.0 107084.3535
6788.23 6788.23 0.0 107081.3726
6802.37 6802.37 0.0 107078.4282
6816.51 6816.51 0.0 107075.5215
6830.65 6830.65 0.0 107072.6509
6844.79 6844.79 0.0 107069.8286
6858.94 6858.94 0.0 107067.0239
6873.08 6873.08 0.0 107064.2700
6887.22 6887.22 0.0 107061.5449
6901.36 6901.36 0.0 107058.8584
6915.5 6915.5 0.0 107056.2041
6929.65 6929.65 0.0 107053.5801
6943.79 6943.79 0.0 107050.9956
6957.93 6957.93 0.0 107048.4482
6972.07 6972.07 0.0 107045.9312
6986.21 6986.21 0.0 107043.4458
7000.36 7000.36 0.0 107040.9937
7014.5 7014.5 0.0 107038.5669
7028.64 7028.64 0.0 107036.1904
7042.78 7042.78 0.0 107033.8364
7056.93 7056.93 0.0 107031.5088
7071.07 7071.07 0.0 107029.2129
7085.21 7085.21 0.0 107026.9546
7099.35 7099.35 0.0 107024.7207
7113.49 7113.49 0.0 107022.5205
7127.64 7127.64 0.0 107020.3511
7141.78 7141.78 0.0 107018.2065
7155.92 7155.92 0.0 107016.0928
7170.06 7170.06 0.0 107014.0122
7184.2 7184.2 0.0 107011.9575
7198.35 7198.35 0.0 107009.9238
7212.49 7212.49 0.0 107007.9238
7226.63 7226.63 0.0 107005.9546
7240.77 7240.77 0.0 107004.0073
7254.92 7254.92 0.0 107002.0898
7269.06 7269.06 0.0 107000.1958
7283.2 7283.2 0.0 106998.3340
7297.34 7297.34 0.0 106996.5000
7311.48 7311.48 0.0 106994.6802
7325.63 7325.63 0.0 106992.8926
7339.77 7339.77 0.0 106991.1274
7353.91 7353.91 0.0 106989.3877
7368.05 7368.05 0.0 106987.6748
7382.19 7382.19 0.0 106985.9868
7396.34 7396.34 0.0 106984.3208
7410.48 7410.48 0.0 106982.6743
7424.62 7424.62 0.0 106981.0630
7438.76 7438.76 0.0 106979.4653
7452.91 7452.91 0.0 106977.8877
7467.05 7467.05 0.0 106976.3320
7481.19 7481.19 0.0 106974.8057
7495.33 7495.33 0.0 106973.2993
7509.47 7509.47 0.0 106971.8140
7523.62 7523.62 0.0 106970.3506
7537.76 7537.76 0.0 106968.9067
7551.9 7551.9 0.0 106967.4795
7566.04 7566.04 0.0 106966.0791
7580.18 7580.18 0.0 106964.6973
7594.33 7594.33 0.0 106963.3330
7608.47 7608.47 0.0 106961.9922
7622.61 7622.61 0.0 106960.6660
7636.75 7636.75 0.0 106959.3584
7650.9 7650.9 0.0 106958.0718
7665.04 7665.04 0.0 106956.8032
7679.18 7679.18 0.0 106955.5493
7693.32 7693.32 0.0 106954.3184
7707.46 7707.46 0.0 106953.1035
7721.61 7721.61 0.0 106951.9072
7735.75 7735.75 0.0 106950.7275
7749.89 7749.89 0.0 106949.5503
7764.03 7764.03 0.0 106948.4111
7778.17 7778.17 0.0 106947.2773
