0.0 0.0 0.0 311222.1875
14.1421 14.1421 0.0 198632.3125
28.2843 28.2843 0.0 199282.8984
42.4264 42.4264 0.0 199764.6797
56.5685 56.5685 0.0 200149.7109
70.7107 70.7107 0.0 200465.7188
84.8528 84.8528 0.0 200727.9766
98.9949 98.9949 0.0 200946.4766
113.137 113.137 0.0 201128.3203
127.279 127.279 0.0 201278.7812
141.421 141.421 0.0 201401.7891
155.563 155.563 0.0 201500.6953
169.706 169.706 0.0 201578.1250
183.848 183.848 0.0 201636.2266
197.99 197.99 0.0 201676.8125
212.132 212.132 0.0 201701.4609
226.274 226.274 0.0 201711.5781
240.416 240.416 0.0 201708.1641
254.558 254.558 0.0 201692.4375
268.701 268.701 0.0 201665.1797
282.843 282.843 0.0 201627.3125
296.985 296.985 0.0 201579.3984
311.127 311.127 0.0 201522.1094
325.269 325.269 0.0 201456.1094
339.411 339.411 0.0 201381.9453
353.553 353.553 0.0 201299.9844
367.696 367.696 0.0 201210.6953
381.838 381.838 0.0 201114.5938
395.98 395.98 0.0 201011.9453
410.122 410.122 0.0 200903.0078
424.264 424.264 0.0 200788.2344
438.406 438.406 0.0 200667.9453
452.548 452.548 0.0 200542.2500
466.69 466.69 0.0 200411.5391
480.833 480.833 0.0 200276.0078
494.975 494.975 0.0 200135.8984
509.117 509.117 0.0 199991.3047
523.259 523.259 0.0 199842.5781
537.401 537.401 0.0 199689.7422
551.543 551.543 0.0 199533.0703
565.685 565.685 0.0 199372.7109
579.828 579.828 0.0 199208.8203
593.97 593.97 0.0 199041.4688
608.112 608.112 0.0 198870.8828
622.254 622.254 0.0 198697.1328
636.396 636.396 0.0 198520.3203
650.538 650.538 0.0 198340.6719
664.68 664.68 0.0 198158.1406
678.823 678.823 0.0 197972.8984
692.965 692.965 0.0 197785.1484
707.107 707.107 0.0 197594.8359
721.249 721.249 0.0 197402.1328
735.391 735.391 0.0 197207.0156
749.533 749.533 0.0 197009.6328
763.675 763.675 0.0 196810.1484
777.817 777.817 0.0 196608.5000
791.96 791.96 0.0 196404.8281
806.102 806.102 0.0 196199.1328
820.244 820.244 0.0 195991.5312
834.386 834.386 0.0 195782.1328
848.528 848.528 0.0 195570.8594
862.67 862.67 0.0 195357.9688
876.812 876.812 0.0 195143.2812
890.955 890.955 0.0 194927.0469
905.097 905.097 0.0 194709.1797
919.239 919.239 0.0 194489.8438
933.381 933.381 0.0 194268.9766
947.523 947.523 0.0 194046.5859
961.665 961.665 0.0 193822.8984
975.807 975.807 0.0 193597.8047
989.949 989.949 0.0 193371.4141
1004.09 1004.09 0.0 193143.7422
1018.23 1018.23 0.0 192914.8672
1032.38 1032.38 0.0 192684.5625
1046.52 1046.52 0.0 192453.2734
1060.66 1060.66 0.0 192220.8594
1074.8 1074.8 0.0 191987.3047
1088.94 1088.94 0.0 191752.6797
1103.09 1103.09 0.0 191516.7734
1117.23 1117.23 0.0 191280.1094
1131.37 1131.37 0.0 191042.3438
1145.51 1145.51 0.0 190803.6484
1159.66 1159.66 0.0 190563.8672
1173.8 1173.8 0.0 190323.3281
1187.94 1187.94 0.0 190081.8359
1202.08 1202.08 0.0 189839.4688
1216.22 1216.22 0.0 189596.3203
1230.37 1230.37 0.0 189352.0391
1244.51 1244.51 0.0 189107.2109
1258.65 1258.65 0.0 188861.6094
1272.79 1272.79 0.0 188615.2500
1286.93 1286.93 0.0 188368.0859
1301.08 1301.08 0.0 188120.0234
1315.22 1315.22 0.0 187871.4141
1329.36 1329.36 0.0 187622.1484
1343.5 1343.5 0.0 187372.1484
1357.65 1357.65 0.0 187121.3828
1371.79 1371.79 0.0 186870.0938
1385.93 1385.93 0.0 186618.2500
1400.07 1400.07 0.0 186365.7109
1414.21 1414.21 0.0 186112.6172
1428.36 1428.36 0.0 185858.7500
1442.5 1442.5 0.0 185604.5156
1456.64 1456.64 0.0 185349.6641
1470.78 1470.78 0.0 185094.3594
1484.92 1484.92 0.0 184838.4688
1499.07 1499.07 0.0 184581.9531
1513.21 1513.21 0.0 184325.0391
1527.35 1527.35 0.0 184067.6641
1541.49 1541.49 0.0 183809.8125
1555.63 1555.63 0.0 183551.5156
1569.78 1569.78 0.0 183292.5312
1583.92 1583.92 0.0 183033.3594
1598.06 1598.06 0.0 182773.7734
1612.2 1612.2 0.0 182513.7266
1626.35 1626.35 0.0 182253.0938
1640.49 1640.49 0.0 181992.2969
1654.63 1654.63 0.0 181731.0781
1668.77 1668.77 0.0 181469.4688
1682.91 1682.91 0.0 181207.5312
1697.06 1697.06 0.0 180945.0547
1711.2 1711.2 0.0 180682.4844
1725.34 1725.34 0.0 180419.4844
1739.48 1739.48 0.0 180156.2266
1753.62 1753.62 0.0 179892.6406
1767.77 1767.77 0.0 179628.5156
1781.91 1781.91 0.0 179364.3672
1796.05 1796.05 0.0 179099.9531
1810.19 1810.19 0.0 178835.2188
1824.34 1824.34 0.0 178569.9922
1838.48 1838.48 0.0 178304.7656
1852.62 1852.62 0.0 178039.2734
1866.76 1866.76 0.0 177773.5859
1880.9 1880.9 0.0 177507.6016
1895.05 1895.05 0.0 177241.2422
1909.19 1909.19 0.0 176974.8672
1923.33 1923.33 0.0 176708.3203
1937.47 1937.47 0.0 176441.5391
1951.61 1951.61 0.0 176174.5938
1965.76 1965.76 0.0 175907.3047
1979.9 1979.9 0.0 175640.0469
1994.04 1994.04 0.0 175372.5938
2008.18 2008.18 0.0 175105.0000
2022.33 2022.33 0.0 174837.1250
2036.47 2036.47 0.0 174569.2344
2050.61 2050.61 0.0 174301.3203
2064.75 2064.75 0.0 174033.2266
2078.89 2078.89 0.0 173764.9844
2093.04 2093.04 0.0 173496.5547
2107.18 2107.18 0.0 173228.1562
2121.32 2121.32 0.0 172959.6953
2135.46 2135.46 0.0 172691.2031
2149.6 2149.6 0.0 172422.6094
2163.75 2163.75 0.0 172153.7812
2177.89 2177.89 0.0 171885.0781
2192.03 2192.03 0.0 171616.3594
2206.17 2206.17 0.0 171347.6016
2220.32 2220.32 0.0 171078.6484
2234.46 2234.46 0.0 170809.8203
2248.6 2248.6 0.0 170541.0703
2262.74 2262.74 0.0 170272.2812
2276.88 2276.88 0.0 170003.5000
2291.03 2291.03 0.0 169734.5469
2305.17 2305.17 0.0 169465.8125
2319.31 2319.31 0.0 169197.1094
2333.45 2333.45 0.0 168928.4688
2347.59 2347.59 0.0 168659.8281
2361.74 2361.74 0.0 168391.1484
2375.88 2375.88 0.0 168122.6406
2390.02 2390.02 0.0 167854.2734
2404.16 2404.16 0.0 167585.9609
2418.31 2418.31 0.0 167317.6094
2432.45 2432.45 0.0 167049.4922
2446.59 2446.59 0.0 166781.4570
2460.73 2460.73 0.0 166513.6016
2474.87 2474.87 0.0 166245.8711
2489.02 2489.02 0.0 165978.0547
2503.16 2503.16 0.0 165710.6016
2517.3 2517.3 0.0 165443.2344
2531.44 2531.44 0.0 165176.1016
2545.58 2545.58 0.0 164909.1484
2559.73 2559.73 0.0 164642.1367
2573.87 2573.87 0.0 164375.5000
2588.01 2588.01 0.0 164109.1133
2602.15 2602.15 0.0 163842.9023
2616.3 2616.3 0.0 163576.6836
2630.44 2630.44 0.0 163310.8984
2644.58 2644.58 0.0 163045.3477
2658.72 2658.72 0.0 162780.0430
2672.86 2672.86 0.0 162514.9688
2687.01 2687.01 0.0 162249.9609
2701.15 2701.15 0.0 161985.3906
2715.29 2715.29 0.0 161721.1328
2729.43 2729.43 0.0 161457.1328
2743.57 2743.57 0.0 161193.4258
2757.72 2757.72 0.0 160929.8359
2771.86 2771.86 0.0 160666.7617
2786.0 2786.0 0.0 160403.9570
2800.14 2800.14 0.0 160141.4922
2814.28 2814.28 0.0 159879.3633
2828.43 2828.43 0.0 159617.3945
2842.57 2842.57 0.0 159355.9180
2856.71 2856.71 0.0 159094.8828
2870.85 2870.85 0.0 158834.1914
2885.0 2885.0 0.0 158573.6328
2899.14 2899.14 0.0 158313.7070
2913.28 2913.28 0.0 158054.1523
2927.42 2927.42 0.0 157795.0039
2941.56 2941.56 0.0 157536.2344
2955.71 2955.71 0.0 157277.7891
2969.85 2969.85 0.0 157019.8633
2983.99 2983.99 0.0 156762.4023
2998.13 2998.13 0.0 156505.3945
3012.27 3012.27 0.0 156248.8398
3026.42 3026.42 0.0 155992.5938
3040.56 3040.56 0.0 155736.9844
3054.7 3054.7 0.0 155481.8086
3068.84 3068.84 0.0 155227.1641
3082.99 3082.99 0.0 154972.8516
3097.13 3097.13 0.0 154719.2109
3111.27 3111.27 0.0 154466.0898
3125.41 3125.41 0.0 154213.5039
3139.55 3139.55 0.0 153961.4297
3153.7 3153.7 0.0 153709.7305
3167.84 3167.84 0.0 153458.7695
3181.98 3181.98 0.0 153208.3398
3196.12 3196.12 0.0 152958.4922
3210.26 3210.26 0.0 152709.2383
3224.41 3224.41 0.0 152460.3672
3238.55 3238.55 0.0 152212.2930
3252.69 3252.69 0.0 151964.7930
3266.83 3266.83 0.0 151717.9297
3280.98 3280.98 0.0 151471.4805
3295.12 3295.12 0.0 151225.8320
3309.26 3309.26 0.0 150980.8281
3323.4 3323.4 0.0 150736.4727
3337.54 3337.54 0.0 150492.7695
3351.69 3351.69 0.0 150249.5625
3365.83 3365.83 0.0 150007.1992
3379.97 3379.97 0.0 149765.4844
3394.11 3394.11 0.0 149524.4805
3408.25 3408.25 0.0 149284.1406
3422.4 3422.4 0.0 149044.3789
3436.54 3436.54 0.0 148805.4570
3450.68 3450.68 0.0 148567.2812
3464.82 3464.82 0.0 148329.8320
3478.97 3478.97 0.0 148092.9258
3493.11 3493.11 0.0 147856.9453
3507.25 3507.25 0.0 147621.6875
3521.39 3521.39 0.0 147387.2188
3535.53 3535.53 0.0 147153.4883
3549.68 3549.68 0.0 146920.3867
3563.82 3563.82 0.0 146688.2383
3577.96 3577.96 0.0 146456.8203
3592.1 3592.1 0.0 146226.2695
3606.24 3606.24 0.0 145996.4805
3620.39 3620.39 0.0 145767.3711
3634.53 3634.53 0.0 145539.1875
3648.67 3648.67 0.0 145311.8828
3662.81 3662.81 0.0 145085.4102
3676.96 3676.96 0.0 144859.5898
3691.1 3691.1 0.0 144634.7891
3705.24 3705.24 0.0 144410.8438
3719.38 3719.38 0.0 144187.7617
3733.52 3733.52 0.0 143965.5352
3747.67 3747.67 0.0 143744.0156
3761.81 3761.81 0.0 143523.5664
3775.95 3775.95 0.0 143304.0039
3790.09 3790.09 0.0 143085.3125
3804.23 3804.23 0.0 142867.5469
3818.38 3818.38 0.0 142650.5391
3832.52 3832.52 0.0 142434.5625
3846.66 3846.66 0.0 142219.5391
3860.8 3860.8 0.0 142005.4219
3874.95 3874.95 0.0 141792.1055
3889.09 3889.09 0.0 141579.8555
3903.23 3903.23 0.0 141368.5781
3917.37 3917.37 0.0 141158.2305
3931.51 3931.51 0.0 140948.8555
3945.66 3945.66 0.0 140740.2930
3959.8 3959.8 0.0 140532.8555
3973.94 3973.94 0.0 140326.3594
3988.08 3988.08 0.0 140120.8672
4002.22 4002.22 0.0 139916.3750
4016.37 4016.37 0.0 139712.6758
4030.51 4030.51 0.0 139510.1562
4044.65 4044.65 0.0 139308.6562
4058.79 4058.79 0.0 139108.1211
4072.94 4072.94 0.0 138908.4766
4087.08 4087.08 0.0 138709.9922
4101.22 4101.22 0.0 138512.5078
4115.36 4115.36 0.0 138316.0312
4129.5 4129.5 0.0 138120.6328
4143.65 4143.65 0.0 137926.0898
4157.79 4157.79 0.0 137732.7305
4171.93 4171.93 0.0 137540.4180
4186.07 4186.07 0.0 137349.1406
4200.21 4200.21 0.0 137158.9102
4214.36 4214.36 0.0 136969.6406
4228.5 4228.5 0.0 136781.5117
4242.64 4242.64 0.0 136594.4727
4256.78 4256.78 0.0 136408.4844
4270.92 4270.92 0.0 136223.5508
4285.07 4285.07 0.0 136039.5703
4299.21 4299.21 0.0 135856.7891
4313.35 4313.35 0.0 135675.0820
4327.49 4327.49 0.0 135494.4609
4341.64 4341.64 0.0 135314.8008
4355.78 4355.78 0.0 135136.3359
4369.92 4369.92 0.0 134958.9531
4384.06 4384.06 0.0 134782.6758
4398.2 4398.2 0.0 134607.4922
4412.35 4412.35 0.0 134433.2695
4426.49 4426.49 0.0 134260.2461
4440.63 4440.63 0.0 134088.3516
4454.77 4454.77 0.0 133917.5508
4468.91 4468.91 0.0 133747.8184
4483.06 4483.06 0.0 133579.0840
4497.2 4497.2 0.0 133411.5801
4511.34 4511.34 0.0 133245.1758
4525.48 4525.48 0.0 133079.8691
4539.63 4539.63 0.0 132915.5703
4553.77 4553.77 0.0 132752.4766
4567.91 4567.91 0.0 132590.5117
4582.05 4582.05 0.0 132429.6406
4596.19 4596.19 0.0 132269.8809
4610.34 4610.34 0.0 132111.1270
4624.48 4624.48 0.0 131953.5879
4638.62 4638.62 0.0 131797.1484
4652.76 4652.76 0.0 131641.8262
4666.9 4666.9 0.0 131487.6094
4681.05 4681.05 0.0 131334.3926
4695.19 4695.19 0.0 131182.4219
4709.33 4709.33 0.0 131031.5215
4723.47 4723.47 0.0 130881.7461
4737.62 4737.62 0.0 130732.9434
4751.76 4751.76 0.0 130585.3867
4765.9 4765.9 0.0 130438.9238
4780.04 4780.04 0.0 130293.5586
4794.18 4794.18 0.0 130149.3008
4808.33 4808.33 0.0 130006.0547
4822.47 4822.47 0.0 129863.9668
4836.61 4836.61 0.0 129723.0254
4850.75 4850.75 0.0 129583.1504
4864.89 4864.89 0.0 129444.3906
4879.04 4879.04 0.0 129306.5977
4893.18 4893.18 0.0 129170.0078
4907.32 4907.32 0.0 129034.4941
4921.46 4921.46 0.0 128900.0879
4935.61 4935.61 0.0 128766.6562
4949.75 4949.75 0.0 128634.3945
4963.89 4963.89 0.0 128503.2227
4978.03 4978.03 0.0 128373.0977
4992.17 4992.17 0.0 128244.0684
5006.32 5006.32 0.0 128116.0254
5020.46 5020.46 0.0 127989.1035
5034.6 5034.6 0.0 127863.2676
5048.74 5048.74 0.0 127738.4902
5062.88 5062.88 0.0 127614.7754
5077.03 5077.03 0.0 127492.0137
5091.17 5091.17 0.0 127370.4062
5105.31 5105.31 0.0 127249.8125
5119.45 5119.45 0.0 127130.2715
5133.6 5133.6 0.0 127011.6836
5147.74 5147.74 0.0 126894.2129
5161.88 5161.88 0.0 126777.7676
5176.02 5176.02 0.0 126662.3359
5190.16 5190.16 0.0 126547.9570
5204.31 5204.31 0.0 126434.4902
5218.45 5218.45 0.0 126322.1016
5232.59 5232.59 0.0 126210.7461
5246.73 5246.73 0.0 126100.3691
5260.87 5260.87 0.0 125991.0059
5275.02 5275.02 0.0 125882.5547
5289.16 5289.16 0.0 125775.1660
5303.3 5303.3 0.0 125668.7520
5317.44 5317.44 0.0 125563.3164
5331.59 5331.59 0.0 125458.7949
5345.73 5345.73 0.0 125355.2969
5359.87 5359.87 0.0 125252.7695
5374.01 5374.01 0.0 125151.1992
5388.15 5388.15 0.0 125050.5684
5402.3 5402.3 0.0 124950.8105
5416.44 5416.44 0.0 124852.0762
5430.58 5430.58 0.0 124754.2559
5444.72 5444.72 0.0 124657.3867
5458.86 5458.86 0.0 124561.4336
5473.01 5473.01 0.0 124466.3242
5487.15 5487.15 0.0 124372.2031
5501.29 5501.29 0.0 124278.9922
5515.43 5515.43 0.0 124186.6602
5529.58 5529.58 0.0 124095.1562
5543.72 5543.72 0.0 124004.6172
5557.86 5557.86 0.0 123914.9590
5572.0 5572.0 0.0 123826.1582
5586.14 5586.14 0.0 123738.2598
5600.29 5600.29 0.0 123651.1250
5614.43 5614.43 0.0 123564.9395
5628.57 5628.57 0.0 123479.5801
5642.71 5642.71 0.0 123395.0859
5656.85 5656.85 0.0 123311.4160
5671.0 5671.0 0.0 123228.5137
5685.14 5685.14 0.0 123146.5137
5699.28 5699.28 0.0 123065.3164
5713.42 5713.42 0.0 122984.9414
5727.56 5727.56 0.0 122905.3574
5741.71 5741.71 0.0 122826.5391
5755.85 5755.85 0.0 122748.5449
5769.99 5769.99 0.0 122671.3555
5784.13 5784.13 0.0 122594.9297
5798.28 5798.28 0.0 122519.2402
5812.42 5812.42 0.0 122444.3730
5826.56 5826.56 0.0 122370.2480
5840.7 5840.7 0.0 122296.8965
5854.84 5854.84 0.0 122224.2695
5868.99 5868.99 0.0 122152.3438
5883.13 5883.13 0.0 122081.2168
5897.27 5897.27 0.0 122010.8047
5911.41 5911.41 0.0 121941.1133
5925.55 5925.55 0.0 121872.1230
5939.7 5939.7 0.0 121803.8184
5953.84 5953.84 0.0 121736.2500
5967.98 5967.98 0.0 121669.3867
5982.12 5982.12 0.0 121603.1934
5996.27 5996.27 0.0 121537.6445
6010.41 6010.41 0.0 121472.8164
6024.55 6024.55 0.0 121408.6719
6038.69 6038.69 0.0 121345.1641
6052.83 6052.83 0.0 121282.3301
6066.98 6066.98 0.0 121220.0977
6081.12 6081.12 0.0 121158.5410
6095.26 6095.26 0.0 121097.6406
6109.4 6109.4 0.0 121037.3477
6123.54 6123.54 0.0 120977.6973
6137.69 6137.69 0.0 120918.6133
6151.83 6151.83 0.0 120860.1836
6165.97 6165.97 0.0 120802.3574
6180.11 6180.11 0.0 120745.1387
6194.26 6194.26 0.0 120688.4629
6208.4 6208.4 0.0 120632.4297
6222.54 6222.54 0.0 120576.9688
6236.68 6236.68 0.0 120522.0742
6250.82 6250.82 0.0 120467.7480
6264.97 6264.97 0.0 120413.9453
6279.11 6279.11 0.0 120360.7363
6293.25 6293.25 0.0 120308.0820
6307.39 6307.39 0.0 120255.9785
6321.53 6321.53 0.0 120204.3945
6335.68 6335.68 0.0 120153.3359
6349.82 6349.82 0.0 120102.8008
6363.96 6363.96 0.0 120052.8008
6378.1 6378.1 0.0 120003.3320
6392.25 6392.25 0.0 119954.3242
6406.39 6406.39 0.0 119905.8516
6420.53 6420.53 0.0 119857.8672
6434.67 6434.67 0.0 119810.3828
6448.81 6448.81 0.0 119763.3926
6462.96 6462.96 0.0 119716.8379
6477.1 6477.1 0.0 119670.7910
6491.24 6491.24 0.0 119625.2285
6505.38 6505.38 0.0 119580.1152
6519.52 6519.52 0.0 119535.4648
6533.67 6533.67 0.0 119491.2246
6547.81 6547.81 0.0 119447.4863
6561.95 6561.95 0.0 119404.1797
6576.09 6576.09 0.0 119361.3086
6590.24 6590.24 0.0 119318.8281
6604.38 6604.38 0.0 119276.8281
6618.52 6618.52 0.0 119235.2363
6632.66 6632.66 0.0 119194.0625
6646.8 6646.8 0.0 119153.2852
6660.95 6660.95 0.0 119112.9062
6675.09 6675.09 0.0 119072.9473
6689.23 6689.23 0.0 119033.3906
6703.37 6703.37 0.0 118994.2305
6717.51 6717.51 0.0 118955.4629
6731.66 6731.66 0.0 118917.0391
6745.8 6745.8 0.0 118879.0215
6759.94 6759.94 0.0 118841.3672
6774.08 6774.08 0.0 118804.0977
6788.23 6788.23 0.0 118767.1621
6802.37 6802.37 0.0 118730.6016
6816.51 6816.51 0.0 118694.4199
6830.65 6830.65 0.0 118658.5664
6844.79 6844.79 0.0 118623.0645
6858.94 6858.94 0.0 118587.8887
6873.08 6873.08 0.0 118553.0684
6887.22 6887.22 0.0 118518.5781
6901.36 6901.36 0.0 118484.4395
6915.5 6915.5 0.0 118450.6094
6929.65 6929.65 0.0 118417.0684
6943.79 6943.79 0.0 118383.8691
6957.93 6957.93 0.0 118350.9863
6972.07 6972.07 0.0 118318.4238
6986.21 6986.21 0.0 118286.1562
7000.36 7000.36 0.0 118254.1699
7014.5 7014.5 0.0 118222.5020
7028.64 7028.64 0.0 118191.1484
7042.78 7042.78 0.0 118160.0586
7056.93 7056.93 0.0 118129.2402
7071.07 7071.07 0.0 118098.7246
7085.21 7085.21 0.0 118068.4824
7099.35 7099.35 0.0 118038.5332
7113.49 7113.49 0.0 118008.8457
7127.64 7127.64 0.0 117979.4102
7141.78 7141.78 0.0 117950.2656
7155.92 7155.92 0.0 117921.3652
7170.06 7170.06 0.0 117892.7344
7184.2 7184.2 0.0 117864.3574
7198.35 7198.35 0.0 117836.2148
7212.49 7212.49 0.0 117808.3320
7226.63 7226.63 0.0 117780.7031
7240.77 7240.77 0.0 117753.3086
7254.92 7254.92 0.0 117726.1445
7269.06 7269.06 0.0 117699.2266
7283.2 7283.2 0.0 117672.5537
7297.34 7297.34 0.0 117646.1006
7311.48 7311.48 0.0 117619.8760
7325.63 7325.63 0.0 117593.8477
7339.77 7339.77 0.0 117568.0762
7353.91 7353.91 0.0 117542.5107
7368.05 7368.05 0.0 117517.1699
7382.19 7382.19 0.0 117492.0391
7396.34 7396.34 0.0 117467.0986
7410.48 7410.48 0.0 117442.3770
7424.62 7424.62 0.0 117417.8779
7438.76 7438.76 0.0 117393.5537
7452.91 7452.91 0.0 117369.4375
7467.05 7467.05 0.0 117345.5195
7481.19 7481.19 0.0 117321.7910
7495.33 7495.33 0.0 117298.2773
7509.47 7509.47 0.0 117274.9287
7523.62 7523.62 0.0 117251.7676
7537.76 7537.76 0.0 117228.8047
7551.9 7551.9 0.0 117206.0244
7566.04 7566.04 0.0 117183.4043
7580.18 7580.18 0.0 117160.9746
7594.33 7594.33 0.0 117138.7080
7608.47 7608.47 0.0 117116.6152
7622.61 7622.61 0.0 117094.7031
7636.75 7636.75 0.0 117072.9570
7650.9 7650.9 0.0 117051.3730
7665.04 7665.04 0.0 117029.9668
7679.18 7679.18 0.0 117008.7090
7693.32 7693.32 0.0 116987.6123
7707.46 7707.46 0.0 116966.6709
7721.61 7721.61 0.0 116945.8730
7735.75 7735.75 0.0 116925.2441
7749.89 7749.89 0.0 116904.7676
7764.03 7764.03 0.0 116884.4355
7778.17 7778.17 0.0 116864.2549
