0.0 0.0 0.0 641610.9375
14.1421 14.1421 0.0 1349609.0000
28.2843 28.2843 0.0 1540547.5000
42.4264 42.4264 0.0 1635095.6250
56.5685 56.5685 0.0 1684778.7500
70.7107 70.7107 0.0 1708485.7500
84.8528 84.8528 0.0 1715428.2500
98.9949 98.9949 0.0 1710841.1250
113.137 113.137 0.0 1698001.3750
127.279 127.279 0.0 1679109.1250
141.421 141.421 0.0 1655711.1250
155.563 155.563 0.0 1628941.8750
169.706 169.706 0.0 1599651.6250
183.848 183.848 0.0 1568502.3750
197.99 197.99 0.0 1536006.0000
212.132 212.132 0.0 1502576.7500
226.274 226.274 0.0 1468542.8750
240.416 240.416 0.0 1434173.2500
254.558 254.558 0.0 1399688.0000
268.701 268.701 0.0 1365264.0000
282.843 282.843 0.0 1331054.6250
296.985 296.985 0.0 1297179.3750
311.127 311.127 0.0 1263738.2500
325.269 325.269 0.0 1230812.1250
339.411 339.411 0.0 1198468.3750
353.553 353.553 0.0 1166760.6250
367.696 367.696 0.0 1135728.6875
381.838 381.838 0.0 1105410.5625
395.98 395.98 0.0 1075829.0625
410.122 410.122 0.0 1047001.7500
424.264 424.264 0.0 1018940.9375
438.406 438.406 0.0 991653.4375
452.548 452.548 0.0 965142.6250
466.69 466.69 0.0 939407.1875
480.833 480.833 0.0 914440.1250
494.975 494.975 0.0 890238.8125
509.117 509.117 0.0 866791.2500
523.259 523.259 0.0 844086.8750
537.401 537.401 0.0 822112.1875
551.543 551.543 0.0 800852.8750
565.685 565.685 0.0 780293.3125
579.828 579.828 0.0 760416.0000
593.97 593.97 0.0 741206.3750
608.112 608.112 0.0 722645.8125
622.254 622.254 0.0 704715.8750
636.396 636.396 0.0 687399.3125
650.538 650.538 0.0 670677.0000
664.68 664.68 0.0 654530.9375
678.823 678.823 0.0 638942.0625
692.965 692.965 0.0 623894.1875
707.107 707.107 0.0 609368.4062
721.249 721.249 0.0 595347.1875
735.391 735.391 0.0 581812.9375
749.533 749.533 0.0 568748.7812
763.675 763.675 0.0 556138.3750
777.817 777.817 0.0 543965.0625
791.96 791.96 0.0 532212.6250
806.102 806.102 0.0 520867.2500
820.244 820.244 0.0 509912.6875
834.386 834.386 0.0 499335.0312
848.528 848.528 0.0 489120.0312
862.67 862.67 0.0 479254.1562
876.812 876.812 0.0 469724.1875
890.955 890.955 0.0 460516.7500
905.097 905.097 0.0 451620.9688
919.239 919.239 0.0 443024.2188
933.381 933.381 0.0 434715.3438
947.523 947.523 0.0 426683.2188
961.665 961.665 0.0 418917.1250
975.807 975.807 0.0 411407.2812
989.949 989.949 0.0 404143.5938
1004.09 1004.09 0.0 397117.2188
1018.23 1018.23 0.0 390319.0312
1032.38 1032.38 0.0 383735.5312
1046.52 1046.52 0.0 377367.3125
1060.66 1060.66 0.0 371201.8438
1074.8 1074.8 0.0 365231.4375
1088.94 1088.94 0.0 359448.7812
1103.09 1103.09 0.0 353842.7344
1117.23 1117.23 0.0 348414.5469
1131.37 1131.37 0.0 343153.6719
1145.51 1145.51 0.0 338053.7500
1159.66 1159.66 0.0 333105.4531
1173.8 1173.8 0.0 328310.0000
1187.94 1187.94 0.0 323658.2344
1202.08 1202.08 0.0 319145.1406
1216.22 1216.22 0.0 314765.2969
1230.37 1230.37 0.0 310511.0469
1244.51 1244.51 0.0 306383.7969
1258.65 1258.65 0.0 302375.9219
1272.79 1272.79 0.0 298483.0938
1286.93 1286.93 0.0 294701.3281
1301.08 1301.08 0.0 291024.0000
1315.22 1315.22 0.0 287452.5000
1329.36 1329.36 0.0 283980.6406
1343.5 1343.5 0.0 280604.8594
1357.65 1357.65 0.0 277319.5938
1371.79 1371.79 0.0 274126.1719
1385.93 1385.93 0.0 271019.1875
1400.07 1400.07 0.0 267995.7344
1414.21 1414.21 0.0 265052.8594
1428.36 1428.36 0.0 262185.9531
1442.5 1442.5 0.0 259396.3594
1456.64 1456.64 0.0 256679.4531
1470.78 1470.78 0.0 254032.9844
1484.92 1484.92 0.0 251454.4688
1499.07 1499.07 0.0 248939.9844
1513.21 1513.21 0.0 246490.9375
1527.35 1527.35 0.0 244103.3750
1541.49 1541.49 0.0 241775.4062
1555.63 1555.63 0.0 239505.0625
1569.78 1569.78 0.0 237289.0156
1583.92 1583.92 0.0 235128.5625
1598.06 1598.06 0.0 233020.4375
1612.2 1612.2 0.0 230963.0469
1626.35 1626.35 0.0 228953.3125
1640.49 1640.49 0.0 226992.6875
1654.63 1654.63 0.0 225078.1562
1668.77 1668.77 0.0 223208.3125
1682.91 1682.91 0.0 221381.8828
1697.06 1697.06 0.0 219596.2891
1711.2 1711.2 0.0 217852.7188
1725.34 1725.34 0.0 216148.7812
1739.48 1739.48 0.0 214483.2656
1753.62 1753.62 0.0 212855.0469
1767.77 1767.77 0.0 211261.8750
1781.91 1781.91 0.0 209705.0078
1796.05 1796.05 0.0 208182.2969
1810.19 1810.19 0.0 206692.7109
1824.34 1824.34 0.0 205234.3828
1838.48 1838.48 0.0 203808.3125
1852.62 1852.62 0.0 202412.7109
1866.76 1866.76 0.0 201046.7344
1880.9 1880.9 0.0 199709.4844
1895.05 1895.05 0.0 198399.2656
1909.19 1909.19 0.0 197117.2031
1923.33 1923.33 0.0 195861.5938
1937.47 1937.47 0.0 194631.7031
1951.61 1951.61 0.0 193426.9141
1965.76 1965.76 0.0 192245.6406
1979.9 1979.9 0.0 191088.9766
1994.04 1994.04 0.0 189955.4453
2008.18 2008.18 0.0 188844.3828
2022.33 2022.33 0.0 187754.5000
2036.47 2036.47 0.0 186686.7344
2050.61 2050.61 0.0 185639.7969
2064.75 2064.75 0.0 184613.1250
2078.89 2078.89 0.0 183606.1875
2093.04 2093.04 0.0 182617.8438
2107.18 2107.18 0.0 181649.0000
2121.32 2121.32 0.0 180698.4531
2135.46 2135.46 0.0 179765.7812
2149.6 2149.6 0.0 178850.5078
2163.75 2163.75 0.0 177951.6172
2177.89 2177.89 0.0 177069.9297
2192.03 2192.03 0.0 176204.4453
2206.17 2206.17 0.0 175354.7266
2220.32 2220.32 0.0 174519.8672
2234.46 2234.46 0.0 173700.6406
2248.6 2248.6 0.0 172896.0938
2262.74 2262.74 0.0 172105.9297
2276.88 2276.88 0.0 171329.7656
2291.03 2291.03 0.0 170566.7656
2305.17 2305.17 0.0 169817.6562
2319.31 2319.31 0.0 169081.6562
2333.45 2333.45 0.0 168358.4219
2347.59 2347.59 0.0 167647.6562
2361.74 2361.74 0.0 166948.6094
2375.88 2375.88 0.0 166261.9961
2390.02 2390.02 0.0 165587.0391
2404.16 2404.16 0.0 164923.5078
2418.31 2418.31 0.0 164270.6641
2432.45 2432.45 0.0 163629.2109
2446.59 2446.59 0.0 162998.4141
2460.73 2460.73 0.0 162378.0586
2474.87 2474.87 0.0 161767.9414
2489.02 2489.02 0.0 161167.3867
2503.16 2503.16 0.0 160577.1055
2517.3 2517.3 0.0 159996.3320
2531.44 2531.44 0.0 159424.9766
2545.58 2545.58 0.0 158862.8047
2559.73 2559.73 0.0 158309.2305
2573.87 2573.87 0.0 157764.8672
2588.01 2588.01 0.0 157229.1016
2602.15 2602.15 0.0 156701.8203
2616.3 2616.3 0.0 156182.4336
2630.44 2630.44 0.0 155671.5430
2644.58 2644.58 0.0 155168.6055
2658.72 2658.72 0.0 154673.4336
2672.86 2672.86 0.0 154185.8906
2687.01 2687.01 0.0 153705.5078
2701.15 2701.15 0.0 153232.8047
2715.29 2715.29 0.0 152767.2812
2729.43 2729.43 0.0 152308.7852
2743.57 2743.57 0.0 151857.2422
2757.72 2757.72 0.0 151412.1367
2771.86 2771.86 0.0 150974.0039
2786.0 2786.0 0.0 150542.3945
2800.14 2800.14 0.0 150117.1836
2814.28 2814.28 0.0 149698.2266
2828.43 2828.43 0.0 149285.1445
2842.57 2842.57 0.0 148878.4102
2856.71 2856.71 0.0 148477.6016
2870.85 2870.85 0.0 148082.5898
2885.0 2885.0 0.0 147693.0312
2899.14 2899.14 0.0 147309.3555
2913.28 2913.28 0.0 146931.1836
2927.42 2927.42 0.0 146558.3789
2941.56 2941.56 0.0 146190.9141
2955.71 2955.71 0.0 145828.3594
2969.85 2969.85 0.0 145471.2188
2983.99 2983.99 0.0 145119.0742
2998.13 2998.13 0.0 144771.8750
3012.27 3012.27 0.0 144429.5078
3026.42 3026.42 0.0 144091.6523
3040.56 3040.56 0.0 143758.7109
3054.7 3054.7 0.0 143430.3711
3068.84 3068.84 0.0 143106.5312
3082.99 3082.99 0.0 142786.9180
3097.13 3097.13 0.0 142471.8750
3111.27 3111.27 0.0 142161.0898
3125.41 3125.41 0.0 141854.5312
3139.55 3139.55 0.0 141552.1133
3153.7 3153.7 0.0 141253.5547
3167.84 3167.84 0.0 140959.1875
3181.98 3181.98 0.0 140668.7422
3196.12 3196.12 0.0 140382.1445
3210.26 3210.26 0.0 140099.3711
3224.41 3224.41 0.0 139820.1172
3238.55 3238.55 0.0 139544.7227
3252.69 3252.69 0.0 139272.9336
3266.83 3266.83 0.0 139004.7148
3280.98 3280.98 0.0 138739.8125
3295.12 3295.12 0.0 138478.4961
3309.26 3309.26 0.0 138220.5469
3323.4 3323.4 0.0 137965.9570
3337.54 3337.54 0.0 137714.6172
3351.69 3351.69 0.0 137466.3086
3365.83 3365.83 0.0 137221.3320
3379.97 3379.97 0.0 136979.4648
3394.11 3394.11 0.0 136740.6758
3408.25 3408.25 0.0 136504.8984
3422.4 3422.4 0.0 136271.9023
3436.54 3436.54 0.0 136042.0117
3450.68 3450.68 0.0 135814.9766
3464.82 3464.82 0.0 135590.7734
3478.97 3478.97 0.0 135369.1992
3493.11 3493.11 0.0 135150.4922
3507.25 3507.25 0.0 134934.4961
3521.39 3521.39 0.0 134721.1445
3535.53 3535.53 0.0 134510.4180
3549.68 3549.68 0.0 134302.0977
3563.82 3563.82 0.0 134096.4688
3577.96 3577.96 0.0 133893.3242
3592.1 3592.1 0.0 133692.6387
3606.24 3606.24 0.0 133494.3672
3620.39 3620.39 0.0 133298.3320
3634.53 3634.53 0.0 133104.7773
3648.67 3648.67 0.0 132913.5312
3662.81 3662.81 0.0 132724.5488
3676.96 3676.96 0.0 132537.6660
3691.1 3691.1 0.0 132353.1387
3705.24 3705.24 0.0 132170.7734
3719.38 3719.38 0.0 131990.5332
3733.52 3733.52 0.0 131812.4199
3747.67 3747.67 0.0 131636.2441
3761.81 3761.81 0.0 131462.2383
3775.95 3775.95 0.0 131290.2246
3790.09 3790.09 0.0 131120.2266
3804.23 3804.23 0.0 130952.1562
3818.38 3818.38 0.0 130785.9238
3832.52 3832.52 0.0 130621.6836
3846.66 3846.66 0.0 130459.3184
3860.8 3860.8 0.0 130298.7598
3874.95 3874.95 0.0 130139.9414
3889.09 3889.09 0.0 129983.0234
3903.23 3903.23 0.0 129827.8516
3917.37 3917.37 0.0 129674.4160
3931.51 3931.51 0.0 129522.7012
3945.66 3945.66 0.0 129372.5547
3959.8 3959.8 0.0 129224.1934
3973.94 3973.94 0.0 129077.4648
3988.08 3988.08 0.0 128932.3301
4002.22 4002.22 0.0 128788.7949
4016.37 4016.37 0.0 128646.7422
4030.51 4030.51 0.0 128506.3223
4044.65 4044.65 0.0 128367.4277
4058.79 4058.79 0.0 128230.0312
4072.94 4072.94 0.0 128094.0176
4087.08 4087.08 0.0 127959.5723
4101.22 4101.22 0.0 127826.5781
4115.36 4115.36 0.0 127694.9727
4129.5 4129.5 0.0 127564.7832
4143.65 4143.65 0.0 127435.8594
4157.79 4157.79 0.0 127308.3984
4171.93 4171.93 0.0 127182.3008
4186.07 4186.07 0.0 127057.5059
4200.21 4200.21 0.0 126933.9922
4214.36 4214.36 0.0 126811.7109
4228.5 4228.5 0.0 126690.7695
4242.64 4242.64 0.0 126571.0879
4256.78 4256.78 0.0 126452.6230
4270.92 4270.92 0.0 126335.3926
4285.07 4285.07 0.0 126219.2617
4299.21 4299.21 0.0 126104.3945
4313.35 4313.35 0.0 125990.6914
4327.49 4327.49 0.0 125878.1484
4341.64 4341.64 0.0 125766.6660
4355.78 4355.78 0.0 125656.3633
4369.92 4369.92 0.0 125547.1719
4384.06 4384.06 0.0 125439.0781
4398.2 4398.2 0.0 125332.0430
4412.35 4412.35 0.0 125225.9941
4426.49 4426.49 0.0 125121.0801
4440.63 4440.63 0.0 125017.1738
4454.77 4454.77 0.0 124914.2969
4468.91 4468.91 0.0 124812.4238
4483.06 4483.06 0.0 124711.4668
4497.2 4497.2 0.0 124611.5430
4511.34 4511.34 0.0 124512.5977
4525.48 4525.48 0.0 124414.6230
4539.63 4539.63 0.0 124317.4824
4553.77 4553.77 0.0 124221.3457
4567.91 4567.91 0.0 124126.1191
4582.05 4582.05 0.0 124031.7949
4596.19 4596.19 0.0 123938.3555
4610.34 4610.34 0.0 123845.7461
4624.48 4624.48 0.0 123754.0488
4638.62 4638.62 0.0 123663.2090
4652.76 4652.76 0.0 123573.2051
4666.9 4666.9 0.0 123484.0449
4681.05 4681.05 0.0 123395.6465
4695.19 4695.19 0.0 123308.1152
4709.33 4709.33 0.0 123221.3848
4723.47 4723.47 0.0 123135.4199
4737.62 4737.62 0.0 123050.2109
4751.76 4751.76 0.0 122965.8125
4765.9 4765.9 0.0 122882.1699
4780.04 4780.04 0.0 122799.2852
4794.18 4794.18 0.0 122717.1152
4808.33 4808.33 0.0 122635.6543
4822.47 4822.47 0.0 122554.9590
4836.61 4836.61 0.0 122474.9551
4850.75 4850.75 0.0 122395.6895
4864.89 4864.89 0.0 122317.0977
4879.04 4879.04 0.0 122239.1465
4893.18 4893.18 0.0 122161.9102
4907.32 4907.32 0.0 122085.3516
4921.46 4921.46 0.0 122009.4434
4935.61 4935.61 0.0 121934.1387
4949.75 4949.75 0.0 121859.5391
4963.89 4963.89 0.0 121785.5664
4978.03 4978.03 0.0 121712.2207
4992.17 4992.17 0.0 121639.4941
5006.32 5006.32 0.0 121567.3301
5020.46 5020.46 0.0 121495.8340
5034.6 5034.6 0.0 121424.9160
5048.74 5048.74 0.0 121354.5879
5062.88 5062.88 0.0 121284.8418
5077.03 5077.03 0.0 121215.6309
5091.17 5091.17 0.0 121147.0410
5105.31 5105.31 0.0 121079.0059
5119.45 5119.45 0.0 121011.5215
5133.6 5133.6 0.0 120944.5449
5147.74 5147.74 0.0 120878.1582
5161.88 5161.88 0.0 120812.3027
5176.02 5176.02 0.0 120746.9746
5190.16 5190.16 0.0 120682.1641
5204.31 5204.31 0.0 120617.8320
5218.45 5218.45 0.0 120554.0566
5232.59 5232.59 0.0 120490.7832
5246.73 5246.73 0.0 120428.0156
5260.87 5260.87 0.0 120365.7344
5275.02 5275.02 0.0 120303.8965
5289.16 5289.16 0.0 120242.5801
5303.3 5303.3 0.0 120181.7480
5317.44 5317.44 0.0 120121.3867
5331.59 5331.59 0.0 120061.4434
5345.73 5345.73 0.0 120002.0059
5359.87 5359.87 0.0 119943.0215
5374.01 5374.01 0.0 119884.4824
5388.15 5388.15 0.0 119826.3906
5402.3 5402.3 0.0 119768.6914
5416.44 5416.44 0.0 119711.4727
5430.58 5430.58 0.0 119654.6738
5444.72 5444.72 0.0 119598.3203
5458.86 5458.86 0.0 119542.3730
5473.01 5473.01 0.0 119486.8066
5487.15 5487.15 0.0 119431.6934
5501.29 5501.29 0.0 119376.9727
5515.43 5515.43 0.0 119322.6719
5529.58 5529.58 0.0 119268.7188
5543.72 5543.72 0.0 119215.2129
5557.86 5557.86 0.0 119162.0762
5572.0 5572.0 0.0 119109.3398
5586.14 5586.14 0.0 119056.9902
5600.29 5600.29 0.0 119004.9570
5614.43 5614.43 0.0 118953.3555
5628.57 5628.57 0.0 118902.1191
5642.71 5642.71 0.0 118851.2461
5656.85 5656.85 0.0 118800.7285
5671.0 5671.0 0.0 118750.5410
5685.14 5685.14 0.0 118700.7422
5699.28 5699.28 0.0 118651.2910
5713.42 5713.42 0.0 118602.1992
5727.56 5727.56 0.0 118553.4434
5741.71 5741.71 0.0 118504.9922
5755.85 5755.85 0.0 118456.9043
5769.99 5769.99 0.0 118409.1660
5784.13 5784.13 0.0 118361.7520
5798.28 5798.28 0.0 118314.6309
5812.42 5812.42 0.0 118267.8574
5826.56 5826.56 0.0 118221.4160
5840.7 5840.7 0.0 118175.3027
5854.84 5854.84 0.0 118129.4785
5868.99 5868.99 0.0 118083.9473
5883.13 5883.13 0.0 118038.7480
5897.27 5897.27 0.0 117993.8691
5911.41 5911.41 0.0 117949.2891
5925.55 5925.55 0.0 117905.0020
5939.7 5939.7 0.0 117860.9863
5953.84 5953.84 0.0 117817.2910
5967.98 5967.98 0.0 117773.8867
5982.12 5982.12 0.0 117730.7754
5996.27 5996.27 0.0 117687.9150
6010.41 6010.41 0.0 117645.3828
6024.55 6024.55 0.0 117603.1221
6038.69 6038.69 0.0 117561.1230
6052.83 6052.83 0.0 117519.4307
6066.98 6066.98 0.0 117477.9668
6081.12 6081.12 0.0 117436.8057
6095.26 6095.26 0.0 117395.9082
6109.4 6109.4 0.0 117355.2891
6123.54 6123.54 0.0 117314.9238
6137.69 6137.69 0.0 117274.7949
6151.83 6151.83 0.0 117234.9434
6165.97 6165.97 0.0 117195.3604
6180.11 6180.11 0.0 117156.0361
6194.26 6194.26 0.0 117116.9307
6208.4 6208.4 0.0 117078.0977
6222.54 6222.54 0.0 117039.5244
6236.68 6236.68 0.0 117001.1777
6250.82 6250.82 0.0 116963.1035
6264.97 6264.97 0.0 116925.2217
6279.11 6279.11 0.0 116887.6152
6293.25 6293.25 0.0 116850.2480
6307.39 6307.39 0.0 116813.1064
6321.53 6321.53 0.0 116776.2148
6335.68 6335.68 0.0 116739.5273
6349.82 6349.82 0.0 116703.0859
6363.96 6363.96 0.0 116666.8760
6378.1 6378.1 0.0 116630.8955
6392.25 6392.25 0.0 116595.1211
6406.39 6406.39 0.0 116559.5889
6420.53 6420.53 0.0 116524.2734
6434.67 6434.67 0.0 116489.1855
6448.81 6448.81 0.0 116454.3047
6462.96 6462.96 0.0 116419.6182
6477.1 6477.1 0.0 116385.1826
6491.24 6491.24 0.0 116350.9453
6505.38 6505.38 0.0 116316.9209
6519.52 6519.52 0.0 116283.1064
6533.67 6533.67 0.0 116249.4883
6547.81 6547.81 0.0 116216.0850
6561.95 6561.95 0.0 116182.8906
6576.09 6576.09 0.0 116149.9023
6590.24 6590.24 0.0 116117.0781
6604.38 6604.38 0.0 116084.4873
6618.52 6618.52 0.0 116052.0938
6632.66 6632.66 0.0 116019.9082
6646.8 6646.8 0.0 115987.8975
6660.95 6660.95 0.0 115956.0791
6675.09 6675.09 0.0 115924.4551
6689.23 6689.23 0.0 115893.0381
6703.37 6703.37 0.0 115861.8027
6717.51 6717.51 0.0 115830.7598
6731.66 6731.66 0.0 115799.8633
6745.8 6745.8 0.0 115769.2041
6759.94 6759.94 0.0 115738.7109
6774.08 6774.08 0.0 115708.3984
6788.23 6788.23 0.0 115678.2432
6802.37 6802.37 0.0 115648.2930
6816.51 6816.51 0.0 115618.5273
6830.65 6830.65 0.0 115588.9229
6844.79 6844.79 0.0 115559.5156
6858.94 6858.94 0.0 115530.2490
6873.08 6873.08 0.0 115501.1846
6887.22 6887.22 0.0 115472.2910
6901.36 6901.36 0.0 115443.5635
6915.5 6915.5 0.0 115415.0010
6929.65 6929.65 0.0 115386.5889
6943.79 6943.79 0.0 115358.3662
6957.93 6957.93 0.0 115330.3066
6972.07 6972.07 0.0 115302.4141
6986.21 6986.21 0.0 115274.6768
7000.36 7000.36 0.0 115247.0928
7014.5 7014.5 0.0 115219.6875
7028.64 7028.64 0.0 115192.4541
7042.78 7042.78 0.0 115165.3662
7056.93 7056.93 0.0 115138.4023
7071.07 7071.07 0.0 115111.6406
7085.21 7085.21 0.0 115085.0215
7099.35 7099.35 0.0 115058.5518
7113.49 7113.49 0.0 115032.2490
7127.64 7127.64 0.0 115006.0674
7141.78 7141.78 0.0 114980.0527
7155.92 7155.92 0.0 114954.1895
7170.06 7170.06 0.0 114928.4844
7184.2 7184.2 0.0 114902.9238
7198.35 7198.35 0.0 114877.4824
7212.49 7212.49 0.0 114852.2100
7226.63 7226.63 0.0 114827.0918
7240.77 7240.77 0.0 114802.1104
7254.92 7254.92 0.0 114777.2578
7269.06 7269.06 0.0 114752.5645
7283.2 7283.2 0.0 114727.9932
7297.34 7297.34 0.0 114703.5742
7311.48 7311.48 0.0 114679.2822
7325.63 7325.63 0.0 114655.1270
7339.77 7339.77 0.0 114631.1172
7353.91 7353.91 0.0 114607.2383
7368.05 7368.05 0.0 114583.5088
7382.19 7382.19 0.0 114559.8887
7396.34 7396.34 0.0 114536.4131
7410.48 7410.48 0.0 114513.0654
7424.62 7424.62 0.0 114489.8584
7438.76 7438.76 0.0 114466.7607
7452.91 7452.91 0.0 114443.8027
7467.05 7467.05 0.0 114420.9639
7481.19 7481.19 0.0 114398.2715
7495.33 7495.33 0.0 114375.7041
7509.47 7509.47 0.0 114353.2305
7523.62 7523.62 0.0 114330.9004
7537.76 7537.76 0.0 114308.6885
7551.9 7551.9 0.0 114286.6123
7566.04 7566.04 0.0 114264.6465
7580.18 7580.18 0.0 114242.8164
7594.33 7594.33 0.0 114221.0791
7608.47 7608.47 0.0 114199.4619
7622.61 7622.61 0.0 114177.9775
7636.75 7636.75 0.0 114156.6035
7650.9 7650.9 0.0 114135.3369
7665.04 7665.04 0.0 114114.1895
7679.18 7679.18 0.0 114093.1611
7693.32 7693.32 0.0 114072.2598
7707.46 7707.46 0.0 114051.4443
7721.61 7721.61 0.0 114030.7422
7735.75 7735.75 0.0 114010.1641
7749.89 7749.89 0.0 113989.6963
7764.03 7764.03 0.0 113969.3213
7778.17 7778.17 0.0 113949.0703
