0.0 0.0 0.0 299519.2031
14.1421 14.1421 0.0 202863.6484
28.2843 28.2843 0.0 202720.7969
42.4264 42.4264 0.0 200179.3359
56.5685 56.5685 0.0 196690.5547
70.7107 70.7107 0.0 192844.5625
84.8528 84.8528 0.0 188927.7422
98.9949 98.9949 0.0 185085.3672
113.137 113.137 0.0 181389.6953
127.279 127.279 0.0 177873.6328
141.421 141.421 0.0 174548.3750
155.563 155.563 0.0 171413.3672
169.706 169.706 0.0 168461.7969
183.848 183.848 0.0 165684.2930
197.99 197.99 0.0 163069.6836
212.132 212.132 0.0 160606.7617
226.274 226.274 0.0 158284.6719
240.416 240.416 0.0 156093.0352
254.558 254.558 0.0 154022.2930
268.701 268.701 0.0 152063.4375
282.843 282.843 0.0 150208.6758
296.985 296.985 0.0 148450.3867
311.127 311.127 0.0 146781.8711
325.269 325.269 0.0 145196.9258
339.411 339.411 0.0 143689.9258
353.553 353.553 0.0 142255.7109
367.696 367.696 0.0 140889.5117
381.838 381.838 0.0 139587.2031
395.98 395.98 0.0 138344.7461
410.122 410.122 0.0 137158.4492
424.264 424.264 0.0 136025.0547
438.406 438.406 0.0 134941.4180
452.548 452.548 0.0 133904.6934
466.69 466.69 0.0 132912.2461
480.833 480.833 0.0 131961.5938
494.975 494.975 0.0 131050.5488
509.117 509.117 0.0 130176.9805
523.259 523.259 0.0 129338.8711
537.401 537.401 0.0 128534.4219
551.543 551.543 0.0 127761.9062
565.685 565.685 0.0 127019.7266
579.828 579.828 0.0 126306.3340
593.97 593.97 0.0 125620.3984
608.112 608.112 0.0 124960.5820
622.254 622.254 0.0 124325.6270
636.396 636.396 0.0 123714.3828
650.538 650.538 0.0 123125.7070
664.68 664.68 0.0 122558.6152
678.823 678.823 0.0 122012.0820
692.965 692.965 0.0 121485.2520
707.107 707.107 0.0 120977.2109
721.249 721.249 0.0 120487.1504
735.391 735.391 0.0 120014.2852
749.533 749.533 0.0 119557.8867
763.675 763.675 0.0 119117.2246
777.817 777.817 0.0 118691.6777
791.96 791.96 0.0 118280.5664
806.102 806.102 0.0 117883.3516
820.244 820.244 0.0 117499.4434
834.386 834.386 0.0 117128.3057
848.528 848.528 0.0 116769.4102
862.67 862.67 0.0 116422.2910
876.812 876.812 0.0 116086.4648
890.955 890.955 0.0 115761.4717
905.097 905.097 0.0 115446.9395
919.239 919.239 0.0 115142.4453
933.381 933.381 0.0 114847.5918
947.523 947.523 0.0 114562.0283
961.665 961.665 0.0 114285.3916
975.807 975.807 0.0 114017.3604
989.949 989.949 0.0 113757.6074
1004.09 1004.09 0.0 113505.8457
1018.23 1018.23 0.0 113261.7832
1032.38 1032.38 0.0 113024.9551
1046.52 1046.52 0.0 112795.4404
1060.66 1060.66 0.0 112572.7988
1074.8 1074.8 0.0 112356.7930
1088.94 1088.94 0.0 112147.1865
1103.09 1103.09 0.0 111943.6104
1117.23 1117.23 0.0 111746.1396
1131.37 1131.37 0.0 111554.4209
1145.51 1145.51 0.0 111368.2520
1159.66 1159.66 0.0 111187.3203
1173.8 1173.8 0.0 111011.7021
1187.94 1187.94 0.0 110841.0840
1202.08 1202.08 0.0 110675.2979
1216.22 1216.22 0.0 110514.1875
1230.37 1230.37 0.0 110357.4883
1244.51 1244.51 0.0 110205.2686
1258.65 1258.65 0.0 110057.2666
1272.79 1272.79 0.0 109913.3594
1286.93 1286.93 0.0 109773.3906
1301.08 1301.08 0.0 109637.1572
1315.22 1315.22 0.0 109504.7231
1329.36 1329.36 0.0 109375.8701
1343.5 1343.5 0.0 109250.4814
1357.65 1357.65 0.0 109128.3643
1371.79 1371.79 0.0 109009.5850
1385.93 1385.93 0.0 108893.9482
1400.07 1400.07 0.0 108781.3696
1414.21 1414.21 0.0 108671.7476
1428.36 1428.36 0.0 108564.9067
1442.5 1442.5 0.0 108460.9165
1456.64 1456.64 0.0 108359.6182
1470.78 1470.78 0.0 108260.9258
1484.92 1484.92 0.0 108164.7573
1499.07 1499.07 0.0 108070.9688
1513.21 1513.21 0.0 107979.6299
1527.35 1527.35 0.0 107890.5967
1541.49 1541.49 0.0 107803.7969
1555.63 1555.63 0.0 107719.1626
1569.78 1569.78 0.0 107636.5752
1583.92 1583.92 0.0 107556.0947
1598.06 1598.06 0.0 107477.5898
1612.2 1612.2 0.0 107401.0122
1626.35 1626.35 0.0 107326.2505
1640.49 1640.49 0.0 107253.3516
1654.63 1654.63 0.0 107182.2168
1668.77 1668.77 0.0 107112.7881
1682.91 1682.91 0.0 107045.0205
1697.06 1697.06 0.0 106978.8184
1711.2 1711.2 0.0 106914.2271
1725.34 1725.34 0.0 106851.1641
1739.48 1739.48 0.0 106789.5737
1753.62 1753.62 0.0 106729.4209
1767.77 1767.77 0.0 106670.6230
1781.91 1781.91 0.0 106613.2271
1796.05 1796.05 0.0 106557.1431
1810.19 1810.19 0.0 106502.3467
1824.34 1824.34 0.0 106448.7607
1838.48 1838.48 0.0 106396.4224
1852.62 1852.62 0.0 106345.2622
1866.76 1866.76 0.0 106295.2485
1880.9 1880.9 0.0 106246.3472
1895.05 1895.05 0.0 106198.4985
1909.19 1909.19 0.0 106151.7358
1923.33 1923.33 0.0 106106.0005
1937.47 1937.47 0.0 106061.2593
1951.61 1951.61 0.0 106017.4932
1965.76 1965.76 0.0 105974.6372
1979.9 1979.9 0.0 105932.7412
1994.04 1994.04 0.0 105891.7310
2008.18 2008.18 0.0 105851.5928
2022.33 2022.33 0.0 105812.2759
2036.47 2036.47 0.0 105773.8125
2050.61 2050.61 0.0 105736.1519
2064.75 2064.75 0.0 105699.2744
2078.89 2078.89 0.0 105663.1553
2093.04 2093.04 0.0 105627.7549
2107.18 2107.18 0.0 105593.1006
2121.32 2121.32 0.0 105559.1523
2135.46 2135.46 0.0 105525.8872
2149.6 2149.6 0.0 105493.2910
2163.75 2163.75 0.0 105461.3223
2177.89 2177.89 0.0 105430.0073
2192.03 2192.03 0.0 105399.3096
2206.17 2206.17 0.0 105369.2144
2220.32 2220.32 0.0 105339.6843
2234.46 2234.46 0.0 105310.7473
2248.6 2248.6 0.0 105282.3647
2262.74 2262.74 0.0 105254.5225
2276.88 2276.88 0.0 105227.2134
2291.03 2291.03 0.0 105200.4004
2305.17 2305.17 0.0 105174.1045
2319.31 2319.31 0.0 105148.3032
2333.45 2333.45 0.0 105122.9783
2347.59 2347.59 0.0 105098.1189
2361.74 2361.74 0.0 105073.6963
2375.88 2375.88 0.0 105049.7300
2390.02 2390.02 0.0 105026.2014
2404.16 2404.16 0.0 105003.0908
2418.31 2418.31 0.0 104980.3770
2432.45 2432.45 0.0 104958.0811
2446.59 2446.59 0.0 104936.1772
2460.73 2460.73 0.0 104914.6545
2474.87 2474.87 0.0 104893.5012
2489.02 2489.02 0.0 104872.7002
2503.16 2503.16 0.0 104852.2668
2517.3 2517.3 0.0 104832.1802
2531.44 2531.44 0.0 104812.4348
2545.58 2545.58 0.0 104793.0149
2559.73 2559.73 0.0 104773.9082
2573.87 2573.87 0.0 104755.1272
2588.01 2588.01 0.0 104736.6511
2602.15 2602.15 0.0 104718.4763
2616.3 2616.3 0.0 104700.5850
2630.44 2630.44 0.0 104682.9905
2644.58 2644.58 0.0 104665.6750
2658.72 2658.72 0.0 104648.6353
2672.86 2672.86 0.0 104631.8591
2687.01 2687.01 0.0 104615.3318
2701.15 2701.15 0.0 104599.0708
2715.29 2715.29 0.0 104583.0620
2729.43 2729.43 0.0 104567.2952
2743.57 2743.57 0.0 104551.7659
2757.72 2757.72 0.0 104536.4575
2771.86 2771.86 0.0 104521.3875
2786.0 2786.0 0.0 104506.5427
2800.14 2800.14 0.0 104491.9128
2814.28 2814.28 0.0 104477.4927
2828.43 2828.43 0.0 104463.2744
2842.57 2842.57 0.0 104449.2683
2856.71 2856.71 0.0 104435.4614
2870.85 2870.85 0.0 104421.8491
2885.0 2885.0 0.0 104408.4158
2899.14 2899.14 0.0 104395.1833
2913.28 2913.28 0.0 104382.1287
2927.42 2927.42 0.0 104369.2542
2941.56 2941.56 0.0 104356.5532
2955.71 2955.71 0.0 104344.0164
2969.85 2969.85 0.0 104331.6538
2983.99 2983.99 0.0 104319.4563
2998.13 2998.13 0.0 104307.4202
3012.27 3012.27 0.0 104295.5415
3026.42 3026.42 0.0 104283.8069
3040.56 3040.56 0.0 104272.2341
3054.7 3054.7 0.0 104260.8069
3068.84 3068.84 0.0 104249.5254
3082.99 3082.99 0.0 104238.3777
3097.13 3097.13 0.0 104227.3811
3111.27 3111.27 0.0 104216.5146
3125.41 3125.41 0.0 104205.7886
3139.55 3139.55 0.0 104195.1899
3153.7 3153.7 0.0 104184.7146
3167.84 3167.84 0.0 104174.3699
3181.98 3181.98 0.0 104164.1553
3196.12 3196.12 0.0 104154.0557
3210.26 3210.26 0.0 104144.0779
3224.41 3224.41 0.0 104134.2129
3238.55 3238.55 0.0 104124.4675
3252.69 3252.69 0.0 104114.8357
3266.83 3266.83 0.0 104105.3137
3280.98 3280.98 0.0 104095.8901
3295.12 3295.12 0.0 104086.5854
3309.26 3309.26 0.0 104077.3826
3323.4 3323.4 0.0 104068.2861
3337.54 3337.54 0.0 104059.2886
3351.69 3351.69 0.0 104050.3882
3365.83 3365.83 0.0 104041.5864
3379.97 3379.97 0.0 104032.8813
3394.11 3394.11 0.0 104024.2725
3408.25 3408.25 0.0 104015.7573
3422.4 3422.4 0.0 104007.3279
3436.54 3436.54 0.0 103998.9922
3450.68 3450.68 0.0 103990.7434
3464.82 3464.82 0.0 103982.5859
3478.97 3478.97 0.0 103974.5051
3493.11 3493.11 0.0 103966.5166
3507.25 3507.25 0.0 103958.6086
3521.39 3521.39 0.0 103950.7844
3535.53 3535.53 0.0 103943.0393
3549.68 3549.68 0.0 103935.3682
3563.82 3563.82 0.0 103927.7776
3577.96 3577.96 0.0 103920.2683
3592.1 3592.1 0.0 103912.8328
3606.24 3606.24 0.0 103905.4688
3620.39 3620.39 0.0 103898.1746
3634.53 3634.53 0.0 103890.9597
3648.67 3648.67 0.0 103883.8137
3662.81 3662.81 0.0 103876.7385
3676.96 3676.96 0.0 103869.7271
3691.1 3691.1 0.0 103862.7900
3705.24 3705.24 0.0 103855.9202
3719.38 3719.38 0.0 103849.1145
3733.52 3733.52 0.0 103842.3750
3747.67 3747.67 0.0 103835.6965
3761.81 3761.81 0.0 103829.0859
3775.95 3775.95 0.0 103822.5376
3790.09 3790.09 0.0 103816.0518
3804.23 3804.23 0.0 103809.6301
3818.38 3818.38 0.0 103803.2603
3832.52 3832.52 0.0 103796.9529
3846.66 3846.66 0.0 103790.7083
3860.8 3860.8 0.0 103784.5205
3874.95 3874.95 0.0 103778.3845
3889.09 3889.09 0.0 103772.3103
3903.23 3903.23 0.0 103766.2930
3917.37 3917.37 0.0 103760.3298
3931.51 3931.51 0.0 103754.4241
3945.66 3945.66 0.0 103748.5637
3959.8 3959.8 0.0 103742.7639
3973.94 3973.94 0.0 103737.0176
3988.08 3988.08 0.0 103731.3223
4002.22 4002.22 0.0 103725.6765
4016.37 4016.37 0.0 103720.0793
4030.51 4030.51 0.0 103714.5361
4044.65 4044.65 0.0 103709.0435
4058.79 4058.79 0.0 103703.5994
4072.94 4072.94 0.0 103698.2019
4087.08 4087.08 0.0 103692.8540
4101.22 4101.22 0.0 103687.5562
4115.36 4115.36 0.0 103682.3025
4129.5 4129.5 0.0 103677.0989
4143.65 4143.65 0.0 103671.9346
4157.79 4157.79 0.0 103666.8218
4171.93 4171.93 0.0 103661.7524
4186.07 4186.07 0.0 103656.7292
4200.21 4200.21 0.0 103651.7517
4214.36 4214.36 0.0 103646.8110
4228.5 4228.5 0.0 103641.9194
4242.64 4242.64 0.0 103637.0710
4256.78 4256.78 0.0 103632.2651
4270.92 4270.92 0.0 103627.4995
4285.07 4285.07 0.0 103622.7734
4299.21 4299.21 0.0 103618.0942
4313.35 4313.35 0.0 103613.4548
4327.49 4327.49 0.0 103608.8533
4341.64 4341.64 0.0 103604.2915
4355.78 4355.78 0.0 103599.7700
4369.92 4369.92 0.0 103595.2910
4384.06 4384.06 0.0 103590.8501
4398.2 4398.2 0.0 103586.4468
4412.35 4412.35 0.0 103582.0801
4426.49 4426.49 0.0 103577.7542
4440.63 4440.63 0.0 103573.4639
4454.77 4454.77 0.0 103569.2131
4468.91 4468.91 0.0 103564.9980
4483.06 4483.06 0.0 103560.8174
4497.2 4497.2 0.0 103556.6765
4511.34 4511.34 0.0 103552.5688
4525.48 4525.48 0.0 103548.5024
4539.63 4539.63 0.0 103544.4626
4553.77 4553.77 0.0 103540.4639
4567.91 4567.91 0.0 103536.4995
4582.05 4582.05 0.0 103532.5688
4596.19 4596.19 0.0 103528.6704
4610.34 4610.34 0.0 103524.8066
4624.48 4624.48 0.0 103520.9773
4638.62 4638.62 0.0 103517.1836
4652.76 4652.76 0.0 103513.4207
4666.9 4666.9 0.0 103509.6899
4681.05 4681.05 0.0 103505.9917
4695.19 4695.19 0.0 103502.3247
4709.33 4709.33 0.0 103498.6914
4723.47 4723.47 0.0 103495.0894
4737.62 4737.62 0.0 103491.5146
4751.76 4751.76 0.0 103487.9739
4765.9 4765.9 0.0 103484.4653
4780.04 4780.04 0.0 103480.9875
4794.18 4794.18 0.0 103477.5398
4808.33 4808.33 0.0 103474.1199
4822.47 4822.47 0.0 103470.7314
4836.61 4836.61 0.0 103467.3713
4850.75 4850.75 0.0 103464.0420
4864.89 4864.89 0.0 103460.7424
4879.04 4879.04 0.0 103457.4683
4893.18 4893.18 0.0 103454.2241
4907.32 4907.32 0.0 103451.0098
4921.46 4921.46 0.0 103447.8220
4935.61 4935.61 0.0 103444.6616
4949.75 4949.75 0.0 103441.5298
4963.89 4963.89 0.0 103438.4255
4978.03 4978.03 0.0 103435.3506
4992.17 4992.17 0.0 103432.2969
5006.32 5006.32 0.0 103429.2727
5020.46 5020.46 0.0 103426.2756
5034.6 5034.6 0.0 103423.3052
5048.74 5048.74 0.0 103420.3608
5062.88 5062.88 0.0 103417.4404
5077.03 5077.03 0.0 103414.5469
5091.17 5091.17 0.0 103411.6782
5105.31 5105.31 0.0 103408.8333
5119.45 5119.45 0.0 103406.0166
5133.6 5133.6 0.0 103403.2209
5147.74 5147.74 0.0 103400.4529
5161.88 5161.88 0.0 103397.7083
5176.02 5176.02 0.0 103394.9871
5190.16 5190.16 0.0 103392.2900
5204.31 5204.31 0.0 103389.6162
5218.45 5218.45 0.0 103386.9663
5232.59 5232.59 0.0 103384.3411
5246.73 5246.73 0.0 103381.7361
5260.87 5260.87 0.0 103379.1548
5275.02 5275.02 0.0 103376.5969
5289.16 5289.16 0.0 103374.0605
5303.3 5303.3 0.0 103371.5494
5317.44 5317.44 0.0 103369.0573
5331.59 5331.59 0.0 103366.5848
5345.73 5345.73 0.0 103364.1376
5359.87 5359.87 0.0 103361.7117
5374.01 5374.01 0.0 103359.3058
5388.15 5388.15 0.0 103356.9226
5402.3 5402.3 0.0 103354.5573
5416.44 5416.44 0.0 103352.2152
5430.58 5430.58 0.0 103349.8932
5444.72 5444.72 0.0 103347.5900
5458.86 5458.86 0.0 103345.3090
5473.01 5473.01 0.0 103343.0444
5487.15 5487.15 0.0 103340.8032
5501.29 5501.29 0.0 103338.5795
5515.43 5515.43 0.0 103336.3783
5529.58 5529.58 0.0 103334.1932
5543.72 5543.72 0.0 103332.0276
5557.86 5557.86 0.0 103329.8793
5572.0 5572.0 0.0 103327.7528
5586.14 5586.14 0.0 103325.6425
5600.29 5600.29 0.0 103323.5498
5614.43 5614.43 0.0 103321.4755
5628.57 5628.57 0.0 103319.4221
5642.71 5642.71 0.0 103317.3844
5656.85 5656.85 0.0 103315.3621
5671.0 5671.0 0.0 103313.3605
5685.14 5685.14 0.0 103311.3744
5699.28 5699.28 0.0 103309.4034
5713.42 5713.42 0.0 103307.4524
5727.56 5727.56 0.0 103305.5164
5741.71 5741.71 0.0 103303.5962
5755.85 5755.85 0.0 103301.6935
5769.99 5769.99 0.0 103299.8074
5784.13 5784.13 0.0 103297.9380
5798.28 5798.28 0.0 103296.0797
5812.42 5812.42 0.0 103294.2404
5826.56 5826.56 0.0 103292.4194
5840.7 5840.7 0.0 103290.6078
5854.84 5854.84 0.0 103288.8145
5868.99 5868.99 0.0 103287.0341
5883.13 5883.13 0.0 103285.2722
5897.27 5897.27 0.0 103283.5211
5911.41 5911.41 0.0 103281.7847
5925.55 5925.55 0.0 103280.0645
5939.7 5939.7 0.0 103278.3574
5953.84 5953.84 0.0 103276.6616
5967.98 5967.98 0.0 103274.9805
5982.12 5982.12 0.0 103273.3165
5996.27 5996.27 0.0 103271.6616
6010.41 6010.41 0.0 103270.0209
6024.55 6024.55 0.0 103268.3962
6038.69 6038.69 0.0 103266.7825
6052.83 6052.83 0.0 103265.1819
6066.98 6066.98 0.0 103263.5918
6081.12 6081.12 0.0 103262.0153
6095.26 6095.26 0.0 103260.4528
6109.4 6109.4 0.0 103258.8998
6123.54 6123.54 0.0 103257.3610
6137.69 6137.69 0.0 103255.8308
6151.83 6151.83 0.0 103254.3156
6165.97 6165.97 0.0 103252.8097
6180.11 6180.11 0.0 103251.3152
6194.26 6194.26 0.0 103249.8328
6208.4 6208.4 0.0 103248.3617
6222.54 6222.54 0.0 103246.8990
6236.68 6236.68 0.0 103245.4482
6250.82 6250.82 0.0 103244.0106
6264.97 6264.97 0.0 103242.5787
6279.11 6279.11 0.0 103241.1570
6293.25 6293.25 0.0 103239.7527
6307.39 6307.39 0.0 103238.3492
6321.53 6321.53 0.0 103236.9635
6335.68 6335.68 0.0 103235.5814
6349.82 6349.82 0.0 103234.2103
6363.96 6363.96 0.0 103232.8483
6378.1 6378.1 0.0 103231.4955
6392.25 6392.25 0.0 103230.1517
6406.39 6406.39 0.0 103228.8163
6420.53 6420.53 0.0 103227.4908
6434.67 6434.67 0.0 103226.1733
6448.81 6448.81 0.0 103224.8634
6462.96 6462.96 0.0 103223.5615
6477.1 6477.1 0.0 103222.2721
6491.24 6491.24 0.0 103220.9836
6505.38 6505.38 0.0 103219.7079
6519.52 6519.52 0.0 103218.4392
6533.67 6533.67 0.0 103217.1741
6547.81 6547.81 0.0 103215.9225
6561.95 6561.95 0.0 103214.6736
6576.09 6576.09 0.0 103213.4352
6590.24 6590.24 0.0 103212.1986
6604.38 6604.38 0.0 103210.9736
6618.52 6618.52 0.0 103209.7531
6632.66 6632.66 0.0 103208.5376
6646.8 6646.8 0.0 103207.3339
6660.95 6660.95 0.0 103206.1299
6675.09 6675.09 0.0 103204.9384
6689.23 6689.23 0.0 103203.7496
6703.37 6703.37 0.0 103202.5686
6717.51 6717.51 0.0 103201.3926
6731.66 6731.66 0.0 103200.2185
6745.8 6745.8 0.0 103199.0503
6759.94 6759.94 0.0 103197.8945
6774.08 6774.08 0.0 103196.7360
6788.23 6788.23 0.0 103195.5868
6802.37 6802.37 0.0 103194.4413
6816.51 6816.51 0.0 103193.2981
6830.65 6830.65 0.0 103192.1644
6844.79 6844.79 0.0 103191.0333
6858.94 6858.94 0.0 103189.9075
6873.08 6873.08 0.0 103188.7830
6887.22 6887.22 0.0 103187.6646
6901.36 6901.36 0.0 103186.5531
6915.5 6915.5 0.0 103185.4396
6929.65 6929.65 0.0 103184.3319
6943.79 6943.79 0.0 103183.2303
6957.93 6957.93 0.0 103182.1295
6972.07 6972.07 0.0 103181.0336
6986.21 6986.21 0.0 103179.9409
