0.0 0.0 0.0 166204.0
70.7107 70.7107 0.0 181189.0
141.421 141.421 0.0 160262.0
212.132 212.132 0.0 167022.0
282.843 282.843 0.0 100200.0
353.553 353.553 0.0 80098.3
424.264 424.264 0.0 69803.5
494.975 494.975 0.0 62886.5
565.685 565.685 0.0 54824.2
636.396 636.396 0.0 51814.1
707.107 707.107 0.0 49318.4
777.817 777.817 0.0 44198.3
848.528 848.528 0.0 42068.9
919.239 919.239 0.0 39917.5
989.949 989.949 0.0 38245.8
1060.66 1060.66 0.0 34909.5
1131.37 1131.37 0.0 33062.7
1202.08 1202.08 0.0 31554.8
1272.79 1272.79 0.0 29271.5
1343.5 1343.5 0.0 28084.6
1414.21 1414.21 0.0 26875.8
1484.92 1484.92 0.0 25802.8
1555.63 1555.63 0.0 24343.8
1626.35 1626.35 0.0 23698.4
1697.06 1697.06 0.0 22912.9
1767.77 1767.77 0.0 21398.5
1838.48 1838.48 0.0 20802.1
1909.19 1909.19 0.0 20290.2
1979.9 1979.9 0.0 19869.1
2050.61 2050.61 0.0 19384.2
2121.32 2121.32 0.0 20041.4
2192.03 2192.03 0.0 20070.6
2262.74 2262.74 0.0 20388.9
2333.45 2333.45 0.0 20109.0
2404.16 2404.16 0.0 20241.1
2474.87 2474.87 0.0 20705.2
2545.58 2545.58 0.0 21449.0
2616.3 2616.3 0.0 21672.1
2687.01 2687.01 0.0 21349.7
2757.72 2757.72 0.0 22785.8
2828.43 2828.43 0.0 23283.6
2899.14 2899.14 0.0 22534.7
2969.85 2969.85 0.0 23814.8
3040.56 3040.56 0.0 24334.1
3111.27 3111.27 0.0 22956.8
3181.98 3181.98 0.0 25076.6
3252.69 3252.69 0.0 25893.6
3323.4 3323.4 0.0 24482.8
3394.11 3394.11 0.0 26950.1
3464.82 3464.82 0.0 25255.6
3535.53 3535.53 0.0 25224.6
3606.24 3606.24 0.0 28331.6
3676.96 3676.96 0.0 25625.2
3747.67 3747.67 0.0 26702.1
3818.38 3818.38 0.0 29004.1
3889.09 3889.09 0.0 27201.8
3959.8 3959.8 0.0 29428.9
4030.51 4030.51 0.0 30104.4
4101.22 4101.22 0.0 28003.4
4171.93 4171.93 0.0 30600.3
4242.64 4242.64 0.0 30841.9
4313.35 4313.35 0.0 31082.9
4384.06 4384.06 0.0 31082.9
4454.77 4454.77 0.0 32135.5
4525.48 4525.48 0.0 32908.2
4596.19 4596.19 0.0 32908.2
4666.9 4666.9 0.0 33522.7
4737.62 4737.62 0.0 33359.2
4808.33 4808.33 0.0 33590.1
4879.04 4879.04 0.0 33326.2
4949.75 4949.75 0.0 33894.3
5020.46 5020.46 0.0 35639.6
5091.17 5091.17 0.0 36830.8
5161.88 5161.88 0.0 36833.8
5232.59 5232.59 0.0 37516.9
5303.3 5303.3 0.0 37972.1
5374.01 5374.01 0.0 37972.1
5444.72 5444.72 0.0 37774.4
5515.43 5515.43 0.0 0
5586.14 5586.14 0.0 0
5656.85 5656.85 0.0 0
5727.56 5727.56 0.0 0
5798.28 5798.28 0.0 0
5868.99 5868.99 0.0 0
5939.7 5939.7 0.0 0
6010.41 6010.41 0.0 0
6081.12 6081.12 0.0 0
6151.83 6151.83 0.0 0
6222.54 6222.54 0.0 0
6293.25 6293.25 0.0 0
6363.96 6363.96 0.0 0
6434.67 6434.67 0.0 0
6505.38 6505.38 0.0 0
6576.09 6576.09 0.0 0
6646.8 6646.8 0.0 0
6717.51 6717.51 0.0 0
6788.23 6788.23 0.0 0
6858.94 6858.94 0.0 0
6929.65 6929.65 0.0 0
7000.36 7000.36 0.0 0
7071.07 7071.07 0.0 0
7141.78 7141.78 0.0 0
7212.49 7212.49 0.0 0
7283.2 7283.2 0.0 0
7353.91 7353.91 0.0 0
7424.62 7424.62 0.0 0
7495.33 7495.33 0.0 0
7566.04 7566.04 0.0 0
7636.75 7636.75 0.0 0
7707.46 7707.46 0.0 0
7778.17 7778.17 0.0 0
