0.0 0.0 0.0 329671.1094
70.7107 70.7107 0.0 197654.8516
141.421 141.421 0.0 125389.1562
212.132 212.132 0.0 112738.8262
282.843 282.843 0.0 108012.1797
353.553 353.553 0.0 105720.5210
424.264 424.264 0.0 104447.6384
494.975 494.975 0.0 103674.4341
565.685 565.685 0.0 103172.7240
636.396 636.396 0.0 102829.9596
707.107 707.107 0.0 102585.8324
777.817 777.817 0.0 102405.8826
848.528 848.528 0.0 102269.3478
919.239 919.239 0.0 102163.1844
989.949 989.949 0.0 102078.8825
1060.66 1060.66 0.0 102010.7103
1131.37 1131.37 0.0 101954.7087
1202.08 1202.08 0.0 101908.0647
1272.79 1272.79 0.0 101868.7468
1343.5 1343.5 0.0 101835.2536
1414.21 1414.21 0.0 101806.4583
1484.92 1484.92 0.0 101781.4995
1555.63 1555.63 0.0 101759.7140
1626.35 1626.35 0.0 101740.5760
1697.06 1697.06 0.0 101723.6764
1767.77 1767.77 0.0 101708.6808
1838.48 1838.48 0.0 101695.3194
1909.19 1909.19 0.0 101683.3703
1979.9 1979.9 0.0 101672.6517
2050.61 2050.61 0.0 101663.0105
2121.32 2121.32 0.0 101654.3189
2192.03 2192.03 0.0 101646.4698
2262.74 2262.74 0.0 101639.3702
2333.45 2333.45 0.0 101632.9407
2404.16 2404.16 0.0 101627.1137
2474.87 2474.87 0.0 101621.8293
2545.58 2545.58 0.0 101617.0362
2616.3 2616.3 0.0 101612.6875
2687.01 2687.01 0.0 101608.7464
2757.72 2757.72 0.0 101605.1749
2828.43 2828.43 0.0 101601.9418
2899.14 2899.14 0.0 101599.0198
2969.85 2969.85 0.0 101596.3831
3040.56 3040.56 0.0 101594.0081
3111.27 3111.27 0.0 101591.8748
3181.98 3181.98 0.0 101589.9644
3252.69 3252.69 0.0 101588.2602
3323.4 3323.4 0.0 101586.7451
3394.11 3394.11 0.0 101585.4062
3464.82 3464.82 0.0 101584.2294
3535.53 3535.53 0.0 101583.2022
3606.24 3606.24 0.0 101582.3134
3676.96 3676.96 0.0 101581.5519
3747.67 3747.67 0.0 101580.9081
3818.38 3818.38 0.0 101580.3721
3889.09 3889.09 0.0 101579.9353
3959.8 3959.8 0.0 101579.5894
4030.51 4030.51 0.0 101579.3259
4101.22 4101.22 0.0 101579.1378
4171.93 4171.93 0.0 101579.0179
4242.64 4242.64 0.0 101578.9583
4313.35 4313.35 0.0 101578.9539
4384.06 4384.06 0.0 101578.9975
4454.77 4454.77 0.0 101579.0828
4525.48 4525.48 0.0 101579.2047
4596.19 4596.19 0.0 101579.3574
4666.9 4666.9 0.0 101579.5360
4737.62 4737.62 0.0 101579.7339
4808.33 4808.33 0.0 101579.9478
4879.04 4879.04 0.0 101580.1715
4949.75 4949.75 0.0 101580.4018
5020.46 5020.46 0.0 101580.6328
5091.17 5091.17 0.0 101580.8613
5161.88 5161.88 0.0 101581.0826
5232.59 5232.59 0.0 101581.2932
5303.3 5303.3 0.0 101581.4886
5374.01 5374.01 0.0 101581.6660
5444.72 5444.72 0.0 101581.8209
5515.43 5515.43 0.0 101581.9510
5586.14 5586.14 0.0 101582.0525
5656.85 5656.85 0.0 101582.1221
5727.56 5727.56 0.0 101582.1579
5798.28 5798.28 0.0 101582.1557
5868.99 5868.99 0.0 101582.1140
5939.7 5939.7 0.0 101582.0304
6010.41 6010.41 0.0 101581.9015
6081.12 6081.12 0.0 101581.7262
6151.83 6151.83 0.0 101581.5025
6222.54 6222.54 0.0 101581.2270
6293.25 6293.25 0.0 101580.9001
6363.96 6363.96 0.0 101580.5192
6434.67 6434.67 0.0 101580.0820
6505.38 6505.38 0.0 101579.5884
6576.09 6576.09 0.0 101579.0368
6646.8 6646.8 0.0 101578.4256
6717.51 6717.51 0.0 101577.7556
6788.23 6788.23 0.0 101577.0238
6858.94 6858.94 0.0 101576.2308
6929.65 6929.65 0.0 101575.3760
7000.36 7000.36 0.0 101574.4591
7071.07 7071.07 0.0 101573.4790
7141.78 7141.78 0.0 101572.4375
7212.49 7212.49 0.0 101571.3327
7283.2 7283.2 0.0 101570.1657
7353.91 7353.91 0.0 101568.9358
7424.62 7424.62 0.0 101567.6441
7495.33 7495.33 0.0 101566.2916
7566.04 7566.04 0.0 101564.8775
7636.75 7636.75 0.0 101563.4039
7707.46 7707.46 0.0 101561.8705
7778.17 7778.17 0.0 101560.2792
