0.0 0.0 0.0 234918.0156
14.1421 14.1421 0.0 335051.4219
28.2843 28.2843 0.0 333035.4531
42.4264 42.4264 0.0 323834.3594
56.5685 56.5685 0.0 312790.8750
70.7107 70.7107 0.0 301480.3125
84.8528 84.8528 0.0 290486.8281
98.9949 98.9949 0.0 280036.7656
113.137 113.137 0.0 270207.9531
127.279 127.279 0.0 261010.8594
141.421 141.421 0.0 252425.2188
155.563 155.563 0.0 244417.2031
169.706 169.706 0.0 236947.5312
183.848 183.848 0.0 229977.4219
197.99 197.99 0.0 223467.9297
212.132 212.132 0.0 217382.7500
226.274 226.274 0.0 211688.5781
240.416 240.416 0.0 206354.5312
254.558 254.558 0.0 201352.5547
268.701 268.701 0.0 196656.7500
282.843 282.843 0.0 192244.5625
296.985 296.985 0.0 188094.4844
311.127 311.127 0.0 184187.2500
325.269 325.269 0.0 180505.3047
339.411 339.411 0.0 177032.7500
353.553 353.553 0.0 173754.9375
367.696 367.696 0.0 170658.2812
381.838 381.838 0.0 167730.9688
395.98 395.98 0.0 164961.5625
410.122 410.122 0.0 162339.7539
424.264 424.264 0.0 159856.0469
438.406 438.406 0.0 157501.6172
452.548 452.548 0.0 155268.4062
466.69 466.69 0.0 153148.9180
480.833 480.833 0.0 151136.1094
494.975 494.975 0.0 149223.8086
509.117 509.117 0.0 147405.9531
523.259 523.259 0.0 145676.9297
537.401 537.401 0.0 144031.6094
551.543 551.543 0.0 142465.1953
565.685 565.685 0.0 140973.1797
579.828 579.828 0.0 139551.3203
593.97 593.97 0.0 138195.8828
608.112 608.112 0.0 136903.1172
622.254 622.254 0.0 135669.5781
636.396 636.396 0.0 134492.0781
650.538 650.538 0.0 133367.6641
664.68 664.68 0.0 132293.4492
678.823 678.823 0.0 131266.7461
692.965 692.965 0.0 130285.2266
707.107 707.107 0.0 129346.4863
721.249 721.249 0.0 128448.3125
735.391 735.391 0.0 127588.6562
749.533 749.533 0.0 126765.5605
763.675 763.675 0.0 125977.2168
777.817 777.817 0.0 125221.8750
791.96 791.96 0.0 124497.8652
806.102 806.102 0.0 123803.7832
820.244 820.244 0.0 123138.0918
834.386 834.386 0.0 122499.4238
848.528 848.528 0.0 121886.5176
862.67 862.67 0.0 121298.1172
876.812 876.812 0.0 120733.0840
890.955 890.955 0.0 120190.2852
905.097 905.097 0.0 119668.7480
919.239 919.239 0.0 119167.4883
933.381 933.381 0.0 118685.5312
947.523 947.523 0.0 118222.0410
961.665 961.665 0.0 117776.1582
975.807 975.807 0.0 117347.1025
989.949 989.949 0.0 116934.1260
1004.09 1004.09 0.0 116536.5430
1018.23 1018.23 0.0 116153.6582
1032.38 1032.38 0.0 115784.5762
1046.52 1046.52 0.0 115429.1846
1060.66 1060.66 0.0 115086.6514
1074.8 1074.8 0.0 114756.4209
1088.94 1088.94 0.0 114437.9678
1103.09 1103.09 0.0 114130.5908
1117.23 1117.23 0.0 113834.2383
1131.37 1131.37 0.0 113548.2588
1145.51 1145.51 0.0 113272.1865
1159.66 1159.66 0.0 113005.4639
1173.8 1173.8 0.0 112748.0625
1187.94 1187.94 0.0 112499.4229
1202.08 1202.08 0.0 112259.1768
1216.22 1216.22 0.0 112027.0039
1230.37 1230.37 0.0 111802.4268
1244.51 1244.51 0.0 111585.4385
1258.65 1258.65 0.0 111375.6025
1272.79 1272.79 0.0 111172.6328
1286.93 1286.93 0.0 110976.2529
1301.08 1301.08 0.0 110786.0869
1315.22 1315.22 0.0 110602.1602
1329.36 1329.36 0.0 110424.0898
1343.5 1343.5 0.0 110251.6689
1357.65 1357.65 0.0 110084.5547
1371.79 1371.79 0.0 109922.7852
1385.93 1385.93 0.0 109766.0391
1400.07 1400.07 0.0 109614.1416
1414.21 1414.21 0.0 109466.9097
1428.36 1428.36 0.0 109324.0605
1442.5 1442.5 0.0 109185.6484
1456.64 1456.64 0.0 109051.4058
1470.78 1470.78 0.0 108921.1831
1484.92 1484.92 0.0 108794.8354
1499.07 1499.07 0.0 108672.1313
1513.21 1513.21 0.0 108553.1318
1527.35 1527.35 0.0 108437.6006
1541.49 1541.49 0.0 108325.4263
1555.63 1555.63 0.0 108216.4888
1569.78 1569.78 0.0 108110.6006
1583.92 1583.92 0.0 108007.8018
1598.06 1598.06 0.0 107907.9185
1612.2 1612.2 0.0 107810.8496
1626.35 1626.35 0.0 107716.4375
1640.49 1640.49 0.0 107624.7124
1654.63 1654.63 0.0 107535.5244
1668.77 1668.77 0.0 107448.7896
1682.91 1682.91 0.0 107364.4165
1697.06 1697.06 0.0 107282.2837
1711.2 1711.2 0.0 107202.4268
1725.34 1725.34 0.0 107124.7104
1739.48 1739.48 0.0 107049.0630
1753.62 1753.62 0.0 106975.4233
1767.77 1767.77 0.0 106903.6675
1781.91 1781.91 0.0 106833.8501
1796.05 1796.05 0.0 106765.8457
1810.19 1810.19 0.0 106699.6006
1824.34 1824.34 0.0 106635.0117
1838.48 1838.48 0.0 106572.1196
1852.62 1852.62 0.0 106510.8213
1866.76 1866.76 0.0 106451.0737
1880.9 1880.9 0.0 106392.8179
1895.05 1895.05 0.0 106335.9819
1909.19 1909.19 0.0 106280.5889
1923.33 1923.33 0.0 106226.5596
1937.47 1937.47 0.0 106173.8555
1951.61 1951.61 0.0 106122.4287
1965.76 1965.76 0.0 106072.2100
1979.9 1979.9 0.0 106023.2314
1994.04 1994.04 0.0 105975.4199
2008.18 2008.18 0.0 105928.7407
2022.33 2022.33 0.0 105883.1289
2036.47 2036.47 0.0 105838.6167
2050.61 2050.61 0.0 105795.1357
2064.75 2064.75 0.0 105752.6602
2078.89 2078.89 0.0 105711.1602
2093.04 2093.04 0.0 105670.5742
2107.18 2107.18 0.0 105630.9375
2121.32 2121.32 0.0 105592.1890
2135.46 2135.46 0.0 105554.3032
2149.6 2149.6 0.0 105517.2646
2163.75 2163.75 0.0 105481.0078
2177.89 2177.89 0.0 105445.5708
2192.03 2192.03 0.0 105410.9067
2206.17 2206.17 0.0 105376.9851
2220.32 2220.32 0.0 105343.7690
2234.46 2234.46 0.0 105311.2800
2248.6 2248.6 0.0 105279.4766
2262.74 2262.74 0.0 105248.3411
2276.88 2276.88 0.0 105217.8501
2291.03 2291.03 0.0 105187.9690
2305.17 2305.17 0.0 105158.7163
2319.31 2319.31 0.0 105130.0632
2333.45 2333.45 0.0 105101.9834
2347.59 2347.59 0.0 105074.4656
2361.74 2361.74 0.0 105047.4790
2375.88 2375.88 0.0 105021.0366
2390.02 2390.02 0.0 104995.1167
2404.16 2404.16 0.0 104969.6943
2418.31 2418.31 0.0 104944.7437
2432.45 2432.45 0.0 104920.2854
2446.59 2446.59 0.0 104896.2913
2460.73 2460.73 0.0 104872.7476
2474.87 2474.87 0.0 104849.6404
2489.02 2489.02 0.0 104826.9436
2503.16 2503.16 0.0 104804.6760
2517.3 2517.3 0.0 104782.8098
2531.44 2531.44 0.0 104761.3411
2545.58 2545.58 0.0 104740.2520
2559.73 2559.73 0.0 104719.5151
2573.87 2573.87 0.0 104699.1614
2588.01 2588.01 0.0 104679.1562
2602.15 2602.15 0.0 104659.4946
2616.3 2616.3 0.0 104640.1548
2630.44 2630.44 0.0 104621.1497
2644.58 2644.58 0.0 104602.4626
2658.72 2658.72 0.0 104584.0859
2672.86 2672.86 0.0 104566.0068
2687.01 2687.01 0.0 104548.2087
2701.15 2701.15 0.0 104530.7080
2715.29 2715.29 0.0 104513.4812
2729.43 2729.43 0.0 104496.5312
2743.57 2743.57 0.0 104479.8367
2757.72 2757.72 0.0 104463.3936
2771.86 2771.86 0.0 104447.2090
2786.0 2786.0 0.0 104431.2673
2800.14 2800.14 0.0 104415.5630
2814.28 2814.28 0.0 104400.0869
2828.43 2828.43 0.0 104384.8315
2842.57 2842.57 0.0 104369.8020
2856.71 2856.71 0.0 104354.9878
2870.85 2870.85 0.0 104340.3831
2885.0 2885.0 0.0 104325.9678
2899.14 2899.14 0.0 104311.7617
2913.28 2913.28 0.0 104297.7485
2927.42 2927.42 0.0 104283.9255
2941.56 2941.56 0.0 104270.2856
2955.71 2955.71 0.0 104256.8130
2969.85 2969.85 0.0 104243.5259
2983.99 2983.99 0.0 104230.4097
2998.13 2998.13 0.0 104217.4565
3012.27 3012.27 0.0 104204.6697
3026.42 3026.42 0.0 104192.0264
3040.56 3040.56 0.0 104179.5520
3054.7 3054.7 0.0 104167.2261
3068.84 3068.84 0.0 104155.0459
3082.99 3082.99 0.0 104142.9966
3097.13 3097.13 0.0 104131.0991
3111.27 3111.27 0.0 104119.3403
3125.41 3125.41 0.0 104107.7085
3139.55 3139.55 0.0 104096.2097
3153.7 3153.7 0.0 104084.8291
3167.84 3167.84 0.0 104073.5818
3181.98 3181.98 0.0 104062.4507
3196.12 3196.12 0.0 104051.4407
3210.26 3210.26 0.0 104040.5452
3224.41 3224.41 0.0 104029.7527
3238.55 3238.55 0.0 104019.0791
3252.69 3252.69 0.0 104008.5137
3266.83 3266.83 0.0 103998.0500
3280.98 3280.98 0.0 103987.6846
3295.12 3295.12 0.0 103977.4248
3309.26 3309.26 0.0 103967.2612
3323.4 3323.4 0.0 103957.1941
3337.54 3337.54 0.0 103947.2192
3351.69 3351.69 0.0 103937.3291
3365.83 3365.83 0.0 103927.5349
3379.97 3379.97 0.0 103917.8311
3394.11 3394.11 0.0 103908.2083
3408.25 3408.25 0.0 103898.6682
3422.4 3422.4 0.0 103889.2056
3436.54 3436.54 0.0 103879.8271
3450.68 3450.68 0.0 103870.5266
3464.82 3464.82 0.0 103861.3037
3478.97 3478.97 0.0 103852.1489
3493.11 3493.11 0.0 103843.0713
3507.25 3507.25 0.0 103834.0681
3521.39 3521.39 0.0 103825.1333
3535.53 3535.53 0.0 103816.2654
3549.68 3549.68 0.0 103807.4597
3563.82 3563.82 0.0 103798.7275
3577.96 3577.96 0.0 103790.0576
3592.1 3592.1 0.0 103781.4512
3606.24 3606.24 0.0 103772.9070
3620.39 3620.39 0.0 103764.4158
3634.53 3634.53 0.0 103755.9912
3648.67 3648.67 0.0 103747.6257
3662.81 3662.81 0.0 103739.3140
3676.96 3676.96 0.0 103731.0562
3691.1 3691.1 0.0 103722.8574
3705.24 3705.24 0.0 103714.7117
3719.38 3719.38 0.0 103706.6206
3733.52 3733.52 0.0 103698.5808
3747.67 3747.67 0.0 103690.5859
3761.81 3761.81 0.0 103682.6462
3775.95 3775.95 0.0 103674.7544
3790.09 3790.09 0.0 103666.9143
3804.23 3804.23 0.0 103659.1204
3818.38 3818.38 0.0 103651.3660
3832.52 3832.52 0.0 103643.6638
3846.66 3846.66 0.0 103636.0090
3860.8 3860.8 0.0 103628.3938
3874.95 3874.95 0.0 103620.8196
3889.09 3889.09 0.0 103613.2937
3903.23 3903.23 0.0 103605.8096
3917.37 3917.37 0.0 103598.3674
3931.51 3931.51 0.0 103590.9644
3945.66 3945.66 0.0 103583.6018
3959.8 3959.8 0.0 103576.2771
3973.94 3973.94 0.0 103568.9949
3988.08 3988.08 0.0 103561.7505
4002.22 4002.22 0.0 103554.5442
4016.37 4016.37 0.0 103547.3706
4030.51 4030.51 0.0 103540.2402
4044.65 4044.65 0.0 103533.1450
4058.79 4058.79 0.0 103526.0854
4072.94 4072.94 0.0 103519.0576
4087.08 4087.08 0.0 103512.0703
4101.22 4101.22 0.0 103505.1172
4115.36 4115.36 0.0 103498.1978
4129.5 4129.5 0.0 103491.3125
4143.65 4143.65 0.0 103484.4575
4157.79 4157.79 0.0 103477.6382
4171.93 4171.93 0.0 103470.8508
4186.07 4186.07 0.0 103464.0981
4200.21 4200.21 0.0 103457.3777
4214.36 4214.36 0.0 103450.6826
4228.5 4228.5 0.0 103444.0251
4242.64 4242.64 0.0 103437.3962
4256.78 4256.78 0.0 103430.8000
4270.92 4270.92 0.0 103424.2339
4285.07 4285.07 0.0 103417.6946
4299.21 4299.21 0.0 103411.1895
4313.35 4313.35 0.0 103404.7144
4327.49 4327.49 0.0 103398.2690
4341.64 4341.64 0.0 103391.8469
4355.78 4355.78 0.0 103385.4595
4369.92 4369.92 0.0 103379.1003
4384.06 4384.06 0.0 103372.7716
4398.2 4398.2 0.0 103366.4700
4412.35 4412.35 0.0 103360.1908
4426.49 4426.49 0.0 103353.9465
4440.63 4440.63 0.0 103347.7279
4454.77 4454.77 0.0 103341.5399
4468.91 4468.91 0.0 103335.3765
4483.06 4483.06 0.0 103329.2378
4497.2 4497.2 0.0 103323.1310
4511.34 4511.34 0.0 103317.0505
4525.48 4525.48 0.0 103310.9977
4539.63 4539.63 0.0 103304.9664
4553.77 4553.77 0.0 103298.9666
4567.91 4567.91 0.0 103292.9950
4582.05 4582.05 0.0 103287.0474
4596.19 4596.19 0.0 103281.1293
4610.34 4610.34 0.0 103275.2313
4624.48 4624.48 0.0 103269.3632
4638.62 4638.62 0.0 103263.5217
4652.76 4652.76 0.0 103257.7070
4666.9 4666.9 0.0 103251.9189
4681.05 4681.05 0.0 103246.1538
4695.19 4695.19 0.0 103240.4149
4709.33 4709.33 0.0 103234.7032
4723.47 4723.47 0.0 103229.0177
4737.62 4737.62 0.0 103223.3542
4751.76 4751.76 0.0 103217.7186
4765.9 4765.9 0.0 103212.1096
4780.04 4780.04 0.0 103206.5270
4794.18 4794.18 0.0 103200.9689
4808.33 4808.33 0.0 103195.4318
4822.47 4822.47 0.0 103189.9260
4836.61 4836.61 0.0 103184.4436
4850.75 4850.75 0.0 103178.9868
4864.89 4864.89 0.0 103173.5549
4879.04 4879.04 0.0 103168.1470
4893.18 4893.18 0.0 103162.7660
4907.32 4907.32 0.0 103157.4105
4921.46 4921.46 0.0 103152.0793
4935.61 4935.61 0.0 103146.7714
4949.75 4949.75 0.0 103141.4918
4963.89 4963.89 0.0 103136.2361
4978.03 4978.03 0.0 103131.0085
4992.17 4992.17 0.0 103125.8030
5006.32 5006.32 0.0 103120.6201
5020.46 5020.46 0.0 103115.4647
5034.6 5034.6 0.0 103110.3362
5048.74 5048.74 0.0 103105.2334
5062.88 5062.88 0.0 103100.1536
5077.03 5077.03 0.0 103095.0967
5091.17 5091.17 0.0 103090.0668
5105.31 5105.31 0.0 103085.0646
5119.45 5119.45 0.0 103080.0874
5133.6 5133.6 0.0 103075.1302
5147.74 5147.74 0.0 103070.2010
5161.88 5161.88 0.0 103065.2999
5176.02 5176.02 0.0 103060.4215
5190.16 5190.16 0.0 103055.5693
5204.31 5204.31 0.0 103050.7388
5218.45 5218.45 0.0 103045.9374
5232.59 5232.59 0.0 103041.1606
5246.73 5246.73 0.0 103036.4103
5260.87 5260.87 0.0 103031.6820
5275.02 5275.02 0.0 103026.9797
5289.16 5289.16 0.0 103022.3042
5303.3 5303.3 0.0 103017.6543
5317.44 5317.44 0.0 103013.0293
5331.59 5331.59 0.0 103008.4265
5345.73 5345.73 0.0 103003.8547
5359.87 5359.87 0.0 102999.3040
5374.01 5374.01 0.0 102994.7815
5388.15 5388.15 0.0 102990.2848
5402.3 5402.3 0.0 102985.8096
5416.44 5416.44 0.0 102981.3615
5430.58 5430.58 0.0 102976.9410
5444.72 5444.72 0.0 102972.5455
5458.86 5458.86 0.0 102968.1759
5473.01 5473.01 0.0 102963.8273
5487.15 5487.15 0.0 102959.5096
5501.29 5501.29 0.0 102955.2164
5515.43 5515.43 0.0 102950.9479
5529.58 5529.58 0.0 102946.7050
5543.72 5543.72 0.0 102942.4886
5557.86 5557.86 0.0 102938.2994
5572.0 5572.0 0.0 102934.1349
5586.14 5586.14 0.0 102929.9962
5600.29 5600.29 0.0 102925.8805
5614.43 5614.43 0.0 102921.7930
5628.57 5628.57 0.0 102917.7324
5642.71 5642.71 0.0 102913.6957
5656.85 5656.85 0.0 102909.6882
5671.0 5671.0 0.0 102905.7013
5685.14 5685.14 0.0 102901.7433
5699.28 5699.28 0.0 102897.8131
5713.42 5713.42 0.0 102893.9061
5727.56 5727.56 0.0 102890.0275
5741.71 5741.71 0.0 102886.1726
5755.85 5755.85 0.0 102882.3436
5769.99 5769.99 0.0 102878.5425
5784.13 5784.13 0.0 102874.7675
5798.28 5798.28 0.0 102871.0156
5812.42 5812.42 0.0 102867.2921
5826.56 5826.56 0.0 102863.5964
5840.7 5840.7 0.0 102859.9274
5854.84 5854.84 0.0 102856.2802
5868.99 5868.99 0.0 102852.6619
5883.13 5883.13 0.0 102849.0688
5897.27 5897.27 0.0 102845.5031
5911.41 5911.41 0.0 102841.9639
5925.55 5925.55 0.0 102838.4514
5939.7 5939.7 0.0 102834.9617
5953.84 5953.84 0.0 102831.5021
5967.98 5967.98 0.0 102828.0654
5982.12 5982.12 0.0 102824.6589
5996.27 5996.27 0.0 102821.2749
6010.41 6010.41 0.0 102817.9209
6024.55 6024.55 0.0 102814.5919
6038.69 6038.69 0.0 102811.2894
6052.83 6052.83 0.0 102808.0140
6066.98 6066.98 0.0 102804.7629
6081.12 6081.12 0.0 102801.5386
6095.26 6095.26 0.0 102798.3416
6109.4 6109.4 0.0 102795.1698
6123.54 6123.54 0.0 102792.0278
6137.69 6137.69 0.0 102788.9078
6151.83 6151.83 0.0 102785.8184
6165.97 6165.97 0.0 102782.7533
6180.11 6180.11 0.0 102779.7141
6194.26 6194.26 0.0 102776.7012
6208.4 6208.4 0.0 102773.7167
6222.54 6222.54 0.0 102770.7563
6236.68 6236.68 0.0 102767.8267
6250.82 6250.82 0.0 102764.9202
6264.97 6264.97 0.0 102762.0399
6279.11 6279.11 0.0 102759.1873
6293.25 6293.25 0.0 102756.3623
6307.39 6307.39 0.0 102753.5620
6321.53 6321.53 0.0 102750.7875
6335.68 6335.68 0.0 102748.0398
6349.82 6349.82 0.0 102745.3186
6363.96 6363.96 0.0 102742.6243
6378.1 6378.1 0.0 102739.9585
6392.25 6392.25 0.0 102737.3165
6406.39 6406.39 0.0 102734.7019
6420.53 6420.53 0.0 102732.1147
6434.67 6434.67 0.0 102729.5531
6448.81 6448.81 0.0 102727.0189
6462.96 6462.96 0.0 102724.5079
6477.1 6477.1 0.0 102722.0273
6491.24 6491.24 0.0 102719.5712
6505.38 6505.38 0.0 102717.1417
6519.52 6519.52 0.0 102714.7391
6533.67 6533.67 0.0 102712.3624
6547.81 6547.81 0.0 102710.0109
6561.95 6561.95 0.0 102707.6898
6576.09 6576.09 0.0 102705.3916
6590.24 6590.24 0.0 102703.1210
6604.38 6604.38 0.0 102700.8770
6618.52 6618.52 0.0 102698.6567
6632.66 6632.66 0.0 102696.4658
6646.8 6646.8 0.0 102694.3022
6660.95 6660.95 0.0 102692.1606
6675.09 6675.09 0.0 102690.0482
6689.23 6689.23 0.0 102687.9619
6703.37 6703.37 0.0 102685.9020
6717.51 6717.51 0.0 102683.8685
6731.66 6731.66 0.0 102681.8595
6745.8 6745.8 0.0 102679.8793
6759.94 6759.94 0.0 102677.9231
6774.08 6774.08 0.0 102675.9929
6788.23 6788.23 0.0 102674.0887
6802.37 6802.37 0.0 102672.2117
6816.51 6816.51 0.0 102670.3622
6830.65 6830.65 0.0 102668.5358
6844.79 6844.79 0.0 102666.7378
6858.94 6858.94 0.0 102664.9628
6873.08 6873.08 0.0 102663.2184
6887.22 6887.22 0.0 102661.4965
6901.36 6901.36 0.0 102659.8009
6915.5 6915.5 0.0 102658.1328
6929.65 6929.65 0.0 102656.4886
6943.79 6943.79 0.0 102654.8729
6957.93 6957.93 0.0 102653.2820
6972.07 6972.07 0.0 102651.7164
6986.21 6986.21 0.0 102650.1764
7000.36 7000.36 0.0 102648.6606
7014.5 7014.5 0.0 102647.1729
7028.64 7028.64 0.0 102645.7108
7042.78 7042.78 0.0 102644.2747
7056.93 7056.93 0.0 102642.8622
7071.07 7071.07 0.0 102641.4769
7085.21 7085.21 0.0 102640.1163
7099.35 7099.35 0.0 102638.7816
7113.49 7113.49 0.0 102637.4731
7127.64 7127.64 0.0 102636.1886
7141.78 7141.78 0.0 102634.9314
7155.92 7155.92 0.0 102633.6986
7170.06 7170.06 0.0 102632.4917
7184.2 7184.2 0.0 102631.3085
7198.35 7198.35 0.0 102630.1525
7212.49 7212.49 0.0 102629.0215
7226.63 7226.63 0.0 102627.9147
7240.77 7240.77 0.0 102626.8367
7254.92 7254.92 0.0 102625.7776
7269.06 7269.06 0.0 102624.7465
7283.2 7283.2 0.0 102623.7410
7297.34 7297.34 0.0 102622.7611
7311.48 7311.48 0.0 102621.8041
7325.63 7325.63 0.0 102620.8726
7339.77 7339.77 0.0 102619.9675
7353.91 7353.91 0.0 102619.0859
7368.05 7368.05 0.0 102618.2299
7382.19 7382.19 0.0 102617.3994
7396.34 7396.34 0.0 102616.5916
7410.48 7410.48 0.0 102615.8102
7424.62 7424.62 0.0 102615.0514
7438.76 7438.76 0.0 102614.3187
7452.91 7452.91 0.0 102613.6112
7467.05 7467.05 0.0 102612.9274
7481.19 7481.19 0.0 102612.2671
7495.33 7495.33 0.0 102611.6318
7509.47 7509.47 0.0 102611.0212
7523.62 7523.62 0.0 102610.4342
7537.76 7537.76 0.0 102609.8719
7551.9 7551.9 0.0 102609.3352
7566.04 7566.04 0.0 102608.8212
7580.18 7580.18 0.0 102608.3312
7594.33 7594.33 0.0 102607.8654
7608.47 7608.47 0.0 102607.4240
7622.61 7622.61 0.0 102607.0067
7636.75 7636.75 0.0 102606.6127
7650.9 7650.9 0.0 102606.2415
7665.04 7665.04 0.0 102605.8934
7679.18 7679.18 0.0 102605.5731
7693.32 7693.32 0.0 102605.2743
7707.46 7707.46 0.0 102604.9984
7721.61 7721.61 0.0 102604.7452
7735.75 7735.75 0.0 102604.5160
7749.89 7749.89 0.0 102604.3124
7764.03 7764.03 0.0 102604.1309
7778.17 7778.17 0.0 102603.9723
