0.0 0.0 0.0 194571.4688
14.1421 14.1421 0.0 202665.0547
28.2843 28.2843 0.0 202648.6719
42.4264 42.4264 0.0 201025.4219
56.5685 56.5685 0.0 198793.4219
70.7107 70.7107 0.0 196284.9062
84.8528 84.8528 0.0 193650.3984
98.9949 98.9949 0.0 190969.1875
113.137 113.137 0.0 188287.0391
127.279 127.279 0.0 185631.7891
141.421 141.421 0.0 183021.0625
155.563 155.563 0.0 180466.1016
169.706 169.706 0.0 177973.9531
183.848 183.848 0.0 175549.3750
197.99 197.99 0.0 173194.8672
212.132 212.132 0.0 170911.7266
226.274 226.274 0.0 168700.2891
240.416 240.416 0.0 166560.2930
254.558 254.558 0.0 164490.8789
268.701 268.701 0.0 162490.7773
282.843 282.843 0.0 160558.9023
296.985 296.985 0.0 158693.4492
311.127 311.127 0.0 156892.6680
325.269 325.269 0.0 155154.8281
339.411 339.411 0.0 153478.0039
353.553 353.553 0.0 151860.3086
367.696 367.696 0.0 150299.7305
381.838 381.838 0.0 148794.5898
395.98 395.98 0.0 147342.9023
410.122 410.122 0.0 145942.7852
424.264 424.264 0.0 144592.4531
438.406 438.406 0.0 143290.1289
452.548 452.548 0.0 142034.0508
466.69 466.69 0.0 140822.5781
480.833 480.833 0.0 139653.9375
494.975 494.975 0.0 138526.7188
509.117 509.117 0.0 137439.3359
523.259 523.259 0.0 136390.2656
537.401 537.401 0.0 135378.0703
551.543 551.543 0.0 134401.3789
565.685 565.685 0.0 133458.8438
579.828 579.828 0.0 132549.1328
593.97 593.97 0.0 131671.1016
608.112 608.112 0.0 130823.5098
622.254 622.254 0.0 130005.2109
636.396 636.396 0.0 129215.0957
650.538 650.538 0.0 128452.0801
664.68 664.68 0.0 127715.1895
678.823 678.823 0.0 127003.3535
692.965 692.965 0.0 126315.7168
707.107 707.107 0.0 125651.3594
721.249 721.249 0.0 125009.3984
735.391 735.391 0.0 124388.9727
749.533 749.533 0.0 123789.3223
763.675 763.675 0.0 123209.6406
777.817 777.817 0.0 122649.2012
791.96 791.96 0.0 122107.2402
806.102 806.102 0.0 121583.1641
820.244 820.244 0.0 121076.2832
834.386 834.386 0.0 120585.9629
848.528 848.528 0.0 120111.5840
862.67 862.67 0.0 119652.5840
876.812 876.812 0.0 119208.4004
890.955 890.955 0.0 118778.4688
905.097 905.097 0.0 118362.3340
919.239 919.239 0.0 117959.4414
933.381 933.381 0.0 117569.3652
947.523 947.523 0.0 117191.6221
961.665 961.665 0.0 116825.7607
975.807 975.807 0.0 116471.3838
989.949 989.949 0.0 116128.0752
1004.09 1004.09 0.0 115795.4785
1018.23 1018.23 0.0 115473.2021
1032.38 1032.38 0.0 115160.6611
1046.52 1046.52 0.0 114857.9316
1060.66 1060.66 0.0 114564.4795
1074.8 1074.8 0.0 114279.9766
1088.94 1088.94 0.0 114004.0889
1103.09 1103.09 0.0 113736.3750
1117.23 1117.23 0.0 113476.8945
1131.37 1131.37 0.0 113225.2031
1145.51 1145.51 0.0 112981.0371
1159.66 1159.66 0.0 112743.9580
1173.8 1173.8 0.0 112514.0664
1187.94 1187.94 0.0 112290.9727
1202.08 1202.08 0.0 112074.4346
1216.22 1216.22 0.0 111864.2344
1230.37 1230.37 0.0 111660.0098
1244.51 1244.51 0.0 111461.8633
1258.65 1258.65 0.0 111269.4492
1272.79 1272.79 0.0 111082.5732
1286.93 1286.93 0.0 110901.0645
1301.08 1301.08 0.0 110724.6240
1315.22 1315.22 0.0 110553.3115
1329.36 1329.36 0.0 110386.8662
1343.5 1343.5 0.0 110225.1133
1357.65 1357.65 0.0 110067.8076
1371.79 1371.79 0.0 109915.0156
1385.93 1385.93 0.0 109766.4766
1400.07 1400.07 0.0 109622.0723
1414.21 1414.21 0.0 109481.6621
1428.36 1428.36 0.0 109345.0166
1442.5 1442.5 0.0 109212.2236
1456.64 1456.64 0.0 109083.0625
1470.78 1470.78 0.0 108957.4106
1484.92 1484.92 0.0 108835.1670
1499.07 1499.07 0.0 108716.1455
1513.21 1513.21 0.0 108600.4023
1527.35 1527.35 0.0 108487.7593
1541.49 1541.49 0.0 108378.1235
1555.63 1555.63 0.0 108271.3979
1569.78 1569.78 0.0 108167.4233
1583.92 1583.92 0.0 108066.2520
1598.06 1598.06 0.0 107967.7451
1612.2 1612.2 0.0 107871.8037
1626.35 1626.35 0.0 107778.2920
1640.49 1640.49 0.0 107687.2725
1654.63 1654.63 0.0 107598.5977
1668.77 1668.77 0.0 107512.1992
1682.91 1682.91 0.0 107428.0103
1697.06 1697.06 0.0 107345.9082
1711.2 1711.2 0.0 107265.9414
1725.34 1725.34 0.0 107187.9980
1739.48 1739.48 0.0 107112.0010
1753.62 1753.62 0.0 107037.9209
1767.77 1767.77 0.0 106965.6206
1781.91 1781.91 0.0 106895.1748
1796.05 1796.05 0.0 106826.4595
1810.19 1810.19 0.0 106759.4380
1824.34 1824.34 0.0 106694.0088
1838.48 1838.48 0.0 106630.2129
1852.62 1852.62 0.0 106567.9712
1866.76 1866.76 0.0 106507.2261
1880.9 1880.9 0.0 106447.9390
1895.05 1895.05 0.0 106390.0293
1909.19 1909.19 0.0 106333.5327
1923.33 1923.33 0.0 106278.3760
1937.47 1937.47 0.0 106224.5195
1951.61 1951.61 0.0 106171.9229
1965.76 1965.76 0.0 106120.5166
1979.9 1979.9 0.0 106070.3364
1994.04 1994.04 0.0 106021.3208
2008.18 2008.18 0.0 105973.4229
2022.33 2022.33 0.0 105926.5879
2036.47 2036.47 0.0 105880.8550
2050.61 2050.61 0.0 105836.1543
2064.75 2064.75 0.0 105792.4546
2078.89 2078.89 0.0 105749.7354
2093.04 2093.04 0.0 105707.9385
2107.18 2107.18 0.0 105667.0942
2121.32 2121.32 0.0 105627.1489
2135.46 2135.46 0.0 105588.0771
2149.6 2149.6 0.0 105549.8501
2163.75 2163.75 0.0 105512.4341
2177.89 2177.89 0.0 105475.8413
2192.03 2192.03 0.0 105440.0332
2206.17 2206.17 0.0 105404.9905
2220.32 2220.32 0.0 105370.6577
2234.46 2234.46 0.0 105337.0752
2248.6 2248.6 0.0 105304.1917
2262.74 2262.74 0.0 105271.9897
2276.88 2276.88 0.0 105240.4548
2291.03 2291.03 0.0 105209.5388
2305.17 2305.17 0.0 105179.2756
2319.31 2319.31 0.0 105149.6282
2333.45 2333.45 0.0 105120.5764
2347.59 2347.59 0.0 105092.1040
2361.74 2361.74 0.0 105064.1775
2375.88 2375.88 0.0 105036.8179
2390.02 2390.02 0.0 105009.9949
2404.16 2404.16 0.0 104983.6929
2418.31 2418.31 0.0 104957.8823
2432.45 2432.45 0.0 104932.5815
2446.59 2446.59 0.0 104907.7654
2460.73 2460.73 0.0 104883.4160
2474.87 2474.87 0.0 104859.5242
2489.02 2489.02 0.0 104836.0637
2503.16 2503.16 0.0 104813.0505
2517.3 2517.3 0.0 104790.4619
2531.44 2531.44 0.0 104768.2803
2545.58 2545.58 0.0 104746.5039
2559.73 2559.73 0.0 104725.1011
2573.87 2573.87 0.0 104704.0930
2588.01 2588.01 0.0 104683.4570
2602.15 2602.15 0.0 104663.1855
2616.3 2616.3 0.0 104643.2493
2630.44 2630.44 0.0 104623.6707
2644.58 2644.58 0.0 104604.4290
2658.72 2658.72 0.0 104585.5105
2672.86 2672.86 0.0 104566.9141
2687.01 2687.01 0.0 104548.6135
2701.15 2701.15 0.0 104530.6287
2715.29 2715.29 0.0 104512.9380
2729.43 2729.43 0.0 104495.5381
2743.57 2743.57 0.0 104478.4146
2757.72 2757.72 0.0 104461.5535
2771.86 2771.86 0.0 104444.9727
2786.0 2786.0 0.0 104428.6509
2800.14 2800.14 0.0 104412.5833
2814.28 2814.28 0.0 104396.7654
2828.43 2828.43 0.0 104381.1799
2842.57 2842.57 0.0 104365.8384
2856.71 2856.71 0.0 104350.7292
2870.85 2870.85 0.0 104335.8413
2885.0 2885.0 0.0 104321.1633
2899.14 2899.14 0.0 104306.7134
2913.28 2913.28 0.0 104292.4683
2927.42 2927.42 0.0 104278.4263
2941.56 2941.56 0.0 104264.5906
2955.71 2955.71 0.0 104250.9336
2969.85 2969.85 0.0 104237.4790
2983.99 2983.99 0.0 104224.2075
2998.13 2998.13 0.0 104211.1172
3012.27 3012.27 0.0 104198.2036
3026.42 3026.42 0.0 104185.4568
3040.56 3040.56 0.0 104172.8857
3054.7 3054.7 0.0 104160.4805
3068.84 3068.84 0.0 104148.2371
3082.99 3082.99 0.0 104136.1428
3097.13 3097.13 0.0 104124.2092
3111.27 3111.27 0.0 104112.4270
3125.41 3125.41 0.0 104100.7922
3139.55 3139.55 0.0 104089.3010
3153.7 3153.7 0.0 104077.9436
3167.84 3167.84 0.0 104066.7295
3181.98 3181.98 0.0 104055.6545
3196.12 3196.12 0.0 104044.7031
3210.26 3210.26 0.0 104033.8887
3224.41 3224.41 0.0 104023.1853
3238.55 3238.55 0.0 104012.6160
3252.69 3252.69 0.0 104002.1702
3266.83 3266.83 0.0 103991.8354
3280.98 3280.98 0.0 103981.6140
3295.12 3295.12 0.0 103971.5103
3309.26 3309.26 0.0 103961.5212
3323.4 3323.4 0.0 103951.6348
3337.54 3337.54 0.0 103941.8550
3351.69 3351.69 0.0 103932.1765
3365.83 3365.83 0.0 103922.5991
3379.97 3379.97 0.0 103913.1287
3394.11 3394.11 0.0 103903.7515
3408.25 3408.25 0.0 103894.4717
3422.4 3422.4 0.0 103885.2788
3436.54 3436.54 0.0 103876.1848
3450.68 3450.68 0.0 103867.1772
3464.82 3464.82 0.0 103858.2617
3478.97 3478.97 0.0 103849.4221
3493.11 3493.11 0.0 103840.6777
3507.25 3507.25 0.0 103832.0151
3521.39 3521.39 0.0 103823.4324
3535.53 3535.53 0.0 103814.9287
3549.68 3549.68 0.0 103806.4988
3563.82 3563.82 0.0 103798.1550
3577.96 3577.96 0.0 103789.8850
3592.1 3592.1 0.0 103781.6875
3606.24 3606.24 0.0 103773.5620
3620.39 3620.39 0.0 103765.5046
3634.53 3634.53 0.0 103757.5225
3648.67 3648.67 0.0 103749.6064
3662.81 3662.81 0.0 103741.7622
3676.96 3676.96 0.0 103733.9756
3691.1 3691.1 0.0 103726.2610
3705.24 3705.24 0.0 103718.6094
3719.38 3719.38 0.0 103711.0222
3733.52 3733.52 0.0 103703.4978
3747.67 3747.67 0.0 103696.0283
3761.81 3761.81 0.0 103688.6206
3775.95 3775.95 0.0 103681.2742
3790.09 3790.09 0.0 103673.9888
3804.23 3804.23 0.0 103666.7571
3818.38 3818.38 0.0 103659.5742
3832.52 3832.52 0.0 103652.4534
3846.66 3846.66 0.0 103645.3894
3860.8 3860.8 0.0 103638.3743
3874.95 3874.95 0.0 103631.4094
3889.09 3889.09 0.0 103624.5002
3903.23 3903.23 0.0 103617.6433
3917.37 3917.37 0.0 103610.8362
3931.51 3931.51 0.0 103604.0764
3945.66 3945.66 0.0 103597.3640
3959.8 3959.8 0.0 103590.7012
3973.94 3973.94 0.0 103584.0869
3988.08 3988.08 0.0 103577.5188
4002.22 4002.22 0.0 103570.9956
4016.37 4016.37 0.0 103564.5166
4030.51 4030.51 0.0 103558.0830
4044.65 4044.65 0.0 103551.6948
4058.79 4058.79 0.0 103545.3528
4072.94 4072.94 0.0 103539.0439
4087.08 4087.08 0.0 103532.7856
4101.22 4101.22 0.0 103526.5657
4115.36 4115.36 0.0 103520.3894
4129.5 4129.5 0.0 103514.2537
4143.65 4143.65 0.0 103508.1536
4157.79 4157.79 0.0 103502.0952
4171.93 4171.93 0.0 103496.0776
4186.07 4186.07 0.0 103490.0994
4200.21 4200.21 0.0 103484.1567
4214.36 4214.36 0.0 103478.2512
4228.5 4228.5 0.0 103472.3855
4242.64 4242.64 0.0 103466.5559
4256.78 4256.78 0.0 103460.7615
4270.92 4270.92 0.0 103455.0061
4285.07 4285.07 0.0 103449.2805
4299.21 4299.21 0.0 103443.5933
4313.35 4313.35 0.0 103437.9419
4327.49 4327.49 0.0 103432.3262
4341.64 4341.64 0.0 103426.7393
4355.78 4355.78 0.0 103421.1892
4369.92 4369.92 0.0 103415.6738
4384.06 4384.06 0.0 103410.1880
4398.2 4398.2 0.0 103404.7380
4412.35 4412.35 0.0 103399.3162
4426.49 4426.49 0.0 103393.9312
4440.63 4440.63 0.0 103388.5759
4454.77 4454.77 0.0 103383.2510
4468.91 4468.91 0.0 103377.9597
4483.06 4483.06 0.0 103372.6934
4497.2 4497.2 0.0 103367.4640
4511.34 4511.34 0.0 103362.2616
4525.48 4525.48 0.0 103357.0909
4539.63 4539.63 0.0 103351.9468
4553.77 4553.77 0.0 103346.8340
4567.91 4567.91 0.0 103341.7501
4582.05 4582.05 0.0 103336.6965
4596.19 4596.19 0.0 103331.6700
4610.34 4610.34 0.0 103326.6711
4624.48 4624.48 0.0 103321.7009
4638.62 4638.62 0.0 103316.7600
4652.76 4652.76 0.0 103311.8475
4666.9 4666.9 0.0 103306.9603
4681.05 4681.05 0.0 103302.0994
4695.19 4695.19 0.0 103297.2678
4709.33 4709.33 0.0 103292.4646
4723.47 4723.47 0.0 103287.6855
4737.62 4737.62 0.0 103282.9313
4751.76 4751.76 0.0 103278.2065
4765.9 4765.9 0.0 103273.5060
4780.04 4780.04 0.0 103268.8333
4794.18 4794.18 0.0 103264.1831
4808.33 4808.33 0.0 103259.5604
4822.47 4822.47 0.0 103254.9617
4836.61 4836.61 0.0 103250.3914
4850.75 4850.75 0.0 103245.8436
4864.89 4864.89 0.0 103241.3223
4879.04 4879.04 0.0 103236.8232
4893.18 4893.18 0.0 103232.3512
4907.32 4907.32 0.0 103227.9022
4921.46 4921.46 0.0 103223.4781
4935.61 4935.61 0.0 103219.0752
4949.75 4949.75 0.0 103214.6996
4963.89 4963.89 0.0 103210.3485
4978.03 4978.03 0.0 103206.0206
4992.17 4992.17 0.0 103201.7153
5006.32 5006.32 0.0 103197.4323
5020.46 5020.46 0.0 103193.1743
5034.6 5034.6 0.0 103188.9384
5048.74 5048.74 0.0 103184.7269
5062.88 5062.88 0.0 103180.5394
5077.03 5077.03 0.0 103176.3691
5091.17 5091.17 0.0 103172.2274
5105.31 5105.31 0.0 103168.1066
5119.45 5119.45 0.0 103164.0071
5133.6 5133.6 0.0 103159.9272
5147.74 5147.74 0.0 103155.8756
5161.88 5161.88 0.0 103151.8425
5176.02 5176.02 0.0 103147.8322
5190.16 5190.16 0.0 103143.8463
5204.31 5204.31 0.0 103139.8777
5218.45 5218.45 0.0 103135.9323
5232.59 5232.59 0.0 103132.0112
5246.73 5246.73 0.0 103128.1105
5260.87 5260.87 0.0 103124.2292
5275.02 5275.02 0.0 103120.3702
5289.16 5289.16 0.0 103116.5314
5303.3 5303.3 0.0 103112.7150
5317.44 5317.44 0.0 103108.9198
5331.59 5331.59 0.0 103105.1434
5345.73 5345.73 0.0 103101.3905
5359.87 5359.87 0.0 103097.6588
5374.01 5374.01 0.0 103093.9468
5388.15 5388.15 0.0 103090.2577
5402.3 5402.3 0.0 103086.5847
5416.44 5416.44 0.0 103082.9359
5430.58 5430.58 0.0 103079.3066
5444.72 5444.72 0.0 103075.6981
5458.86 5458.86 0.0 103072.1085
5473.01 5473.01 0.0 103068.5365
5487.15 5487.15 0.0 103064.9899
5501.29 5501.29 0.0 103061.4603
5515.43 5515.43 0.0 103057.9529
5529.58 5529.58 0.0 103054.4614
5543.72 5543.72 0.0 103050.9929
5557.86 5557.86 0.0 103047.5435
5572.0 5572.0 0.0 103044.1132
5586.14 5586.14 0.0 103040.7045
5600.29 5600.29 0.0 103037.3140
5614.43 5614.43 0.0 103033.9447
5628.57 5628.57 0.0 103030.5929
5642.71 5642.71 0.0 103027.2618
5656.85 5656.85 0.0 103023.9506
5671.0 5671.0 0.0 103020.6553
5685.14 5685.14 0.0 103017.3818
5699.28 5699.28 0.0 103014.1257
5713.42 5713.42 0.0 103010.8922
5727.56 5727.56 0.0 103007.6759
5741.71 5741.71 0.0 103004.4771
5755.85 5755.85 0.0 103001.2970
5769.99 5769.99 0.0 102998.1421
5784.13 5784.13 0.0 102994.9994
5798.28 5798.28 0.0 102991.8748
5812.42 5812.42 0.0 102988.7731
5826.56 5826.56 0.0 102985.6909
5840.7 5840.7 0.0 102982.6238
5854.84 5854.84 0.0 102979.5758
5868.99 5868.99 0.0 102976.5475
5883.13 5883.13 0.0 102973.5364
5897.27 5897.27 0.0 102970.5452
5911.41 5911.41 0.0 102967.5725
5925.55 5925.55 0.0 102964.6193
5939.7 5939.7 0.0 102961.6815
5953.84 5953.84 0.0 102958.7631
5967.98 5967.98 0.0 102955.8628
5982.12 5982.12 0.0 102952.9821
5996.27 5996.27 0.0 102950.1177
6010.41 6010.41 0.0 102947.2708
6024.55 6024.55 0.0 102944.4451
6038.69 6038.69 0.0 102941.6359
6052.83 6052.83 0.0 102938.8453
6066.98 6066.98 0.0 102936.0712
6081.12 6081.12 0.0 102933.3156
6095.26 6095.26 0.0 102930.5768
6109.4 6109.4 0.0 102927.8604
6123.54 6123.54 0.0 102925.1561
6137.69 6137.69 0.0 102922.4718
6151.83 6151.83 0.0 102919.8038
6165.97 6165.97 0.0 102917.1558
6180.11 6180.11 0.0 102914.5262
6194.26 6194.26 0.0 102911.9103
6208.4 6208.4 0.0 102909.3160
6222.54 6222.54 0.0 102906.7350
6236.68 6236.68 0.0 102904.1732
6250.82 6250.82 0.0 102901.6321
6264.97 6264.97 0.0 102899.1040
6279.11 6279.11 0.0 102896.5973
6293.25 6293.25 0.0 102894.1050
6307.39 6307.39 0.0 102891.6307
6321.53 6321.53 0.0 102889.1761
6335.68 6335.68 0.0 102886.7328
6349.82 6349.82 0.0 102884.3104
6363.96 6363.96 0.0 102881.9066
6378.1 6378.1 0.0 102879.5199
6392.25 6392.25 0.0 102877.1461
6406.39 6406.39 0.0 102874.7926
6420.53 6420.53 0.0 102872.4572
6434.67 6434.67 0.0 102870.1371
6448.81 6448.81 0.0 102867.8345
6462.96 6462.96 0.0 102865.5471
6477.1 6477.1 0.0 102863.2792
6491.24 6491.24 0.0 102861.0270
6505.38 6505.38 0.0 102858.7913
6519.52 6519.52 0.0 102856.5712
6533.67 6533.67 0.0 102854.3689
6547.81 6547.81 0.0 102852.1844
6561.95 6561.95 0.0 102850.0160
6576.09 6576.09 0.0 102847.8652
6590.24 6590.24 0.0 102845.7291
6604.38 6604.38 0.0 102843.6097
6618.52 6618.52 0.0 102841.5092
6632.66 6632.66 0.0 102839.4238
6646.8 6646.8 0.0 102837.3557
6660.95 6660.95 0.0 102835.3020
6675.09 6675.09 0.0 102833.2654
6689.23 6689.23 0.0 102831.2480
6703.37 6703.37 0.0 102829.2449
6717.51 6717.51 0.0 102827.2579
6731.66 6731.66 0.0 102825.2843
6745.8 6745.8 0.0 102823.3319
6759.94 6759.94 0.0 102821.3927
6774.08 6774.08 0.0 102819.4731
6788.23 6788.23 0.0 102817.5658
6802.37 6802.37 0.0 102815.6768
6816.51 6816.51 0.0 102813.8036
6830.65 6830.65 0.0 102811.9468
6844.79 6844.79 0.0 102810.1073
6858.94 6858.94 0.0 102808.2799
6873.08 6873.08 0.0 102806.4709
6887.22 6887.22 0.0 102804.6776
6901.36 6901.36 0.0 102802.9005
6915.5 6915.5 0.0 102801.1405
6929.65 6929.65 0.0 102799.3943
6943.79 6943.79 0.0 102797.6644
6957.93 6957.93 0.0 102795.9510
6972.07 6972.07 0.0 102794.2538
6986.21 6986.21 0.0 102792.5703
7000.36 7000.36 0.0 102790.9042
7014.5 7014.5 0.0 102789.2539
7028.64 7028.64 0.0 102787.6187
7042.78 7042.78 0.0 102785.9985
7056.93 7056.93 0.0 102784.3934
7071.07 7071.07 0.0 102782.8062
7085.21 7085.21 0.0 102781.2330
7099.35 7099.35 0.0 102779.6752
7113.49 7113.49 0.0 102778.1317
7127.64 7127.64 0.0 102776.6038
7141.78 7141.78 0.0 102775.0946
7155.92 7155.92 0.0 102773.5988
7170.06 7170.06 0.0 102772.1176
7184.2 7184.2 0.0 102770.6525
7198.35 7198.35 0.0 102769.2024
7212.49 7212.49 0.0 102767.7676
7226.63 7226.63 0.0 102766.3480
7240.77 7240.77 0.0 102764.9407
7254.92 7254.92 0.0 102763.5527
7269.06 7269.06 0.0 102762.1770
7283.2 7283.2 0.0 102760.8176
7297.34 7297.34 0.0 102759.4738
7311.48 7311.48 0.0 102758.1437
7325.63 7325.63 0.0 102756.8276
7339.77 7339.77 0.0 102755.5293
7353.91 7353.91 0.0 102754.2435
7368.05 7368.05 0.0 102752.9725
7382.19 7382.19 0.0 102751.7177
7396.34 7396.34 0.0 102750.4756
7410.48 7410.48 0.0 102749.2502
7424.62 7424.62 0.0 102748.0386
7438.76 7438.76 0.0 102746.8414
7452.91 7452.91 0.0 102745.6591
7467.05 7467.05 0.0 102744.4906
7481.19 7481.19 0.0 102743.3391
7495.33 7495.33 0.0 102742.1987
7509.47 7509.47 0.0 102741.0741
7523.62 7523.62 0.0 102739.9619
7537.76 7537.76 0.0 102738.8680
7551.9 7551.9 0.0 102737.7858
7566.04 7566.04 0.0 102736.7198
7580.18 7580.18 0.0 102735.6661
7594.33 7594.33 0.0 102734.6274
7608.47 7608.47 0.0 102733.6014
7622.61 7622.61 0.0 102732.5909
7636.75 7636.75 0.0 102731.5933
7650.9 7650.9 0.0 102730.6095
7665.04 7665.04 0.0 102729.6409
7679.18 7679.18 0.0 102728.6862
7693.32 7693.32 0.0 102727.7460
7707.46 7707.46 0.0 102726.8177
7721.61 7721.61 0.0 102725.9037
7735.75 7735.75 0.0 102725.0028
7749.89 7749.89 0.0 102724.1178
7764.03 7764.03 0.0 102723.2448
7778.17 7778.17 0.0 102722.3864
