0.0 0.0 0.0 287291.6719
14.1421 14.1421 0.0 1338528.1250
28.2843 28.2843 0.0 1304911.0000
42.4264 42.4264 0.0 1209502.6250
56.5685 56.5685 0.0 1100446.8125
70.7107 70.7107 0.0 992566.4375
84.8528 84.8528 0.0 891697.5000
98.9949 98.9949 0.0 800133.9375
113.137 113.137 0.0 718501.1250
127.279 127.279 0.0 646570.4375
141.421 141.421 0.0 583679.0938
155.563 155.563 0.0 528964.1875
169.706 169.706 0.0 481499.1875
183.848 183.848 0.0 440384.1875
197.99 197.99 0.0 404770.8750
212.132 212.132 0.0 373896.9062
226.274 226.274 0.0 347088.8750
240.416 240.416 0.0 323760.7969
254.558 254.558 0.0 303408.3438
268.701 268.701 0.0 285599.2812
282.843 282.843 0.0 269969.1094
296.985 296.985 0.0 256205.5156
311.127 311.127 0.0 244044.6406
325.269 325.269 0.0 233263.4688
339.411 339.411 0.0 223672.9766
353.553 353.553 0.0 215112.8047
367.696 367.696 0.0 207446.3906
381.838 381.838 0.0 200558.9375
395.98 395.98 0.0 194351.1875
410.122 410.122 0.0 188738.6562
424.264 424.264 0.0 183649.1172
438.406 438.406 0.0 179020.3125
452.548 452.548 0.0 174798.7578
466.69 466.69 0.0 170938.1719
480.833 480.833 0.0 167398.2656
494.975 494.975 0.0 164144.6836
509.117 509.117 0.0 161146.8477
523.259 523.259 0.0 158378.2852
537.401 537.401 0.0 155815.7539
551.543 551.543 0.0 153438.8828
565.685 565.685 0.0 151229.7422
579.828 579.828 0.0 149172.3398
593.97 593.97 0.0 147252.9375
608.112 608.112 0.0 145458.9414
622.254 622.254 0.0 143779.3086
636.396 636.396 0.0 142204.1445
650.538 650.538 0.0 140724.6562
664.68 664.68 0.0 139332.9141
678.823 678.823 0.0 138021.7969
692.965 692.965 0.0 136785.0977
707.107 707.107 0.0 135616.9492
721.249 721.249 0.0 134512.1836
735.391 735.391 0.0 133466.1230
749.533 749.533 0.0 132474.5059
763.675 763.675 0.0 131533.4414
777.817 777.817 0.0 130639.4414
791.96 791.96 0.0 129789.2129
806.102 806.102 0.0 128979.9707
820.244 820.244 0.0 128208.9707
834.386 834.386 0.0 127473.7148
848.528 848.528 0.0 126771.9863
862.67 862.67 0.0 126101.7129
876.812 876.812 0.0 125460.9395
890.955 890.955 0.0 124847.9121
905.097 905.097 0.0 124261.0879
919.239 919.239 0.0 123698.8828
933.381 933.381 0.0 123159.9375
947.523 947.523 0.0 122642.9434
961.665 961.665 0.0 122146.6973
975.807 975.807 0.0 121670.1016
989.949 989.949 0.0 121212.0957
1004.09 1004.09 0.0 120771.7500
1018.23 1018.23 0.0 120348.1523
1032.38 1032.38 0.0 119940.1582
1046.52 1046.52 0.0 119547.5469
1060.66 1060.66 0.0 119169.2773
1074.8 1074.8 0.0 118804.6602
1088.94 1088.94 0.0 118453.0566
1103.09 1103.09 0.0 118113.6094
1117.23 1117.23 0.0 117786.2207
1131.37 1131.37 0.0 117470.1211
1145.51 1145.51 0.0 117164.7793
1159.66 1159.66 0.0 116869.5352
1173.8 1173.8 0.0 116584.3223
1187.94 1187.94 0.0 116308.5430
1202.08 1202.08 0.0 116041.7510
1216.22 1216.22 0.0 115783.5908
1230.37 1230.37 0.0 115533.5254
1244.51 1244.51 0.0 115291.5498
1258.65 1258.65 0.0 115057.1670
1272.79 1272.79 0.0 114830.0664
1286.93 1286.93 0.0 114609.9678
1301.08 1301.08 0.0 114396.4316
1315.22 1315.22 0.0 114189.5039
1329.36 1329.36 0.0 113988.7725
1343.5 1343.5 0.0 113794.0059
1357.65 1357.65 0.0 113604.8408
1371.79 1371.79 0.0 113421.3330
1385.93 1385.93 0.0 113243.1260
1400.07 1400.07 0.0 113070.0342
1414.21 1414.21 0.0 112901.8721
1428.36 1428.36 0.0 112738.3340
1442.5 1442.5 0.0 112579.4951
1456.64 1456.64 0.0 112425.0537
1470.78 1470.78 0.0 112274.8701
1484.92 1484.92 0.0 112128.7861
1499.07 1499.07 0.0 111986.5684
1513.21 1513.21 0.0 111848.2686
1527.35 1527.35 0.0 111713.6523
1541.49 1541.49 0.0 111582.6064
1555.63 1555.63 0.0 111455.0020
1569.78 1569.78 0.0 111330.6406
1583.92 1583.92 0.0 111209.5732
1598.06 1598.06 0.0 111091.6152
1612.2 1612.2 0.0 110976.6748
1626.35 1626.35 0.0 110864.5410
1640.49 1640.49 0.0 110755.3164
1654.63 1654.63 0.0 110648.8066
1668.77 1668.77 0.0 110544.9326
1682.91 1682.91 0.0 110443.6035
1697.06 1697.06 0.0 110344.6729
1711.2 1711.2 0.0 110248.2119
1725.34 1725.34 0.0 110154.0566
1739.48 1739.48 0.0 110062.1514
1753.62 1753.62 0.0 109972.4102
1767.77 1767.77 0.0 109884.7158
1781.91 1781.91 0.0 109799.1348
1796.05 1796.05 0.0 109715.5293
1810.19 1810.19 0.0 109633.8369
1824.34 1824.34 0.0 109553.9580
1838.48 1838.48 0.0 109475.9351
1852.62 1852.62 0.0 109399.6719
1866.76 1866.76 0.0 109325.1021
1880.9 1880.9 0.0 109252.1792
1895.05 1895.05 0.0 109180.8149
1909.19 1909.19 0.0 109111.0483
1923.33 1923.33 0.0 109042.7935
1937.47 1937.47 0.0 108976.0034
1951.61 1951.61 0.0 108910.6353
1965.76 1965.76 0.0 108846.6064
1979.9 1979.9 0.0 108783.9629
1994.04 1994.04 0.0 108722.6230
2008.18 2008.18 0.0 108662.5522
2022.33 2022.33 0.0 108603.6694
2036.47 2036.47 0.0 108546.0303
2050.61 2050.61 0.0 108489.5459
2064.75 2064.75 0.0 108434.2017
2078.89 2078.89 0.0 108379.9434
2093.04 2093.04 0.0 108326.7236
2107.18 2107.18 0.0 108274.5776
2121.32 2121.32 0.0 108223.4507
2135.46 2135.46 0.0 108173.3013
2149.6 2149.6 0.0 108124.1060
2163.75 2163.75 0.0 108075.8120
2177.89 2177.89 0.0 108028.4551
2192.03 2192.03 0.0 107981.9834
2206.17 2206.17 0.0 107936.3569
2220.32 2220.32 0.0 107891.5415
2234.46 2234.46 0.0 107847.5723
2248.6 2248.6 0.0 107804.3853
2262.74 2262.74 0.0 107761.9761
2276.88 2276.88 0.0 107720.3057
2291.03 2291.03 0.0 107679.3423
2305.17 2305.17 0.0 107639.1201
2319.31 2319.31 0.0 107599.5845
2333.45 2333.45 0.0 107560.7227
2347.59 2347.59 0.0 107522.5190
2361.74 2361.74 0.0 107484.9292
2375.88 2375.88 0.0 107447.9858
2390.02 2390.02 0.0 107411.6519
2404.16 2404.16 0.0 107375.9058
2418.31 2418.31 0.0 107340.7158
2432.45 2432.45 0.0 107306.0986
2446.59 2446.59 0.0 107272.0454
2460.73 2460.73 0.0 107238.5117
2474.87 2474.87 0.0 107205.5044
2489.02 2489.02 0.0 107172.9756
2503.16 2503.16 0.0 107140.9692
2517.3 2517.3 0.0 107109.4448
2531.44 2531.44 0.0 107078.3901
2545.58 2545.58 0.0 107047.7842
2559.73 2559.73 0.0 107017.6108
2573.87 2573.87 0.0 106987.8931
2588.01 2588.01 0.0 106958.6030
2602.15 2602.15 0.0 106929.7197
2616.3 2616.3 0.0 106901.2227
2630.44 2630.44 0.0 106873.1392
2644.58 2644.58 0.0 106845.4434
2658.72 2658.72 0.0 106818.1206
2672.86 2672.86 0.0 106791.1641
2687.01 2687.01 0.0 106764.5469
2701.15 2701.15 0.0 106738.2974
2715.29 2715.29 0.0 106712.3882
2729.43 2729.43 0.0 106686.8110
2743.57 2743.57 0.0 106661.5552
2757.72 2757.72 0.0 106636.6006
2771.86 2771.86 0.0 106611.9731
2786.0 2786.0 0.0 106587.6470
2800.14 2800.14 0.0 106563.6167
2814.28 2814.28 0.0 106539.8721
2828.43 2828.43 0.0 106516.3931
2842.57 2842.57 0.0 106493.2065
2856.71 2856.71 0.0 106470.2847
2870.85 2870.85 0.0 106447.6294
2885.0 2885.0 0.0 106425.2153
2899.14 2899.14 0.0 106403.0630
2913.28 2913.28 0.0 106381.1548
2927.42 2927.42 0.0 106359.4854
2941.56 2941.56 0.0 106338.0566
2955.71 2955.71 0.0 106316.8369
2969.85 2969.85 0.0 106295.8584
2983.99 2983.99 0.0 106275.0947
2998.13 2998.13 0.0 106254.5425
3012.27 3012.27 0.0 106234.2056
3026.42 3026.42 0.0 106214.0527
3040.56 3040.56 0.0 106194.1143
3054.7 3054.7 0.0 106174.3809
3068.84 3068.84 0.0 106154.8291
3082.99 3082.99 0.0 106135.4521
3097.13 3097.13 0.0 106116.2773
3111.27 3111.27 0.0 106097.2798
3125.41 3125.41 0.0 106078.4565
3139.55 3139.55 0.0 106059.8032
3153.7 3153.7 0.0 106041.3091
3167.84 3167.84 0.0 106022.9922
3181.98 3181.98 0.0 106004.8350
3196.12 3196.12 0.0 105986.8408
3210.26 3210.26 0.0 105969.0000
3224.41 3224.41 0.0 105951.2974
3238.55 3238.55 0.0 105933.7539
3252.69 3252.69 0.0 105916.3647
3266.83 3266.83 0.0 105899.1084
3280.98 3280.98 0.0 105881.9907
3295.12 3295.12 0.0 105865.0166
3309.26 3309.26 0.0 105848.1807
3323.4 3323.4 0.0 105831.4775
3337.54 3337.54 0.0 105814.9072
3351.69 3351.69 0.0 105798.4463
3365.83 3365.83 0.0 105782.1284
3379.97 3379.97 0.0 105765.9326
3394.11 3394.11 0.0 105749.8530
3408.25 3408.25 0.0 105733.9028
3422.4 3422.4 0.0 105718.0479
3436.54 3436.54 0.0 105702.3242
3450.68 3450.68 0.0 105686.7134
3464.82 3464.82 0.0 105671.2109
3478.97 3478.97 0.0 105655.8115
3493.11 3493.11 0.0 105640.5283
3507.25 3507.25 0.0 105625.3477
3521.39 3521.39 0.0 105610.2773
3535.53 3535.53 0.0 105595.3066
3549.68 3549.68 0.0 105580.4204
3563.82 3563.82 0.0 105565.6523
3577.96 3577.96 0.0 105550.9761
3592.1 3592.1 0.0 105536.4023
3606.24 3606.24 0.0 105521.9189
3620.39 3620.39 0.0 105507.5146
3634.53 3634.53 0.0 105493.2197
3648.67 3648.67 0.0 105479.0132
3662.81 3662.81 0.0 105464.8979
3676.96 3676.96 0.0 105450.8599
3691.1 3691.1 0.0 105436.9165
3705.24 3705.24 0.0 105423.0635
3719.38 3719.38 0.0 105409.2910
3733.52 3733.52 0.0 105395.6062
3747.67 3747.67 0.0 105381.9958
3761.81 3761.81 0.0 105368.4753
3775.95 3775.95 0.0 105355.0359
3790.09 3790.09 0.0 105341.6755
3804.23 3804.23 0.0 105328.3940
3818.38 3818.38 0.0 105315.1826
3832.52 3832.52 0.0 105302.0562
3846.66 3846.66 0.0 105289.0073
3860.8 3860.8 0.0 105276.0327
3874.95 3874.95 0.0 105263.1250
3889.09 3889.09 0.0 105250.3020
3903.23 3903.23 0.0 105237.5527
3917.37 3917.37 0.0 105224.8760
3931.51 3931.51 0.0 105212.2668
3945.66 3945.66 0.0 105199.7253
3959.8 3959.8 0.0 105187.2615
3973.94 3973.94 0.0 105174.8704
3988.08 3988.08 0.0 105162.5479
4002.22 4002.22 0.0 105150.2925
4016.37 4016.37 0.0 105138.0977
4030.51 4030.51 0.0 105125.9819
4044.65 4044.65 0.0 105113.9331
4058.79 4058.79 0.0 105101.9475
4072.94 4072.94 0.0 105090.0212
4087.08 4087.08 0.0 105078.1738
4101.22 4101.22 0.0 105066.3865
4115.36 4115.36 0.0 105054.6685
4129.5 4129.5 0.0 105043.0134
4143.65 4143.65 0.0 105031.4121
4157.79 4157.79 0.0 105019.8862
4171.93 4171.93 0.0 105008.4236
4186.07 4186.07 0.0 104997.0247
4200.21 4200.21 0.0 104985.6890
4214.36 4214.36 0.0 104974.4070
4228.5 4228.5 0.0 104963.1963
4242.64 4242.64 0.0 104952.0459
4256.78 4256.78 0.0 104940.9570
4270.92 4270.92 0.0 104929.9294
4285.07 4285.07 0.0 104918.9561
4299.21 4299.21 0.0 104908.0535
4313.35 4313.35 0.0 104897.2092
4327.49 4327.49 0.0 104886.4250
4341.64 4341.64 0.0 104875.6921
4355.78 4355.78 0.0 104865.0300
4369.92 4369.92 0.0 104854.4287
4384.06 4384.06 0.0 104843.8806
4398.2 4398.2 0.0 104833.3975
4412.35 4412.35 0.0 104822.9587
4426.49 4426.49 0.0 104812.5942
4440.63 4440.63 0.0 104802.2869
4454.77 4454.77 0.0 104792.0361
4468.91 4468.91 0.0 104781.8406
4483.06 4483.06 0.0 104771.7009
4497.2 4497.2 0.0 104761.6255
4511.34 4511.34 0.0 104751.6086
4525.48 4525.48 0.0 104741.6504
4539.63 4539.63 0.0 104731.7422
4553.77 4553.77 0.0 104721.8931
4567.91 4567.91 0.0 104712.1064
4582.05 4582.05 0.0 104702.3738
4596.19 4596.19 0.0 104692.7009
4610.34 4610.34 0.0 104683.0798
4624.48 4624.48 0.0 104673.5178
4638.62 4638.62 0.0 104664.0186
4652.76 4652.76 0.0 104654.5708
4666.9 4666.9 0.0 104645.1787
4681.05 4681.05 0.0 104635.8381
4695.19 4695.19 0.0 104626.5647
4709.33 4709.33 0.0 104617.3389
4723.47 4723.47 0.0 104608.1763
4737.62 4737.62 0.0 104599.0630
4751.76 4751.76 0.0 104590.0088
4765.9 4765.9 0.0 104581.0122
4780.04 4780.04 0.0 104572.0686
4794.18 4794.18 0.0 104563.1829
4808.33 4808.33 0.0 104554.3445
4822.47 4822.47 0.0 104545.5703
4836.61 4836.61 0.0 104536.8521
4850.75 4850.75 0.0 104528.1875
4864.89 4864.89 0.0 104519.5774
4879.04 4879.04 0.0 104511.0171
4893.18 4893.18 0.0 104502.5225
4907.32 4907.32 0.0 104494.0742
4921.46 4921.46 0.0 104485.6860
4935.61 4935.61 0.0 104477.3428
4949.75 4949.75 0.0 104469.0664
4963.89 4963.89 0.0 104460.8430
4978.03 4978.03 0.0 104452.6724
4992.17 4992.17 0.0 104444.5554
5006.32 5006.32 0.0 104436.4878
5020.46 5020.46 0.0 104428.4824
5034.6 5034.6 0.0 104420.5256
5048.74 5048.74 0.0 104412.6272
5062.88 5062.88 0.0 104404.7874
5077.03 5077.03 0.0 104396.9905
5091.17 5091.17 0.0 104389.2515
5105.31 5105.31 0.0 104381.5698
5119.45 5119.45 0.0 104373.9407
5133.6 5133.6 0.0 104366.3596
5147.74 5147.74 0.0 104358.8376
5161.88 5161.88 0.0 104351.3704
5176.02 5176.02 0.0 104343.9561
5190.16 5190.16 0.0 104336.5952
5204.31 5204.31 0.0 104329.2812
5218.45 5218.45 0.0 104322.0237
5232.59 5232.59 0.0 104314.8218
5246.73 5246.73 0.0 104307.6731
5260.87 5260.87 0.0 104300.5752
5275.02 5275.02 0.0 104293.5281
5289.16 5289.16 0.0 104286.5369
5303.3 5303.3 0.0 104279.5991
5317.44 5317.44 0.0 104272.7112
5331.59 5331.59 0.0 104265.8757
5345.73 5345.73 0.0 104259.0920
5359.87 5359.87 0.0 104252.3647
5374.01 5374.01 0.0 104245.6860
5388.15 5388.15 0.0 104239.0574
5402.3 5402.3 0.0 104232.4812
5416.44 5416.44 0.0 104225.9612
5430.58 5430.58 0.0 104219.4902
5444.72 5444.72 0.0 104213.0693
5458.86 5458.86 0.0 104206.7012
5473.01 5473.01 0.0 104200.3826
5487.15 5487.15 0.0 104194.1160
5501.29 5501.29 0.0 104187.8987
5515.43 5515.43 0.0 104181.7356
5529.58 5529.58 0.0 104175.6182
5543.72 5543.72 0.0 104169.5547
5557.86 5557.86 0.0 104163.5417
5572.0 5572.0 0.0 104157.5791
5586.14 5586.14 0.0 104151.6658
5600.29 5600.29 0.0 104145.8008
5614.43 5614.43 0.0 104139.9868
5628.57 5628.57 0.0 104134.2249
5642.71 5642.71 0.0 104128.5125
5656.85 5656.85 0.0 104122.8472
5671.0 5671.0 0.0 104117.2278
5685.14 5685.14 0.0 104111.6638
5699.28 5699.28 0.0 104106.1479
5713.42 5713.42 0.0 104100.6775
5727.56 5727.56 0.0 104095.2559
5741.71 5741.71 0.0 104089.8828
5755.85 5755.85 0.0 104084.5598
5769.99 5769.99 0.0 104079.2876
5784.13 5784.13 0.0 104074.0557
5798.28 5798.28 0.0 104068.8740
5812.42 5812.42 0.0 104063.7427
5826.56 5826.56 0.0 104058.6572
5840.7 5840.7 0.0 104053.6243
5854.84 5854.84 0.0 104048.6313
5868.99 5868.99 0.0 104043.6841
5883.13 5883.13 0.0 104038.7859
5897.27 5897.27 0.0 104033.9377
5911.41 5911.41 0.0 104029.1345
5925.55 5925.55 0.0 104024.3752
5939.7 5939.7 0.0 104019.6606
5953.84 5953.84 0.0 104014.9951
5967.98 5967.98 0.0 104010.3748
5982.12 5982.12 0.0 104005.7983
5996.27 5996.27 0.0 104001.2664
6010.41 6010.41 0.0 103996.7803
6024.55 6024.55 0.0 103992.3372
6038.69 6038.69 0.0 103987.9421
6052.83 6052.83 0.0 103983.5898
6066.98 6066.98 0.0 103979.2798
6081.12 6081.12 0.0 103975.0173
6095.26 6095.26 0.0 103970.7971
6109.4 6109.4 0.0 103966.6196
6123.54 6123.54 0.0 103962.4880
6137.69 6137.69 0.0 103958.3931
6151.83 6151.83 0.0 103954.3452
6165.97 6165.97 0.0 103950.3406
6180.11 6180.11 0.0 103946.3777
6194.26 6194.26 0.0 103942.4561
6208.4 6208.4 0.0 103938.5774
6222.54 6222.54 0.0 103934.7390
6236.68 6236.68 0.0 103930.9453
6250.82 6250.82 0.0 103927.1914
6264.97 6264.97 0.0 103923.4763
6279.11 6279.11 0.0 103919.8025
6293.25 6293.25 0.0 103916.1721
6307.39 6307.39 0.0 103912.5813
6321.53 6321.53 0.0 103909.0273
6335.68 6335.68 0.0 103905.5154
6349.82 6349.82 0.0 103902.0437
6363.96 6363.96 0.0 103898.6108
6378.1 6378.1 0.0 103895.2170
6392.25 6392.25 0.0 103891.8606
6406.39 6406.39 0.0 103888.5447
6420.53 6420.53 0.0 103885.2678
6434.67 6434.67 0.0 103882.0293
6448.81 6448.81 0.0 103878.8274
6462.96 6462.96 0.0 103875.6624
6477.1 6477.1 0.0 103872.5374
6491.24 6491.24 0.0 103869.4458
6505.38 6505.38 0.0 103866.3950
6519.52 6519.52 0.0 103863.3809
6533.67 6533.67 0.0 103860.4004
6547.81 6547.81 0.0 103857.4595
6561.95 6561.95 0.0 103854.5510
6576.09 6576.09 0.0 103851.6807
6590.24 6590.24 0.0 103848.8413
6604.38 6604.38 0.0 103846.0437
6618.52 6618.52 0.0 103843.2766
6632.66 6632.66 0.0 103840.5483
6646.8 6646.8 0.0 103837.8521
6660.95 6660.95 0.0 103835.1870
6675.09 6675.09 0.0 103832.5586
6689.23 6689.23 0.0 103829.9661
6703.37 6703.37 0.0 103827.4048
6717.51 6717.51 0.0 103824.8760
6731.66 6731.66 0.0 103822.3782
6745.8 6745.8 0.0 103819.9177
6759.94 6759.94 0.0 103817.4841
6774.08 6774.08 0.0 103815.0886
6788.23 6788.23 0.0 103812.7205
6802.37 6802.37 0.0 103810.3862
6816.51 6816.51 0.0 103808.0852
6830.65 6830.65 0.0 103805.8113
6844.79 6844.79 0.0 103803.5696
6858.94 6858.94 0.0 103801.3560
6873.08 6873.08 0.0 103799.1750
6887.22 6887.22 0.0 103797.0269
6901.36 6901.36 0.0 103794.9041
6915.5 6915.5 0.0 103792.8135
6929.65 6929.65 0.0 103790.7505
6943.79 6943.79 0.0 103788.7161
6957.93 6957.93 0.0 103786.7107
6972.07 6972.07 0.0 103784.7346
6986.21 6986.21 0.0 103782.7898
7000.36 7000.36 0.0 103780.8662
7014.5 7014.5 0.0 103778.9744
7028.64 7028.64 0.0 103777.1099
7042.78 7042.78 0.0 103775.2700
7056.93 7056.93 0.0 103773.4585
7071.07 7071.07 0.0 103771.6714
7085.21 7085.21 0.0 103769.9116
7099.35 7099.35 0.0 103768.1819
7113.49 7113.49 0.0 103766.4731
7127.64 7127.64 0.0 103764.7925
7141.78 7141.78 0.0 103763.1382
7155.92 7155.92 0.0 103761.5061
7170.06 7170.06 0.0 103759.8984
7184.2 7184.2 0.0 103758.3193
7198.35 7198.35 0.0 103756.7603
7212.49 7212.49 0.0 103755.2261
7226.63 7226.63 0.0 103753.7148
7240.77 7240.77 0.0 103752.2302
7254.92 7254.92 0.0 103750.7659
7269.06 7269.06 0.0 103749.3247
7283.2 7283.2 0.0 103747.9094
7297.34 7297.34 0.0 103746.5112
7311.48 7311.48 0.0 103745.1392
7325.63 7325.63 0.0 103743.7866
7339.77 7339.77 0.0 103742.4587
7353.91 7353.91 0.0 103741.1477
7368.05 7368.05 0.0 103739.8616
7382.19 7382.19 0.0 103738.5967
7396.34 7396.34 0.0 103737.3499
7410.48 7410.48 0.0 103736.1255
7424.62 7424.62 0.0 103734.9187
7438.76 7438.76 0.0 103733.7346
7452.91 7452.91 0.0 103732.5681
7467.05 7467.05 0.0 103731.4231
7481.19 7481.19 0.0 103730.2942
7495.33 7495.33 0.0 103729.1843
7509.47 7509.47 0.0 103728.0959
7523.62 7523.62 0.0 103727.0239
7537.76 7537.76 0.0 103725.9714
7551.9 7551.9 0.0 103724.9355
7566.04 7566.04 0.0 103723.9187
7580.18 7580.18 0.0 103722.9155
7594.33 7594.33 0.0 103721.9314
7608.47 7608.47 0.0 103720.9658
7622.61 7622.61 0.0 103720.0178
7636.75 7636.75 0.0 103719.0840
7650.9 7650.9 0.0 103718.1648
7665.04 7665.04 0.0 103717.2656
7679.18 7679.18 0.0 103716.3782
7693.32 7693.32 0.0 103715.5083
7707.46 7707.46 0.0 103714.6536
7721.61 7721.61 0.0 103713.8135
7735.75 7735.75 0.0 103712.9880
7749.89 7749.89 0.0 103712.1785
7764.03 7764.03 0.0 103711.3826
7778.17 7778.17 0.0 103710.5994
