0.0 0.0 0.0 312586.5625
14.1421 14.1421 0.0 2091262.6250
28.2843 28.2843 0.0 1437766.1250
42.4264 42.4264 0.0 948706.6875
56.5685 56.5685 0.0 640314.8125
70.7107 70.7107 0.0 456421.4375
84.8528 84.8528 0.0 346588.2656
98.9949 98.9949 0.0 278944.4375
113.137 113.137 0.0 235518.7656
127.279 127.279 0.0 206419.9375
141.421 141.421 0.0 186123.2188
155.563 155.563 0.0 171447.4844
169.706 169.706 0.0 160494.7109
183.848 183.848 0.0 152093.5469
197.99 197.99 0.0 145493.4531
212.132 212.132 0.0 140200.0586
226.274 226.274 0.0 135877.9570
240.416 240.416 0.0 132293.6914
254.558 254.558 0.0 129280.8730
268.701 268.701 0.0 126718.2363
282.843 282.843 0.0 124516.2754
296.985 296.985 0.0 122606.8926
311.127 311.127 0.0 120937.9883
325.269 325.269 0.0 119468.9766
339.411 339.411 0.0 118167.8145
353.553 353.553 0.0 117008.8730
367.696 367.696 0.0 115971.3740
381.838 381.838 0.0 115038.5342
395.98 395.98 0.0 114196.3203
410.122 410.122 0.0 113433.1035
424.264 424.264 0.0 112739.1465
438.406 438.406 0.0 112106.2139
452.548 452.548 0.0 111527.2998
466.69 466.69 0.0 110996.3887
480.833 480.833 0.0 110508.2920
494.975 494.975 0.0 110058.6016
509.117 509.117 0.0 109643.3633
523.259 523.259 0.0 109259.2007
537.401 537.401 0.0 108903.1260
551.543 551.543 0.0 108572.4854
565.685 565.685 0.0 108264.9546
579.828 579.828 0.0 107978.4624
593.97 593.97 0.0 107711.1899
608.112 608.112 0.0 107461.4834
622.254 622.254 0.0 107227.8652
636.396 636.396 0.0 107009.0156
650.538 650.538 0.0 106803.7466
664.68 664.68 0.0 106610.9844
678.823 678.823 0.0 106429.7534
692.965 692.965 0.0 106259.1938
707.107 707.107 0.0 106098.4966
721.249 721.249 0.0 105946.9351
735.391 735.391 0.0 105803.8574
749.533 749.533 0.0 105668.6499
763.675 763.675 0.0 105540.7676
777.817 777.817 0.0 105419.7083
791.96 791.96 0.0 105304.9985
806.102 806.102 0.0 105196.2307
820.244 820.244 0.0 105093.0042
834.386 834.386 0.0 104994.9666
848.528 848.528 0.0 104901.7795
862.67 862.67 0.0 104813.1404
876.812 876.812 0.0 104728.7708
890.955 890.955 0.0 104648.3950
905.097 905.097 0.0 104571.7900
919.239 919.239 0.0 104498.7246
933.381 933.381 0.0 104428.9922
947.523 947.523 0.0 104362.3945
961.665 961.665 0.0 104298.7566
975.807 975.807 0.0 104237.9087
989.949 989.949 0.0 104179.6929
1004.09 1004.09 0.0 104123.9746
1018.23 1018.23 0.0 104070.6123
1032.38 1032.38 0.0 104019.4412
1046.52 1046.52 0.0 103970.4138
1060.66 1060.66 0.0 103923.3835
1074.8 1074.8 0.0 103878.2483
1088.94 1088.94 0.0 103834.9097
1103.09 1103.09 0.0 103793.2461
1117.23 1117.23 0.0 103753.2349
1131.37 1131.37 0.0 103714.7617
1145.51 1145.51 0.0 103677.7529
1159.66 1159.66 0.0 103642.1135
1173.8 1173.8 0.0 103607.8235
1187.94 1187.94 0.0 103574.7954
1202.08 1202.08 0.0 103542.9768
1216.22 1216.22 0.0 103512.3003
1230.37 1230.37 0.0 103482.7012
1244.51 1244.51 0.0 103454.1675
1258.65 1258.65 0.0 103426.6331
1272.79 1272.79 0.0 103400.0496
1286.93 1286.93 0.0 103374.3816
1301.08 1301.08 0.0 103349.5632
1315.22 1315.22 0.0 103325.5988
1329.36 1329.36 0.0 103302.4337
1343.5 1343.5 0.0 103280.0331
1357.65 1357.65 0.0 103258.3480
1371.79 1371.79 0.0 103237.3824
1385.93 1385.93 0.0 103217.0875
1400.07 1400.07 0.0 103197.4396
1414.21 1414.21 0.0 103178.4084
1428.36 1428.36 0.0 103159.9623
1442.5 1442.5 0.0 103142.0977
1456.64 1456.64 0.0 103124.7841
1470.78 1470.78 0.0 103107.9952
1484.92 1484.92 0.0 103091.7140
1499.07 1499.07 0.0 103075.9099
1513.21 1513.21 0.0 103060.5853
1527.35 1527.35 0.0 103045.7111
1541.49 1541.49 0.0 103031.2722
1555.63 1555.63 0.0 103017.2512
1569.78 1569.78 0.0 103003.6235
1583.92 1583.92 0.0 102990.3942
1598.06 1598.06 0.0 102977.5392
1612.2 1612.2 0.0 102965.0459
1626.35 1626.35 0.0 102952.8920
1640.49 1640.49 0.0 102941.0845
1654.63 1654.63 0.0 102929.5980
1668.77 1668.77 0.0 102918.4261
1682.91 1682.91 0.0 102907.5582
1697.06 1697.06 0.0 102896.9725
1711.2 1711.2 0.0 102886.6793
1725.34 1725.34 0.0 102876.6582
1739.48 1739.48 0.0 102866.9012
1753.62 1753.62 0.0 102857.3989
1767.77 1767.77 0.0 102848.1367
1781.91 1781.91 0.0 102839.1194
1796.05 1796.05 0.0 102830.3362
1810.19 1810.19 0.0 102821.7749
1824.34 1824.34 0.0 102813.4241
1838.48 1838.48 0.0 102805.2898
1852.62 1852.62 0.0 102797.3585
1866.76 1866.76 0.0 102789.6251
1880.9 1880.9 0.0 102782.0824
1895.05 1895.05 0.0 102774.7208
1909.19 1909.19 0.0 102767.5435
1923.33 1923.33 0.0 102760.5419
1937.47 1937.47 0.0 102753.7084
1951.61 1951.61 0.0 102747.0381
1965.76 1965.76 0.0 102740.5250
1979.9 1979.9 0.0 102734.1693
1994.04 1994.04 0.0 102727.9645
2008.18 2008.18 0.0 102721.9067
2022.33 2022.33 0.0 102715.9860
2036.47 2036.47 0.0 102710.2076
2050.61 2050.61 0.0 102704.5619
2064.75 2064.75 0.0 102699.0476
2078.89 2078.89 0.0 102693.6605
2093.04 2093.04 0.0 102688.3918
2107.18 2107.18 0.0 102683.2471
2121.32 2121.32 0.0 102678.2209
2135.46 2135.46 0.0 102673.3048
2149.6 2149.6 0.0 102668.5010
2163.75 2163.75 0.0 102663.8007
2177.89 2177.89 0.0 102659.2101
2192.03 2192.03 0.0 102654.7201
2206.17 2206.17 0.0 102650.3287
2220.32 2220.32 0.0 102646.0323
2234.46 2234.46 0.0 102641.8320
2248.6 2248.6 0.0 102637.7245
2262.74 2262.74 0.0 102633.7073
2276.88 2276.88 0.0 102629.7767
2291.03 2291.03 0.0 102625.9287
2305.17 2305.17 0.0 102622.1656
2319.31 2319.31 0.0 102618.4838
2333.45 2333.45 0.0 102614.8816
2347.59 2347.59 0.0 102611.3546
2361.74 2361.74 0.0 102607.9032
2375.88 2375.88 0.0 102604.5270
2390.02 2390.02 0.0 102601.2216
2404.16 2404.16 0.0 102597.9854
2418.31 2418.31 0.0 102594.8168
2432.45 2432.45 0.0 102591.7169
2446.59 2446.59 0.0 102588.6808
2460.73 2460.73 0.0 102585.7100
2474.87 2474.87 0.0 102582.8008
2489.02 2489.02 0.0 102579.9503
2503.16 2503.16 0.0 102577.1599
2517.3 2517.3 0.0 102574.4288
2531.44 2531.44 0.0 102571.7537
2545.58 2545.58 0.0 102569.1351
2559.73 2559.73 0.0 102566.5671
2573.87 2573.87 0.0 102564.0566
2588.01 2588.01 0.0 102561.5952
2602.15 2602.15 0.0 102559.1874
2616.3 2616.3 0.0 102556.8236
2630.44 2630.44 0.0 102554.5135
2644.58 2644.58 0.0 102552.2499
2658.72 2658.72 0.0 102550.0323
2672.86 2672.86 0.0 102547.8608
2687.01 2687.01 0.0 102545.7316
2701.15 2701.15 0.0 102543.6484
2715.29 2715.29 0.0 102541.6064
2729.43 2729.43 0.0 102539.6084
2743.57 2743.57 0.0 102537.6503
2757.72 2757.72 0.0 102535.7303
2771.86 2771.86 0.0 102533.8513
2786.0 2786.0 0.0 102532.0111
2800.14 2800.14 0.0 102530.2080
2814.28 2814.28 0.0 102528.4414
2828.43 2828.43 0.0 102526.7107
2842.57 2842.57 0.0 102525.0156
2856.71 2856.71 0.0 102523.3562
2870.85 2870.85 0.0 102521.7302
2885.0 2885.0 0.0 102520.1367
2899.14 2899.14 0.0 102518.5760
2913.28 2913.28 0.0 102517.0487
2927.42 2927.42 0.0 102515.5533
2941.56 2941.56 0.0 102514.0892
2955.71 2955.71 0.0 102512.6508
2969.85 2969.85 0.0 102511.2457
2983.99 2983.99 0.0 102509.8694
2998.13 2998.13 0.0 102508.5219
3012.27 3012.27 0.0 102507.2006
3026.42 3026.42 0.0 102505.9076
3040.56 3040.56 0.0 102504.6421
3054.7 3054.7 0.0 102503.4027
3068.84 3068.84 0.0 102502.1892
3082.99 3082.99 0.0 102501.0015
3097.13 3097.13 0.0 102499.8375
3111.27 3111.27 0.0 102498.6987
3125.41 3125.41 0.0 102497.5845
3139.55 3139.55 0.0 102496.4935
3153.7 3153.7 0.0 102495.4255
3167.84 3167.84 0.0 102494.3802
3181.98 3181.98 0.0 102493.3575
3196.12 3196.12 0.0 102492.3574
3210.26 3210.26 0.0 102491.3771
3224.41 3224.41 0.0 102490.4191
3238.55 3238.55 0.0 102489.4819
3252.69 3252.69 0.0 102488.5645
3266.83 3266.83 0.0 102487.6676
3280.98 3280.98 0.0 102486.7915
3295.12 3295.12 0.0 102485.9324
3309.26 3309.26 0.0 102485.0935
3323.4 3323.4 0.0 102484.2749
3337.54 3337.54 0.0 102483.4736
3351.69 3351.69 0.0 102482.6882
3365.83 3365.83 0.0 102481.9216
3379.97 3379.97 0.0 102481.1737
3394.11 3394.11 0.0 102480.4418
3408.25 3408.25 0.0 102479.7272
3422.4 3422.4 0.0 102479.0286
3436.54 3436.54 0.0 102478.3479
3450.68 3450.68 0.0 102477.6807
3464.82 3464.82 0.0 102477.0295
3478.97 3478.97 0.0 102476.3950
3493.11 3493.11 0.0 102475.7751
3507.25 3507.25 0.0 102475.1698
3521.39 3521.39 0.0 102474.5801
3535.53 3535.53 0.0 102474.0029
3549.68 3549.68 0.0 102473.4413
3563.82 3563.82 0.0 102472.8940
3577.96 3577.96 0.0 102472.3607
3592.1 3592.1 0.0 102471.8398
3606.24 3606.24 0.0 102471.3317
3620.39 3620.39 0.0 102470.8368
3634.53 3634.53 0.0 102470.3553
3648.67 3648.67 0.0 102469.8865
3662.81 3662.81 0.0 102469.4294
3676.96 3676.96 0.0 102468.9860
3691.1 3691.1 0.0 102468.5537
3705.24 3705.24 0.0 102468.1337
3719.38 3719.38 0.0 102467.7241
3733.52 3733.52 0.0 102467.3260
3747.67 3747.67 0.0 102466.9407
3761.81 3761.81 0.0 102466.5658
3775.95 3775.95 0.0 102466.2024
3790.09 3790.09 0.0 102465.8485
3804.23 3804.23 0.0 102465.5065
3818.38 3818.38 0.0 102465.1729
3832.52 3832.52 0.0 102464.8507
3846.66 3846.66 0.0 102464.5385
3860.8 3860.8 0.0 102464.2365
3874.95 3874.95 0.0 102463.9432
3889.09 3889.09 0.0 102463.6600
3903.23 3903.23 0.0 102463.3866
3917.37 3917.37 0.0 102463.1219
3931.51 3931.51 0.0 102462.8674
3945.66 3945.66 0.0 102462.6218
3959.8 3959.8 0.0 102462.3844
3973.94 3973.94 0.0 102462.1569
3988.08 3988.08 0.0 102461.9369
4002.22 4002.22 0.0 102461.7260
4016.37 4016.37 0.0 102461.5234
4030.51 4030.51 0.0 102461.3280
4044.65 4044.65 0.0 102461.1423
4058.79 4058.79 0.0 102460.9630
4072.94 4072.94 0.0 102460.7935
4087.08 4087.08 0.0 102460.6301
4101.22 4101.22 0.0 102460.4753
4115.36 4115.36 0.0 102460.3287
4129.5 4129.5 0.0 102460.1880
4143.65 4143.65 0.0 102460.0554
4157.79 4157.79 0.0 102459.9301
4171.93 4171.93 0.0 102459.8105
4186.07 4186.07 0.0 102459.7002
4200.21 4200.21 0.0 102459.5952
4214.36 4214.36 0.0 102459.4974
4228.5 4228.5 0.0 102459.4065
4242.64 4242.64 0.0 102459.3221
