0.0 0.0 0.0 288025.7812
14.1421 14.1421 0.0 1349266.5000
28.2843 28.2843 0.0 1263685.2500
42.4264 42.4264 0.0 1127839.7500
56.5685 56.5685 0.0 990130.8125
70.7107 70.7107 0.0 863979.8750
84.8528 84.8528 0.0 753357.8125
98.9949 98.9949 0.0 658622.8125
113.137 113.137 0.0 578611.5938
127.279 127.279 0.0 511567.4688
141.421 141.421 0.0 455605.5938
155.563 155.563 0.0 408938.7500
169.706 169.706 0.0 369977.1250
183.848 183.848 0.0 337366.1875
197.99 197.99 0.0 309967.0156
212.132 212.132 0.0 286843.4375
226.274 226.274 0.0 267231.4844
240.416 240.416 0.0 250510.7188
254.558 254.558 0.0 236177.7031
268.701 268.701 0.0 223824.2344
282.843 282.843 0.0 213120.8828
296.985 296.985 0.0 203797.8438
311.127 311.127 0.0 195635.1016
325.269 325.269 0.0 188452.9375
339.411 339.411 0.0 182103.2109
353.553 353.553 0.0 176463.7656
367.696 367.696 0.0 171432.7891
381.838 381.838 0.0 166926.4688
395.98 395.98 0.0 162873.7734
410.122 410.122 0.0 159215.1680
424.264 424.264 0.0 155900.5156
438.406 438.406 0.0 152887.1523
452.548 452.548 0.0 150138.9062
466.69 466.69 0.0 147624.7578
480.833 480.833 0.0 145317.9180
494.975 494.975 0.0 143195.7891
509.117 509.117 0.0 141238.3594
523.259 523.259 0.0 139428.4062
537.401 537.401 0.0 137750.9219
551.543 551.543 0.0 136192.7930
565.685 565.685 0.0 134742.5039
579.828 579.828 0.0 133389.8398
593.97 593.97 0.0 132126.0566
608.112 608.112 0.0 130943.1133
622.254 622.254 0.0 129833.9902
636.396 636.396 0.0 128792.4316
650.538 650.538 0.0 127812.8711
664.68 664.68 0.0 126890.2598
678.823 678.823 0.0 126020.0605
692.965 692.965 0.0 125198.3633
707.107 707.107 0.0 124421.4473
721.249 721.249 0.0 123686.0137
735.391 735.391 0.0 122989.0762
749.533 749.533 0.0 122327.9355
763.675 763.675 0.0 121700.1055
777.817 777.817 0.0 121103.3359
791.96 791.96 0.0 120535.5312
806.102 806.102 0.0 119994.8965
820.244 820.244 0.0 119479.6484
834.386 834.386 0.0 118988.2188
848.528 848.528 0.0 118519.1289
862.67 862.67 0.0 118071.0566
876.812 876.812 0.0 117642.7217
890.955 890.955 0.0 117232.9951
905.097 905.097 0.0 116840.8320
919.239 919.239 0.0 116465.2275
933.381 933.381 0.0 116105.2793
947.523 947.523 0.0 115760.1123
961.665 961.665 0.0 115428.9443
975.807 975.807 0.0 115111.0459
989.949 989.949 0.0 114805.7119
1004.09 1004.09 0.0 114512.3223
1018.23 1018.23 0.0 114230.2832
1032.38 1032.38 0.0 113958.7988
1046.52 1046.52 0.0 113697.7451
1060.66 1060.66 0.0 113446.4238
1074.8 1074.8 0.0 113204.3545
1088.94 1088.94 0.0 112971.1113
1103.09 1103.09 0.0 112746.1348
1117.23 1117.23 0.0 112529.3252
1131.37 1131.37 0.0 112320.1914
1145.51 1145.51 0.0 112118.3594
1159.66 1159.66 0.0 111923.3779
1173.8 1173.8 0.0 111735.2188
1187.94 1187.94 0.0 111553.4404
1202.08 1202.08 0.0 111377.7725
1216.22 1216.22 0.0 111207.9561
1230.37 1230.37 0.0 111043.6328
1244.51 1244.51 0.0 110884.7861
1258.65 1258.65 0.0 110731.0801
1272.79 1272.79 0.0 110582.3184
1286.93 1286.93 0.0 110438.2861
1301.08 1301.08 0.0 110298.6943
1315.22 1315.22 0.0 110163.5771
1329.36 1329.36 0.0 110032.6328
1343.5 1343.5 0.0 109905.7256
1357.65 1357.65 0.0 109782.5898
1371.79 1371.79 0.0 109663.2715
1385.93 1385.93 0.0 109547.5176
1400.07 1400.07 0.0 109435.2178
1414.21 1414.21 0.0 109326.2261
1428.36 1428.36 0.0 109220.3496
1442.5 1442.5 0.0 109117.6157
1456.64 1456.64 0.0 109017.8428
1470.78 1470.78 0.0 108920.9233
1484.92 1484.92 0.0 108826.7451
1499.07 1499.07 0.0 108735.1558
1513.21 1513.21 0.0 108646.1792
1527.35 1527.35 0.0 108559.6733
1541.49 1541.49 0.0 108475.5449
1555.63 1555.63 0.0 108393.7075
1569.78 1569.78 0.0 108314.0327
1583.92 1583.92 0.0 108236.5527
1598.06 1598.06 0.0 108161.1377
1612.2 1612.2 0.0 108087.7178
1626.35 1626.35 0.0 108016.1724
1640.49 1640.49 0.0 107946.5454
1654.63 1654.63 0.0 107878.7153
1668.77 1668.77 0.0 107812.6318
1682.91 1682.91 0.0 107748.2319
1697.06 1697.06 0.0 107685.4131
1711.2 1711.2 0.0 107624.2153
1725.34 1725.34 0.0 107564.5479
1739.48 1739.48 0.0 107506.3545
1753.62 1753.62 0.0 107449.5898
1767.77 1767.77 0.0 107394.1592
1781.91 1781.91 0.0 107340.1206
1796.05 1796.05 0.0 107287.3721
1810.19 1810.19 0.0 107235.8857
1824.34 1824.34 0.0 107185.5786
1838.48 1838.48 0.0 107136.4829
1852.62 1852.62 0.0 107088.5317
1866.76 1866.76 0.0 107041.6899
1880.9 1880.9 0.0 106995.9229
1895.05 1895.05 0.0 106951.1660
1909.19 1909.19 0.0 106907.4517
1923.33 1923.33 0.0 106864.7139
1937.47 1937.47 0.0 106822.9238
1951.61 1951.61 0.0 106782.0557
1965.76 1965.76 0.0 106742.0630
1979.9 1979.9 0.0 106702.9551
1994.04 1994.04 0.0 106664.6904
2008.18 2008.18 0.0 106627.2524
2022.33 2022.33 0.0 106590.5708
2036.47 2036.47 0.0 106554.6851
2050.61 2050.61 0.0 106519.5498
2064.75 2064.75 0.0 106485.1455
2078.89 2078.89 0.0 106451.4419
2093.04 2093.04 0.0 106418.3984
2107.18 2107.18 0.0 106386.0483
2121.32 2121.32 0.0 106354.3398
2135.46 2135.46 0.0 106323.2563
2149.6 2149.6 0.0 106292.7876
2163.75 2163.75 0.0 106262.8945
2177.89 2177.89 0.0 106233.5918
2192.03 2192.03 0.0 106204.8521
2206.17 2206.17 0.0 106176.6519
2220.32 2220.32 0.0 106148.9673
2234.46 2234.46 0.0 106121.8125
2248.6 2248.6 0.0 106095.1602
2262.74 2262.74 0.0 106068.9907
2276.88 2276.88 0.0 106043.2974
2291.03 2291.03 0.0 106018.0420
2305.17 2305.17 0.0 105993.2544
2319.31 2319.31 0.0 105968.9048
2333.45 2333.45 0.0 105944.9722
2347.59 2347.59 0.0 105921.4551
2361.74 2361.74 0.0 105898.3188
2375.88 2375.88 0.0 105875.5908
2390.02 2390.02 0.0 105853.2427
2404.16 2404.16 0.0 105831.2588
2418.31 2418.31 0.0 105809.6191
2432.45 2432.45 0.0 105788.3481
2446.59 2446.59 0.0 105767.4141
2460.73 2460.73 0.0 105746.8101
2474.87 2474.87 0.0 105726.5332
2489.02 2489.02 0.0 105706.5498
2503.16 2503.16 0.0 105686.8853
2517.3 2517.3 0.0 105667.5239
2531.44 2531.44 0.0 105648.4448
2545.58 2545.58 0.0 105629.6509
2559.73 2559.73 0.0 105611.1172
2573.87 2573.87 0.0 105592.8628
2588.01 2588.01 0.0 105574.8721
2602.15 2602.15 0.0 105557.1338
2616.3 2616.3 0.0 105539.6265
2630.44 2630.44 0.0 105522.3701
2644.58 2644.58 0.0 105505.3521
2658.72 2658.72 0.0 105488.5620
2672.86 2672.86 0.0 105471.9922
2687.01 2687.01 0.0 105455.6255
2701.15 2701.15 0.0 105439.4790
2715.29 2715.29 0.0 105423.5430
2729.43 2729.43 0.0 105407.8064
2743.57 2743.57 0.0 105392.2622
2757.72 2757.72 0.0 105376.9004
2771.86 2771.86 0.0 105361.7307
2786.0 2786.0 0.0 105346.7461
2800.14 2800.14 0.0 105331.9348
2814.28 2814.28 0.0 105317.2925
2828.43 2828.43 0.0 105302.8096
2842.57 2842.57 0.0 105288.4998
2856.71 2856.71 0.0 105274.3479
2870.85 2870.85 0.0 105260.3521
2885.0 2885.0 0.0 105246.4985
2899.14 2899.14 0.0 105232.8003
2913.28 2913.28 0.0 105219.2456
2927.42 2927.42 0.0 105205.8284
2941.56 2941.56 0.0 105192.5496
2955.71 2955.71 0.0 105179.3948
2969.85 2969.85 0.0 105166.3818
2983.99 2983.99 0.0 105153.4924
2998.13 2998.13 0.0 105140.7249
3012.27 3012.27 0.0 105128.0828
3026.42 3026.42 0.0 105115.5452
3040.56 3040.56 0.0 105103.1360
3054.7 3054.7 0.0 105090.8350
3068.84 3068.84 0.0 105078.6436
3082.99 3082.99 0.0 105066.5520
3097.13 3097.13 0.0 105054.5708
3111.27 3111.27 0.0 105042.6948
3125.41 3125.41 0.0 105030.9182
3139.55 3139.55 0.0 105019.2354
3153.7 3153.7 0.0 105007.6418
3167.84 3167.84 0.0 104996.1492
3181.98 3181.98 0.0 104984.7429
3196.12 3196.12 0.0 104973.4292
3210.26 3210.26 0.0 104962.2007
3224.41 3224.41 0.0 104951.0515
3238.55 3238.55 0.0 104939.9866
3252.69 3252.69 0.0 104929.0098
3266.83 3266.83 0.0 104918.1077
3280.98 3280.98 0.0 104907.2756
3295.12 3295.12 0.0 104896.5227
3309.26 3309.26 0.0 104885.8489
3323.4 3323.4 0.0 104875.2461
3337.54 3337.54 0.0 104864.7185
3351.69 3351.69 0.0 104854.2405
3365.83 3365.83 0.0 104843.8455
3379.97 3379.97 0.0 104833.5176
3394.11 3394.11 0.0 104823.2517
3408.25 3408.25 0.0 104813.0488
3422.4 3422.4 0.0 104802.9023
3436.54 3436.54 0.0 104792.8252
3450.68 3450.68 0.0 104782.8081
3464.82 3464.82 0.0 104772.8447
3478.97 3478.97 0.0 104762.9343
3493.11 3493.11 0.0 104753.0901
3507.25 3507.25 0.0 104743.3000
3521.39 3521.39 0.0 104733.5605
3535.53 3535.53 0.0 104723.8794
3549.68 3549.68 0.0 104714.2419
3563.82 3563.82 0.0 104704.6609
3577.96 3577.96 0.0 104695.1274
3592.1 3592.1 0.0 104685.6511
3606.24 3606.24 0.0 104676.2192
3620.39 3620.39 0.0 104666.8250
3634.53 3634.53 0.0 104657.4919
3648.67 3648.67 0.0 104648.1958
3662.81 3662.81 0.0 104638.9507
3676.96 3676.96 0.0 104629.7441
3691.1 3691.1 0.0 104620.5864
3705.24 3705.24 0.0 104611.4729
3719.38 3719.38 0.0 104602.4016
3733.52 3733.52 0.0 104593.3711
3747.67 3747.67 0.0 104584.3774
3761.81 3761.81 0.0 104575.4338
3775.95 3775.95 0.0 104566.5266
3790.09 3790.09 0.0 104557.6594
3804.23 3804.23 0.0 104548.8315
3818.38 3818.38 0.0 104540.0356
3832.52 3832.52 0.0 104531.2881
3846.66 3846.66 0.0 104522.5718
3860.8 3860.8 0.0 104513.8972
3874.95 3874.95 0.0 104505.2524
3889.09 3889.09 0.0 104496.6492
3903.23 3903.23 0.0 104488.0811
3917.37 3917.37 0.0 104479.5510
3931.51 3931.51 0.0 104471.0547
3945.66 3945.66 0.0 104462.5901
3959.8 3959.8 0.0 104454.1631
3973.94 3973.94 0.0 104445.7705
3988.08 3988.08 0.0 104437.4124
4002.22 4002.22 0.0 104429.0913
4016.37 4016.37 0.0 104420.7908
4030.51 4030.51 0.0 104412.5332
4044.65 4044.65 0.0 104404.3093
4058.79 4058.79 0.0 104396.1177
4072.94 4072.94 0.0 104387.9519
4087.08 4087.08 0.0 104379.8240
4101.22 4101.22 0.0 104371.7307
4115.36 4115.36 0.0 104363.6646
4129.5 4129.5 0.0 104355.6311
4143.65 4143.65 0.0 104347.6277
4157.79 4157.79 0.0 104339.6538
4171.93 4171.93 0.0 104331.7185
4186.07 4186.07 0.0 104323.8096
4200.21 4200.21 0.0 104315.9326
4214.36 4214.36 0.0 104308.0820
4228.5 4228.5 0.0 104300.2693
4242.64 4242.64 0.0 104292.4797
4256.78 4256.78 0.0 104284.7273
4270.92 4270.92 0.0 104277.0005
4285.07 4285.07 0.0 104269.3010
4299.21 4299.21 0.0 104261.6370
4313.35 4313.35 0.0 104254.0029
4327.49 4327.49 0.0 104246.3955
4341.64 4341.64 0.0 104238.8159
4355.78 4355.78 0.0 104231.2729
4369.92 4369.92 0.0 104223.7603
4384.06 4384.06 0.0 104216.2754
4398.2 4398.2 0.0 104208.8203
4412.35 4412.35 0.0 104201.3901
4426.49 4426.49 0.0 104193.9917
4440.63 4440.63 0.0 104186.6257
4454.77 4454.77 0.0 104179.2881
4468.91 4468.91 0.0 104171.9827
4483.06 4483.06 0.0 104164.6978
4497.2 4497.2 0.0 104157.4526
4511.34 4511.34 0.0 104150.2327
4525.48 4525.48 0.0 104143.0447
4539.63 4539.63 0.0 104135.8804
4553.77 4553.77 0.0 104128.7539
4567.91 4567.91 0.0 104121.6536
4582.05 4582.05 0.0 104114.5833
4596.19 4596.19 0.0 104107.5430
4610.34 4610.34 0.0 104100.5266
4624.48 4624.48 0.0 104093.5479
4638.62 4638.62 0.0 104086.5959
4652.76 4652.76 0.0 104079.6746
4666.9 4666.9 0.0 104072.7849
4681.05 4681.05 0.0 104065.9202
4695.19 4695.19 0.0 104059.0881
4709.33 4709.33 0.0 104052.2898
4723.47 4723.47 0.0 104045.5195
4737.62 4737.62 0.0 104038.7742
4751.76 4751.76 0.0 104032.0603
4765.9 4765.9 0.0 104025.3806
4780.04 4780.04 0.0 104018.7341
4794.18 4794.18 0.0 104012.1145
4808.33 4808.33 0.0 104005.5198
4822.47 4822.47 0.0 103998.9631
4836.61 4836.61 0.0 103992.4324
4850.75 4850.75 0.0 103985.9392
4864.89 4864.89 0.0 103979.4744
4879.04 4879.04 0.0 103973.0305
4893.18 4893.18 0.0 103966.6284
4907.32 4907.32 0.0 103960.2546
4921.46 4921.46 0.0 103953.9133
4935.61 4935.61 0.0 103947.5977
4949.75 4949.75 0.0 103941.3169
4963.89 4963.89 0.0 103935.0688
4978.03 4978.03 0.0 103928.8486
4992.17 4992.17 0.0 103922.6638
5006.32 5006.32 0.0 103916.5039
5020.46 5020.46 0.0 103910.3789
5034.6 5034.6 0.0 103904.2915
5048.74 5048.74 0.0 103898.2307
5062.88 5062.88 0.0 103892.2002
5077.03 5077.03 0.0 103886.1997
5091.17 5091.17 0.0 103880.2363
5105.31 5105.31 0.0 103874.3035
5119.45 5119.45 0.0 103868.4014
5133.6 5133.6 0.0 103862.5288
5147.74 5147.74 0.0 103856.6914
5161.88 5161.88 0.0 103850.8867
5176.02 5176.02 0.0 103845.1155
5190.16 5190.16 0.0 103839.3735
5204.31 5204.31 0.0 103833.6633
5218.45 5218.45 0.0 103827.9888
5232.59 5232.59 0.0 103822.3452
5246.73 5246.73 0.0 103816.7354
5260.87 5260.87 0.0 103811.1594
5275.02 5275.02 0.0 103805.6104
5289.16 5289.16 0.0 103800.0991
5303.3 5303.3 0.0 103794.6194
5317.44 5317.44 0.0 103789.1726
5331.59 5331.59 0.0 103783.7568
5345.73 5345.73 0.0 103778.3752
5359.87 5359.87 0.0 103773.0281
5374.01 5374.01 0.0 103767.7163
5388.15 5388.15 0.0 103762.4324
5402.3 5402.3 0.0 103757.1816
5416.44 5416.44 0.0 103751.9656
5430.58 5430.58 0.0 103746.7859
5444.72 5444.72 0.0 103741.6367
5458.86 5458.86 0.0 103736.5227
5473.01 5473.01 0.0 103731.4390
5487.15 5487.15 0.0 103726.3921
5501.29 5501.29 0.0 103721.3767
5515.43 5515.43 0.0 103716.3955
5529.58 5529.58 0.0 103711.4438
5543.72 5543.72 0.0 103706.5308
5557.86 5557.86 0.0 103701.6506
5572.0 5572.0 0.0 103696.8044
5586.14 5586.14 0.0 103691.9912
5600.29 5600.29 0.0 103687.2117
5614.43 5614.43 0.0 103682.4666
5628.57 5628.57 0.0 103677.7554
5642.71 5642.71 0.0 103673.0762
5656.85 5656.85 0.0 103668.4329
5671.0 5671.0 0.0 103663.8191
5685.14 5685.14 0.0 103659.2429
5699.28 5699.28 0.0 103654.7012
5713.42 5713.42 0.0 103650.1931
5727.56 5727.56 0.0 103645.7175
5741.71 5741.71 0.0 103641.2751
5755.85 5755.85 0.0 103636.8699
5769.99 5769.99 0.0 103632.4937
5784.13 5784.13 0.0 103628.1567
5798.28 5798.28 0.0 103623.8484
5812.42 5812.42 0.0 103619.5769
5826.56 5826.56 0.0 103615.3381
5840.7 5840.7 0.0 103611.1357
5854.84 5854.84 0.0 103606.9648
5868.99 5868.99 0.0 103602.8252
5883.13 5883.13 0.0 103598.7256
5897.27 5897.27 0.0 103594.6584
5911.41 5911.41 0.0 103590.6223
5925.55 5925.55 0.0 103586.6245
5939.7 5939.7 0.0 103582.6543
5953.84 5953.84 0.0 103578.7219
5967.98 5967.98 0.0 103574.8223
5982.12 5982.12 0.0 103570.9583
5996.27 5996.27 0.0 103567.1221
6010.41 6010.41 0.0 103563.3267
6024.55 6024.55 0.0 103559.5610
6038.69 6038.69 0.0 103555.8308
6052.83 6052.83 0.0 103552.1338
6066.98 6066.98 0.0 103548.4663
6081.12 6081.12 0.0 103544.8369
6095.26 6095.26 0.0 103541.2407
6109.4 6109.4 0.0 103537.6777
6123.54 6123.54 0.0 103534.1477
6137.69 6137.69 0.0 103530.6487
6151.83 6151.83 0.0 103527.1836
6165.97 6165.97 0.0 103523.7551
6180.11 6180.11 0.0 103520.3582
6194.26 6194.26 0.0 103516.9915
6208.4 6208.4 0.0 103513.6614
6222.54 6222.54 0.0 103510.3623
6236.68 6236.68 0.0 103507.0994
6250.82 6250.82 0.0 103503.8672
6264.97 6264.97 0.0 103500.6665
6279.11 6279.11 0.0 103497.5002
6293.25 6293.25 0.0 103494.3667
6307.39 6307.39 0.0 103491.2629
6321.53 6321.53 0.0 103488.1965
6335.68 6335.68 0.0 103485.1589
6349.82 6349.82 0.0 103482.1545
6363.96 6363.96 0.0 103479.1838
6378.1 6378.1 0.0 103476.2454
6392.25 6392.25 0.0 103473.3379
6406.39 6406.39 0.0 103470.4646
6420.53 6420.53 0.0 103467.6211
6434.67 6434.67 0.0 103464.8115
6448.81 6448.81 0.0 103462.0320
6462.96 6462.96 0.0 103459.2810
6477.1 6477.1 0.0 103456.5684
6491.24 6491.24 0.0 103453.8823
6505.38 6505.38 0.0 103451.2314
6519.52 6519.52 0.0 103448.6121
6533.67 6533.67 0.0 103446.0188
6547.81 6547.81 0.0 103443.4604
6561.95 6561.95 0.0 103440.9341
6576.09 6576.09 0.0 103438.4368
6590.24 6590.24 0.0 103435.9700
6604.38 6604.38 0.0 103433.5349
6618.52 6618.52 0.0 103431.1321
6632.66 6632.66 0.0 103428.7585
6646.8 6646.8 0.0 103426.4160
6660.95 6660.95 0.0 103424.1011
6675.09 6675.09 0.0 103421.8176
6689.23 6689.23 0.0 103419.5684
6703.37 6703.37 0.0 103417.3457
6717.51 6717.51 0.0 103415.1560
6731.66 6731.66 0.0 103412.9897
6745.8 6745.8 0.0 103410.8574
6759.94 6759.94 0.0 103408.7542
6774.08 6774.08 0.0 103406.6809
6788.23 6788.23 0.0 103404.6360
6802.37 6802.37 0.0 103402.6221
6816.51 6816.51 0.0 103400.6357
6830.65 6830.65 0.0 103398.6780
6844.79 6844.79 0.0 103396.7507
6858.94 6858.94 0.0 103394.8508
6873.08 6873.08 0.0 103392.9805
6887.22 6887.22 0.0 103391.1372
6901.36 6901.36 0.0 103389.3230
6915.5 6915.5 0.0 103387.5342
6929.65 6929.65 0.0 103385.7764
6943.79 6943.79 0.0 103384.0464
6957.93 6957.93 0.0 103382.3445
6972.07 6972.07 0.0 103380.6682
6986.21 6986.21 0.0 103379.0222
7000.36 7000.36 0.0 103377.4033
7014.5 7014.5 0.0 103375.8115
7028.64 7028.64 0.0 103374.2451
7042.78 7042.78 0.0 103372.7052
7056.93 7056.93 0.0 103371.1930
7071.07 7071.07 0.0 103369.7080
7085.21 7085.21 0.0 103368.2463
7099.35 7099.35 0.0 103366.8171
7113.49 7113.49 0.0 103365.4102
7127.64 7127.64 0.0 103364.0286
7141.78 7141.78 0.0 103362.6752
7155.92 7155.92 0.0 103361.3478
7170.06 7170.06 0.0 103360.0443
7184.2 7184.2 0.0 103358.7673
7198.35 7198.35 0.0 103357.5159
7212.49 7212.49 0.0 103356.2867
7226.63 7226.63 0.0 103355.0853
7240.77 7240.77 0.0 103353.9088
7254.92 7254.92 0.0 103352.7540
7269.06 7269.06 0.0 103351.6283
7283.2 7283.2 0.0 103350.5229
7297.34 7297.34 0.0 103349.4436
7311.48 7311.48 0.0 103348.3851
7325.63 7325.63 0.0 103347.3549
7339.77 7339.77 0.0 103346.3467
7353.91 7353.91 0.0 103345.3656
7368.05 7368.05 0.0 103344.4026
7382.19 7382.19 0.0 103343.4629
7396.34 7396.34 0.0 103342.5507
7410.48 7410.48 0.0 103341.6589
7424.62 7424.62 0.0 103340.7898
7438.76 7438.76 0.0 103339.9438
7452.91 7452.91 0.0 103339.1194
7467.05 7467.05 0.0 103338.3167
7481.19 7481.19 0.0 103337.5361
7495.33 7495.33 0.0 103336.7791
7509.47 7509.47 0.0 103336.0411
7523.62 7523.62 0.0 103335.3285
7537.76 7537.76 0.0 103334.6344
7551.9 7551.9 0.0 103333.9615
7566.04 7566.04 0.0 103333.3129
7580.18 7580.18 0.0 103332.6814
7594.33 7594.33 0.0 103332.0742
7608.47 7608.47 0.0 103331.4844
7622.61 7622.61 0.0 103330.9159
7636.75 7636.75 0.0 103330.3655
7650.9 7650.9 0.0 103329.8392
7665.04 7665.04 0.0 103329.3293
7679.18 7679.18 0.0 103328.8425
7693.32 7693.32 0.0 103328.3740
7707.46 7707.46 0.0 103327.9224
7721.61 7721.61 0.0 103327.4913
7735.75 7735.75 0.0 103327.0823
7749.89 7749.89 0.0 103326.6884
7764.03 7764.03 0.0 103326.3135
7778.17 7778.17 0.0 103325.9580
