0.0 0.0 0.0 228940.7031
14.1421 14.1421 0.0 313144.1875
28.2843 28.2843 0.0 324902.4219
42.4264 42.4264 0.0 329135.0625
56.5685 56.5685 0.0 330169.0781
70.7107 70.7107 0.0 329470.1094
84.8528 84.8528 0.0 327721.2656
98.9949 98.9949 0.0 325297.7812
113.137 113.137 0.0 322427.0156
127.279 127.279 0.0 319256.3125
141.421 141.421 0.0 315885.2812
155.563 155.563 0.0 312384.2500
169.706 169.706 0.0 308803.0312
183.848 183.848 0.0 305179.2031
197.99 197.99 0.0 301539.9531
212.132 212.132 0.0 297905.6094
226.274 226.274 0.0 294291.7500
240.416 240.416 0.0 290709.9844
254.558 254.558 0.0 287168.9844
268.701 268.701 0.0 283675.4062
282.843 282.843 0.0 280234.2656
296.985 296.985 0.0 276848.9844
311.127 311.127 0.0 273522.0938
325.269 325.269 0.0 270255.1094
339.411 339.411 0.0 267049.2344
353.553 353.553 0.0 263904.8594
367.696 367.696 0.0 260821.8906
381.838 381.838 0.0 257800.5781
395.98 395.98 0.0 254840.2500
410.122 410.122 0.0 251940.1875
424.264 424.264 0.0 249099.6875
438.406 438.406 0.0 246317.6250
452.548 452.548 0.0 243593.1719
466.69 466.69 0.0 240925.2500
480.833 480.833 0.0 238312.4844
494.975 494.975 0.0 235754.1094
509.117 509.117 0.0 233248.8281
523.259 523.259 0.0 230795.4531
537.401 537.401 0.0 228392.7734
551.543 551.543 0.0 226039.6562
565.685 565.685 0.0 223734.9766
579.828 579.828 0.0 221477.4297
593.97 593.97 0.0 219266.2500
608.112 608.112 0.0 217100.1953
622.254 622.254 0.0 214978.1562
636.396 636.396 0.0 212899.1172
650.538 650.538 0.0 210862.1250
664.68 664.68 0.0 208866.0938
678.823 678.823 0.0 206910.0156
692.965 692.965 0.0 204993.1797
707.107 707.107 0.0 203114.5625
721.249 721.249 0.0 201273.3125
735.391 735.391 0.0 199468.5156
749.533 749.533 0.0 197699.4141
763.675 763.675 0.0 195965.1953
777.817 777.817 0.0 194265.0312
791.96 791.96 0.0 192598.0703
806.102 806.102 0.0 190963.7891
820.244 820.244 0.0 189361.4375
834.386 834.386 0.0 187790.2656
848.528 848.528 0.0 186249.6172
862.67 862.67 0.0 184738.8281
876.812 876.812 0.0 183257.2500
890.955 890.955 0.0 181804.1562
905.097 905.097 0.0 180379.2422
919.239 919.239 0.0 178981.7109
933.381 933.381 0.0 177611.0469
947.523 947.523 0.0 176266.7188
961.665 961.665 0.0 174948.1562
975.807 975.807 0.0 173654.8281
989.949 989.949 0.0 172386.2500
1004.09 1004.09 0.0 171142.0312
1018.23 1018.23 0.0 169921.6406
1032.38 1032.38 0.0 168723.7031
1046.52 1046.52 0.0 167549.4219
1060.66 1060.66 0.0 166397.5352
1074.8 1074.8 0.0 165267.6055
1088.94 1088.94 0.0 164159.1602
1103.09 1103.09 0.0 163071.0547
1117.23 1117.23 0.0 162004.3867
1131.37 1131.37 0.0 160958.0234
1145.51 1145.51 0.0 159931.5469
1159.66 1159.66 0.0 158923.8789
1173.8 1173.8 0.0 157936.0430
1187.94 1187.94 0.0 156966.9727
1202.08 1202.08 0.0 156016.3242
1216.22 1216.22 0.0 155083.7617
1230.37 1230.37 0.0 154168.2266
1244.51 1244.51 0.0 153270.7344
1258.65 1258.65 0.0 152390.3164
1272.79 1272.79 0.0 151526.5938
1286.93 1286.93 0.0 150679.3086
1301.08 1301.08 0.0 149847.5195
1315.22 1315.22 0.0 149032.1250
1329.36 1329.36 0.0 148232.2422
1343.5 1343.5 0.0 147447.5352
1357.65 1357.65 0.0 146677.1953
1371.79 1371.79 0.0 145922.0508
1385.93 1385.93 0.0 145181.2617
1400.07 1400.07 0.0 144454.5469
1414.21 1414.21 0.0 143741.6602
1428.36 1428.36 0.0 143041.8477
1442.5 1442.5 0.0 142355.8164
1456.64 1456.64 0.0 141682.8516
1470.78 1470.78 0.0 141022.6836
1484.92 1484.92 0.0 140375.0586
1499.07 1499.07 0.0 139739.3125
1513.21 1513.21 0.0 139116.0938
1527.35 1527.35 0.0 138504.7578
1541.49 1541.49 0.0 137905.0312
1555.63 1555.63 0.0 137316.7266
1569.78 1569.78 0.0 136739.2031
1583.92 1583.92 0.0 136173.0742
1598.06 1598.06 0.0 135617.7070
1612.2 1612.2 0.0 135072.8984
1626.35 1626.35 0.0 134538.0781
1640.49 1640.49 0.0 134013.8086
1654.63 1654.63 0.0 133499.5020
1668.77 1668.77 0.0 132994.9785
1682.91 1682.91 0.0 132500.0215
1697.06 1697.06 0.0 132014.1523
1711.2 1711.2 0.0 131537.8477
1725.34 1725.34 0.0 131070.5742
1739.48 1739.48 0.0 130612.1855
1753.62 1753.62 0.0 130162.4863
1767.77 1767.77 0.0 129721.0156
1781.91 1781.91 0.0 129288.2148
1796.05 1796.05 0.0 128863.6289
1810.19 1810.19 0.0 128447.0879
1824.34 1824.34 0.0 128038.1465
1838.48 1838.48 0.0 127637.2285
1852.62 1852.62 0.0 127243.8965
1866.76 1866.76 0.0 126857.9980
1880.9 1880.9 0.0 126479.4023
1895.05 1895.05 0.0 126107.6914
1909.19 1909.19 0.0 125743.2422
1923.33 1923.33 0.0 125385.6875
1937.47 1937.47 0.0 125034.8594
1951.61 1951.61 0.0 124690.6328
1965.76 1965.76 0.0 124352.6680
1979.9 1979.9 0.0 124021.2852
1994.04 1994.04 0.0 123696.1309
2008.18 2008.18 0.0 123377.0703
2022.33 2022.33 0.0 123063.7715
2036.47 2036.47 0.0 122756.5703
2050.61 2050.61 0.0 122455.1230
2064.75 2064.75 0.0 122159.3145
2078.89 2078.89 0.0 121869.0234
2093.04 2093.04 0.0 121583.9492
2107.18 2107.18 0.0 121304.3984
2121.32 2121.32 0.0 121030.0508
2135.46 2135.46 0.0 120760.8008
2149.6 2149.6 0.0 120496.5703
2163.75 2163.75 0.0 120237.0449
2177.89 2177.89 0.0 119982.5156
2192.03 2192.03 0.0 119732.7051
2206.17 2206.17 0.0 119487.5059
2220.32 2220.32 0.0 119246.6680
2234.46 2234.46 0.0 119010.4297
2248.6 2248.6 0.0 118778.5625
2262.74 2262.74 0.0 118550.9512
2276.88 2276.88 0.0 118327.4980
2291.03 2291.03 0.0 118107.9980
2305.17 2305.17 0.0 117892.6875
2319.31 2319.31 0.0 117681.2930
2333.45 2333.45 0.0 117473.7725
2347.59 2347.59 0.0 117270.0195
2361.74 2361.74 0.0 117069.8428
2375.88 2375.88 0.0 116873.4414
2390.02 2390.02 0.0 116680.5957
2404.16 2404.16 0.0 116491.2373
2418.31 2418.31 0.0 116305.1748
2432.45 2432.45 0.0 116122.5977
2446.59 2446.59 0.0 115943.3135
2460.73 2460.73 0.0 115767.2412
2474.87 2474.87 0.0 115594.3408
2489.02 2489.02 0.0 115424.4111
2503.16 2503.16 0.0 115257.6377
2517.3 2517.3 0.0 115093.8350
2531.44 2531.44 0.0 114932.9365
2545.58 2545.58 0.0 114774.9189
2559.73 2559.73 0.0 114619.5811
2573.87 2573.87 0.0 114467.1094
2588.01 2588.01 0.0 114317.3213
2602.15 2602.15 0.0 114170.1797
2616.3 2616.3 0.0 114025.5244
2630.44 2630.44 0.0 113883.5049
2644.58 2644.58 0.0 113743.9580
2658.72 2658.72 0.0 113606.8672
2672.86 2672.86 0.0 113472.1543
2687.01 2687.01 0.0 113339.7031
2701.15 2701.15 0.0 113209.6270
2715.29 2715.29 0.0 113081.8105
2729.43 2729.43 0.0 112956.2031
2743.57 2743.57 0.0 112832.7490
2757.72 2757.72 0.0 112711.3418
2771.86 2771.86 0.0 112592.0957
2786.0 2786.0 0.0 112474.8896
2800.14 2800.14 0.0 112359.6875
2814.28 2814.28 0.0 112246.4287
2828.43 2828.43 0.0 112135.0283
2842.57 2842.57 0.0 112025.5918
2856.71 2856.71 0.0 111918.0010
2870.85 2870.85 0.0 111812.2266
2885.0 2885.0 0.0 111708.1387
2899.14 2899.14 0.0 111605.8838
2913.28 2913.28 0.0 111505.3301
2927.42 2927.42 0.0 111406.4531
2941.56 2941.56 0.0 111309.2197
2955.71 2955.71 0.0 111213.5293
2969.85 2969.85 0.0 111119.4883
2983.99 2983.99 0.0 111026.9980
2998.13 2998.13 0.0 110936.0234
3012.27 3012.27 0.0 110846.5361
3026.42 3026.42 0.0 110758.4551
3040.56 3040.56 0.0 110671.8623
3054.7 3054.7 0.0 110586.6914
3068.84 3068.84 0.0 110502.8936
3082.99 3082.99 0.0 110420.3896
3097.13 3097.13 0.0 110339.2705
3111.27 3111.27 0.0 110259.4482
3125.41 3125.41 0.0 110180.9102
3139.55 3139.55 0.0 110103.6211
3153.7 3153.7 0.0 110027.5088
3167.84 3167.84 0.0 109952.6592
3181.98 3181.98 0.0 109878.9951
3196.12 3196.12 0.0 109806.4844
3210.26 3210.26 0.0 109735.1221
3224.41 3224.41 0.0 109664.8154
3238.55 3238.55 0.0 109595.6650
3252.69 3252.69 0.0 109527.5957
3266.83 3266.83 0.0 109460.5703
3280.98 3280.98 0.0 109394.5396
3295.12 3295.12 0.0 109329.5703
3309.26 3309.26 0.0 109265.6016
3323.4 3323.4 0.0 109202.6211
3337.54 3337.54 0.0 109140.5864
3351.69 3351.69 0.0 109079.4663
3365.83 3365.83 0.0 109019.3047
3379.97 3379.97 0.0 108960.0615
3394.11 3394.11 0.0 108901.7075
3408.25 3408.25 0.0 108844.2236
3422.4 3422.4 0.0 108787.5708
3436.54 3436.54 0.0 108731.7944
3450.68 3450.68 0.0 108676.8555
3464.82 3464.82 0.0 108622.7280
3478.97 3478.97 0.0 108569.3628
3493.11 3493.11 0.0 108516.8135
3507.25 3507.25 0.0 108465.0376
3521.39 3521.39 0.0 108414.0234
3535.53 3535.53 0.0 108363.7505
3549.68 3549.68 0.0 108314.1724
3563.82 3563.82 0.0 108265.3472
3577.96 3577.96 0.0 108217.2251
3592.1 3592.1 0.0 108169.7939
3606.24 3606.24 0.0 108123.0464
3620.39 3620.39 0.0 108076.9282
3634.53 3634.53 0.0 108031.4980
3648.67 3648.67 0.0 107986.7212
3662.81 3662.81 0.0 107942.5688
3676.96 3676.96 0.0 107899.0112
3691.1 3691.1 0.0 107856.0933
3705.24 3705.24 0.0 107813.7788
3719.38 3719.38 0.0 107772.0527
3733.52 3733.52 0.0 107730.9082
3747.67 3747.67 0.0 107690.3008
3761.81 3761.81 0.0 107650.2891
3775.95 3775.95 0.0 107610.8242
3790.09 3790.09 0.0 107571.9014
3804.23 3804.23 0.0 107533.5088
3818.38 3818.38 0.0 107495.6094
3832.52 3832.52 0.0 107458.2583
3846.66 3846.66 0.0 107421.4019
3860.8 3860.8 0.0 107385.0547
3874.95 3874.95 0.0 107349.1606
3889.09 3889.09 0.0 107313.7812
3903.23 3903.23 0.0 107278.8716
3917.37 3917.37 0.0 107244.4238
3931.51 3931.51 0.0 107210.4351
3945.66 3945.66 0.0 107176.8696
3959.8 3959.8 0.0 107143.7734
3973.94 3973.94 0.0 107111.1069
3988.08 3988.08 0.0 107078.8716
4002.22 4002.22 0.0 107047.0576
4016.37 4016.37 0.0 107015.6279
4030.51 4030.51 0.0 106984.6357
4044.65 4044.65 0.0 106954.0400
4058.79 4058.79 0.0 106923.8433
4072.94 4072.94 0.0 106894.0098
4087.08 4087.08 0.0 106864.5815
4101.22 4101.22 0.0 106835.5298
4115.36 4115.36 0.0 106806.8452
4129.5 4129.5 0.0 106778.5249
4143.65 4143.65 0.0 106750.5449
4157.79 4157.79 0.0 106722.9355
4171.93 4171.93 0.0 106695.6709
4186.07 4186.07 0.0 106668.7476
4200.21 4200.21 0.0 106642.1704
4214.36 4214.36 0.0 106615.8960
4228.5 4228.5 0.0 106589.9702
4242.64 4242.64 0.0 106564.3643
4256.78 4256.78 0.0 106539.0767
4270.92 4270.92 0.0 106514.0981
4285.07 4285.07 0.0 106489.4106
4299.21 4299.21 0.0 106465.0459
4313.35 4313.35 0.0 106440.9707
4327.49 4327.49 0.0 106417.1943
4341.64 4341.64 0.0 106393.6899
4355.78 4355.78 0.0 106370.4863
4369.92 4369.92 0.0 106347.5649
4384.06 4384.06 0.0 106324.9165
4398.2 4398.2 0.0 106302.5425
4412.35 4412.35 0.0 106280.4189
4426.49 4426.49 0.0 106258.5747
4440.63 4440.63 0.0 106236.9951
4454.77 4454.77 0.0 106215.6689
4468.91 4468.91 0.0 106194.6030
4483.06 4483.06 0.0 106173.7632
4497.2 4497.2 0.0 106153.1865
4511.34 4511.34 0.0 106132.8486
4525.48 4525.48 0.0 106112.7559
4539.63 4539.63 0.0 106092.8843
4553.77 4553.77 0.0 106073.2583
4567.91 4567.91 0.0 106053.8589
4582.05 4582.05 0.0 106034.6909
4596.19 4596.19 0.0 106015.7383
4610.34 4610.34 0.0 105996.9937
4624.48 4624.48 0.0 105978.4829
4638.62 4638.62 0.0 105960.1816
4652.76 4652.76 0.0 105942.0938
4666.9 4666.9 0.0 105924.2134
4681.05 4681.05 0.0 105906.5264
4695.19 4695.19 0.0 105889.0459
4709.33 4709.33 0.0 105871.7754
4723.47 4723.47 0.0 105854.6948
4737.62 4737.62 0.0 105837.8052
4751.76 4751.76 0.0 105821.1108
4765.9 4765.9 0.0 105804.6074
4780.04 4780.04 0.0 105788.2969
4794.18 4794.18 0.0 105772.1665
4808.33 4808.33 0.0 105756.2007
4822.47 4822.47 0.0 105740.4316
4836.61 4836.61 0.0 105724.8418
4850.75 4850.75 0.0 105709.4150
4864.89 4864.89 0.0 105694.1719
4879.04 4879.04 0.0 105679.0845
4893.18 4893.18 0.0 105664.1777
4907.32 4907.32 0.0 105649.4365
4921.46 4921.46 0.0 105634.8564
4935.61 4935.61 0.0 105620.4312
4949.75 4949.75 0.0 105606.1729
4963.89 4963.89 0.0 105592.0757
4978.03 4978.03 0.0 105578.1289
4992.17 4992.17 0.0 105564.3413
5006.32 5006.32 0.0 105550.6909
5020.46 5020.46 0.0 105537.1982
5034.6 5034.6 0.0 105523.8628
5048.74 5048.74 0.0 105510.6670
5062.88 5062.88 0.0 105497.6113
5077.03 5077.03 0.0 105484.6997
5091.17 5091.17 0.0 105471.9282
5105.31 5105.31 0.0 105459.3027
5119.45 5119.45 0.0 105446.8096
5133.6 5133.6 0.0 105434.4443
5147.74 5147.74 0.0 105422.2227
5161.88 5161.88 0.0 105410.1389
5176.02 5176.02 0.0 105398.1775
5190.16 5190.16 0.0 105386.3479
5204.31 5204.31 0.0 105374.6370
5218.45 5218.45 0.0 105363.0637
5232.59 5232.59 0.0 105351.6099
5246.73 5246.73 0.0 105340.2805
5260.87 5260.87 0.0 105329.0776
5275.02 5275.02 0.0 105317.9827
5289.16 5289.16 0.0 105307.0164
5303.3 5303.3 0.0 105296.1631
5317.44 5317.44 0.0 105285.4277
5331.59 5331.59 0.0 105274.8015
5345.73 5345.73 0.0 105264.2886
5359.87 5359.87 0.0 105253.8960
5374.01 5374.01 0.0 105243.6128
5388.15 5388.15 0.0 105233.4358
5402.3 5402.3 0.0 105223.3604
5416.44 5416.44 0.0 105213.4009
5430.58 5430.58 0.0 105203.5444
5444.72 5444.72 0.0 105193.7922
5458.86 5458.86 0.0 105184.1414
5473.01 5473.01 0.0 105174.5881
5487.15 5487.15 0.0 105165.1406
5501.29 5501.29 0.0 105155.7927
5515.43 5515.43 0.0 105146.5422
5529.58 5529.58 0.0 105137.3792
5543.72 5543.72 0.0 105128.3254
5557.86 5557.86 0.0 105119.3630
5572.0 5572.0 0.0 105110.4939
5586.14 5586.14 0.0 105101.7175
5600.29 5600.29 0.0 105093.0259
5614.43 5614.43 0.0 105084.4346
5628.57 5628.57 0.0 105075.9272
5642.71 5642.71 0.0 105067.5122
5656.85 5656.85 0.0 105059.1799
5671.0 5671.0 0.0 105050.9336
5685.14 5685.14 0.0 105042.7744
5699.28 5699.28 0.0 105034.6985
5713.42 5713.42 0.0 105026.7087
5727.56 5727.56 0.0 105018.8030
5741.71 5741.71 0.0 105010.9702
5755.85 5755.85 0.0 105003.2239
5769.99 5769.99 0.0 104995.5554
5784.13 5784.13 0.0 104987.9651
5798.28 5798.28 0.0 104980.4480
5812.42 5812.42 0.0 104973.0159
5826.56 5826.56 0.0 104965.6614
5840.7 5840.7 0.0 104958.3750
5854.84 5854.84 0.0 104951.1655
5868.99 5868.99 0.0 104944.0237
5883.13 5883.13 0.0 104936.9595
5897.27 5897.27 0.0 104929.9688
5911.41 5911.41 0.0 104923.0449
5925.55 5925.55 0.0 104916.1926
5939.7 5939.7 0.0 104909.4045
5953.84 5953.84 0.0 104902.6887
5967.98 5967.98 0.0 104896.0432
5982.12 5982.12 0.0 104889.4609
5996.27 5996.27 0.0 104882.9382
6010.41 6010.41 0.0 104876.4915
6024.55 6024.55 0.0 104870.1040
6038.69 6038.69 0.0 104863.7764
6052.83 6052.83 0.0 104857.5178
6066.98 6066.98 0.0 104851.3154
6081.12 6081.12 0.0 104845.1755
6095.26 6095.26 0.0 104839.1001
6109.4 6109.4 0.0 104833.0818
6123.54 6123.54 0.0 104827.1189
6137.69 6137.69 0.0 104821.2175
6151.83 6151.83 0.0 104815.3743
6165.97 6165.97 0.0 104809.5872
6180.11 6180.11 0.0 104803.8579
6194.26 6194.26 0.0 104798.1775
6208.4 6208.4 0.0 104792.5576
6222.54 6222.54 0.0 104786.9915
6236.68 6236.68 0.0 104781.4785
6250.82 6250.82 0.0 104776.0168
6264.97 6264.97 0.0 104770.6050
6279.11 6279.11 0.0 104765.2493
6293.25 6293.25 0.0 104759.9409
6307.39 6307.39 0.0 104754.6865
6321.53 6321.53 0.0 104749.4758
6335.68 6335.68 0.0 104744.3140
6349.82 6349.82 0.0 104739.2053
6363.96 6363.96 0.0 104734.1414
6378.1 6378.1 0.0 104729.1257
6392.25 6392.25 0.0 104724.1528
6406.39 6406.39 0.0 104719.2292
6420.53 6420.53 0.0 104714.3516
6434.67 6434.67 0.0 104709.5183
6448.81 6448.81 0.0 104704.7236
6462.96 6462.96 0.0 104699.9744
6477.1 6477.1 0.0 104695.2688
6491.24 6491.24 0.0 104690.6077
6505.38 6505.38 0.0 104685.9839
6519.52 6519.52 0.0 104681.4033
6533.67 6533.67 0.0 104676.8606
6547.81 6547.81 0.0 104672.3611
6561.95 6561.95 0.0 104667.9021
6576.09 6576.09 0.0 104663.4763
6590.24 6590.24 0.0 104659.0896
6604.38 6604.38 0.0 104654.7422
6618.52 6618.52 0.0 104650.4333
6632.66 6632.66 0.0 104646.1604
6646.8 6646.8 0.0 104641.9209
6660.95 6660.95 0.0 104637.7173
6675.09 6675.09 0.0 104633.5505
6689.23 6689.23 0.0 104629.4185
6703.37 6703.37 0.0 104625.3201
6717.51 6717.51 0.0 104621.2529
6731.66 6731.66 0.0 104617.2153
6745.8 6745.8 0.0 104613.2129
6759.94 6759.94 0.0 104609.2458
6774.08 6774.08 0.0 104605.3081
6788.23 6788.23 0.0 104601.4001
6802.37 6802.37 0.0 104597.5220
6816.51 6816.51 0.0 104593.6760
6830.65 6830.65 0.0 104589.8596
6844.79 6844.79 0.0 104586.0710
6858.94 6858.94 0.0 104582.3066
6873.08 6873.08 0.0 104578.5735
6887.22 6887.22 0.0 104574.8704
6901.36 6901.36 0.0 104571.1936
6915.5 6915.5 0.0 104567.5393
6929.65 6929.65 0.0 104563.9104
6943.79 6943.79 0.0 104560.3108
6957.93 6957.93 0.0 104556.7375
6972.07 6972.07 0.0 104553.1841
6986.21 6986.21 0.0 104549.6560
7000.36 7000.36 0.0 104546.1531
7014.5 7014.5 0.0 104542.6707
7028.64 7028.64 0.0 104539.2168
7042.78 7042.78 0.0 104535.7805
7056.93 7056.93 0.0 104532.3657
7071.07 7071.07 0.0 104528.9749
7085.21 7085.21 0.0 104525.6025
7099.35 7099.35 0.0 104522.2551
7113.49 7113.49 0.0 104518.9248
7127.64 7127.64 0.0 104515.6130
7141.78 7141.78 0.0 104512.3215
7155.92 7155.92 0.0 104509.0486
7170.06 7170.06 0.0 104505.7976
7184.2 7184.2 0.0 104502.5598
7198.35 7198.35 0.0 104499.3425
7212.49 7212.49 0.0 104496.1418
7226.63 7226.63 0.0 104492.9548
7240.77 7240.77 0.0 104489.7891
7254.92 7254.92 0.0 104486.6357
7269.06 7269.06 0.0 104483.5005
7283.2 7283.2 0.0 104480.3787
7297.34 7297.34 0.0 104477.2766
7311.48 7311.48 0.0 104474.1821
7325.63 7325.63 0.0 104471.1040
7339.77 7339.77 0.0 104468.0378
7353.91 7353.91 0.0 104464.9856
7368.05 7368.05 0.0 104461.9478
7382.19 7382.19 0.0 104458.9233
7396.34 7396.34 0.0 104455.9050
7410.48 7410.48 0.0 104452.9060
7424.62 7424.62 0.0 104449.9172
7438.76 7438.76 0.0 104446.9341
7452.91 7452.91 0.0 104443.9644
7467.05 7467.05 0.0 104441.0046
7481.19 7481.19 0.0 104438.0583
7495.33 7495.33 0.0 104435.1116
7509.47 7509.47 0.0 104432.1843
7523.62 7523.62 0.0 104429.2625
7537.76 7537.76 0.0 104426.3435
7551.9 7551.9 0.0 104423.4375
7566.04 7566.04 0.0 104420.5405
7580.18 7580.18 0.0 104417.6501
7594.33 7594.33 0.0 104414.7627
7608.47 7608.47 0.0 104411.8896
7622.61 7622.61 0.0 104409.0146
7636.75 7636.75 0.0 104406.1484
7650.9 7650.9 0.0 104403.2864
7665.04 7665.04 0.0 104400.4326
7679.18 7679.18 0.0 104397.5815
7693.32 7693.32 0.0 104394.7363
7707.46 7707.46 0.0 104391.8962
7721.61 7721.61 0.0 104389.0562
7735.75 7735.75 0.0 104386.2229
7749.89 7749.89 0.0 104383.3923
7764.03 7764.03 0.0 104380.5630
7778.17 7778.17 0.0 104377.7334
