0.0 0.0 0.0 311542.2031
14.1421 14.1421 0.0 2356281.7500
28.2843 28.2843 0.0 2122973.3750
42.4264 42.4264 0.0 1814392.0000
56.5685 56.5685 0.0 1515816.7500
70.7107 70.7107 0.0 1252714.2500
84.8528 84.8528 0.0 1032081.9375
98.9949 98.9949 0.0 852772.3750
113.137 113.137 0.0 709936.8125
127.279 127.279 0.0 597456.5625
141.421 141.421 0.0 509306.8750
155.563 155.563 0.0 440206.1250
169.706 169.706 0.0 385820.4375
183.848 183.848 0.0 342744.7812
197.99 197.99 0.0 308349.1406
212.132 212.132 0.0 280637.0312
226.274 226.274 0.0 258099.6562
240.416 240.416 0.0 239596.4375
254.558 254.558 0.0 224263.2422
268.701 268.701 0.0 211440.7891
282.843 282.843 0.0 200626.3047
296.985 296.985 0.0 191429.2578
311.127 311.127 0.0 183546.6094
325.269 325.269 0.0 176740.6875
339.411 339.411 0.0 170823.8047
353.553 353.553 0.0 165646.3906
367.696 367.696 0.0 161088.1797
381.838 381.838 0.0 157052.8828
395.98 395.98 0.0 153461.2148
410.122 410.122 0.0 150248.5156
424.264 424.264 0.0 147361.4453
438.406 438.406 0.0 144755.7500
452.548 452.548 0.0 142394.4219
466.69 466.69 0.0 140246.4180
480.833 480.833 0.0 138285.4180
494.975 494.975 0.0 136489.4805
509.117 509.117 0.0 134839.4492
523.259 523.259 0.0 133319.0449
537.401 537.401 0.0 131914.3047
551.543 551.543 0.0 130613.0742
565.685 565.685 0.0 129404.8848
579.828 579.828 0.0 128280.4512
593.97 593.97 0.0 127231.9434
608.112 608.112 0.0 126252.1797
622.254 622.254 0.0 125334.9844
636.396 636.396 0.0 124474.8281
650.538 650.538 0.0 123666.8379
664.68 664.68 0.0 122906.6699
678.823 678.823 0.0 122190.3750
692.965 692.965 0.0 121514.5996
707.107 707.107 0.0 120876.1562
721.249 721.249 0.0 120272.2188
735.391 735.391 0.0 119700.2832
749.533 749.533 0.0 119158.0039
763.675 763.675 0.0 118643.3242
777.817 777.817 0.0 118154.3359
791.96 791.96 0.0 117689.2861
806.102 806.102 0.0 117246.6445
820.244 820.244 0.0 116824.9541
834.386 834.386 0.0 116422.8838
848.528 848.528 0.0 116039.1953
862.67 862.67 0.0 115672.7803
876.812 876.812 0.0 115322.6230
890.955 890.955 0.0 114987.7119
905.097 905.097 0.0 114667.2559
919.239 919.239 0.0 114360.3799
933.381 933.381 0.0 114066.3232
947.523 947.523 0.0 113784.4023
961.665 961.665 0.0 113513.9541
975.807 975.807 0.0 113254.3613
989.949 989.949 0.0 113005.0605
1004.09 1004.09 0.0 112765.5420
1018.23 1018.23 0.0 112535.2988
1032.38 1032.38 0.0 112313.6973
1046.52 1046.52 0.0 112100.6211
1060.66 1060.66 0.0 111895.4902
1074.8 1074.8 0.0 111697.9287
1088.94 1088.94 0.0 111507.5811
1103.09 1103.09 0.0 111323.9678
1117.23 1117.23 0.0 111147.0420
1131.37 1131.37 0.0 110976.3721
1145.51 1145.51 0.0 110811.6523
1159.66 1159.66 0.0 110652.5361
1173.8 1173.8 0.0 110498.9736
1187.94 1187.94 0.0 110350.6133
1202.08 1202.08 0.0 110207.2412
1216.22 1216.22 0.0 110068.6377
1230.37 1230.37 0.0 109934.5078
1244.51 1244.51 0.0 109804.8506
1258.65 1258.65 0.0 109679.3740
1272.79 1272.79 0.0 109557.9180
1286.93 1286.93 0.0 109440.3193
1301.08 1301.08 0.0 109326.3481
1315.22 1315.22 0.0 109215.9927
1329.36 1329.36 0.0 109109.0552
1343.5 1343.5 0.0 109005.3926
1357.65 1357.65 0.0 108904.8115
1371.79 1371.79 0.0 108807.3223
1385.93 1385.93 0.0 108712.7471
1400.07 1400.07 0.0 108620.9702
1414.21 1414.21 0.0 108531.8848
1428.36 1428.36 0.0 108445.3340
1442.5 1442.5 0.0 108361.3433
1456.64 1456.64 0.0 108279.7573
1470.78 1470.78 0.0 108200.4868
1484.92 1484.92 0.0 108123.4536
1499.07 1499.07 0.0 108048.5073
1513.21 1513.21 0.0 107975.7061
1527.35 1527.35 0.0 107904.9033
1541.49 1541.49 0.0 107836.0342
1555.63 1555.63 0.0 107769.0288
1569.78 1569.78 0.0 107703.7725
1583.92 1583.92 0.0 107640.3091
1598.06 1598.06 0.0 107578.5181
1612.2 1612.2 0.0 107518.3491
1626.35 1626.35 0.0 107459.7041
1640.49 1640.49 0.0 107402.6187
1654.63 1654.63 0.0 107346.9932
1668.77 1668.77 0.0 107292.7891
1682.91 1682.91 0.0 107239.9453
1697.06 1697.06 0.0 107188.3936
1711.2 1711.2 0.0 107138.1577
1725.34 1725.34 0.0 107089.1621
1739.48 1739.48 0.0 107041.3662
1753.62 1753.62 0.0 106994.7227
1767.77 1767.77 0.0 106949.1865
1781.91 1781.91 0.0 106904.7607
1796.05 1796.05 0.0 106861.3901
1810.19 1810.19 0.0 106819.0454
1824.34 1824.34 0.0 106777.6567
1838.48 1838.48 0.0 106737.2529
1852.62 1852.62 0.0 106697.7891
1866.76 1866.76 0.0 106659.2183
1880.9 1880.9 0.0 106621.5210
1895.05 1895.05 0.0 106584.6465
1909.19 1909.19 0.0 106548.6201
1923.33 1923.33 0.0 106513.3892
1937.47 1937.47 0.0 106478.9302
1951.61 1951.61 0.0 106445.2256
1965.76 1965.76 0.0 106412.2202
1979.9 1979.9 0.0 106379.9478
1994.04 1994.04 0.0 106348.3584
2008.18 2008.18 0.0 106317.4351
2022.33 2022.33 0.0 106287.1372
2036.47 2036.47 0.0 106257.4858
2050.61 2050.61 0.0 106228.4482
2064.75 2064.75 0.0 106199.9980
2078.89 2078.89 0.0 106172.1255
2093.04 2093.04 0.0 106144.7881
2107.18 2107.18 0.0 106118.0195
2121.32 2121.32 0.0 106091.7710
2135.46 2135.46 0.0 106066.0356
2149.6 2149.6 0.0 106040.7979
2163.75 2163.75 0.0 106016.0288
2177.89 2177.89 0.0 105991.7490
2192.03 2192.03 0.0 105967.9219
2206.17 2206.17 0.0 105944.5386
2220.32 2220.32 0.0 105921.5757
2234.46 2234.46 0.0 105899.0498
2248.6 2248.6 0.0 105876.9307
2262.74 2262.74 0.0 105855.2095
2276.88 2276.88 0.0 105833.8735
2291.03 2291.03 0.0 105812.9038
2305.17 2305.17 0.0 105792.3105
2319.31 2319.31 0.0 105772.0732
2333.45 2333.45 0.0 105752.1865
2347.59 2347.59 0.0 105732.6323
2361.74 2361.74 0.0 105713.3999
2375.88 2375.88 0.0 105694.4922
2390.02 2390.02 0.0 105675.8999
2404.16 2404.16 0.0 105657.6133
2418.31 2418.31 0.0 105639.6040
2432.45 2432.45 0.0 105621.8950
2446.59 2446.59 0.0 105604.4644
2460.73 2460.73 0.0 105587.3105
2474.87 2474.87 0.0 105570.4238
2489.02 2489.02 0.0 105553.7725
2503.16 2503.16 0.0 105537.3926
2517.3 2517.3 0.0 105521.2559
2531.44 2531.44 0.0 105505.3564
2545.58 2545.58 0.0 105489.6904
2559.73 2559.73 0.0 105474.2402
2573.87 2573.87 0.0 105459.0200
2588.01 2588.01 0.0 105444.0137
2602.15 2602.15 0.0 105429.2202
2616.3 2616.3 0.0 105414.6199
2630.44 2630.44 0.0 105400.2305
2644.58 2644.58 0.0 105386.0308
2658.72 2658.72 0.0 105372.0227
2672.86 2672.86 0.0 105358.1978
2687.01 2687.01 0.0 105344.5439
2701.15 2701.15 0.0 105331.0732
2715.29 2715.29 0.0 105317.7693
2729.43 2729.43 0.0 105304.6406
2743.57 2743.57 0.0 105291.6677
2757.72 2757.72 0.0 105278.8442
2771.86 2771.86 0.0 105266.1885
2786.0 2786.0 0.0 105253.6833
2800.14 2800.14 0.0 105241.3196
2814.28 2814.28 0.0 105229.1045
2828.43 2828.43 0.0 105217.0166
2842.57 2842.57 0.0 105205.0786
2856.71 2856.71 0.0 105193.2693
2870.85 2870.85 0.0 105181.5896
2885.0 2885.0 0.0 105170.0325
2899.14 2899.14 0.0 105158.6016
2913.28 2913.28 0.0 105147.2935
2927.42 2927.42 0.0 105136.1060
2941.56 2941.56 0.0 105125.0305
2955.71 2955.71 0.0 105114.0613
2969.85 2969.85 0.0 105103.2078
2983.99 2983.99 0.0 105092.4626
2998.13 2998.13 0.0 105081.8196
3012.27 3012.27 0.0 105071.2815
3026.42 3026.42 0.0 105060.8330
3040.56 3040.56 0.0 105050.4919
3054.7 3054.7 0.0 105040.2502
3068.84 3068.84 0.0 105030.0947
3082.99 3082.99 0.0 105020.0305
3097.13 3097.13 0.0 105010.0527
3111.27 3111.27 0.0 105000.1650
3125.41 3125.41 0.0 104990.3616
3139.55 3139.55 0.0 104980.6431
3153.7 3153.7 0.0 104970.9988
3167.84 3167.84 0.0 104961.4426
3181.98 3181.98 0.0 104951.9629
3196.12 3196.12 0.0 104942.5564
3210.26 3210.26 0.0 104933.2253
3224.41 3224.41 0.0 104923.9631
3238.55 3238.55 0.0 104914.7759
3252.69 3252.69 0.0 104905.6597
3266.83 3266.83 0.0 104896.6074
3280.98 3280.98 0.0 104887.6223
3295.12 3295.12 0.0 104878.7053
3309.26 3309.26 0.0 104869.8542
3323.4 3323.4 0.0 104861.0642
3337.54 3337.54 0.0 104852.3323
3351.69 3351.69 0.0 104843.6628
3365.83 3365.83 0.0 104835.0510
3379.97 3379.97 0.0 104826.5037
3394.11 3394.11 0.0 104818.0103
3408.25 3408.25 0.0 104809.5740
3422.4 3422.4 0.0 104801.1797
3436.54 3436.54 0.0 104792.8513
3450.68 3450.68 0.0 104784.5747
3464.82 3464.82 0.0 104776.3503
3478.97 3478.97 0.0 104768.1719
3493.11 3493.11 0.0 104760.0474
3507.25 3507.25 0.0 104751.9709
3521.39 3521.39 0.0 104743.9412
3535.53 3535.53 0.0 104735.9626
3549.68 3549.68 0.0 104728.0256
3563.82 3563.82 0.0 104720.1377
3577.96 3577.96 0.0 104712.2932
3592.1 3592.1 0.0 104704.4951
3606.24 3606.24 0.0 104696.7402
3620.39 3620.39 0.0 104689.0251
3634.53 3634.53 0.0 104681.3555
3648.67 3648.67 0.0 104673.7300
3662.81 3662.81 0.0 104666.1426
3676.96 3676.96 0.0 104658.5930
3691.1 3691.1 0.0 104651.0840
3705.24 3705.24 0.0 104643.6174
3719.38 3719.38 0.0 104636.1909
3733.52 3733.52 0.0 104628.8003
3747.67 3747.67 0.0 104621.4448
3761.81 3761.81 0.0 104614.1338
3775.95 3775.95 0.0 104606.8542
3790.09 3790.09 0.0 104599.6133
3804.23 3804.23 0.0 104592.4097
3818.38 3818.38 0.0 104585.2373
3832.52 3832.52 0.0 104578.0994
3846.66 3846.66 0.0 104571.0049
3860.8 3860.8 0.0 104563.9414
3874.95 3874.95 0.0 104556.9084
3889.09 3889.09 0.0 104549.9124
3903.23 3903.23 0.0 104542.9497
3917.37 3917.37 0.0 104536.0232
3931.51 3931.51 0.0 104529.1270
3945.66 3945.66 0.0 104522.2612
3959.8 3959.8 0.0 104515.4312
3973.94 3973.94 0.0 104508.6306
3988.08 3988.08 0.0 104501.8643
4002.22 4002.22 0.0 104495.1306
4016.37 4016.37 0.0 104488.4246
4030.51 4030.51 0.0 104481.7537
4044.65 4044.65 0.0 104475.1133
4058.79 4058.79 0.0 104468.5049
4072.94 4072.94 0.0 104461.9207
4087.08 4087.08 0.0 104455.3745
4101.22 4101.22 0.0 104448.8567
4115.36 4115.36 0.0 104442.3699
4129.5 4129.5 0.0 104435.9160
4143.65 4143.65 0.0 104429.4841
4157.79 4157.79 0.0 104423.0881
4171.93 4171.93 0.0 104416.7214
4186.07 4186.07 0.0 104410.3879
4200.21 4200.21 0.0 104404.0808
4214.36 4214.36 0.0 104397.7981
4228.5 4228.5 0.0 104391.5474
4242.64 4242.64 0.0 104385.3325
4256.78 4256.78 0.0 104379.1462
4270.92 4270.92 0.0 104372.9871
4285.07 4285.07 0.0 104366.8503
4299.21 4299.21 0.0 104360.7505
4313.35 4313.35 0.0 104354.6790
4327.49 4327.49 0.0 104348.6382
4341.64 4341.64 0.0 104342.6191
4355.78 4355.78 0.0 104336.6384
4369.92 4369.92 0.0 104330.6807
4384.06 4384.06 0.0 104324.7573
4398.2 4398.2 0.0 104318.8604
4412.35 4412.35 0.0 104312.9875
4426.49 4426.49 0.0 104307.1506
4440.63 4440.63 0.0 104301.3416
4454.77 4454.77 0.0 104295.5610
4468.91 4468.91 0.0 104289.8103
4483.06 4483.06 0.0 104284.0874
4497.2 4497.2 0.0 104278.3896
4511.34 4511.34 0.0 104272.7310
4525.48 4525.48 0.0 104267.0952
4539.63 4539.63 0.0 104261.4875
4553.77 4553.77 0.0 104255.9102
4567.91 4567.91 0.0 104250.3652
4582.05 4582.05 0.0 104244.8518
4596.19 4596.19 0.0 104239.3628
4610.34 4610.34 0.0 104233.9006
4624.48 4624.48 0.0 104228.4734
4638.62 4638.62 0.0 104223.0757
4652.76 4652.76 0.0 104217.7043
4666.9 4666.9 0.0 104212.3665
4681.05 4681.05 0.0 104207.0525
4695.19 4695.19 0.0 104201.7739
4709.33 4709.33 0.0 104196.5244
4723.47 4723.47 0.0 104191.3030
4737.62 4737.62 0.0 104186.1133
4751.76 4751.76 0.0 104180.9536
4765.9 4765.9 0.0 104175.8218
4780.04 4780.04 0.0 104170.7253
4794.18 4794.18 0.0 104165.6553
4808.33 4808.33 0.0 104160.6143
4822.47 4822.47 0.0 104155.6067
4836.61 4836.61 0.0 104150.6279
4850.75 4850.75 0.0 104145.6826
4864.89 4864.89 0.0 104140.7671
4879.04 4879.04 0.0 104135.8748
4893.18 4893.18 0.0 104131.0229
4907.32 4907.32 0.0 104126.2000
4921.46 4921.46 0.0 104121.4048
4935.61 4935.61 0.0 104116.6406
4949.75 4949.75 0.0 104111.9106
4963.89 4963.89 0.0 104107.2102
4978.03 4978.03 0.0 104102.5427
4992.17 4992.17 0.0 104097.9045
5006.32 5006.32 0.0 104093.2988
5020.46 5020.46 0.0 104088.7244
5034.6 5034.6 0.0 104084.1851
5048.74 5048.74 0.0 104079.6716
5062.88 5062.88 0.0 104075.1931
5077.03 5077.03 0.0 104070.7417
5091.17 5091.17 0.0 104066.3286
5105.31 5105.31 0.0 104061.9460
5119.45 5119.45 0.0 104057.5952
5133.6 5133.6 0.0 104053.2734
5147.74 5147.74 0.0 104048.9829
5161.88 5161.88 0.0 104044.7305
5176.02 5176.02 0.0 104040.5063
5190.16 5190.16 0.0 104036.3201
5204.31 5204.31 0.0 104032.1567
5218.45 5218.45 0.0 104028.0334
5232.59 5232.59 0.0 104023.9409
5246.73 5246.73 0.0 104019.8799
5260.87 5260.87 0.0 104015.8535
5275.02 5275.02 0.0 104011.8572
5289.16 5289.16 0.0 104007.8953
5303.3 5303.3 0.0 104003.9680
5317.44 5317.44 0.0 104000.0710
5331.59 5331.59 0.0 103996.2024
5345.73 5345.73 0.0 103992.3765
5359.87 5359.87 0.0 103988.5762
5374.01 5374.01 0.0 103984.8157
5388.15 5388.15 0.0 103981.0828
5402.3 5402.3 0.0 103977.3845
5416.44 5416.44 0.0 103973.7217
5430.58 5430.58 0.0 103970.0903
5444.72 5444.72 0.0 103966.4927
5458.86 5458.86 0.0 103962.9263
5473.01 5473.01 0.0 103959.3989
5487.15 5487.15 0.0 103955.8984
5501.29 5501.29 0.0 103952.4353
5515.43 5515.43 0.0 103949.0056
5529.58 5529.58 0.0 103945.6077
5543.72 5543.72 0.0 103942.2439
5557.86 5557.86 0.0 103938.9133
5572.0 5572.0 0.0 103935.6191
5586.14 5586.14 0.0 103932.3591
5600.29 5600.29 0.0 103929.1252
5614.43 5614.43 0.0 103925.9326
5628.57 5628.57 0.0 103922.7700
5642.71 5642.71 0.0 103919.6445
5656.85 5656.85 0.0 103916.5498
5671.0 5671.0 0.0 103913.4861
5685.14 5685.14 0.0 103910.4617
5699.28 5699.28 0.0 103907.4690
5713.42 5713.42 0.0 103904.5105
5727.56 5727.56 0.0 103901.5833
5741.71 5741.71 0.0 103898.6919
5755.85 5755.85 0.0 103895.8352
5769.99 5769.99 0.0 103893.0085
5784.13 5784.13 0.0 103890.2192
5798.28 5798.28 0.0 103887.4597
5812.42 5812.42 0.0 103884.7388
5826.56 5826.56 0.0 103882.0488
5840.7 5840.7 0.0 103879.3940
5854.84 5854.84 0.0 103876.7751
5868.99 5868.99 0.0 103874.1831
5883.13 5883.13 0.0 103871.6289
5897.27 5897.27 0.0 103869.1064
5911.41 5911.41 0.0 103866.6191
5925.55 5925.55 0.0 103864.1643
5939.7 5939.7 0.0 103861.7434
5953.84 5953.84 0.0 103859.3547
5967.98 5967.98 0.0 103857.0002
5982.12 5982.12 0.0 103854.6790
5996.27 5996.27 0.0 103852.3921
6010.41 6010.41 0.0 103850.1384
6024.55 6024.55 0.0 103847.9175
6038.69 6038.69 0.0 103845.7290
6052.83 6052.83 0.0 103843.5752
6066.98 6066.98 0.0 103841.4519
6081.12 6081.12 0.0 103839.3604
6095.26 6095.26 0.0 103837.3062
6109.4 6109.4 0.0 103835.2827
6123.54 6123.54 0.0 103833.2920
6137.69 6137.69 0.0 103831.3359
6151.83 6151.83 0.0 103829.4092
6165.97 6165.97 0.0 103827.5168
6180.11 6180.11 0.0 103825.6560
6194.26 6194.26 0.0 103823.8274
6208.4 6208.4 0.0 103822.0334
6222.54 6222.54 0.0 103820.2693
6236.68 6236.68 0.0 103818.5374
6250.82 6250.82 0.0 103816.8396
6264.97 6264.97 0.0 103815.1716
6279.11 6279.11 0.0 103813.5369
6293.25 6293.25 0.0 103811.9351
6307.39 6307.39 0.0 103810.3613
6321.53 6321.53 0.0 103808.8230
6335.68 6335.68 0.0 103807.3120
6349.82 6349.82 0.0 103805.8357
6363.96 6363.96 0.0 103804.3889
6378.1 6378.1 0.0 103802.9773
6392.25 6392.25 0.0 103801.5898
6406.39 6406.39 0.0 103800.2385
6420.53 6420.53 0.0 103798.9150
6434.67 6434.67 0.0 103797.6240
6448.81 6448.81 0.0 103796.3640
6462.96 6462.96 0.0 103795.1345
6477.1 6477.1 0.0 103793.9351
6491.24 6491.24 0.0 103792.7642
6505.38 6505.38 0.0 103791.6240
6519.52 6519.52 0.0 103790.5156
6533.67 6533.67 0.0 103789.4380
6547.81 6547.81 0.0 103788.3867
6561.95 6561.95 0.0 103787.3662
6576.09 6576.09 0.0 103786.3740
6590.24 6590.24 0.0 103785.4143
6604.38 6604.38 0.0 103784.4807
6618.52 6618.52 0.0 103783.5767
6632.66 6632.66 0.0 103782.7021
6646.8 6646.8 0.0 103781.8572
6660.95 6660.95 0.0 103781.0393
6675.09 6675.09 0.0 103780.2488
6689.23 6689.23 0.0 103779.4888
6703.37 6703.37 0.0 103778.7561
6717.51 6717.51 0.0 103778.0500
6731.66 6731.66 0.0 103777.3762
6745.8 6745.8 0.0 103776.7234
6759.94 6759.94 0.0 103776.1045
6774.08 6774.08 0.0 103775.5071
6788.23 6788.23 0.0 103774.9412
6802.37 6802.37 0.0 103774.3999
6816.51 6816.51 0.0 103773.8840
6830.65 6830.65 0.0 103773.4014
6844.79 6844.79 0.0 103772.9351
6858.94 6858.94 0.0 103772.5024
6873.08 6873.08 0.0 103772.0933
6887.22 6887.22 0.0 103771.7124
6901.36 6901.36 0.0 103771.3547
6915.5 6915.5 0.0 103771.0215
6929.65 6929.65 0.0 103770.7161
6943.79 6943.79 0.0 103770.4368
6957.93 6957.93 0.0 103770.1804
6972.07 6972.07 0.0 103769.9475
6986.21 6986.21 0.0 103769.7427
7000.36 7000.36 0.0 103769.5598
7014.5 7014.5 0.0 103769.4028
7028.64 7028.64 0.0 103769.2678
7042.78 7042.78 0.0 103769.1560
7056.93 7056.93 0.0 103769.0698
7071.07 7071.07 0.0 103769.0046
7085.21 7085.21 0.0 103768.9639
7099.35 7099.35 0.0 103768.9487
7113.49 7113.49 0.0 103768.9534
7127.64 7127.64 0.0 103768.9814
7141.78 7141.78 0.0 103769.0303
7155.92 7155.92 0.0 103769.1045
7170.06 7170.06 0.0 103769.1987
7184.2 7184.2 0.0 103769.3142
7198.35 7198.35 0.0 103769.4517
7212.49 7212.49 0.0 103769.6111
7226.63 7226.63 0.0 103769.7915
7240.77 7240.77 0.0 103769.9907
7254.92 7254.92 0.0 103770.2144
7269.06 7269.06 0.0 103770.4553
7283.2 7283.2 0.0 103770.7185
7297.34 7297.34 0.0 103771.0005
7311.48 7311.48 0.0 103771.3022
7325.63 7325.63 0.0 103771.6226
7339.77 7339.77 0.0 103771.9639
7353.91 7353.91 0.0 103772.3218
7368.05 7368.05 0.0 103772.7017
7382.19 7382.19 0.0 103773.0981
7396.34 7396.34 0.0 103773.5156
7410.48 7410.48 0.0 103773.9458
7424.62 7424.62 0.0 103774.3999
7438.76 7438.76 0.0 103774.8689
7452.91 7452.91 0.0 103775.3564
7467.05 7467.05 0.0 103775.8594
7481.19 7481.19 0.0 103776.3813
7495.33 7495.33 0.0 103776.9160
7509.47 7509.47 0.0 103777.4731
7523.62 7523.62 0.0 103778.0432
7537.76 7537.76 0.0 103778.6296
7551.9 7551.9 0.0 103779.2329
7566.04 7566.04 0.0 103779.8513
7580.18 7580.18 0.0 103780.4824
7594.33 7594.33 0.0 103781.1318
7608.47 7608.47 0.0 103781.7961
7622.61 7622.61 0.0 103782.4724
7636.75 7636.75 0.0 103783.1643
7650.9 7650.9 0.0 103783.8716
7665.04 7665.04 0.0 103784.5930
7679.18 7679.18 0.0 103785.3264
7693.32 7693.32 0.0 103786.0671
7707.46 7707.46 0.0 103786.8325
7721.61 7721.61 0.0 103787.6064
7735.75 7735.75 0.0 103788.3889
7749.89 7749.89 0.0 103789.1868
7764.03 7764.03 0.0 103789.9990
7778.17 7778.17 0.0 103790.8186
