0.0 0.0 0.0 289239.1094
14.1421 14.1421 0.0 1307732.5000
28.2843 28.2843 0.0 1073443.8125
42.4264 42.4264 0.0 849864.0000
56.5685 56.5685 0.0 672459.6250
70.7107 70.7107 0.0 539395.0312
84.8528 84.8528 0.0 441624.9688
98.9949 98.9949 0.0 370017.7812
113.137 113.137 0.0 317228.5312
127.279 127.279 0.0 277843.8125
141.421 141.421 0.0 248024.8438
155.563 155.563 0.0 225089.5078
169.706 169.706 0.0 207165.9922
183.848 183.848 0.0 192944.5234
197.99 197.99 0.0 181494.3984
212.132 212.132 0.0 172149.4766
226.274 226.274 0.0 164426.2188
240.416 240.416 0.0 157969.0117
254.558 254.558 0.0 152512.7578
268.701 268.701 0.0 147857.1055
282.843 282.843 0.0 143849.8672
296.985 296.985 0.0 140372.5273
311.127 311.127 0.0 137332.8281
325.269 325.269 0.0 134657.7656
339.411 339.411 0.0 132289.2148
353.553 353.553 0.0 130180.2949
367.696 367.696 0.0 128292.8848
381.838 381.838 0.0 126596.0566
395.98 395.98 0.0 125063.9043
410.122 410.122 0.0 123675.0527
424.264 424.264 0.0 122411.5645
438.406 438.406 0.0 121258.2891
452.548 452.548 0.0 120202.4082
466.69 466.69 0.0 119232.9688
480.833 480.833 0.0 118340.4922
494.975 494.975 0.0 117516.9951
509.117 509.117 0.0 116755.3711
523.259 523.259 0.0 116049.4854
537.401 537.401 0.0 115393.9678
551.543 551.543 0.0 114784.1084
565.685 565.685 0.0 114215.7461
579.828 579.828 0.0 113685.1514
593.97 593.97 0.0 113189.1279
608.112 608.112 0.0 112724.7168
622.254 622.254 0.0 112289.3145
636.396 636.396 0.0 111880.5791
650.538 650.538 0.0 111496.3936
664.68 664.68 0.0 111134.8662
678.823 678.823 0.0 110794.2578
692.965 692.965 0.0 110473.0625
707.107 707.107 0.0 110169.8350
721.249 721.249 0.0 109883.3018
735.391 735.391 0.0 109612.2871
749.533 749.533 0.0 109355.7153
763.675 763.675 0.0 109112.6201
777.817 777.817 0.0 108882.0850
791.96 791.96 0.0 108663.2812
806.102 806.102 0.0 108455.4834
820.244 820.244 0.0 108257.9736
834.386 834.386 0.0 108070.1099
848.528 848.528 0.0 107891.2861
862.67 862.67 0.0 107720.9683
876.812 876.812 0.0 107558.6362
890.955 890.955 0.0 107403.8125
905.097 905.097 0.0 107256.0806
919.239 919.239 0.0 107115.0205
933.381 933.381 0.0 106980.2456
947.523 947.523 0.0 106851.4189
961.665 961.665 0.0 106728.1978
975.807 975.807 0.0 106610.2881
989.949 989.949 0.0 106497.3921
1004.09 1004.09 0.0 106389.2490
1018.23 1018.23 0.0 106285.6191
1032.38 1032.38 0.0 106186.1782
1046.52 1046.52 0.0 106090.8569
1060.66 1060.66 0.0 105999.3745
1074.8 1074.8 0.0 105911.5337
1088.94 1088.94 0.0 105827.1597
1103.09 1103.09 0.0 105746.0146
1117.23 1117.23 0.0 105668.0688
1131.37 1131.37 0.0 105593.1030
1145.51 1145.51 0.0 105520.9727
1159.66 1159.66 0.0 105451.4961
1173.8 1173.8 0.0 105384.6492
1187.94 1187.94 0.0 105320.2629
1202.08 1202.08 0.0 105258.2229
1216.22 1216.22 0.0 105198.4165
1230.37 1230.37 0.0 105140.7122
1244.51 1244.51 0.0 105085.0930
1258.65 1258.65 0.0 105031.4229
1272.79 1272.79 0.0 104979.6272
1286.93 1286.93 0.0 104929.6104
1301.08 1301.08 0.0 104881.2737
1315.22 1315.22 0.0 104834.6067
1329.36 1329.36 0.0 104789.5088
1343.5 1343.5 0.0 104745.9143
1357.65 1357.65 0.0 104703.7278
1371.79 1371.79 0.0 104662.9534
1385.93 1385.93 0.0 104623.5056
1400.07 1400.07 0.0 104585.3259
1414.21 1414.21 0.0 104548.3679
1428.36 1428.36 0.0 104512.5554
1442.5 1442.5 0.0 104477.8979
1456.64 1456.64 0.0 104444.3179
1470.78 1470.78 0.0 104411.7793
1484.92 1484.92 0.0 104380.2373
1499.07 1499.07 0.0 104349.6375
1513.21 1513.21 0.0 104319.9824
1527.35 1527.35 0.0 104291.2195
1541.49 1541.49 0.0 104263.3113
1555.63 1555.63 0.0 104236.2283
1569.78 1569.78 0.0 104209.9236
1583.92 1583.92 0.0 104184.4001
1598.06 1598.06 0.0 104159.6169
1612.2 1612.2 0.0 104135.5415
1626.35 1626.35 0.0 104112.1377
1640.49 1640.49 0.0 104089.4116
1654.63 1654.63 0.0 104067.3247
1668.77 1668.77 0.0 104045.8496
1682.91 1682.91 0.0 104024.9717
1697.06 1697.06 0.0 104004.6521
1711.2 1711.2 0.0 103984.9004
1725.34 1725.34 0.0 103965.6838
1739.48 1739.48 0.0 103946.9846
1753.62 1753.62 0.0 103928.7820
1767.77 1767.77 0.0 103911.0540
1781.91 1781.91 0.0 103893.8035
1796.05 1796.05 0.0 103877.0012
1810.19 1810.19 0.0 103860.6370
1824.34 1824.34 0.0 103844.6851
1838.48 1838.48 0.0 103829.1514
1852.62 1852.62 0.0 103814.0122
1866.76 1866.76 0.0 103799.2539
1880.9 1880.9 0.0 103784.8694
1895.05 1895.05 0.0 103770.8293
1909.19 1909.19 0.0 103757.1506
1923.33 1923.33 0.0 103743.8025
1937.47 1937.47 0.0 103730.7837
1951.61 1951.61 0.0 103718.0784
1965.76 1965.76 0.0 103705.6724
1979.9 1979.9 0.0 103693.5701
1994.04 1994.04 0.0 103681.7546
2008.18 2008.18 0.0 103670.2180
2022.33 2022.33 0.0 103658.9448
2036.47 2036.47 0.0 103647.9392
2050.61 2050.61 0.0 103637.1902
2064.75 2064.75 0.0 103626.6838
2078.89 2078.89 0.0 103616.4194
2093.04 2093.04 0.0 103606.3789
2107.18 2107.18 0.0 103596.5725
2121.32 2121.32 0.0 103586.9812
2135.46 2135.46 0.0 103577.6057
2149.6 2149.6 0.0 103568.4341
2163.75 2163.75 0.0 103559.4568
2177.89 2177.89 0.0 103550.6790
2192.03 2192.03 0.0 103542.0938
2206.17 2206.17 0.0 103533.6899
2220.32 2220.32 0.0 103525.4563
2234.46 2234.46 0.0 103517.4031
2248.6 2248.6 0.0 103509.5181
2262.74 2262.74 0.0 103501.7957
2276.88 2276.88 0.0 103494.2327
2291.03 2291.03 0.0 103486.8213
2305.17 2305.17 0.0 103479.5647
2319.31 2319.31 0.0 103472.4521
2333.45 2333.45 0.0 103465.4832
2347.59 2347.59 0.0 103458.6497
2361.74 2361.74 0.0 103451.9504
2375.88 2375.88 0.0 103445.3845
2390.02 2390.02 0.0 103438.9465
2404.16 2404.16 0.0 103432.6304
2418.31 2418.31 0.0 103426.4319
2432.45 2432.45 0.0 103420.3538
2446.59 2446.59 0.0 103414.3923
2460.73 2460.73 0.0 103408.5388
2474.87 2474.87 0.0 103402.7952
2489.02 2489.02 0.0 103397.1516
2503.16 2503.16 0.0 103391.6167
2517.3 2517.3 0.0 103386.1807
2531.44 2531.44 0.0 103380.8406
2545.58 2545.58 0.0 103375.5945
2559.73 2559.73 0.0 103370.4396
2573.87 2573.87 0.0 103365.3773
2588.01 2588.01 0.0 103360.4022
2602.15 2602.15 0.0 103355.5088
2616.3 2616.3 0.0 103350.7015
2630.44 2630.44 0.0 103345.9740
2644.58 2644.58 0.0 103341.3264
2658.72 2658.72 0.0 103336.7540
2672.86 2672.86 0.0 103332.2598
2687.01 2687.01 0.0 103327.8329
2701.15 2701.15 0.0 103323.4811
2715.29 2715.29 0.0 103319.1989
2729.43 2729.43 0.0 103314.9828
2743.57 2743.57 0.0 103310.8333
2757.72 2757.72 0.0 103306.7462
2771.86 2771.86 0.0 103302.7229
2786.0 2786.0 0.0 103298.7612
2800.14 2800.14 0.0 103294.8578
2814.28 2814.28 0.0 103291.0140
2828.43 2828.43 0.0 103287.2238
2842.57 2842.57 0.0 103283.4913
2856.71 2856.71 0.0 103279.8140
2870.85 2870.85 0.0 103276.1848
2885.0 2885.0 0.0 103272.6086
2899.14 2899.14 0.0 103269.0834
2913.28 2913.28 0.0 103265.6062
2927.42 2927.42 0.0 103262.1758
2941.56 2941.56 0.0 103258.7957
2955.71 2955.71 0.0 103255.4545
2969.85 2969.85 0.0 103252.1595
2983.99 2983.99 0.0 103248.9105
2998.13 2998.13 0.0 103245.7017
3012.27 3012.27 0.0 103242.5331
3026.42 3026.42 0.0 103239.4042
3040.56 3040.56 0.0 103236.3152
3054.7 3054.7 0.0 103233.2627
3068.84 3068.84 0.0 103230.2489
3082.99 3082.99 0.0 103227.2714
3097.13 3097.13 0.0 103224.3285
3111.27 3111.27 0.0 103221.4200
3125.41 3125.41 0.0 103218.5458
3139.55 3139.55 0.0 103215.7045
3153.7 3153.7 0.0 103212.8954
3167.84 3167.84 0.0 103210.1167
3181.98 3181.98 0.0 103207.3707
3196.12 3196.12 0.0 103204.6528
3210.26 3210.26 0.0 103201.9639
3224.41 3224.41 0.0 103199.3030
3238.55 3238.55 0.0 103196.6699
3252.69 3252.69 0.0 103194.0654
3266.83 3266.83 0.0 103191.4894
3280.98 3280.98 0.0 103188.9331
3295.12 3295.12 0.0 103186.4058
3309.26 3309.26 0.0 103183.9032
3323.4 3323.4 0.0 103181.4236
3337.54 3337.54 0.0 103178.9666
3351.69 3351.69 0.0 103176.5332
3365.83 3365.83 0.0 103174.1257
3379.97 3379.97 0.0 103171.7366
3394.11 3394.11 0.0 103169.3715
3408.25 3408.25 0.0 103167.0226
3422.4 3422.4 0.0 103164.6968
3436.54 3436.54 0.0 103162.3896
3450.68 3450.68 0.0 103160.1029
3464.82 3464.82 0.0 103157.8357
3478.97 3478.97 0.0 103155.5861
3493.11 3493.11 0.0 103153.3531
3507.25 3507.25 0.0 103151.1404
3521.39 3521.39 0.0 103148.9459
3535.53 3535.53 0.0 103146.7661
3549.68 3549.68 0.0 103144.6012
3563.82 3563.82 0.0 103142.4553
3577.96 3577.96 0.0 103140.3256
3592.1 3592.1 0.0 103138.2080
3606.24 3606.24 0.0 103136.1077
3620.39 3620.39 0.0 103134.0198
3634.53 3634.53 0.0 103131.9491
3648.67 3648.67 0.0 103129.8921
3662.81 3662.81 0.0 103127.8478
3676.96 3676.96 0.0 103125.8148
3691.1 3691.1 0.0 103123.7982
3705.24 3705.24 0.0 103121.7924
3719.38 3719.38 0.0 103119.8007
3733.52 3733.52 0.0 103117.8214
3747.67 3747.67 0.0 103115.8503
3761.81 3761.81 0.0 103113.8942
3775.95 3775.95 0.0 103111.9504
3790.09 3790.09 0.0 103110.0148
3804.23 3804.23 0.0 103108.0912
3818.38 3818.38 0.0 103106.1759
3832.52 3832.52 0.0 103104.2753
3846.66 3846.66 0.0 103102.3843
3860.8 3860.8 0.0 103100.5004
3874.95 3874.95 0.0 103098.6260
3889.09 3889.09 0.0 103096.7638
3903.23 3903.23 0.0 103094.9095
3917.37 3917.37 0.0 103093.0663
3931.51 3931.51 0.0 103091.2302
3945.66 3945.66 0.0 103089.4017
3959.8 3959.8 0.0 103087.5853
3973.94 3973.94 0.0 103085.7740
3988.08 3988.08 0.0 103083.9733
4002.22 4002.22 0.0 103082.1792
4016.37 4016.37 0.0 103080.3936
4030.51 4030.51 0.0 103078.6149
4044.65 4044.65 0.0 103076.8419
4058.79 4058.79 0.0 103075.0811
4072.94 4072.94 0.0 103073.3226
4087.08 4087.08 0.0 103071.5745
4101.22 4101.22 0.0 103069.8328
4115.36 4115.36 0.0 103068.0995
4129.5 4129.5 0.0 103066.3713
4143.65 4143.65 0.0 103064.6483
4157.79 4157.79 0.0 103062.9319
4171.93 4171.93 0.0 103061.2222
4186.07 4186.07 0.0 103059.5206
4200.21 4200.21 0.0 103057.8240
4214.36 4214.36 0.0 103056.1342
4228.5 4228.5 0.0 103054.4485
4242.64 4242.64 0.0 103052.7709
