0.0 0.0 0.0 521070.0312
14.1421 14.1421 0.0 3926909.5000
28.2843 28.2843 0.0 3819277.2500
42.4264 42.4264 0.0 3586833.7500
56.5685 56.5685 0.0 3320120.5000
70.7107 70.7107 0.0 3047346.0000
84.8528 84.8528 0.0 2781000.0000
98.9949 98.9949 0.0 2527395.7500
113.137 113.137 0.0 2289841.5000
127.279 127.279 0.0 2069975.7500
141.421 141.421 0.0 1868421.6250
155.563 155.563 0.0 1685129.7500
169.706 169.706 0.0 1519578.2500
183.848 183.848 0.0 1370959.2500
197.99 197.99 0.0 1238203.0000
212.132 212.132 0.0 1120114.6250
226.274 226.274 0.0 1015425.0000
240.416 240.416 0.0 922848.2500
254.558 254.558 0.0 841124.6875
268.701 268.701 0.0 769050.8750
282.843 282.843 0.0 705517.8750
296.985 296.985 0.0 649494.4375
311.127 311.127 0.0 600055.7812
325.269 325.269 0.0 556375.0312
339.411 339.411 0.0 517721.6875
353.553 353.553 0.0 483453.2500
367.696 367.696 0.0 453006.9688
381.838 381.838 0.0 425899.1562
395.98 395.98 0.0 401704.2500
410.122 410.122 0.0 380055.7812
424.264 424.264 0.0 360636.5312
438.406 438.406 0.0 343172.3125
452.548 452.548 0.0 327426.1406
466.69 466.69 0.0 313192.7500
480.833 480.833 0.0 300293.4531
494.975 494.975 0.0 288575.8125
509.117 509.117 0.0 277905.0312
523.259 523.259 0.0 268164.2188
537.401 537.401 0.0 259251.8750
551.543 551.543 0.0 251079.1562
565.685 565.685 0.0 243568.2500
579.828 579.828 0.0 236650.5000
593.97 593.97 0.0 230266.8672
608.112 608.112 0.0 224363.9141
622.254 622.254 0.0 218894.9922
636.396 636.396 0.0 213818.8594
650.538 650.538 0.0 209098.8281
664.68 664.68 0.0 204702.3672
678.823 678.823 0.0 200600.1875
692.965 692.965 0.0 196766.9609
707.107 707.107 0.0 193179.2266
721.249 721.249 0.0 189816.3047
735.391 735.391 0.0 186659.4844
749.533 749.533 0.0 183692.1406
763.675 763.675 0.0 180899.0156
777.817 777.817 0.0 178266.6250
791.96 791.96 0.0 175782.4062
806.102 806.102 0.0 173435.4766
820.244 820.244 0.0 171215.5469
834.386 834.386 0.0 169113.4453
848.528 848.528 0.0 167120.7188
862.67 862.67 0.0 165229.7109
876.812 876.812 0.0 163433.4531
890.955 890.955 0.0 161725.3633
905.097 905.097 0.0 160099.8633
919.239 919.239 0.0 158551.3906
933.381 933.381 0.0 157075.0547
947.523 947.523 0.0 155666.2617
961.665 961.665 0.0 154320.8242
975.807 975.807 0.0 153034.8789
989.949 989.949 0.0 151804.8477
1004.09 1004.09 0.0 150627.4844
1018.23 1018.23 0.0 149499.7383
1032.38 1032.38 0.0 148417.9141
1046.52 1046.52 0.0 147380.8867
1060.66 1060.66 0.0 146385.5156
1074.8 1074.8 0.0 145429.4141
1088.94 1088.94 0.0 144510.5117
1103.09 1103.09 0.0 143626.2227
1117.23 1117.23 0.0 142775.9492
1131.37 1131.37 0.0 141957.3047
1145.51 1145.51 0.0 141168.6953
1159.66 1159.66 0.0 140408.0898
1173.8 1173.8 0.0 139675.1484
1187.94 1187.94 0.0 138967.9844
1202.08 1202.08 0.0 138285.3672
1216.22 1216.22 0.0 137626.1328
1230.37 1230.37 0.0 136988.7422
1244.51 1244.51 0.0 136373.0508
1258.65 1258.65 0.0 135777.6445
1272.79 1272.79 0.0 135201.5820
1286.93 1286.93 0.0 134644.0508
1301.08 1301.08 0.0 134103.7930
1315.22 1315.22 0.0 133580.8574
1329.36 1329.36 0.0 133074.1074
1343.5 1343.5 0.0 132582.8750
1357.65 1357.65 0.0 132106.1582
1371.79 1371.79 0.0 131644.0137
1385.93 1385.93 0.0 131195.5254
1400.07 1400.07 0.0 130760.1426
1414.21 1414.21 0.0 130337.3457
1428.36 1428.36 0.0 129926.3320
1442.5 1442.5 0.0 129527.2168
1456.64 1456.64 0.0 129139.2715
1470.78 1470.78 0.0 128762.0508
1484.92 1484.92 0.0 128395.1641
1499.07 1499.07 0.0 128037.9648
1513.21 1513.21 0.0 127690.6035
1527.35 1527.35 0.0 127352.4473
1541.49 1541.49 0.0 127023.1875
1555.63 1555.63 0.0 126702.4766
1569.78 1569.78 0.0 126389.8418
1583.92 1583.92 0.0 126085.3906
1598.06 1598.06 0.0 125788.6211
1612.2 1612.2 0.0 125499.2949
1626.35 1626.35 0.0 125216.9434
1640.49 1640.49 0.0 124941.7305
1654.63 1654.63 0.0 124673.2402
1668.77 1668.77 0.0 124411.1953
1682.91 1682.91 0.0 124155.4316
1697.06 1697.06 0.0 123905.5566
1711.2 1711.2 0.0 123661.7305
1725.34 1725.34 0.0 123423.5742
1739.48 1739.48 0.0 123190.9238
1753.62 1753.62 0.0 122963.6094
1767.77 1767.77 0.0 122741.2988
1781.91 1781.91 0.0 122524.1504
1796.05 1796.05 0.0 122311.8535
1810.19 1810.19 0.0 122104.2676
1824.34 1824.34 0.0 121901.0957
1838.48 1838.48 0.0 121702.5156
1852.62 1852.62 0.0 121508.2109
1866.76 1866.76 0.0 121318.0938
1880.9 1880.9 0.0 121132.0117
1895.05 1895.05 0.0 120949.7656
1909.19 1909.19 0.0 120771.4512
1923.33 1923.33 0.0 120596.8691
1937.47 1937.47 0.0 120425.8867
1951.61 1951.61 0.0 120258.4219
1965.76 1965.76 0.0 120094.2598
1979.9 1979.9 0.0 119933.5352
1994.04 1994.04 0.0 119776.0352
2008.18 2008.18 0.0 119621.6836
2022.33 2022.33 0.0 119470.2969
2036.47 2036.47 0.0 119321.9902
2050.61 2050.61 0.0 119176.5898
2064.75 2064.75 0.0 119034.0195
2078.89 2078.89 0.0 118894.2051
2093.04 2093.04 0.0 118756.9746
2107.18 2107.18 0.0 118622.4531
2121.32 2121.32 0.0 118490.4941
2135.46 2135.46 0.0 118360.9961
2149.6 2149.6 0.0 118233.9492
2163.75 2163.75 0.0 118109.1719
2177.89 2177.89 0.0 117986.7832
2192.03 2192.03 0.0 117866.6387
2206.17 2206.17 0.0 117748.7090
2220.32 2220.32 0.0 117632.8359
2234.46 2234.46 0.0 117519.1309
2248.6 2248.6 0.0 117407.4824
2262.74 2262.74 0.0 117297.8154
2276.88 2276.88 0.0 117190.1133
2291.03 2291.03 0.0 117084.2256
2305.17 2305.17 0.0 116980.2920
2319.31 2319.31 0.0 116878.1709
2333.45 2333.45 0.0 116777.8174
2347.59 2347.59 0.0 116679.2080
2361.74 2361.74 0.0 116582.2207
2375.88 2375.88 0.0 116486.9756
2390.02 2390.02 0.0 116393.3457
2404.16 2404.16 0.0 116301.3262
2418.31 2418.31 0.0 116210.7725
2432.45 2432.45 0.0 116121.8193
2446.59 2446.59 0.0 116034.3555
2460.73 2460.73 0.0 115948.3535
2474.87 2474.87 0.0 115863.7715
2489.02 2489.02 0.0 115780.5312
2503.16 2503.16 0.0 115698.7100
2517.3 2517.3 0.0 115618.2354
2531.44 2531.44 0.0 115539.0771
2545.58 2545.58 0.0 115461.1963
2559.73 2559.73 0.0 115384.5186
2573.87 2573.87 0.0 115309.1396
2588.01 2588.01 0.0 115234.9609
2602.15 2602.15 0.0 115161.9717
2616.3 2616.3 0.0 115090.0928
2630.44 2630.44 0.0 115019.4082
2644.58 2644.58 0.0 114949.8457
2658.72 2658.72 0.0 114881.3662
2672.86 2672.86 0.0 114813.9580
2687.01 2687.01 0.0 114747.5596
2701.15 2701.15 0.0 114682.2480
2715.29 2715.29 0.0 114617.9570
2729.43 2729.43 0.0 114554.6494
2743.57 2743.57 0.0 114492.3154
2757.72 2757.72 0.0 114430.9004
2771.86 2771.86 0.0 114370.4629
2786.0 2786.0 0.0 114310.9463
2800.14 2800.14 0.0 114252.3428
2814.28 2814.28 0.0 114194.6377
2828.43 2828.43 0.0 114137.7520
2842.57 2842.57 0.0 114081.7695
2856.71 2856.71 0.0 114026.6191
2870.85 2870.85 0.0 113972.2988
2885.0 2885.0 0.0 113918.7588
2899.14 2899.14 0.0 113866.0449
2913.28 2913.28 0.0 113814.1230
2927.42 2927.42 0.0 113762.9707
2941.56 2941.56 0.0 113712.5713
2955.71 2955.71 0.0 113662.8838
2969.85 2969.85 0.0 113613.9521
2983.99 2983.99 0.0 113565.7490
2998.13 2998.13 0.0 113518.2471
3012.27 3012.27 0.0 113471.4355
3026.42 3026.42 0.0 113425.2773
3040.56 3040.56 0.0 113379.8203
3054.7 3054.7 0.0 113335.0225
3068.84 3068.84 0.0 113290.8662
3082.99 3082.99 0.0 113247.3242
3097.13 3097.13 0.0 113204.4287
3111.27 3111.27 0.0 113162.1475
3125.41 3125.41 0.0 113120.4902
3139.55 3139.55 0.0 113079.4131
3153.7 3153.7 0.0 113038.8955
3167.84 3167.84 0.0 112998.9824
3181.98 3181.98 0.0 112959.6328
3196.12 3196.12 0.0 112920.8457
3210.26 3210.26 0.0 112882.6025
3224.41 3224.41 0.0 112844.8672
3238.55 3238.55 0.0 112807.6953
3252.69 3252.69 0.0 112771.0439
3266.83 3266.83 0.0 112734.9043
3280.98 3280.98 0.0 112699.2441
3295.12 3295.12 0.0 112664.1035
3309.26 3309.26 0.0 112629.4531
3323.4 3323.4 0.0 112595.2852
3337.54 3337.54 0.0 112561.5840
3351.69 3351.69 0.0 112528.3271
3365.83 3365.83 0.0 112495.5547
3379.97 3379.97 0.0 112463.2266
3394.11 3394.11 0.0 112431.3398
3408.25 3408.25 0.0 112399.8994
3422.4 3422.4 0.0 112368.8574
3436.54 3436.54 0.0 112338.2686
3450.68 3450.68 0.0 112308.0908
3464.82 3464.82 0.0 112278.3232
3478.97 3478.97 0.0 112248.9258
3493.11 3493.11 0.0 112219.9521
3507.25 3507.25 0.0 112191.3701
3521.39 3521.39 0.0 112163.1758
3535.53 3535.53 0.0 112135.3477
3549.68 3549.68 0.0 112107.8701
3563.82 3563.82 0.0 112080.7891
3577.96 3577.96 0.0 112054.0615
3592.1 3592.1 0.0 112027.6836
3606.24 3606.24 0.0 112001.6592
3620.39 3620.39 0.0 111975.9482
3634.53 3634.53 0.0 111950.5986
3648.67 3648.67 0.0 111925.5811
3662.81 3662.81 0.0 111900.8799
3676.96 3676.96 0.0 111876.4941
3691.1 3691.1 0.0 111852.4385
3705.24 3705.24 0.0 111828.6895
3719.38 3719.38 0.0 111805.2490
3733.52 3733.52 0.0 111782.1084
3747.67 3747.67 0.0 111759.2363
3761.81 3761.81 0.0 111736.6807
3775.95 3775.95 0.0 111714.4111
3790.09 3790.09 0.0 111692.4043
3804.23 3804.23 0.0 111670.6885
3818.38 3818.38 0.0 111649.2246
3832.52 3832.52 0.0 111628.0498
3846.66 3846.66 0.0 111607.1270
3860.8 3860.8 0.0 111586.4609
3874.95 3874.95 0.0 111566.0459
3889.09 3889.09 0.0 111545.8828
3903.23 3903.23 0.0 111525.9688
3917.37 3917.37 0.0 111506.2910
3931.51 3931.51 0.0 111486.8486
3945.66 3945.66 0.0 111467.6309
3959.8 3959.8 0.0 111448.6514
3973.94 3973.94 0.0 111429.9033
3988.08 3988.08 0.0 111411.3662
4002.22 4002.22 0.0 111393.0459
4016.37 4016.37 0.0 111374.9238
4030.51 4030.51 0.0 111357.0215
4044.65 4044.65 0.0 111339.3369
4058.79 4058.79 0.0 111321.8428
4072.94 4072.94 0.0 111304.5303
4087.08 4087.08 0.0 111287.4287
4101.22 4101.22 0.0 111270.5156
4115.36 4115.36 0.0 111253.7920
4129.5 4129.5 0.0 111237.2412
4143.65 4143.65 0.0 111220.8789
4157.79 4157.79 0.0 111204.6836
4171.93 4171.93 0.0 111188.6738
4186.07 4186.07 0.0 111172.8291
4200.21 4200.21 0.0 111157.1514
4214.36 4214.36 0.0 111141.6318
4228.5 4228.5 0.0 111126.2773
4242.64 4242.64 0.0 111111.0762
4256.78 4256.78 0.0 111096.0283
4270.92 4270.92 0.0 111081.1377
4285.07 4285.07 0.0 111066.3809
4299.21 4299.21 0.0 111051.7744
4313.35 4313.35 0.0 111037.3203
4327.49 4327.49 0.0 111022.9883
4341.64 4341.64 0.0 111008.7930
4355.78 4355.78 0.0 110994.7549
4369.92 4369.92 0.0 110980.8193
4384.06 4384.06 0.0 110967.0244
4398.2 4398.2 0.0 110953.3525
4412.35 4412.35 0.0 110939.7959
4426.49 4426.49 0.0 110926.3643
4440.63 4440.63 0.0 110913.0508
4454.77 4454.77 0.0 110899.8496
4468.91 4468.91 0.0 110886.7646
4483.06 4483.06 0.0 110873.7764
4497.2 4497.2 0.0 110860.9072
4511.34 4511.34 0.0 110848.1357
4525.48 4525.48 0.0 110835.4766
4539.63 4539.63 0.0 110822.8955
4553.77 4553.77 0.0 110810.4238
4567.91 4567.91 0.0 110798.0508
4582.05 4582.05 0.0 110785.7637
4596.19 4596.19 0.0 110773.5771
4610.34 4610.34 0.0 110761.4551
4624.48 4624.48 0.0 110749.4375
4638.62 4638.62 0.0 110737.5029
4652.76 4652.76 0.0 110725.6465
4666.9 4666.9 0.0 110713.8691
4681.05 4681.05 0.0 110702.1670
4695.19 4695.19 0.0 110690.5400
4709.33 4709.33 0.0 110678.9941
4723.47 4723.47 0.0 110667.5117
4737.62 4737.62 0.0 110656.0967
4751.76 4751.76 0.0 110644.7529
4765.9 4765.9 0.0 110633.4756
4780.04 4780.04 0.0 110622.2695
4794.18 4794.18 0.0 110611.1201
4808.33 4808.33 0.0 110600.0215
4822.47 4822.47 0.0 110589.0000
4836.61 4836.61 0.0 110578.0176
4850.75 4850.75 0.0 110567.0977
4864.89 4864.89 0.0 110556.2422
4879.04 4879.04 0.0 110545.4180
4893.18 4893.18 0.0 110534.6533
4907.32 4907.32 0.0 110523.9365
4921.46 4921.46 0.0 110513.2725
4935.61 4935.61 0.0 110502.6445
4949.75 4949.75 0.0 110492.0654
4963.89 4963.89 0.0 110481.5371
4978.03 4978.03 0.0 110471.0420
4992.17 4992.17 0.0 110460.5908
5006.32 5006.32 0.0 110450.1758
5020.46 5020.46 0.0 110439.7988
5034.6 5034.6 0.0 110429.4570
5048.74 5048.74 0.0 110419.1504
5062.88 5062.88 0.0 110408.8750
5077.03 5077.03 0.0 110398.6348
5091.17 5091.17 0.0 110388.4238
5105.31 5105.31 0.0 110378.2500
5119.45 5119.45 0.0 110368.1016
5133.6 5133.6 0.0 110357.9717
5147.74 5147.74 0.0 110347.8750
5161.88 5161.88 0.0 110337.8076
5176.02 5176.02 0.0 110327.7627
5190.16 5190.16 0.0 110317.7461
5204.31 5204.31 0.0 110307.7373
5218.45 5218.45 0.0 110297.7607
5232.59 5232.59 0.0 110287.8037
5246.73 5246.73 0.0 110277.8701
5260.87 5260.87 0.0 110267.9521
5275.02 5275.02 0.0 110258.0439
5289.16 5289.16 0.0 110248.1611
5303.3 5303.3 0.0 110238.3047
5317.44 5317.44 0.0 110228.4512
5331.59 5331.59 0.0 110218.6084
5345.73 5345.73 0.0 110208.7852
5359.87 5359.87 0.0 110198.9766
5374.01 5374.01 0.0 110189.1836
5388.15 5388.15 0.0 110179.4014
5402.3 5402.3 0.0 110169.6250
5416.44 5416.44 0.0 110159.8643
5430.58 5430.58 0.0 110150.1133
5444.72 5444.72 0.0 110140.3730
5458.86 5458.86 0.0 110130.6367
5473.01 5473.01 0.0 110120.9014
5487.15 5487.15 0.0 110111.1934
5501.29 5501.29 0.0 110101.4834
5515.43 5515.43 0.0 110091.7773
5529.58 5529.58 0.0 110082.0811
5543.72 5543.72 0.0 110072.3857
5557.86 5557.86 0.0 110062.7070
5572.0 5572.0 0.0 110053.0225
5586.14 5586.14 0.0 110043.3477
5600.29 5600.29 0.0 110033.6768
5614.43 5614.43 0.0 110024.0059
5628.57 5628.57 0.0 110014.3428
5642.71 5642.71 0.0 110004.6836
5656.85 5656.85 0.0 109995.0283
5671.0 5671.0 0.0 109985.3682
5685.14 5685.14 0.0 109975.7188
5699.28 5699.28 0.0 109966.0723
5713.42 5713.42 0.0 109956.4297
5727.56 5727.56 0.0 109946.7842
5741.71 5741.71 0.0 109937.1318
5755.85 5755.85 0.0 109927.4883
5769.99 5769.99 0.0 109917.8457
5784.13 5784.13 0.0 109908.2070
5798.28 5798.28 0.0 109898.5703
5812.42 5812.42 0.0 109888.9238
5826.56 5826.56 0.0 109879.2881
5840.7 5840.7 0.0 109869.6602
5854.84 5854.84 0.0 109860.0244
5868.99 5868.99 0.0 109850.3770
5883.13 5883.13 0.0 109840.7441
5897.27 5897.27 0.0 109831.1143
5911.41 5911.41 0.0 109821.4756
5925.55 5925.55 0.0 109811.8428
5939.7 5939.7 0.0 109802.2051
5953.84 5953.84 0.0 109792.5713
5967.98 5967.98 0.0 109782.9424
5982.12 5982.12 0.0 109773.3135
5996.27 5996.27 0.0 109763.6758
6010.41 6010.41 0.0 109754.0488
6024.55 6024.55 0.0 109744.4160
6038.69 6038.69 0.0 109734.7910
6052.83 6052.83 0.0 109725.1641
6066.98 6066.98 0.0 109715.5293
6081.12 6081.12 0.0 109705.9092
6095.26 6095.26 0.0 109696.2842
6109.4 6109.4 0.0 109686.6582
6123.54 6123.54 0.0 109677.0420
6137.69 6137.69 0.0 109667.4189
6151.83 6151.83 0.0 109657.7969
6165.97 6165.97 0.0 109648.1885
6180.11 6180.11 0.0 109638.5742
6194.26 6194.26 0.0 109628.9541
6208.4 6208.4 0.0 109619.3506
6222.54 6222.54 0.0 109609.7490
6236.68 6236.68 0.0 109600.1475
6250.82 6250.82 0.0 109590.5527
6264.97 6264.97 0.0 109580.9551
6279.11 6279.11 0.0 109571.3623
6293.25 6293.25 0.0 109561.7812
6307.39 6307.39 0.0 109552.2002
6321.53 6321.53 0.0 109542.6221
6335.68 6335.68 0.0 109533.0430
6349.82 6349.82 0.0 109523.4795
6363.96 6363.96 0.0 109513.9189
6378.1 6378.1 0.0 109504.3657
6392.25 6392.25 0.0 109494.8076
6406.39 6406.39 0.0 109485.2690
6420.53 6420.53 0.0 109475.7339
6434.67 6434.67 0.0 109466.2056
6448.81 6448.81 0.0 109456.6885
6462.96 6462.96 0.0 109447.1641
6477.1 6477.1 0.0 109437.6646
6491.24 6491.24 0.0 109428.1660
6505.38 6505.38 0.0 109418.6772
6519.52 6519.52 0.0 109409.1992
6533.67 6533.67 0.0 109399.7261
6547.81 6547.81 0.0 109390.2603
6561.95 6561.95 0.0 109380.8193
6576.09 6576.09 0.0 109371.3745
6590.24 6590.24 0.0 109361.9458
6604.38 6604.38 0.0 109352.5273
6618.52 6618.52 0.0 109343.1240
6632.66 6632.66 0.0 109333.7305
6646.8 6646.8 0.0 109324.3521
6660.95 6660.95 0.0 109314.9702
6675.09 6675.09 0.0 109305.6216
6689.23 6689.23 0.0 109296.2842
6703.37 6703.37 0.0 109286.9541
6717.51 6717.51 0.0 109277.6416
6731.66 6731.66 0.0 109268.3398
6745.8 6745.8 0.0 109259.0532
6759.94 6759.94 0.0 109249.7886
6774.08 6774.08 0.0 109240.5386
6788.23 6788.23 0.0 109231.2964
6802.37 6802.37 0.0 109222.0781
6816.51 6816.51 0.0 109212.8721
6830.65 6830.65 0.0 109203.6948
6844.79 6844.79 0.0 109194.5249
6858.94 6858.94 0.0 109185.3682
6873.08 6873.08 0.0 109176.2412
6887.22 6887.22 0.0 109167.1328
6901.36 6901.36 0.0 109158.0420
6915.5 6915.5 0.0 109148.9702
6929.65 6929.65 0.0 109139.9150
6943.79 6943.79 0.0 109130.8848
6957.93 6957.93 0.0 109121.8735
6972.07 6972.07 0.0 109112.8901
6986.21 6986.21 0.0 109103.9214
7000.36 7000.36 0.0 109094.9658
7014.5 7014.5 0.0 109086.0552
7028.64 7028.64 0.0 109077.1533
7042.78 7042.78 0.0 109068.2773
7056.93 7056.93 0.0 109059.4253
7071.07 7071.07 0.0 109050.5986
7085.21 7085.21 0.0 109041.7964
7099.35 7099.35 0.0 109033.0190
7113.49 7113.49 0.0 109024.2656
7127.64 7127.64 0.0 109015.5449
7141.78 7141.78 0.0 109006.8403
7155.92 7155.92 0.0 108998.1650
7170.06 7170.06 0.0 108989.5171
7184.2 7184.2 0.0 108980.9038
7198.35 7198.35 0.0 108972.3120
7212.49 7212.49 0.0 108963.7437
7226.63 7226.63 0.0 108955.2100
7240.77 7240.77 0.0 108946.7007
7254.92 7254.92 0.0 108938.2188
7269.06 7269.06 0.0 108929.7759
7283.2 7283.2 0.0 108921.3564
7297.34 7297.34 0.0 108912.9668
7311.48 7311.48 0.0 108904.6128
7325.63 7325.63 0.0 108896.2861
7339.77 7339.77 0.0 108887.9932
7353.91 7353.91 0.0 108879.7339
7368.05 7368.05 0.0 108871.4990
7382.19 7382.19 0.0 108863.3008
7396.34 7396.34 0.0 108855.1338
7410.48 7410.48 0.0 108847.0034
7424.62 7424.62 0.0 108838.8999
7438.76 7438.76 0.0 108830.8369
7452.91 7452.91 0.0 108822.7974
7467.05 7467.05 0.0 108814.8052
7481.19 7481.19 0.0 108806.8389
7495.33 7495.33 0.0 108798.9102
7509.47 7509.47 0.0 108791.0181
7523.62 7523.62 0.0 108783.1587
7537.76 7537.76 0.0 108775.3433
7551.9 7551.9 0.0 108767.5498
7566.04 7566.04 0.0 108759.8071
7580.18 7580.18 0.0 108752.0972
7594.33 7594.33 0.0 108744.4160
7608.47 7608.47 0.0 108736.7788
7622.61 7622.61 0.0 108729.1802
7636.75 7636.75 0.0 108721.6108
7650.9 7650.9 0.0 108714.0884
7665.04 7665.04 0.0 108706.6079
7679.18 7679.18 0.0 108699.1592
7693.32 7693.32 0.0 108691.7461
7707.46 7707.46 0.0 108684.3794
7721.61 7721.61 0.0 108677.0439
7735.75 7735.75 0.0 108669.7510
7749.89 7749.89 0.0 108662.5034
7764.03 7764.03 0.0 108655.2910
7778.17 7778.17 0.0 108648.1201
