0.0 0.0 0.0 423979.7500
14.1421 14.1421 0.0 2208786.7500
28.2843 28.2843 0.0 1381132.6250
42.4264 42.4264 0.0 852997.1875
56.5685 56.5685 0.0 559291.8438
70.7107 70.7107 0.0 398451.3125
84.8528 84.8528 0.0 306716.8594
98.9949 98.9949 0.0 251238.9062
113.137 113.137 0.0 215671.0703
127.279 127.279 0.0 191654.6172
141.421 141.421 0.0 174707.0000
155.563 155.563 0.0 162297.7812
169.706 169.706 0.0 152926.5898
183.848 183.848 0.0 145665.5039
197.99 197.99 0.0 139915.1758
212.132 212.132 0.0 135276.3398
226.274 226.274 0.0 131474.4375
240.416 240.416 0.0 128315.5918
254.558 254.558 0.0 125659.6660
268.701 268.701 0.0 123402.9570
282.843 282.843 0.0 121467.9727
296.985 296.985 0.0 119795.0312
311.127 311.127 0.0 118337.9434
325.269 325.269 0.0 117060.4287
339.411 339.411 0.0 115933.5674
353.553 353.553 0.0 114934.1484
367.696 367.696 0.0 114043.2471
381.838 381.838 0.0 113245.5029
395.98 395.98 0.0 112528.1152
410.122 410.122 0.0 111880.4141
424.264 424.264 0.0 111293.5088
438.406 438.406 0.0 110759.8740
452.548 452.548 0.0 110273.1367
466.69 466.69 0.0 109827.8525
480.833 480.833 0.0 109419.3228
494.975 494.975 0.0 109043.5928
509.117 509.117 0.0 108697.1484
523.259 523.259 0.0 108376.9604
537.401 537.401 0.0 108080.3945
551.543 551.543 0.0 107805.1274
565.685 565.685 0.0 107549.1318
579.828 579.828 0.0 107310.6016
593.97 593.97 0.0 107087.9697
608.112 608.112 0.0 106879.8257
622.254 622.254 0.0 106684.9009
636.396 636.396 0.0 106502.0806
650.538 650.538 0.0 106330.3652
664.68 664.68 0.0 106168.8481
678.823 678.823 0.0 106016.7246
692.965 692.965 0.0 105873.2700
707.107 707.107 0.0 105737.8276
721.249 721.249 0.0 105609.7983
735.391 735.391 0.0 105488.6309
749.533 749.533 0.0 105373.8430
763.675 763.675 0.0 105264.9900
777.817 777.817 0.0 105161.6570
791.96 791.96 0.0 105063.4658
806.102 806.102 0.0 104970.0896
820.244 820.244 0.0 104881.2043
834.386 834.386 0.0 104796.5249
848.528 848.528 0.0 104715.7878
862.67 862.67 0.0 104638.7488
876.812 876.812 0.0 104565.1814
890.955 890.955 0.0 104494.8740
905.097 905.097 0.0 104427.6462
919.239 919.239 0.0 104363.3115
933.381 933.381 0.0 104301.7102
947.523 947.523 0.0 104242.6868
961.665 961.665 0.0 104186.0984
975.807 975.807 0.0 104131.8115
989.949 989.949 0.0 104079.7061
1004.09 1004.09 0.0 104029.6685
1018.23 1018.23 0.0 103981.5942
1032.38 1032.38 0.0 103935.3433
1046.52 1046.52 0.0 103890.8875
1060.66 1060.66 0.0 103848.1082
1074.8 1074.8 0.0 103806.9241
1088.94 1088.94 0.0 103767.2571
1103.09 1103.09 0.0 103729.0081
1117.23 1117.23 0.0 103692.1626
1131.37 1131.37 0.0 103656.6306
1145.51 1145.51 0.0 103622.3499
1159.66 1159.66 0.0 103589.2446
1173.8 1173.8 0.0 103557.3059
1187.94 1187.94 0.0 103526.4565
1202.08 1202.08 0.0 103496.6538
1216.22 1216.22 0.0 103467.8521
1230.37 1230.37 0.0 103439.9897
1244.51 1244.51 0.0 103413.0642
1258.65 1258.65 0.0 103387.0166
1272.79 1272.79 0.0 103361.8143
1286.93 1286.93 0.0 103337.4230
1301.08 1301.08 0.0 103313.7924
1315.22 1315.22 0.0 103290.9270
1329.36 1329.36 0.0 103268.7778
1343.5 1343.5 0.0 103247.3202
1357.65 1357.65 0.0 103226.5104
1371.79 1371.79 0.0 103206.3567
1385.93 1385.93 0.0 103186.8164
1400.07 1400.07 0.0 103167.8713
1414.21 1414.21 0.0 103149.4968
1428.36 1428.36 0.0 103131.6583
1442.5 1442.5 0.0 103114.3665
1456.64 1456.64 0.0 103097.5845
1470.78 1470.78 0.0 103081.2996
1484.92 1484.92 0.0 103065.4907
1499.07 1499.07 0.0 103050.1354
1513.21 1513.21 0.0 103035.2325
1527.35 1527.35 0.0 103020.7635
1541.49 1541.49 0.0 103006.7094
1555.63 1555.63 0.0 102993.0592
1569.78 1569.78 0.0 102979.7893
1583.92 1583.92 0.0 102966.9097
1598.06 1598.06 0.0 102954.3911
1612.2 1612.2 0.0 102942.2283
1626.35 1626.35 0.0 102930.4017
1640.49 1640.49 0.0 102918.9152
1654.63 1654.63 0.0 102907.7505
1668.77 1668.77 0.0 102896.9005
1682.91 1682.91 0.0 102886.3519
1697.06 1697.06 0.0 102876.0919
1711.2 1711.2 0.0 102866.1249
1725.34 1725.34 0.0 102856.4355
1739.48 1739.48 0.0 102847.0144
1753.62 1753.62 0.0 102837.8558
1767.77 1767.77 0.0 102828.9453
1781.91 1781.91 0.0 102820.2908
1796.05 1796.05 0.0 102811.8738
1810.19 1810.19 0.0 102803.6915
1824.34 1824.34 0.0 102795.7324
1838.48 1838.48 0.0 102788.0007
1852.62 1852.62 0.0 102780.4829
1866.76 1866.76 0.0 102773.1742
1880.9 1880.9 0.0 102766.0732
1895.05 1895.05 0.0 102759.1642
1909.19 1909.19 0.0 102752.4563
1923.33 1923.33 0.0 102745.9340
1937.47 1937.47 0.0 102739.5972
1951.61 1951.61 0.0 102733.4403
1965.76 1965.76 0.0 102727.4545
1979.9 1979.9 0.0 102721.6439
1994.04 1994.04 0.0 102715.9979
2008.18 2008.18 0.0 102710.5179
2022.33 2022.33 0.0 102705.1910
2036.47 2036.47 0.0 102700.0236
2050.61 2050.61 0.0 102695.0073
2064.75 2064.75 0.0 102690.1367
2078.89 2078.89 0.0 102685.4119
2093.04 2093.04 0.0 102680.8253
2107.18 2107.18 0.0 102676.3806
2121.32 2121.32 0.0 102672.0679
2135.46 2135.46 0.0 102667.8892
2149.6 2149.6 0.0 102663.8369
2163.75 2163.75 0.0 102659.9091
2177.89 2177.89 0.0 102656.1073
2192.03 2192.03 0.0 102652.4258
2206.17 2206.17 0.0 102648.8612
2220.32 2220.32 0.0 102645.4105
2234.46 2234.46 0.0 102642.0730
2248.6 2248.6 0.0 102638.8485
2262.74 2262.74 0.0 102635.7306
2276.88 2276.88 0.0 102632.7186
2291.03 2291.03 0.0 102629.8091
2305.17 2305.17 0.0 102627.0042
2319.31 2319.31 0.0 102624.2955
2333.45 2333.45 0.0 102621.6862
2347.59 2347.59 0.0 102619.1718
2361.74 2361.74 0.0 102616.7498
2375.88 2375.88 0.0 102614.4219
2390.02 2390.02 0.0 102612.1837
2404.16 2404.16 0.0 102610.0343
2418.31 2418.31 0.0 102607.9692
2432.45 2432.45 0.0 102605.9894
2446.59 2446.59 0.0 102604.0941
2460.73 2460.73 0.0 102602.2815
2474.87 2474.87 0.0 102600.5468
2489.02 2489.02 0.0 102598.8909
2503.16 2503.16 0.0 102597.3134
2517.3 2517.3 0.0 102595.8119
2531.44 2531.44 0.0 102594.3848
2545.58 2545.58 0.0 102593.0305
2559.73 2559.73 0.0 102591.7458
2573.87 2573.87 0.0 102590.5343
2588.01 2588.01 0.0 102589.3921
2602.15 2602.15 0.0 102588.3181
2616.3 2616.3 0.0 102587.3090
2630.44 2630.44 0.0 102586.3668
2644.58 2644.58 0.0 102585.4882
2658.72 2658.72 0.0 102584.6758
2672.86 2672.86 0.0 102583.9244
2687.01 2687.01 0.0 102583.2324
2701.15 2701.15 0.0 102582.6029
2715.29 2715.29 0.0 102582.0314
2729.43 2729.43 0.0 102581.5187
2743.57 2743.57 0.0 102581.0625
2757.72 2757.72 0.0 102580.6639
2771.86 2771.86 0.0 102580.3206
2786.0 2786.0 0.0 102580.0316
2800.14 2800.14 0.0 102579.7966
2814.28 2814.28 0.0 102579.6144
2828.43 2828.43 0.0 102579.4834
2842.57 2842.57 0.0 102579.4038
2856.71 2856.71 0.0 102579.3768
2870.85 2870.85 0.0 102579.3960
2885.0 2885.0 0.0 102579.4659
2899.14 2899.14 0.0 102579.5825
2913.28 2913.28 0.0 102579.7476
2927.42 2927.42 0.0 102579.9592
2941.56 2941.56 0.0 102580.2158
2955.71 2955.71 0.0 102580.5184
2969.85 2969.85 0.0 102580.8651
2983.99 2983.99 0.0 102581.2565
2998.13 2998.13 0.0 102581.6895
3012.27 3012.27 0.0 102582.1674
3026.42 3026.42 0.0 102582.6851
3040.56 3040.56 0.0 102583.2462
3054.7 3054.7 0.0 102583.8453
3068.84 3068.84 0.0 102584.4862
3082.99 3082.99 0.0 102585.1663
3097.13 3097.13 0.0 102585.8843
3111.27 3111.27 0.0 102586.6439
