0.0 0.0 0.0 320575.3750
14.1421 14.1421 0.0 1219586.1250
28.2843 28.2843 0.0 1364312.3750
42.4264 42.4264 0.0 1398435.8750
56.5685 56.5685 0.0 1388366.3750
70.7107 70.7107 0.0 1356217.1250
84.8528 84.8528 0.0 1312066.6250
98.9949 98.9949 0.0 1261335.2500
113.137 113.137 0.0 1207255.1250
127.279 127.279 0.0 1151881.2500
141.421 141.421 0.0 1096570.3125
155.563 155.563 0.0 1042236.5000
169.706 169.706 0.0 989491.8750
183.848 183.848 0.0 938755.1875
197.99 197.99 0.0 890280.9375
212.132 212.132 0.0 844221.4375
226.274 226.274 0.0 800646.6875
240.416 240.416 0.0 759568.9375
254.558 254.558 0.0 720954.6875
268.701 268.701 0.0 684738.3750
282.843 282.843 0.0 650838.2500
296.985 296.985 0.0 619150.1250
311.127 311.127 0.0 589563.3750
325.269 325.269 0.0 561961.7500
339.411 339.411 0.0 536227.4062
353.553 353.553 0.0 512243.1875
367.696 367.696 0.0 489892.7812
381.838 381.838 0.0 469068.0938
395.98 395.98 0.0 449661.4375
410.122 410.122 0.0 431572.0000
424.264 424.264 0.0 414704.2500
438.406 438.406 0.0 398968.8438
452.548 452.548 0.0 384282.0625
466.69 466.69 0.0 370566.1562
480.833 480.833 0.0 357747.7031
494.975 494.975 0.0 345761.2969
509.117 509.117 0.0 334543.9219
523.259 523.259 0.0 324038.2188
537.401 537.401 0.0 314191.2812
551.543 551.543 0.0 304954.2344
565.685 565.685 0.0 296282.1094
579.828 579.828 0.0 288133.1094
593.97 593.97 0.0 280470.1562
608.112 608.112 0.0 273257.6562
622.254 622.254 0.0 266463.2969
636.396 636.396 0.0 260057.4531
650.538 650.538 0.0 254012.8281
664.68 664.68 0.0 248304.2031
678.823 678.823 0.0 242908.1250
692.965 692.965 0.0 237803.9062
707.107 707.107 0.0 232971.4531
721.249 721.249 0.0 228392.7422
735.391 735.391 0.0 224051.0078
749.533 749.533 0.0 219930.6484
763.675 763.675 0.0 216017.4609
777.817 777.817 0.0 212298.2812
791.96 791.96 0.0 208760.5703
806.102 806.102 0.0 205393.4219
820.244 820.244 0.0 202186.2969
834.386 834.386 0.0 199129.3281
848.528 848.528 0.0 196213.5078
862.67 862.67 0.0 193430.4375
876.812 876.812 0.0 190772.3984
890.955 890.955 0.0 188231.8906
905.097 905.097 0.0 185802.5859
919.239 919.239 0.0 183477.9844
933.381 933.381 0.0 181252.2422
947.523 947.523 0.0 179119.9609
961.665 961.665 0.0 177075.9609
975.807 975.807 0.0 175115.5156
989.949 989.949 0.0 173234.1719
1004.09 1004.09 0.0 171427.8750
1018.23 1018.23 0.0 169692.7734
1032.38 1032.38 0.0 168023.8281
1046.52 1046.52 0.0 166420.0586
1060.66 1060.66 0.0 164877.0156
1074.8 1074.8 0.0 163391.7148
1088.94 1088.94 0.0 161961.2500
1103.09 1103.09 0.0 160582.0664
1117.23 1117.23 0.0 159253.5898
1131.37 1131.37 0.0 157972.4375
1145.51 1145.51 0.0 156736.4570
1159.66 1159.66 0.0 155542.6992
1173.8 1173.8 0.0 154390.8672
1187.94 1187.94 0.0 153278.1875
1202.08 1202.08 0.0 152202.9844
1216.22 1216.22 0.0 151163.5508
1230.37 1230.37 0.0 150157.6172
1244.51 1244.51 0.0 149185.1680
1258.65 1258.65 0.0 148243.9766
1272.79 1272.79 0.0 147332.7695
1286.93 1286.93 0.0 146450.3086
1301.08 1301.08 0.0 145594.7539
1315.22 1315.22 0.0 144766.2031
1329.36 1329.36 0.0 143962.9258
1343.5 1343.5 0.0 143183.9492
1357.65 1357.65 0.0 142427.7617
1371.79 1371.79 0.0 141694.4727
1385.93 1385.93 0.0 140982.7070
1400.07 1400.07 0.0 140291.5977
1414.21 1414.21 0.0 139620.3516
1428.36 1428.36 0.0 138967.7930
1442.5 1442.5 0.0 138334.0625
1456.64 1456.64 0.0 137718.0352
1470.78 1470.78 0.0 137119.0508
1484.92 1484.92 0.0 136536.4648
1499.07 1499.07 0.0 135969.3320
1513.21 1513.21 0.0 135417.8359
1527.35 1527.35 0.0 134881.0312
1541.49 1541.49 0.0 134358.4297
1555.63 1555.63 0.0 133849.5000
1569.78 1569.78 0.0 133353.4219
1583.92 1583.92 0.0 132870.4570
1598.06 1598.06 0.0 132399.7832
1612.2 1612.2 0.0 131941.0215
1626.35 1626.35 0.0 131493.4414
1640.49 1640.49 0.0 131057.2812
1654.63 1654.63 0.0 130631.8730
1668.77 1668.77 0.0 130216.8438
1682.91 1682.91 0.0 129811.8652
1697.06 1697.06 0.0 129416.3477
1711.2 1711.2 0.0 129030.5176
1725.34 1725.34 0.0 128653.8125
1739.48 1739.48 0.0 128285.9258
1753.62 1753.62 0.0 127926.6055
1767.77 1767.77 0.0 127575.3125
1781.91 1781.91 0.0 127232.2891
1796.05 1796.05 0.0 126897.0840
1810.19 1810.19 0.0 126569.4160
1824.34 1824.34 0.0 126248.8535
1838.48 1838.48 0.0 125935.6152
1852.62 1852.62 0.0 125629.2793
1866.76 1866.76 0.0 125329.6445
1880.9 1880.9 0.0 125036.4844
1895.05 1895.05 0.0 124749.4570
1909.19 1909.19 0.0 124468.7422
1923.33 1923.33 0.0 124193.9883
1937.47 1937.47 0.0 123925.0156
1951.61 1951.61 0.0 123661.6758
1965.76 1965.76 0.0 123403.6055
1979.9 1979.9 0.0 123151.0469
1994.04 1994.04 0.0 122903.6621
2008.18 2008.18 0.0 122661.2969
2022.33 2022.33 0.0 122423.6484
2036.47 2036.47 0.0 122190.9355
2050.61 2050.61 0.0 121962.8633
2064.75 2064.75 0.0 121739.2773
2078.89 2078.89 0.0 121520.0996
2093.04 2093.04 0.0 121305.0449
2107.18 2107.18 0.0 121094.2988
2121.32 2121.32 0.0 120887.6113
2135.46 2135.46 0.0 120684.8789
2149.6 2149.6 0.0 120486.0000
2163.75 2163.75 0.0 120290.7422
2177.89 2177.89 0.0 120099.2812
2192.03 2192.03 0.0 119911.3848
2206.17 2206.17 0.0 119726.9766
2220.32 2220.32 0.0 119545.8281
2234.46 2234.46 0.0 119368.1387
2248.6 2248.6 0.0 119193.6660
2262.74 2262.74 0.0 119022.3477
2276.88 2276.88 0.0 118854.1055
2291.03 2291.03 0.0 118688.7461
2305.17 2305.17 0.0 118526.4551
2319.31 2319.31 0.0 118367.0215
2333.45 2333.45 0.0 118210.3789
2347.59 2347.59 0.0 118056.4785
2361.74 2361.74 0.0 117905.1426
2375.88 2375.88 0.0 117756.5156
2390.02 2390.02 0.0 117610.4385
2404.16 2404.16 0.0 117466.8545
2418.31 2418.31 0.0 117325.6133
2432.45 2432.45 0.0 117186.8486
2446.59 2446.59 0.0 117050.4131
2460.73 2460.73 0.0 116916.2500
2474.87 2474.87 0.0 116784.3174
2489.02 2489.02 0.0 116654.4746
2503.16 2503.16 0.0 116526.8496
2517.3 2517.3 0.0 116401.3135
2531.44 2531.44 0.0 116277.8193
2545.58 2545.58 0.0 116156.3242
2559.73 2559.73 0.0 116036.6943
2573.87 2573.87 0.0 115919.0732
2588.01 2588.01 0.0 115803.3096
2602.15 2602.15 0.0 115689.3984
2616.3 2616.3 0.0 115577.1982
2630.44 2630.44 0.0 115466.8389
2644.58 2644.58 0.0 115358.2070
2658.72 2658.72 0.0 115251.2529
2672.86 2672.86 0.0 115145.9658
2687.01 2687.01 0.0 115042.2363
2701.15 2701.15 0.0 114940.1572
2715.29 2715.29 0.0 114839.6455
2729.43 2729.43 0.0 114740.6582
2743.57 2743.57 0.0 114643.1602
2757.72 2757.72 0.0 114547.0693
2771.86 2771.86 0.0 114452.4932
2786.0 2786.0 0.0 114359.3301
2800.14 2800.14 0.0 114267.5410
2814.28 2814.28 0.0 114177.1191
2828.43 2828.43 0.0 114087.9717
2842.57 2842.57 0.0 114000.1895
2856.71 2856.71 0.0 113913.7002
2870.85 2870.85 0.0 113828.4609
2885.0 2885.0 0.0 113744.4053
2899.14 2899.14 0.0 113661.6260
2913.28 2913.28 0.0 113580.0283
2927.42 2927.42 0.0 113499.6074
2941.56 2941.56 0.0 113420.3467
2955.71 2955.71 0.0 113342.1406
2969.85 2969.85 0.0 113265.0996
2983.99 2983.99 0.0 113189.1553
2998.13 2998.13 0.0 113114.2803
3012.27 3012.27 0.0 113040.4443
3026.42 3026.42 0.0 112967.5947
3040.56 3040.56 0.0 112895.8096
3054.7 3054.7 0.0 112825.0264
3068.84 3068.84 0.0 112755.2139
3082.99 3082.99 0.0 112686.3193
3097.13 3097.13 0.0 112618.4219
3111.27 3111.27 0.0 112551.4385
3125.41 3125.41 0.0 112485.3896
3139.55 3139.55 0.0 112420.2334
3153.7 3153.7 0.0 112355.9033
3167.84 3167.84 0.0 112292.4922
3181.98 3181.98 0.0 112229.9287
3196.12 3196.12 0.0 112168.2188
3210.26 3210.26 0.0 112107.3330
3224.41 3224.41 0.0 112047.2090
3238.55 3238.55 0.0 111987.9287
3252.69 3252.69 0.0 111929.4326
3266.83 3266.83 0.0 111871.7061
3280.98 3280.98 0.0 111814.7100
3295.12 3295.12 0.0 111758.4951
3309.26 3309.26 0.0 111703.0127
3323.4 3323.4 0.0 111648.2695
3337.54 3337.54 0.0 111594.2236
3351.69 3351.69 0.0 111540.8467
3365.83 3365.83 0.0 111488.1992
3379.97 3379.97 0.0 111436.2285
3394.11 3394.11 0.0 111384.9336
3408.25 3408.25 0.0 111334.2920
3422.4 3422.4 0.0 111284.2666
3436.54 3436.54 0.0 111234.9141
3450.68 3450.68 0.0 111186.1924
3464.82 3464.82 0.0 111138.0742
3478.97 3478.97 0.0 111090.5400
3493.11 3493.11 0.0 111043.6465
3507.25 3507.25 0.0 110997.3389
3521.39 3521.39 0.0 110951.6123
3535.53 3535.53 0.0 110906.4639
3549.68 3549.68 0.0 110861.8389
3563.82 3563.82 0.0 110817.8076
3577.96 3577.96 0.0 110774.3262
3592.1 3592.1 0.0 110731.3760
3606.24 3606.24 0.0 110688.9668
3620.39 3620.39 0.0 110647.0488
3634.53 3634.53 0.0 110605.6670
3648.67 3648.67 0.0 110564.7998
3662.81 3662.81 0.0 110524.4336
3676.96 3676.96 0.0 110484.5273
3691.1 3691.1 0.0 110445.1406
3705.24 3705.24 0.0 110406.2266
3719.38 3719.38 0.0 110367.7871
3733.52 3733.52 0.0 110329.8145
3747.67 3747.67 0.0 110292.2725
3761.81 3761.81 0.0 110255.2129
3775.95 3775.95 0.0 110218.5889
3790.09 3790.09 0.0 110182.4033
3804.23 3804.23 0.0 110146.6582
3818.38 3818.38 0.0 110111.3008
3832.52 3832.52 0.0 110076.3984
3846.66 3846.66 0.0 110041.9023
3860.8 3860.8 0.0 110007.8232
3874.95 3874.95 0.0 109974.1094
3889.09 3889.09 0.0 109940.8291
3903.23 3903.23 0.0 109907.9287
3917.37 3917.37 0.0 109875.4219
3931.51 3931.51 0.0 109843.2803
3945.66 3945.66 0.0 109811.5049
3959.8 3959.8 0.0 109780.1113
3973.94 3973.94 0.0 109749.0830
3988.08 3988.08 0.0 109718.4141
4002.22 4002.22 0.0 109688.0996
4016.37 4016.37 0.0 109658.1113
4030.51 4030.51 0.0 109628.4775
4044.65 4044.65 0.0 109599.1895
4058.79 4058.79 0.0 109570.2344
4072.94 4072.94 0.0 109541.5840
4087.08 4087.08 0.0 109513.2852
4101.22 4101.22 0.0 109485.3042
4115.36 4115.36 0.0 109457.6309
4129.5 4129.5 0.0 109430.2715
4143.65 4143.65 0.0 109403.2056
4157.79 4157.79 0.0 109376.4512
4171.93 4171.93 0.0 109349.9961
4186.07 4186.07 0.0 109323.8325
4200.21 4200.21 0.0 109297.9575
4214.36 4214.36 0.0 109272.3594
4228.5 4228.5 0.0 109247.0488
4242.64 4242.64 0.0 109222.0220
4256.78 4256.78 0.0 109197.2603
4270.92 4270.92 0.0 109172.7749
4285.07 4285.07 0.0 109148.5352
4299.21 4299.21 0.0 109124.5737
4313.35 4313.35 0.0 109100.8735
4327.49 4327.49 0.0 109077.4258
4341.64 4341.64 0.0 109054.2104
4355.78 4355.78 0.0 109031.2578
4369.92 4369.92 0.0 109008.5488
4384.06 4384.06 0.0 108986.0840
4398.2 4398.2 0.0 108963.8521
4412.35 4412.35 0.0 108941.8291
4426.49 4426.49 0.0 108920.0791
4440.63 4440.63 0.0 108898.5337
4454.77 4454.77 0.0 108877.2153
4468.91 4468.91 0.0 108856.1172
4483.06 4483.06 0.0 108835.2241
4497.2 4497.2 0.0 108814.5630
4511.34 4511.34 0.0 108794.1040
4525.48 4525.48 0.0 108773.8643
4539.63 4539.63 0.0 108753.8086
4553.77 4553.77 0.0 108733.9692
4567.91 4567.91 0.0 108714.3374
4582.05 4582.05 0.0 108694.8896
4596.19 4596.19 0.0 108675.6436
4610.34 4610.34 0.0 108656.5728
4624.48 4624.48 0.0 108637.7012
4638.62 4638.62 0.0 108619.0229
4652.76 4652.76 0.0 108600.5200
4666.9 4666.9 0.0 108582.2021
4681.05 4681.05 0.0 108564.0508
4695.19 4695.19 0.0 108546.0811
4709.33 4709.33 0.0 108528.2896
4723.47 4723.47 0.0 108510.6655
4737.62 4737.62 0.0 108493.1963
4751.76 4751.76 0.0 108475.9150
4765.9 4765.9 0.0 108458.7842
4780.04 4780.04 0.0 108441.8262
4794.18 4794.18 0.0 108425.0161
4808.33 4808.33 0.0 108408.3535
4822.47 4822.47 0.0 108391.8540
4836.61 4836.61 0.0 108375.5166
4850.75 4850.75 0.0 108359.3208
4864.89 4864.89 0.0 108343.2783
4879.04 4879.04 0.0 108327.3623
4893.18 4893.18 0.0 108311.6084
4907.32 4907.32 0.0 108295.9897
4921.46 4921.46 0.0 108280.5181
4935.61 4935.61 0.0 108265.1719
4949.75 4949.75 0.0 108249.9653
4963.89 4963.89 0.0 108234.8975
4978.03 4978.03 0.0 108219.9604
4992.17 4992.17 0.0 108205.1533
5006.32 5006.32 0.0 108190.4634
5020.46 5020.46 0.0 108175.9150
5034.6 5034.6 0.0 108161.4878
5048.74 5048.74 0.0 108147.1855
5062.88 5062.88 0.0 108133.0005
5077.03 5077.03 0.0 108118.9253
5091.17 5091.17 0.0 108104.9824
5105.31 5105.31 0.0 108091.1519
5119.45 5119.45 0.0 108077.4390
5133.6 5133.6 0.0 108063.8306
5147.74 5147.74 0.0 108050.3350
5161.88 5161.88 0.0 108036.9565
5176.02 5176.02 0.0 108023.6841
5190.16 5190.16 0.0 108010.5210
5204.31 5204.31 0.0 107997.4561
5218.45 5218.45 0.0 107984.4990
5232.59 5232.59 0.0 107971.6484
5246.73 5246.73 0.0 107958.8931
5260.87 5260.87 0.0 107946.2461
5275.02 5275.02 0.0 107933.6836
5289.16 5289.16 0.0 107921.2349
5303.3 5303.3 0.0 107908.8706
5317.44 5317.44 0.0 107896.6089
5331.59 5331.59 0.0 107884.4302
5345.73 5345.73 0.0 107872.3511
5359.87 5359.87 0.0 107860.3721
5374.01 5374.01 0.0 107848.4746
5388.15 5388.15 0.0 107836.6685
5402.3 5402.3 0.0 107824.9404
5416.44 5416.44 0.0 107813.3076
5430.58 5430.58 0.0 107801.7622
5444.72 5444.72 0.0 107790.2988
5458.86 5458.86 0.0 107778.9204
5473.01 5473.01 0.0 107767.6143
5487.15 5487.15 0.0 107756.4014
5501.29 5501.29 0.0 107745.2686
5515.43 5515.43 0.0 107734.2124
5529.58 5529.58 0.0 107723.2310
5543.72 5543.72 0.0 107712.3311
5557.86 5557.86 0.0 107701.5083
5572.0 5572.0 0.0 107690.7632
5586.14 5586.14 0.0 107680.0913
5600.29 5600.29 0.0 107669.4849
5614.43 5614.43 0.0 107658.9658
5628.57 5628.57 0.0 107648.5063
5642.71 5642.71 0.0 107638.1299
5656.85 5656.85 0.0 107627.8213
5671.0 5671.0 0.0 107617.5806
5685.14 5685.14 0.0 107607.4102
5699.28 5699.28 0.0 107597.3066
5713.42 5713.42 0.0 107587.2759
5727.56 5727.56 0.0 107577.3022
5741.71 5741.71 0.0 107567.4019
5755.85 5755.85 0.0 107557.5669
5769.99 5769.99 0.0 107547.8008
5784.13 5784.13 0.0 107538.0908
5798.28 5798.28 0.0 107528.4492
5812.42 5812.42 0.0 107518.8701
5826.56 5826.56 0.0 107509.3584
5840.7 5840.7 0.0 107499.9019
5854.84 5854.84 0.0 107490.5103
5868.99 5868.99 0.0 107481.1763
5883.13 5883.13 0.0 107471.9097
5897.27 5897.27 0.0 107462.6973
5911.41 5911.41 0.0 107453.5513
5925.55 5925.55 0.0 107444.4536
5939.7 5939.7 0.0 107435.4189
5953.84 5953.84 0.0 107426.4438
5967.98 5967.98 0.0 107417.5195
5982.12 5982.12 0.0 107408.6631
5996.27 5996.27 0.0 107399.8516
6010.41 6010.41 0.0 107391.1016
6024.55 6024.55 0.0 107382.4043
6038.69 6038.69 0.0 107373.7720
6052.83 6052.83 0.0 107365.1890
6066.98 6066.98 0.0 107356.6519
6081.12 6081.12 0.0 107348.1758
6095.26 6095.26 0.0 107339.7544
6109.4 6109.4 0.0 107331.3848
6123.54 6123.54 0.0 107323.0698
6137.69 6137.69 0.0 107314.8008
6151.83 6151.83 0.0 107306.5933
6165.97 6165.97 0.0 107298.4316
6180.11 6180.11 0.0 107290.3213
6194.26 6194.26 0.0 107282.2661
6208.4 6208.4 0.0 107274.2598
6222.54 6222.54 0.0 107266.3032
6236.68 6236.68 0.0 107258.3994
6250.82 6250.82 0.0 107250.5454
6264.97 6264.97 0.0 107242.7329
6279.11 6279.11 0.0 107234.9761
6293.25 6293.25 0.0 107227.2734
6307.39 6307.39 0.0 107219.6147
6321.53 6321.53 0.0 107212.0078
6335.68 6335.68 0.0 107204.4443
6349.82 6349.82 0.0 107196.9355
6363.96 6363.96 0.0 107189.4697
6378.1 6378.1 0.0 107182.0552
6392.25 6392.25 0.0 107174.6826
6406.39 6406.39 0.0 107167.3618
6420.53 6420.53 0.0 107160.0889
6434.67 6434.67 0.0 107152.8633
6448.81 6448.81 0.0 107145.6831
6462.96 6462.96 0.0 107138.5444
6477.1 6477.1 0.0 107131.4619
6491.24 6491.24 0.0 107124.4233
6505.38 6505.38 0.0 107117.4326
6519.52 6519.52 0.0 107110.4795
6533.67 6533.67 0.0 107103.5791
6547.81 6547.81 0.0 107096.7227
6561.95 6561.95 0.0 107089.9126
6576.09 6576.09 0.0 107083.1489
6590.24 6590.24 0.0 107076.4263
6604.38 6604.38 0.0 107069.7471
6618.52 6618.52 0.0 107063.1187
6632.66 6632.66 0.0 107056.5410
6646.8 6646.8 0.0 107049.9990
6660.95 6660.95 0.0 107043.5000
6675.09 6675.09 0.0 107037.0518
6689.23 6689.23 0.0 107030.6455
6703.37 6703.37 0.0 107024.2847
6717.51 6717.51 0.0 107017.9688
6731.66 6731.66 0.0 107011.6890
6745.8 6745.8 0.0 107005.4629
6759.94 6759.94 0.0 106999.2783
6774.08 6774.08 0.0 106993.1382
6788.23 6788.23 0.0 106987.0342
6802.37 6802.37 0.0 106980.9800
6816.51 6816.51 0.0 106974.9692
6830.65 6830.65 0.0 106969.0034
6844.79 6844.79 0.0 106963.0835
6858.94 6858.94 0.0 106957.1992
6873.08 6873.08 0.0 106951.3564
6887.22 6887.22 0.0 106945.5698
6901.36 6901.36 0.0 106939.8135
6915.5 6915.5 0.0 106934.1030
6929.65 6929.65 0.0 106928.4380
6943.79 6943.79 0.0 106922.8105
6957.93 6957.93 0.0 106917.2344
6972.07 6972.07 0.0 106911.6953
6986.21 6986.21 0.0 106906.2041
7000.36 7000.36 0.0 106900.7456
7014.5 7014.5 0.0 106895.3389
7028.64 7028.64 0.0 106889.9697
7042.78 7042.78 0.0 106884.6431
7056.93 7056.93 0.0 106879.3560
7071.07 7071.07 0.0 106874.1201
7085.21 7085.21 0.0 106868.9141
7099.35 7099.35 0.0 106863.7603
7113.49 7113.49 0.0 106858.6426
7127.64 7127.64 0.0 106853.5635
7141.78 7141.78 0.0 106848.5317
7155.92 7155.92 0.0 106843.5405
7170.06 7170.06 0.0 106838.5938
7184.2 7184.2 0.0 106833.6904
7198.35 7198.35 0.0 106828.8145
7212.49 7212.49 0.0 106823.9907
7226.63 7226.63 0.0 106819.2100
7240.77 7240.77 0.0 106814.4678
7254.92 7254.92 0.0 106809.7632
7269.06 7269.06 0.0 106805.1016
7283.2 7283.2 0.0 106800.4829
7297.34 7297.34 0.0 106795.9023
7311.48 7311.48 0.0 106791.3647
7325.63 7325.63 0.0 106786.8643
7339.77 7339.77 0.0 106782.4087
7353.91 7353.91 0.0 106777.9912
7368.05 7368.05 0.0 106773.6182
7382.19 7382.19 0.0 106769.2827
7396.34 7396.34 0.0 106764.9868
7410.48 7410.48 0.0 106760.7275
7424.62 7424.62 0.0 106756.5132
7438.76 7438.76 0.0 106752.3408
7452.91 7452.91 0.0 106748.2026
7467.05 7467.05 0.0 106744.1084
7481.19 7481.19 0.0 106740.0542
7495.33 7495.33 0.0 106736.0381
7509.47 7509.47 0.0 106732.0615
7523.62 7523.62 0.0 106728.1211
7537.76 7537.76 0.0 106724.2241
7551.9 7551.9 0.0 106720.3691
7566.04 7566.04 0.0 106716.5474
7580.18 7580.18 0.0 106712.7695
7594.33 7594.33 0.0 106709.0254
7608.47 7608.47 0.0 106705.3242
7622.61 7622.61 0.0 106701.6665
7636.75 7636.75 0.0 106698.0366
7650.9 7650.9 0.0 106694.4502
7665.04 7665.04 0.0 106690.9019
7679.18 7679.18 0.0 106687.3921
7693.32 7693.32 0.0 106683.9224
7707.46 7707.46 0.0 106680.4907
7721.61 7721.61 0.0 106677.0942
7735.75 7735.75 0.0 106673.7378
7749.89 7749.89 0.0 106670.4146
7764.03 7764.03 0.0 106667.1392
7778.17 7778.17 0.0 106663.8926
