0.0 0.0 0.0 232489.5312
14.1421 14.1421 0.0 299045.2969
28.2843 28.2843 0.0 318629.9062
42.4264 42.4264 0.0 322995.0000
56.5685 56.5685 0.0 320810.2656
70.7107 70.7107 0.0 315343.5000
84.8528 84.8528 0.0 308159.5625
98.9949 98.9949 0.0 300104.7188
113.137 113.137 0.0 291669.4688
127.279 127.279 0.0 283150.8906
141.421 141.421 0.0 274732.0312
155.563 155.563 0.0 266527.1094
169.706 169.706 0.0 258604.6875
183.848 183.848 0.0 251006.6094
197.99 197.99 0.0 243753.6094
212.132 212.132 0.0 236854.0469
226.274 226.274 0.0 230307.3672
240.416 240.416 0.0 224107.3047
254.558 254.558 0.0 218243.7500
268.701 268.701 0.0 212703.6797
282.843 282.843 0.0 207473.6406
296.985 296.985 0.0 202538.3672
311.127 311.127 0.0 197882.5391
325.269 325.269 0.0 193490.8984
339.411 339.411 0.0 189348.5625
353.553 353.553 0.0 185440.9688
367.696 367.696 0.0 181753.9375
381.838 381.838 0.0 178274.6875
395.98 395.98 0.0 174990.2422
410.122 410.122 0.0 171888.5703
424.264 424.264 0.0 168958.4375
438.406 438.406 0.0 166189.1719
452.548 452.548 0.0 163570.7109
466.69 466.69 0.0 161093.7539
480.833 480.833 0.0 158749.2969
494.975 494.975 0.0 156529.4492
509.117 509.117 0.0 154426.3750
523.259 523.259 0.0 152432.8711
537.401 537.401 0.0 150542.2578
551.543 551.543 0.0 148748.2422
565.685 565.685 0.0 147045.0000
579.828 579.828 0.0 145426.9141
593.97 593.97 0.0 143889.1367
608.112 608.112 0.0 142426.8086
622.254 622.254 0.0 141035.4727
636.396 636.396 0.0 139710.9688
650.538 650.538 0.0 138449.4258
664.68 664.68 0.0 137247.1914
678.823 678.823 0.0 136100.8516
692.965 692.965 0.0 135007.3555
707.107 707.107 0.0 133963.6836
721.249 721.249 0.0 132967.0488
735.391 735.391 0.0 132014.8574
749.533 749.533 0.0 131104.6582
763.675 763.675 0.0 130234.2207
777.817 777.817 0.0 129401.3730
791.96 791.96 0.0 128604.0566
806.102 806.102 0.0 127840.5039
820.244 820.244 0.0 127108.9141
834.386 834.386 0.0 126407.5938
848.528 848.528 0.0 125735.0156
862.67 862.67 0.0 125089.6953
876.812 876.812 0.0 124470.2852
890.955 890.955 0.0 123875.4316
905.097 905.097 0.0 123303.9922
919.239 919.239 0.0 122754.7832
933.381 933.381 0.0 122226.7207
947.523 947.523 0.0 121718.7793
961.665 961.665 0.0 121229.9961
975.807 975.807 0.0 120759.4961
989.949 989.949 0.0 120306.3613
1004.09 1004.09 0.0 119869.8613
1018.23 1018.23 0.0 119449.2070
1032.38 1032.38 0.0 119043.3516
1046.52 1046.52 0.0 118652.2246
1060.66 1060.66 0.0 118274.8535
1074.8 1074.8 0.0 117910.6172
1088.94 1088.94 0.0 117558.9580
1103.09 1103.09 0.0 117219.0869
1117.23 1117.23 0.0 116890.9512
1131.37 1131.37 0.0 116573.8105
1145.51 1145.51 0.0 116267.2148
1159.66 1159.66 0.0 115970.5068
1173.8 1173.8 0.0 115683.6592
1187.94 1187.94 0.0 115406.0898
1202.08 1202.08 0.0 115137.3945
1216.22 1216.22 0.0 114877.2197
1230.37 1230.37 0.0 114625.0361
1244.51 1244.51 0.0 114380.8916
1258.65 1258.65 0.0 114144.2617
1272.79 1272.79 0.0 113914.8809
1286.93 1286.93 0.0 113692.4404
1301.08 1301.08 0.0 113476.5430
1315.22 1315.22 0.0 113267.2109
1329.36 1329.36 0.0 113064.0557
1343.5 1343.5 0.0 112866.8535
1357.65 1357.65 0.0 112675.2227
1371.79 1371.79 0.0 112489.2432
1385.93 1385.93 0.0 112308.5547
1400.07 1400.07 0.0 112132.9775
1414.21 1414.21 0.0 111962.3184
1428.36 1428.36 0.0 111796.2852
1442.5 1442.5 0.0 111634.9482
1456.64 1456.64 0.0 111478.0068
1470.78 1470.78 0.0 111325.3291
1484.92 1484.92 0.0 111176.7451
1499.07 1499.07 0.0 111032.0225
1513.21 1513.21 0.0 110891.2295
1527.35 1527.35 0.0 110754.1260
1541.49 1541.49 0.0 110620.5928
1555.63 1555.63 0.0 110490.4980
1569.78 1569.78 0.0 110363.6562
1583.92 1583.92 0.0 110240.1074
1598.06 1598.06 0.0 110119.6816
1612.2 1612.2 0.0 110002.2598
1626.35 1626.35 0.0 109887.6709
1640.49 1640.49 0.0 109775.9863
1654.63 1654.63 0.0 109667.0254
1668.77 1668.77 0.0 109560.7021
1682.91 1682.91 0.0 109456.9351
1697.06 1697.06 0.0 109355.5776
1711.2 1711.2 0.0 109256.6831
1725.34 1725.34 0.0 109160.1191
1739.48 1739.48 0.0 109065.8057
1753.62 1753.62 0.0 108973.6777
1767.77 1767.77 0.0 108883.6006
1781.91 1781.91 0.0 108795.6440
1796.05 1796.05 0.0 108709.6733
1810.19 1810.19 0.0 108625.6377
1824.34 1824.34 0.0 108543.4160
1838.48 1838.48 0.0 108463.0767
1852.62 1852.62 0.0 108384.5039
1866.76 1866.76 0.0 108307.6392
1880.9 1880.9 0.0 108232.4517
1895.05 1895.05 0.0 108158.8184
1909.19 1909.19 0.0 108086.8184
1923.33 1923.33 0.0 108016.3379
1937.47 1937.47 0.0 107947.3477
1951.61 1951.61 0.0 107879.8052
1965.76 1965.76 0.0 107813.6060
1979.9 1979.9 0.0 107748.8301
1994.04 1994.04 0.0 107685.3735
2008.18 2008.18 0.0 107623.2095
2022.33 2022.33 0.0 107562.2588
2036.47 2036.47 0.0 107502.5713
2050.61 2050.61 0.0 107444.0723
2064.75 2064.75 0.0 107386.7314
2078.89 2078.89 0.0 107330.5200
2093.04 2093.04 0.0 107275.3657
2107.18 2107.18 0.0 107221.3188
2121.32 2121.32 0.0 107168.3145
2135.46 2135.46 0.0 107116.3193
2149.6 2149.6 0.0 107065.3125
2163.75 2163.75 0.0 107015.2402
2177.89 2177.89 0.0 106966.1304
2192.03 2192.03 0.0 106917.9395
2206.17 2206.17 0.0 106870.6440
2220.32 2220.32 0.0 106824.1812
2234.46 2234.46 0.0 106778.6006
2248.6 2248.6 0.0 106733.8408
2262.74 2262.74 0.0 106689.8916
2276.88 2276.88 0.0 106646.7290
2291.03 2291.03 0.0 106604.3018
2305.17 2305.17 0.0 106562.6597
2319.31 2319.31 0.0 106521.7441
2333.45 2333.45 0.0 106481.5396
2347.59 2347.59 0.0 106442.0342
2361.74 2361.74 0.0 106403.1787
2375.88 2375.88 0.0 106365.0176
2390.02 2390.02 0.0 106327.5049
2404.16 2404.16 0.0 106290.6260
2418.31 2418.31 0.0 106254.3335
2432.45 2432.45 0.0 106218.6782
2446.59 2446.59 0.0 106183.6079
2460.73 2460.73 0.0 106149.1191
2474.87 2474.87 0.0 106115.1909
2489.02 2489.02 0.0 106081.7905
2503.16 2503.16 0.0 106048.9570
2517.3 2517.3 0.0 106016.6445
2531.44 2531.44 0.0 105984.8452
2545.58 2545.58 0.0 105953.5537
2559.73 2559.73 0.0 105922.7300
2573.87 2573.87 0.0 105892.4087
2588.01 2588.01 0.0 105862.5635
2602.15 2602.15 0.0 105833.1738
2616.3 2616.3 0.0 105804.2178
2630.44 2630.44 0.0 105775.7222
2644.58 2644.58 0.0 105747.6558
2658.72 2658.72 0.0 105720.0127
2672.86 2672.86 0.0 105692.7837
2687.01 2687.01 0.0 105665.9370
2701.15 2701.15 0.0 105639.5103
2715.29 2715.29 0.0 105613.4683
2729.43 2729.43 0.0 105587.8037
2743.57 2743.57 0.0 105562.5122
2757.72 2757.72 0.0 105537.5713
2771.86 2771.86 0.0 105513.0000
2786.0 2786.0 0.0 105488.7798
2800.14 2800.14 0.0 105464.8979
2814.28 2814.28 0.0 105441.3525
2828.43 2828.43 0.0 105418.1204
2842.57 2842.57 0.0 105395.2261
2856.71 2856.71 0.0 105372.6453
2870.85 2870.85 0.0 105350.3745
2885.0 2885.0 0.0 105328.3896
2899.14 2899.14 0.0 105306.7146
2913.28 2913.28 0.0 105285.3357
2927.42 2927.42 0.0 105264.2361
2941.56 2941.56 0.0 105243.4224
2955.71 2955.71 0.0 105222.8630
2969.85 2969.85 0.0 105202.5884
2983.99 2983.99 0.0 105182.5789
2998.13 2998.13 0.0 105162.8220
3012.27 3012.27 0.0 105143.3242
3026.42 3026.42 0.0 105124.0574
3040.56 3040.56 0.0 105105.0496
3054.7 3054.7 0.0 105086.2834
3068.84 3068.84 0.0 105067.7490
3082.99 3082.99 0.0 105049.4299
3097.13 3097.13 0.0 105031.3489
3111.27 3111.27 0.0 105013.4922
3125.41 3125.41 0.0 104995.8540
3139.55 3139.55 0.0 104978.4270
3153.7 3153.7 0.0 104961.1968
3167.84 3167.84 0.0 104944.1853
3181.98 3181.98 0.0 104927.3735
3196.12 3196.12 0.0 104910.7627
3210.26 3210.26 0.0 104894.3455
3224.41 3224.41 0.0 104878.1082
3238.55 3238.55 0.0 104862.0642
3252.69 3252.69 0.0 104846.2112
3266.83 3266.83 0.0 104830.5378
3280.98 3280.98 0.0 104815.0288
3295.12 3295.12 0.0 104799.7056
3309.26 3309.26 0.0 104784.5515
3323.4 3323.4 0.0 104769.5686
3337.54 3337.54 0.0 104754.7520
3351.69 3351.69 0.0 104740.0847
3365.83 3365.83 0.0 104725.5867
3379.97 3379.97 0.0 104711.2456
3394.11 3394.11 0.0 104697.0579
3408.25 3408.25 0.0 104683.0239
3422.4 3422.4 0.0 104669.1277
3436.54 3436.54 0.0 104655.3857
3450.68 3450.68 0.0 104641.7886
3464.82 3464.82 0.0 104628.3347
3478.97 3478.97 0.0 104615.0046
3493.11 3493.11 0.0 104601.8245
3507.25 3507.25 0.0 104588.7766
3521.39 3521.39 0.0 104575.8608
3535.53 3535.53 0.0 104563.0732
3549.68 3549.68 0.0 104550.4036
3563.82 3563.82 0.0 104537.8706
3577.96 3577.96 0.0 104525.4607
3592.1 3592.1 0.0 104513.1716
3606.24 3606.24 0.0 104501.0007
3620.39 3620.39 0.0 104488.9395
3634.53 3634.53 0.0 104476.9990
3648.67 3648.67 0.0 104465.1738
3662.81 3662.81 0.0 104453.4600
3676.96 3676.96 0.0 104441.8474
3691.1 3691.1 0.0 104430.3491
3705.24 3705.24 0.0 104418.9609
3719.38 3719.38 0.0 104407.6746
3733.52 3733.52 0.0 104396.4907
3747.67 3747.67 0.0 104385.4041
3761.81 3761.81 0.0 104374.4182
3775.95 3775.95 0.0 104363.5315
3790.09 3790.09 0.0 104352.7466
3804.23 3804.23 0.0 104342.0520
3818.38 3818.38 0.0 104331.4436
3832.52 3832.52 0.0 104320.9324
3846.66 3846.66 0.0 104310.5146
3860.8 3860.8 0.0 104300.1870
3874.95 3874.95 0.0 104289.9387
3889.09 3889.09 0.0 104279.7847
3903.23 3903.23 0.0 104269.7122
3917.37 3917.37 0.0 104259.7236
3931.51 3931.51 0.0 104249.8206
3945.66 3945.66 0.0 104239.9900
3959.8 3959.8 0.0 104230.2490
3973.94 3973.94 0.0 104220.5833
3988.08 3988.08 0.0 104210.9961
4002.22 4002.22 0.0 104201.4861
4016.37 4016.37 0.0 104192.0457
4030.51 4030.51 0.0 104182.6824
4044.65 4044.65 0.0 104173.3928
4058.79 4058.79 0.0 104164.1799
4072.94 4072.94 0.0 104155.0286
4087.08 4087.08 0.0 104145.9526
4101.22 4101.22 0.0 104136.9446
4115.36 4115.36 0.0 104128.0051
4129.5 4129.5 0.0 104119.1353
4143.65 4143.65 0.0 104110.3213
4157.79 4157.79 0.0 104101.5801
4171.93 4171.93 0.0 104092.9045
4186.07 4186.07 0.0 104084.2903
4200.21 4200.21 0.0 104075.7395
4214.36 4214.36 0.0 104067.2412
4228.5 4228.5 0.0 104058.8137
4242.64 4242.64 0.0 104050.4402
4256.78 4256.78 0.0 104042.1311
4270.92 4270.92 0.0 104033.8782
4285.07 4285.07 0.0 104025.6765
4299.21 4299.21 0.0 104017.5352
4313.35 4313.35 0.0 104009.4517
4327.49 4327.49 0.0 104001.4229
4341.64 4341.64 0.0 103993.4438
4355.78 4355.78 0.0 103985.5210
4369.92 4369.92 0.0 103977.6523
4384.06 4384.06 0.0 103969.8345
4398.2 4398.2 0.0 103962.0686
4412.35 4412.35 0.0 103954.3491
4426.49 4426.49 0.0 103946.6836
4440.63 4440.63 0.0 103939.0728
4454.77 4454.77 0.0 103931.5037
4468.91 4468.91 0.0 103923.9839
4483.06 4483.06 0.0 103916.5103
4497.2 4497.2 0.0 103909.0842
4511.34 4511.34 0.0 103901.7063
4525.48 4525.48 0.0 103894.3738
4539.63 4539.63 0.0 103887.0840
4553.77 4553.77 0.0 103879.8406
4567.91 4567.91 0.0 103872.6418
4582.05 4582.05 0.0 103865.4863
4596.19 4596.19 0.0 103858.3738
4610.34 4610.34 0.0 103851.2993
4624.48 4624.48 0.0 103844.2720
4638.62 4638.62 0.0 103837.2837
4652.76 4652.76 0.0 103830.3384
4666.9 4666.9 0.0 103823.4312
4681.05 4681.05 0.0 103816.5583
4695.19 4695.19 0.0 103809.7378
4709.33 4709.33 0.0 103802.9465
4723.47 4723.47 0.0 103796.1995
4737.62 4737.62 0.0 103789.4827
4751.76 4751.76 0.0 103782.8123
4765.9 4765.9 0.0 103776.1736
4780.04 4780.04 0.0 103769.5752
4794.18 4794.18 0.0 103763.0127
4808.33 4808.33 0.0 103756.4800
4822.47 4822.47 0.0 103749.9873
4836.61 4836.61 0.0 103743.5286
4850.75 4850.75 0.0 103737.1108
4864.89 4864.89 0.0 103730.7227
4879.04 4879.04 0.0 103724.3643
4893.18 4893.18 0.0 103718.0439
4907.32 4907.32 0.0 103711.7566
4921.46 4921.46 0.0 103705.5037
4935.61 4935.61 0.0 103699.2783
4949.75 4949.75 0.0 103693.0896
4963.89 4963.89 0.0 103686.9304
4978.03 4978.03 0.0 103680.8052
4992.17 4992.17 0.0 103674.7104
5006.32 5006.32 0.0 103668.6426
5020.46 5020.46 0.0 103662.6072
5034.6 5034.6 0.0 103656.6050
5048.74 5048.74 0.0 103650.6313
5062.88 5062.88 0.0 103644.6890
5077.03 5077.03 0.0 103638.7700
5091.17 5091.17 0.0 103632.8818
5105.31 5105.31 0.0 103627.0281
5119.45 5119.45 0.0 103621.2004
5133.6 5133.6 0.0 103615.3960
5147.74 5147.74 0.0 103609.6228
5161.88 5161.88 0.0 103603.8779
5176.02 5176.02 0.0 103598.1616
5190.16 5190.16 0.0 103592.4697
5204.31 5204.31 0.0 103586.8044
5218.45 5218.45 0.0 103581.1685
5232.59 5232.59 0.0 103575.5576
5246.73 5246.73 0.0 103569.9722
5260.87 5260.87 0.0 103564.4155
5275.02 5275.02 0.0 103558.8779
5289.16 5289.16 0.0 103553.3687
5303.3 5303.3 0.0 103547.8884
5317.44 5317.44 0.0 103542.4294
5331.59 5331.59 0.0 103536.9949
5345.73 5345.73 0.0 103531.5859
5359.87 5359.87 0.0 103526.2029
5374.01 5374.01 0.0 103520.8423
5388.15 5388.15 0.0 103515.5063
5402.3 5402.3 0.0 103510.1914
5416.44 5416.44 0.0 103504.9033
5430.58 5430.58 0.0 103499.6348
5444.72 5444.72 0.0 103494.3938
5458.86 5458.86 0.0 103489.1746
5473.01 5473.01 0.0 103483.9739
5487.15 5487.15 0.0 103478.8003
5501.29 5501.29 0.0 103473.6492
5515.43 5515.43 0.0 103468.5176
5529.58 5529.58 0.0 103463.4062
5543.72 5543.72 0.0 103458.3196
5557.86 5557.86 0.0 103453.2559
5572.0 5572.0 0.0 103448.2122
5586.14 5586.14 0.0 103443.1919
5600.29 5600.29 0.0 103438.1853
5614.43 5614.43 0.0 103433.2046
5628.57 5628.57 0.0 103428.2446
5642.71 5642.71 0.0 103423.3081
5656.85 5656.85 0.0 103418.3884
5671.0 5671.0 0.0 103413.4893
5685.14 5685.14 0.0 103408.6101
5699.28 5699.28 0.0 103403.7537
5713.42 5713.42 0.0 103398.9141
5727.56 5727.56 0.0 103394.0959
5741.71 5741.71 0.0 103389.2937
5755.85 5755.85 0.0 103384.5144
5769.99 5769.99 0.0 103379.7529
5784.13 5784.13 0.0 103375.0144
5798.28 5798.28 0.0 103370.2887
5812.42 5812.42 0.0 103365.5853
5826.56 5826.56 0.0 103360.8998
5840.7 5840.7 0.0 103356.2355
5854.84 5854.84 0.0 103351.5894
5868.99 5868.99 0.0 103346.9543
5883.13 5883.13 0.0 103342.3431
5897.27 5897.27 0.0 103337.7509
5911.41 5911.41 0.0 103333.1741
5925.55 5925.55 0.0 103328.6180
5939.7 5939.7 0.0 103324.0762
5953.84 5953.84 0.0 103319.5553
5967.98 5967.98 0.0 103315.0482
5982.12 5982.12 0.0 103310.5609
5996.27 5996.27 0.0 103306.0881
6010.41 6010.41 0.0 103301.6370
6024.55 6024.55 0.0 103297.2003
6038.69 6038.69 0.0 103292.7812
6052.83 6052.83 0.0 103288.3774
6066.98 6066.98 0.0 103283.9902
6081.12 6081.12 0.0 103279.6205
6095.26 6095.26 0.0 103275.2666
6109.4 6109.4 0.0 103270.9291
6123.54 6123.54 0.0 103266.6075
6137.69 6137.69 0.0 103262.3013
6151.83 6151.83 0.0 103258.0127
6165.97 6165.97 0.0 103253.7411
6180.11 6180.11 0.0 103249.4844
6194.26 6194.26 0.0 103245.2397
6208.4 6208.4 0.0 103241.0146
6222.54 6222.54 0.0 103236.8031
6236.68 6236.68 0.0 103232.6102
6250.82 6250.82 0.0 103228.4298
6264.97 6264.97 0.0 103224.2633
6279.11 6279.11 0.0 103220.1132
6293.25 6293.25 0.0 103215.9792
6307.39 6307.39 0.0 103211.8606
6321.53 6321.53 0.0 103207.7563
6335.68 6335.68 0.0 103203.6636
6349.82 6349.82 0.0 103199.5906
6363.96 6363.96 0.0 103195.5272
6378.1 6378.1 0.0 103191.4813
6392.25 6392.25 0.0 103187.4471
6406.39 6406.39 0.0 103183.4287
6420.53 6420.53 0.0 103179.4259
6434.67 6434.67 0.0 103175.4353
6448.81 6448.81 0.0 103171.4595
6462.96 6462.96 0.0 103167.4939
6477.1 6477.1 0.0 103163.5472
6491.24 6491.24 0.0 103159.6125
6505.38 6505.38 0.0 103155.6925
6519.52 6519.52 0.0 103151.7833
6533.67 6533.67 0.0 103147.8894
6547.81 6547.81 0.0 103144.0065
6561.95 6561.95 0.0 103140.1406
6576.09 6576.09 0.0 103136.2880
6590.24 6590.24 0.0 103132.4451
6604.38 6604.38 0.0 103128.6173
6618.52 6618.52 0.0 103124.8029
6632.66 6632.66 0.0 103121.0007
6646.8 6646.8 0.0 103117.2117
6660.95 6660.95 0.0 103113.4324
6675.09 6675.09 0.0 103109.6687
6689.23 6689.23 0.0 103105.9171
6703.37 6703.37 0.0 103102.1803
6717.51 6717.51 0.0 103098.4536
6731.66 6731.66 0.0 103094.7357
6745.8 6745.8 0.0 103091.0350
6759.94 6759.94 0.0 103087.3452
6774.08 6774.08 0.0 103083.6681
6788.23 6788.23 0.0 103079.9998
6802.37 6802.37 0.0 103076.3472
6816.51 6816.51 0.0 103072.7048
6830.65 6830.65 0.0 103069.0765
6844.79 6844.79 0.0 103065.4574
6858.94 6858.94 0.0 103061.8492
6873.08 6873.08 0.0 103058.2543
6887.22 6887.22 0.0 103054.6716
6901.36 6901.36 0.0 103051.1006
6915.5 6915.5 0.0 103047.5393
6929.65 6929.65 0.0 103043.9895
6943.79 6943.79 0.0 103040.4503
6957.93 6957.93 0.0 103036.9258
6972.07 6972.07 0.0 103033.4091
6986.21 6986.21 0.0 103029.9062
